<?xml version="1.0" encoding="ISO-8859-1"?>
<!-- XML generated by UTFXML Version 2.2 built 19-Aug-2010 -->
<UTFXML filename="Priest_battlecruiser.cmp" path="SHIPS\new\other\Priest_battlecruiser">
   <UTF_ROOT>
      <VMeshLibrary>
         <PriestBattlecruiser.lod0.vms include="Priest_battlecruiser_cmp\lod0.vms.xml"/>
      </VMeshLibrary>
      <Cmpnd>
         <Root>
            <File_name name="File name" type="text">PriestBattlecruiser.3db</File_name>
            <Index type="int">0</Index>
            <Object_name name="Object name" type="text">Root</Object_name>
         </Root>
      </Cmpnd>
      <PriestBattlecruiser.3db>
         <Hardpoints>
            <Fixed>
               <HpMount>
                  <Orientation type="Matrix">
                       1.0000000000,   0.0000000000,   0.0000000000,
                       0.0000000000,   1.0000000000,   0.0000000000,
                       0.0000000000,   0.0000000000,   1.0000000000
                  </Orientation>
                  <Position type="Vector">0, -80, -20</Position>
               </HpMount>
               <HpCockpit>
                  <Orientation type="Matrix">
                       1.0000000000,   0.0000000000,   0.0000000000,
                       0.0000000000,   1.0000000000,   0.0000000000,
                       0.0000000000,   0.0000000000,   1.0000000000
                  </Orientation>
                  <Position type="Vector">0.5, 17.520706, -71.408875</Position>
               </HpCockpit>
               <HpEngine01>
                  <Orientation type="Matrix">
                       1.0000000000,   0.0000000000,   0.0000000000,
                       0.0000000000,   1.0000000000,   0.0000000000,
                       0.0000000000,   0.0000000000,   1.0000000000
                  </Orientation>
                  <Position type="Vector">-35.062561, 58.497547, 74.193573</Position>
               </HpEngine01>
               <HpEngine02>
                  <Orientation type="Matrix">
                       1.0000000000,   0.0000000000,   0.0000000000,
                       0.0000000000,   1.0000000000,   0.0000000000,
                       0.0000000000,   0.0000000000,   1.0000000000
                  </Orientation>
                  <Position type="Vector">35.797535, 58.392487, 74.193573</Position>
               </HpEngine02>
               <HpEngine03>
                  <Orientation type="Matrix">
                       1.0000000000,   0.0000000000,   0.0000000000,
                       0.0000000000,   1.0000000000,   0.0000000000,
                       0.0000000000,   0.0000000000,   1.0000000000
                  </Orientation>
                  <Position type="Vector">-59.280888, 28.237957, 74.193573</Position>
               </HpEngine03>
               <HpEngine04>
                  <Orientation type="Matrix">
                       1.0000000000,   0.0000000000,   0.0000000000,
                       0.0000000000,   1.0000000000,   0.0000000000,
                       0.0000000000,   0.0000000000,   1.0000000000
                  </Orientation>
                  <Position type="Vector">59.98151, 28.271303, 74.193573</Position>
               </HpEngine04>
               <HpEngine05>
                  <Orientation type="Matrix">
                       1.0000000000,   0.0000000000,   0.0000000000,
                       0.0000000000,   1.0000000000,   0.0000000000,
                       0.0000000000,   0.0000000000,   1.0000000000
                  </Orientation>
                  <Position type="Vector">-35.225586, -44.659058, 74.193573</Position>
               </HpEngine05>
               <HpEngine06>
                  <Orientation type="Matrix">
                       1.0000000000,   0.0000000000,   0.0000000000,
                       0.0000000000,   1.0000000000,   0.0000000000,
                       0.0000000000,   0.0000000000,   1.0000000000
                  </Orientation>
                  <Position type="Vector">35.789879, -44.485741, 74.193573</Position>
               </HpEngine06>
               <HpEngine07>
                  <Orientation type="Matrix">
                       1.0000000000,   0.0000000000,   0.0000000000,
                       0.0000000000,   1.0000000000,   0.0000000000,
                       0.0000000000,   0.0000000000,   1.0000000000
                  </Orientation>
                  <Position type="Vector">-59.226036, -14.331532, 74.193573</Position>
               </HpEngine07>
               <HpEngine08>
                  <Orientation type="Matrix">
                       1.0000000000,   0.0000000000,   0.0000000000,
                       0.0000000000,   1.0000000000,   0.0000000000,
                       0.0000000000,   0.0000000000,   1.0000000000
                  </Orientation>
                  <Position type="Vector">59.825977, -14.383146, 74.193573</Position>
               </HpEngine08>
               <HpShield01>
                  <Orientation type="Matrix">
                       1.0000000000,   0.0000000000,   0.0000000000,
                       0.0000000000,   1.0000000000,   0.0000000000,
                       0.0000000000,   0.0000000000,   1.0000000000
                  </Orientation>
                  <Position type="Vector">0, 5, 0</Position>
               </HpShield01>
               <HpShield02>
                  <Orientation type="Matrix">
                       1.0000000000,   0.0000000000,   0.0000000000,
                       0.0000000000,   1.0000000000,   0.0000000000,
                       0.0000000000,   0.0000000000,   1.0000000000
                  </Orientation>
                  <Position type="Vector">0, 5, 0</Position>
               </HpShield02>
               <HpCM01>
                  <Orientation type="Matrix">
                      -1.0000000000, -87.422777e-09,   0.0000000000,
                      87.422777e-09,  -1.0000000000,  -0.0000000000,
                       0.0000000000,   0.0000000000,   1.0000000000
                  </Orientation>
                  <Position type="Vector">0.4, 4.6801448, 24.940027</Position>
               </HpCM01>
               <HpCloak01>
                  <Orientation type="Matrix">
                       1.0000000000,   0.0000000000,   0.0000000000,
                       0.0000000000,   1.0000000000,   0.0000000000,
                       0.0000000000,   0.0000000000,   1.0000000000
                  </Orientation>
                  <Position type="Vector">0, 5, -30</Position>
               </HpCloak01>
               <HpTractor_Source>
                  <Orientation type="Matrix">
                       1.0000000000,   0.0000000000,   0.0000000000,
                       0.0000000000,   1.0000000000,   0.0000000000,
                       0.0000000000,   0.0000000000,   1.0000000000
                  </Orientation>
                  <Position type="Vector">0.4, 7.2442322, -106.88759</Position>
               </HpTractor_Source>
               <HpFX01>
                  <Orientation type="Matrix">
                       1.0000000000,   0.0000000000,   0.0000000000,
                       0.0000000000,   1.0000000000,   0.0000000000,
                       0.0000000000,   0.0000000000,   1.0000000000
                  </Orientation>
                  <Position type="Vector">0, 0, 0</Position>
               </HpFX01>
               <HpFX02>
                  <Orientation type="Matrix">
                      59.604645e-09,   0.9999998800,   0.0000000000,
                      -0.9999998800,  59.604645e-09,   0.0000000000,
                       0.0000000000,   0.0000000000,   1.0000000000
                  </Orientation>
                  <Position type="Vector">0, 0, 0</Position>
               </HpFX02>
               <HpFX03>
                  <Orientation type="Matrix">
                       1.0000000000,   0.0000000000,   0.0000000000,
                       0.0000000000,  59.604645e-09,   0.9999998800,
                       0.0000000000,  -0.9999998800,  59.604645e-09
                  </Orientation>
                  <Position type="Vector">0, 0, 0</Position>
               </HpFX03>
               <HpFX04>
                  <Orientation type="Matrix">
                       1.0000000000,   0.0000000000,   0.0000000000,
                       0.0000000000,   1.0000000000,   0.0000000000,
                       0.0000000000,   0.0000000000,   1.0000000000
                  </Orientation>
                  <Position type="Vector">0, 0, 0</Position>
               </HpFX04>
               <HpFX05>
                  <Orientation type="Matrix">
                       1.0000000000,   0.0000000000,   0.0000000000,
                       0.0000000000,   1.0000000000,   0.0000000000,
                       0.0000000000,   0.0000000000,   1.0000000000
                  </Orientation>
                  <Position type="Vector">0, 0, 0</Position>
               </HpFX05>
               <HpFX06>
                  <Orientation type="Matrix">
                       1.0000000000,   0.0000000000,   0.0000000000,
                       0.0000000000,   1.0000000000,   0.0000000000,
                       0.0000000000,   0.0000000000,   1.0000000000
                  </Orientation>
                  <Position type="Vector">0, 0, 0</Position>
               </HpFX06>
               <HpFX07>
                  <Orientation type="Matrix">
                       1.0000000000,   0.0000000000,   0.0000000000,
                       0.0000000000,   1.0000000000,   0.0000000000,
                       0.0000000000,   0.0000000000,   1.0000000000
                  </Orientation>
                  <Position type="Vector">0, 0, 0</Position>
               </HpFX07>
               <HpBayDoor01>
                  <Orientation type="Matrix">
                       1.0000000000,   0.0000000000,   0.0000000000,
                       0.0000000000,   1.0000000000,   0.0000000000,
                       0.0000000000,   0.0000000000,   1.0000000000
                  </Orientation>
                  <Position type="Vector">0, -80, 0</Position>
               </HpBayDoor01>
               <HpBayDoor02>
                  <Orientation type="Matrix">
                       1.0000000000,   0.0000000000,   0.0000000000,
                       0.0000000000,   1.0000000000,   0.0000000000,
                       0.0000000000,   0.0000000000,   1.0000000000
                  </Orientation>
                  <Position type="Vector">0, -90, 0</Position>
               </HpBayDoor02>
            </Fixed>
            <Revolute>
               <HpTorpedo01>
                  <Axis type="Vector">0, 1, 0</Axis>
                  <Max type="float">0.78539819</Max>
                  <Min type="float">-0.78539819</Min>
                  <Orientation type="Matrix">
                       1.0000000000,   0.0000000000,   0.0000000000,
                       0.0000000000,   1.0000000000,   0.0000000000,
                       0.0000000000,   0.0000000000,   1.0000000000
                  </Orientation>
                  <Position type="Vector">0.4, 2.105222, -97.954323</Position>
               </HpTorpedo01>
               <HpTurret01>
                  <Axis type="Vector">0, 1, 0</Axis>
                  <Max type="float">3.1415927</Max>
                  <Min type="float">-3.1415927</Min>
                  <Orientation type="Matrix">
                       0.6018149900,  -0.7981489900,  -0.0278719760,
                       0.7986354800,   0.6014484200,   0.0210030400,
                       0.0000000000,  -0.0348994960,   0.9993908400
                  </Orientation>
                  <Position type="Vector">-71.494766, 62.215523, 25.536053</Position>
               </HpTurret01>
               <HpTurret02>
                  <Axis type="Vector">0, 1, 0</Axis>
                  <Max type="float">3.1415927</Max>
                  <Min type="float">-3.1415927</Min>
                  <Orientation type="Matrix">
                       0.6018149900,   0.7981489900,   0.0278719760,
                      -0.7986354800,   0.6014484200,   0.0210030400,
                       0.0000000000,  -0.0348994960,   0.9993908400
                  </Orientation>
                  <Position type="Vector">72.429657, 62.042603, 25.805204</Position>
               </HpTurret02>
               <HpTurret03>
                  <Axis type="Vector">0, 1, 0</Axis>
                  <Max type="float">3.1415927</Max>
                  <Min type="float">-3.1415927</Min>
                  <Orientation type="Matrix">
                      -0.6018149300,  -0.7981489300,  -0.0278719740,
                       0.7986354200,  -0.6014483600,  -0.0210030400,
                       0.0000000000,  -0.0348994920,   0.9993908400
                  </Orientation>
                  <Position type="Vector">-71.575378, -48.0951, 25.647423</Position>
               </HpTurret03>
               <HpTurret04>
                  <Axis type="Vector">0, 1, 0</Axis>
                  <Max type="float">3.1415927</Max>
                  <Min type="float">-3.1415927</Min>
                  <Orientation type="Matrix">
                      -0.6018149300,   0.7981489300,   0.0278719740,
                      -0.7986354200,  -0.6014483600,  -0.0210030400,
                       0.0000000000,  -0.0348994920,   0.9993908400
                  </Orientation>
                  <Position type="Vector">72.288345, -48.167847, 25.514524</Position>
               </HpTurret04>
               <HpTurret05>
                  <Axis type="Vector">0, 1, 0</Axis>
                  <Max type="float">3.1415927</Max>
                  <Min type="float">-3.1415927</Min>
                  <Orientation type="Matrix">
                       0.6427875800,  -0.7285516300,  -0.2367207700,
                       0.7660445000,   0.6113272900,   0.1986323300,
                      7.4505806e-09,  -0.3090170300,   0.9510564800
                  </Orientation>
                  <Position type="Vector">-62.662193, 54.735626, -63.028057</Position>
               </HpTurret05>
               <HpTurret06>
                  <Axis type="Vector">0, 1, 0</Axis>
                  <Max type="float">3.1415927</Max>
                  <Min type="float">-3.1415927</Min>
                  <Orientation type="Matrix">
                       0.5000000000,   0.8236390900,   0.2676166000,
                      -0.8660253900,   0.4755282100,   0.1545085000,
                       0.0000000000,  -0.3090170300,   0.9510564800
                  </Orientation>
                  <Position type="Vector">63.46191, 54.708076, -62.956985</Position>
               </HpTurret06>
               <HpTurret07>
                  <Axis type="Vector">0, 1, 0</Axis>
                  <Max type="float">3.1415927</Max>
                  <Min type="float">-3.1415927</Min>
                  <Orientation type="Matrix">
                      -0.6427876900,  -0.7285516300,  -0.2367207700,
                       0.7660445000,  -0.6113274100,  -0.1986323300,
                     -7.4505806e-09,  -0.3090170300,   0.9510564800
                  </Orientation>
                  <Position type="Vector">-62.734169, -40.655369, -62.946392</Position>
               </HpTurret07>
               <HpTurret08>
                  <Axis type="Vector">0, 1, 0</Axis>
                  <Max type="float">3.1415927</Max>
                  <Min type="float">-3.1415927</Min>
                  <Orientation type="Matrix">
                      -0.5000002400,   0.8236390900,   0.2676165700,
                      -0.8660253900,  -0.4755284800,  -0.1545085500,
                       0.0000000000,  -0.3090170000,   0.9510564800
                  </Orientation>
                  <Position type="Vector">63.526623, -40.608685, -62.939838</Position>
               </HpTurret08>
               <HpTurret09>
                  <Axis type="Vector">0, 1, 0</Axis>
                  <Max type="float">1.5707964</Max>
                  <Min type="float">-1.5707964</Min>
                  <Orientation type="Matrix">
                      -1.0000000000, -84.443919e-09, -22.626683e-09,
                      87.422784e-09,  -0.9659259300,  -0.2588190700,
                      888.17842e-18,  -0.2588190700,   0.9659258100
                  </Orientation>
                  <Position type="Vector">0.4, -0.73411298, -88.576637</Position>
               </HpTurret09>
               <HpTurret10>
                  <Axis type="Vector">0, 1, 0</Axis>
                  <Max type="float">1.7453293</Max>
                  <Min type="float">-1.7453293</Min>
                  <Orientation type="Matrix">
                       1.0000000000,   0.0000000000,   0.0000000000,
                       0.0000000000,   0.9063077600,   0.4226182700,
                       0.0000000000,  -0.4226182700,   0.9063077600
                  </Orientation>
                  <Position type="Vector">0.45488301, 10.459017, -101.46332</Position>
               </HpTurret10>
               <HpTurret11>
                  <Axis type="Vector">0, 1, 0</Axis>
                  <Max type="float">3.1415927</Max>
                  <Min type="float">-3.1415927</Min>
                  <Orientation type="Matrix">
                       0.8480480900,  -0.5183392800,   0.1101764100,
                       0.5299192700,   0.8295161700,  -0.1763191100,
                       0.0000000000,   0.2079116900,   0.9781476300
                  </Orientation>
                  <Position type="Vector">-47.131226, 73.601791, 72.473129</Position>
               </HpTurret11>
               <HpTurret12>
                  <Axis type="Vector">0, 1, 0</Axis>
                  <Max type="float">3.1415927</Max>
                  <Min type="float">-3.1415927</Min>
                  <Orientation type="Matrix">
                       0.8480480900,   0.5183392800,  -0.1101764100,
                      -0.5299192700,   0.8295161700,  -0.1763191100,
                       0.0000000000,   0.2079116900,   0.9781476300
                  </Orientation>
                  <Position type="Vector">47.604877, 73.888268, 71.916199</Position>
               </HpTurret12>
               <HpTurret13>
                  <Axis type="Vector">0, 1, 0</Axis>
                  <Max type="float">3.1415927</Max>
                  <Min type="float">-3.1415927</Min>
                  <Orientation type="Matrix">
                       0.2756373900,  -0.9466580200,   0.1669213500,
                       0.9612617500,   0.2714498000,  -0.0478639530,
                       0.0000000000,   0.1736482100,   0.9848077300
                  </Orientation>
                  <Position type="Vector">-76.053764, 36.065559, 71.840363</Position>
               </HpTurret13>
               <HpTurret14>
                  <Axis type="Vector">0, 1, 0</Axis>
                  <Max type="float">3.1415927</Max>
                  <Min type="float">-3.1415927</Min>
                  <Orientation type="Matrix">
                       0.2756373900,   0.9466580200,  -0.1669213500,
                      -0.9612617500,   0.2714498000,  -0.0478639530,
                       0.0000000000,   0.1736482100,   0.9848077300
                  </Orientation>
                  <Position type="Vector">77.158279, 35.960567, 71.706947</Position>
               </HpTurret14>
               <HpTurret15>
                  <Axis type="Vector">0, 1, 0</Axis>
                  <Max type="float">3.1415927</Max>
                  <Min type="float">-3.1415927</Min>
                  <Orientation type="Matrix">
                      -0.3420202700,  -0.9156084700,   0.2113848600,
                       0.9396926800,  -0.3332542800,   0.0769377870,
                      14.901161e-09,   0.2249510600,   0.9743700600
                  </Orientation>
                  <Position type="Vector">-75.957108, -22.098127, 71.861977</Position>
               </HpTurret15>
               <HpTurret16>
                  <Axis type="Vector">0, 1, 0</Axis>
                  <Max type="float">3.1415927</Max>
                  <Min type="float">-3.1415927</Min>
                  <Orientation type="Matrix">
                      -0.3420203900,   0.9254167100,  -0.1631759400,
                      -0.9396927400,  -0.3368243000,   0.0593911820,
                      7.4505806e-09,   0.1736481900,   0.9848077300
                  </Orientation>
                  <Position type="Vector">77.285561, -21.432079, 71.91758</Position>
               </HpTurret16>
               <HpTurret17>
                  <Axis type="Vector">0, 1, 0</Axis>
                  <Max type="float">3.1415927</Max>
                  <Min type="float">-3.1415927</Min>
                  <Orientation type="Matrix">
                      -0.8660255100,  -0.4890738700,   0.1039558600,
                       0.5000000000,  -0.8471007900,   0.1800568100,
                       0.0000000000,   0.2079117000,   0.9781476300
                  </Orientation>
                  <Position type="Vector">-46.67638, -59.806812, 72.632568</Position>
               </HpTurret17>
               <HpTurret18>
                  <Axis type="Vector">0, 1, 0</Axis>
                  <Max type="float">3.1415927</Max>
                  <Min type="float">-3.1415927</Min>
                  <Orientation type="Matrix">
                      -0.8660255100,   0.4890738700,  -0.1039558600,
                      -0.5000000000,  -0.8471007900,   0.1800568100,
                       0.0000000000,   0.2079117000,   0.9781476300
                  </Orientation>
                  <Position type="Vector">47.397549, -59.834198, 72.68972</Position>
               </HpTurret18>
               <HpTurret19>
                  <Axis type="Vector">0, 1, 0</Axis>
                  <Max type="float">3.1415927</Max>
                  <Min type="float">-3.1415927</Min>
                  <Orientation type="Matrix">
                       0.8290375500,  -0.5588522600,  -0.0195155500,
                       0.5591929600,   0.8285325200,   0.0289329940,
                       0.0000000000,  -0.0348994960,   0.9993907800
                  </Orientation>
                  <Position type="Vector">-34.476471, 84.58139, 25.775145</Position>
               </HpTurret19>
               <HpTurret20>
                  <Axis type="Vector">0, 1, 0</Axis>
                  <Max type="float">3.1415927</Max>
                  <Min type="float">-3.1415927</Min>
                  <Orientation type="Matrix">
                       0.8290375500,   0.5588522600,   0.0195155500,
                      -0.5591929600,   0.8285325200,   0.0289329940,
                       0.0000000000,  -0.0348994960,   0.9993907800
                  </Orientation>
                  <Position type="Vector">35.130562, 84.675217, 26.017771</Position>
               </HpTurret20>
               <HpTurret21>
                  <Axis type="Vector">0, 1, 0</Axis>
                  <Max type="float">3.1415927</Max>
                  <Min type="float">-3.1415927</Min>
                  <Orientation type="Matrix">
                      -0.8660253300,  -0.5000000000,  -0.0000000000,
                       0.5000000000,  -0.8660253300,   0.0000000000,
                       0.0000000000,  -0.0000000000,   1.0000000000
                  </Orientation>
                  <Position type="Vector">-33.939476, -70.942474, 26.028187</Position>
               </HpTurret21>
               <HpTurret22>
                  <Axis type="Vector">0, 1, 0</Axis>
                  <Max type="float">3.1415927</Max>
                  <Min type="float">-3.1415927</Min>
                  <Orientation type="Matrix">
                      -0.8660253300,   0.5000000000,   0.0000000000,
                      -0.5000000000,  -0.8660253300,   0.0000000000,
                       0.0000000000,   0.0000000000,   1.0000000000
                  </Orientation>
                  <Position type="Vector">34.747272, -70.927368, 26.198898</Position>
               </HpTurret22>
               <HpTurret23>
                  <Axis type="Vector">0, 1, 0</Axis>
                  <Max type="float">0.78539819</Max>
                  <Min type="float">-0.78539819</Min>
                  <Orientation type="Matrix">
                       0.0610093180,  -0.4341049200,   0.8987940500,
                      -0.1250879900,   0.8900470700,   0.4383710600,
                      -0.9902681100,  -0.1391730800, -119.20929e-09
                  </Orientation>
                  <Position type="Vector">-43.401878, 74.490608, -24.64992</Position>
               </HpTurret23>
               <HpTurret24>
                  <Axis type="Vector">0, 1, 0</Axis>
                  <Max type="float">0.78539819</Max>
                  <Min type="float">-0.78539819</Min>
                  <Orientation type="Matrix">
                       0.0458223890,   0.4359696500,  -0.8987939400,
                       0.0939495710,   0.8938703500,   0.4383710600,
                       0.9945217400,  -0.1045284700,  119.20929e-09
                  </Orientation>
                  <Position type="Vector">44.510269, 74.293198, -25.462524</Position>
               </HpTurret24>
               <HpTurret25>
                  <Axis type="Vector">0, 1, 0</Axis>
                  <Max type="float">0.78539819</Max>
                  <Min type="float">-0.78539819</Min>
                  <Orientation type="Matrix">
                      -0.0441754460,  -0.4203031100,   0.9063076400,
                      -0.0947350110,  -0.9013427500,  -0.4226182700,
                       0.9945218000,  -0.1045284400, -37.252903e-09
                  </Orientation>
                  <Position type="Vector">-43.351376, -60.580555, -25.124874</Position>
               </HpTurret25>
               <HpTurret26>
                  <Axis type="Vector">0, 1, 0</Axis>
                  <Max type="float">0.78539819</Max>
                  <Min type="float">-0.78539819</Min>
                  <Orientation type="Matrix">
                      -0.0441754460,   0.4203031100,  -0.9063076400,
                       0.0947350110,  -0.9013427500,  -0.4226182700,
                      -0.9945218000,  -0.1045284400, -37.252903e-09
                  </Orientation>
                  <Position type="Vector">43.98624, -60.4011, -26.504017</Position>
               </HpTurret26>
               <HpTurret27>
                  <Axis type="Vector">0, 1, 0</Axis>
                  <Max type="float">0.78539819</Max>
                  <Min type="float">-0.78539819</Min>
                  <Orientation type="Matrix">
                      -1.0000000000, -888.17842e-18,  87.422784e-09,
                      25.559945e-09,   0.9563047900,   0.2923716900,
                     -83.602821e-09,   0.2923716900,  -0.9563047900
                  </Orientation>
                  <Position type="Vector">0.40756199, 12.957971, 16.784498</Position>
               </HpTurret27>
            </Revolute>
         </Hardpoints>
         <MultiLevel>
            <Level0>
               <VMeshPart>
                  <VMeshRef type="VMeshRef">
                     <!-- header size  --> 60,
                     <!-- vmesh lib    --> PriestBattlecruiser.lod0.vms,
                     <!-- start vert   --> 0,
                     <!-- num verts    --> 25521,
                     <!-- start index  --> 0,
                     <!-- num indices  --> 60150,
                     <!-- start mesh   --> 0,
                     <!-- num meshes   --> 8,
                     <!-- bounding box -->  85.720833,  87.085732,   92.992401,
                                           -84.9823,   -73.070534, -107.0076,
                     <!-- center       -->   0,          0,           0,
                     <!-- radius       --> 150
                  </VMeshRef>
               </VMeshPart>
            </Level0>
         </MultiLevel>
      </PriestBattlecruiser.3db>
   </UTF_ROOT>
</UTFXML>
