<?xml version="1.0" encoding="ISO-8859-1"?>
<!-- XML generated by UTFXML Version 2.2 built 19-Aug-2010 -->
<UTFXML filename="x3gate.cmp" path="SOLAR\X3_model\x3gate">
   <UTF_ROOT>
      <VMeshLibrary>
         <x3gate.lod0.vms include="x3gate_cmp\lod0.vms.xml"/>
      </VMeshLibrary>
      <Cmpnd>
         <Root>
            <File_name name="File name" type="text">x3gate.3db</File_name>
            <Index type="int">0</Index>
            <Object_name name="Object name" type="text">Root</Object_name>
         </Root>
      </Cmpnd>
      <x3gate.3db>
         <Hardpoints>
            <Fixed>
               <HpFX01>
                  <Orientation type="Matrix">
                     -119.20929e-09,  -0.9999996400,  -0.0000000000,
                       0.9999996400, -119.20929e-09,   0.0000000000,
                       0.0000000000,  -0.0000000000,   1.0000000000
                  </Orientation>
                  <Position type="Vector">400, 0, 30</Position>
               </HpFX01>
               <HpFX02>
                  <Orientation type="Matrix">
                     -119.20929e-09,   0.9999996400,   0.0000000000,
                      -0.9999996400, -119.20929e-09,   0.0000000000,
                       0.0000000000,   0.0000000000,   1.0000000000
                  </Orientation>
                  <Position type="Vector">-400, 0, 30</Position>
               </HpFX02>
               <HpFX03>
                  <Orientation type="Matrix">
                       1.0000000000,   0.0000000000,   0.0000000000,
                       0.0000000000,   1.0000000000,   0.0000000000,
                       0.0000000000,   0.0000000000,   1.0000000000
                  </Orientation>
                  <Position type="Vector">0, -400, 30</Position>
               </HpFX03>
               <HpFX04>
                  <Orientation type="Matrix">
                      -0.9998476500,  -0.0174525450,  -0.0000000000,
                       0.0174525450,  -0.9998476500,   0.0000000000,
                       0.0000000000,  -0.0000000000,   1.0000000000
                  </Orientation>
                  <Position type="Vector">0, 400, 30</Position>
               </HpFX04>
               <HpShield01>
                  <Orientation type="Matrix">
                       1.0000000000,   0.0000000000,   0.0000000000,
                       0.0000000000,   1.0000000000,   0.0000000000,
                       0.0000000000,   0.0000000000,   1.0000000000
                  </Orientation>
                  <Position type="Vector">0, 520, 40</Position>
               </HpShield01>
               <HpMount>
                  <Orientation type="Matrix">
                       1.0000000000,   0.0000000000,   0.0000000000,
                       0.0000000000,   1.0000000000,   0.0000000000,
                       0.0000000000,   0.0000000000,   1.0000000000
                  </Orientation>
                  <Position type="Vector">0, 500, 0</Position>
               </HpMount>
               <HpLeftAnim>
                  <Orientation type="Matrix">
                     -119.20929e-09,  -0.9999996400,  -0.0000000000,
                       0.9999996400, -119.20929e-09,   0.0000000000,
                       0.0000000000,  -0.0000000000,   1.0000000000
                  </Orientation>
                  <Position type="Vector">0, 0, 0</Position>
               </HpLeftAnim>
               <HpLeftLane>
                  <Orientation type="Matrix">
                      -1.0000000000,  87.427907e-09,  7.6436389e-15,
                      87.427907e-09,   1.0000000000,  87.427907e-09,
                       0.0000000000,  87.427907e-09,  -1.0000000000
                  </Orientation>
                  <Position type="Vector">0, 0, 0</Position>
               </HpLeftLane>
               <HpRightAnim>
                  <Orientation type="Matrix">
                       1.0000000000,   0.0000000000,   0.0000000000,
                       0.0000000000,   1.0000000000,   0.0000000000,
                       0.0000000000,   0.0000000000,   1.0000000000
                  </Orientation>
                  <Position type="Vector">0, 0, 0</Position>
               </HpRightAnim>
               <HpRightLane>
                  <Orientation type="Matrix">
                       1.0000000000,   0.0000000000,   0.0000000000,
                       0.0000000000,   1.0000000000,   0.0000000000,
                       0.0000000000,   0.0000000000,   1.0000000000
                  </Orientation>
                  <Position type="Vector">0, 0, 0</Position>
               </HpRightLane>
            </Fixed>
            <Revolute>
               <HpTurret01>
                  <Axis type="Vector">0, 1, 0</Axis>
                  <Max type="float">1.5707964</Max>
                  <Min type="float">-1.5707964</Min>
                  <Orientation type="Matrix">
                       0.7071068300,   0.7069990600,  -0.0123407130,
                      -0.7071067100,   0.7069990600,  -0.0123407130,
                      465.66129e-12,   0.0174524040,   0.9998477100
                  </Orientation>
                  <Position type="Vector">-414.46036, 120.46929, -37.240337</Position>
               </HpTurret01>
               <HpTurret02>
                  <Axis type="Vector">0, 1, 0</Axis>
                  <Max type="float">1.5707964</Max>
                  <Min type="float">-1.5707964</Min>
                  <Orientation type="Matrix">
                       0.7071068300,  -0.7069990600,   0.0123407130,
                       0.7071067100,   0.7069990600,  -0.0123407130,
                     -465.66129e-12,   0.0174524040,   0.9998477100
                  </Orientation>
                  <Position type="Vector">411.3519, 120.32454, -34.261143</Position>
               </HpTurret02>
               <HpTurret03>
                  <Axis type="Vector">0, 1, 0</Axis>
                  <Max type="float">1.5707964</Max>
                  <Min type="float">-1.5707964</Min>
                  <Orientation type="Matrix">
                      -0.7071067100,   0.7071067700,   0.0000000000,
                      -0.7071067700,  -0.7071067100,   0.0000000000,
                       0.0000000000,   0.0000000000,   1.0000000000
                  </Orientation>
                  <Position type="Vector">-418.63281, -116.33643, -39.347118</Position>
               </HpTurret03>
               <HpTurret04>
                  <Axis type="Vector">0, 1, 0</Axis>
                  <Max type="float">1.5707964</Max>
                  <Min type="float">-1.5707964</Min>
                  <Orientation type="Matrix">
                      -0.7071067100,  -0.7071067700,  -0.0000000000,
                       0.7071067700,  -0.7071067100,   0.0000000000,
                       0.0000000000,  -0.0000000000,   1.0000000000
                  </Orientation>
                  <Position type="Vector">411.69366, -112.87588, -37.139366</Position>
               </HpTurret04>
               <HpTurret05>
                  <Axis type="Vector">0, 1, 0</Axis>
                  <Max type="float">1.5707964</Max>
                  <Min type="float">-1.5707964</Min>
                  <Orientation type="Matrix">
                      -0.7071067100,   0.7071067700,  61.820863e-09,
                       0.7071067700,   0.7071068300, -61.820863e-09,
                     -87.427900e-09,   0.0000000000,  -0.9999998800
                  </Orientation>
                  <Position type="Vector">-415.0957, 118.96947, 102.25137</Position>
               </HpTurret05>
               <HpTurret06>
                  <Axis type="Vector">0, 1, 0</Axis>
                  <Max type="float">1.5707964</Max>
                  <Min type="float">-1.5707964</Min>
                  <Orientation type="Matrix">
                      -0.7071067100,  -0.7071067700,  61.820863e-09,
                      -0.7071067700,   0.7071068300,  61.820863e-09,
                     -87.427900e-09,   0.0000000000,  -0.9999998800
                  </Orientation>
                  <Position type="Vector">410.44498, 118.52157, 108.09845</Position>
               </HpTurret06>
               <HpTurret07>
                  <Axis type="Vector">0, 1, 0</Axis>
                  <Max type="float">1.5707964</Max>
                  <Min type="float">-1.5707964</Min>
                  <Orientation type="Matrix">
                       0.7071068300,   0.7069990600,  -0.0123407760,
                       0.7071067100,  -0.7069990600,   0.0123406520,
                     -87.544322e-09,  -0.0174524040,  -0.9998476500
                  </Orientation>
                  <Position type="Vector">-416.05692, -114.66046, 101.61351</Position>
               </HpTurret07>
               <HpTurret08>
                  <Axis type="Vector">0, 1, 0</Axis>
                  <Max type="float">1.5707964</Max>
                  <Min type="float">-1.5707964</Min>
                  <Orientation type="Matrix">
                       0.7071068300,  -0.7069990600,   0.0123406520,
                      -0.7071067100,  -0.7069990600,   0.0123407760,
                     -87.078661e-09,  -0.0174524060,  -0.9998476500
                  </Orientation>
                  <Position type="Vector">410.95776, -114.30753, 104.45235</Position>
               </HpTurret08>
            </Revolute>
         </Hardpoints>
         <MultiLevel>
            <Level0>
               <VMeshPart>
                  <VMeshRef type="VMeshRef">
                     <!-- header size  --> 60,
                     <!-- vmesh lib    --> x3gate.lod0.vms,
                     <!-- start vert   --> 0,
                     <!-- num verts    --> 19102,
                     <!-- start index  --> 0,
                     <!-- num indices  --> 61494,
                     <!-- start mesh   --> 0,
                     <!-- num meshes   --> 16,
                     <!-- bounding box -->  588.37921,    553.61017,   421.68326,
                                           -592.22797,   -544.55792,  -355.71103,
                     <!-- center       -->   -1.9243774,    4.526123,   32.986115,
                     <!-- radius       --> 1142.2532
                  </VMeshRef>
               </VMeshPart>
            </Level0>
         </MultiLevel>
      </x3gate.3db>
   </UTF_ROOT>
</UTFXML>
