<?xml version="1.0" encoding="ISO-8859-1"?>
<!-- XML generated by UTFXML Version 2.2 built 19-Aug-2010 -->
<UTFXML filename="fc_eliteN2.cmp" path="SHIPS\new\BORDER_WORLD">
   <UTF_ROOT>
      <VMeshLibrary>
         <fc_eliteN.3db.3db.lod0.vms include="fc_eliteN2_cmp\lod0.vms.xml"/>
      </VMeshLibrary>
      <Cmpnd>
         <Root>
            <File_name name="File name" type="text">fc_eliteN.3db.3db.3db</File_name>
            <Index type="int">0</Index>
            <Object_name name="Object name" type="text">Root</Object_name>
         </Root>
      </Cmpnd>
      <fc_eliteN.3db.3db.3db>
         <Hardpoints>
            <Fixed>
               <HpBayDoor01>
                  <Orientation type="Matrix">
                     -2.7310334e-06,  -1.0000000000,   0.0000000000,
                       1.0000000000, -2.7310334e-06,  163.33308e-06,
                     -163.33308e-06,  446.06810e-12,   1.0000000000
                  </Orientation>
                  <Position type="Vector">-0.0029088457, 0.84502524, 2.1550887</Position>
               </HpBayDoor01>
               <HpBayDoor02>
                  <Orientation type="Matrix">
                       1.0000000000, -200.66739e-06,   0.0000000000,
                      200.66739e-06,   1.0000000000, -34.685378e-06,
                      6.9602244e-09,  34.685378e-06,   1.0000000000
                  </Orientation>
                  <Position type="Vector">-0.16666667, 3.708, 2.1550887</Position>
               </HpBayDoor02>
               <HpMount>
                  <Orientation type="Matrix">
                       1.0000000000,   0.0000000000,   0.0000000000,
                       0.0000000000,   1.0000000000,   0.0000000000,
                       0.0000000000,   0.0000000000,   1.0000000000
                  </Orientation>
                  <Position type="Vector">-0.16666667, -8.0410719, -0.13333334</Position>
               </HpMount>
               <HpPilot>
                  <Orientation type="Matrix">
                       0.9999998800, -475.19370e-09,   0.0000000000,
                      475.19370e-09,   0.9999998800,  435.78906e-06,
                     -207.08421e-12, -435.78900e-06,   0.9999997600
                  </Orientation>
                  <Position type="Vector">-0.16666667, 0.359514, -2.7152064</Position>
               </HpPilot>
               <HpRunningLight01>
                  <Orientation type="Matrix">
                       1.0000000000,   0.0000000000,   0.0000000000,
                       0.0000000000,   1.0000000000,   0.0000000000,
                       0.0000000000,   0.0000000000,   1.0000000000
                  </Orientation>
                  <Position type="Vector">-0.014979, -0.114314, -13.173861</Position>
               </HpRunningLight01>
               <HpTorpedo01>
                  <Orientation type="Matrix">
                      -0.9998476500,   0.0174525450,   0.0000000000,
                      -0.0174525450,  -0.9998476500,   0.0000000000,
                       0.0000000000,   0.0000000000,   1.0000000000
                  </Orientation>
                  <Position type="Vector">-0.068888001, -1.224075, -4.3005629</Position>
               </HpTorpedo01>
               <HpMine01>
                  <Orientation type="Matrix">
                       0.9659258100,  -0.2588190700,  -0.0000000000,
                       0.2588190700,   0.9659258100,   0.0000000000,
                       0.0000000000,  -0.0000000000,   1.0000000000
                  </Orientation>
                  <Position type="Vector">-1.8108931, 1.3518651, 3.506305</Position>
               </HpMine01>
               <HpCM01>
                  <Orientation type="Matrix">
                       0.9659258100,   0.2588190700,   0.0000000000,
                      -0.2588190700,   0.9659258100,   0.0000000000,
                       0.0000000000,   0.0000000000,   1.0000000000
                  </Orientation>
                  <Position type="Vector">1.7667741, 1.351105, 3.4994719</Position>
               </HpCM01>
               <HpThruster01>
                  <Orientation type="Matrix">
                      -0.0871557000,  -0.9961944200,  -0.0000000000,
                       0.9961944200,  -0.0871557000,   0.0000000000,
                       0.0000000000,  -0.0000000000,   1.0000000000
                  </Orientation>
                  <Position type="Vector">-0.57231301, -2.6942241, 0.394072</Position>
               </HpThruster01>
               <HpShield01>
                  <Orientation type="Matrix">
                      -0.0871557000,   0.9961944200,   0.0000000000,
                      -0.9961944200,  -0.0871557000,   0.0000000000,
                       0.0000000000,   0.0000000000,   1.0000000000
                  </Orientation>
                  <Position type="Vector">0.52981299, -2.690294, 0.399342</Position>
               </HpShield01>
               <HpCockpit>
                  <Orientation type="Matrix">
                       1.0000000000,   0.0000000000,   0.0000000000,
                       0.0000000000,   1.0000000000,   0.0000000000,
                       0.0000000000,   0.0000000000,   1.0000000000
                  </Orientation>
                  <Position type="Vector">-0.021911999, 1.133903, -3.5947649</Position>
               </HpCockpit>
               <HpRunningLight02>
                  <Orientation type="Matrix">
                       1.0000000000,   0.0000000000,   0.0000000000,
                       0.0000000000,   1.0000000000,   0.0000000000,
                       0.0000000000,   0.0000000000,   1.0000000000
                  </Orientation>
                  <Position type="Vector">-0.013276, 1.654341, -1.789905</Position>
               </HpRunningLight02>
               <HpRunningLight03>
                  <Orientation type="Matrix">
                       1.0000000000,   0.0000000000,   0.0000000000,
                       0.0000000000,   1.0000000000,   0.0000000000,
                       0.0000000000,   0.0000000000,   1.0000000000
                  </Orientation>
                  <Position type="Vector">0.006873, 1.327252, 4.812716</Position>
               </HpRunningLight03>
               <HpRunningLight08>
                  <Orientation type="Matrix">
                      -1.0000000000, -86.099682e-09, -15.181698e-09,
                      87.427914e-09,  -0.9848078500,  -0.1736481800,
                       0.0000000000,  -0.1736481800,   0.9848077300
                  </Orientation>
                  <Position type="Vector">0.026081, -6.7281742, -0.2088</Position>
               </HpRunningLight08>
               <HpTractor_Source>
                  <Orientation type="Matrix">
                       1.0000000000,   0.0000000000,   0.0000000000,
                       0.0000000000,   1.0000000000,   0.0000000000,
                       0.0000000000,   0.0000000000,   1.0000000000
                  </Orientation>
                  <Position type="Vector">0.001568, -0.114771, -13.178559</Position>
               </HpTractor_Source>
               <HpDocklight01>
                  <Orientation type="Matrix">
                       1.0000000000,   0.0000000000,   0.0000000000,
                       0.0000000000,   1.0000000000,   0.0000000000,
                       0.0000000000,   0.0000000000,   1.0000000000
                  </Orientation>
                  <Position type="Vector">-4.7086811, 3.2726691, -2.6466639</Position>
               </HpDocklight01>
               <HpDocklight02>
                  <Orientation type="Matrix">
                       1.0000000000,   0.0000000000,   0.0000000000,
                       0.0000000000,   1.0000000000,   0.0000000000,
                       0.0000000000,   0.0000000000,   1.0000000000
                  </Orientation>
                  <Position type="Vector">4.5965252, 3.2368529, -2.6239419</Position>
               </HpDocklight02>
               <HpCloak01>
                  <Orientation type="Matrix">
                      -0.8560618200,   0.5168733600,   0.0000000000,
                      -0.5168733600,  -0.8560618200, -207.17819e-06,
                     -107.08489e-06, -177.35735e-06,   0.9999998800
                  </Orientation>
                  <Position type="Vector">0.01452595, -1.5387655, -0.34046632</Position>
               </HpCloak01>
               <HpRunningLight07>
                  <Orientation type="Matrix">
                       1.0000000000,   0.0000000000,   0.0000000000,
                       0.0000000000,   1.0000000000,   0.0000000000,
                       0.0000000000,   0.0000000000,   1.0000000000
                  </Orientation>
                  <Position type="Vector">4.596941, -5.444797, -2.5261309</Position>
               </HpRunningLight07>
               <HpContrail03>
                  <Orientation type="Matrix">
                       1.0000000000,   0.0000000000,   0.0000000000,
                       0.0000000000,   1.0000000000,   0.0000000000,
                       0.0000000000,   0.0000000000,   1.0000000000
                  </Orientation>
                  <Position type="Vector">4.531734, -5.428875, -1.6682481</Position>
               </HpContrail03>
               <HpRunningLight05>
                  <Orientation type="Matrix">
                       1.0000000000,   0.0000000000,   0.0000000000,
                       0.0000000000,   1.0000000000,   0.0000000000,
                       0.0000000000,   0.0000000000,   1.0000000000
                  </Orientation>
                  <Position type="Vector">7.065763, -1.063061, -0.46663401</Position>
               </HpRunningLight05>
               <HpContrail01>
                  <Orientation type="Matrix">
                       1.0000000000,   0.0000000000,   0.0000000000,
                       0.0000000000,   1.0000000000,   0.0000000000,
                       0.0000000000,   0.0000000000,   1.0000000000
                  </Orientation>
                  <Position type="Vector">7.0748868, -1.0718549, 0.48863801</Position>
               </HpContrail01>
               <HpRunningLight06>
                  <Orientation type="Matrix">
                       1.0000000000,   0.0000000000,   0.0000000000,
                       0.0000000000,   1.0000000000,   0.0000000000,
                       0.0000000000,   0.0000000000,   1.0000000000
                  </Orientation>
                  <Position type="Vector">-4.6345239, -5.4675379, -2.53281</Position>
               </HpRunningLight06>
               <HpContrail04>
                  <Orientation type="Matrix">
                       1.0000000000,   0.0000000000,   0.0000000000,
                       0.0000000000,   1.0000000000,   0.0000000000,
                       0.0000000000,   0.0000000000,   1.0000000000
                  </Orientation>
                  <Position type="Vector">-4.611742, -5.4499269, -1.6791331</Position>
               </HpContrail04>
               <HpRunningLight04>
                  <Orientation type="Matrix">
                       1.0000000000,   0.0000000000,   0.0000000000,
                       0.0000000000,   1.0000000000,   0.0000000000,
                       0.0000000000,   0.0000000000,   1.0000000000
                  </Orientation>
                  <Position type="Vector">-7.0845971, -1.076051, -0.46017599</Position>
               </HpRunningLight04>
               <HpContrail02>
                  <Orientation type="Matrix">
                       1.0000000000,   0.0000000000,   0.0000000000,
                       0.0000000000,   1.0000000000,   0.0000000000,
                       0.0000000000,   0.0000000000,   1.0000000000
                  </Orientation>
                  <Position type="Vector">-7.0828848, -1.073379, 0.486451</Position>
               </HpContrail02>
               <HpEngine02>
                  <Orientation type="Matrix">
                       1.0000000000,   0.0000000000,   0.0000000000,
                       0.0000000000,   1.0000000000,   0.0000000000,
                       0.0000000000,   0.0000000000,   1.0000000000
                  </Orientation>
                  <Position type="Vector">0.001075, -5.8117099, 0.199406</Position>
               </HpEngine02>
               <HpEngine01>
                  <Orientation type="Matrix">
                       1.0000000000,   0.0000000000,   0.0000000000,
                       0.0000000000,   1.0000000000,   0.0000000000,
                       0.0000000000,   0.0000000000,   1.0000000000
                  </Orientation>
                  <Position type="Vector">-0.007778, -0.087808996, 5.5282502</Position>
               </HpEngine01>
               <HpEngineGlow>
                  <Orientation type="Matrix">
                       1.0000000000,   0.0000000000,   0.0000000000,
                       0.0000000000,   1.0000000000,   0.0000000000,
                       0.0000000000,   0.0000000000,   1.0000000000
                  </Orientation>
                  <Position type="Vector">-0.16666667, -2.977263, 12.271489</Position>
               </HpEngineGlow>
               <Hpnew01>
                  <Orientation type="Matrix">
                     -119.20929e-09,   0.9999996400,   0.0000000000,
                      -0.9999996400, -119.20929e-09,   0.0000000000,
                       0.0000000000,   0.0000000000,   1.0000000000
                  </Orientation>
                  <Position type="Vector">-3.2420161, 2.699563, -0.224161</Position>
               </Hpnew01>
               <Hpnew02>
                  <Orientation type="Matrix">
                     -119.20929e-09,  -0.9999996400,  -0.0000000000,
                       0.9999996400, -119.20929e-09,   0.0000000000,
                       0.0000000000,  -0.0000000000,   1.0000000000
                  </Orientation>
                  <Position type="Vector">3.124907, 2.650007, -0.199811</Position>
               </Hpnew02>
               <Hpnew03>
                  <Orientation type="Matrix">
                       1.0000000000, -2.7536014e-06,   0.0000000000,
                      2.7536014e-06,   1.0000000000,  328.53527e-06,
                     -904.65518e-12, -328.53524e-06,   0.9999998800
                  </Orientation>
                  <Position type="Vector">19.868216e-9, 0.12720339, 2.2306316</Position>
               </Hpnew03>
               <HpHeadLight01>
                  <Orientation type="Matrix">
                       1.0000000000,   0.0000000000,   0.0000000000,
                       0.0000000000,   1.0000000000,   0.0000000000,
                       0.0000000000,   0.0000000000,   1.0000000000
                  </Orientation>
                  <Position type="Vector">-0.09585, -1.03501, -4.7939692</Position>
               </HpHeadLight01>
               <HpHeadLight02>
                  <Orientation type="Matrix">
                       1.0000000000,   0.0000000000,   0.0000000000,
                       0.0000000000,   1.0000000000,   0.0000000000,
                       0.0000000000,   0.0000000000,   1.0000000000
                  </Orientation>
                  <Position type="Vector">-4.7117391, 3.2702401, -2.646903</Position>
               </HpHeadLight02>
               <HpHeadLight03>
                  <Orientation type="Matrix">
                       1.0000000000,   0.0000000000,   0.0000000000,
                       0.0000000000,   1.0000000000,   0.0000000000,
                       0.0000000000,   0.0000000000,   1.0000000000
                  </Orientation>
                  <Position type="Vector">4.5996852, 3.225534, -2.6241741</Position>
               </HpHeadLight03>
               <HpDocklight03>
                  <Orientation type="Matrix">
                       1.0000000000,   0.0000000000,   0.0000000000,
                       0.0000000000,   1.0000000000,   0.0000000000,
                       0.0000000000,   0.0000000000,   1.0000000000
                  </Orientation>
                  <Position type="Vector">-6.9154758, -2.1416421, -2.448174</Position>
               </HpDocklight03>
               <HpDocklight04>
                  <Orientation type="Matrix">
                       1.0000000000,   0.0000000000,   0.0000000000,
                       0.0000000000,   1.0000000000,   0.0000000000,
                       0.0000000000,   0.0000000000,   1.0000000000
                  </Orientation>
                  <Position type="Vector">6.9090958, -2.1504581, -2.448879</Position>
               </HpDocklight04>
               <Hpnew04>
                  <Orientation type="Matrix">
                       1.0000000000,   0.0000000000,   0.0000000000,
                       0.0000000000,   1.0000000000,   0.0000000000,
                       0.0000000000,   0.0000000000,   1.0000000000
                  </Orientation>
                  <Position type="Vector">0, 0, 0</Position>
               </Hpnew04>
            </Fixed>
            <Revolute>
               <HpTurret01>
                  <Axis type="Vector">0, 1, 0</Axis>
                  <Max type="float">0.34906584</Max>
                  <Min type="float">-0.34906584</Min>
                  <Orientation type="Matrix">
                       1.0000000000,   0.0000000000,   0.0000000000,
                       0.0000000000,   1.0000000000,   0.0000000000,
                       0.0000000000,   0.0000000000,   1.0000000000
                  </Orientation>
                  <Position type="Vector">-0.01941, 2.264755, 0.199076</Position>
               </HpTurret01>
               <HpWeapon01>
                  <Axis type="Vector">0, 1, 0</Axis>
                  <Max type="float">0.78539819</Max>
                  <Min type="float">-0.78539819</Min>
                  <Orientation type="Matrix">
                      -0.4067363700,  -0.9135454900,  -0.0000000000,
                       0.9135454900,  -0.4067363700,   0.0000000000,
                       0.0000000000,  -0.0000000000,   1.0000000000
                  </Orientation>
                  <Position type="Vector">-1.673255, -0.34258199, -3.736645</Position>
               </HpWeapon01>
               <HpWeapon02>
                  <Axis type="Vector">0, 1, 0</Axis>
                  <Max type="float">0.78539819</Max>
                  <Min type="float">-0.78539819</Min>
                  <Orientation type="Matrix">
                      -0.4067363700,   0.9135454900,   0.0000000000,
                      -0.9135454900,  -0.4067363700,   0.0000000000,
                       0.0000000000,   0.0000000000,   1.0000000000
                  </Orientation>
                  <Position type="Vector">1.63541, -0.34976801, -3.729795</Position>
               </HpWeapon02>
               <HpWeapon06>
                  <Axis type="Vector">0, 1, 0</Axis>
                  <Max type="float">0.78539819</Max>
                  <Min type="float">-0.78539819</Min>
                  <Orientation type="Matrix">
                      -1.0000000000, -87.427907e-09,   0.0000000000,
                      87.427907e-09,  -1.0000000000,  -0.0000000000,
                       0.0000000000,   0.0000000000,   1.0000000000
                  </Orientation>
                  <Position type="Vector">3.912828, -5.8069048, -2.1031089</Position>
               </HpWeapon06>
               <HpWeapon04>
                  <Axis type="Vector">0, 1, 0</Axis>
                  <Max type="float">0.78539819</Max>
                  <Min type="float">-0.78539819</Min>
                  <Orientation type="Matrix">
                       1.0000000000,   0.0000000000,   0.0000000000,
                       0.0000000000,   1.0000000000,   0.0000000000,
                       0.0000000000,   0.0000000000,   1.0000000000
                  </Orientation>
                  <Position type="Vector">6.3710032, -0.65779102, -0.019794</Position>
               </HpWeapon04>
               <HpWeapon07>
                  <Axis type="Vector">0, 1, 0</Axis>
                  <Max type="float">0.34906599</Max>
                  <Min type="float">-0.34906599</Min>
                  <Orientation type="Matrix">
                      -0.5591936700,   0.8290370700,   0.0000000000,
                      -0.8290370700,  -0.5591936700,   0.0000000000,
                       0.0000000000,   0.0000000000,   1.0000000000
                  </Orientation>
                  <Position type="Vector">7.1353292, -2.2883346, -0.29281133</Position>
               </HpWeapon07>
               <HpWeapon05>
                  <Axis type="Vector">0, 1, 0</Axis>
                  <Max type="float">0.78539819</Max>
                  <Min type="float">-0.78539819</Min>
                  <Orientation type="Matrix">
                      -1.0000000000, -87.427907e-09,   0.0000000000,
                      87.427907e-09,  -1.0000000000,  -0.0000000000,
                       0.0000000000,   0.0000000000,   1.0000000000
                  </Orientation>
                  <Position type="Vector">-3.9436879, -5.8069062, -2.091748</Position>
               </HpWeapon05>
               <HpWeapon03>
                  <Axis type="Vector">0, 1, 0</Axis>
                  <Max type="float">0.78539819</Max>
                  <Min type="float">-0.78539819</Min>
                  <Orientation type="Matrix">
                       1.0000000000,   0.0000000000,   0.0000000000,
                       0.0000000000,   1.0000000000,   0.0000000000,
                       0.0000000000,   0.0000000000,   1.0000000000
                  </Orientation>
                  <Position type="Vector">-6.3916402, -0.65779102, -0.01883</Position>
               </HpWeapon03>
               <HpWeapon08>
                  <Axis type="Vector">0, 1, 0</Axis>
                  <Max type="float">0.78539819</Max>
                  <Min type="float">-0.78539819</Min>
                  <Orientation type="Matrix">
                      -0.5446388700,  -0.8386705500,  -0.0000000000,
                       0.8386705500,  -0.5446388700,   0.0000000000,
                       0.0000000000,  -0.0000000000,   1.0000000000
                  </Orientation>
                  <Position type="Vector">-6.9516888, -2.577635, -0.28545901</Position>
               </HpWeapon08>
               <HpWeapon09>
                  <Axis type="Vector">0, 1, 0</Axis>
                  <Max type="float">0.78539819</Max>
                  <Min type="float">-0.78539819</Min>
                  <Orientation type="Matrix">
                       0.8660253900,   0.5000000000,   0.0000000000,
                      -0.5000000000,   0.8660253900,   0.0000000000,
                       0.0000000000,   0.0000000000,   1.0000000000
                  </Orientation>
                  <Position type="Vector">4.7339239, 3.460665, -0.46420801</Position>
               </HpWeapon09>
               <HpWeapon10>
                  <Axis type="Vector">0, 1, 0</Axis>
                  <Max type="float">0.78539819</Max>
                  <Min type="float">-0.78539819</Min>
                  <Orientation type="Matrix">
                       0.8660253900,  -0.5000000000,  -0.0000000000,
                       0.5000000000,   0.8660253900,   0.0000000000,
                       0.0000000000,  -0.0000000000,   1.0000000000
                  </Orientation>
                  <Position type="Vector">-5.121685, 3.3407741, -0.49404201</Position>
               </HpWeapon10>
            </Revolute>
         </Hardpoints>
         <MultiLevel>
            <Level0>
               <VMeshPart>
                  <VMeshRef type="VMeshRef">
                     <!-- header size  --> 60,
                     <!-- vmesh lib    --> fc_eliteN.3db.3db.lod0.vms,
                     <!-- start vert   --> 0,
                     <!-- num verts    --> 2520,
                     <!-- start index  --> 0,
                     <!-- num indices  --> 3486,
                     <!-- start mesh   --> 0,
                     <!-- num meshes   --> 19,
                     <!-- bounding box -->  7.1678691,  3.532063,    6.594821,
                                           -7.1758552, -6.7560639, -13.18636,
                     <!-- center       -->  0,          0,           0,
                     <!-- radius       --> 17.101351
                  </VMeshRef>
               </VMeshPart>
            </Level0>
         </MultiLevel>
      </fc_eliteN.3db.3db.3db>
   </UTF_ROOT>
</UTFXML>
