<?xml version="1.0" encoding="ISO-8859-1"?>
<!-- XML generated by UTFXML Version 2.2 built 19-Aug-2010 -->
<UTFXML filename="bw_tau31_planetscape.cmp" path="BASES\PIRATE">
   <UTF_ROOT>
      <VMeshLibrary>
         <data.bases.pirate.bw_tau31_planetscape.lod0-212.vms include="bw_tau31_planetscape_cmp\lod0-212.vms.xml"/>
      </VMeshLibrary>
      <Exporter_Version name="Exporter Version" type="text">Nov  5 2002 11:41:55</Exporter_Version>
      <Cmpnd>
         <Root>
            <Object_name name="Object name" type="text">Root</Object_name>
            <File_name name="File name" type="text">Tau31_terrain021111172438.3db</File_name>
            <Index type="int">0</Index>
         </Root>
         <Part_BigTank07>
            <Object_name name="Object name" type="text">BigTank07</Object_name>
            <File_name name="File name" type="text">BigTank07021111172438.3db</File_name>
            <Index type="int">1</Index>
         </Part_BigTank07>
         <Part_pad>
            <Object_name name="Object name" type="text">pad</Object_name>
            <File_name name="File name" type="text">pad021111172438.3db</File_name>
            <Index type="int">2</Index>
         </Part_pad>
         <Part_domes1>
            <Object_name name="Object name" type="text">domes1</Object_name>
            <File_name name="File name" type="text">domes1021111172438.3db</File_name>
            <Index type="int">3</Index>
         </Part_domes1>
         <Part_garage>
            <Object_name name="Object name" type="text">garage</Object_name>
            <File_name name="File name" type="text">garage021111172438.3db</File_name>
            <Index type="int">4</Index>
         </Part_garage>
         <Part_pylon01>
            <Object_name name="Object name" type="text">pylon01</Object_name>
            <File_name name="File name" type="text">pylon01021111172438.3db</File_name>
            <Index type="int">5</Index>
         </Part_pylon01>
         <Part_pylon06>
            <Object_name name="Object name" type="text">pylon06</Object_name>
            <File_name name="File name" type="text">pylon06021111172438.3db</File_name>
            <Index type="int">6</Index>
         </Part_pylon06>
         <Part_pylon07>
            <Object_name name="Object name" type="text">pylon07</Object_name>
            <File_name name="File name" type="text">pylon07021111172438.3db</File_name>
            <Index type="int">7</Index>
         </Part_pylon07>
         <Part_pylon08>
            <Object_name name="Object name" type="text">pylon08</Object_name>
            <File_name name="File name" type="text">pylon08021111172438.3db</File_name>
            <Index type="int">8</Index>
         </Part_pylon08>
         <Part_pylon02>
            <Object_name name="Object name" type="text">pylon02</Object_name>
            <File_name name="File name" type="text">pylon02021111172438.3db</File_name>
            <Index type="int">9</Index>
         </Part_pylon02>
         <Part_BigTank03>
            <Object_name name="Object name" type="text">BigTank03</Object_name>
            <File_name name="File name" type="text">BigTank03021111172438.3db</File_name>
            <Index type="int">10</Index>
         </Part_BigTank03>
         <Part_BigTank02>
            <Object_name name="Object name" type="text">BigTank02</Object_name>
            <File_name name="File name" type="text">BigTank02021111172438.3db</File_name>
            <Index type="int">11</Index>
         </Part_BigTank02>
         <Part_BigTank04>
            <Object_name name="Object name" type="text">BigTank04</Object_name>
            <File_name name="File name" type="text">BigTank04021111172438.3db</File_name>
            <Index type="int">12</Index>
         </Part_BigTank04>
         <Part_BigTank05>
            <Object_name name="Object name" type="text">BigTank05</Object_name>
            <File_name name="File name" type="text">BigTank05021111172438.3db</File_name>
            <Index type="int">13</Index>
         </Part_BigTank05>
         <Part_BigTank06>
            <Object_name name="Object name" type="text">BigTank06</Object_name>
            <File_name name="File name" type="text">BigTank06021111172438.3db</File_name>
            <Index type="int">14</Index>
         </Part_BigTank06>
         <Part_BigTank09>
            <Object_name name="Object name" type="text">BigTank09</Object_name>
            <File_name name="File name" type="text">BigTank09021111172438.3db</File_name>
            <Index type="int">15</Index>
         </Part_BigTank09>
         <Part_BigTank10>
            <Object_name name="Object name" type="text">BigTank10</Object_name>
            <File_name name="File name" type="text">BigTank10021111172438.3db</File_name>
            <Index type="int">16</Index>
         </Part_BigTank10>
         <Part_BigTank08>
            <Object_name name="Object name" type="text">BigTank08</Object_name>
            <File_name name="File name" type="text">BigTank08021111172438.3db</File_name>
            <Index type="int">17</Index>
         </Part_BigTank08>
         <Part_domelarge>
            <Object_name name="Object name" type="text">domelarge</Object_name>
            <File_name name="File name" type="text">domelarge021111172438.3db</File_name>
            <Index type="int">18</Index>
         </Part_domelarge>
         <Part_domesmall>
            <Object_name name="Object name" type="text">domesmall</Object_name>
            <File_name name="File name" type="text">domesmall021111172438.3db</File_name>
            <Index type="int">19</Index>
         </Part_domesmall>
         <Part_domebases>
            <Object_name name="Object name" type="text">domebases</Object_name>
            <File_name name="File name" type="text">domebases021111172438.3db</File_name>
            <Index type="int">20</Index>
         </Part_domebases>
         <Part_terraformer02>
            <Object_name name="Object name" type="text">terraformer02</Object_name>
            <File_name name="File name" type="text">terraformer02021111172438.3db</File_name>
            <Index type="int">21</Index>
         </Part_terraformer02>
         <Part_terraformer03>
            <Object_name name="Object name" type="text">terraformer03</Object_name>
            <File_name name="File name" type="text">terraformer03021111172438.3db</File_name>
            <Index type="int">22</Index>
         </Part_terraformer03>
         <Part_terraformer01>
            <Object_name name="Object name" type="text">terraformer01</Object_name>
            <File_name name="File name" type="text">terraformer01021111172438.3db</File_name>
            <Index type="int">23</Index>
         </Part_terraformer01>
         <Part_antenae03>
            <Object_name name="Object name" type="text">antenae03</Object_name>
            <File_name name="File name" type="text">antenae03021111172438.3db</File_name>
            <Index type="int">24</Index>
         </Part_antenae03>
         <Part_antenae1>
            <Object_name name="Object name" type="text">antenae1</Object_name>
            <File_name name="File name" type="text">antenae1021111172438.3db</File_name>
            <Index type="int">25</Index>
         </Part_antenae1>
         <Part_antenae2>
            <Object_name name="Object name" type="text">antenae2</Object_name>
            <File_name name="File name" type="text">antenae2021111172438.3db</File_name>
            <Index type="int">26</Index>
         </Part_antenae2>
         <Part_pad01>
            <Object_name name="Object name" type="text">pad01</Object_name>
            <File_name name="File name" type="text">pad01021111172438.3db</File_name>
            <Index type="int">27</Index>
         </Part_pad01>
         <Part_Pad_pylon01>
            <Object_name name="Object name" type="text">Pad_pylon01</Object_name>
            <File_name name="File name" type="text">Pad_pylon01021111172438.3db</File_name>
            <Index type="int">28</Index>
         </Part_Pad_pylon01>
         <Part_Pad_pylon02>
            <Object_name name="Object name" type="text">Pad_pylon02</Object_name>
            <File_name name="File name" type="text">Pad_pylon02021111172438.3db</File_name>
            <Index type="int">29</Index>
         </Part_Pad_pylon02>
         <Part_Pad_pylon03>
            <Object_name name="Object name" type="text">Pad_pylon03</Object_name>
            <File_name name="File name" type="text">Pad_pylon03021111172438.3db</File_name>
            <Index type="int">30</Index>
         </Part_Pad_pylon03>
         <Part_Pad_pylon04>
            <Object_name name="Object name" type="text">Pad_pylon04</Object_name>
            <File_name name="File name" type="text">Pad_pylon04021111172438.3db</File_name>
            <Index type="int">31</Index>
         </Part_Pad_pylon04>
         <Part_Pad_pylon05>
            <Object_name name="Object name" type="text">Pad_pylon05</Object_name>
            <File_name name="File name" type="text">Pad_pylon05021111172438.3db</File_name>
            <Index type="int">32</Index>
         </Part_Pad_pylon05>
         <Part_Pad_pylon06>
            <Object_name name="Object name" type="text">Pad_pylon06</Object_name>
            <File_name name="File name" type="text">Pad_pylon06021111172438.3db</File_name>
            <Index type="int">33</Index>
         </Part_Pad_pylon06>
         <Part_Pad_pylon07>
            <Object_name name="Object name" type="text">Pad_pylon07</Object_name>
            <File_name name="File name" type="text">Pad_pylon07021111172438.3db</File_name>
            <Index type="int">34</Index>
         </Part_Pad_pylon07>
         <Part_Pad_pylon08>
            <Object_name name="Object name" type="text">Pad_pylon08</Object_name>
            <File_name name="File name" type="text">Pad_pylon08021111172438.3db</File_name>
            <Index type="int">35</Index>
         </Part_Pad_pylon08>
         <Part_Pad_pylon09>
            <Object_name name="Object name" type="text">Pad_pylon09</Object_name>
            <File_name name="File name" type="text">Pad_pylon09021111172438.3db</File_name>
            <Index type="int">36</Index>
         </Part_Pad_pylon09>
         <Part_Pad_pylon10>
            <Object_name name="Object name" type="text">Pad_pylon10</Object_name>
            <File_name name="File name" type="text">Pad_pylon10021111172438.3db</File_name>
            <Index type="int">37</Index>
         </Part_Pad_pylon10>
         <Part_Pad_pylon11>
            <Object_name name="Object name" type="text">Pad_pylon11</Object_name>
            <File_name name="File name" type="text">Pad_pylon11021111172438.3db</File_name>
            <Index type="int">38</Index>
         </Part_Pad_pylon11>
         <Part_Pad_pylon12>
            <Object_name name="Object name" type="text">Pad_pylon12</Object_name>
            <File_name name="File name" type="text">Pad_pylon12021111172438.3db</File_name>
            <Index type="int">39</Index>
         </Part_Pad_pylon12>
         <Part_Pad_pylon13>
            <Object_name name="Object name" type="text">Pad_pylon13</Object_name>
            <File_name name="File name" type="text">Pad_pylon13021111172438.3db</File_name>
            <Index type="int">40</Index>
         </Part_Pad_pylon13>
         <Part_Pad_pylon14>
            <Object_name name="Object name" type="text">Pad_pylon14</Object_name>
            <File_name name="File name" type="text">Pad_pylon14021111172438.3db</File_name>
            <Index type="int">41</Index>
         </Part_Pad_pylon14>
         <Part_Pad_pylon15>
            <Object_name name="Object name" type="text">Pad_pylon15</Object_name>
            <File_name name="File name" type="text">Pad_pylon15021111172438.3db</File_name>
            <Index type="int">42</Index>
         </Part_Pad_pylon15>
         <Part_Pad_pylon16>
            <Object_name name="Object name" type="text">Pad_pylon16</Object_name>
            <File_name name="File name" type="text">Pad_pylon16021111172438.3db</File_name>
            <Index type="int">43</Index>
         </Part_Pad_pylon16>
         <Part_Pad_pylon17>
            <Object_name name="Object name" type="text">Pad_pylon17</Object_name>
            <File_name name="File name" type="text">Pad_pylon17021111172438.3db</File_name>
            <Index type="int">44</Index>
         </Part_Pad_pylon17>
         <Part_Pad_pylon18>
            <Object_name name="Object name" type="text">Pad_pylon18</Object_name>
            <File_name name="File name" type="text">Pad_pylon18021111172438.3db</File_name>
            <Index type="int">45</Index>
         </Part_Pad_pylon18>
         <Part_Pad_pylon19>
            <Object_name name="Object name" type="text">Pad_pylon19</Object_name>
            <File_name name="File name" type="text">Pad_pylon19021111172438.3db</File_name>
            <Index type="int">46</Index>
         </Part_Pad_pylon19>
         <Part_Pad_pylon20>
            <Object_name name="Object name" type="text">Pad_pylon20</Object_name>
            <File_name name="File name" type="text">Pad_pylon20021111172438.3db</File_name>
            <Index type="int">47</Index>
         </Part_Pad_pylon20>
         <Part_Object12>
            <Object_name name="Object name" type="text">Object12</Object_name>
            <File_name name="File name" type="text">Object12021111172438.3db</File_name>
            <Index type="int">48</Index>
         </Part_Object12>
         <Part_Object13>
            <Object_name name="Object name" type="text">Object13</Object_name>
            <File_name name="File name" type="text">Object13021111172438.3db</File_name>
            <Index type="int">49</Index>
         </Part_Object13>
         <Part_Object14>
            <Object_name name="Object name" type="text">Object14</Object_name>
            <File_name name="File name" type="text">Object14021111172438.3db</File_name>
            <Index type="int">50</Index>
         </Part_Object14>
         <Part_Object15>
            <Object_name name="Object name" type="text">Object15</Object_name>
            <File_name name="File name" type="text">Object15021111172438.3db</File_name>
            <Index type="int">51</Index>
         </Part_Object15>
         <Part_Object16>
            <Object_name name="Object name" type="text">Object16</Object_name>
            <File_name name="File name" type="text">Object16021111172438.3db</File_name>
            <Index type="int">52</Index>
         </Part_Object16>
         <Part_Object17>
            <Object_name name="Object name" type="text">Object17</Object_name>
            <File_name name="File name" type="text">Object17021111172438.3db</File_name>
            <Index type="int">53</Index>
         </Part_Object17>
         <Part_Object18>
            <Object_name name="Object name" type="text">Object18</Object_name>
            <File_name name="File name" type="text">Object18021111172438.3db</File_name>
            <Index type="int">54</Index>
         </Part_Object18>
         <Part_Object19>
            <Object_name name="Object name" type="text">Object19</Object_name>
            <File_name name="File name" type="text">Object19021111172438.3db</File_name>
            <Index type="int">55</Index>
         </Part_Object19>
         <Part_Object20>
            <Object_name name="Object name" type="text">Object20</Object_name>
            <File_name name="File name" type="text">Object20021111172438.3db</File_name>
            <Index type="int">56</Index>
         </Part_Object20>
         <Cons>
            <Fix type="Fix" count="56">
               <part>
                  <!-- parent      --> "Root",
                  <!-- child       --> "BigTank07",
                  <!-- position    --> -85.09063, -8.7941275, 47.479473,
                  <!-- orientation -->   0.4617484500,   0.8870109300, -64.107844e-09,
                                       -161.68489e-09,  156.44181e-09,   1.0000000000,
                                         0.8870109300,  -0.4617484500,  215.65303e-09
               </part>
               <part>
                  <!-- parent      --> "Root",
                  <!-- child       --> "pad",
                  <!-- position    --> 0.15142331, 0.13816598, -0.0038948837,
                  <!-- orientation -->   1.0000000000, -98.632370e-09, -58.030537e-09,
                                        58.030569e-09,  330.10284e-09,   1.0000000000,
                                       -98.632349e-09,  -1.0000000000,  330.10284e-09
               </part>
               <part>
                  <!-- parent      --> "Root",
                  <!-- child       --> "domes1",
                  <!-- position    --> 27.941732, -0.40694222, -83.22094,
                  <!-- orientation -->  -0.8703557800,  -0.4924233900, -15.585517e-09,
                                       -11.785526e-09, -10.819785e-09,   1.0000000000,
                                        -0.4924233900,   0.8703557800,  3.6135936e-09
               </part>
               <part>
                  <!-- parent      --> "Root",
                  <!-- child       --> "garage",
                  <!-- position    --> 11.107687, 0.43996888, 32.811646,
                  <!-- orientation -->   0.3255679300,   0.9455186700,  29.802329e-09,
                                       -304.96221e-09,  73.487271e-09,   1.0000000000,
                                         0.9455186700,  -0.3255679300,  312.27256e-09
               </part>
               <part>
                  <!-- parent      --> "Root",
                  <!-- child       --> "pylon01",
                  <!-- position    --> 50.909473, 0.0027987619, -46.768776,
                  <!-- orientation -->  57.708903e-09,  26.777043e-09,  -1.0000000000,
                                       -167.55183e-09,   1.0000000000,  26.777034e-09,
                                         1.0000000000,  167.55183e-09,  57.708906e-09
               </part>
               <part>
                  <!-- parent      --> "Root",
                  <!-- child       --> "pylon06",
                  <!-- position    --> 76.985252, -2.1554413, 20.432014,
                  <!-- orientation -->   0.6293200900, -50.621061e-09,  -0.7771462200,
                                       -110.91319e-09,   1.0000000000, -154.95277e-09,
                                         0.7771462200,  183.71065e-09,   0.6293200900
               </part>
               <part>
                  <!-- parent      --> "Root",
                  <!-- child       --> "pylon07",
                  <!-- position    --> 50.909485, 17.96389, 70.949356,
                  <!-- orientation -->  57.708903e-09,  26.777043e-09,  -1.0000000000,
                                       -167.55183e-09,   1.0000000000,  26.777034e-09,
                                         1.0000000000,  167.55183e-09,  57.708906e-09
               </part>
               <part>
                  <!-- parent      --> "Root",
                  <!-- child       --> "pylon08",
                  <!-- position    --> -103.12963, 10.719935, 133.87282,
                  <!-- orientation -->   0.8788172000, -84.304702e-09,  -0.4771585800,
                                       -22.483180e-09,   1.0000000000, -218.08957e-09,
                                         0.4771585800,  202.38890e-09,   0.8788172000
               </part>
               <part>
                  <!-- parent      --> "Root",
                  <!-- child       --> "pylon02",
                  <!-- position    --> -119.66667, -4.1778221, 32.605419,
                  <!-- orientation -->   0.8788172000, -84.304702e-09,  -0.4771585800,
                                       -22.483180e-09,   1.0000000000, -218.08957e-09,
                                         0.4771585800,  202.38890e-09,   0.8788172000
               </part>
               <part>
                  <!-- parent      --> "Root",
                  <!-- child       --> "BigTank03",
                  <!-- position    --> -95.469353, -8.7941236, 37.574467,
                  <!-- orientation -->   0.4617484800,   0.8870109300, -19.608144e-09,
                                       -179.73834e-09,  115.67169e-09,   1.0000000000,
                                         0.8870109300,  -0.4617484800,  212.84109e-09
               </part>
               <part>
                  <!-- parent      --> "Root",
                  <!-- child       --> "BigTank02",
                  <!-- position    --> -95.469353, -8.7941256, 47.479465,
                  <!-- orientation -->   0.4617484800,   0.8870109300, -19.608144e-09,
                                       -179.73834e-09,  115.67169e-09,   1.0000000000,
                                         0.8870109300,  -0.4617484800,  212.84109e-09
               </part>
               <part>
                  <!-- parent      --> "Root",
                  <!-- child       --> "BigTank04",
                  <!-- position    --> -95.46933, -8.7941198, 27.53182,
                  <!-- orientation -->   0.4617484800,   0.8870109300, -19.608144e-09,
                                       -179.73834e-09,  115.67169e-09,   1.0000000000,
                                         0.8870109300,  -0.4617484800,  212.84109e-09
               </part>
               <part>
                  <!-- parent      --> "Root",
                  <!-- child       --> "BigTank05",
                  <!-- position    --> -85.09063, -8.7941198, 27.531834,
                  <!-- orientation -->   0.4617484800,   0.8870109300, -19.608144e-09,
                                       -179.73834e-09,  115.67169e-09,   1.0000000000,
                                         0.8870109300,  -0.4617484800,  212.84109e-09
               </part>
               <part>
                  <!-- parent      --> "Root",
                  <!-- child       --> "BigTank06",
                  <!-- position    --> -85.090622, -8.7941217, 37.574471,
                  <!-- orientation -->   0.4617484800,   0.8870109300, -19.608144e-09,
                                       -179.73834e-09,  115.67169e-09,   1.0000000000,
                                         0.8870109300,  -0.4617484800,  212.84109e-09
               </part>
               <part>
                  <!-- parent      --> "Root",
                  <!-- child       --> "BigTank09",
                  <!-- position    --> -74.697655, -8.7941227, 37.574463,
                  <!-- orientation -->   0.4617484800,   0.8870109300, -19.608144e-09,
                                       -179.73834e-09,  115.67169e-09,   1.0000000000,
                                         0.8870109300,  -0.4617484800,  212.84109e-09
               </part>
               <part>
                  <!-- parent      --> "Root",
                  <!-- child       --> "BigTank10",
                  <!-- position    --> -74.697655, -8.7941246, 47.479469,
                  <!-- orientation -->   0.4617484800,   0.8870109300, -19.608144e-09,
                                       -179.73834e-09,  115.67169e-09,   1.0000000000,
                                         0.8870109300,  -0.4617484800,  212.84109e-09
               </part>
               <part>
                  <!-- parent      --> "Root",
                  <!-- child       --> "BigTank08",
                  <!-- position    --> -74.697655, -8.7941208, 27.531826,
                  <!-- orientation -->   0.4617484800,   0.8870109300, -19.608144e-09,
                                       -179.73834e-09,  115.67169e-09,   1.0000000000,
                                         0.8870109300,  -0.4617484800,  212.84109e-09
               </part>
               <part>
                  <!-- parent      --> "Root",
                  <!-- child       --> "domelarge",
                  <!-- position    --> 6.2780952, 30.373018, 105.95015,
                  <!-- orientation -->   0.9848077300,  -0.1736482400,  282.00051e-09,
                                       -190.99457e-09,  540.79197e-09,   1.0000000000,
                                        -0.1736482400,  -0.9848077300,  499.41025e-09
               </part>
               <part>
                  <!-- parent      --> "Root",
                  <!-- child       --> "domesmall",
                  <!-- position    --> 14.859171, 29.51613, 122.90969,
                  <!-- orientation -->   0.9848077300,  -0.1736484500,  242.19366e-09,
                                       -162.58792e-09,  472.65519e-09,   1.0000000000,
                                        -0.1736484500,  -0.9848077300,  437.24131e-09
               </part>
               <part>
                  <!-- parent      --> "Root",
                  <!-- child       --> "domebases",
                  <!-- position    --> 6.2372169, 29.859404, 105.97137,
                  <!-- orientation -->   0.7071066500,  -0.7071069500,  152.07220e-09,
                                        289.06567e-09,  504.12808e-09,   1.0000000000,
                                        -0.7071069500,  -0.7071066500,  560.87265e-09
               </part>
               <part>
                  <!-- parent      --> "Root",
                  <!-- child       --> "terraformer02",
                  <!-- position    --> -978.92993, -27.780462, -153.52049,
                  <!-- orientation -->   0.8788170200, -8.8430738e-09,   0.4771589600,
                                        156.15664e-09,   1.0000000000, -269.07185e-09,
                                        -0.4771589600,  310.97647e-09,   0.8788170200
               </part>
               <part>
                  <!-- parent      --> "Root",
                  <!-- child       --> "terraformer03",
                  <!-- position    --> -267.62756, 48.364281, -1145.9659,
                  <!-- orientation -->   0.8433914200, -1.7236421e-09,   0.5372996300,
                                        132.49564e-09,   1.0000000000, -204.76851e-09,
                                        -0.5372996300,  243.88987e-09,   0.8433914200
               </part>
               <part>
                  <!-- parent      --> "Root",
                  <!-- child       --> "terraformer01",
                  <!-- position    --> -222.47665, -16.727266, -186.29713,
                  <!-- orientation -->   1.0000000000, -15.374226e-09,  23.816799e-09,
                                        15.374232e-09,   1.0000000000, -232.74940e-09,
                                       -23.816796e-09,  232.74940e-09,   1.0000000000
               </part>
               <part>
                  <!-- parent      --> "Root",
                  <!-- child       --> "antenae03",
                  <!-- position    --> 161.98605, 4.0502672, -86.165871,
                  <!-- orientation -->   0.9063055500,  -0.4226219100,  987.78331e-06,
                                        -0.0045591905,  -0.0074399221,   0.9999619100,
                                        -0.4225984500,  -0.9062755700,  -0.0086696558
               </part>
               <part>
                  <!-- parent      --> "Root",
                  <!-- child       --> "antenae1",
                  <!-- position    --> -79.240295, 12.263731, 92.670982,
                  <!-- orientation -->  -0.8526402100,   0.5224985500,  29.802329e-09,
                                        -0.0045595579,  -0.0074405796,   0.9999619100,
                                         0.5224786400,   0.8526077300,   0.0087264990
               </part>
               <part>
                  <!-- parent      --> "Root",
                  <!-- child       --> "antenae2",
                  <!-- position    --> 25.951424, 35.102661, 172.15759,
                  <!-- orientation -->   0.9271677700,   0.3745807700,   0.0070145153,
                                        -0.0045594876,  -0.0074398872,   0.9999619100,
                                         0.3746187100,  -0.9271644400,  -0.0051901271
               </part>
               <part>
                  <!-- parent      --> "Root",
                  <!-- child       --> "pad01",
                  <!-- position    --> -45.033783, 0.138161, 24.614141,
                  <!-- orientation -->   1.0000000000, -98.632370e-09, -58.030537e-09,
                                        58.030569e-09,  330.10284e-09,   1.0000000000,
                                       -98.632349e-09,  -1.0000000000,  330.10284e-09
               </part>
               <part>
                  <!-- parent      --> "Root",
                  <!-- child       --> "Pad_pylon01",
                  <!-- position    --> 23.775133, 0.43685776, 3.3261755,
                  <!-- orientation --> -19.229473e-09,  31.849996e-09,  -1.0000000000,
                                       -161.77064e-09,   1.0000000000,  31.850000e-09,
                                         1.0000000000,  161.77064e-09, -19.229468e-09
               </part>
               <part>
                  <!-- parent      --> "Root",
                  <!-- child       --> "Pad_pylon02",
                  <!-- position    --> 23.775135, 0.43685955, -2.9492273,
                  <!-- orientation --> -19.229473e-09,  31.849996e-09,  -1.0000000000,
                                       -161.77064e-09,   1.0000000000,  31.850000e-09,
                                         1.0000000000,  161.77064e-09, -19.229468e-09
               </part>
               <part>
                  <!-- parent      --> "Root",
                  <!-- child       --> "Pad_pylon03",
                  <!-- position    --> 10.340281, 0.43686563, -21.893009,
                  <!-- orientation --> -19.229473e-09,  31.849996e-09,  -1.0000000000,
                                       -161.77064e-09,   1.0000000000,  31.850000e-09,
                                         1.0000000000,  161.77064e-09, -19.229468e-09
               </part>
               <part>
                  <!-- parent      --> "Root",
                  <!-- child       --> "Pad_pylon04",
                  <!-- position    --> 4.422915, 0.43686643, -23.751528,
                  <!-- orientation --> -19.229473e-09,  31.849996e-09,  -1.0000000000,
                                       -161.77064e-09,   1.0000000000,  31.850000e-09,
                                         1.0000000000,  161.77064e-09, -19.229468e-09
               </part>
               <part>
                  <!-- parent      --> "Root",
                  <!-- child       --> "Pad_pylon05",
                  <!-- position    --> -17.327948, 0.43686539, -16.619104,
                  <!-- orientation --> -19.229473e-09,  31.849996e-09,  -1.0000000000,
                                       -161.77064e-09,   1.0000000000,  31.850000e-09,
                                         1.0000000000,  161.77064e-09, -19.229468e-09
               </part>
               <part>
                  <!-- parent      --> "Root",
                  <!-- child       --> "Pad_pylon06",
                  <!-- position    --> -21.10545, 0.43686408, -11.451226,
                  <!-- orientation --> -19.229473e-09,  31.849996e-09,  -1.0000000000,
                                       -161.77064e-09,   1.0000000000,  31.850000e-09,
                                         1.0000000000,  161.77064e-09, -19.229468e-09
               </part>
               <part>
                  <!-- parent      --> "Root",
                  <!-- child       --> "Pad_pylon07",
                  <!-- position    --> -21.10545, 0.4368574, 11.818441,
                  <!-- orientation --> -19.229473e-09,  31.849996e-09,  -1.0000000000,
                                       -161.77064e-09,   1.0000000000,  31.850000e-09,
                                         1.0000000000,  161.77064e-09, -19.229468e-09
               </part>
               <part>
                  <!-- parent      --> "Root",
                  <!-- child       --> "Pad_pylon08",
                  <!-- position    --> -17.270773, 0.43685588, 16.513733,
                  <!-- orientation --> -19.229473e-09,  31.849996e-09,  -1.0000000000,
                                       -161.77064e-09,   1.0000000000,  31.850000e-09,
                                         1.0000000000,  161.77064e-09, -19.229468e-09
               </part>
               <part>
                  <!-- parent      --> "Root",
                  <!-- child       --> "Pad_pylon09",
                  <!-- position    --> 3.3279593, 0.43685308, 22.940987,
                  <!-- orientation --> -19.229473e-09,  31.849996e-09,  -1.0000000000,
                                       -161.77064e-09,   1.0000000000,  31.850000e-09,
                                         1.0000000000,  161.77064e-09, -19.229468e-09
               </part>
               <part>
                  <!-- parent      --> "Root",
                  <!-- child       --> "Pad_pylon10",
                  <!-- position    --> 10.805684, 0.43685332, 20.868328,
                  <!-- orientation --> -19.229473e-09,  31.849996e-09,  -1.0000000000,
                                       -161.77064e-09,   1.0000000000,  31.850000e-09,
                                         1.0000000000,  161.77064e-09, -19.229468e-09
               </part>
               <part>
                  <!-- parent      --> "Root",
                  <!-- child       --> "Pad_pylon11",
                  <!-- position    --> -21.375248, 0.43685281, 27.882309,
                  <!-- orientation --> -19.229473e-09,  31.849996e-09,  -1.0000000000,
                                       -161.77064e-09,   1.0000000000,  31.850000e-09,
                                         1.0000000000,  161.77064e-09, -19.229468e-09
               </part>
               <part>
                  <!-- parent      --> "Root",
                  <!-- child       --> "Pad_pylon12",
                  <!-- position    --> -21.375248, 0.4368546, 21.606905,
                  <!-- orientation --> -19.229473e-09,  31.849996e-09,  -1.0000000000,
                                       -161.77064e-09,   1.0000000000,  31.850000e-09,
                                         1.0000000000,  161.77064e-09, -19.229468e-09
               </part>
               <part>
                  <!-- parent      --> "Root",
                  <!-- child       --> "Pad_pylon13",
                  <!-- position    --> -34.810101, 0.43686068, 2.6631277,
                  <!-- orientation --> -19.229473e-09,  31.849996e-09,  -1.0000000000,
                                       -161.77064e-09,   1.0000000000,  31.850000e-09,
                                         1.0000000000,  161.77064e-09, -19.229468e-09
               </part>
               <part>
                  <!-- parent      --> "Root",
                  <!-- child       --> "Pad_pylon14",
                  <!-- position    --> -40.727463, 0.43686149, 0.72615212,
                  <!-- orientation --> -19.229473e-09,  31.849996e-09,  -1.0000000000,
                                       -161.77064e-09,   1.0000000000,  31.850000e-09,
                                         1.0000000000,  161.77064e-09, -19.229468e-09
               </part>
               <part>
                  <!-- parent      --> "Root",
                  <!-- child       --> "Pad_pylon15",
                  <!-- position    --> -62.478329, 0.43686044, 7.9370294,
                  <!-- orientation --> -19.229473e-09,  31.849996e-09,  -1.0000000000,
                                       -161.77064e-09,   1.0000000000,  31.850000e-09,
                                         1.0000000000,  161.77064e-09, -19.229468e-09
               </part>
               <part>
                  <!-- parent      --> "Root",
                  <!-- child       --> "Pad_pylon16",
                  <!-- position    --> -66.255829, 0.43685913, 13.104909,
                  <!-- orientation --> -19.229473e-09,  31.849996e-09,  -1.0000000000,
                                       -161.77064e-09,   1.0000000000,  31.850000e-09,
                                         1.0000000000,  161.77064e-09, -19.229468e-09
               </part>
               <part>
                  <!-- parent      --> "Root",
                  <!-- child       --> "Pad_pylon17",
                  <!-- position    --> -66.255829, 0.43685246, 36.374573,
                  <!-- orientation --> -19.229473e-09,  31.849996e-09,  -1.0000000000,
                                       -161.77064e-09,   1.0000000000,  31.850000e-09,
                                         1.0000000000,  161.77064e-09, -19.229468e-09
               </part>
               <part>
                  <!-- parent      --> "Root",
                  <!-- child       --> "Pad_pylon18",
                  <!-- position    --> -62.421154, 0.43685094, 41.06987,
                  <!-- orientation --> -19.229473e-09,  31.849996e-09,  -1.0000000000,
                                       -161.77064e-09,   1.0000000000,  31.850000e-09,
                                         1.0000000000,  161.77064e-09, -19.229468e-09
               </part>
               <part>
                  <!-- parent      --> "Root",
                  <!-- child       --> "Pad_pylon19",
                  <!-- position    --> -41.822418, 0.43684813, 47.497124,
                  <!-- orientation --> -19.229473e-09,  31.849996e-09,  -1.0000000000,
                                       -161.77064e-09,   1.0000000000,  31.850000e-09,
                                         1.0000000000,  161.77064e-09, -19.229468e-09
               </part>
               <part>
                  <!-- parent      --> "Root",
                  <!-- child       --> "Pad_pylon20",
                  <!-- position    --> -34.344696, 0.43684837, 45.424461,
                  <!-- orientation --> -19.229473e-09,  31.849996e-09,  -1.0000000000,
                                       -161.77064e-09,   1.0000000000,  31.850000e-09,
                                         1.0000000000,  161.77064e-09, -19.229468e-09
               </part>
               <part>
                  <!-- parent      --> "Root",
                  <!-- child       --> "Object12",
                  <!-- position    --> 20.638636, 1.0598829, -21.599545,
                  <!-- orientation -->  -0.8191521200,   0.5735763300, -55.215306e-09,
                                       -47.317911e-09,  28.687969e-09,   1.0000000000,
                                         0.5735763300,   0.8191521200,  3.6406231e-09
               </part>
               <part>
                  <!-- parent      --> "Root",
                  <!-- child       --> "Object13",
                  <!-- position    --> -16.983839, 1.7957618, -41.864368,
                  <!-- orientation -->  -1.0000000000,  54.718946e-09,  18.776689e-09,
                                        18.776683e-09, -96.268209e-09,   1.0000000000,
                                        54.718949e-09,   1.0000000000,  96.268209e-09
               </part>
               <part>
                  <!-- parent      --> "Root",
                  <!-- child       --> "Object14",
                  <!-- position    --> 27.293575, 1.0598812, -12.095308,
                  <!-- orientation -->  -0.8191521200,   0.5735763300, -55.215306e-09,
                                       -47.317911e-09,  28.687969e-09,   1.0000000000,
                                         0.5735763300,   0.8191521200,  3.6406231e-09
               </part>
               <part>
                  <!-- parent      --> "Root",
                  <!-- child       --> "Object15",
                  <!-- position    --> 65.626312, 0.42766204, 27.776434,
                  <!-- orientation -->  -1.0000000000,  54.718946e-09,  18.776689e-09,
                                        18.776683e-09, -96.268209e-09,   1.0000000000,
                                        54.718949e-09,   1.0000000000,  96.268209e-09
               </part>
               <part>
