<?xml version="1.0" encoding="ISO-8859-1"?>
<!-- XML generated by UTFXML Version 2.2 built 19-Aug-2010 -->
<UTFXML filename="co_curacao_equip.cmp" path="BASES\PIRATE">
   <UTF_ROOT>
      <VMeshLibrary>
         <data.bases.pirate.co_curacao_equip.lod0-212.vms include="co_curacao_equip_cmp\lod0-212.vms.xml"/>
      </VMeshLibrary>
      <Exporter_Version name="Exporter Version" type="text">Aug 24 2002 12:33:14</Exporter_Version>
      <Cmpnd>
         <Root>
            <Object_name name="Object name" type="text">Root</Object_name>
            <File_name name="File name" type="text">Root_equip021030140705.3db</File_name>
            <Index type="int">0</Index>
         </Root>
         <Part_room>
            <Object_name name="Object name" type="text">room</Object_name>
            <File_name name="File name" type="text">room021030140705.3db</File_name>
            <Index type="int">1</Index>
         </Part_room>
         <Part_beams>
            <Object_name name="Object name" type="text">beams</Object_name>
            <File_name name="File name" type="text">beams021030140705.3db</File_name>
            <Index type="int">2</Index>
         </Part_beams>
         <Part_skull_frame>
            <Object_name name="Object name" type="text">skull_frame</Object_name>
            <File_name name="File name" type="text">skull_frame021030140705.3db</File_name>
            <Index type="int">3</Index>
         </Part_skull_frame>
         <Part_skulls>
            <Object_name name="Object name" type="text">skulls</Object_name>
            <File_name name="File name" type="text">skulls021030140705.3db</File_name>
            <Index type="int">4</Index>
         </Part_skulls>
         <Part_ceiling>
            <Object_name name="Object name" type="text">ceiling</Object_name>
            <File_name name="File name" type="text">ceiling021030140705.3db</File_name>
            <Index type="int">5</Index>
         </Part_ceiling>
         <Cons>
            <Fix type="Fix" count="5">
               <part>
                  <!-- parent      --> "Root",
                  <!-- child       --> "room",
                  <!-- position    --> -6.6463881, 0.75564039, -20.173306,
                  <!-- orientation -->   1.0000000000, -30.316339e-15, -19.421659e-15,
                                        30.316339e-15,   1.0000000000,  5.6999354e-15,
                                        19.421659e-15, -5.6999354e-15,   1.0000000000
               </part>
               <part>
                  <!-- parent      --> "Root",
                  <!-- child       --> "beams",
                  <!-- position    --> -15.917403, 23.408871, -4.1510668,
                  <!-- orientation -->   1.0000000000, -33.869053e-15,  9.0000503e-15,
                                        33.869053e-15,   1.0000000000,  5.6999342e-15,
                                       -9.0000503e-15, -5.6999342e-15,   1.0000000000
               </part>
               <part>
                  <!-- parent      --> "Root",
                  <!-- child       --> "skull_frame",
                  <!-- position    --> 24.70092, -1.6132948, -0.71409082,
                  <!-- orientation -->   1.0000000000,  21.652699e-09, -115.17518e-09,
                                       -21.652699e-09,   1.0000000000,  175.10267e-12,
                                        115.17518e-09, -175.10017e-12,   1.0000000000
               </part>
               <part>
                  <!-- parent      --> "Root",
                  <!-- child       --> "skulls",
                  <!-- position    --> 25.413715, 16.048315, -1.8225121,
                  <!-- orientation -->  -0.4848094000,  -0.8746198400,  93.840683e-09,
                                       -9.2509893e-09,  112.42101e-09,   1.0000000000,
                                        -0.8746198400,   0.4848094000, -62.593863e-09
               </part>
               <part>
                  <!-- parent      --> "Root",
                  <!-- child       --> "ceiling",
                  <!-- position    --> 6.1334233, 5.3759699, 7.2317214,
                  <!-- orientation -->  -1.0000000000,  43.711392e-09,  194.70731e-09,
                                        43.711388e-09,   1.0000000000, -11.901037e-09,
                                       -194.70731e-09, -11.901028e-09,  -1.0000000000
               </part>
            </Fix>
         </Cons>
      </Cmpnd>
      <Material_library name="Material library">
         <Material_count name="Material count" type="int">10</Material_count>
         <skull02.tga021030140705>
            <Dt_name type="text">skull02.tga021030140705</Dt_name>
            <Dm0_name type="text">stdtl2</Dm0_name>
            <Dm1_name type="text">stdtl2</Dm1_name>
            <Dm0_flags type="int">0x40</Dm0_flags>
            <Dm1_flags type="int">0x40</Dm1_flags>
            <TileRate1 type="float">2</TileRate1>
            <TileRate0 type="float">2</TileRate0>
            <Type type="text">Masked2DetailMapMaterial</Type>
            <Dt_flags type="int">0x40</Dt_flags>
         </skull02.tga021030140705>
         <skull01.tga021030140705>
            <Dt_name type="text">skull01.tga021030140705</Dt_name>
            <Dm0_name type="text">stdtl2</Dm0_name>
            <Dm1_name type="text">stdtl2</Dm1_name>
            <Dm0_flags type="int">0x40</Dm0_flags>
            <Dm1_flags type="int">0x40</Dm1_flags>
            <TileRate1 type="float">2</TileRate1>
            <TileRate0 type="float">2</TileRate0>
            <Type type="text">Masked2DetailMapMaterial</Type>
            <Dt_flags type="int">0x40</Dt_flags>
         </skull01.tga021030140705>
         <detailmap_co_pnl_128.tga021030140705>
            <Type type="text">DcDtBt</Type>
            <Dt_name type="text">co_pnl_128.tga021030140705</Dt_name>
            <Dt_flags type="int">0x40</Dt_flags>
            <Bt_name type="text">dtl_tile.tga021030140705</Bt_name>
            <Bt_flags type="int">0x50</Bt_flags>
         </detailmap_co_pnl_128.tga021030140705>
         <co_pnl01_128.tga021030140705>
            <Dt_name type="text">co_pnl01_128.tga021030140705</Dt_name>
            <Dm0_name type="text">stdtl1</Dm0_name>
            <Dm1_name type="text">stdtl1</Dm1_name>
            <Dm0_flags type="int">0x40</Dm0_flags>
            <Dm1_flags type="int">0x40</Dm1_flags>
            <TileRate1 type="float">2</TileRate1>
            <TileRate0 type="float">2</TileRate0>
            <Type type="text">Masked2DetailMapMaterial</Type>
            <Dt_flags type="int">0x40</Dt_flags>
         </co_pnl01_128.tga021030140705>
         <detailmap_p_e021021030140705>
            <Type type="text">DcDtBtEcEt</Type>
            <Dt_name type="text">p_e021.tga021030140705</Dt_name>
            <Dt_flags type="int">0x40</Dt_flags>
            <Bt_name type="text">dtl_tile.tga021030140705</Bt_name>
            <Bt_flags type="int">0x50</Bt_flags>
            <Ec type="RGB">0.8, 0.8, 0.8</Ec>
            <Et_name type="text">p_e021.tga021030140705</Et_name>
            <Et_flags type="int">0x40</Et_flags>
         </detailmap_p_e021021030140705>
         <lib_shroom16.tga021030140705>
            <Dt_name type="text">lib_shroom16.tga021030140705lib_shroom18.tga</Dt_name>
            <Ec type="RGB">0.25, 0.25, 0.25</Ec>
            <Dm0_name type="text">stdtl1</Dm0_name>
            <Dm1_name type="text">stdtl1</Dm1_name>
            <Dm0_flags type="int">0x40</Dm0_flags>
            <Dm1_flags type="int">0x40</Dm1_flags>
            <TileRate1 type="float">2</TileRate1>
            <TileRate0 type="float">2</TileRate0>
            <Type type="text">Masked2DetailMapMaterial</Type>
            <Dt_flags type="int">0x40</Dt_flags>
         </lib_shroom16.tga021030140705>
         <red_light021030140705>
            <Type type="text">DcDtEt</Type>
            <Dt_name type="text">red_light.tga021030140705</Dt_name>
            <Dt_flags type="int">0x40</Dt_flags>
            <Et_name type="text">red_light.tga021030140705</Et_name>
            <Et_flags type="int">0x40</Et_flags>
         </red_light021030140705>
         <skull03.tga021030140705>
            <Dt_name type="text">skull03.tga021030140705</Dt_name>
            <Dm0_name type="text">stdtl2</Dm0_name>
            <Dm1_name type="text">stdtl2</Dm1_name>
            <Dm0_flags type="int">0x40</Dm0_flags>
            <Dm1_flags type="int">0x40</Dm1_flags>
            <TileRate1 type="float">2</TileRate1>
            <TileRate0 type="float">2</TileRate0>
            <Type type="text">Masked2DetailMapMaterial</Type>
            <Dt_flags type="int">0x40</Dt_flags>
         </skull03.tga021030140705>
         <co_pnl02_128.tga021030140705>
            <Dt_name type="text">co_pnl02_128.tga021030140705</Dt_name>
            <Dm0_name type="text">stdtl1</Dm0_name>
            <Dm1_name type="text">stdtl1</Dm1_name>
            <Dm0_flags type="int">0x40</Dm0_flags>
            <Dm1_flags type="int">0x40</Dm1_flags>
            <TileRate1 type="float">2</TileRate1>
            <TileRate0 type="float">2</TileRate0>
            <Type type="text">Masked2DetailMapMaterial</Type>
            <Dt_flags type="int">0x40</Dt_flags>
         </co_pnl02_128.tga021030140705>
         <bw_depot_inside.tga021030140705>
            <Dt_name type="text">bw_depot_inside.tga021030140705</Dt_name>
            <Dm0_name type="text">stdtl1</Dm0_name>
            <Dm1_name type="text">stdtl1</Dm1_name>
            <Dm0_flags type="int">0x40</Dm0_flags>
            <Dm1_flags type="int">0x40</Dm1_flags>
            <TileRate1 type="float">2</TileRate1>
            <TileRate0 type="float">2</TileRate0>
            <Type type="text">Masked2DetailMapMaterial</Type>
            <Dt_flags type="int">0x40</Dt_flags>
         </bw_depot_inside.tga021030140705>
      </Material_library>
      <Texture_library name="Texture library">
         <bw_depot_inside.tga021030140705>
            <MIPS type="file" filename="co_curacao_equip_cmp\bw_depot_inside.dds"/>
         </bw_depot_inside.tga021030140705>
         <co_pnl02_128.tga021030140705>
            <MIPS type="file" filename="co_curacao_equip_cmp\co_pnl02_128.dds"/>
         </co_pnl02_128.tga021030140705>
         <skull03.tga021030140705>
            <MIPS type="file" filename="co_curacao_equip_cmp\skull03.dds"/>
         </skull03.tga021030140705>
         <red_light.tga021030140705>
            <MIPS type="file" filename="co_curacao_equip_cmp\red_light.dds"/>
         </red_light.tga021030140705>
         <lib_shroom16.tga021030140705lib_shroom18.tga>
            <MIPS type="file" filename="co_curacao_equip_cmp\lib_shroom16.tga021030140705lib_shroom18.dds"/>
         </lib_shroom16.tga021030140705lib_shroom18.tga>
         <p_e021.tga021030140705>
            <MIPS type="file" filename="co_curacao_equip_cmp\p_e021.dds"/>
         </p_e021.tga021030140705>
         <co_pnl01_128.tga021030140705>
            <MIPS type="file" filename="co_curacao_equip_cmp\co_pnl01_128.dds"/>
         </co_pnl01_128.tga021030140705>
         <dtl_tile.tga021030140705>
            <MIPS type="file" filename="co_curacao_equip_cmp\dtl_tile.dds"/>
         </dtl_tile.tga021030140705>
         <co_pnl_128.tga021030140705>
            <MIPS type="file" filename="co_curacao_equip_cmp\co_pnl_128.dds"/>
         </co_pnl_128.tga021030140705>
         <skull01.tga021030140705>
            <MIPS type="file" filename="co_curacao_equip_cmp\skull01.dds"/>
         </skull01.tga021030140705>
         <skull02.tga021030140705>
            <MIPS type="file" filename="co_curacao_equip_cmp\skull02.dds"/>
         </skull02.tga021030140705>
         <stdtl1>
            <MIPS type="file" filename="co_curacao_equip_cmp\stdtl1.dds"/>
         </stdtl1>
         <stdtl2>
            <MIPS type="file" filename="co_curacao_equip_cmp\stdtl2.dds"/>
         </stdtl2>
      </Texture_library>
      <Root_equip021030140705.3db>
         <VMeshPart>
            <VMeshRef type="VMeshRef">
               <!-- header size  --> 60,
               <!-- vmesh lib    --> data.bases.pirate.co_curacao_equip.lod0-212.vms,
               <!-- start vert   --> 173,
               <!-- num verts    --> 1106,
               <!-- start index  --> 177,
               <!-- num indices  --> 1980,
               <!-- start mesh   --> 3,
               <!-- num meshes   --> 7,
               <!-- bounding box -->  30.090424,     2.3398809,  25.899532,
                                     -27.940578,   -51.7845,    -36.816097,
               <!-- center       -->  -0.80647296, -18.644682,   -5.7444191,
               <!-- radius       --> 42.059486
            </VMeshRef>
         </VMeshPart>
         <Hardpoints>
            <Fixed>
               <HpCart03>
                  <Position type="Vector">-6.4808979, 0.25306726, -3.9687626</Position>
                  <Orientation type="Matrix">
                      -0.8191519400, -416.87636e-09,   0.5735766300,
                     -403.45850e-09,   1.0000000000,  150.60331e-09,
                      -0.5735766300, -108.04737e-09,  -0.8191519400
                  </Orientation>
               </HpCart03>
               <HpCart02Start>
                  <Position type="Vector">21.463537, 0.2530705, -7.3230314</Position>
                  <Orientation type="Matrix">
                      189.34234e-09,  225.63049e-09,   1.0000000000,
                     -311.88642e-09,   1.0000000000, -225.63043e-09,
                      -1.0000000000, -311.88637e-09,  189.34242e-09
                  </Orientation>
               </HpCart02Start>
               <HpCart02>
                  <Position type="Vector">0.92406023, 0.25306869, -6.7397437</Position>
                  <Orientation type="Matrix">
                      321.49231e-09,  59.124886e-09,   1.0000000000,
                     -462.43915e-09,   1.0000000000, -59.124737e-09,
                      -1.0000000000, -462.43912e-09,  321.49234e-09
                  </Orientation>
               </HpCart02>
               <HpCart01Start>
                  <Position type="Vector">-14.388514, 0.25307107, 9.2228384</Position>
                  <Orientation type="Matrix">
                       0.2588188900, -489.91296e-09,  -0.9659258700,
                      403.35340e-09,   1.0000000000, -399.11703e-09,
                       0.9659258700, -286.31047e-09,   0.2588188900
                  </Orientation>
               </HpCart01Start>
               <HpCart01>
                  <Position type="Vector">-1.327306, 0.25307193, 6.9686322</Position>
                  <Orientation type="Matrix">
                     -166.72486e-09, -428.40469e-09,  -1.0000000000,
                      13.085780e-09,   1.0000000000, -428.40469e-09,
                       1.0000000000, -13.085852e-09, -166.72486e-09
                  </Orientation>
               </HpCart01>
               <HpShipcentre>
                  <Position type="Vector">0.010828942, 0.0052375849, 0.37367541</Position>
                  <Orientation type="Matrix">
                       0.8660253900, -47.134577e-09,  -0.5000000000,
                      147.99360e-09,   1.0000000000,  162.06326e-09,
                       0.5000000000, -214.34771e-09,   0.8660253900
                  </Orientation>
               </HpShipcentre>
               <HpSalesguy>
                  <Position type="Vector">3.9823852, -0.020660456, 5.6656909</Position>
                  <Orientation type="Matrix">
                      -0.2588188900, -251.68555e-09,   0.9659258700,
                     -70.827902e-09,   1.0000000000,  241.58578e-09,
                      -0.9659258700, -5.8875380e-09,  -0.2588188900
                  </Orientation>
               </HpSalesguy>
               <HpPlayerStart>
                  <Position type="Vector">9.9379511, -0.02066204, -3.7236955</Position>
                  <Orientation type="Matrix">
                      -0.8191521200, -71.485339e-09,   0.5735763300,
                     -83.097909e-09,   1.0000000000,  5.9547598e-09,
                      -0.5735763300, -42.785139e-09,  -0.8191521200
                  </Orientation>
               </HpPlayerStart>
               <HpPlayer>
                  <Position type="Vector">1.874032, -0.020660145, 7.5116439</Position>
                  <Orientation type="Matrix">
                       0.8660253900, -16.151919e-09,  -0.5000000000,
                      242.97913e-09,   1.0000000000,  388.54830e-09,
                       0.5000000000, -457.98228e-09,   0.8660253900
                  </Orientation>
               </HpPlayer>
            </Fixed>
         </Hardpoints>
      </Root_equip021030140705.3db>
      <room021030140705.3db>
         <VMeshPart>
            <VMeshRef type="VMeshRef">
               <!-- header size  --> 60,
               <!-- vmesh lib    --> data.bases.pirate.co_curacao_equip.lod0-212.vms,
               <!-- start vert   --> 8,
               <!-- num verts    --> 165,
               <!-- start index  --> 12,
               <!-- num indices  --> 165,
               <!-- start mesh   --> 1,
               <!-- num meshes   --> 2,
               <!-- bounding box -->  52.90844,   61.722752,   71.595291,
                                     -26.191517, -76.853455,  -16.035002,
               <!-- center       -->  16.168291,  -7.4559321,  23.85004,
               <!-- radius       --> 84.842995
            </VMeshRef>
         </VMeshPart>
      </room021030140705.3db>
      <beams021030140705.3db>
         <VMeshPart>
            <VMeshRef type="VMeshRef">
               <!-- header size  --> 60,
               <!-- vmesh lib    --> data.bases.pirate.co_curacao_equip.lod0-212.vms,
               <!-- start vert   --> 2029,
               <!-- num verts    --> 2639,
               <!-- start index  --> 3237,
               <!-- num indices  --> 4164,
               <!-- start mesh   --> 12,
               <!-- num meshes   --> 5,
               <!-- bounding box -->  49.526085,  30.361866,  33.34436,
                                     -12.12984,  -70.545563, -32.619343,
               <!-- center       -->  17.619759, -18.065483,  -0.51257992,
               <!-- radius       --> 55.065815
            </VMeshRef>
         </VMeshPart>
      </beams021030140705.3db>
      <skull_frame021030140705.3db>
         <VMeshPart>
            <VMeshRef type="VMeshRef">
               <!-- header size  --> 60,
               <!-- vmesh lib    --> data.bases.pirate.co_curacao_equip.lod0-212.vms,
               <!-- start vert   --> 1279,
               <!-- num verts    --> 750,
               <!-- start index  --> 2157,
               <!-- num indices  --> 1080,
               <!-- start mesh   --> 10,
               <!-- num meshes   --> 2,
               <!-- bounding box -->   6.5255179,  20.030643,    25.054102,
                                     -39.548092,  -23.933729,   -26.981955,
               <!-- center       --> -17.980534,   -0.82310033,  -1.7600793,
               <!-- radius       --> 37.801521
            </VMeshRef>
         </VMeshPart>
      </skull_frame021030140705.3db>
      <skulls021030140705.3db>
         <VMeshPart>
            <VMeshRef type="VMeshRef">
               <!-- header size  --> 60,
               <!-- vmesh lib    --> data.bases.pirate.co_curacao_equip.lod0-212.vms,
               <!-- start vert   --> 4668,
               <!-- num verts    --> 1890,
               <!-- start index  --> 7401,
               <!-- num indices  --> 4596,
               <!-- start mesh   --> 17,
               <!-- num meshes   --> 4,
               <!-- bounding box -->  39.032848,  49.002731,    8.1599026,
                                     -26.044186,  -8.6840019, -18.046923,
               <!-- center       -->   6.0731535, 20.201605,   -5.1021647,
               <!-- radius       --> 36.613987
            </VMeshRef>
         </VMeshPart>
      </skulls021030140705.3db>
      <ceiling021030140705.3db>
         <VMeshPart>
            <VMeshRef type="VMeshRef">
               <!-- header size  --> 60,
               <!-- vmesh lib    --> data.bases.pirate.co_curacao_equip.lod0-212.vms,
               <!-- start vert   --> 0,
               <!-- num verts    --> 8,
               <!-- start index  --> 0,
               <!-- num indices  --> 12,
               <!-- start mesh   --> 0,
               <!-- num meshes   --> 1,
               <!-- bounding box -->  41.096848,   57.573662,   45.361519,
                                     -41.096848,  -28.52733,   -45.361515,
               <!-- center       -->  -1.6798059,   5.1747746,   0.32939312,
               <!-- radius       --> 81.628082
            </VMeshRef>
         </VMeshPart>
      </ceiling021030140705.3db>
   </UTF_ROOT>
</UTFXML>
