<?xml version="1.0" encoding="ISO-8859-1"?>
<!-- XML generated by UTFXML Version 2.2 built 19-Aug-2010 -->
<UTFXML filename="hw_gehenna7.cmp" path="SOLAR\new\Homeworld">
   <UTF_ROOT>
      <VMeshLibrary>
         <hw_gehenna7.lod0-112.vms include="hw_gehenna7_cmp\lod0-112.vms.xml"/>
      </VMeshLibrary>
      <Cmpnd>
         <Cons>
            <Fix type="Fix" count="5">
               <part>
                  <!-- parent      --> "Root",
                  <!-- child       --> "hw_gehenna7_p5_lod1",
                  <!-- position    --> 0, 0, 0,
                  <!-- orientation -->   1.0000000000,   0.0000000000,   0.0000000000,
                                         0.0000000000,   1.0000000000,   0.0000000000,
                                         0.0000000000,   0.0000000000,   1.0000000000
               </part>
               <part>
                  <!-- parent      --> "Root",
                  <!-- child       --> "hw_gehenna7_p4_lod1",
                  <!-- position    --> 0, 0, 0,
                  <!-- orientation -->   1.0000000000,   0.0000000000,   0.0000000000,
                                         0.0000000000,   1.0000000000,   0.0000000000,
                                         0.0000000000,   0.0000000000,   1.0000000000
               </part>
               <part>
                  <!-- parent      --> "Root",
                  <!-- child       --> "hw_gehenna7_p3_lod1",
                  <!-- position    --> 0, 0, 0,
                  <!-- orientation -->   1.0000000000,   0.0000000000,   0.0000000000,
                                         0.0000000000,   1.0000000000,   0.0000000000,
                                         0.0000000000,   0.0000000000,   1.0000000000
               </part>
               <part>
                  <!-- parent      --> "Root",
                  <!-- child       --> "hw_gehenna7_p2_lod1",
                  <!-- position    --> 0, 0, 0,
                  <!-- orientation -->   1.0000000000,   0.0000000000,   0.0000000000,
                                         0.0000000000,   1.0000000000,   0.0000000000,
                                         0.0000000000,   0.0000000000,   1.0000000000
               </part>
               <part>
                  <!-- parent      --> "Root",
                  <!-- child       --> "hw_gehenna7_p1_lod1",
                  <!-- position    --> 0, 0, 0,
                  <!-- orientation -->   1.0000000000,   0.0000000000,   0.0000000000,
                                         0.0000000000,   1.0000000000,   0.0000000000,
                                         0.0000000000,   0.0000000000,   1.0000000000
               </part>
            </Fix>
         </Cons>
         <Part_hw_gehenna7_p5_lod1>
            <Object_name name="Object name" type="text">hw_gehenna7_p5_lod1</Object_name>
            <Index type="int">0</Index>
            <File_name name="File name" type="text">hw_gehenna7_p5_lod1.3db</File_name>
         </Part_hw_gehenna7_p5_lod1>
         <Part_hw_gehenna7_p4_lod1>
            <Object_name name="Object name" type="text">hw_gehenna7_p4_lod1</Object_name>
            <Index type="int">0</Index>
            <File_name name="File name" type="text">hw_gehenna7_p4_lod1.3db</File_name>
         </Part_hw_gehenna7_p4_lod1>
         <Part_hw_gehenna7_p3_lod1>
            <Object_name name="Object name" type="text">hw_gehenna7_p3_lod1</Object_name>
            <Index type="int">0</Index>
            <File_name name="File name" type="text">hw_gehenna7_p3_lod1.3db</File_name>
         </Part_hw_gehenna7_p3_lod1>
         <Part_hw_gehenna7_p2_lod1>
            <Object_name name="Object name" type="text">hw_gehenna7_p2_lod1</Object_name>
            <Index type="int">0</Index>
            <File_name name="File name" type="text">hw_gehenna7_p2_lod1.3db</File_name>
         </Part_hw_gehenna7_p2_lod1>
         <Part_hw_gehenna7_p1_lod1>
            <Object_name name="Object name" type="text">hw_gehenna7_p1_lod1</Object_name>
            <Index type="int">0</Index>
            <File_name name="File name" type="text">hw_gehenna7_p1_lod1.3db</File_name>
         </Part_hw_gehenna7_p1_lod1>
         <Root>
            <Object_name name="Object name" type="text">Root</Object_name>
            <Index type="int">0</Index>
            <File_name name="File name" type="text">hw_gehenna7.3db</File_name>
         </Root>
      </Cmpnd>
      <hw_gehenna7.3db>
         <VMeshPart>
            <VMeshRef type="VMeshRef">
               <!-- header size  --> 60,
               <!-- vmesh lib    --> 0x00000000,
               <!-- start vert   --> 0,
               <!-- num verts    --> 0,
               <!-- start index  --> 0,
               <!-- num indices  --> 0,
               <!-- start mesh   --> 0,
               <!-- num meshes   --> 0,
               <!-- bounding box --> 0, 0, 0,
                                     0, 0, 0,
               <!-- center       --> 0, 0, 0,
               <!-- radius       --> 0
            </VMeshRef>
         </VMeshPart>
      </hw_gehenna7.3db>
      <hw_gehenna7_p5_lod1.3db>
         <VMeshPart>
            <VMeshRef type="VMeshRef">
               <!-- header size  --> 60,
               <!-- vmesh lib    --> hw_gehenna7.lod0-112.vms,
               <!-- start vert   --> 0,
               <!-- num verts    --> 694,
               <!-- start index  --> 0,
               <!-- num indices  --> 1221,
               <!-- start mesh   --> 0,
               <!-- num meshes   --> 1,
               <!-- bounding box -->  1411.9965,   2186.4443,    952.09131,
                                     -2858.6289,   -685.47021, -1548.1079,
               <!-- center       -->   -58.859497,  421.21887,    64.540649,
               <!-- radius       --> 2868.6587
            </VMeshRef>
         </VMeshPart>
         <VMeshWire include="hw_gehenna7_cmp\hw_gehenna7_p5_lod1.vwd.xml"/>
         <Hardpoints>
            <Fixed>
               <HpDockMountB>
                  <Position type="Vector">-1980, 450, -1380</Position>
                  <Orientation type="Matrix">
                      -0.9512512100,   0.2588191300,  -0.1677312900,
                       0.2548872200,   0.9659258100,   0.0449435340,
                       0.1736482400,  44.703484e-09,  -0.9848078500
                  </Orientation>
               </HpDockMountB>
               <HpDockPointB01>
                  <Position type="Vector">-2020, 450, -1580</Position>
                  <Orientation type="Matrix">
                      -0.9512512100,   0.2588191300,  -0.1677312900,
                       0.2548872200,   0.9659258100,   0.0449435340,
                       0.1736482400,  44.703484e-09,  -0.9848078500
                  </Orientation>
               </HpDockPointB01>
               <HpDockPointB02>
                  <Position type="Vector">-2070, 450, -1750</Position>
                  <Orientation type="Matrix">
                      -0.9512512100,   0.2588191300,  -0.1677312900,
                       0.2548872200,   0.9659258100,   0.0449435340,
                       0.1736482400,  44.703484e-09,  -0.9848078500
                  </Orientation>
               </HpDockPointB02>
               <HpLaunchCamB>
                  <Position type="Vector">-1938.7233, 455, -1625</Position>
                  <Orientation type="Matrix">
                       1.0000000000,   0.0000000000,   0.0000000000,
                       0.0000000000,   1.0000000000,   0.0000000000,
                       0.0000000000,   0.0000000000,   1.0000000000
                  </Orientation>
               </HpLaunchCamB>
            </Fixed>
            <Revolute>
               <HpTurret01>
                  <Position type="Vector">525.84375, -572.39319, -1299.9224</Position>
                  <Orientation type="Matrix">
                       0.9925462000,  -0.1145195100,  -0.0416816850,
                       0.1218691300,   0.9326883000,   0.3394706800,
                     -5.0058588e-09,  -0.3420200300,   0.9396925000
                  </Orientation>
                  <Axis type="Vector">0, 1, 0</Axis>
                  <Min type="float">-0.78539819</Min>
                  <Max type="float">0.78539819</Max>
               </HpTurret01>
               <HpTurret02>
                  <Position type="Vector">-109.14804, -131.8241, -1446.7113</Position>
                  <Orientation type="Matrix">
                      -0.9848080900,  -0.1691968100,   0.0390621830,
                       0.1736474000,  -0.9595674300,   0.2215337300,
                      145.51915e-12,   0.2249512100,   0.9743699400
                  </Orientation>
                  <Axis type="Vector">0, 1, 0</Axis>
                  <Min type="float">-0.78539819</Min>
                  <Max type="float">0.78539819</Max>
               </HpTurret02>
            </Revolute>
         </Hardpoints>
      </hw_gehenna7_p5_lod1.3db>
      <hw_gehenna7_p4_lod1.3db>
         <VMeshPart>
            <VMeshRef type="VMeshRef">
               <!-- header size  --> 60,
               <!-- vmesh lib    --> hw_gehenna7.lod0-112.vms,
               <!-- start vert   --> 694,
               <!-- num verts    --> 3069,
               <!-- start index  --> 1221,
               <!-- num indices  --> 5859,
               <!-- start mesh   --> 1,
               <!-- num meshes   --> 1,
               <!-- bounding box -->  2157.8481,    2291.325,    1794.5175,
                                     -2813.7041,   -1045.6158,  -1665.4362,
               <!-- center       -->   -58.859497,   421.21887,    64.540649,
               <!-- radius       --> 2793.9863
            </VMeshRef>
         </VMeshPart>
         <VMeshWire include="hw_gehenna7_cmp\hw_gehenna7_p4_lod1.vwd.xml"/>
         <Hardpoints>
            <Fixed>
               <HpDockMountA>
                  <Position type="Vector">-119, -270, -1100</Position>
                  <Orientation type="Matrix">
                      -0.9925460800,   0.1145195600,  -0.0416815730,
                       0.1218691200,   0.9326883000,  -0.3394708600,
                     -149.06982e-09,  -0.3420201200,  -0.9396923200
                  </Orientation>
               </HpDockMountA>
               <HpDockPointA01>
                  <Position type="Vector">-119, -454, -1680</Position>
                  <Orientation type="Matrix">
                      -0.9925460800,   0.1145195600,  -0.0416815730,
                       0.1218691200,   0.9326883000,  -0.3394708600,
                     -149.06982e-09,  -0.3420201200,  -0.9396923200
                  </Orientation>
               </HpDockPointA01>
               <HpDockPointA02>
                  <Position type="Vector">-119, -538, -1960</Position>
                  <Orientation type="Matrix">
                      -0.9925460800,   0.1145195600,  -0.0416815730,
                       0.1218691200,   0.9326883000,  -0.3394708600,
                     -149.06982e-09,  -0.3420201200,  -0.9396923200
                  </Orientation>
               </HpDockPointA02>
               <HpLaunchCamA>
                  <Position type="Vector">475.16592, -518, -1890</Position>
                  <Orientation type="Matrix">
                       1.0000000000,   0.0000000000,   0.0000000000,
                       0.0000000000,   1.0000000000,   0.0000000000,
                       0.0000000000,   0.0000000000,   1.0000000000
                  </Orientation>
               </HpLaunchCamA>
               <HpDockCamA>
                  <Position type="Vector">-839.54028, -465.83063, -1890</Position>
                  <Orientation type="Matrix">
                       1.0000000000,   0.0000000000,   0.0000000000,
                       0.0000000000,   1.0000000000,   0.0000000000,
                       0.0000000000,   0.0000000000,   1.0000000000
                  </Orientation>
               </HpDockCamA>
            </Fixed>
            <Revolute>
               <HpTurret03>
                  <Position type="Vector">-2020.2996, 412.10556, -1443.2545</Position>
                  <Orientation type="Matrix">
                       0.9848078500,   0.1715103100,   0.0271645800,
                      -0.1736482400,   0.9726829500,   0.1540579200,
                     -2.7848728e-09,  -0.1564345100,   0.9876884200
                  </Orientation>
                  <Axis type="Vector">0, 1, 0</Axis>
                  <Min type="float">-0.78539819</Min>
                  <Max type="float">0.78539819</Max>
               </HpTurret03>
            </Revolute>
         </Hardpoints>
      </hw_gehenna7_p4_lod1.3db>
      <hw_gehenna7_p3_lod1.3db>
         <VMeshPart>
            <VMeshRef type="VMeshRef">
               <!-- header size  --> 60,
               <!-- vmesh lib    --> hw_gehenna7.lod0-112.vms,
               <!-- start vert   --> 3763,
               <!-- num verts    --> 54,
               <!-- start index  --> 7080,
               <!-- num indices  --> 96,
               <!-- start mesh   --> 2,
               <!-- num meshes   --> 1,
               <!-- bounding box -->  1702.1257,   2080.7295,    803.03876,
                                     -2486.7495,   -957.2088,  -1619.9985,
               <!-- center       -->   -58.859497,  421.21887,    64.540649,
               <!-- radius       --> 2518.4395
            </VMeshRef>
         </VMeshPart>
         <VMeshWire include="hw_gehenna7_cmp\hw_gehenna7_p3_lod1.vwd.xml"/>
      </hw_gehenna7_p3_lod1.3db>
      <hw_gehenna7_p2_lod1.3db>
         <VMeshPart>
            <VMeshRef type="VMeshRef">
               <!-- header size  --> 60,
               <!-- vmesh lib    --> hw_gehenna7.lod0-112.vms,
               <!-- start vert   --> 3817,
               <!-- num verts    --> 289,
               <!-- start index  --> 7176,
               <!-- num indices  --> 1236,
               <!-- start mesh   --> 3,
               <!-- num meshes   --> 1,
               <!-- bounding box -->  2985.7087,    2232.5999,   1646.9373,
                                     -3103.4277,   -1448.8872,  -1428.5253,
               <!-- center       -->   -58.859497,   421.21887,    64.540649,
               <!-- radius       --> 3131.1965
            </VMeshRef>
         </VMeshPart>
         <VMeshWire include="hw_gehenna7_cmp\hw_gehenna7_p2_lod1.vwd.xml"/>
      </hw_gehenna7_p2_lod1.3db>
      <hw_gehenna7_p1_lod1.3db>
         <VMeshPart>
            <VMeshRef type="VMeshRef">
               <!-- header size  --> 60,
               <!-- vmesh lib    --> hw_gehenna7.lod0-112.vms,
               <!-- start vert   --> 4106,
               <!-- num verts    --> 849,
               <!-- start index  --> 8412,
               <!-- num indices  --> 1347,
               <!-- start mesh   --> 4,
               <!-- num meshes   --> 1,
               <!-- bounding box -->  1779.199,    2232.5999,   1215.9332,
                                     -2890.7463,   -957.2088,  -1629.0145,
               <!-- center       -->   -58.859497,  421.21887,    64.540649,
               <!-- radius       --> 2897.3701
            </VMeshRef>
         </VMeshPart>
         <VMeshWire include="hw_gehenna7_cmp\hw_gehenna7_p1_lod1.vwd.xml"/>
      </hw_gehenna7_p1_lod1.3db>
   </UTF_ROOT>
</UTFXML>
