<?xml version="1.0" encoding="ISO-8859-1"?>
<!-- XML generated by UTFXML Version 2.2 built 19-Aug-2010 -->
<UTFXML filename="br_battleship.cmp" path="SHIPS\BRETONIA\BR_BATTLESHIP">
   <UTF_ROOT>
      <VMeshLibrary>
         <data.ships.bretonia.br_battleship.br_battleship.lod0-112.vms include="br_battleship_cmp\lod0-112.vms.xml"/>
         <data.ships.bretonia.br_battleship.br_battleship.lod1-112.vms include="br_battleship_cmp\lod1-112.vms.xml"/>
         <data.ships.bretonia.br_battleship.br_battleship.lod2-112.vms include="br_battleship_cmp\lod2-112.vms.xml"/>
         <data.ships.bretonia.br_battleship.br_battleship.lod3-112.vms include="br_battleship_cmp\lod3-112.vms.xml"/>
         <data.ships.bretonia.br_battleship.br_battleship.lod4-112.vms include="br_battleship_cmp\lod4-112.vms.xml"/>
      </VMeshLibrary>
      <Animation>
         <Script>
            <Sc_open_dock1 name="Sc_open dock1">
               <Joint_map_0 name="Joint map 0">
                  <Channel>
                     <Header type="Header">
                        <!-- count    --> 2,
                        <!-- interval --> Explicit,
                        <!-- flags    --> 0x1
                     </Header>
                     <Frames type="Frames" count="2">
                          0.0000000000:     0.0000000000
                          3.3333335000:    14.9562120000
                     </Frames>
                  </Channel>
                  <Child_name name="Child name" type="text">baypoly_lod1</Child_name>
                  <Parent_name name="Parent name" type="text">Root</Parent_name>
               </Joint_map_0>
               <Joint_map_1 name="Joint map 1">
                  <Channel>
                     <Header type="Header">
                        <!-- count    --> 2,
                        <!-- interval --> Explicit,
                        <!-- flags    --> 0x1
                     </Header>
                     <Frames type="Frames" count="2">
                          0.0000000000:   0.0000000000
                          3.3333335000:   1.3962600000
                     </Frames>
                  </Channel>
                  <Child_name name="Child name" type="text">Br_port_baydoor_lod1</Child_name>
                  <Parent_name name="Parent name" type="text">baypoly_lod1</Parent_name>
               </Joint_map_1>
               <Joint_map_2 name="Joint map 2">
                  <Channel>
                     <Header type="Header">
                        <!-- count    --> 2,
                        <!-- interval --> Explicit,
                        <!-- flags    --> 0x1
                     </Header>
                     <Frames type="Frames" count="2">
                          0.0000000000:   0.0000000000
                          3.3333335000:   1.3962600000
                     </Frames>
                  </Channel>
                  <Child_name name="Child name" type="text">Br_star_baydoor_lod1</Child_name>
                  <Parent_name name="Parent name" type="text">baypoly_lod1</Parent_name>
               </Joint_map_2>
            </Sc_open_dock1>
         </Script>
      </Animation>
      <baypoly_lod1021119215401.3db>
         <VMeshWire include="br_battleship_cmp\baypoly_lod1.vwd.xml"/>
         <MultiLevel>
            <Level0>
               <VMeshPart>
                  <VMeshRef type="VMeshRef">
                     <!-- header size  --> 60,
                     <!-- vmesh lib    --> data.ships.bretonia.br_battleship.br_battleship.lod0-112.vms,
                     <!-- start vert   --> 13428,
                     <!-- num verts    --> 3,
                     <!-- start index  --> 16869,
                     <!-- num indices  --> 3,
                     <!-- start mesh   --> 57,
                     <!-- num meshes   --> 1,
                     <!-- bounding box -->  0.26516113,   665.5482e-6,   0.30723023,
                                           -0.26516116,  -667.59065e-6, -0.30723667,
                     <!-- center       --> -0.022918925,   41.03098e-6, -0.019388448,
                     <!-- radius       --> 0.40724331
                  </VMeshRef>
               </VMeshPart>
            </Level0>
            <Level1>
               <VMeshPart>
                  <VMeshRef type="VMeshRef">
                     <!-- header size  --> 60,
                     <!-- vmesh lib    --> data.ships.bretonia.br_battleship.br_battleship.lod1-112.vms,
                     <!-- start vert   --> 7423,
                     <!-- num verts    --> 3,
                     <!-- start index  --> 10347,
                     <!-- num indices  --> 3,
                     <!-- start mesh   --> 51,
                     <!-- num meshes   --> 1,
                     <!-- bounding box -->  0.26516113,   665.5482e-6,   0.30723023,
                                           -0.26516116,  -667.59065e-6, -0.30723667,
                     <!-- center       --> -0.022918925,   41.03098e-6, -0.019388448,
                     <!-- radius       --> 0.40724331
                  </VMeshRef>
               </VMeshPart>
            </Level1>
            <Level2>
               <VMeshPart>
                  <VMeshRef type="VMeshRef">
                     <!-- header size  --> 60,
                     <!-- vmesh lib    --> data.ships.bretonia.br_battleship.br_battleship.lod2-112.vms,
                     <!-- start vert   --> 3672,
                     <!-- num verts    --> 3,
                     <!-- start index  --> 5142,
                     <!-- num indices  --> 3,
                     <!-- start mesh   --> 42,
                     <!-- num meshes   --> 1,
                     <!-- bounding box -->  0.26516113,   665.5482e-6,   0.30723023,
                                           -0.26516116,  -667.59065e-6, -0.30723667,
                     <!-- center       --> -0.022918925,   41.03098e-6, -0.019388448,
                     <!-- radius       --> 0.40724331
                  </VMeshRef>
               </VMeshPart>
            </Level2>
            <Switch2 type="float array" count="4">
               0,
               100,
               1000,
               1000000
            </Switch2>
         </MultiLevel>
         <Hardpoints>
            <Fixed>
               <HpCloak01>
                  <Orientation type="Matrix">
                       1.0000000000,   0.0000000000,   0.0000000000,
                       0.0000000000,   1.0000000000,   0.0000000000,
                       0.0000000000,   0.0000000000,   1.0000000000
                  </Orientation>
                  <Position type="Vector">0, 20, -80</Position>
               </HpCloak01>
            </Fixed>
         </Hardpoints>
      </baypoly_lod1021119215401.3db>
      <Br_Battleship_lod1021119215401.3db>
         <Hardpoints>
            <Fixed>
               <DpBaydoor>
                  <Orientation type="Matrix">
                       1.0000000000,  125.01521e-09, -356.33323e-09,
                     -125.01521e-09,   1.0000000000,  11.111276e-09,
                      356.33323e-09, -11.111232e-09,   1.0000000000
                  </Orientation>
                  <Position type="Vector">-0.06514366, -23.911367, 31.844326</Position>
               </DpBaydoor>
               <DpMain>
                  <Orientation type="Matrix">
                      -1.0000000000,  107.87619e-09,  215.37656e-09,
                      107.87614e-09,   1.0000000000, -243.38593e-09,
                     -215.37659e-09, -243.38590e-09,  -1.0000000000
                  </Orientation>
                  <Position type="Vector">-0.065127887, -14.289253, -36.987087</Position>
               </DpMain>
               <DpTail>
                  <Orientation type="Matrix">
                       1.0000000000,  227.88319e-09, -1.2244024e-09,
                     -227.88319e-09,   1.0000000000,  194.98411e-09,
                      1.2244468e-09, -194.98411e-09,   1.0000000000
                  </Orientation>
                  <Position type="Vector">-0.065163545, -10.728141, 81.331734</Position>
               </DpTail>
               <HpBayDoor01>
                  <Orientation type="Matrix">
                      -1.0000000000,  96.857569e-09, -156.46222e-09,
                     -96.857583e-09,  -1.0000000000,  104.30812e-09,
                     -156.46221e-09,  104.30814e-09,   1.0000000000
                  </Orientation>
                  <Position type="Vector">0.037321839, -29.483253, 36.253365</Position>
               </HpBayDoor01>
               <HpBayDoor02>
                  <Orientation type="Matrix">
                      -1.0000000000,  96.857569e-09, -156.46222e-09,
                     -96.857583e-09,  -1.0000000000,  104.30812e-09,
                     -156.46221e-09,  104.30814e-09,   1.0000000000
                  </Orientation>
                  <Position type="Vector">0.037321679, -48.871517, 36.253368</Position>
               </HpBayDoor02>
               <HpDockCamA>
                  <Orientation type="Matrix">
                       0.3816970600,   0.2189170300,  -0.8979881400,
                      -0.0114181720,   0.9725890200,   0.2322503000,
                       0.9242169300,  -0.0783958730,   0.3737340000
                  </Orientation>
                  <Position type="Vector">-36.945736, -32.970379, 48.463024</Position>
               </HpDockCamA>
               <HpDockCamB>
                  <Orientation type="Matrix">
                       0.7999022000,  -0.3859621300,  -0.4595538400,
                      -0.0762010370,   0.6942378900,  -0.7157005100,
                       0.5952729600,   0.6075089000,   0.5259116900
                  </Orientation>
                  <Position type="Vector">-23.183945, -74.137794, 66.82486</Position>
               </HpDockCamB>
               <HpDockMountA>
                  <Orientation type="Matrix">
                       1.0000000000, -176.82977e-09, -27.818187e-09,
                      176.82977e-09,   1.0000000000, -119.21068e-09,
                      27.818208e-09,  119.21068e-09,   1.0000000000
                  </Orientation>
                  <Position type="Vector">-0.0071500288, -26.034971, 35.326702</Position>
               </HpDockMountA>
               <HpDockMountB>
                  <Orientation type="Matrix">
                      -1.0000000000, -37.195129e-09, -37.101742e-09,
                     -37.195129e-09,   1.0000000000, -10.926053e-09,
                      37.101742e-09, -10.926051e-09,  -1.0000000000
                  </Orientation>
                  <Position type="Vector">0.12278662, -1.6055356, -215.35492</Position>
               </HpDockMountB>
               <HpDockMountC>
                  <Orientation type="Matrix">
                       0.9961947200,   0.0871557150,  183.95509e-09,
                      -0.0871557150,   0.9961947200, -22.363821e-09,
                     -185.20423e-09,  6.2459828e-09,   1.0000000000
                  </Orientation>
                  <Position type="Vector">-0.94251156, 110.42498, -147.39888</Position>
               </HpDockMountC>
               <HpDockPointA01>
                  <Orientation type="Matrix">
                       1.0000000000,  104.73031e-09, -14.488366e-09,
                     -104.73031e-09,   1.0000000000, -27.279086e-09,
                      14.488363e-09,  27.279087e-09,   1.0000000000
                  </Orientation>
                  <Position type="Vector">-0.0071327938, -56.711872, 35.320564</Position>
               </HpDockPointA01>
               <HpDockPointA02>
                  <Orientation type="Matrix">
                       1.0000000000,  121.19351e-09, -60.744526e-09,
                     -121.19349e-09,   1.0000000000,  149.01161e-09,
                      60.744547e-09, -149.01160e-09,   1.0000000000
                  </Orientation>
                  <Position type="Vector">-0.0071371882, -86.179909, 35.329617</Position>
               </HpDockPointA02>
               <HpDockPointB01>
                  <Orientation type="Matrix">
                      -1.0000000000, -37.195129e-09, -37.101742e-09,
                     -37.195129e-09,   1.0000000000, -10.926053e-09,
                      37.101742e-09, -10.926051e-09,  -1.0000000000
                  </Orientation>
                  <Position type="Vector">0.12277918, -1.6055378, -415.51483</Position>
               </HpDockPointB01>
               <HpDockPointB02>
                  <Orientation type="Matrix">
                      -1.0000000000, -37.195129e-09, -37.101742e-09,
                     -37.195129e-09,   1.0000000000, -10.926053e-09,
                      37.101742e-09, -10.926051e-09,  -1.0000000000
                  </Orientation>
                  <Position type="Vector">0.12277816, -1.6055381, -442.73535</Position>
               </HpDockPointB02>
               <HpDockPointC01>
                  <Orientation type="Matrix">
                       0.9961947200,   0.0871557150,  183.95509e-09,
                      -0.0871557150,   0.9961947200, -22.363821e-09,
                     -185.20423e-09,  6.2459828e-09,   1.0000000000
                  </Orientation>
                  <Position type="Vector">-0.94246948, 110.425, 52.761074</Position>
               </HpDockPointC01>
               <HpDockPointC02>
                  <Orientation type="Matrix">
                       0.9961947200,   0.0871557150,  183.95509e-09,
                      -0.0871557150,   0.9961947200, -22.363821e-09,
                     -185.20423e-09,  6.2459828e-09,   1.0000000000
                  </Orientation>
                  <Position type="Vector">-0.94246393, 110.425, 79.98156</Position>
               </HpDockPointC02>
               <HpLaunchCamA>
                  <Orientation type="Matrix">
                      -0.9999930300,  -0.0037223580,  382.11473e-06,
                      -0.0013043378,   0.4424624400,   0.8967860900,
                      -0.0035072304,   0.8967793000,  -0.4424642300
                  </Orientation>
                  <Position type="Vector">-0.24941961, -5.4135394, 21.418354</Position>
               </HpLaunchCamA>
               <HpMount>
                  <Orientation type="Matrix">
                       1.0000000000,   0.0000000000,   0.0000000000,
                       0.0000000000,   1.0000000000,   0.0000000000,
                       0.0000000000,   0.0000000000,   1.0000000000
                  </Orientation>
                  <Position type="Vector">0.34178501, -46.729401, -208.02499</Position>
               </HpMount>
               <HpRunningLight01>
                  <Orientation type="Matrix">
                       1.0000000000, -65.784732e-09, -98.048218e-09,
                      98.048226e-09,  145.38554e-09,   1.0000000000,
                     -65.784718e-09,  -1.0000000000,  145.38554e-09
                  </Orientation>
                  <Position type="Vector">-36.418751, -52.025478, -18.658541</Position>
               </HpRunningLight01>
               <HpRunningLight02>
                  <Orientation type="Matrix">
                       1.0000000000, -132.00770e-09, -108.44479e-09,
                      108.44482e-09,  139.96116e-09,   1.0000000000,
                     -132.00768e-09,  -1.0000000000,  139.96117e-09
                  </Orientation>
                  <Position type="Vector">36.719227, -52.016514, -18.666132</Position>
               </HpRunningLight02>
               <HpRunningLight04>
                  <Orientation type="Matrix">
                      95.322001e-09, -544.67489e-09,  -1.0000000000,
                     -337.33718e-09,   1.0000000000, -544.67495e-09,
                       1.0000000000,  337.33724e-09,  95.321816e-09
                  </Orientation>
                  <Position type="Vector">27.037706, -28.537161, 86.876526</Position>
               </HpRunningLight04>
               <HpRunningLight10>
                  <Orientation type="Matrix">
                      254.08465e-09,  317.08953e-09,   1.0000000000,
                     -149.15649e-09,  -1.0000000000,  317.08956e-09,
                       1.0000000000, -149.15658e-09, -254.08460e-09
                  </Orientation>
                  <Position type="Vector">-41.351231, 8.7666292, 13.717807</Position>
               </HpRunningLight10>
               <HpRunningLight11>
                  <Orientation type="Matrix">
                      95.322001e-09, -544.67489e-09,  -1.0000000000,
                     -337.33718e-09,   1.0000000000, -544.67495e-09,
                       1.0000000000,  337.33724e-09,  95.321816e-09
                  </Orientation>
                  <Position type="Vector">41.580704, 8.766284, 13.716541</Position>
               </HpRunningLight11>
               <HpRunningLight14>
                  <Orientation type="Matrix">
                       1.0000000000,  308.72616e-09, -325.03408e-09,
                     -66.059641e-09,  -0.6156613200,  -0.7880109000,
                     -443.39049e-09,   0.7880109000,  -0.6156613200
                  </Orientation>
                  <Position type="Vector">0.0052848612, 26.27232, 23.448107</Position>
               </HpRunningLight14>
               <HpRunningLight15>
                  <Orientation type="Matrix">
                       1.0000000000, -74.397271e-09, -97.241987e-09,
                      97.241994e-09,  70.075089e-09,   1.0000000000,
                     -74.397263e-09,  -1.0000000000,  70.075096e-09
                  </Orientation>
                  <Position type="Vector">0.011186715, -32.849239, 12.270593</Position>
               </HpRunningLight15>
               <HpRunningLight16>
                  <Orientation type="Matrix">
                       1.0000000000, -74.397271e-09, -97.241987e-09,
                      97.241994e-09,  70.075089e-09,   1.0000000000,
                     -74.397263e-09,  -1.0000000000,  70.075096e-09
                  </Orientation>
                  <Position type="Vector">0.011190226, -32.849239, 51.543533</Position>
               </HpRunningLight16>
               <HpShield01>
                  <Orientation type="Matrix">
                       1.0000000000,   0.0000000000,   0.0000000000,
                       0.0000000000,   1.0000000000,   0.0000000000,
                       0.0000000000,   0.0000000000,   1.0000000000
                  </Orientation>
                  <Position type="Vector">-0.065223999, -0.785, -120.193</Position>
               </HpShield01>
               <HpPilot>
                  <Orientation type="Matrix">
                       1.0000000000,   0.0000000000,   0.0000000000,
                       0.0000000000,   1.0000000000,   0.0000000000,
                       0.0000000000,   0.0000000000,   1.0000000000
                  </Orientation>
                  <Position type="Vector">0, 0, -190</Position>
               </HpPilot>
               <HpFX01>
                  <Orientation type="Matrix">
                       1.0000000000,   0.0000000000,   0.0000000000,
                       0.0000000000,   1.0000000000,   0.0000000000,
                       0.0000000000,   0.0000000000,   1.0000000000
                  </Orientation>
                  <Position type="Vector">0, 0, 0</Position>
               </HpFX01>
               <HpFX02>
                  <Orientation type="Matrix">
                      59.604645e-09,   0.9999998800,   0.0000000000,
                      -0.9999998800,  59.604645e-09,   0.0000000000,
                       0.0000000000,   0.0000000000,   1.0000000000
                  </Orientation>
                  <Position type="Vector">0, 0, 0</Position>
               </HpFX02>
               <HpFX03>
                  <Orientation type="Matrix">
                       1.0000000000,   0.0000000000,   0.0000000000,
                       0.0000000000,  59.604645e-09,   0.9999998800,
                       0.0000000000,  -0.9999998800,  59.604645e-09
                  </Orientation>
                  <Position type="Vector">0, 0, 0</Position>
               </HpFX03>
               <HpFX04>
                  <Orientation type="Matrix">
                       1.0000000000,   0.0000000000,   0.0000000000,
                       0.0000000000,   1.0000000000,   0.0000000000,
                       0.0000000000,   0.0000000000,   1.0000000000
                  </Orientation>
                  <Position type="Vector">0, 0, 0</Position>
               </HpFX04>
               <HpFX05>
                  <Orientation type="Matrix">
                       1.0000000000,   0.0000000000,   0.0000000000,
                       0.0000000000,   1.0000000000,   0.0000000000,
                       0.0000000000,   0.0000000000,   1.0000000000
                  </Orientation>
                  <Position type="Vector">0, 0, 0</Position>
               </HpFX05>
               <HpFX06>
                  <Orientation type="Matrix">
                       1.0000000000,   0.0000000000,   0.0000000000,
                       0.0000000000,   1.0000000000,   0.0000000000,
                       0.0000000000,   0.0000000000,   1.0000000000
                  </Orientation>
                  <Position type="Vector">0, 0, 0</Position>
               </HpFX06>
               <HpFX07>
                  <Orientation type="Matrix">
                       1.0000000000,   0.0000000000,   0.0000000000,
                       0.0000000000,   1.0000000000,   0.0000000000,
                       0.0000000000,   0.0000000000,   1.0000000000
                  </Orientation>
                  <Position type="Vector">0, 0, 0</Position>
               </HpFX07>
            </Fixed>
            <Revolute>
               <HpTurret_B1_02>
                  <Axis type="Vector">0, 1, 0</Axis>
                  <Max type="float">6.2831855</Max>
                  <Min type="float">-6.2831855</Min>
                  <Orientation type="Matrix">
                      38.547725e-09,  -0.9975640800,  -0.0697564040,
                      -1.0000000000, -41.389818e-09,  39.297714e-09,
                     -42.089191e-09,   0.0697564040,  -0.9975640800
                  </Orientation>
                  <Position type="Vector">-45.908195, -23.603502, -18.320873</Position>
               </HpTurret_B1_02>
               <HpTurret_B1_03>
                  <Axis type="Vector">0, 1, 0</Axis>
                  <Max type="float">6.2831855</Max>
                  <Min type="float">-6.2831855</Min>
                  <Orientation type="Matrix">
                      170.56578e-09,   0.9969173700,   0.0784586970,
                       1.0000000000, -189.28115e-09,  231.10103e-09,
                      245.23939e-09,   0.0784586970,  -0.9969173700
                  </Orientation>
                  <Position type="Vector">45.888081, -23.587271, -18.322891</Position>
               </HpTurret_B1_03>
               <HpTurret_B2_03>
                  <Axis type="Vector">0, 1, 0</Axis>
                  <Max type="float">3.1415927</Max>
                  <Min type="float">-3.1415927</Min>
                  <Orientation type="Matrix">
                       0.0174529550,   0.0000000000,  -0.9998474700,
                      -0.3255184600,   0.9455186100,  -0.0056820512,
                       0.9453743100,   0.3255680500,   0.0165021420
                  </Orientation>
                  <Position type="Vector">10.5618, 10.5213, 64.310097</Position>
               </HpTurret_B2_03>
               <HpTurret_B2_04>
                  <Axis type="Vector">0, 1, 0</Axis>
                  <Max type="float">3.1415927</Max>
                  <Min type="float">-3.1415927</Min>
                  <Orientation type="Matrix">
                       0.0174529550,   0.0000000000,   0.9998474700,
                       0.3255184600,   0.9455186100,  -0.0056820512,
                      -0.9453743100,   0.3255680500,   0.0165021420
                  </Orientation>
                  <Position type="Vector">-10.2222, 10.5253, 64.308998</Position>
               </HpTurret_B2_04>
               <HpTurret_BM_03>
                  <Axis type="Vector">0, 1, 0</Axis>
                  <Max type="float">6.2831855</Max>
                  <Min type="float">-6.2831855</Min>
                  <Orientation type="Matrix">
                      31.664968e-09,   0.9743699400,   0.2249510300,
                       0.9999998200,  210.47890e-09,  22.351742e-09,
                       0.0000000000,   0.2249510300,  -0.9743698200
                  </Orientation>
                  <Position type="Vector">31.482494, -7.9934392, 50.174046</Position>
               </HpTurret_BM_03>
               <HpTurret_BM_04>
                  <Axis type="Vector">0, 1, 0</Axis>
                  <Max type="float">6.2831855</Max>
                  <Min type="float">-6.2831855</Min>
                  <Orientation type="Matrix">
                      31.664968e-09,  -0.9743699400,  -0.2249510300,
                      -0.9999998200,  210.47890e-09,  22.351742e-09,
                       0.0000000000,   0.2249510300,  -0.9743698200
                  </Orientation>
                  <Position type="Vector">-31.452677, -7.9934421, 50.174053</Position>
               </HpTurret_BM_04>
               <HpTurret03>
                  <Axis type="Vector">0, 1, 0</Axis>
                  <Max type="float">1.5707964</Max>
                  <Min type="float">-1.5707964</Min>
                  <Orientation type="Matrix">
                      -0.9999998800, -61.817232e-09,  61.817232e-09,
                      87.422777e-09,  -0.7071067100,   0.7071067700,
                       0.0000000000,   0.7071067700,   0.7071068300
                  </Orientation>
                  <Position type="Vector">0, -44.01495, -2.0098529</Position>
               </HpTurret03>
            </Revolute>
         </Hardpoints>
         <VMeshWire include="br_battleship_cmp\Br_Battleship_lod1.vwd.xml"/>
         <MultiLevel>
            <Level0>
               <VMeshPart>
                  <VMeshRef type="VMeshRef">
                     <!-- header size  --> 60,
                     <!-- vmesh lib    --> data.ships.bretonia.br_battleship.br_battleship.lod0-112.vms,
                     <!-- start vert   --> 204,
                     <!-- num verts    --> 4580,
                     <!-- start index  --> 510,
                     <!-- num indices  --> 5820,
                     <!-- start mesh   --> 2,
                     <!-- num meshes   --> 15,
                     <!-- bounding box -->  46.675518,   40.371254,   80.119209,
                                           -46.675308,  -50.737114,  -45.132458,
                     <!-- center       -->  -2.8539815,  -5.9525576,  10.638939,
                     <!-- radius       --> 77.030266
                  </VMeshRef>
               </VMeshPart>
            </Level0>
            <Level1>
               <VMeshPart>
                  <VMeshRef type="VMeshRef">
                     <!-- header size  --> 60,
                     <!-- vmesh lib    --> data.ships.bretonia.br_battleship.br_battleship.lod1-112.vms,
                     <!-- start vert   --> 156,
                     <!-- num verts    --> 2146,
                     <!-- start index  --> 366,
                     <!-- num indices  --> 3150,
                     <!-- start mesh   --> 2,
                     <!-- num meshes   --> 12,
                     <!-- bounding box -->  46.675518,   40.371254,   80.119209,
                                           -46.675308,  -50.737114,  -45.132458,
                     <!-- center       -->  -2.8539815,  -5.9525576,  10.638939,
                     <!-- radius       --> 77.030266
                  </VMeshRef>
               </VMeshPart>
            </Level1>
            <Level2>
               <VMeshPart>
                  <VMeshRef type="VMeshRef">
                     <!-- header size  --> 60,
                     <!-- vmesh lib    --> data.ships.bretonia.br_battleship.br_battleship.lod2-112.vms,
                     <!-- start vert   --> 32,
                     <!-- num verts    --> 1384,
                     <!-- start index  --> 108,
                     <!-- num indices  --> 1905,
                     <!-- start mesh   --> 1,
                     <!-- num meshes   --> 11,
                     <!-- bounding box -->  46.675518,   40.371254,   80.119209,
                                           -46.675308,  -50.737114,  -45.132458,
                     <!-- center       -->  -2.8539815,  -5.9525576,  10.638939,
                     <!-- radius       --> 77.030266
                  </VMeshRef>
               </VMeshPart>
            </Level2>
            <Level3>
               <VMeshPart>
                  <VMeshRef type="VMeshRef">
                     <!-- header size  --> 60,
                     <!-- vmesh lib    --> data.ships.bretonia.br_battleship.br_battleship.lod3-112.vms,
                     <!-- start vert   --> 32,
                     <!-- num verts    --> 140,
                     <!-- start index  --> 108,
                     <!-- num indices  --> 306,
                     <!-- start mesh   --> 1,
                     <!-- num meshes   --> 1,
                     <!-- bounding box -->  46.675518,   40.371254,   80.119209,
                                           -46.675308,  -50.737114,  -45.132458,
                     <!-- center       -->  -2.8539815,  -5.9525576,  10.638939,
                     <!-- radius       --> 77.030266
                  </VMeshRef>
               </VMeshPart>
            </Level3>
            <Level4>
               <VMeshPart>
                  <VMeshRef type="VMeshRef">
                     <!-- header size  --> 60,
                     <!-- vmesh lib    --> data.ships.bretonia.br_battleship.br_battleship.lod4-112.vms,
                     <!-- start vert   --> 0,
                     <!-- num verts    --> 59,
                     <!-- start index  --> 0,
                     <!-- num indices  --> 108,
                     <!-- start mesh   --> 0,
                     <!-- num meshes   --> 1,
                     <!-- bounding box -->  46.675518,   40.371254,   80.119209,
                                           -46.675308,  -50.737114,  -45.132458,
                     <!-- center       -->  -2.8539815,  -5.9525576,  10.638939,
                     <!-- radius       --> 77.030266
                  </VMeshRef>
               </VMeshPart>
            </Level4>
            <Switch2 type="float array" count="6">
               0,
               100,
               1000,
               10000,
               100000,
               1000000
            </Switch2>
         </MultiLevel>
      </Br_Battleship_lod1021119215401.3db>
      <Br_cntrl_twr_lod1021119215401.3db>
         <Hardpoints>
            <Revolute>
               <HpTurret_B1_01>
                  <Axis type="Vector">0, 1, 0</Axis>
                  <Max type="float">2.35618</Max>
                  <Min type="float">-2.3562</Min>
                  <Orientation type="Matrix">
                       1.0000000000, -69.104992e-09,  33.421035e-09,
                      69.104992e-09,   1.0000000000, -11.570251e-09,
                     -33.421035e-09,  11.570254e-09,   1.0000000000
                  </Orientation>
                  <Position type="Vector">0.12183531, 11.289183, 0.61425769</Position>
               </HpTurret_B1_01>
            </Revolute>
         </Hardpoints>
         <VMeshWire include="br_battleship_cmp\Br_cntrl_twr_lod1.vwd.xml"/>
         <MultiLevel>
            <Level0>
               <VMeshPart>
                  <VMeshRef type="VMeshRef">
                     <!-- header size  --> 60,
                     <!-- vmesh lib    --> data.ships.bretonia.br_battleship.br_battleship.lod0-112.vms,
                     <!-- start vert   --> 16001,
                     <!-- num verts    --> 270,
                     <!-- start index  --> 20136,
                     <!-- num indices  --> 390,
                     <!-- start mesh   --> 74,
                     <!-- num meshes   --> 6,
                     <!-- bounding box -->  28.404549,    11.293749,   15.157473,
                                           -28.404419,   -11.293,     -15.157502,
                     <!-- center       -->  -0.44717824,  -1.3188474,   2.0508065,
                     <!-- radius       --> 33.53688
                  </VMeshRef>
               </VMeshPart>
            </Level0>
            <Level1>
               <VMeshPart>
                  <VMeshRef type="VMeshRef">
                     <!-- header size  --> 60,
                     <!-- vmesh lib    --> data.ships.bretonia.br_battleship.br_battleship.lod1-112.vms,
                     <!-- start vert   --> 9136,
                     <!-- num verts    --> 198,
                     <!-- start index  --> 12660,
                     <!-- num indices  --> 318,
                     <!-- start mesh   --> 66,
                     <!-- num meshes   --> 5,
                     <!-- bounding box -->  28.404549,    11.293749,   15.157473,
                                           -28.404419,   -11.293,     -15.157502,
                     <!-- center       -->  -0.44717824,  -1.3188474,   2.0508065,
                     <!-- radius       --> 33.53688
                  </VMeshRef>
               </VMeshPart>
            </Level1>
            <Level2>
               <VMeshPart>
                  <VMeshRef type="VMeshRef">
                     <!-- header size  --> 60,
                     <!-- vmesh lib    --> data.ships.bretonia.br_battleship.br_battleship.lod2-112.vms,
                     <!-- start vert   --> 4614,
                     <!-- num verts    --> 198,
                     <!-- start index  --> 6429,
                     <!-- num indices  --> 318,
                     <!-- start mesh   --> 57,
                     <!-- num meshes   --> 5,
                     <!-- bounding box -->  28.404549,    11.293749,   15.157473,
                                           -28.404419,   -11.293,     -15.157502,
                     <!-- center       -->  -0.44717824,  -1.3188474,   2.0508065,
                     <!-- radius       --> 33.53688
                  </VMeshRef>
               </VMeshPart>
            </Level2>
            <Level3>
               <VMeshPart>
                  <VMeshRef type="VMeshRef">
                     <!-- header size  --> 60,
                     <!-- vmesh lib    --> data.ships.bretonia.br_battleship.br_battleship.lod3-112.vms,
                     <!-- start vert   --> 980,
                     <!-- num verts    --> 40,
                     <!-- start index  --> 1926,
                     <!-- num indices  --> 60,
                     <!-- start mesh   --> 8,
                     <!-- num meshes   --> 1,
                     <!-- bounding box -->  28.404549,    11.293749,   15.157473,
                                           -28.404419,   -11.293,     -15.157502,
                     <!-- center       -->  -0.44717824,  -1.3188474,   2.0508065,
                     <!-- radius       --> 33.53688
                  </VMeshRef>
               </VMeshPart>
            </Level3>
            <Level4>
               <VMeshPart>
                  <VMeshRef type="VMeshRef">
                     <!-- header size  --> 60,
                     <!-- vmesh lib    --> data.ships.bretonia.br_battleship.br_battleship.lod4-112.vms,
                     <!-- start vert   --> 307,
                     <!-- num verts    --> 28,
                     <!-- start index  --> 549,
                     <!-- num indices  --> 42,
                     <!-- start mesh   --> 6,
                     <!-- num meshes   --> 1,
                     <!-- bounding box -->  28.404549,    11.293749,   15.157473,
                                           -28.404419,   -11.293,     -15.157502,
                     <!-- center       -->  -0.44717824,  -1.3188474,   2.0508065,
                     <!-- radius       --> 33.53688
                  </VMeshRef>
               </VMeshPart>
            </Level4>
            <Switch2 type="float array" count="6">
               0,
               100,
               1000,
               10000,
               100000,
               1000000
            </Switch2>
         </MultiLevel>
      </Br_cntrl_twr_lod1021119215401.3db>
      <Br_engine_lod1021119215401.3db>
         <Hardpoints>
            <Fixed>
               <HpEngine01>
                  <Orientation type="Matrix">
                       1.0000000000,  58.056834e-09, -8.2922718e-09,
                     -58.056834e-09,   1.0000000000, -5.9768852e-09,
                      8.2922718e-09,  5.9768857e-09,   1.0000000000
                  </Orientation>
                  <Position type="Vector">0.023992702, -0.048722401, 17.540726</Position>
               </HpEngine01>
               <HpEngine02>
                  <Orientation type="Matrix">
                       1.0000000000,  58.056834e-09, -8.2922718e-09,
                     -58.056834e-09,   1.0000000000, -5.9768852e-09,
                      8.2922718e-09,  5.9768857e-09,   1.0000000000
                  </Orientation>
                  <Position type="Vector">-5.2878084, -3.9167147, 17.540726</Position>
               </HpEngine02>
               <HpEngine03>
                  <Orientation type="Matrix">
                       1.0000000000,  58.056834e-09, -8.2922718e-09,
                     -58.056834e-09,   1.0000000000, -5.9768852e-09,
                      8.2922718e-09,  5.9768857e-09,   1.0000000000
                  </Orientation>
                  <Position type="Vector">5.1121945, -3.916713, 17.540726</Position>
               </HpEngine03>
               <HpEngine04>
                  <Orientation type="Matrix">
                       1.0000000000,  58.056834e-09, -8.2922718e-09,
                     -58.056834e-09,   1.0000000000, -5.9768852e-09,
                      8.2922718e-09,  5.9768857e-09,   1.0000000000
                  </Orientation>
                  <Position type="Vector">5.1121931, 4.270709, 17.540726</Position>
               </HpEngine04>
               <HpEngine05>
                  <Orientation type="Matrix">
                       1.0000000000,  58.056834e-09, -8.2922718e-09,
                     -58.056834e-09,   1.0000000000, -5.9768852e-09,
                      8.2922718e-09,  5.9768857e-09,   1.0000000000
                  </Orientation>
                  <Position type="Vector">-5.2878079, 4.270709, 17.540726</Position>
               </HpEngine05>
            </Fixed>
         </Hardpoints>
         <VMeshWire include="br_battleship_cmp\Br_engine_lod1.vwd.xml"/>
         <MultiLevel>
            <Level0>
               <VMeshPart>
                  <VMeshRef type="VMeshRef">
                     <!-- header size  --> 60,
                     <!-- vmesh lib    --> data.ships.bretonia.br_battleship.br_battleship.lod0-112.vms,
                     <!-- start vert   --> 9156,
                     <!-- num verts    --> 779,
                     <!-- start index  --> 11721,
                     <!-- num indices  --> 1302,
                     <!-- start mesh   --> 34,
                     <!-- num meshes   --> 6,
                     <!-- bounding box -->  18.174984,   18.586582,   22.190826,
                                           -18.174997,  -18.586582,  -22.190815,
                     <!-- center       -->  -1.0812306,   1.4514391,  -2.7475576,
                     <!-- radius       --> 28.174906
                  </VMeshRef>
               </VMeshPart>
            </Level0>
            <Level1>
               <VMeshPart>
                  <VMeshRef type="VMeshRef">
                     <!-- header size  --> 60,
