<?xml version="1.0" encoding="ISO-8859-1"?>
<!-- XML generated by UTFXML Version 2.2 built 19-Aug-2010 -->
<UTFXML filename="cv_starflier.cmp" path="SHIPS\CIVILIAN\CV_STARFLIER">
   <UTF_ROOT>
      <VMeshLibrary>
         <data.ships.civilian.cv_starflier.cv_starflier.lod0-112.vms include="cv_starflier_cmp\lod0-112.vms.xml"/>
         <data.ships.civilian.cv_starflier.cv_starflier.lod1-112.vms include="cv_starflier_cmp\lod1-112.vms.xml"/>
         <data.ships.civilian.cv_starflier.cv_starflier.lod2-112.vms include="cv_starflier_cmp\lod2-112.vms.xml"/>
         <data.ships.civilian.cv_starflier.cv_starflier.lod3-112.vms include="cv_starflier_cmp\lod3-112.vms.xml"/>
         <data.ships.civilian.cv_starflier.cv_starflier.lod4-112.vms include="cv_starflier_cmp\lod4-112.vms.xml"/>
      </VMeshLibrary>
      <Exporter_Version name="Exporter Version" type="text">Aug 24 2002 12:33:14</Exporter_Version>
      <Cmpnd>
         <Root>
            <Object_name name="Object name" type="text">Root</Object_name>
            <File_name name="File name" type="text">cv_starflier_lod1020929154804.3db</File_name>
            <Index type="int">0</Index>
         </Root>
         <Part_port_wing_lod1>
            <Object_name name="Object name" type="text">port_wing_lod1</Object_name>
            <File_name name="File name" type="text">port_wing_lod1020929154804.3db</File_name>
            <Index type="int">1</Index>
         </Part_port_wing_lod1>
         <Part_star_wing_lod1>
            <Object_name name="Object name" type="text">star_wing_lod1</Object_name>
            <File_name name="File name" type="text">star_wing_lod1020929154804.3db</File_name>
            <Index type="int">2</Index>
         </Part_star_wing_lod1>
         <Part_engine_lod1>
            <Object_name name="Object name" type="text">engine_lod1</Object_name>
            <File_name name="File name" type="text">engine_lod1020929154804.3db</File_name>
            <Index type="int">3</Index>
         </Part_engine_lod1>
         <Part_baydoor01_lod1>
            <Object_name name="Object name" type="text">baydoor01_lod1</Object_name>
            <File_name name="File name" type="text">baydoor01_lod1020929154804.3db</File_name>
            <Index type="int">4</Index>
         </Part_baydoor01_lod1>
         <Part_baydoor02_lod1>
            <Object_name name="Object name" type="text">baydoor02_lod1</Object_name>
            <File_name name="File name" type="text">baydoor02_lod1020929154804.3db</File_name>
            <Index type="int">5</Index>
         </Part_baydoor02_lod1>
         <Part_glass_lod1>
            <Object_name name="Object name" type="text">glass_lod1</Object_name>
            <File_name name="File name" type="text">glass_lod1020929154804.3db</File_name>
            <Index type="int">6</Index>
         </Part_glass_lod1>
         <Cons>
            <Fix type="Fix" count="4">
               <part>
                  <!-- parent      --> "Root",
                  <!-- child       --> "port_wing_lod1",
                  <!-- position    --> -3.2212951, 2.4315968, 6.088048,
                  <!-- orientation -->   1.0000000000, -947.31191e-18,  947.31170e-18,
                                        947.31191e-18,   1.0000000000,  1.9106857e-15,
                                       -947.31170e-18, -1.9106857e-15,   1.0000000000
               </part>
               <part>
                  <!-- parent      --> "Root",
                  <!-- child       --> "star_wing_lod1",
                  <!-- position    --> 3.2212763, 2.431597, 6.0880485,
                  <!-- orientation -->   1.0000000000, -947.31191e-18,  947.31170e-18,
                                        947.31191e-18,   1.0000000000,  1.9106857e-15,
                                       -947.31170e-18, -1.9106857e-15,   1.0000000000
               </part>
               <part>
                  <!-- parent      --> "Root",
                  <!-- child       --> "engine_lod1",
                  <!-- position    --> -407.93273e-9, 1.0256315, 7.7375607,
                  <!-- orientation -->   1.0000000000, -947.31191e-18,  947.31170e-18,
                                        947.31191e-18,   1.0000000000,  1.9106857e-15,
                                       -947.31170e-18, -1.9106857e-15,   1.0000000000
               </part>
               <part>
                  <!-- parent      --> "Root",
                  <!-- child       --> "glass_lod1",
                  <!-- position    --> -1.896503e-6, -0.3901667, -1.7669952,
                  <!-- orientation -->   1.0000000000,  710.77859e-18, -7.8162066e-15,
                                       -710.77764e-18,   1.0000000000,  119.20930e-09,
                                        7.8162066e-15, -119.20930e-09,   1.0000000000
               </part>
            </Fix>
            <Rev type="Rev" count="2">
               <part>
                  <!-- parent      --> "Root",
                  <!-- child       --> "baydoor01_lod1",
                  <!-- position    --> -0.7336629, 1.9880295, 3.578124,
                  <!-- offset      --> 0, 0, 0,
                  <!-- orientation -->   1.0000000000,  20.963489e-09, -44.110759e-09,
                                        44.110756e-09,  172.53325e-09,   1.0000000000,
                                        20.963496e-09,  -1.0000000000,  172.53325e-09,
                  <!-- axis        --> -83.629338e-09, -269.52537e-09,   1.0000000000,
                  <!-- min, max    --> 0, 2.2689357
               </part>
               <part>
                  <!-- parent      --> "Root",
                  <!-- child       --> "baydoor02_lod1",
                  <!-- position    --> 0.73364925, 1.9880296, 3.5781238,
                  <!-- offset      --> 0, 0, 0,
                  <!-- orientation -->   1.0000000000,  22.746693e-09, -91.915204e-09,
                                        91.915204e-09,  39.306023e-09,   1.0000000000,
                                        22.746697e-09,  -1.0000000000,  39.306020e-09,
                  <!-- axis        --> -73.330796e-09,  37.202319e-09,  -1.0000000000,
                  <!-- min, max    --> 0, 2.2863801
               </part>
            </Rev>
         </Cons>
      </Cmpnd>
      <Animation>
         <Script>
            <Sc_open_baydoor name="Sc_open baydoor">
               <Joint_map_0 name="Joint map 0">
                  <Parent_name name="Parent name" type="text">Root</Parent_name>
                  <Child_name name="Child name" type="text">baydoor01_lod1</Child_name>
                  <Channel>
                     <Header type="Header">
                        <!-- count    --> 2,
                        <!-- interval --> Explicit,
                        <!-- flags    --> 0x1
                     </Header>
                     <Frames type="Frames" count="2">
                          0.0000000000:   0.0000000000
                          2.1333334000:   2.2689357000
                     </Frames>
                  </Channel>
               </Joint_map_0>
               <Joint_map_1 name="Joint map 1">
                  <Parent_name name="Parent name" type="text">Root</Parent_name>
                  <Child_name name="Child name" type="text">baydoor02_lod1</Child_name>
                  <Channel>
                     <Header type="Header">
                        <!-- count    --> 2,
                        <!-- interval --> Explicit,
                        <!-- flags    --> 0x1
                     </Header>
                     <Frames type="Frames" count="2">
                          0.0000000000:   0.0000000000
                          2.1333334000:   2.2863801000
                     </Frames>
                  </Channel>
               </Joint_map_1>
            </Sc_open_baydoor>
         </Script>
      </Animation>
      <cv_starflier_lod1020929154804.3db>
         <VMeshWire include="cv_starflier_cmp\cv_starflier_lod1.vwd.xml"/>
         <MultiLevel>
            <Switch2 type="float array" count="6">
               0,
               100,
               1000,
               10000,
               100000,
               1000000
            </Switch2>
            <Level0>
               <VMeshPart>
                  <VMeshRef type="VMeshRef">
                     <!-- header size  --> 60,
                     <!-- vmesh lib    --> data.ships.civilian.cv_starflier.cv_starflier.lod0-112.vms,
                     <!-- start vert   --> 232,
                     <!-- num verts    --> 1728,
                     <!-- start index  --> 450,
                     <!-- num indices  --> 2046,
                     <!-- start mesh   --> 9,
                     <!-- num meshes   --> 9,
                     <!-- bounding box -->  2.242316,     2.0233493,   5.6235294,
                                           -2.2421894,   -3.9149289,  -4.2330575,
                     <!-- center       --> -0.075252183, -0.89184874,  0.83526576,
                     <!-- radius       --> 5.6541033
                  </VMeshRef>
               </VMeshPart>
            </Level0>
            <Level1>
               <VMeshPart>
                  <VMeshRef type="VMeshRef">
                     <!-- header size  --> 60,
                     <!-- vmesh lib    --> data.ships.civilian.cv_starflier.cv_starflier.lod1-112.vms,
                     <!-- start vert   --> 123,
                     <!-- num verts    --> 954,
                     <!-- start index  --> 180,
                     <!-- num indices  --> 1092,
                     <!-- start mesh   --> 9,
                     <!-- num meshes   --> 9,
                     <!-- bounding box -->  2.242316,     2.0233493,   5.6235294,
                                           -2.2421894,   -3.9149289,  -4.2330575,
                     <!-- center       --> -0.075252183, -0.89184874,  0.83526576,
                     <!-- radius       --> 5.6541033
                  </VMeshRef>
               </VMeshPart>
            </Level1>
            <Level2>
               <VMeshPart>
                  <VMeshRef type="VMeshRef">
                     <!-- header size  --> 60,
                     <!-- vmesh lib    --> data.ships.civilian.cv_starflier.cv_starflier.lod2-112.vms,
                     <!-- start vert   --> 58,
                     <!-- num verts    --> 395,
                     <!-- start index  --> 69,
                     <!-- num indices  --> 507,
                     <!-- start mesh   --> 3,
                     <!-- num meshes   --> 4,
                     <!-- bounding box -->  2.242316,     2.0233493,   5.6235294,
                                           -2.2421894,   -3.9149289,  -4.2330575,
                     <!-- center       --> -0.075252183, -0.89184874,  0.83526576,
                     <!-- radius       --> 5.6541033
                  </VMeshRef>
               </VMeshPart>
            </Level2>
            <Level3>
               <VMeshPart>
                  <VMeshRef type="VMeshRef">
                     <!-- header size  --> 60,
                     <!-- vmesh lib    --> data.ships.civilian.cv_starflier.cv_starflier.lod3-112.vms,
                     <!-- start vert   --> 16,
                     <!-- num verts    --> 112,
                     <!-- start index  --> 24,
                     <!-- num indices  --> 132,
                     <!-- start mesh   --> 2,
                     <!-- num meshes   --> 1,
                     <!-- bounding box -->  2.242316,     2.0233493,   5.6235294,
                                           -2.2421894,   -3.9149289,  -4.2330575,
                     <!-- center       --> -0.075252183, -0.89184874,  0.83526576,
                     <!-- radius       --> 5.6541033
                  </VMeshRef>
               </VMeshPart>
            </Level3>
            <Level4>
               <VMeshPart>
                  <VMeshRef type="VMeshRef">
                     <!-- header size  --> 60,
                     <!-- vmesh lib    --> data.ships.civilian.cv_starflier.cv_starflier.lod4-112.vms,
                     <!-- start vert   --> 0,
                     <!-- num verts    --> 24,
                     <!-- start index  --> 0,
                     <!-- num indices  --> 30,
                     <!-- start mesh   --> 0,
                     <!-- num meshes   --> 1,
                     <!-- bounding box -->  2.242316,     2.0233493,   5.6235294,
                                           -2.2421894,   -3.9149289,  -4.2330575,
                     <!-- center       --> -0.075252183, -0.89184874,  0.83526576,
                     <!-- radius       --> 5.6541033
                  </VMeshRef>
               </VMeshPart>
            </Level4>
         </MultiLevel>
         <Hardpoints>
            <Fixed>
               <HpHeadLight>
                  <Position type="Vector">-3.7733967e-6, -3.4426427, -4.4299207</Position>
                  <Orientation type="Matrix">
                       1.0000000000, -73.513725e-09, -13.909072e-09,
                      73.513725e-09,   1.0000000000,  8.4081285e-15,
                      13.909072e-09, -9.4306361e-15,   1.0000000000
                  </Orientation>
               </HpHeadLight>
               <HpRunningLight05>
                  <Position type="Vector">-3.9316687e-6, 1.7399464, 0.21526375</Position>
                  <Orientation type="Matrix">
                       1.0000000000, -73.513725e-09, -13.909072e-09,
                      73.513725e-09,   1.0000000000,  8.4081285e-15,
                      13.909072e-09, -9.4306361e-15,   1.0000000000
                  </Orientation>
               </HpRunningLight05>
               <HpPilot>
                  <Position type="Vector">-3.4979089e-6, -1.4341098, -0.62050802</Position>
                  <Orientation type="Matrix">
                       1.0000000000, -43.711388e-09, -43.711402e-09,
                      43.711392e-09,   1.0000000000,  119.20929e-09,
                      43.711399e-09, -119.20929e-09,   1.0000000000
                  </Orientation>
               </HpPilot>
               <HpCockpit>
                  <Position type="Vector">-4.0725927e-6, 497.61496e-6, 281.73428e-6</Position>
                  <Orientation type="Matrix">
                       1.0000000000, -73.513725e-09, -13.909072e-09,
                      73.513725e-09,   1.0000000000,  8.4081285e-15,
                      13.909072e-09, -9.4306361e-15,   1.0000000000
                  </Orientation>
               </HpCockpit>
               <DpEngine>
                  <Position type="Vector">-0.0040569142, 1.0277953, 5.2833176</Position>
                  <Orientation type="Matrix">
                       1.0000000000, -66.063137e-09,  64.078932e-09,
                      66.063130e-09,   1.0000000000,  119.20932e-09,
                     -64.078939e-09, -119.20932e-09,   1.0000000000
                  </Orientation>
               </DpEngine>
               <DpStarboard_wing>
                  <Position type="Vector">1.3042903, 1.5441912, 4.3968334</Position>
                  <Orientation type="Matrix">
                     -41.294655e-09,  -0.6018150400,   0.7986354800,
                     -142.82682e-09,   0.7986354800,   0.6018150400,
                      -1.0000000000, -89.214822e-09, -118.93471e-09
                  </Orientation>
               </DpStarboard_wing>
               <DpPort_wing>
                  <Position type="Vector">-1.3045963, 1.5441909, 4.3968334</Position>
                  <Orientation type="Matrix">
                      86.073442e-09,   0.6018149900,  -0.7986355400,
                     -327.46888e-09,   0.7986355400,   0.6018149900,
                       1.0000000000,  209.72800e-09,  265.81699e-09
                  </Orientation>
               </DpPort_wing>
               <HpMount>
                  <Position type="Vector">-3.6598997e-6, -4.2254338, 1.5876325</Position>
                  <Orientation type="Matrix">
                       1.0000000000, -7.4101418e-09, -45.039325e-09,
                      7.4101445e-09,   1.0000000000,  59.583378e-09,
                      45.039325e-09, -59.583378e-09,   1.0000000000
                  </Orientation>
               </HpMount>
               <HpBayDoor01>
                  <Position type="Vector">-4.0347659e-6, 1.6863232, 3.7203257</Position>
                  <Orientation type="Matrix">
                      76.604259e-09, -53.282353e-09,   1.0000000000,
                      85.046771e-09,   1.0000000000,  53.282346e-09,
                      -1.0000000000,  85.046764e-09,  76.604266e-09
                  </Orientation>
               </HpBayDoor01>
               <HpBayDoor02>
                  <Position type="Vector">-4.0569107e-6, 3.4143138, 3.7203259</Position>
                  <Orientation type="Matrix">
                      57.186572e-09, -45.689756e-09,   1.0000000000,
                      59.302902e-09,   1.0000000000,  45.689752e-09,
                      -1.0000000000,  59.302899e-09,  57.186575e-09
                  </Orientation>
               </HpBayDoor02>
               <HpCM01>
                  <Position type="Vector">-0.97254628, 0.22415833, 4.1795592</Position>
                  <Orientation type="Matrix">
                      -0.9170600800,  -0.3987489900, -41.476348e-09,
                       0.3987489900,  -0.9170600800, -33.784200e-09,
                     -24.564887e-09, -47.520793e-09,   1.0000000000
                  </Orientation>
               </HpCM01>
               <HpMine01>
                  <Position type="Vector">0.96363628, 0.22156948, 4.1795588</Position>
                  <Orientation type="Matrix">
                      -0.9170600800,   0.3987491400,  116.92580e-09,
                      -0.3987491400,  -0.9170600800, -43.658059e-09,
                      89.819366e-09, -86.661124e-09,   1.0000000000
                  </Orientation>
               </HpMine01>
               <HpCockpitEx>
                  <Position type="Vector">-4.4222843e-6, 8.000494, 35.000286</Position>
                  <Orientation type="Matrix">
                       1.0000000000, -73.513725e-09, -13.909072e-09,
                      73.513725e-09,   1.0000000000,  8.4081285e-15,
                      13.909072e-09, -9.4306361e-15,   1.0000000000
                  </Orientation>
               </HpCockpitEx>
               <HpTractor_Source>
                  <Position type="Vector">-3.7733967e-6, -3.4426427, -4.4299207</Position>
                  <Orientation type="Matrix">
                       1.0000000000, -73.513725e-09, -13.909072e-09,
                      73.513725e-09,   1.0000000000,  8.4081285e-15,
                      13.909072e-09, -9.4306361e-15,   1.0000000000
                  </Orientation>
               </HpTractor_Source>
               <HpThruster01>
                  <Position type="Vector">-3.8294343e-6, 0.097607829, 5.0026031</Position>
                  <Orientation type="Matrix">
                      -1.0000000000,  160.35305e-09, -19.517215e-09,
                     -160.93651e-09,  -0.9993908400,   0.0348994960,
                     -13.909085e-09,   0.0348994960,   0.9993908400
                  </Orientation>
               </HpThruster01>
               <HpCloak01>
                  <Position type="Vector">-3.9242941e-6, -0.036510054, 1.6402788</Position>
                  <Orientation type="Matrix">
                       1.0000000000,  43.711399e-09, -43.711402e-09,
                      43.711399e-09,  119.20929e-09,   1.0000000000,
                      43.711402e-09,  -1.0000000000,  119.20929e-09
                  </Orientation>
               </HpCloak01>
               <HpShield01>
                  <Position type="Vector">-3.7996349e-6, 0.044322439, 3.4767079</Position>
                  <Orientation type="Matrix">
                      -1.0000000000,  160.35305e-09, -19.517215e-09,
                     -160.93651e-09,  -0.9993908400,   0.0348994960,
                     -13.909085e-09,   0.0348994960,   0.9993908400
                  </Orientation>
               </HpShield01>
            </Fixed>
            <Revolute>
               <HpWeapon01>
                  <Position type="Vector">-2.0144036, -1.2350504, -0.19429731</Position>
                  <Orientation type="Matrix">
                     -56.069062e-09,  -1.0000000000, -163.67547e-09,
                       1.0000000000, -56.069059e-09, -14.578140e-09,
                      14.578131e-09, -163.67547e-09,   1.0000000000
                  </Orientation>
                  <Axis type="Vector">0, 1, 0</Axis>
                  <Min type="float">-0.7854</Min>
                  <Max type="float">0.78538001</Max>
               </HpWeapon01>
               <HpWeapon02>
                  <Position type="Vector">2.0136414, -1.2350503, -0.19429713</Position>
                  <Orientation type="Matrix">
                     -1.4031326e-09,   1.0000000000, -67.388498e-09,
                      -1.0000000000, -1.4031457e-09, -194.48477e-09,
                     -194.48477e-09,  67.388498e-09,   1.0000000000
                  </Orientation>
                  <Axis type="Vector">0, 1, 0</Axis>
                  <Min type="float">-0.7854</Min>
                  <Max type="float">0.78538001</Max>
               </HpWeapon02>
               <HpWeapon03>
                  <Position type="Vector">-3.9043853e-6, 1.9810183, 0.95587665</Position>
                  <Orientation type="Matrix">
                       1.0000000000, -13.909063e-09, -25.833945e-09,
                      13.909063e-09,   1.0000000000,  7.8868754e-15,
                      25.833945e-09, -8.2462012e-15,   1.0000000000
                  </Orientation>
                  <Axis type="Vector">0, 1, 0</Axis>
                  <Min type="float">-0.7854</Min>
                  <Max type="float">0.78538001</Max>
               </HpWeapon03>
               <HpTorpedo01>
                  <Position type="Vector">-3.7279392e-6, -3.9159522, -2.699199</Position>
                  <Orientation type="Matrix">
                      -1.0000000000,  101.33185e-09, -25.833957e-09,
                     -101.33185e-09,  -1.0000000000,  14.992302e-15,
                     -25.833957e-09,  17.610105e-15,   1.0000000000
                  </Orientation>
                  <Axis type="Vector">0, 1, 0</Axis>
                  <Min type="float">-0.7854</Min>
                  <Max type="float">0.78538001</Max>
               </HpTorpedo01>
            </Revolute>
         </Hardpoints>
      </cv_starflier_lod1020929154804.3db>
      <port_wing_lod1020929154804.3db>
         <VMeshWire include="cv_starflier_cmp\port_wing_lod1.vwd.xml"/>
         <MultiLevel>
            <Switch2 type="float array" count="5">
               0,
               100,
               1000,
               10000,
               1000000
            </Switch2>
            <Level0>
               <VMeshPart>
                  <VMeshRef type="VMeshRef">
                     <!-- header size  --> 60,
                     <!-- vmesh lib    --> data.ships.civilian.cv_starflier.cv_starflier.lod0-112.vms,
                     <!-- start vert   --> 156,
                     <!-- num verts    --> 76,
                     <!-- start index  --> 324,
                     <!-- num indices  --> 126,
                     <!-- start mesh   --> 6,
                     <!-- num meshes   --> 3,
                     <!-- bounding box -->  2.0742967,     1.0822324,    2.946831,
                                           -2.074297,     -1.082233,    -2.9468315,
                     <!-- center       --> -0.0059897592,  0.018756095,  0.01627248,
                     <!-- radius       --> 3.6881628
                  </VMeshRef>
               </VMeshPart>
            </Level0>
            <Level1>
               <VMeshPart>
                  <VMeshRef type="VMeshRef">
                     <!-- header size  --> 60,
                     <!-- vmesh lib    --> data.ships.civilian.cv_starflier.cv_starflier.lod1-112.vms,
                     <!-- start vert   --> 103,
                     <!-- num verts    --> 20,
                     <!-- start index  --> 150,
                     <!-- num indices  --> 30,
                     <!-- start mesh   --> 7,
                     <!-- num meshes   --> 2,
                     <!-- bounding box -->  2.0742967,     1.0822324,    2.946831,
                                           -2.074297,     -1.082233,    -2.9468315,
                     <!-- center       --> -0.0059897592,  0.018756095,  0.01627248,
                     <!-- radius       --> 3.6881628
                  </VMeshRef>
               </VMeshPart>
            </Level1>
            <Level2>
               <VMeshPart>
                  <VMeshRef type="VMeshRef">
                     <!-- header size  --> 60,
                     <!-- vmesh lib    --> data.ships.civilian.cv_starflier.cv_starflier.lod2-112.vms,
                     <!-- start vert   --> 36,
                     <!-- num verts    --> 22,
                     <!-- start index  --> 45,
                     <!-- num indices  --> 24,
                     <!-- start mesh   --> 2,
                     <!-- num meshes   --> 1,
                     <!-- bounding box -->  2.0742967,     1.0822324,    2.946831,
                                           -2.074297,     -1.082233,    -2.9468315,
                     <!-- center       --> -0.0059897592,  0.018756095,  0.01627248,
                     <!-- radius       --> 3.6881628
                  </VMeshRef>
               </VMeshPart>
            </Level2>
            <Level3>
               <VMeshPart>
                  <VMeshRef type="VMeshRef">
                     <!-- header size  --> 60,
                     <!-- vmesh lib    --> data.ships.civilian.cv_starflier.cv_starflier.lod3-112.vms,
                     <!-- start vert   --> 8,
                     <!-- num verts    --> 8,
                     <!-- start index  --> 12,
                     <!-- num indices  --> 12,
                     <!-- start mesh   --> 1,
                     <!-- num meshes   --> 1,
                     <!-- bounding box -->  2.0742967,     1.0822324,    2.946831,
                                           -2.074297,     -1.082233,    -2.9468315,
                     <!-- center       --> -0.0059897592,  0.018756095,  0.01627248,
                     <!-- radius       --> 3.6881628
                  </VMeshRef>
               </VMeshPart>
            </Level3>
         </MultiLevel>
         <Hardpoints>
            <Fixed>
               <HpRunningLight02>
                  <Position type="Vector">-1.9957094, 0.99691832, 1.8115201</Position>
                  <Orientation type="Matrix">
                       1.0000000000, -73.513725e-09, -13.909078e-09,
                      73.513725e-09,   1.0000000000,  59.604673e-09,
                      13.909074e-09, -59.604673e-09,   1.0000000000
                  </Orientation>
               </HpRunningLight02>
               <HpContrail02>
                  <Position type="Vector">-2.015316, 1.0195227, 2.9260969</Position>
                  <Orientation type="Matrix">
                       1.0000000000, -73.513725e-09, -13.909078e-09,
                      73.513725e-09,   1.0000000000,  59.604673e-09,
                      13.909074e-09, -59.604673e-09,   1.0000000000
                  </Orientation>
               </HpContrail02>
               <HpDocklight02>
                  <Position type="Vector">-2.015316, 1.0195227, 2.9260969</Position>
                  <Orientation type="Matrix">
                       1.0000000000, -73.513725e-09, -13.909078e-09,
                      73.513725e-09,   1.0000000000,  59.604673e-09,
                      13.909074e-09, -59.604673e-09,   1.0000000000
                  </Orientation>
               </HpDocklight02>
            </Fixed>
         </Hardpoints>
      </port_wing_lod1020929154804.3db>
      <star_wing_lod1020929154804.3db>
         <VMeshWire include="cv_starflier_cmp\star_wing_lod1.vwd.xml"/>
         <MultiLevel>
            <Switch2 type="float array" count="5">
               0,
               100,
               1000,
               10000,
               1000000
            </Switch2>
            <Level0>
               <VMeshPart>
                  <VMeshRef type="VMeshRef">
                     <!-- header size  --> 60,
                     <!-- vmesh lib    --> data.ships.civilian.cv_starflier.cv_starflier.lod0-112.vms,
                     <!-- start vert   --> 0,
                     <!-- num verts    --> 76,
                     <!-- start index  --> 0,
                     <!-- num indices  --> 126,
                     <!-- start mesh   --> 0,
                     <!-- num meshes   --> 3,
                     <!-- bounding box -->  2.0742965,     1.0822331,    2.94683,
                                           -2.0742962,    -1.0822326,   -2.9468322,
                     <!-- center       -->  0.0081689982,  0.015756197,  0.015924955,
                     <!-- radius       --> 3.6884782
                  </VMeshRef>
               </VMeshPart>
            </Level0>
            <Level1>
               <VMeshPart>
                  <VMeshRef type="VMeshRef">
                     <!-- header size  --> 60,
                     <!-- vmesh lib    --> data.ships.civilian.cv_starflier.cv_starflier.lod1-112.vms,
                     <!-- start vert   --> 0,
                     <!-- num verts    --> 20,
                     <!-- start index  --> 0,
                     <!-- num indices  --> 30,
                     <!-- start mesh   --> 0,
                     <!-- num meshes   --> 2,
                     <!-- bounding box -->  2.0742965,     1.0822331,    2.94683,
                                           -2.0742962,    -1.0822326,   -2.9468322,
                     <!-- center       -->  0.0081689982,  0.015756197,  0.015924955,
                     <!-- radius       --> 3.6884782
                  </VMeshRef>
               </VMeshPart>
            </Level1>
            <Level2>
               <VMeshPart>
                  <VMeshRef type="VMeshRef">
                     <!-- header size  --> 60,
                     <!-- vmesh lib    --> data.ships.civilian.cv_starflier.cv_starflier.lod2-112.vms,
                     <!-- start vert   --> 0,
                     <!-- num verts    --> 22,
                     <!-- start index  --> 0,
                     <!-- num indices  --> 24,
                     <!-- start mesh   --> 0,
                     <!-- num meshes   --> 1,
                     <!-- bounding box -->  2.0742965,     1.0822331,    2.94683,
                                           -2.0742962,    -1.0822326,   -2.9468322,
                     <!-- center       -->  0.0081689982,  0.015756197,  0.015924955,
                     <!-- radius       --> 3.6884782
                  </VMeshRef>
               </VMeshPart>
            </Level2>
            <Level3>
               <VMeshPart>
                  <VMeshRef type="VMeshRef">
                     <!-- header size  --> 60,
                     <!-- vmesh lib    --> data.ships.civilian.cv_starflier.cv_starflier.lod3-112.vms,
                     <!-- start vert   --> 0,
                     <!-- num verts    --> 8,
                     <!-- start index  --> 0,
                     <!-- num indices  --> 12,
                     <!-- start mesh   --> 0,
                     <!-- num meshes   --> 1,
                     <!-- bounding box -->  2.0742965,     1.0822331,    2.94683,
                                           -2.0742962,    -1.0822326,   -2.9468322,
                     <!-- center       -->  0.0081689982,  0.015756197,  0.015924955,
                     <!-- radius       --> 3.6884782
                  </VMeshRef>
               </VMeshPart>
            </Level3>
         </MultiLevel>
         <Hardpoints>
            <Fixed>
               <HpRunningLight01>
                  <Position type="Vector">1.9957192, 0.99691856, 1.8115201</Position>
                  <Orientation type="Matrix">
                       1.0000000000, -73.513725e-09, -13.909072e-09,
                      73.513725e-09,   1.0000000000,  8.4081285e-15,
                      13.909072e-09, -9.4306361e-15,   1.0000000000
                  </Orientation>
               </HpRunningLight01>
               <HpContrail01>
                  <Position type="Vector">1.9957192, 0.99691844, 2.9435506</Position>
                  <Orientation type="Matrix">
                       1.0000000000, -73.513725e-09, -13.909072e-09,
                      73.513725e-09,   1.0000000000,  8.4081285e-15,
                      13.909072e-09, -9.4306361e-15,   1.0000000000
                  </Orientation>
               </HpContrail01>
               <HpDocklight01>
                  <Position type="Vector">1.9957192, 0.99691844, 2.9435506</Position>
                  <Orientation type="Matrix">
                       1.0000000000, -73.513725e-09, -13.909072e-09,
                      73.513725e-09,   1.0000000000,  8.4081285e-15,
                      13.909072e-09, -9.4306361e-15,   1.0000000000
                  </Orientation>
               </HpDocklight01>
            </Fixed>
         </Hardpoints>
      </star_wing_lod1020929154804.3db>
      <engine_lod1020929154804.3db>
         <VMeshWire include="cv_starflier_cmp\engine_lod1.vwd.xml"/>
         <MultiLevel>
            <Switch2 type="float array" count="5">
               0,
               100,
               1000,
               10000,
               1000000
            </Switch2>
            <Level0>
               <VMeshPart>
                  <VMeshRef type="VMeshRef">
                     <!-- header size  --> 60,
                     <!-- vmesh lib    --> data.ships.civilian.cv_starflier.cv_starflier.lod0-112.vms,
                     <!-- start vert   --> 1960,
                     <!-- num verts    --> 170,
                     <!-- start index  --> 2496,
                     <!-- num indices  --> 210,
                     <!-- start mesh   --> 18,
                     <!-- num meshes   --> 2,
                     <!-- bounding box -->  0.79899848,   0.759893,    -0.78652048,
                                           -0.79899818,  -0.75989246,  -2.1140454,
                     <!-- center       --> -0.050857693, -0.048501052, -1.5457028,
                     <!-- radius       --> 1.0381017
                  </VMeshRef>
               </VMeshPart>
            </Level0>
            <Level1>
               <VMeshPart>
                  <VMeshRef type="VMeshRef">
                     <!-- header size  --> 60,
                     <!-- vmesh lib    --> data.ships.civilian.cv_starflier.cv_starflier.lod1-112.vms,
                     <!-- start vert   --> 1077,
                     <!-- num verts    --> 70,
                     <!-- start index  --> 1272,
                     <!-- num indices  --> 90,
                     <!-- start mesh   --> 18,
                     <!-- num meshes   --> 1,
                     <!-- bounding box -->  0.79899848,   0.759893,    -0.78652048,
                                           -0.79899818,  -0.75989246,  -2.1140454,
                     <!-- center       --> -0.050857693, -0.048501052, -1.5457028,
                     <!-- radius       --> 1.0381017
                  </VMeshRef>
               </VMeshPart>
            </Level1>
            <Level2>
               <VMeshPart>
                  <VMeshRef type="VMeshRef">
                     <!-- header size  --> 60,
                     <!-- vmesh lib    --> data.ships.civilian.cv_starflier.cv_starflier.lod2-112.vms,
                     <!-- start vert   --> 453,
                     <!-- num verts    --> 31,
                     <!-- start index  --> 576,
                     <!-- num indices  --> 45,
                     <!-- start mesh   --> 7,
                     <!-- num meshes   --> 1,
                     <!-- bounding box -->  0.79899848,   0.759893,    -0.78652048,
                                           -0.79899818,  -0.75989246,  -2.1140454,
                     <!-- center       --> -0.050857693, -0.048501052, -1.5457028,
                     <!-- radius       --> 1.0381017
                  </VMeshRef>
               </VMeshPart>
            </Level2>
            <Level3>
               <VMeshPart>
                  <VMeshRef type="VMeshRef">
                     <!-- header size  --> 60,
                     <!-- vmesh lib    --> data.ships.civilian.cv_starflier.cv_starflier.lod3-112.vms,
                     <!-- start vert   --> 128,
                     <!-- num verts    --> 15,
                     <!-- start index  --> 156,
                     <!-- num indices  --> 21,
                     <!-- start mesh   --> 3,
                     <!-- num meshes   --> 1,
                     <!-- bounding box -->  0.79899848,   0.759893,    -0.78652048,
                                           -0.79899818,  -0.75989246,  -2.1140454,
                     <!-- center       --> -0.050857693, -0.048501052, -1.5457028,
                     <!-- radius       --> 1.0381017
                  </VMeshRef>
               </VMeshPart>
            </Level3>
         </MultiLevel>
         <Hardpoints>
            <Fixed>
               <HpEngine01>
                  <Position type="Vector">-3.5162122e-6, -0.0083421087, -0.78647459</Position>
                  <Orientation type="Matrix">
                       1.0000000000, -73.513725e-09, -13.909072e-09,
                      73.513725e-09,   1.0000000000,  8.4081285e-15,
                      13.909072e-09, -9.4306361e-15,   1.0000000000
                  </Orientation>
               </HpEngine01>
               <HpEngineGlow>
                  <Position type="Vector">-3.572339e-6, -0.0083421106, 3.2487812</Position>
                  <Orientation type="Matrix">
                       1.0000000000, -73.513725e-09, -13.909072e-09,
                      73.513725e-09,   1.0000000000,  8.4081285e-15,
                      13.909072e-09, -9.4306361e-15,   1.0000000000
                  </Orientation>
               </HpEngineGlow>
            </Fixed>
         </Hardpoints>
      </engine_lod1020929154804.3db>
      <baydoor01_lod1020929154804.3db>
         <VMeshWire include="cv_starflier_cmp\baydoor01_lod1.vwd.xml"/>
         <MultiLevel>
            <Switch2 type="float array" count="3">
               0,
               100,
               1000000
            </Switch2>
            <Level0>
               <VMeshPart>
                  <VMeshRef type="VMeshRef">
                     <!-- header size  --> 60,
                     <!-- vmesh lib    --> data.ships.civilian.cv_starflier.cv_starflier.lod0-112.vms,
                     <!-- start vert   --> 76,
                     <!-- num verts    --> 24,
                     <!-- start index  --> 126,
                     <!-- num indices  --> 36,
                     <!-- start mesh   --> 3,
                     <!-- num meshes   --> 1,
                     <!-- bounding box -->  0.73366565,   1.5325644,    0.11487031,
                                           -0.055794526, -1.6507548,   -0.028422585,
                     <!-- center       -->  0.33349335,  -0.059820239,  0.041381516,
                     <!-- radius       --> 1.6425494
                  </VMeshRef>
               </VMeshPart>
            </Level0>
            <Level1>
               <VMeshPart>
                  <VMeshRef type="VMeshRef">
                     <!-- header size  --> 60,
                     <!-- vmesh lib    --> data.ships.civilian.cv_starflier.cv_starflier.lod1-112.vms,
                     <!-- start vert   --> 20,
                     <!-- num verts    --> 28,
                     <!-- start index  --> 30,
