<?xml version="1.0" encoding="ISO-8859-1"?>
<!-- XML generated by UTFXML Version 2.2 built 19-Aug-2010 -->
<UTFXML filename="SF_Alien_Gunship_A6.cmp" path="SHIPS\new\Spaceships_Alien_vol_6">
   <UTF_ROOT>
      <VMeshLibrary>
         <sf_alien_gunship_a6.lod0-112.vms include="SF_Alien_Gunship_A6_cmp\lod0-112.vms.xml"/>
      </VMeshLibrary>
      <Exporter_Version name="Exporter Version" type="text">Export</Exporter_Version>
      <Cmpnd>
         <Root>
            <Object_name name="Object name" type="text">Root</Object_name>
            <Index type="int">0</Index>
            <File_name name="File name" type="text">SF_Alien_Gunship_A6211124200825.3db</File_name>
         </Root>
      </Cmpnd>
      <SF_Alien_Gunship_A6211124200825.3db>
         <VMeshPart>
            <VMeshRef type="VMeshRef">
               <!-- header size  --> 60,
               <!-- vmesh lib    --> sf_alien_gunship_a6.lod0-112.vms,
               <!-- start vert   --> 0,
               <!-- num verts    --> 4220,
               <!-- start index  --> 0,
               <!-- num indices  --> 13044,
               <!-- start mesh   --> 0,
               <!-- num meshes   --> 1,
               <!-- bounding box -->  116.57527,      75.50219,   246.87108,
                                     -116.57525,     -96.996315, -246.87108,
               <!-- center       -->   11.444092e-6, -10.747063,   -0,
               <!-- radius       --> 253.20013
            </VMeshRef>
         </VMeshPart>
         <VMeshWire include="SF_Alien_Gunship_A6_cmp\SF_Alien_Gunship_A6.vwd.xml"/>
         <Hardpoints>
            <Fixed>
               <HpMount>
                  <Position type="Vector">0, -105, -115</Position>
                  <Orientation type="Matrix">
                       1.0000000000,   0.0000000000,  -0.0000000000,
                       0.0000000000,   1.0000000000,  -0.0000000000,
                      -0.0000000000,  -0.0000000000,   1.0000000000
                  </Orientation>
               </HpMount>
               <HpTractor_Source>
                  <Position type="Vector">-190.00001e-6, 13.317755, -230.53677</Position>
                  <Orientation type="Matrix">
                       1.0000000000,   0.0000000000,  -0.0000000000,
                       0.0000000000,   1.0000000000,  -0.0000000000,
                      -0.0000000000,  -0.0000000000,   1.0000000000
                  </Orientation>
               </HpTractor_Source>
               <HpEngine01>
                  <Position type="Vector">-55.45623, 36.004395, 216.24556</Position>
                  <Orientation type="Matrix">
                       1.0000000000,   0.0000000000,  -0.0000000000,
                       0.0000000000,   1.0000000000,  -0.0000000000,
                      -0.0000000000,  -0.0000000000,   1.0000000000
                  </Orientation>
               </HpEngine01>
               <HpEngine02>
                  <Position type="Vector">55.193607, 36.002171, 215.77809</Position>
                  <Orientation type="Matrix">
                       1.0000000000,   0.0000000000,  -0.0000000000,
                       0.0000000000,   1.0000000000,  -0.0000000000,
                      -0.0000000000,  -0.0000000000,   1.0000000000
                  </Orientation>
               </HpEngine02>
               <HpEngine03>
                  <Position type="Vector">0, -4.5467191, 185.57849</Position>
                  <Orientation type="Matrix">
                       1.0000000000,   0.0000000000,  -0.0000000000,
                       0.0000000000,   1.0000000000,  -0.0000000000,
                      -0.0000000000,  -0.0000000000,   1.0000000000
                  </Orientation>
               </HpEngine03>
               <HpFX01>
                  <Position type="Vector">0, 0, -0</Position>
                  <Orientation type="Matrix">
                       1.0000000000,   0.0000000000,  -0.0000000000,
                       0.0000000000,   1.0000000000,  -0.0000000000,
                      -0.0000000000,  -0.0000000000,   1.0000000000
                  </Orientation>
               </HpFX01>
               <HpFX02>
                  <Position type="Vector">0, 0, -0</Position>
                  <Orientation type="Matrix">
                      313.91644e-09,   0.9999998800,  -0.0000000000,
                      -0.9999998800,  313.91644e-09,  -0.0000000000,
                      -0.0000000000,  -0.0000000000,   1.0000000000
                  </Orientation>
               </HpFX02>
               <HpFX03>
                  <Position type="Vector">0, 0, -0</Position>
                  <Orientation type="Matrix">
                       1.0000000000,   0.0000000000,  -0.0000000000,
                       0.0000000000,  313.91644e-09,   0.9999998800,
                      -0.0000000000,  -0.9999998800,  313.91644e-09
                  </Orientation>
               </HpFX03>
               <HpFX04>
                  <Position type="Vector">0, 0, -0</Position>
                  <Orientation type="Matrix">
                       1.0000000000,   0.0000000000,  -0.0000000000,
                       0.0000000000,   1.0000000000,  -0.0000000000,
                      -0.0000000000,  -0.0000000000,   1.0000000000
                  </Orientation>
               </HpFX04>
               <HpFX05>
                  <Position type="Vector">0, 0, -0</Position>
                  <Orientation type="Matrix">
                       1.0000000000,   0.0000000000,  -0.0000000000,
                       0.0000000000,   1.0000000000,  -0.0000000000,
                      -0.0000000000,  -0.0000000000,   1.0000000000
                  </Orientation>
               </HpFX05>
               <HpFX06>
                  <Position type="Vector">0, 0, -0</Position>
                  <Orientation type="Matrix">
                       1.0000000000,   0.0000000000,  -0.0000000000,
                       0.0000000000,   1.0000000000,  -0.0000000000,
                      -0.0000000000,  -0.0000000000,   1.0000000000
                  </Orientation>
               </HpFX06>
               <HpFX07>
                  <Position type="Vector">0, 0, -0</Position>
                  <Orientation type="Matrix">
                       1.0000000000,   0.0000000000,  -0.0000000000,
                       0.0000000000,   1.0000000000,  -0.0000000000,
                      -0.0000000000,  -0.0000000000,   1.0000000000
                  </Orientation>
               </HpFX07>
               <HpShield01>
                  <Position type="Vector">0, 0, -0</Position>
                  <Orientation type="Matrix">
                       1.0000000000,   0.0000000000,  -0.0000000000,
                       0.0000000000,   1.0000000000,  -0.0000000000,
                      -0.0000000000,  -0.0000000000,   1.0000000000
                  </Orientation>
               </HpShield01>
               <HpShield02>
                  <Position type="Vector">0, 0, -0</Position>
                  <Orientation type="Matrix">
                       1.0000000000,   0.0000000000,  -0.0000000000,
                       0.0000000000,   1.0000000000,  -0.0000000000,
                      -0.0000000000,  -0.0000000000,   1.0000000000
                  </Orientation>
               </HpShield02>
               <HpCloak01>
                  <Position type="Vector">0, 0, -0</Position>
                  <Orientation type="Matrix">
                       1.0000000000,   0.0000000000,  -0.0000000000,
                       0.0000000000,   1.0000000000,  -0.0000000000,
                      -0.0000000000,  -0.0000000000,   1.0000000000
                  </Orientation>
               </HpCloak01>
               <HpBayDoor01>
                  <Position type="Vector">0, 90, -0</Position>
                  <Orientation type="Matrix">
                       1.0000000000,   0.0000000000,  -0.0000000000,
                       0.0000000000,   1.0000000000,  -0.0000000000,
                      -0.0000000000,  -0.0000000000,   1.0000000000
                  </Orientation>
               </HpBayDoor01>
               <HpBayDoor02>
                  <Position type="Vector">0, 99, -0</Position>
                  <Orientation type="Matrix">
                       1.0000000000,   0.0000000000,  -0.0000000000,
                       0.0000000000,   1.0000000000,  -0.0000000000,
                      -0.0000000000,  -0.0000000000,   1.0000000000
                  </Orientation>
               </HpBayDoor02>
               <HpDocklight01>
                  <Position type="Vector">-115.74922, 74.229439, 115.72275</Position>
                  <Orientation type="Matrix">
                       1.0000000000,   0.0000000000,  -0.0000000000,
                       0.0000000000,   1.0000000000,  -0.0000000000,
                      -0.0000000000,  -0.0000000000,   1.0000000000
                  </Orientation>
               </HpDocklight01>
               <HpDocklight02>
                  <Position type="Vector">115.76537, 74.217407, 115.73855</Position>
                  <Orientation type="Matrix">
                       1.0000000000,   0.0000000000,  -0.0000000000,
                       0.0000000000,   1.0000000000,  -0.0000000000,
                      -0.0000000000,  -0.0000000000,   1.0000000000
                  </Orientation>
               </HpDocklight02>
               <HpDocklight03>
                  <Position type="Vector">0.010422, -96.987289, 60.464882</Position>
                  <Orientation type="Matrix">
                       1.0000000000,   0.0000000000,  -0.0000000000,
                       0.0000000000,   1.0000000000,  -0.0000000000,
                      -0.0000000000,  -0.0000000000,   1.0000000000
                  </Orientation>
               </HpDocklight03>
               <HpRunningLight01>
                  <Position type="Vector">-112.11317, 71.917694, 101.20942</Position>
                  <Orientation type="Matrix">
                       1.0000000000,   0.0000000000,  -0.0000000000,
                       0.0000000000,   1.0000000000,  -0.0000000000,
                      -0.0000000000,  -0.0000000000,   1.0000000000
                  </Orientation>
               </HpRunningLight01>
               <HpRunningLight02>
                  <Position type="Vector">112.11069, 71.910149, 101.21185</Position>
                  <Orientation type="Matrix">
                       1.0000000000,   0.0000000000,  -0.0000000000,
                       0.0000000000,   1.0000000000,  -0.0000000000,
                      -0.0000000000,  -0.0000000000,   1.0000000000
                  </Orientation>
               </HpRunningLight02>
               <HpRunningLight03>
                  <Position type="Vector">-106.67363, 68.473442, 84.875603</Position>
                  <Orientation type="Matrix">
                       1.0000000000,   0.0000000000,  -0.0000000000,
                       0.0000000000,   1.0000000000,  -0.0000000000,
                      -0.0000000000,  -0.0000000000,   1.0000000000
                  </Orientation>
               </HpRunningLight03>
               <HpRunningLight04>
                  <Position type="Vector">106.67917, 68.472198, 84.881897</Position>
                  <Orientation type="Matrix">
                       1.0000000000,   0.0000000000,  -0.0000000000,
                       0.0000000000,   1.0000000000,  -0.0000000000,
                      -0.0000000000,  -0.0000000000,   1.0000000000
                  </Orientation>
               </HpRunningLight04>
               <HpRunningLight05>
                  <Position type="Vector">0.009788, -91.404961, 41.69471</Position>
                  <Orientation type="Matrix">
                      -1.0000000000,  106.17260e-15, -325.84137e-09,
                       0.0000000000,  -1.0000000000, -325.84137e-09,
                     -325.84137e-09, -325.84137e-09,   1.0000000000
                  </Orientation>
               </HpRunningLight05>
               <HpRunningLight06>
                  <Position type="Vector">39.999999e-6, -83.105301, 20.630547</Position>
                  <Orientation type="Matrix">
                      -1.0000000000,  106.17260e-15, -325.84137e-09,
                       0.0000000000,  -1.0000000000, -325.84137e-09,
                     -325.84137e-09, -325.84137e-09,   1.0000000000
                  </Orientation>
               </HpRunningLight06>
               <HpRunningLight07>
                  <Position type="Vector">-40.975502, 26.546934, -246.86073</Position>
                  <Orientation type="Matrix">
                       1.0000000000,   0.0000000000,  -0.0000000000,
                       0.0000000000,   1.0000000000,  -0.0000000000,
                      -0.0000000000,  -0.0000000000,   1.0000000000
                  </Orientation>
               </HpRunningLight07>
               <HpRunningLight08>
                  <Position type="Vector">40.995918, 26.553673, -246.85432</Position>
                  <Orientation type="Matrix">
                       1.0000000000,   0.0000000000,  -0.0000000000,
                       0.0000000000,   1.0000000000,  -0.0000000000,
                      -0.0000000000,  -0.0000000000,   1.0000000000
                  </Orientation>
               </HpRunningLight08>
               <HpRunningLight09>
                  <Position type="Vector">-28.134556, 28.253283, -159.02715</Position>
                  <Orientation type="Matrix">
                       1.0000000000,   0.0000000000,  -0.0000000000,
                       0.0000000000,   1.0000000000,  -0.0000000000,
                      -0.0000000000,  -0.0000000000,   1.0000000000
                  </Orientation>
               </HpRunningLight09>
               <HpRunningLight10>
                  <Position type="Vector">28.134853, 28.255482, -159.02715</Position>
                  <Orientation type="Matrix">
                       1.0000000000,   0.0000000000,  -0.0000000000,
                       0.0000000000,   1.0000000000,  -0.0000000000,
                      -0.0000000000,  -0.0000000000,   1.0000000000
                  </Orientation>
               </HpRunningLight10>
               <HpRunningLight11>
                  <Position type="Vector">-13e-6, 13.317755, -230.55222</Position>
                  <Orientation type="Matrix">
                       1.0000000000,   0.0000000000,  -0.0000000000,
                       0.0000000000,   1.0000000000,  -0.0000000000,
                      -0.0000000000,  -0.0000000000,   1.0000000000
                  </Orientation>
               </HpRunningLight11>
               <HpCM01>
                  <Position type="Vector">-0.003774, -95.739403, 63.443096</Position>
                  <Orientation type="Matrix">
                      -0.9999998800,  209.44684e-09, -249.60900e-09,
                     -7.1054274e-15,  -0.7660443800,  -0.6427876400,
                     -325.84137e-09,  -0.6427876900,   0.7660445000
                  </Orientation>
               </HpCM01>
               <HpContrail01>
                  <Position type="Vector">-56.224911, 36.528938, 232.32671</Position>
                  <Orientation type="Matrix">
                       1.0000000000,   0.0000000000,  -0.0000000000,
                       0.0000000000,   1.0000000000,  -0.0000000000,
                      -0.0000000000,  -0.0000000000,   1.0000000000
                  </Orientation>
               </HpContrail01>
               <HpContrail02>
                  <Position type="Vector">56.208611, 36.54908, 232.33194</Position>
                  <Orientation type="Matrix">
                       1.0000000000,   0.0000000000,  -0.0000000000,
                       0.0000000000,   1.0000000000,  -0.0000000000,
                      -0.0000000000,  -0.0000000000,   1.0000000000
                  </Orientation>
               </HpContrail02>
               <HpContrail03>
                  <Position type="Vector">0.001756, -6.064724, 207.01822</Position>
                  <Orientation type="Matrix">
                       1.0000000000,   0.0000000000,  -0.0000000000,
                       0.0000000000,   1.0000000000,  -0.0000000000,
                      -0.0000000000,  -0.0000000000,   1.0000000000
                  </Orientation>
               </HpContrail03>
            </Fixed>
            <Revolute>
               <HpTorpedo01>
                  <Position type="Vector">0, -0.621813, -194.84389</Position>
                  <Orientation type="Matrix">
                      -1.0000000000,  106.17260e-15, -325.84137e-09,
                       0.0000000000,  -1.0000000000, -325.84137e-09,
                     -325.84137e-09, -325.84137e-09,   1.0000000000
                  </Orientation>
                  <Axis type="Vector">0, 1, -0</Axis>
                  <Min type="float">-0.78539819</Min>
                  <Max type="float">0.78539819</Max>
               </HpTorpedo01>
               <HpTurret01>
                  <Position type="Vector">-107.59808, 72.249763, 118.58074</Position>
                  <Orientation type="Matrix">
                       0.0391572450,   0.3725543900,   0.9271836900,
                       0.0969168840,   0.9221048400,  -0.3746066400,
                      -0.9945216800,   0.1045283400,  231.89932e-09
                  </Orientation>
                  <Axis type="Vector">0, 1, -0</Axis>
                  <Min type="float">-1.6580628</Min>
                  <Max type="float">1.6580628</Max>
               </HpTurret01>
               <HpTurret02>
                  <Position type="Vector">107.57602, 72.235672, 118.62453</Position>
                  <Orientation type="Matrix">
                       0.0391574580,  -0.3725544500,  -0.9271837500,
                      -0.0969171300,   0.9221049000,  -0.3746066700,
                       0.9945218000,   0.1045285800,  239.34990e-09
                  </Orientation>
                  <Axis type="Vector">0, 1, -0</Axis>
                  <Min type="float">-1.6580628</Min>
                  <Max type="float">1.6580628</Max>
               </HpTurret02>
               <HpTurret03>
                  <Position type="Vector">-110.42849, 67.652252, 118.70029</Position>
                  <Orientation type="Matrix">
                       0.0699432720,  -0.6654651800,   0.7431447500,
                       0.0776799020,  -0.7390734000,  -0.6691306800,
                       0.9945217400,   0.1045283500,  506.63948e-09
                  </Orientation>
                  <Axis type="Vector">0, 1, -0</Axis>
                  <Min type="float">-1.6580628</Min>
                  <Max type="float">1.6580628</Max>
               </HpTurret03>
               <HpTurret04>
                  <Position type="Vector">110.49787, 67.703606, 118.61346</Position>
                  <Orientation type="Matrix">
                       0.0699430780,   0.6654650600,  -0.7431445100,
                      -0.0776797680,  -0.7390734000,  -0.6691306200,
                      -0.9945216800,   0.1045281600,  409.78193e-09
                  </Orientation>
                  <Axis type="Vector">0, 1, -0</Axis>
                  <Min type="float">-1.6580628</Min>
                  <Max type="float">1.6580628</Max>
               </HpTurret04>
               <HpTurret05>
                  <Position type="Vector">-3.7863939, -83.919182, 66.161903</Position>
                  <Orientation type="Matrix">
                      -0.0849218960,  -0.9706622400,  -0.2249516200,
                      -0.0196058530,  -0.2240954500,   0.9743696500,
                      -0.9961946600,   0.0871558190,  29.802322e-09
                  </Orientation>
                  <Axis type="Vector">0, 1, -0</Axis>
                  <Min type="float">-1.6231562</Min>
                  <Max type="float">1.6231562</Max>
               </HpTurret05>
               <HpTurret06>
                  <Position type="Vector">3.8004229, -83.845947, 66.2453</Position>
                  <Orientation type="Matrix">
                      -0.0849219260,   0.9706620600,   0.2249516800,
                       0.0196058150,  -0.2240954900,   0.9743696500,
                       0.9961949600,   0.0871559080,  59.604645e-09
                  </Orientation>
                  <Axis type="Vector">0, 1, -0</Axis>
                  <Min type="float">-1.6231562</Min>
                  <Max type="float">1.6231562</Max>
               </HpTurret06>
               <HpTurret07>
                  <Position type="Vector">-8.5665617, -3.4300721, -39.325378</Position>
                  <Orientation type="Matrix">
                      149.01161e-09,  -0.9986295700,  -0.0523359180,
                     -238.41858e-09,  -0.0523357390,   0.9986296300,
                      -1.0000000000,  -0.0000000000,   0.0000000000
                  </Orientation>
                  <Axis type="Vector">0, 1, -0</Axis>
                  <Min type="float">-1.5707964</Min>
                  <Max type="float">0.017453292</Max>
               </HpTurret07>
               <HpTurret08>
                  <Position type="Vector">8.5632343, -3.4833369, -39.297302</Position>
                  <Orientation type="Matrix">
                     -29.802322e-09,   0.9986295100,   0.0523359780,
                       0.0000000000,  -0.0523356800,   0.9986295700,
                       0.9999998800,  238.41858e-09,  89.406967e-09
                  </Orientation>
                  <Axis type="Vector">0, 1, -0</Axis>
                  <Min type="float">-0.017453292</Min>
                  <Max type="float">1.5707964</Max>
               </HpTurret08>
               <HpTurret09>
                  <Position type="Vector">-8.7764835, -1.978968, -29.095974</Position>
                  <Orientation type="Matrix">
                       0.0523040890,  -0.9980211300,  -0.0348995700,
                       0.0018262751,  -0.0348517300,   0.9993908400,
                      -0.9986294500,  -0.0523359780, -193.71510e-09
                  </Orientation>
                  <Axis type="Vector">0, 1, -0</Axis>
                  <Min type="float">-1.5707964</Min>
                  <Max type="float">0.017453292</Max>
               </HpTurret09>
               <HpTurret10>
                  <Position type="Vector">8.7774267, -1.9622689, -29.087822</Position>
                  <Orientation type="Matrix">
                       0.0523038800,   0.9980211300,   0.0348995920,
                      -0.0018264538,  -0.0348517340,   0.9993908400,
                       0.9986295100,  -0.0523359480, -42.840838e-09
                  </Orientation>
                  <Axis type="Vector">0, 1, -0</Axis>
                  <Min type="float">-0.017453292</Min>
                  <Max type="float">1.5707964</Max>
               </HpTurret10>
               <HpTurret11>
                  <Position type="Vector">59.469055, 42.115242, 116.69147</Position>
                  <Orientation type="Matrix">
                       0.0569300350,  -0.5416553600,  -0.8386704900,
                      -0.0876649920,   0.8340764000,  -0.5446391100,
                       0.9945218000,   0.1045282700, -186.26451e-09
                  </Orientation>
                  <Axis type="Vector">0, 1, -0</Axis>
                  <Min type="float">-1.5707964</Min>
                  <Max type="float">1.5707964</Max>
               </HpTurret11>
               <HpTurret12>
                  <Position type="Vector">-59.50526, 42.133205, 116.73932</Position>
                  <Orientation type="Matrix">
                       0.0569301550,   0.5416553000,   0.8386705500,
                       0.0876650210,   0.8340763400,  -0.5446388100,
                      -0.9945218000,   0.1045282800, -98.720193e-09
                  </Orientation>
                  <Axis type="Vector">0, 1, -0</Axis>
                  <Min type="float">-1.5707964</Min>
                  <Max type="float">1.5707964</Max>
               </HpTurret12>
               <HpTurret13>
                  <Position type="Vector">-31.00651, 39.336838, -114.12169</Position>
                  <Orientation type="Matrix">
                     -29.802322e-09,  -0.9999997600,  238.41858e-09,
                     -29.802322e-09,  89.406967e-09,  -0.9999997000,
                       0.9999998800, -357.62787e-09,  163.91277e-09
                  </Orientation>
                  <Axis type="Vector">0, 1, -0</Axis>
                  <Min type="float">-0.78539819</Min>
                  <Max type="float">1.5707964</Max>
               </HpTurret13>
               <HpTurret14>
                  <Position type="Vector">31.006466, 39.337029, -112.907</Position>
                  <Orientation type="Matrix">
                      29.802322e-09,   0.9999997600, -268.22090e-09,
                       0.0000000000, -89.406967e-09,  -0.9999997600,
                      -0.9999995800, -119.20929e-09,  208.61626e-09
                  </Orientation>
                  <Axis type="Vector">0, 1, -0</Axis>
                  <Min type="float">-1.5707964</Min>
                  <Max type="float">0.78539819</Max>
               </HpTurret14>
               <HpTurret15>
                  <Position type="Vector">0, -1.480222, -189.08182</Position>
                  <Orientation type="Matrix">
                      -1.0000000000,  45.348401e-09, -322.67033e-09,
                      10.658141e-15,  -0.9902684700,  -0.1391732100,
                     -325.84148e-09,  -0.1391732200,   0.9902682300
                  </Orientation>
                  <Axis type="Vector">0, 1, -0</Axis>
                  <Min type="float">-1.5707964</Min>
                  <Max type="float">1.5707964</Max>
               </HpTurret15>
               <HpTurret16>
                  <Position type="Vector">0, 46.032883, -91.688614</Position>
                  <Orientation type="Matrix">
                       1.0000000000,   0.0000000000,  -0.0000000000,
                       0.0000000000,   0.9993908400,   0.0348992980,
                      -0.0000000000,  -0.0348992980,   0.9993908400
                  </Orientation>
                  <Axis type="Vector">0, 1, -0</Axis>
                  <Min type="float">-1.6580628</Min>
                  <Max type="float">1.6580628</Max>
               </HpTurret16>
               <HpTurret17>
                  <Position type="Vector">-15.170264, -36.546982, 66.034531</Position>
                  <Orientation type="Matrix">
                     -171.36335e-09,  -0.9063078200,  -0.4226183000,
                      7.4505806e-09,  -0.4226182700,   0.9063077600,
                      -0.9999998800,  119.20929e-09,  68.641384e-09
                  </Orientation>
                  <Axis type="Vector">0, 1, -0</Axis>
                  <Min type="float">-1.5707964</Min>
                  <Max type="float">0.78539819</Max>
               </HpTurret17>
               <HpTurret18>
                  <Position type="Vector">15.164394, -36.560696, 66.060463</Position>
                  <Orientation type="Matrix">
                     -14.901161e-09,   0.9063075800,   0.4226187200,
                      74.505806e-09,  -0.4226188100,   0.9063075800,
                       1.0000000000,  89.406967e-09,  158.32484e-09
                  </Orientation>
                  <Axis type="Vector">0, 1, -0</Axis>
                  <Min type="float">-0.78539819</Min>
                  <Max type="float">1.5707964</Max>
               </HpTurret18>
               <HpTurret19>
                  <Position type="Vector">-6.4751248, -34.011185, -33.890747</Position>
                  <Orientation type="Matrix">
                     -208.61626e-09,  -0.9961946000,  -0.0871558490,
                     -7.4505806e-09,  -0.0871558260,   0.9961944800,
                      -0.9999998800,  208.61626e-09,  14.901161e-09
                  </Orientation>
                  <Axis type="Vector">0, 1, -0</Axis>
                  <Min type="float">-1.5707964</Min>
                  <Max type="float">0.78539819</Max>
               </HpTurret19>
               <HpTurret20>
                  <Position type="Vector">6.4841151, -33.86898, -34.020432</Position>
                  <Orientation type="Matrix">
                     -163.91277e-09,   0.9961945400,   0.0871558860,
                     -2.7939677e-09,  -0.0871558930,   0.9961945400,
                       0.9999998200,  149.01161e-09,  18.626451e-09
                  </Orientation>
                  <Axis type="Vector">0, 1, -0</Axis>
                  <Min type="float">-0.78539819</Min>
                  <Max type="float">1.5707964</Max>
               </HpTurret20>
               <HpTurret21>
                  <Position type="Vector">-14.136141, 23.732042, 151.32172</Position>
                  <Orientation type="Matrix">
                      -1.0000000000, -13.160149e-09,  150.42122e-09,
                     -888.17842e-18,   0.9961947200,   0.0871557220,
                     -150.99580e-09,   0.0871557220,  -0.9961947200
                  </Orientation>
                  <Axis type="Vector">0, 1, -0</Axis>
                  <Min type="float">-0.61086524</Min>
                  <Max type="float">0.61086524</Max>
               </HpTurret21>
               <HpTurret22>
                  <Position type="Vector">14.123396, 23.748621, 151.30127</Position>
                  <Orientation type="Matrix">
                      -1.0000000000, -13.160149e-09,  150.42122e-09,
                     -888.17842e-18,   0.9961947200,   0.0871557220,
                     -150.99580e-09,   0.0871557220,  -0.9961947200
                  </Orientation>
                  <Axis type="Vector">0, 1, -0</Axis>
                  <Min type="float">-0.61086524</Min>
                  <Max type="float">0.61086524</Max>
               </HpTurret22>
               <HpTurret23>
                  <Position type="Vector">-74.223831, 42.769947, 109.51912</Position>
                  <Orientation type="Matrix">
                      33.527613e-09,  -0.6427875800,  -0.7660443800,
                     -22.351742e-09,  -0.7660442600,   0.6427875800,
                      -1.0000000000,  44.703484e-09,  89.406967e-09
                  </Orientation>
                  <Axis type="Vector">0, 1, -0</Axis>
                  <Min type="float">-0.78539819</Min>
                  <Max type="float">1.5707964</Max>
               </HpTurret23>
               <HpTurret24>
                  <Position type="Vector">74.17849, 42.728695, 109.46608</Position>
                  <Orientation type="Matrix">
                     -63.329935e-09,   0.6427875800,   0.7660443800,
                      74.505806e-09,  -0.7660442600,   0.6427876400,
                       0.9999998200,  108.03342e-09,  141.56103e-09
                  </Orientation>
                  <Axis type="Vector">0, 1, -0</Axis>
                  <Min type="float">-1.5707964</Min>
                  <Max type="float">0.78539819</Max>
               </HpTurret24>
               <HpTurret25>
                  <Position type="Vector">-54.615177, 25.037888, 108.48067</Position>
                  <Orientation type="Matrix">
                      -0.0448383990,  -0.6412217000,  -0.7660443800,
                      -0.0534366820,  -0.7641782200,   0.6427875200,
                      -0.9975640200,   0.0697564630, -32.130629e-09
                  </Orientation>
                  <Axis type="Vector">0, 1, -0</Axis>
                  <Min type="float">-0.78539819</Min>
                  <Max type="float">1.5707964</Max>
               </HpTurret25>
               <HpTurret26>
                  <Position type="Vector">54.597427, 25.026047, 108.51994</Position>
                  <Orientation type="Matrix">
                      -0.0448384020,   0.6412216400,   0.7660443800,
                       0.0534366180,  -0.7641782800,   0.6427875800,
                       0.9975638400,   0.0697563960, -116.41532e-12
                  </Orientation>
                  <Axis type="Vector">0, 1, -0</Axis>
                  <Min type="float">-1.5707964</Min>
                  <Max type="float">0.78539819</Max>
               </HpTurret26>
               <HpTurret27>
                  <Position type="Vector">-7.6113682, 11.94981, 230.70396</Position>
                  <Orientation type="Matrix">
                       1.0000000000, -87.422755e-09, -87.422798e-09,
                     -87.422784e-09,  -1.0000000000, -325.84137e-09,
                     -87.422769e-09,  325.84137e-09,  -1.0000000000
                  </Orientation>
                  <Axis type="Vector">0, 1, -0</Axis>
                  <Min type="float">-1.5707964</Min>
                  <Max type="float">1.5707964</Max>
               </HpTurret27>
               <HpTurret28>
                  <Position type="Vector">7.4260368, 11.945024, 230.40749</Position>
                  <Orientation type="Matrix">
                       1.0000000000, -87.422755e-09, -87.422798e-09,
                     -87.422784e-09,  -1.0000000000, -325.84137e-09,
                     -87.422769e-09,  325.84137e-09,  -1.0000000000
                  </Orientation>
                  <Axis type="Vector">0, 1, -0</Axis>
                  <Min type="float">-1.5707964</Min>
                  <Max type="float">1.5707964</Max>
               </HpTurret28>
               <HpTurret29>
                  <Position type="Vector">0.055277999, 44.326027, 50.42947</Position>
                  <Orientation type="Matrix">
                       1.0000000000,   0.0000000000,  -0.0000000000,
                       0.0000000000,   0.9135454300,  -0.4067367300,
                      -0.0000000000,   0.4067367300,   0.9135454300
                  </Orientation>
                  <Axis type="Vector">0, 1, -0</Axis>
                  <Min type="float">-0.69813168</Min>
                  <Max type="float">0.69813168</Max>
               </HpTurret29>
               <HpTurret30>
                  <Position type="Vector">-5.7998142, -59.313671, 93.850288</Position>
                  <Orientation type="Matrix">
                      -0.0522638560,  -0.9972605700,  -0.0523359480,
                      -0.0027391911,  -0.0522641240,   0.9986290900,
                      -0.9986290900,   0.0523357990,  59.604645e-09
                  </Orientation>
                  <Axis type="Vector">0, 1, -0</Axis>
                  <Min type="float">-0.78539819</Min>
                  <Max type="float">1.5707964</Max>
               </HpTurret30>
               <HpTurret31>
                  <Position type="Vector">5.835187, -58.726509, 94.296585</Position>
                  <Orientation type="Matrix">
                      -0.0522639750,   0.9972603900,   0.0523359030,
                       0.0027391613,  -0.0522640500,   0.9986291500,
                       0.9986290900,   0.0523359780,  178.81393e-09
                  </Orientation>
                  <Axis type="Vector">0, 1, -0</Axis>
                  <Min type="float">-1.5707964</Min>
                  <Max type="float">0.78539819</Max>
               </HpTurret31>
            </Revolute>
         </Hardpoints>
      </SF_Alien_Gunship_A6211124200825.3db>
   </UTF_ROOT>
</UTFXML>
