<?xml version="1.0" encoding="ISO-8859-1"?>
<!-- XML generated by UTFXML Version 2.2 built 19-Aug-2010 -->
<UTFXML filename="SF_Bomber_A2.cmp" path="SHIPS\new\Spaceships_Alien_vol_6">
   <UTF_ROOT>
      <VMeshLibrary>
         <sf_bomber_a2.lod0-112.vms include="SF_Bomber_A2_cmp\lod0-112.vms.xml"/>
      </VMeshLibrary>
      <Exporter_Version name="Exporter Version" type="text">Export</Exporter_Version>
      <Cmpnd>
         <Root>
            <Object_name name="Object name" type="text">Root</Object_name>
            <Index type="int">0</Index>
            <File_name name="File name" type="text">SF_Bomber_A2210808210519.3db</File_name>
         </Root>
      </Cmpnd>
      <SF_Bomber_A2210808210519.3db>
         <VMeshPart>
            <VMeshRef type="VMeshRef">
               <!-- header size  --> 60,
               <!-- vmesh lib    --> sf_bomber_a2.lod0-112.vms,
               <!-- start vert   --> 0,
               <!-- num verts    --> 4049,
               <!-- start index  --> 0,
               <!-- num indices  --> 9714,
               <!-- start mesh   --> 0,
               <!-- num meshes   --> 1,
               <!-- bounding box -->  150.37598,     15.126803,  101.50395,
                                     -150.37454,    -69.929924, -133.28389,
               <!-- center       -->  717.16309e-6, -27.40156,   -15.889969,
               <!-- radius       --> 195.35789
            </VMeshRef>
         </VMeshPart>
         <VMeshWire include="SF_Bomber_A2_cmp\SF_Bomber_A2.vwd.xml"/>
         <Hardpoints>
            <Fixed>
               <HpMount>
                  <Position type="Vector">0, -80, -90</Position>
                  <Orientation type="Matrix">
                       1.0000000000,   0.0000000000,   0.0000000000,
                       0.0000000000,   1.0000000000,   0.0000000000,
                       0.0000000000,   0.0000000000,   1.0000000000
                  </Orientation>
               </HpMount>
               <HpBayDoor01>
                  <Position type="Vector">0, -100, 0</Position>
                  <Orientation type="Matrix">
                       1.0000000000,   0.0000000000,   0.0000000000,
                       0.0000000000,   1.0000000000,   0.0000000000,
                       0.0000000000,   0.0000000000,   1.0000000000
                  </Orientation>
               </HpBayDoor01>
               <HpBayDoor02>
                  <Position type="Vector">0, -105, 0</Position>
                  <Orientation type="Matrix">
                       1.0000000000,   0.0000000000,   0.0000000000,
                       0.0000000000,   1.0000000000,   0.0000000000,
                       0.0000000000,   0.0000000000,   1.0000000000
                  </Orientation>
               </HpBayDoor02>
               <HpEngine01>
                  <Position type="Vector">-18.909092, -3.561877, 92.497101</Position>
                  <Orientation type="Matrix">
                       1.0000000000,   0.0000000000,   0.0000000000,
                       0.0000000000,   1.0000000000,   0.0000000000,
                       0.0000000000,   0.0000000000,   1.0000000000
                  </Orientation>
               </HpEngine01>
               <HpEngine02>
                  <Position type="Vector">18.878544, -3.5897889, 92.497101</Position>
                  <Orientation type="Matrix">
                       1.0000000000,   0.0000000000,   0.0000000000,
                       0.0000000000,   1.0000000000,   0.0000000000,
                       0.0000000000,   0.0000000000,   1.0000000000
                  </Orientation>
               </HpEngine02>
               <HpTractor_Source>
                  <Position type="Vector">0, 1.555645, -54.088825</Position>
                  <Orientation type="Matrix">
                       1.0000000000,   0.0000000000,   0.0000000000,
                       0.0000000000,   1.0000000000,   0.0000000000,
                       0.0000000000,   0.0000000000,   1.0000000000
                  </Orientation>
               </HpTractor_Source>
               <HpFX01>
                  <Position type="Vector">0, 0, 0</Position>
                  <Orientation type="Matrix">
                       1.0000000000,   0.0000000000,   0.0000000000,
                       0.0000000000,   1.0000000000,   0.0000000000,
                       0.0000000000,   0.0000000000,   1.0000000000
                  </Orientation>
               </HpFX01>
               <HpFX02>
                  <Position type="Vector">0, 0, 0</Position>
                  <Orientation type="Matrix">
                      313.91644e-09,   0.9999998800,   0.0000000000,
                      -0.9999998800,  313.91644e-09,   0.0000000000,
                       0.0000000000,   0.0000000000,   1.0000000000
                  </Orientation>
               </HpFX02>
               <HpFX03>
                  <Position type="Vector">0, 0, 0</Position>
                  <Orientation type="Matrix">
                       1.0000000000,   0.0000000000,   0.0000000000,
                       0.0000000000,  313.91644e-09,   0.9999998800,
                       0.0000000000,  -0.9999998800,  313.91644e-09
                  </Orientation>
               </HpFX03>
               <HpFX04>
                  <Position type="Vector">0, 0, 0</Position>
                  <Orientation type="Matrix">
                       1.0000000000,   0.0000000000,   0.0000000000,
                       0.0000000000,   1.0000000000,   0.0000000000,
                       0.0000000000,   0.0000000000,   1.0000000000
                  </Orientation>
               </HpFX04>
               <HpFX05>
                  <Position type="Vector">0, 0, 0</Position>
                  <Orientation type="Matrix">
                       1.0000000000,   0.0000000000,   0.0000000000,
                       0.0000000000,   1.0000000000,   0.0000000000,
                       0.0000000000,   0.0000000000,   1.0000000000
                  </Orientation>
               </HpFX05>
               <HpFX06>
                  <Position type="Vector">0, 0, 0</Position>
                  <Orientation type="Matrix">
                       1.0000000000,   0.0000000000,   0.0000000000,
                       0.0000000000,   1.0000000000,   0.0000000000,
                       0.0000000000,   0.0000000000,   1.0000000000
                  </Orientation>
               </HpFX06>
               <HpFX07>
                  <Position type="Vector">0, 0, 0</Position>
                  <Orientation type="Matrix">
                       1.0000000000,   0.0000000000,   0.0000000000,
                       0.0000000000,   1.0000000000,   0.0000000000,
                       0.0000000000,   0.0000000000,   1.0000000000
                  </Orientation>
               </HpFX07>
               <HpCM01>
                  <Position type="Vector">-13.648446, -9.0501595, 98.311218</Position>
                  <Orientation type="Matrix">
                      -0.9999998800,  230.40458e-09, -230.40469e-09,
                       0.0000000000,  -0.7071069500,  -0.7071065900,
                     -325.84134e-09,  -0.7071065900,   0.7071069500
                  </Orientation>
               </HpCM01>
               <HpShield01>
                  <Position type="Vector">0, 0, 0</Position>
                  <Orientation type="Matrix">
                       1.0000000000,   0.0000000000,   0.0000000000,
                       0.0000000000,   1.0000000000,   0.0000000000,
                       0.0000000000,   0.0000000000,   1.0000000000
                  </Orientation>
               </HpShield01>
               <HpShield02>
                  <Position type="Vector">0, 0, 0</Position>
                  <Orientation type="Matrix">
                       1.0000000000,   0.0000000000,   0.0000000000,
                       0.0000000000,   1.0000000000,   0.0000000000,
                       0.0000000000,   0.0000000000,   1.0000000000
                  </Orientation>
               </HpShield02>
               <HpShield03>
                  <Position type="Vector">0, 0, 0</Position>
                  <Orientation type="Matrix">
                       1.0000000000,   0.0000000000,   0.0000000000,
                       0.0000000000,   1.0000000000,   0.0000000000,
                       0.0000000000,   0.0000000000,   1.0000000000
                  </Orientation>
               </HpShield03>
               <HpCloak01>
                  <Position type="Vector">0, -2, 20</Position>
                  <Orientation type="Matrix">
                       1.0000000000,   0.0000000000,   0.0000000000,
                       0.0000000000,   1.0000000000,   0.0000000000,
                       0.0000000000,   0.0000000000,   1.0000000000
                  </Orientation>
               </HpCloak01>
               <HpDocklight01>
                  <Position type="Vector">150.11205, -69.9263, -133.22322</Position>
                  <Orientation type="Matrix">
                       1.0000000000,   0.0000000000,   0.0000000000,
                       0.0000000000,   1.0000000000,   0.0000000000,
                       0.0000000000,   0.0000000000,   1.0000000000
                  </Orientation>
               </HpDocklight01>
               <HpDocklight02>
                  <Position type="Vector">-150.10802, -69.917252, -133.22055</Position>
                  <Orientation type="Matrix">
                       1.0000000000,   0.0000000000,   0.0000000000,
                       0.0000000000,   1.0000000000,   0.0000000000,
                       0.0000000000,   0.0000000000,   1.0000000000
                  </Orientation>
               </HpDocklight02>
               <HpRunningLight01>
                  <Position type="Vector">-150.32474, -69.640205, -133.2775</Position>
                  <Orientation type="Matrix">
                       1.0000000000,   0.0000000000,   0.0000000000,
                       0.0000000000,   1.0000000000,   0.0000000000,
                       0.0000000000,   0.0000000000,   1.0000000000
                  </Orientation>
               </HpRunningLight01>
               <HpRunningLight02>
                  <Position type="Vector">150.32397, -69.636742, -133.26743</Position>
                  <Orientation type="Matrix">
                       1.0000000000,   0.0000000000,   0.0000000000,
                       0.0000000000,   1.0000000000,   0.0000000000,
                       0.0000000000,   0.0000000000,   1.0000000000
                  </Orientation>
               </HpRunningLight02>
               <HpRunningLight03>
                  <Position type="Vector">-90.655884, -0.78931999, 15.035404</Position>
                  <Orientation type="Matrix">
                       1.0000000000,   0.0000000000,   0.0000000000,
                       0.0000000000,   1.0000000000,   0.0000000000,
                       0.0000000000,   0.0000000000,   1.0000000000
                  </Orientation>
               </HpRunningLight03>
               <HpRunningLight04>
                  <Position type="Vector">90.671082, -0.78138697, 15.047174</Position>
                  <Orientation type="Matrix">
                       1.0000000000,   0.0000000000,   0.0000000000,
                       0.0000000000,   1.0000000000,   0.0000000000,
                       0.0000000000,   0.0000000000,   1.0000000000
                  </Orientation>
               </HpRunningLight04>
               <HpRunningLight05>
                  <Position type="Vector">-25.159012, 1.5, -55.2</Position>
                  <Orientation type="Matrix">
                       1.0000000000,   0.0000000000,   0.0000000000,
                       0.0000000000,   1.0000000000,   0.0000000000,
                       0.0000000000,   0.0000000000,   1.0000000000
                  </Orientation>
               </HpRunningLight05>
               <HpRunningLight06>
                  <Position type="Vector">25.152378, 1.5, -55.2</Position>
                  <Orientation type="Matrix">
                       1.0000000000,   0.0000000000,   0.0000000000,
                       0.0000000000,   1.0000000000,   0.0000000000,
                       0.0000000000,   0.0000000000,   1.0000000000
                  </Orientation>
               </HpRunningLight06>
            </Fixed>
            <Revolute>
               <HpTorpedo01>
                  <Position type="Vector">0, 12.909299, -1.523199</Position>
                  <Orientation type="Matrix">
                       1.0000000000,   0.0000000000,   0.0000000000,
                       0.0000000000,   1.0000000000,   0.0000000000,
                       0.0000000000,   0.0000000000,   1.0000000000
                  </Orientation>
                  <Axis type="Vector">0, 1, 0</Axis>
                  <Min type="float">-2.2689281</Min>
                  <Max type="float">2.2689281</Max>
               </HpTorpedo01>
               <HpGun01>
                  <Position type="Vector">0, 12.907608, -1.4961129</Position>
                  <Orientation type="Matrix">
                       1.0000000000,   0.0000000000,   0.0000000000,
                       0.0000000000,   1.0000000000,   0.0000000000,
                       0.0000000000,   0.0000000000,   1.0000000000
                  </Orientation>
                  <Axis type="Vector">0, 1, 0</Axis>
                  <Min type="float">-1.5707964</Min>
                  <Max type="float">1.5707964</Max>
               </HpGun01>
               <HpTurret01>
                  <Position type="Vector">-96.231544, -10.035231, -24.699337</Position>
                  <Orientation type="Matrix">
                       0.7660445000,  -0.6403415200,  -0.0560226890,
                       0.6427875800,   0.7631295900,   0.0667651300,
                     -29.802322e-09,  -0.0871556400,   0.9961947200
                  </Orientation>
                  <Axis type="Vector">0, 1, 0</Axis>
                  <Min type="float">-3.1415927</Min>
                  <Max type="float">3.1415927</Max>
               </HpTurret01>
               <HpTurret02>
                  <Position type="Vector">96.128845, -9.9384718, -24.607204</Position>
                  <Orientation type="Matrix">
                       0.7660445600,   0.6403414600,   0.0560226440,
                      -0.6427873400,   0.7631295900,   0.0667651670,
                     -29.802322e-09,  -0.0871557370,   0.9961947800
                  </Orientation>
                  <Axis type="Vector">0, 1, 0</Axis>
                  <Min type="float">-3.1415927</Min>
                  <Max type="float">3.1415927</Max>
               </HpTurret02>
               <HpTurret03>
                  <Position type="Vector">-109.79959, -40.290512, -63.627018</Position>
                  <Orientation type="Matrix">
                      -0.0699013920,   0.5693010700,   0.8191520000,
                       0.0998294950,  -0.8130461000,   0.5735764500,
                       0.9925460800,   0.1218693300,  26.542693e-09
                  </Orientation>
                  <Axis type="Vector">0, 1, 0</Axis>
                  <Min type="float">-1.5707964</Min>
                  <Max type="float">1.5707964</Max>
               </HpTurret03>
               <HpTurret04>
                  <Position type="Vector">109.74929, -40.263985, -63.652851</Position>
                  <Orientation type="Matrix">
                      -0.0699011980,  -0.5693011900,  -0.8191520000,
                      -0.0998295550,  -0.8130459800,   0.5735763300,
                      -0.9925460800,   0.1218692700, -59.604645e-09
                  </Orientation>
                  <Axis type="Vector">0, 1, 0</Axis>
                  <Min type="float">-1.5707964</Min>
                  <Max type="float">1.5707964</Max>
               </HpTurret04>
               <HpTurret05>
                  <Position type="Vector">-102.3236, -17.935558, -47.470634</Position>
                  <Orientation type="Matrix">
                       0.7660445600,  -0.6392662500,  -0.0671895150,
                       0.6427875200,   0.7618480900,   0.0800733860,
                     -5.8980731e-09,  -0.1045283500,   0.9945222100
                  </Orientation>
                  <Axis type="Vector">0, 1, 0</Axis>
                  <Min type="float">-3.1415927</Min>
                  <Max type="float">3.1415927</Max>
               </HpTurret05>
               <HpTurret06>
                  <Position type="Vector">102.28803, -17.889286, -47.345242</Position>
                  <Orientation type="Matrix">
                       0.7660444400,   0.6392663100,   0.0671895300,
                      -0.6427875200,   0.7618479100,   0.0800733720,
                     -3.7252903e-09,  -0.1045283400,   0.9945220900
                  </Orientation>
                  <Axis type="Vector">0, 1, 0</Axis>
                  <Min type="float">-3.1415927</Min>
                  <Max type="float">3.1415927</Max>
               </HpTurret06>
               <HpTurret07>
                  <Position type="Vector">-49.693535, 4.5162611, 15.822444</Position>
                  <Orientation type="Matrix">
                       0.9781476900,  -0.2079119500,   0.0000000000,
                       0.2079119500,   0.9781476900,   0.0000000000,
                       0.0000000000,   0.0000000000,   1.0000000000
                  </Orientation>
                  <Axis type="Vector">0, 1, 0</Axis>
                  <Min type="float">-3.1415927</Min>
                  <Max type="float">3.1415927</Max>
               </HpTurret07>
               <HpTurret08>
                  <Position type="Vector">50.127949, 4.4226899, 16.070698</Position>
                  <Orientation type="Matrix">
                       0.9781478600,   0.2079117400,   0.0000000000,
                      -0.2079117400,   0.9781478600,   0.0000000000,
                       0.0000000000,   0.0000000000,   1.0000000000
                  </Orientation>
                  <Axis type="Vector">0, 1, 0</Axis>
                  <Min type="float">-3.1415927</Min>
                  <Max type="float">3.1415927</Max>
               </HpTurret08>
               <HpTurret09>
                  <Position type="Vector">-104.61438, -35.276302, -32.12772</Position>
                  <Orientation type="Matrix">
                      -0.0327487360,   0.4683278800,   0.8829476800,
                       0.0615912600,  -0.8807967900,   0.4694715700,
                       0.9975640800,   0.0697565600,  244.00651e-09
                  </Orientation>
                  <Axis type="Vector">0, 1, 0</Axis>
                  <Min type="float">-1.5707964</Min>
                  <Max type="float">1.5707964</Max>
               </HpTurret09>
               <HpTurret10>
                  <Position type="Vector">104.52282, -35.232185, -32.135479</Position>
                  <Orientation type="Matrix">
                      -0.0327485800,  -0.4683278500,  -0.8829476800,
                      -0.0615913120,  -0.8807966700,   0.4694715400,
                      -0.9975642000,   0.0697565380,   0.0000000000
                  </Orientation>
                  <Axis type="Vector">0, 1, 0</Axis>
                  <Min type="float">-1.5707964</Min>
                  <Max type="float">1.5707964</Max>
               </HpTurret10>
               <HpTurret11>
                  <Position type="Vector">-109.35101, -25.44487, -60.51667</Position>
                  <Orientation type="Matrix">
                       0.7660445600,  -0.6392662500,  -0.0671895150,
                       0.6427875200,   0.7618480900,   0.0800733860,
                     -5.8980731e-09,  -0.1045283500,   0.9945222100
                  </Orientation>
                  <Axis type="Vector">0, 1, 0</Axis>
                  <Min type="float">-3.1415927</Min>
                  <Max type="float">3.1415927</Max>
               </HpTurret11>
               <HpTurret12>
                  <Position type="Vector">109.4557, -25.5853, -60.906841</Position>
                  <Orientation type="Matrix">
                       0.7660444400,   0.6392663100,   0.0671895300,
                      -0.6427875200,   0.7618479100,   0.0800733720,
                     -3.7252903e-09,  -0.1045283400,   0.9945220900
                  </Orientation>
                  <Axis type="Vector">0, 1, 0</Axis>
                  <Min type="float">-3.1415927</Min>
                  <Max type="float">3.1415927</Max>
               </HpTurret12>
               <HpTurret13>
                  <Position type="Vector">-122.3185, -45.722351, -35.841854</Position>
                  <Orientation type="Matrix">
                      -0.0100105460,   0.5734889500,   0.8191518800,
                       0.0142960660,  -0.8190268300,   0.5735762100,
                       0.9998474100,   0.0174525530,  513.15874e-09
                  </Orientation>
                  <Axis type="Vector">0, 1, 0</Axis>
                  <Min type="float">-1.5707964</Min>
                  <Max type="float">1.5707964</Max>
               </HpTurret13>
               <HpTurret14>
                  <Position type="Vector">122.42323, -45.785816, -35.838364</Position>
                  <Orientation type="Matrix">
                      -0.0100102930,  -0.5734890100,  -0.8191518800,
                      -0.0142962490,  -0.8190269500,   0.5735761500,
                      -0.9998475900,   0.0174525380,  208.61626e-09
                  </Orientation>
                  <Axis type="Vector">0, 1, 0</Axis>
                  <Min type="float">-1.5707964</Min>
                  <Max type="float">1.5707964</Max>
               </HpTurret14>
               <HpTurret15>
                  <Position type="Vector">-73.536919, -0.18555699, 34.239517</Position>
                  <Orientation type="Matrix">
                       0.9659258100,  -0.2588189800,   0.0000000000,
                       0.2588189800,   0.9659258100,   0.0000000000,
                       0.0000000000,   0.0000000000,   1.0000000000
                  </Orientation>
                  <Axis type="Vector">0, 1, 0</Axis>
                  <Min type="float">-3.1415927</Min>
                  <Max type="float">3.1415927</Max>
               </HpTurret15>
               <HpTurret16>
                  <Position type="Vector">73.537178, -0.18487699, 34.262577</Position>
                  <Orientation type="Matrix">
                       0.9659258100,   0.2588190700,   0.0000000000,
                      -0.2588190700,   0.9659258100,   0.0000000000,
                       0.0000000000,   0.0000000000,   1.0000000000
                  </Orientation>
                  <Axis type="Vector">0, 1, 0</Axis>
                  <Min type="float">-3.1415927</Min>
                  <Max type="float">3.1415927</Max>
               </HpTurret16>
               <HpTurret17>
                  <Position type="Vector">-125.35185, -39.684444, -36.53717</Position>
                  <Orientation type="Matrix">
                       0.0512289700,  -0.5855485800,   0.8090168800,
                      -0.0705105440,   0.8059384200,   0.5877852400,
                      -0.9961946600,  -0.0871558640,  44.703480e-09
                  </Orientation>
                  <Axis type="Vector">0, 1, 0</Axis>
                  <Min type="float">-0.61086524</Min>
                  <Max type="float">1.5707964</Max>
               </HpTurret17>
               <HpTurret18>
                  <Position type="Vector">125.35941, -39.690788, -36.553772</Position>
                  <Orientation type="Matrix">
                       0.0512286160,   0.5855488200,  -0.8090170600,
                       0.0705104920,   0.8059384800,   0.5877853000,
                       0.9961946600,  -0.0871556250, -211.41022e-09
                  </Orientation>
                  <Axis type="Vector">0, 1, 0</Axis>
                  <Min type="float">-1.5707964</Min>
                  <Max type="float">0.78539819</Max>
               </HpTurret18>
               <HpTurret19>
                  <Position type="Vector">0, -11.347807, -3.008167</Position>
                  <Orientation type="Matrix">
                      -1.0000000000,  106.17260e-15, -325.84137e-09,
                       0.0000000000,  -1.0000000000, -325.84137e-09,
                     -325.84137e-09, -325.84137e-09,   1.0000000000
                  </Orientation>
                  <Axis type="Vector">0, 1, 0</Axis>
                  <Min type="float">-0.61086524</Min>
                  <Max type="float">0.61086524</Max>
               </HpTurret19>
            </Revolute>
         </Hardpoints>
      </SF_Bomber_A2210808210519.3db>
   </UTF_ROOT>
</UTFXML>
