<?xml version="1.0" encoding="ISO-8859-1"?>
<!-- XML generated by UTFXML Version 2.2 built 19-Aug-2010 -->
<UTFXML filename="br_freighter.cmp" path="SHIPS\BRETONIA\BR_FREIGHTER">
   <UTF_ROOT>
      <VMeshLibrary>
         <data.ships.bretonia.br_freighter.br_freighter.lod0-112.vms include="br_freighter_cmp\lod0-112.vms.xml"/>
         <data.ships.bretonia.br_freighter.br_freighter.lod1-112.vms include="br_freighter_cmp\lod1-112.vms.xml"/>
         <data.ships.bretonia.br_freighter.br_freighter.lod2-112.vms include="br_freighter_cmp\lod2-112.vms.xml"/>
      </VMeshLibrary>
      <Animation>
         <Script>
            <Sc_open_dock1 name="Sc_open dock1">
               <Joint_map_0 name="Joint map 0">
                  <Channel>
                     <Header type="Header">
                        <!-- count    --> 2,
                        <!-- interval --> Explicit,
                        <!-- flags    --> 0x1
                     </Header>
                     <Frames type="Frames" count="2">
                          0.0000000000:     0.0000000000
                          2.1333334000:     5.2132626000
                     </Frames>
                  </Channel>
                  <Child_name name="Child name" type="text">br_baydoor_lod1</Child_name>
                  <Parent_name name="Parent name" type="text">Root</Parent_name>
               </Joint_map_0>
            </Sc_open_dock1>
         </Script>
      </Animation>
      <br_baydoor_lod1020916111818.3db>
         <VMeshWire include="br_freighter_cmp\br_baydoor_lod1.vwd.xml"/>
         <MultiLevel>
            <Level0>
               <VMeshPart>
                  <VMeshRef type="VMeshRef">
                     <!-- header size  --> 60,
                     <!-- vmesh lib    --> data.ships.bretonia.br_freighter.br_freighter.lod0-112.vms,
                     <!-- start vert   --> 0,
                     <!-- num verts    --> 8,
                     <!-- start index  --> 0,
                     <!-- num indices  --> 18,
                     <!-- start mesh   --> 0,
                     <!-- num meshes   --> 1,
                     <!-- bounding box -->  2.2480059,     0.002912553,   2.802783,
                                           -2.2480059,    -0.0029132466, -2.8027828,
                     <!-- center       --> -0.083507851, -80.909624e-6,   0.17287815,
                     <!-- radius       --> 3.5145929
                  </VMeshRef>
               </VMeshPart>
            </Level0>
            <Level1>
               <VMeshPart>
                  <VMeshRef type="VMeshRef">
                     <!-- header size  --> 60,
                     <!-- vmesh lib    --> data.ships.bretonia.br_freighter.br_freighter.lod1-112.vms,
                     <!-- start vert   --> 0,
                     <!-- num verts    --> 6,
                     <!-- start index  --> 0,
                     <!-- num indices  --> 12,
                     <!-- start mesh   --> 0,
                     <!-- num meshes   --> 1,
                     <!-- bounding box -->  2.2480059,     0.002912553,   2.802783,
                                           -2.2480059,    -0.0029132466, -2.8027828,
                     <!-- center       --> -0.083507851, -80.909624e-6,   0.17287815,
                     <!-- radius       --> 3.5145929
                  </VMeshRef>
               </VMeshPart>
            </Level1>
            <Switch2 type="float array" count="3">
               0,
               100,
               1000000
            </Switch2>
         </MultiLevel>
         <Hardpoints>
            <Fixed>
               <Hpnew01>
                  <Orientation type="Matrix">
                       1.0000000000,   0.0000000000,   0.0000000000,
                       0.0000000000,   1.0000000000,   0.0000000000,
                       0.0000000000,   0.0000000000,   1.0000000000
                  </Orientation>
                  <Position type="Vector">0, -4, 0</Position>
               </Hpnew01>
               <Hpnew02>
                  <Orientation type="Matrix">
                       1.0000000000,   0.0000000000,   0.0000000000,
                       0.0000000000,   1.0000000000,   0.0000000000,
                       0.0000000000,   0.0000000000,   1.0000000000
                  </Orientation>
                  <Position type="Vector">0, -4, 0</Position>
               </Hpnew02>
               <Hpnew03>
                  <Orientation type="Matrix">
                       1.0000000000,   0.0000000000,   0.0000000000,
                       0.0000000000,   1.0000000000,   0.0000000000,
                       0.0000000000,   0.0000000000,   1.0000000000
                  </Orientation>
                  <Position type="Vector">0, -4, 0</Position>
               </Hpnew03>
            </Fixed>
         </Hardpoints>
      </br_baydoor_lod1020916111818.3db>
      <br_freighter_glass_lod1020916111818.3db>
         <VMeshWire include="br_freighter_cmp\br_freighter_glass_lod1.vwd.xml"/>
         <MultiLevel>
            <Level0>
               <VMeshPart>
                  <VMeshRef type="VMeshRef">
                     <!-- header size  --> 60,
                     <!-- vmesh lib    --> data.ships.bretonia.br_freighter.br_freighter.lod0-112.vms,
                     <!-- start vert   --> 471,
                     <!-- num verts    --> 120,
                     <!-- start index  --> 765,
                     <!-- num indices  --> 474,
                     <!-- start mesh   --> 9,
                     <!-- num meshes   --> 1,
                     <!-- bounding box -->  1.9523127,    1.4308207,    0.97633851,
                                           -1.9523132,   -1.4311248,   -0.97597307,
                     <!-- center       --> -0.024492793, -0.048372004,  0.1036754,
                     <!-- radius       --> 2.1987774
                  </VMeshRef>
               </VMeshPart>
            </Level0>
            <Level1>
               <VMeshPart>
                  <VMeshRef type="VMeshRef">
                     <!-- header size  --> 60,
                     <!-- vmesh lib    --> data.ships.bretonia.br_freighter.br_freighter.lod1-112.vms,
                     <!-- start vert   --> 152,
                     <!-- num verts    --> 41,
                     <!-- start index  --> 243,
                     <!-- num indices  --> 156,
                     <!-- start mesh   --> 3,
                     <!-- num meshes   --> 1,
                     <!-- bounding box -->  1.9523127,    1.4308207,    0.97633851,
                                           -1.9523132,   -1.4311248,   -0.97597307,
                     <!-- center       --> -0.024492793, -0.048372004,  0.1036754,
                     <!-- radius       --> 2.1987774
                  </VMeshRef>
               </VMeshPart>
            </Level1>
            <Switch2 type="float array" count="3">
               0,
               100,
               1000000
            </Switch2>
         </MultiLevel>
      </br_freighter_glass_lod1020916111818.3db>
      <br_freighter_lod1020916111818.3db>
         <Hardpoints>
            <Fixed>
               <DpPort_Engine>
                  <Orientation type="Matrix">
                       1.0000000000,   0.0000000000,   0.0000000000,
                      -0.0000000000,   1.0000000000,  59.604659e-09,
                       0.0000000000, -59.604659e-09,   1.0000000000
                  </Orientation>
                  <Position type="Vector">-4.3931599, -1.7728481, 6.6039195</Position>
               </DpPort_Engine>
               <DpPort_wing>
                  <Orientation type="Matrix">
                       1.0000000000, -43.711395e-09, -43.711406e-09,
                      43.711402e-09,   1.0000000000,  178.81398e-09,
                      43.711399e-09, -178.81398e-09,   1.0000000000
                  </Orientation>
                  <Position type="Vector">-6.1384597, 0.11270255, 3.6693718</Position>
               </DpPort_wing>
               <DpStarboard_Engine>
                  <Orientation type="Matrix">
                       1.0000000000,   0.0000000000,   0.0000000000,
                      -0.0000000000,   1.0000000000,  59.604659e-09,
                       0.0000000000, -59.604659e-09,   1.0000000000
                  </Orientation>
                  <Position type="Vector">4.3779545, -1.7728481, 6.6039195</Position>
               </DpStarboard_Engine>
               <DpStarboard_wing>
                  <Orientation type="Matrix">
                       1.0000000000, -43.711395e-09, -43.711406e-09,
                      43.711402e-09,   1.0000000000,  178.81398e-09,
                      43.711399e-09, -178.81398e-09,   1.0000000000
                  </Orientation>
                  <Position type="Vector">6.6965852, 0.11270311, 3.6693723</Position>
               </DpStarboard_wing>
               <HpBayDoor01>
                  <Orientation type="Matrix">
                       1.0000000000,   0.0000000000,   0.0000000000,
                       0.0000000000,   1.0000000000,   0.0000000000,
                       0.0000000000,   0.0000000000,   1.0000000000
                  </Orientation>
                  <Position type="Vector">-14.211818e-9, 4.2270069, 0.32512924</Position>
               </HpBayDoor01>
               <HpBayDoor02>
                  <Orientation type="Matrix">
                       1.0000000000,   0.0000000000,   0.0000000000,
                       0.0000000000,   1.0000000000,   0.0000000000,
                       0.0000000000,   0.0000000000,   1.0000000000
                  </Orientation>
                  <Position type="Vector">-14.211818e-9, 5.8392501, 0.32512948</Position>
               </HpBayDoor02>
               <HpCloak01>
                  <Orientation type="Matrix">
                       1.0000000000,   0.0000000000,   0.0000000000,
                      -0.0000000000,  178.81395e-09,   1.0000000000,
                       0.0000000000,  -1.0000000000,  178.81395e-09
                  </Orientation>
                  <Position type="Vector">0.092235327, 2.8440117e-9, -0.023857297</Position>
               </HpCloak01>
               <HpCM01>
                  <Orientation type="Matrix">
                      -0.7071066500,  -0.7071068900, -348.01184e-09,
                       0.7071068900,  -0.7071066500, -236.94287e-09,
                     -78.537553e-09, -413.62546e-09,   1.0000000000
                  </Orientation>
                  <Position type="Vector">-2.1384649, -4.4520054, -0.045915119</Position>
               </HpCM01>
               <HpCockpit>
                  <Orientation type="Matrix">
                       1.0000000000,   0.0000000000,   0.0000000000,
                      -0.0000000000,   1.0000000000,  59.604659e-09,
                       0.0000000000, -59.604659e-09,   1.0000000000
                  </Orientation>
                  <Position type="Vector">-312.14665e-9, -0.086611621, -8.829874</Position>
               </HpCockpit>
               <HpCockpitEx>
                  <Orientation type="Matrix">
                       1.0000000000,   0.0000000000,   0.0000000000,
                      -0.0000000000,   1.0000000000,  59.604659e-09,
                       0.0000000000, -59.604659e-09,   1.0000000000
                  </Orientation>
                  <Position type="Vector">-1.6526297e-6, 14.748281, 61.878948</Position>
               </HpCockpitEx>
               <HpContrail03>
                  <Orientation type="Matrix">
                       1.0000000000,  10.421609e-15,  174.84558e-09,
                      31.264837e-15,   1.0000000000, -238.41864e-09,
                     -174.84558e-09,  238.41864e-09,   1.0000000000
                  </Orientation>
                  <Position type="Vector">-3.1798389, 4.6831117, 9.1283026</Position>
               </HpContrail03>
               <HpContrail04>
                  <Orientation type="Matrix">
                       1.0000000000,  10.421609e-15,  174.84558e-09,
                      31.264837e-15,   1.0000000000, -238.41864e-09,
                     -174.84558e-09,  238.41864e-09,   1.0000000000
                  </Orientation>
                  <Position type="Vector">3.1779401, 4.6831117, 9.1283016</Position>
               </HpContrail04>
               <HpHeadLight>
                  <Orientation type="Matrix">
                       1.0000000000,   0.0000000000,   0.0000000000,
                      -0.0000000000,   1.0000000000,  59.604645e-09,
                       0.0000000000, -59.604645e-09,   1.0000000000
                  </Orientation>
                  <Position type="Vector">-187.88799e-9, 1.6772059, -10.006644</Position>
               </HpHeadLight>
               <HpMine01>
                  <Orientation type="Matrix">
                      -0.7071067700,   0.7071068300,  81.915076e-09,
                      -0.7071068300,  -0.7071067700, -266.90128e-09,
                     -130.80502e-09, -246.65042e-09,   1.0000000000
                  </Orientation>
                  <Position type="Vector">2.1244891, -4.4520054, -0.045914743</Position>
               </HpMine01>
               <HpMount>
                  <Orientation type="Matrix">
                       1.0000000000,   0.0000000000,   0.0000000000,
                       0.0000000000,   1.0000000000,   0.0000000000,
                       0.0000000000,   0.0000000000,   1.0000000000
                  </Orientation>
                  <Position type="Vector">-42.770277e-12, -5.6065593, 977.55657e-6</Position>
               </HpMount>
               <HpPilot>
                  <Orientation type="Matrix">
                       1.0000000000,   0.0000000000,   0.0000000000,
                      -0.0000000000,   1.0000000000,  59.604659e-09,
                       0.0000000000, -59.604659e-09,   1.0000000000
                  </Orientation>
                  <Position type="Vector">-489.79098e-9, -1.4449615, -8.7984867</Position>
               </HpPilot>
               <HpRunningLight01>
                  <Orientation type="Matrix">
                      -1.0000000000,  10.421610e-15, -87.422791e-09,
                     -10.421613e-15,   1.0000000000,  238.41864e-09,
                      87.422791e-09,  238.41864e-09,  -1.0000000000
                  </Orientation>
                  <Position type="Vector">-3.198173, 4.7150011, 9.3447027</Position>
               </HpRunningLight01>
               <HpRunningLight02>
                  <Orientation type="Matrix">
                      -1.0000000000,  10.421610e-15, -87.422791e-09,
                     -10.421613e-15,   1.0000000000,  238.41864e-09,
                      87.422791e-09,  238.41864e-09,  -1.0000000000
                  </Orientation>
                  <Position type="Vector">3.1891782, 4.7150011, 9.3447027</Position>
               </HpRunningLight02>
               <HpRunningLight03>
                  <Orientation type="Matrix">
                       1.0000000000,   0.0000000000,   0.0000000000,
                       0.0000000000,   1.0000000000,   0.0000000000,
                       0.0000000000,   0.0000000000,   1.0000000000
                  </Orientation>
                  <Position type="Vector">1.0305744, 1.9087981, -9.3605804</Position>
               </HpRunningLight03>
               <HpRunningLight04>
                  <Orientation type="Matrix">
                       1.0000000000,   0.0000000000,   0.0000000000,
                       0.0000000000,   1.0000000000,   0.0000000000,
                       0.0000000000,   0.0000000000,   1.0000000000
                  </Orientation>
                  <Position type="Vector">-1.003491, 1.9087981, -9.3605804</Position>
               </HpRunningLight04>
               <HpShield01>
                  <Orientation type="Matrix">
                       1.0000000000,  20.183684e-09,  4.9389177e-09,
                     -20.183684e-09,   0.8870108700,   0.4617486000,
                      4.9389133e-09,  -0.4617486000,   0.8870108700
                  </Orientation>
                  <Position type="Vector">376.83455e-9, 2.2671492, -8.6209688</Position>
               </HpShield01>
               <HpThruster01>
                  <Orientation type="Matrix">
                       1.0000000000,  42.298964e-09, -169.65190e-09,
                     -40.096544e-15,   0.9702957900,   0.2419216500,
                      174.84555e-09,  -0.2419216500,   0.9702957900
                  </Orientation>
                  <Position type="Vector">-462.49815e-9, 4.158577, -3.4073911</Position>
               </HpThruster01>
               <HpTractor_Source>
                  <Orientation type="Matrix">
                       1.0000000000,   0.0000000000,   0.0000000000,
                      -0.0000000000,   1.0000000000,  59.604645e-09,
                       0.0000000000, -59.604645e-09,   1.0000000000
                  </Orientation>
                  <Position type="Vector">-187.88799e-9, 1.6772059, -10.006644</Position>
               </HpTractor_Source>
            </Fixed>
            <Revolute>
               <HpTurret03>
                  <Axis type="Vector">0, 1, 0</Axis>
                  <Max type="float">6.2831855</Max>
                  <Min type="float">-6.2831855</Min>
                  <Orientation type="Matrix">
                       1.0000000000,   0.0000000000,   0.0000000000,
                       0.0000000000,   1.0000000000, -59.604645e-09,
                      -0.0000000000,  59.604645e-09,   1.0000000000
                  </Orientation>
                  <Position type="Vector">-0.0013431311, 4.6845331, 6.4569497</Position>
               </HpTurret03>
               <HpTurret04>
                  <Axis type="Vector">0, 1, 0</Axis>
                  <Max type="float">6.2831855</Max>
                  <Min type="float">-6.2831855</Min>
                  <Orientation type="Matrix">
                      -1.0000000000,  69.648216e-09,  36.009588e-09,
                     -72.521622e-09,  -0.9961947200,  -0.0871556700,
                      29.802326e-09,  -0.0871556700,   0.9961947200
                  </Orientation>
                  <Position type="Vector">-111.82409e-9, -4.52705, -2.5564318</Position>
               </HpTurret04>
               <HpTurret05>
                  <Axis type="Vector">0, 1, 0</Axis>
                  <Max type="float">1.91986</Max>
                  <Min type="float">-1.9198699</Min>
                  <Orientation type="Matrix">
                       1.0000000000,  11.086781e-09,  143.42416e-09,
                      110.87222e-09,  -0.6946584600,  -0.7193396700,
                      91.655650e-09,   0.7193396700,  -0.6946584600
                  </Orientation>
                  <Position type="Vector">389.88406e-9, 4.4271054, 8.873251</Position>
               </HpTurret05>
               <HpWeapon01>
                  <Axis type="Vector">0, 1, 0</Axis>
                  <Max type="float">0.78538001</Max>
                  <Min type="float">-0.7854</Min>
                  <Orientation type="Matrix">
                      -1.0000000000, -87.422777e-09, -174.84558e-09,
                      87.422819e-09,  -1.0000000000, -263.10767e-09,
                     -174.84555e-09, -263.10769e-09,   1.0000000000
                  </Orientation>
                  <Position type="Vector">352.75519e-9, -3.2918544, -8.0700979</Position>
               </HpWeapon01>
               <HpWeapon02>
                  <Axis type="Vector">0, 1, 0</Axis>
                  <Max type="float">0.78538001</Max>
                  <Min type="float">-0.7854</Min>
                  <Orientation type="Matrix">
                       0.3826834000,  -0.9238795600, -230.45179e-09,
                       0.9238795600,   0.3826834000, -1.8221300e-09,
                      89.873502e-09, -212.21240e-09,   1.0000000000
                  </Orientation>
                  <Position type="Vector">-3.6895998, 0.31920084, -6.9896007</Position>
               </HpWeapon02>
               <HpWeapon03>
                  <Axis type="Vector">0, 1, 0</Axis>
                  <Max type="float">0.78538001</Max>
                  <Min type="float">-0.7854</Min>
                  <Orientation type="Matrix">
                       0.3826833400,   0.9238795600,  133.94151e-09,
                      -0.9238795600,   0.3826833400, -167.83474e-09,
                     -206.31627e-09, -59.518268e-09,   1.0000000000
                  </Orientation>
                  <Position type="Vector">3.6895998, 0.31920084, -6.9896007</Position>
               </HpWeapon03>
               <HpTorpedo01>
                  <Axis type="Vector">0, 1, 0</Axis>
                  <Max type="float">0.78539819</Max>
                  <Min type="float">-0.78539819</Min>
                  <Orientation type="Matrix">
                      -1.0000000000, -87.422777e-09,   0.0000000000,
                      87.422777e-09,  -1.0000000000,  -0.0000000000,
                       0.0000000000,   0.0000000000,   1.0000000000
                  </Orientation>
                  <Position type="Vector">0.081827, -5.0574741, 3.4721279</Position>
               </HpTorpedo01>
            </Revolute>
         </Hardpoints>
         <VMeshWire include="br_freighter_cmp\br_freighter_lod1.vwd.xml"/>
         <MultiLevel>
            <Level0>
               <VMeshPart>
                  <VMeshRef type="VMeshRef">
                     <!-- header size  --> 60,
                     <!-- vmesh lib    --> data.ships.bretonia.br_freighter.br_freighter.lod0-112.vms,
                     <!-- start vert   --> 888,
                     <!-- num verts    --> 2469,
                     <!-- start index  --> 1770,
                     <!-- num indices  --> 2883,
                     <!-- start mesh   --> 15,
                     <!-- num meshes   --> 8,
                     <!-- bounding box -->  7.3133068,   4.7284141,    9.1319323,
                                           -7.3133068,  -5.1310196,  -11.402822,
                     <!-- center       -->  0.18901303,  0.14162765,  -0.41478306,
                     <!-- radius       --> 11.096706
                  </VMeshRef>
               </VMeshPart>
            </Level0>
            <Level1>
               <VMeshPart>
                  <VMeshRef type="VMeshRef">
                     <!-- header size  --> 60,
                     <!-- vmesh lib    --> data.ships.bretonia.br_freighter.br_freighter.lod1-112.vms,
                     <!-- start vert   --> 272,
                     <!-- num verts    --> 871,
                     <!-- start index  --> 516,
                     <!-- num indices  --> 1164,
                     <!-- start mesh   --> 5,
                     <!-- num meshes   --> 1,
                     <!-- bounding box -->  7.3133068,   4.7284141,    9.1319323,
                                           -7.3133068,  -5.1310196,  -11.402822,
                     <!-- center       -->  0.18901303,  0.14162765,  -0.41478306,
                     <!-- radius       --> 11.096706
                  </VMeshRef>
               </VMeshPart>
            </Level1>
            <Level2>
               <VMeshPart>
                  <VMeshRef type="VMeshRef">
                     <!-- header size  --> 60,
                     <!-- vmesh lib    --> data.ships.bretonia.br_freighter.br_freighter.lod2-112.vms,
                     <!-- start vert   --> 103,
                     <!-- num verts    --> 225,
                     <!-- start index  --> 162,
                     <!-- num indices  --> 372,
                     <!-- start mesh   --> 4,
                     <!-- num meshes   --> 1,
                     <!-- bounding box -->  7.3133068,   4.7284141,    9.1319323,
                                           -7.3133068,  -5.1310196,  -11.402822,
                     <!-- center       -->  0.18901303,  0.14162765,  -0.41478306,
                     <!-- radius       --> 11.096706
                  </VMeshRef>
               </VMeshPart>
            </Level2>
            <Switch2 type="float array" count="4">
               0,
               100,
               1000,
               1000000
            </Switch2>
         </MultiLevel>
      </br_freighter_lod1020916111818.3db>
      <br_freighter_port_eng_lod1020916111818.3db>
         <Hardpoints>
            <Fixed>
               <HpEngine01>
                  <Orientation type="Matrix">
                       1.0000000000,   0.0000000000,   0.0000000000,
                       0.0000000000,   1.0000000000, -59.604645e-09,
                      -0.0000000000,  59.604645e-09,   1.0000000000
                  </Orientation>
                  <Position type="Vector">-0.0085000992, -0.033019476, -0.0036710314</Position>
               </HpEngine01>
               <HpEngineGlow>
                  <Orientation type="Matrix">
                       1.0000000000,   0.0000000000,   0.0000000000,
                       0.0000000000,   1.0000000000, -59.604645e-09,
                      -0.0000000000,  59.604645e-09,   1.0000000000
                  </Orientation>
                  <Position type="Vector">4.3851943, -0.033019818, 7.246469</Position>
               </HpEngineGlow>
            </Fixed>
         </Hardpoints>
         <VMeshWire include="br_freighter_cmp\br_freighter_port_eng_lod1.vwd.xml"/>
         <MultiLevel>
            <Level0>
               <VMeshPart>
                  <VMeshRef type="VMeshRef">
                     <!-- header size  --> 60,
                     <!-- vmesh lib    --> data.ships.bretonia.br_freighter.br_freighter.lod0-112.vms,
                     <!-- start vert   --> 302,
                     <!-- num verts    --> 169,
                     <!-- start index  --> 549,
                     <!-- num indices  --> 216,
                     <!-- start mesh   --> 6,
                     <!-- num meshes   --> 3,
                     <!-- bounding box -->  1.7812324,    1.781432,     2.4492438,
                                           -1.7816317,   -1.7814324,   -1.5737772,
                     <!-- center       --> -0.088231876,  0.057056487,  0.43634841,
                     <!-- radius       --> 2.3736269
                  </VMeshRef>
               </VMeshPart>
            </Level0>
            <Level1>
               <VMeshPart>
                  <VMeshRef type="VMeshRef">
                     <!-- header size  --> 60,
                     <!-- vmesh lib    --> data.ships.bretonia.br_freighter.br_freighter.lod1-112.vms,
                     <!-- start vert   --> 104,
                     <!-- num verts    --> 48,
                     <!-- start index  --> 153,
                     <!-- num indices  --> 90,
                     <!-- start mesh   --> 2,
                     <!-- num meshes   --> 1,
                     <!-- bounding box -->  1.7812324,    1.781432,     2.4492438,
                                           -1.7816317,   -1.7814324,   -1.5737772,
                     <!-- center       --> -0.088231876,  0.057056487,  0.43634841,
                     <!-- radius       --> 2.3736269
                  </VMeshRef>
               </VMeshPart>
            </Level1>
            <Level2>
               <VMeshPart>
                  <VMeshRef type="VMeshRef">
                     <!-- header size  --> 60,
                     <!-- vmesh lib    --> data.ships.bretonia.br_freighter.br_freighter.lod2-112.vms,
                     <!-- start vert   --> 43,
                     <!-- num verts    --> 17,
                     <!-- start index  --> 51,
                     <!-- num indices  --> 60,
                     <!-- start mesh   --> 1,
                     <!-- num meshes   --> 2,
                     <!-- bounding box -->  1.7812324,    1.781432,     2.4492438,
                                           -1.7816317,   -1.7814324,   -1.5737772,
                     <!-- center       --> -0.088231876,  0.057056487,  0.43634841,
                     <!-- radius       --> 2.3736269
                  </VMeshRef>
               </VMeshPart>
            </Level2>
            <Switch2 type="float array" count="4">
               0,
               100,
               1000,
               1000000
            </Switch2>
         </MultiLevel>
      </br_freighter_port_eng_lod1020916111818.3db>
      <br_freighter_port_wing_lod1020916111818.3db>
         <Hardpoints>
            <Fixed>
               <HpContrail01>
                  <Orientation type="Matrix">
                       1.0000000000,  11.368920e-15,  174.84558e-09,
                      50.266706e-15,   1.0000000000, -352.51463e-09,
                     -174.84558e-09,  352.51463e-09,   1.0000000000
                  </Orientation>
                  <Position type="Vector">-3.5916605, -2.5909824, 4.6617098</Position>
               </HpContrail01>
               <HpDocklight01>
                  <Orientation type="Matrix">
                       1.0000000000,  11.368920e-15,  174.84558e-09,
                      50.266706e-15,   1.0000000000, -352.51463e-09,
                     -174.84558e-09,  352.51463e-09,   1.0000000000
                  </Orientation>
                  <Position type="Vector">-3.5916605, -2.5909824, 4.6617098</Position>
               </HpDocklight01>
               <HpRunningLight05>
                  <Orientation type="Matrix">
                       1.0000000000,   0.0000000000,   0.0000000000,
                      -0.0000000000,   1.0000000000,  14.210855e-15,
                       0.0000000000, -14.210855e-15,   1.0000000000
                  </Orientation>
                  <Position type="Vector">-1.6700115, -3.9416573, -0.50135618</Position>
               </HpRunningLight05>
               <HpRunningLight08>
                  <Orientation type="Matrix">
                      -1.0000000000,  11.368924e-15, -87.422791e-09,
                     -19.448890e-15,   1.0000000000,  352.51463e-09,
                      87.422791e-09,  352.51463e-09,  -1.0000000000
                  </Orientation>
                  <Position type="Vector">-3.725914, -2.5909824, 4.677351</Position>
               </HpRunningLight08>
            </Fixed>
            <Revolute>
               <HpTurret02>
                  <Axis type="Vector">0, 1, 0</Axis>
                  <Max type="float">6.2831855</Max>
                  <Min type="float">-6.2831855</Min>
                  <Orientation type="Matrix">
                       0.1710420300,  -0.9283543800,  -0.3300041300,
                       0.9837378900,   0.1795463100,   0.0047815191,
                       0.0548120740,  -0.3254554000,   0.9439674000
                  </Orientation>
                  <Position type="Vector">-2.2721472, -2.3916848, 0.58730888</Position>
               </HpTurret02>
            </Revolute>
         </Hardpoints>
         <VMeshWire include="br_freighter_cmp\br_freighter_port_wing_lod1.vwd.xml"/>
         <MultiLevel>
            <Level0>
               <VMeshPart>
                  <VMeshRef type="VMeshRef">
                     <!-- header size  --> 60,
                     <!-- vmesh lib    --> data.ships.bretonia.br_freighter.br_freighter.lod0-112.vms,
                     <!-- start vert   --> 8,
                     <!-- num verts    --> 294,
                     <!-- start index  --> 18,
                     <!-- num indices  --> 531,
                     <!-- start mesh   --> 1,
                     <!-- num meshes   --> 5,
                     <!-- bounding box -->  3.5927262,    3.8846033,   4.6631436,
                                           -3.5924382,   -3.884603,   -4.6636901,
                     <!-- center       --> -0.092542216,  0.10644846,  0.45427418,
                     <!-- radius       --> 6.1007886
                  </VMeshRef>
               </VMeshPart>
            </Level0>
            <Level1>
               <VMeshPart>
                  <VMeshRef type="VMeshRef">
                     <!-- header size  --> 60,
                     <!-- vmesh lib    --> data.ships.bretonia.br_freighter.br_freighter.lod1-112.vms,
                     <!-- start vert   --> 6,
                     <!-- num verts    --> 98,
                     <!-- start index  --> 12,
                     <!-- num indices  --> 141,
                     <!-- start mesh   --> 1,
                     <!-- num meshes   --> 1,
                     <!-- bounding box -->  3.5927262,    3.8846033,   4.6631436,
                                           -3.5924382,   -3.884603,   -4.6636901,
                     <!-- center       --> -0.092542216,  0.10644846,  0.45427418,
                     <!-- radius       --> 6.1007886
                  </VMeshRef>
               </VMeshPart>
            </Level1>
            <Level2>
               <VMeshPart>
                  <VMeshRef type="VMeshRef">
                     <!-- header size  --> 60,
                     <!-- vmesh lib    --> data.ships.bretonia.br_freighter.br_freighter.lod2-112.vms,
                     <!-- start vert   --> 0,
                     <!-- num verts    --> 43,
                     <!-- start index  --> 0,
                     <!-- num indices  --> 51,
                     <!-- start mesh   --> 0,
                     <!-- num meshes   --> 1,
                     <!-- bounding box -->  3.5927262,    3.8846033,   4.6631436,
                                           -3.5924382,   -3.884603,   -4.6636901,
                     <!-- center       --> -0.092542216,  0.10644846,  0.45427418,
                     <!-- radius       --> 6.1007886
                  </VMeshRef>
               </VMeshPart>
            </Level2>
            <Switch2 type="float array" count="4">
               0,
               100,
               1000,
               1000000
            </Switch2>
         </MultiLevel>
      </br_freighter_port_wing_lod1020916111818.3db>
      <br_freighter_star_eng_lod1020916111818.3db>
         <Hardpoints>
            <Fixed>
               <HpEngine02>
                  <Orientation type="Matrix">
                       1.0000000000,   0.0000000000,   0.0000000000,
                       0.0000000000,   1.0000000000, -59.604645e-09,
                      -0.0000000000,  59.604645e-09,   1.0000000000
                  </Orientation>
                  <Position type="Vector">-0.016766548, -0.033019476, -0.0038713031</Position>
               </HpEngine02>
            </Fixed>
         </Hardpoints>
         <VMeshWire include="br_freighter_cmp\br_freighter_star_eng_lod1.vwd.xml"/>
         <MultiLevel>
            <Level0>
               <VMeshPart>
                  <VMeshRef type="VMeshRef">
                     <!-- header size  --> 60,
                     <!-- vmesh lib    --> data.ships.bretonia.br_freighter.br_freighter.lod0-112.vms,
                     <!-- start vert   --> 3357,
                     <!-- num verts    --> 169,
                     <!-- start index  --> 4653,
                     <!-- num indices  --> 216,
                     <!-- start mesh   --> 23,
                     <!-- num meshes   --> 3,
                     <!-- bounding box -->  1.7814322,   1.781432,     2.4490435,
                                           -1.7814319,  -1.7814324,   -1.5739775,
                     <!-- center       --> -0.08803203,  0.057056386,  0.43614811,
                     <!-- radius       --> 2.3736269
                  </VMeshRef>
               </VMeshPart>
            </Level0>
            <Level1>
               <VMeshPart>
                  <VMeshRef type="VMeshRef">
                     <!-- header size  --> 60,
                     <!-- vmesh lib    --> data.ships.bretonia.br_freighter.br_freighter.lod1-112.vms,
                     <!-- start vert   --> 1143,
                     <!-- num verts    --> 48,
                     <!-- start index  --> 1680,
                     <!-- num indices  --> 90,
                     <!-- start mesh   --> 6,
                     <!-- num meshes   --> 1,
                     <!-- bounding box -->  1.7814322,   1.781432,     2.4490435,
                                           -1.7814319,  -1.7814324,   -1.5739775,
                     <!-- center       --> -0.08803203,  0.057056386,  0.43614811,
                     <!-- radius       --> 2.3736269
                  </VMeshRef>
               </VMeshPart>
            </Level1>
            <Level2>
               <VMeshPart>
                  <VMeshRef type="VMeshRef">
                     <!-- header size  --> 60,
                     <!-- vmesh lib    --> data.ships.bretonia.br_freighter.br_freighter.lod2-112.vms,
                     <!-- start vert   --> 328,
                     <!-- num verts    --> 17,
                     <!-- start index  --> 534,
                     <!-- num indices  --> 60,
                     <!-- start mesh   --> 5,
                     <!-- num meshes   --> 2,
                     <!-- bounding box -->  1.7814322,   1.781432,     2.4490435,
                                           -1.7814319,  -1.7814324,   -1.5739775,
                     <!-- center       --> -0.08803203,  0.057056386,  0.43614811,
                     <!-- radius       --> 2.3736269
                  </VMeshRef>
               </VMeshPart>
            </Level2>
            <Switch2 type="float array" count="4">
               0,
               100,
               1000,
               1000000
            </Switch2>
         </MultiLevel>
      </br_freighter_star_eng_lod1020916111818.3db>
      <br_freighter_star_wing_lod1020916111818.3db>
         <Hardpoints>
            <Fixed>
               <HpContrail02>
                  <Orientation type="Matrix">
                       1.0000000000,  11.368920e-15,  174.84558e-09,
                      50.266706e-15,   1.0000000000, -352.51463e-09,
                     -174.84558e-09,  352.51463e-09,   1.0000000000
                  </Orientation>
                  <Position type="Vector">3.586565, -2.5909822, 4.6624341</Position>
               </HpContrail02>
               <HpDocklight02>
                  <Orientation type="Matrix">
                       1.0000000000,  11.368920e-15,  174.84558e-09,
                      50.266706e-15,   1.0000000000, -352.51463e-09,
                     -174.84558e-09,  352.51463e-09,   1.0000000000
                  </Orientation>
                  <Position type="Vector">3.586565, -2.5909822, 4.6624341</Position>
               </HpDocklight02>
               <HpRunningLight06>
                  <Orientation type="Matrix">
                       1.0000000000,   0.0000000000,   0.0000000000,
                      -0.0000000000,   1.0000000000,  14.210855e-15,
                       0.0000000000, -14.210855e-15,   1.0000000000
                  </Orientation>
                  <Position type="Vector">1.6867218, -3.9416571, -0.50108248</Position>
               </HpRunningLight06>
               <HpRunningLight07>
                  <Orientation type="Matrix">
                      -1.0000000000,  11.368924e-15, -87.422791e-09,
                     -19.448890e-15,   1.0000000000,  352.51463e-09,
                      87.422791e-09,  352.51463e-09,  -1.0000000000
                  </Orientation>
                  <Position type="Vector">3.667345, -2.5909822, 4.6776233</Position>
               </HpRunningLight07>
            </Fixed>
            <Revolute>
               <HpTurret01>
                  <Axis type="Vector">0, 1, 0</Axis>
                  <Max type="float">6.2831855</Max>
                  <Min type="float">-6.2831855</Min>
                  <Orientation type="Matrix">
                       0.1772966400,   0.9345097500,   0.3086380400,
                      -0.9832463900,   0.1816877900,   0.0147009470,
                      -0.0423375820,  -0.3060736700,   0.9510659600
