<?xml version="1.0" encoding="ISO-8859-1"?>
<!-- XML generated by UTFXML Version 2.2 built 19-Aug-2010 -->
<UTFXML filename="br_auto_shotgun.cmp" path="EQUIPMENT\MODELS\WEAPONS">
   <UTF_ROOT>
      <VMeshLibrary>
         <data.equipment.models.weapons.br_auto_shotgun.lod0-112.vms include="br_auto_shotgun_cmp\lod0-112.vms.xml"/>
         <data.equipment.models.weapons.br_auto_shotgun.lod1-112.vms include="br_auto_shotgun_cmp\lod1-112.vms.xml"/>
         <data.equipment.models.weapons.br_auto_shotgun.lod2-112.vms include="br_auto_shotgun_cmp\lod2-112.vms.xml"/>
         <data.equipment.models.weapons.br_auto_shotgun.lod3-112.vms include="br_auto_shotgun_cmp\lod3-112.vms.xml"/>
      </VMeshLibrary>
      <Animation>
         <Script>
            <Sc_fire>
               <Joint_map_0 name="Joint map 0">
                  <Channel>
                     <Header type="Header">
                        <!-- count    --> 3,
                        <!-- interval --> Explicit,
                        <!-- flags    --> 0x1
                     </Header>
                     <Frames type="Frames" count="3">
                          0.0000000000:     0.0000000000
                          0.0333333350:     0.3579430600
                          0.2000000000:     0.0000000000
                     </Frames>
                  </Channel>
                  <Child_name name="Child name" type="text">b_autoshotgun_barrel_lod1</Child_name>
                  <Parent_name name="Parent name" type="text">b_autoshotgun_lod1</Parent_name>
               </Joint_map_0>
            </Sc_fire>
         </Script>
      </Animation>
      <b_autoshotgun_barrel_lod1021203105342.3db>
         <Hardpoints>
            <Fixed>
               <HpFire01>
                  <Orientation type="Matrix">
                       1.0000000000, -182.63300e-09,  28.307870e-09,
                      182.63300e-09,   1.0000000000,  35.138953e-09,
                     -28.307877e-09, -35.138950e-09,   1.0000000000
                  </Orientation>
                  <Position type="Vector">0.003006361, 0.20100427, -0.86614197</Position>
               </HpFire01>
               <HpFire02>
                  <Orientation type="Matrix">
                       1.0000000000, -182.63300e-09,  28.307870e-09,
                      182.63300e-09,   1.0000000000,  35.138953e-09,
                     -28.307877e-09, -35.138950e-09,   1.0000000000
                  </Orientation>
                  <Position type="Vector">0.0030063919, 0.002084818, -0.86614203</Position>
               </HpFire02>
               <HpFire03>
                  <Orientation type="Matrix">
                       1.0000000000, -182.63300e-09,  28.307870e-09,
                      182.63300e-09,   1.0000000000,  35.138953e-09,
                     -28.307877e-09, -35.138950e-09,   1.0000000000
                  </Orientation>
                  <Position type="Vector">0.0030064236, -0.20055063, -0.86614209</Position>
               </HpFire03>
               <HpFire04>
                  <Orientation type="Matrix">
                       1.0000000000, -182.28674e-09,  20.463087e-09,
                      182.28674e-09,   1.0000000000, -121.08002e-09,
                     -20.463066e-09,  121.08002e-09,   1.0000000000
                  </Orientation>
                  <Position type="Vector">-0.26245743, 0.0020848361, -0.86614197</Position>
               </HpFire04>
               <HpFire05>
                  <Orientation type="Matrix">
                       1.0000000000, -182.63300e-09,  28.307870e-09,
                      182.63300e-09,   1.0000000000,  35.138953e-09,
                     -28.307877e-09, -35.138950e-09,   1.0000000000
                  </Orientation>
                  <Position type="Vector">0.26178694, 0.0020848881, -0.86614209</Position>
               </HpFire05>
            </Fixed>
         </Hardpoints>
         <VMeshPart>
            <VMeshRef type="VMeshRef">
               <!-- header size  --> 60,
               <!-- vmesh lib    --> data.equipment.models.weapons.br_auto_shotgun.lod0-112.vms,
               <!-- start vert   --> 274,
               <!-- num verts    --> 85,
               <!-- start index  --> 408,
               <!-- num indices  --> 195,
               <!-- start mesh   --> 5,
               <!-- num meshes   --> 2,
               <!-- bounding box -->  0.3533501,    0.28299564,    0.86614215,
                                     -0.35335046,  -0.28299549,   -0.86614197,
               <!-- center       -->  0.017196309,  0.0045313905, -0.0013652252,
               <!-- radius       --> 0.94368315
            </VMeshRef>
         </VMeshPart>
         <VMeshWire include="br_auto_shotgun_cmp\b_autoshotgun_barrel_lod1.vwd.xml"/>
      </b_autoshotgun_barrel_lod1021203105342.3db>
      <b_autoshotgun_base_lod1021203105342.3db>
         <Hardpoints>
            <Fixed>
               <HpMount>
                  <Orientation type="Matrix">
                       1.0000000000,  2.2113758e-15, -3.8818986e-15,
                     -2.2113758e-15,   1.0000000000,  11.650462e-15,
                      3.8818986e-15, -11.650462e-15,   1.0000000000
                  </Orientation>
                  <Position type="Vector">-297.69467e-9, -0.0019616128, -0.76186293</Position>
               </HpMount>
            </Fixed>
            <Revolute>
               <HpConnect>
                  <Axis type="Vector">0, 1, 0</Axis>
                  <Max type="float">6.2831855</Max>
                  <Min type="float">-6.2831855</Min>
                  <Orientation type="Matrix">
                       1.0000000000,  2.2113758e-15, -3.8818986e-15,
                     -2.2113758e-15,   1.0000000000,  11.650462e-15,
                      3.8818986e-15, -11.650462e-15,   1.0000000000
                  </Orientation>
                  <Position type="Vector">-262.61381e-9, -0.0039395751, 0.089631677</Position>
               </HpConnect>
            </Revolute>
         </Hardpoints>
         <VMeshWire include="br_auto_shotgun_cmp\b_autoshotgun_base_lod1.vwd.xml"/>
         <MultiLevel>
            <Level0>
               <VMeshPart>
                  <VMeshRef type="VMeshRef">
                     <!-- header size  --> 60,
                     <!-- vmesh lib    --> data.equipment.models.weapons.br_auto_shotgun.lod0-112.vms,
                     <!-- start vert   --> 0,
                     <!-- num verts    --> 17,
                     <!-- start index  --> 0,
                     <!-- num indices  --> 39,
                     <!-- start mesh   --> 0,
                     <!-- num meshes   --> 2,
                     <!-- bounding box -->  0.61136836,  0.11912293,    0.52027768,
                                           -0.61136818, -0.0019617071, -0.52549618,
                     <!-- center       --> -0.01928187,  0.051194664,   0.057743452,
                     <!-- radius       --> 0.70262033
                  </VMeshRef>
               </VMeshPart>
            </Level0>
            <Level1>
               <VMeshPart>
                  <VMeshRef type="VMeshRef">
                     <!-- header size  --> 60,
                     <!-- vmesh lib    --> data.equipment.models.weapons.br_auto_shotgun.lod1-112.vms,
                     <!-- start vert   --> 0,
                     <!-- num verts    --> 240,
                     <!-- start index  --> 0,
                     <!-- num indices  --> 369,
                     <!-- start mesh   --> 0,
                     <!-- num meshes   --> 4,
                     <!-- bounding box -->  0.61136836,  0.11912293,    0.52027768,
                                           -0.61136818, -0.0019617071, -0.52549618,
                     <!-- center       --> -0.01928187,  0.051194664,   0.057743452,
                     <!-- radius       --> 0.70262033
                  </VMeshRef>
               </VMeshPart>
            </Level1>
            <Level2>
               <VMeshPart>
                  <VMeshRef type="VMeshRef">
                     <!-- header size  --> 60,
                     <!-- vmesh lib    --> data.equipment.models.weapons.br_auto_shotgun.lod2-112.vms,
                     <!-- start vert   --> 0,
                     <!-- num verts    --> 151,
                     <!-- start index  --> 0,
                     <!-- num indices  --> 171,
                     <!-- start mesh   --> 0,
                     <!-- num meshes   --> 3,
                     <!-- bounding box -->  0.61136836,  0.11912293,    0.52027768,
                                           -0.61136818, -0.0019617071, -0.52549618,
                     <!-- center       --> -0.01928187,  0.051194664,   0.057743452,
                     <!-- radius       --> 0.70262033
                  </VMeshRef>
               </VMeshPart>
            </Level2>
            <Level3>
               <VMeshPart>
                  <VMeshRef type="VMeshRef">
                     <!-- header size  --> 60,
                     <!-- vmesh lib    --> data.equipment.models.weapons.br_auto_shotgun.lod3-112.vms,
                     <!-- start vert   --> 0,
                     <!-- num verts    --> 24,
                     <!-- start index  --> 0,
                     <!-- num indices  --> 36,
                     <!-- start mesh   --> 0,
                     <!-- num meshes   --> 2,
                     <!-- bounding box -->  0.61136836,  0.11912293,    0.52027768,
                                           -0.61136818, -0.0019617071, -0.52549618,
                     <!-- center       --> -0.01928187,  0.051194664,   0.057743452,
                     <!-- radius       --> 0.70262033
                  </VMeshRef>
               </VMeshPart>
            </Level3>
            <Switch2 type="float array" count="5">
               0,
               100,
               1000,
               10000,
               1000000
            </Switch2>
         </MultiLevel>
      </b_autoshotgun_base_lod1021203105342.3db>
      <b_autoshotgun_lod1021203105342.3db>
         <VMeshPart>
            <VMeshRef type="VMeshRef">
               <!-- header size  --> 60,
               <!-- vmesh lib    --> data.equipment.models.weapons.br_auto_shotgun.lod0-112.vms,
               <!-- start vert   --> 17,
               <!-- num verts    --> 257,
               <!-- start index  --> 39,
               <!-- num indices  --> 369,
               <!-- start mesh   --> 2,
               <!-- num meshes   --> 3,
               <!-- bounding box -->  0.50916243,     1.0527014,   0.51317078,
                                     -0.50917655,  -897.70649e-6, -0.70742995,
               <!-- center       --> -0.016025163,    0.51910138, -0.14608835,
               <!-- radius       --> 0.79873687
            </VMeshRef>
         </VMeshPart>
         <VMeshWire include="br_auto_shotgun_cmp\b_autoshotgun_lod1.vwd.xml"/>
      </b_autoshotgun_lod1021203105342.3db>
      <Cmpnd>
         <Cons>
            <Pris type="Rev" count="1">
               <part>
                  <!-- parent      --> "b_autoshotgun_lod1",
                  <!-- child       --> "b_autoshotgun_barrel_lod1",
                  <!-- position    --> -0.0030138553, 0.61940938, -1.4160912,
                  <!-- offset      --> 0, 0, 0,
                  <!-- orientation -->   1.0000000000,  93.662123e-09,  10.863462e-09,
                                       -93.662123e-09,   1.0000000000,  173.70066e-09,
                                       -10.863446e-09, -173.70066e-09,   1.0000000000,
                  <!-- axis        --> -291.99455e-09, -186.84469e-09,   1.0000000000,
                  <!-- min, max    --> 0, 0.35794306
               </part>
            </Pris>
            <Rev type="Rev" count="1">
               <part>
                  <!-- parent      --> "Root",
                  <!-- child       --> "b_autoshotgun_lod1",
                  <!-- position    --> -28.525697e-9, 0.1194251, 0.1715553,
                  <!-- offset      --> 0, 0, 0,
                  <!-- orientation -->   1.0000000000,  2.2113758e-15, -3.8818986e-15,
                                       -2.2113758e-15,   1.0000000000,  11.650462e-15,
                                        3.8818986e-15, -11.650462e-15,   1.0000000000,
                  <!-- axis        -->   1.0000000000,   0.0000000000,   0.0000000000,
                  <!-- min, max    --> 0, 0.78538001
               </part>
            </Rev>
         </Cons>
         <Part_b_autoshotgun_barrel_lod1>
            <File_name name="File name" type="text">b_autoshotgun_barrel_lod1021203105342.3db</File_name>
            <Index type="int">2</Index>
            <Object_name name="Object name" type="text">b_autoshotgun_barrel_lod1</Object_name>
         </Part_b_autoshotgun_barrel_lod1>
         <Part_b_autoshotgun_lod1>
            <File_name name="File name" type="text">b_autoshotgun_lod1021203105342.3db</File_name>
            <Index type="int">1</Index>
            <Object_name name="Object name" type="text">b_autoshotgun_lod1</Object_name>
         </Part_b_autoshotgun_lod1>
         <Root>
            <File_name name="File name" type="text">b_autoshotgun_base_lod1021203105342.3db</File_name>
            <Index type="int">0</Index>
            <Object_name name="Object name" type="text">Root</Object_name>
         </Root>
      </Cmpnd>
      <Exporter_Version name="Exporter Version" type="text">Nov  5 2002 11:41:55</Exporter_Version>
   </UTF_ROOT>
</UTFXML>
