<?xml version="1.0" encoding="ISO-8859-1"?>
<!-- XML generated by UTFXML Version 2.2 built 19-Aug-2010 -->
<UTFXML filename="co_raildaddy.cmp" path="EQUIPMENT\MODELS\WEAPONS">
   <UTF_ROOT>
      <VMeshLibrary>
         <data.equipment.models.weapons.co_raildaddy.lod0-112.vms include="co_raildaddy_cmp\lod0-112.vms.xml"/>
         <data.equipment.models.weapons.co_raildaddy.lod1-112.vms include="co_raildaddy_cmp\lod1-112.vms.xml"/>
         <data.equipment.models.weapons.co_raildaddy.lod2-112.vms include="co_raildaddy_cmp\lod2-112.vms.xml"/>
      </VMeshLibrary>
      <bw_raildaddy_base_lod1020829120120.3db>
         <Hardpoints>
            <Fixed>
               <HpMount>
                  <Orientation type="Matrix">
                       1.0000000000, -635.27471e-24, -211.75824e-24,
                      635.27471e-24,   1.0000000000,  7.1054265e-15,
                      211.75824e-24, -7.1054265e-15,   1.0000000000
                  </Orientation>
                  <Position type="Vector">149.77833e-9, -0.056135044, -1.2955712</Position>
               </HpMount>
            </Fixed>
            <Revolute>
               <HpConnect>
                  <Axis type="Vector">0, 1, 0</Axis>
                  <Max type="float">6.2831855</Max>
                  <Min type="float">-6.2831855</Min>
                  <Orientation type="Matrix">
                       1.0000000000,  43.711374e-09,  43.711445e-09,
                     -43.711381e-09,   1.0000000000,  194.41902e-09,
                     -43.711438e-09, -194.41902e-09,   1.0000000000
                  </Orientation>
                  <Position type="Vector">24.622217e-9, -0.054623369, -9.4167873e-9</Position>
               </HpConnect>
            </Revolute>
         </Hardpoints>
         <VMeshWire include="co_raildaddy_cmp\bw_raildaddy_base_lod1.vwd.xml"/>
         <MultiLevel>
            <Level0>
               <VMeshPart>
                  <VMeshRef type="VMeshRef">
                     <!-- header size  --> 60,
                     <!-- vmesh lib    --> data.equipment.models.weapons.co_raildaddy.lod0-112.vms,
                     <!-- start vert   --> 0,
                     <!-- num verts    --> 20,
                     <!-- start index  --> 0,
                     <!-- num indices  --> 30,
                     <!-- start mesh   --> 0,
                     <!-- num meshes   --> 1,
                     <!-- bounding box -->  0.1529921,    0.054640036,  0.19124024,
                                           -0.15299205,  -0.054640062, -0.19124025,
                     <!-- center       --> -0.010420986, -0.012897125, -0.0057350718,
                     <!-- radius       --> 0.26469675
                  </VMeshRef>
               </VMeshPart>
            </Level0>
            <Level1>
               <VMeshPart>
                  <VMeshRef type="VMeshRef">
                     <!-- header size  --> 60,
                     <!-- vmesh lib    --> data.equipment.models.weapons.co_raildaddy.lod1-112.vms,
                     <!-- start vert   --> 0,
                     <!-- num verts    --> 200,
                     <!-- start index  --> 0,
                     <!-- num indices  --> 294,
                     <!-- start mesh   --> 0,
                     <!-- num meshes   --> 2,
                     <!-- bounding box -->  0.1529921,    0.054640036,  0.19124024,
                                           -0.15299205,  -0.054640062, -0.19124025,
                     <!-- center       --> -0.010420986, -0.012897125, -0.0057350718,
                     <!-- radius       --> 0.26469675
                  </VMeshRef>
               </VMeshPart>
            </Level1>
            <Level2>
               <VMeshPart>
                  <VMeshRef type="VMeshRef">
                     <!-- header size  --> 60,
                     <!-- vmesh lib    --> data.equipment.models.weapons.co_raildaddy.lod2-112.vms,
                     <!-- start vert   --> 0,
                     <!-- num verts    --> 92,
                     <!-- start index  --> 0,
                     <!-- num indices  --> 138,
                     <!-- start mesh   --> 0,
                     <!-- num meshes   --> 2,
                     <!-- bounding box -->  0.1529921,    0.054640036,  0.19124024,
                                           -0.15299205,  -0.054640062, -0.19124025,
                     <!-- center       --> -0.010420986, -0.012897125, -0.0057350718,
                     <!-- radius       --> 0.26469675
                  </VMeshRef>
               </VMeshPart>
            </Level2>
            <Switch2 type="float array" count="4">
               0,
               100,
               1000,
               1000000
            </Switch2>
         </MultiLevel>
      </bw_raildaddy_base_lod1020829120120.3db>
      <bw_raildaddy_turret_lod1020829120120.3db>
         <Hardpoints>
            <Fixed>
               <HpFire01>
                  <Orientation type="Matrix">
                       1.0000000000,  43.711346e-09,  43.711431e-09,
                     -43.711378e-09,   1.0000000000,  741.54985e-09,
                     -43.711399e-09, -741.54985e-09,   1.0000000000
                  </Orientation>
                  <Position type="Vector">0.057702523, 0.1833, -3.2088854</Position>
               </HpFire01>
            </Fixed>
         </Hardpoints>
         <VMeshPart>
            <VMeshRef type="VMeshRef">
               <!-- header size  --> 60,
               <!-- vmesh lib    --> data.equipment.models.weapons.co_raildaddy.lod0-112.vms,
               <!-- start vert   --> 20,
               <!-- num verts    --> 308,
               <!-- start index  --> 30,
               <!-- num indices  --> 516,
               <!-- start mesh   --> 1,
               <!-- num meshes   --> 2,
               <!-- bounding box -->  0.35257781, 0.49732706,   0.55314451,
                                     -0.6032173,  0.054640066, -3.2129536,
               <!-- center       --> -0.1223857,  0.27354637,  -1.3329594,
               <!-- radius       --> 1.9141135
            </VMeshRef>
         </VMeshPart>
         <VMeshWire include="co_raildaddy_cmp\bw_raildaddy_turret_lod1.vwd.xml"/>
      </bw_raildaddy_turret_lod1020829120120.3db>
      <Cmpnd>
         <Cons>
            <Rev type="Rev" count="1">
               <part>
                  <!-- parent      --> "Root",
                  <!-- child       --> "bw_raildaddy_turret_lod1",
                  <!-- position    --> 24.622217e-9, -16.787393e-9, -6.1609819e-9,
                  <!-- offset      --> 0, 0, 0,
                  <!-- orientation -->   1.0000000000, -14.098320e-24, -211.75824e-24,
                                        14.098320e-24,   1.0000000000, -767.62361e-24,
                                        211.75824e-24,  767.62361e-24,   1.0000000000,
                  <!-- axis        -->   1.0000000000,   0.0000000000,   0.0000000000,
                  <!-- min, max    --> 0, 0.78538001
               </part>
            </Rev>
         </Cons>
         <Part_bw_raildaddy_turret_lod1>
            <File_name name="File name" type="text">bw_raildaddy_turret_lod1020829120120.3db</File_name>
            <Index type="int">1</Index>
            <Object_name name="Object name" type="text">bw_raildaddy_turret_lod1</Object_name>
         </Part_bw_raildaddy_turret_lod1>
         <Root>
            <File_name name="File name" type="text">bw_raildaddy_base_lod1020829120120.3db</File_name>
            <Index type="int">0</Index>
            <Object_name name="Object name" type="text">Root</Object_name>
         </Root>
      </Cmpnd>
      <Exporter_Version name="Exporter Version" type="text">Aug 24 2002 12:33:14</Exporter_Version>
   </UTF_ROOT>
</UTFXML>
