<?xml version="1.0" encoding="ISO-8859-1"?>
<!-- XML generated by UTFXML Version 2.2 built 19-Aug-2010 -->
<UTFXML filename="co_shock_therapy.cmp" path="EQUIPMENT\MODELS\WEAPONS">
   <UTF_ROOT>
      <VMeshLibrary>
         <data.equipment.models.weapons.co_shock_therapy.lod0-112.vms include="co_shock_therapy_cmp\lod0-112.vms.xml"/>
         <data.equipment.models.weapons.co_shock_therapy.lod1-112.vms include="co_shock_therapy_cmp\lod1-112.vms.xml"/>
         <data.equipment.models.weapons.co_shock_therapy.lod2-112.vms include="co_shock_therapy_cmp\lod2-112.vms.xml"/>
         <data.equipment.models.weapons.co_shock_therapy.lod3-112.vms include="co_shock_therapy_cmp\lod3-112.vms.xml"/>
      </VMeshLibrary>
      <bw_shocktherapy_base_lod1020829120122.3db>
         <Hardpoints>
            <Fixed>
               <HpMount>
                  <Orientation type="Matrix">
                       1.0000000000, -635.27471e-24, -211.75824e-24,
                      635.27471e-24,   1.0000000000,  7.1054265e-15,
                      211.75824e-24, -7.1054265e-15,   1.0000000000
                  </Orientation>
                  <Position type="Vector">191.79799e-9, -0.05613504, -0.81492233</Position>
               </HpMount>
            </Fixed>
            <Revolute>
               <HpConnect>
                  <Axis type="Vector">0, 1, 0</Axis>
                  <Max type="float">6.2831855</Max>
                  <Min type="float">-6.2831855</Min>
                  <Orientation type="Matrix">
                       1.0000000000,  43.711374e-09,  43.711445e-09,
                     -43.711381e-09,   1.0000000000,  194.41902e-09,
                     -43.711438e-09, -194.41902e-09,   1.0000000000
                  </Orientation>
                  <Position type="Vector">24.622217e-9, -0.054623369, -9.4167873e-9</Position>
               </HpConnect>
            </Revolute>
         </Hardpoints>
         <VMeshWire include="co_shock_therapy_cmp\bw_shocktherapy_base_lod1.vwd.xml"/>
         <MultiLevel>
            <Level0>
               <VMeshPart>
                  <VMeshRef type="VMeshRef">
                     <!-- header size  --> 60,
                     <!-- vmesh lib    --> data.equipment.models.weapons.co_shock_therapy.lod0-112.vms,
                     <!-- start vert   --> 401,
                     <!-- num verts    --> 20,
                     <!-- start index  --> 648,
                     <!-- num indices  --> 30,
                     <!-- start mesh   --> 2,
                     <!-- num meshes   --> 1,
                     <!-- bounding box -->  0.1529921,    0.054640036,  0.19124024,
                                           -0.15299205,  -0.054640062, -0.19124025,
                     <!-- center       --> -0.010420986, -0.012897125, -0.0057350718,
                     <!-- radius       --> 0.26469675
                  </VMeshRef>
               </VMeshPart>
            </Level0>
            <Level1>
               <VMeshPart>
                  <VMeshRef type="VMeshRef">
                     <!-- header size  --> 60,
                     <!-- vmesh lib    --> data.equipment.models.weapons.co_shock_therapy.lod1-112.vms,
                     <!-- start vert   --> 0,
                     <!-- num verts    --> 272,
                     <!-- start index  --> 0,
                     <!-- num indices  --> 342,
                     <!-- start mesh   --> 0,
                     <!-- num meshes   --> 2,
                     <!-- bounding box -->  0.1529921,    0.054640036,  0.19124024,
                                           -0.15299205,  -0.054640062, -0.19124025,
                     <!-- center       --> -0.010420986, -0.012897125, -0.0057350718,
                     <!-- radius       --> 0.26469675
                  </VMeshRef>
               </VMeshPart>
            </Level1>
            <Level2>
               <VMeshPart>
                  <VMeshRef type="VMeshRef">
                     <!-- header size  --> 60,
                     <!-- vmesh lib    --> data.equipment.models.weapons.co_shock_therapy.lod2-112.vms,
                     <!-- start vert   --> 0,
                     <!-- num verts    --> 131,
                     <!-- start index  --> 0,
                     <!-- num indices  --> 162,
                     <!-- start mesh   --> 0,
                     <!-- num meshes   --> 2,
                     <!-- bounding box -->  0.1529921,    0.054640036,  0.19124024,
                                           -0.15299205,  -0.054640062, -0.19124025,
                     <!-- center       --> -0.010420986, -0.012897125, -0.0057350718,
                     <!-- radius       --> 0.26469675
                  </VMeshRef>
               </VMeshPart>
            </Level2>
            <Level3>
               <VMeshPart>
                  <VMeshRef type="VMeshRef">
                     <!-- header size  --> 60,
                     <!-- vmesh lib    --> data.equipment.models.weapons.co_shock_therapy.lod3-112.vms,
                     <!-- start vert   --> 0,
                     <!-- num verts    --> 62,
                     <!-- start index  --> 0,
                     <!-- num indices  --> 72,
                     <!-- start mesh   --> 0,
                     <!-- num meshes   --> 2,
                     <!-- bounding box -->  0.1529921,    0.054640036,  0.19124024,
                                           -0.15299205,  -0.054640062, -0.19124025,
                     <!-- center       --> -0.010420986, -0.012897125, -0.0057350718,
                     <!-- radius       --> 0.26469675
                  </VMeshRef>
               </VMeshPart>
            </Level3>
            <Switch2 type="float array" count="5">
               0,
               100,
               1000,
               10000,
               1000000
            </Switch2>
         </MultiLevel>
      </bw_shocktherapy_base_lod1020829120122.3db>
      <bw_shocktherapy_turret_lod1020829120122.3db>
         <Hardpoints>
            <Fixed>
               <HpFire01>
                  <Orientation type="Matrix">
                       1.0000000000,  43.711353e-09,  43.711445e-09,
                     -43.711385e-09,   1.0000000000,  750.14697e-09,
                     -43.711413e-09, -750.14697e-09,   1.0000000000
                  </Orientation>
                  <Position type="Vector">-0.021140026, 0.21148014, -2.1821318</Position>
               </HpFire01>
            </Fixed>
         </Hardpoints>
         <VMeshPart>
            <VMeshRef type="VMeshRef">
               <!-- header size  --> 60,
               <!-- vmesh lib    --> data.equipment.models.weapons.co_shock_therapy.lod0-112.vms,
               <!-- start vert   --> 0,
               <!-- num verts    --> 401,
               <!-- start index  --> 0,
               <!-- num indices  --> 648,
               <!-- start mesh   --> 0,
               <!-- num meshes   --> 2,
               <!-- bounding box -->  0.35257795,  0.49732697,   0.55314445,
                                     -0.60321707, -0.039741896, -2.181545,
               <!-- center       --> -0.12379363,  0.22754695,  -0.80574197,
               <!-- radius       --> 1.3911285
            </VMeshRef>
         </VMeshPart>
         <VMeshWire include="co_shock_therapy_cmp\bw_shocktherapy_turret_lod1.vwd.xml"/>
      </bw_shocktherapy_turret_lod1020829120122.3db>
      <Cmpnd>
         <Cons>
            <Rev type="Rev" count="1">
               <part>
                  <!-- parent      --> "Root",
                  <!-- child       --> "bw_shocktherapy_turret_lod1",
                  <!-- position    --> 24.622217e-9, -16.787393e-9, -6.1609819e-9,
                  <!-- offset      --> 0, 0, 0,
                  <!-- orientation -->   1.0000000000, -14.098320e-24, -211.75824e-24,
                                        14.098320e-24,   1.0000000000, -767.62361e-24,
                                        211.75824e-24,  767.62361e-24,   1.0000000000,
                  <!-- axis        -->   1.0000000000,   0.0000000000,   0.0000000000,
                  <!-- min, max    --> 0, 0.78538001
               </part>
            </Rev>
         </Cons>
         <Part_bw_shocktherapy_turret_lod1>
            <File_name name="File name" type="text">bw_shocktherapy_turret_lod1020829120122.3db</File_name>
            <Index type="int">1</Index>
            <Object_name name="Object name" type="text">bw_shocktherapy_turret_lod1</Object_name>
         </Part_bw_shocktherapy_turret_lod1>
         <Root>
            <File_name name="File name" type="text">bw_shocktherapy_base_lod1020829120122.3db</File_name>
            <Index type="int">0</Index>
            <Object_name name="Object name" type="text">Root</Object_name>
         </Root>
      </Cmpnd>
      <Exporter_Version name="Exporter Version" type="text">Aug 24 2002 12:33:14</Exporter_Version>
   </UTF_ROOT>
</UTFXML>
