<?xml version="1.0" encoding="ISO-8859-1"?>
<!-- XML generated by UTFXML Version 2.2 built 19-Aug-2010 -->
<UTFXML filename="ge_shredder_shotgun.cmp" path="EQUIPMENT\MODELS\WEAPONS">
   <UTF_ROOT>
      <VMeshLibrary>
         <data.equipment.models.weapons.ge_shredder_shotgun.lod0-112.vms include="ge_shredder_shotgun_cmp\lod0-112.vms.xml"/>
         <data.equipment.models.weapons.ge_shredder_shotgun.lod1-112.vms include="ge_shredder_shotgun_cmp\lod1-112.vms.xml"/>
         <data.equipment.models.weapons.ge_shredder_shotgun.lod2-112.vms include="ge_shredder_shotgun_cmp\lod2-112.vms.xml"/>
         <data.equipment.models.weapons.ge_shredder_shotgun.lod3-112.vms include="ge_shredder_shotgun_cmp\lod3-112.vms.xml"/>
      </VMeshLibrary>
      <Animation>
         <Script>
            <Sc_fire>
               <Joint_map_0 name="Joint map 0">
                  <Channel>
                     <Header type="Header">
                        <!-- count    --> 3,
                        <!-- interval --> Explicit,
                        <!-- flags    --> 0x1
                     </Header>
                     <Frames type="Frames" count="3">
                          0.0000000000:     0.0000000000
                          0.0333333350:     0.3876638400
                          0.2000000000:     0.0021075010
                     </Frames>
                  </Channel>
                  <Child_name name="Child name" type="text">g_shreddershotgun_barrel_lod1</Child_name>
                  <Parent_name name="Parent name" type="text">g_shreddershotgun_turret_lod1</Parent_name>
               </Joint_map_0>
            </Sc_fire>
         </Script>
      </Animation>
      <Cmpnd>
         <Cons>
            <Pris type="Rev" count="1">
               <part>
                  <!-- parent      --> "g_shreddershotgun_turret_lod1",
                  <!-- child       --> "g_shreddershotgun_barrel_lod1",
                  <!-- position    --> -749.534e-6, 0.14187084, -1.3098878,
                  <!-- offset      --> 0, 0, 0,
                  <!-- orientation -->   1.0000000000, -17.763567e-15,  5.8027661e-15,
                                        17.763567e-15,   1.0000000000,  9.8883854e-15,
                                       -5.8027661e-15, -9.8883854e-15,   1.0000000000,
                  <!-- axis        -->  29.885964e-09, -38.543138e-09,   1.0000000000,
                  <!-- min, max    --> 0, 0.38766384
               </part>
            </Pris>
            <Rev type="Rev" count="1">
               <part>
                  <!-- parent      --> "Root",
                  <!-- child       --> "g_shreddershotgun_turret_lod1",
                  <!-- position    --> 79.82122e-9, 3.1024057e-9, 7.4587412e-9,
                  <!-- offset      --> 0, 0, 0,
                  <!-- orientation -->   1.0000000000, -10.658139e-15,  473.69402e-18,
                                        10.658139e-15,   1.0000000000,  2.7829587e-15,
                                       -473.69402e-18, -2.7829587e-15,   1.0000000000,
                  <!-- axis        -->   1.0000000000,   0.0000000000,   0.0000000000,
                  <!-- min, max    --> 0, 0.78538001
               </part>
            </Rev>
         </Cons>
         <Part_g_shreddershotgun_barrel_lod1>
            <File_name name="File name" type="text">g_shreddershotgun_barrel_lod1021204182020.3db</File_name>
            <Index type="int">2</Index>
            <Object_name name="Object name" type="text">g_shreddershotgun_barrel_lod1</Object_name>
         </Part_g_shreddershotgun_barrel_lod1>
         <Part_g_shreddershotgun_turret_lod1>
            <File_name name="File name" type="text">g_shreddershotgun_turret_lod1021204182020.3db</File_name>
            <Index type="int">1</Index>
            <Object_name name="Object name" type="text">g_shreddershotgun_turret_lod1</Object_name>
         </Part_g_shreddershotgun_turret_lod1>
         <Root>
            <File_name name="File name" type="text">g_shreddershotgun_base_lod1021204182020.3db</File_name>
            <Index type="int">0</Index>
            <Object_name name="Object name" type="text">Root</Object_name>
         </Root>
      </Cmpnd>
      <Exporter_Version name="Exporter Version" type="text">Nov  5 2002 11:41:55</Exporter_Version>
      <g_shreddershotgun_barrel_lod1021204182020.3db>
         <Hardpoints>
            <Revolute>
               <HpFire01>
                  <Axis type="Vector">0, 1, 0</Axis>
                  <Max type="float">6.2831855</Max>
                  <Min type="float">-6.2831855</Min>
                  <Orientation type="Matrix">
                       1.0000000000,  17.763570e-15,  12.908195e-15,
                     -17.763570e-15,   1.0000000000,  2.7829577e-15,
                     -12.908195e-15, -2.7829577e-15,   1.0000000000
                  </Orientation>
                  <Position type="Vector">-0.092178307, -0.0025768001, -0.45093018</Position>
               </HpFire01>
            </Revolute>
         </Hardpoints>
         <VMeshPart>
            <VMeshRef type="VMeshRef">
               <!-- header size  --> 60,
               <!-- vmesh lib    --> data.equipment.models.weapons.ge_shredder_shotgun.lod0-112.vms,
               <!-- start vert   --> 337,
               <!-- num verts    --> 174,
               <!-- start index  --> 396,
               <!-- num indices  --> 222,
               <!-- start mesh   --> 4,
               <!-- num meshes   --> 3,
               <!-- bounding box -->  0.14078577,      0.073501252,    0.45150211,
                                     -0.14437027,     -0.075621173,   -0.45150191,
               <!-- center       --> -0.0038578047, -337.97318e-6,  -126.15146e-6,
               <!-- radius       --> 0.46899751
            </VMeshRef>
         </VMeshPart>
         <VMeshWire include="ge_shredder_shotgun_cmp\g_shreddershotgun_barrel_lod1.vwd.xml"/>
      </g_shreddershotgun_barrel_lod1021204182020.3db>
      <g_shreddershotgun_base_lod1021204182020.3db>
         <Hardpoints>
            <Revolute>
               <HpConnect>
                  <Axis type="Vector">0, 1, 0</Axis>
                  <Max type="float">6.2831855</Max>
                  <Min type="float">-6.2831855</Min>
                  <Orientation type="Matrix">
                       1.0000000000, -24.868994e-15,  7.5791238e-15,
                      24.868994e-15,   1.0000000000,  24.099241e-15,
                     -7.5791238e-15, -24.099241e-15,   1.0000000000
                  </Orientation>
                  <Position type="Vector">0.010614472, -0.035903182, 122.0717e-9</Position>
               </HpConnect>
               <HpMount>
                  <Axis type="Vector">0, 1, 0</Axis>
                  <Max type="float">6.2831855</Max>
                  <Min type="float">-6.2831855</Min>
                  <Orientation type="Matrix">
                       1.0000000000, -17.763567e-15,  473.69471e-18,
                      17.763567e-15,   1.0000000000,  9.8883863e-15,
                     -473.69471e-18, -9.8883863e-15,   1.0000000000
                  </Orientation>
                  <Position type="Vector">0.010614453, -0.035903182, -0.628968</Position>
               </HpMount>
            </Revolute>
         </Hardpoints>
         <VMeshWire include="ge_shredder_shotgun_cmp\g_shreddershotgun_base_lod1.vwd.xml"/>
         <MultiLevel>
            <Level0>
               <VMeshPart>
                  <VMeshRef type="VMeshRef">
                     <!-- header size  --> 60,
                     <!-- vmesh lib    --> data.equipment.models.weapons.ge_shredder_shotgun.lod0-112.vms,
                     <!-- start vert   --> 313,
                     <!-- num verts    --> 24,
                     <!-- start index  --> 360,
                     <!-- num indices  --> 36,
                     <!-- start mesh   --> 2,
                     <!-- num meshes   --> 2,
                     <!-- bounding box -->  0.074151099,   0.037075512,    0.22245295,
                                           -0.074150935,  -0.037075505,   -0.22245294,
                     <!-- center       -->  0.0034938883, -0.0022916151, -38.247341e-6,
                     <!-- radius       --> 0.23891592
                  </VMeshRef>
               </VMeshPart>
            </Level0>
            <Level1>
               <VMeshPart>
                  <VMeshRef type="VMeshRef">
                     <!-- header size  --> 60,
                     <!-- vmesh lib    --> data.equipment.models.weapons.ge_shredder_shotgun.lod1-112.vms,
                     <!-- start vert   --> 268,
                     <!-- num verts    --> 24,
                     <!-- start index  --> 324,
                     <!-- num indices  --> 36,
                     <!-- start mesh   --> 4,
                     <!-- num meshes   --> 2,
                     <!-- bounding box -->  0.074151099,   0.037075512,    0.22245295,
                                           -0.074150935,  -0.037075505,   -0.22245294,
                     <!-- center       -->  0.0034938883, -0.0022916151, -38.247341e-6,
                     <!-- radius       --> 0.23891592
                  </VMeshRef>
               </VMeshPart>
            </Level1>
            <Level2>
               <VMeshPart>
                  <VMeshRef type="VMeshRef">
                     <!-- header size  --> 60,
                     <!-- vmesh lib    --> data.equipment.models.weapons.ge_shredder_shotgun.lod2-112.vms,
                     <!-- start vert   --> 0,
                     <!-- num verts    --> 154,
                     <!-- start index  --> 0,
                     <!-- num indices  --> 180,
                     <!-- start mesh   --> 0,
                     <!-- num meshes   --> 3,
                     <!-- bounding box -->  0.074151099,   0.037075512,    0.22245295,
                                           -0.074150935,  -0.037075505,   -0.22245294,
                     <!-- center       -->  0.0034938883, -0.0022916151, -38.247341e-6,
                     <!-- radius       --> 0.23891592
                  </VMeshRef>
               </VMeshPart>
            </Level2>
            <Level3>
               <VMeshPart>
                  <VMeshRef type="VMeshRef">
                     <!-- header size  --> 60,
                     <!-- vmesh lib    --> data.equipment.models.weapons.ge_shredder_shotgun.lod3-112.vms,
                     <!-- start vert   --> 0,
                     <!-- num verts    --> 52,
                     <!-- start index  --> 0,
                     <!-- num indices  --> 60,
                     <!-- start mesh   --> 0,
                     <!-- num meshes   --> 3,
                     <!-- bounding box -->  0.074151099,   0.037075512,    0.22245295,
                                           -0.074150935,  -0.037075505,   -0.22245294,
                     <!-- center       -->  0.0034938883, -0.0022916151, -38.247341e-6,
                     <!-- radius       --> 0.23891592
                  </VMeshRef>
               </VMeshPart>
            </Level3>
            <Switch2 type="float array" count="5">
               0,
               100,
               1000,
               10000,
               1000000
            </Switch2>
         </MultiLevel>
      </g_shreddershotgun_base_lod1021204182020.3db>
      <g_shreddershotgun_turret_lod1021204182020.3db>
         <VMeshWire include="ge_shredder_shotgun_cmp\g_shreddershotgun_turret_lod1.vwd.xml"/>
         <MultiLevel>
            <Level0>
               <VMeshPart>
                  <VMeshRef type="VMeshRef">
                     <!-- header size  --> 60,
                     <!-- vmesh lib    --> data.equipment.models.weapons.ge_shredder_shotgun.lod0-112.vms,
                     <!-- start vert   --> 0,
                     <!-- num verts    --> 313,
                     <!-- start index  --> 0,
                     <!-- num indices  --> 360,
                     <!-- start mesh   --> 0,
                     <!-- num meshes   --> 2,
                     <!-- bounding box -->  0.44112131,   0.40263331,   0.56083149,
                                           -0.44112098,   0.037075464, -0.8583858,
                     <!-- center       --> -0.0076010679, 0.21389025,  -0.13004066,
                     <!-- radius       --> 0.75004399
                  </VMeshRef>
               </VMeshPart>
            </Level0>
            <Level1>
               <VMeshPart>
                  <VMeshRef type="VMeshRef">
                     <!-- header size  --> 60,
                     <!-- vmesh lib    --> data.equipment.models.weapons.ge_shredder_shotgun.lod1-112.vms,
                     <!-- start vert   --> 0,
                     <!-- num verts    --> 268,
                     <!-- start index  --> 0,
                     <!-- num indices  --> 324,
                     <!-- start mesh   --> 0,
                     <!-- num meshes   --> 4,
                     <!-- bounding box -->  0.44112131,   0.40263331,   0.56083149,
                                           -0.44112098,   0.037075464, -0.8583858,
                     <!-- center       --> -0.0076010679, 0.21389025,  -0.13004066,
                     <!-- radius       --> 0.75004399
                  </VMeshRef>
               </VMeshPart>
            </Level1>
            <Switch2 type="float array" count="3">
               0,
               100,
               1000000
            </Switch2>
         </MultiLevel>
      </g_shreddershotgun_turret_lod1021204182020.3db>
   </UTF_ROOT>
</UTFXML>
