<?xml version="1.0" encoding="ISO-8859-1"?>
<!-- XML generated by UTFXML Version 2.2 built 19-Aug-2010 -->
<UTFXML filename="ge_torpedo_launcher.cmp" path="EQUIPMENT\MODELS\WEAPONS">
   <UTF_ROOT>
      <VMeshLibrary>
         <data.equipment.models.weapons.ge_torpedo_launcher.lod0-112.vms include="ge_torpedo_launcher_cmp\lod0-112.vms.xml"/>
         <data.equipment.models.weapons.ge_torpedo_launcher.lod1-112.vms include="ge_torpedo_launcher_cmp\lod1-112.vms.xml"/>
         <data.equipment.models.weapons.ge_torpedo_launcher.lod2-112.vms include="ge_torpedo_launcher_cmp\lod2-112.vms.xml"/>
      </VMeshLibrary>
      <Cmpnd>
         <Cons>
            <Fix type="Fix" count="1">
               <part>
                  <!-- parent      --> "Root",
                  <!-- child       --> "g_torpedo_launcher_lod1",
                  <!-- position    --> 84.621625e-9, 0.051406894, 13.586919e-9,
                  <!-- orientation -->   1.0000000000, -10.658139e-15,  473.69402e-18,
                                        10.658139e-15,   1.0000000000,  2.7829587e-15,
                                       -473.69402e-18, -2.7829587e-15,   1.0000000000
               </part>
            </Fix>
         </Cons>
         <Part_g_torpedo_launcher_lod1>
            <File_name name="File name" type="text">g_torpedo_launcher_lod1020722160540.3db</File_name>
            <Index type="int">1</Index>
            <Object_name name="Object name" type="text">g_torpedo_launcher_lod1</Object_name>
         </Part_g_torpedo_launcher_lod1>
         <Root>
            <File_name name="File name" type="text">g_launcher_base_lod1020722160540.3db</File_name>
            <Index type="int">0</Index>
            <Object_name name="Object name" type="text">Root</Object_name>
         </Root>
      </Cmpnd>
      <Exporter_Version name="Exporter Version" type="text">Jun 10 2002 16:27:11</Exporter_Version>
      <g_launcher_base_lod1020722160540.3db>
         <Hardpoints>
            <Revolute>
               <HpConnect>
                  <Axis type="Vector">0, 1, 0</Axis>
                  <Max type="float">0.26179001</Max>
                  <Min type="float">-0.2618</Min>
                  <Orientation type="Matrix">
                       1.0000000000, -24.868994e-15,  7.5791238e-15,
                      24.868994e-15,   1.0000000000,  24.099241e-15,
                     -7.5791238e-15, -24.099241e-15,   1.0000000000
                  </Orientation>
                  <Position type="Vector">0.010614472, -0.035903182, 122.0717e-9</Position>
               </HpConnect>
               <HpMount>
                  <Axis type="Vector">0, 1, 0</Axis>
                  <Max type="float">6.2831855</Max>
                  <Min type="float">-6.2831855</Min>
                  <Orientation type="Matrix">
                       1.0000000000, -17.763567e-15,  473.69471e-18,
                      17.763567e-15,   1.0000000000,  9.8883863e-15,
                     -473.69471e-18, -9.8883863e-15,   1.0000000000
                  </Orientation>
                  <Position type="Vector">0.010614453, -0.035903182, -0.628968</Position>
               </HpMount>
            </Revolute>
         </Hardpoints>
         <VMeshWire include="ge_torpedo_launcher_cmp\g_launcher_base_lod1.vwd.xml"/>
         <MultiLevel>
            <Level0>
               <VMeshPart>
                  <VMeshRef type="VMeshRef">
                     <!-- header size  --> 60,
                     <!-- vmesh lib    --> data.equipment.models.weapons.ge_torpedo_launcher.lod0-112.vms,
                     <!-- start vert   --> 0,
                     <!-- num verts    --> 24,
                     <!-- start index  --> 0,
                     <!-- num indices  --> 36,
                     <!-- start mesh   --> 0,
                     <!-- num meshes   --> 2,
                     <!-- bounding box -->  0.074151099,   0.037075512,    0.22245295,
                                           -0.074150935,  -0.037075505,   -0.22245294,
                     <!-- center       -->  0.0034938883, -0.0022916151, -38.247341e-6,
                     <!-- radius       --> 0.23891592
                  </VMeshRef>
               </VMeshPart>
            </Level0>
            <Level1>
               <VMeshPart>
                  <VMeshRef type="VMeshRef">
                     <!-- header size  --> 60,
                     <!-- vmesh lib    --> data.equipment.models.weapons.ge_torpedo_launcher.lod1-112.vms,
                     <!-- start vert   --> 0,
                     <!-- num verts    --> 234,
                     <!-- start index  --> 0,
                     <!-- num indices  --> 252,
                     <!-- start mesh   --> 0,
                     <!-- num meshes   --> 3,
                     <!-- bounding box -->  0.074151099,   0.037075512,    0.22245295,
                                           -0.074150935,  -0.037075505,   -0.22245294,
                     <!-- center       -->  0.0034938883, -0.0022916151, -38.247341e-6,
                     <!-- radius       --> 0.23891592
                  </VMeshRef>
               </VMeshPart>
            </Level1>
            <Level2>
               <VMeshPart>
                  <VMeshRef type="VMeshRef">
                     <!-- header size  --> 60,
                     <!-- vmesh lib    --> data.equipment.models.weapons.ge_torpedo_launcher.lod2-112.vms,
                     <!-- start vert   --> 0,
                     <!-- num verts    --> 88,
                     <!-- start index  --> 0,
                     <!-- num indices  --> 114,
                     <!-- start mesh   --> 0,
                     <!-- num meshes   --> 3,
                     <!-- bounding box -->  0.074151099,   0.037075512,    0.22245295,
                                           -0.074150935,  -0.037075505,   -0.22245294,
                     <!-- center       -->  0.0034938883, -0.0022916151, -38.247341e-6,
                     <!-- radius       --> 0.23891592
                  </VMeshRef>
               </VMeshPart>
            </Level2>
            <Switch2 type="float array" count="4">
               0,
               100,
               1000,
               1000000
            </Switch2>
         </MultiLevel>
      </g_launcher_base_lod1020722160540.3db>
      <g_torpedo_launcher_lod1020722160540.3db>
         <Hardpoints>
            <Revolute>
               <HpFire01>
                  <Axis type="Vector">0, 1, 0</Axis>
                  <Max type="float">6.2831855</Max>
                  <Min type="float">-6.2831855</Min>
                  <Orientation type="Matrix">
                      27.233268e-09,   1.0000000000,  148.15393e-09,
                      -1.0000000000,  27.233277e-09, -60.360591e-09,
                     -60.360598e-09, -148.15393e-09,   1.0000000000
                  </Orientation>
                  <Position type="Vector">-0.0080303289, 0.20828575, -0.62301189</Position>
               </HpFire01>
            </Revolute>
         </Hardpoints>
         <VMeshPart>
            <VMeshRef type="VMeshRef">
               <!-- header size  --> 60,
               <!-- vmesh lib    --> data.equipment.models.weapons.ge_torpedo_launcher.lod0-112.vms,
               <!-- start vert   --> 24,
               <!-- num verts    --> 410,
               <!-- start index  --> 36,
               <!-- num indices  --> 504,
               <!-- start mesh   --> 2,
               <!-- num meshes   --> 4,
               <!-- bounding box -->  0.30587462,    0.46885741,   0.56083155,
                                     -0.31936049,   -0.017221963, -1.5015645,
               <!-- center       --> -0.0057527381,  0.22552352,  -0.46451852,
               <!-- radius       --> 1.0529696
            </VMeshRef>
         </VMeshPart>
         <VMeshWire include="ge_torpedo_launcher_cmp\g_torpedo_launcher_lod1.vwd.xml"/>
      </g_torpedo_launcher_lod1020722160540.3db>
   </UTF_ROOT>
</UTFXML>
