<?xml version="1.0" encoding="ISO-8859-1"?>
<!-- XML generated by UTFXML Version 2.2 built 19-Aug-2010 -->
<UTFXML filename="ku_ion_blaster.cmp" path="EQUIPMENT\MODELS\WEAPONS">
   <UTF_ROOT>
      <VMeshLibrary>
         <data.equipment.models.weapons.ku_ion_blaster.lod0-112.vms include="ku_ion_blaster_cmp\lod0-112.vms.xml"/>
         <data.equipment.models.weapons.ku_ion_blaster.lod1-112.vms include="ku_ion_blaster_cmp\lod1-112.vms.xml"/>
         <data.equipment.models.weapons.ku_ion_blaster.lod2-112.vms include="ku_ion_blaster_cmp\lod2-112.vms.xml"/>
         <data.equipment.models.weapons.ku_ion_blaster.lod3-112.vms include="ku_ion_blaster_cmp\lod3-112.vms.xml"/>
      </VMeshLibrary>
      <Animation>
         <Script>
            <Sc_end_anim name="Sc_end anim">
               <Joint_map_0 name="Joint map 0">
                  <Channel>
                     <Header type="Header">
                        <!-- count    --> 1,
                        <!-- interval --> 0.033333335,
                        <!-- flags    --> 0x1
                     </Header>
                     <Frames type="Frames" count="1">
                          -56.266785e-06
                     </Frames>
                  </Channel>
                  <Child_name name="Child name" type="text">k_ionblaster_gun_lod1</Child_name>
                  <Parent_name name="Parent name" type="text">k_ionblaster_lod1</Parent_name>
               </Joint_map_0>
            </Sc_end_anim>
            <Sc_fire>
               <Joint_map_0 name="Joint map 0">
                  <Channel>
                     <Header type="Header">
                        <!-- count    --> 7,
                        <!-- interval --> 0.033333335,
                        <!-- flags    --> 0x1
                     </Header>
                     <Frames type="Frames" count="7">
                            0.0000000000
                           825.88196e-06
                           -0.2157731100
                           -0.1618440200
                           -0.1079146900
                           -0.0539855960
                          -56.266785e-06
                     </Frames>
                  </Channel>
                  <Child_name name="Child name" type="text">k_ionblaster_gun_lod1</Child_name>
                  <Parent_name name="Parent name" type="text">k_ionblaster_lod1</Parent_name>
               </Joint_map_0>
            </Sc_fire>
         </Script>
      </Animation>
      <Cmpnd>
         <Cons>
            <Pris type="Rev" count="1">
               <part>
                  <!-- parent      --> "k_ionblaster_lod1",
                  <!-- child       --> "k_ionblaster_gun_lod1",
                  <!-- position    --> 715.6728e-6, 0.36984053, -0.970577,
                  <!-- offset      --> 0, 0, 0,
                  <!-- orientation -->   1.0000000000,  4.5000239e-15, -2.6053994e-15,
                                       -4.5000239e-15,   1.0000000000,  1.4054877e-15,
                                        2.6053994e-15, -1.4054877e-15,   1.0000000000,
                  <!-- axis        -->  194.85796e-09,  137.61002e-09,  -1.0000000000,
                  <!-- min, max    --> -0.21577311, 825.88196e-6
               </part>
            </Pris>
            <Rev type="Rev" count="1">
               <part>
                  <!-- parent      --> "Root",
                  <!-- child       --> "k_ionblaster_lod1",
                  <!-- position    --> 5.8188969e-9, -39.881265e-9, -33.850728e-9,
                  <!-- offset      --> 0, 0, 0,
                  <!-- orientation -->   1.0000000000,  4.5000247e-15, -16.816254e-15,
                                       -4.5000247e-15,   1.0000000000, -2.1472266e-15,
                                        16.816254e-15,  2.1472266e-15,   1.0000000000,
                  <!-- axis        -->   1.0000000000,   0.0000000000,   0.0000000000,
                  <!-- min, max    --> 0, 0.78538001
               </part>
            </Rev>
         </Cons>
         <Part_k_ionblaster_gun_lod1>
            <File_name name="File name" type="text">k_ionblaster_gun_lod1021204175135.3db</File_name>
            <Index type="int">2</Index>
            <Object_name name="Object name" type="text">k_ionblaster_gun_lod1</Object_name>
         </Part_k_ionblaster_gun_lod1>
         <Part_k_ionblaster_lod1>
            <File_name name="File name" type="text">k_ionblaster_lod1021204175135.3db</File_name>
            <Index type="int">1</Index>
            <Object_name name="Object name" type="text">k_ionblaster_lod1</Object_name>
         </Part_k_ionblaster_lod1>
         <Root>
            <File_name name="File name" type="text">k_ionblaster_base_lod1021204175135.3db</File_name>
            <Index type="int">0</Index>
            <Object_name name="Object name" type="text">Root</Object_name>
         </Root>
      </Cmpnd>
      <Exporter_Version name="Exporter Version" type="text">Nov  5 2002 11:41:55</Exporter_Version>
      <k_ionblaster_base_lod1021204175135.3db>
         <Hardpoints>
            <Fixed>
               <HpMount>
                  <Orientation type="Matrix">
                       1.0000000000,  8.0527371e-15, -16.816254e-15,
                     -8.0527371e-15,   1.0000000000, -9.2526542e-15,
                      16.816254e-15,  9.2526542e-15,   1.0000000000
                  </Orientation>
                  <Position type="Vector">0.0014333306, -0.062762484, -0.96523958</Position>
               </HpMount>
            </Fixed>
            <Revolute>
               <HpConnect>
                  <Axis type="Vector">0, 1, 0</Axis>
                  <Max type="float">6.2831855</Max>
                  <Min type="float">-6.2831855</Min>
                  <Orientation type="Matrix">
                       1.0000000000,  11.605451e-15, -59.448818e-15,
                     -11.605451e-15,   1.0000000000, -9.2526559e-15,
                      59.448818e-15,  9.2526559e-15,   1.0000000000
                  </Orientation>
                  <Position type="Vector">0.0014331428, -0.063588507, -615.1573e-6</Position>
               </HpConnect>
            </Revolute>
         </Hardpoints>
         <VMeshWire include="ku_ion_blaster_cmp\k_ionblaster_base_lod1.vwd.xml"/>
         <MultiLevel>
            <Level0>
               <VMeshPart>
                  <VMeshRef type="VMeshRef">
                     <!-- header size  --> 60,
                     <!-- vmesh lib    --> data.equipment.models.weapons.ku_ion_blaster.lod0-112.vms,
                     <!-- start vert   --> 308,
                     <!-- num verts    --> 20,
                     <!-- start index  --> 330,
                     <!-- num indices  --> 30,
                     <!-- start mesh   --> 2,
                     <!-- num meshes   --> 1,
                     <!-- bounding box -->  0.10334155,    0.064534754,     0.21314195,
                                           -0.10334154,   -0.064534806,    -0.21314199,
                     <!-- center       -->  0.0072871782, -0.0075045265, -434.20636e-6,
                     <!-- radius       --> 0.25108388
                  </VMeshRef>
               </VMeshPart>
            </Level0>
            <Level1>
               <VMeshPart>
                  <VMeshRef type="VMeshRef">
                     <!-- header size  --> 60,
                     <!-- vmesh lib    --> data.equipment.models.weapons.ku_ion_blaster.lod1-112.vms,
                     <!-- start vert   --> 303,
                     <!-- num verts    --> 20,
                     <!-- start index  --> 348,
                     <!-- num indices  --> 30,
                     <!-- start mesh   --> 2,
                     <!-- num meshes   --> 1,
                     <!-- bounding box -->  0.10334155,    0.064534754,     0.21314195,
                                           -0.10334154,   -0.064534806,    -0.21314199,
                     <!-- center       -->  0.0072871782, -0.0075045265, -434.20636e-6,
                     <!-- radius       --> 0.25108388
                  </VMeshRef>
               </VMeshPart>
            </Level1>
            <Level2>
               <VMeshPart>
                  <VMeshRef type="VMeshRef">
                     <!-- header size  --> 60,
                     <!-- vmesh lib    --> data.equipment.models.weapons.ku_ion_blaster.lod2-112.vms,
                     <!-- start vert   --> 0,
                     <!-- num verts    --> 168,
                     <!-- start index  --> 0,
                     <!-- num indices  --> 174,
                     <!-- start mesh   --> 0,
                     <!-- num meshes   --> 2,
                     <!-- bounding box -->  0.10334155,    0.064534754,     0.21314195,
                                           -0.10334154,   -0.064534806,    -0.21314199,
                     <!-- center       -->  0.0072871782, -0.0075045265, -434.20636e-6,
                     <!-- radius       --> 0.25108388
                  </VMeshRef>
               </VMeshPart>
            </Level2>
            <Level3>
               <VMeshPart>
                  <VMeshRef type="VMeshRef">
                     <!-- header size  --> 60,
                     <!-- vmesh lib    --> data.equipment.models.weapons.ku_ion_blaster.lod3-112.vms,
                     <!-- start vert   --> 0,
                     <!-- num verts    --> 18,
                     <!-- start index  --> 0,
                     <!-- num indices  --> 24,
                     <!-- start mesh   --> 0,
                     <!-- num meshes   --> 1,
                     <!-- bounding box -->  0.10334155,    0.064534754,     0.21314195,
                                           -0.10334154,   -0.064534806,    -0.21314199,
                     <!-- center       -->  0.0072871782, -0.0075045265, -434.20636e-6,
                     <!-- radius       --> 0.25108388
                  </VMeshRef>
               </VMeshPart>
            </Level3>
            <Switch2 type="float array" count="5">
               0,
               100,
               1000,
               10000,
               1000000
            </Switch2>
         </MultiLevel>
      </k_ionblaster_base_lod1021204175135.3db>
      <k_ionblaster_gun_lod1021204175135.3db>
         <Hardpoints>
            <Fixed>
               <HpFire01>
                  <Orientation type="Matrix">
                       1.0000000000,  4.5000239e-15, -2.6053997e-15,
                     -4.5000239e-15,   1.0000000000,  1.4054883e-15,
                      2.6053997e-15, -1.4054883e-15,   1.0000000000
                  </Orientation>
                  <Position type="Vector">-36.478425e-6, 0.0051046512, -1.5307515</Position>
               </HpFire01>
            </Fixed>
         </Hardpoints>
         <VMeshPart>
            <VMeshRef type="VMeshRef">
               <!-- header size  --> 60,
               <!-- vmesh lib    --> data.equipment.models.weapons.ku_ion_blaster.lod0-112.vms,
               <!-- start vert   --> 328,
               <!-- num verts    --> 348,
               <!-- start index  --> 360,
               <!-- num indices  --> 348,
               <!-- start mesh   --> 3,
               <!-- num meshes   --> 2,
               <!-- bounding box -->   0.19807088,  0.17143443,    0.43072137,
                                      -0.19807076, -0.17143437,   -1.5347685,
               <!-- center       --> 340.11877e-6,  0.0011894887, -0.55654544,
               <!-- radius       --> 0.99326831
            </VMeshRef>
         </VMeshPart>
         <VMeshWire include="ku_ion_blaster_cmp\k_ionblaster_gun_lod1.vwd.xml"/>
      </k_ionblaster_gun_lod1021204175135.3db>
      <k_ionblaster_lod1021204175135.3db>
         <VMeshWire include="ku_ion_blaster_cmp\k_ionblaster_lod1.vwd.xml"/>
         <MultiLevel>
            <Level0>
               <VMeshPart>
                  <VMeshRef type="VMeshRef">
                     <!-- header size  --> 60,
                     <!-- vmesh lib    --> data.equipment.models.weapons.ku_ion_blaster.lod0-112.vms,
                     <!-- start vert   --> 0,
                     <!-- num verts    --> 308,
                     <!-- start index  --> 0,
                     <!-- num indices  --> 330,
                     <!-- start mesh   --> 0,
                     <!-- num meshes   --> 2,
                     <!-- bounding box -->  0.35890433,  0.66241938,   0.73444384,
                                           -0.51818657,  0.064534791, -0.54092002,
                     <!-- center       --> -0.041368492, 0.35848993,   0.11714049,
                     <!-- radius       --> 0.7165457
                  </VMeshRef>
               </VMeshPart>
            </Level0>
            <Level1>
               <VMeshPart>
                  <VMeshRef type="VMeshRef">
                     <!-- header size  --> 60,
                     <!-- vmesh lib    --> data.equipment.models.weapons.ku_ion_blaster.lod1-112.vms,
                     <!-- start vert   --> 0,
                     <!-- num verts    --> 303,
                     <!-- start index  --> 0,
                     <!-- num indices  --> 348,
                     <!-- start mesh   --> 0,
                     <!-- num meshes   --> 2,
                     <!-- bounding box -->  0.35890433,  0.66241938,   0.73444384,
                                           -0.51818657,  0.064534791, -0.54092002,
                     <!-- center       --> -0.041368492, 0.35848993,   0.11714049,
                     <!-- radius       --> 0.7165457
                  </VMeshRef>
               </VMeshPart>
            </Level1>
            <Switch2 type="float array" count="3">
               0,
               100,
               1000000
            </Switch2>
         </MultiLevel>
      </k_ionblaster_lod1021204175135.3db>
   </UTF_ROOT>
</UTFXML>
