<?xml version="1.0" encoding="ISO-8859-1"?>
<!-- XML generated by UTFXML Version 2.2 built 19-Aug-2010 -->
<UTFXML filename="li_rad_launcher_n.cmp" path="EQUIPMENT\MODELS\WEAPONS">
   <UTF_ROOT>
      <VMeshLibrary>
         <data.equipment.models.weapons.li_rad_launchern.lod0-112.vms include="li_rad_launcher_n_cmp\lod0-112.vms.xml"/>
         <data.equipment.models.weapons.li_rad_launchern.lod1-112.vms include="li_rad_launcher_n_cmp\lod1-112.vms.xml"/>
         <data.equipment.models.weapons.li_rad_launchern.lod2-112.vms include="li_rad_launcher_n_cmp\lod2-112.vms.xml"/>
      </VMeshLibrary>
      <Exporter_Version name="Exporter Version" type="text">Aug 24 2002 12:33:14</Exporter_Version>
      <Cmpnd>
         <Root>
            <Object_name name="Object name" type="text">Root</Object_name>
            <File_name name="File name" type="text">l_radmissilelaunchern_base_lod1020829120518.3db</File_name>
            <Index type="int">0</Index>
         </Root>
         <Part_l_radmissilelaunchern_launcher_lod1>
            <Object_name name="Object name" type="text">l_radmissilelaunchern_launcher_lod1</Object_name>
            <File_name name="File name" type="text">l_radmissilelaunchern_launcher_lod1020829120518.3db</File_name>
            <Index type="int">1</Index>
         </Part_l_radmissilelaunchern_launcher_lod1>
         <Cons>
            <Rev type="Rev" count="1">
               <part>
                  <!-- parent      --> "Root",
                  <!-- child       --> "l_radmissilelaunchern_launcher_lod1",
                  <!-- position    --> -5.4942479e-15, -12.62307e-9, -19.22063e-9,
                  <!-- offset      --> 0, 0, 0,
                  <!-- orientation -->   1.0000000000, -2.6054020e-15, -4.2634908e-15,
                                        2.6054020e-15,   1.0000000000,  1.3733700e-15,
                                        4.2634908e-15, -1.3733700e-15,   1.0000000000,
                  <!-- axis        -->   1.0000000000,   0.0000000000,   0.0000000000,
                  <!-- min, max    --> 0, 0.78539819
               </part>
            </Rev>
         </Cons>
      </Cmpnd>
      <l_radmissilelaunchern_base_lod1020829120518.3db>
         <VMeshWire include="li_rad_launcher_n_cmp\l_radmissilelaunchern_base_lod1.vwd.xml"/>
         <MultiLevel>
            <Switch2 type="float array" count="4">
               0,
               100,
               1000,
               1000000
            </Switch2>
            <Level0>
               <VMeshPart>
                  <VMeshRef type="VMeshRef">
                     <!-- header size  --> 60,
                     <!-- vmesh lib    --> data.equipment.models.weapons.li_rad_launchern.lod0-112.vms,
                     <!-- start vert   --> 0,
                     <!-- num verts    --> 68,
                     <!-- start index  --> 0,
                     <!-- num indices  --> 102,
                     <!-- start mesh   --> 0,
                     <!-- num meshes   --> 3,
                     <!-- bounding box -->  0.21432632,   0.17658025,   0.17344308,
                                           -0.21432632, -65.43506e-9,  -0.27686769,
                     <!-- center       --> -0.0181159,    0.061785307, -0.037318785,
                     <!-- radius       --> 0.33945614
                  </VMeshRef>
               </VMeshPart>
            </Level0>
            <Level1>
               <VMeshPart>
                  <VMeshRef type="VMeshRef">
                     <!-- header size  --> 60,
                     <!-- vmesh lib    --> data.equipment.models.weapons.li_rad_launchern.lod1-112.vms,
                     <!-- start vert   --> 0,
                     <!-- num verts    --> 128,
                     <!-- start index  --> 0,
                     <!-- num indices  --> 168,
                     <!-- start mesh   --> 0,
                     <!-- num meshes   --> 2,
                     <!-- bounding box -->  0.21432632,   0.17658025,   0.17344308,
                                           -0.21432632, -65.43506e-9,  -0.27686769,
                     <!-- center       --> -0.0181159,    0.061785307, -0.037318785,
                     <!-- radius       --> 0.33945614
                  </VMeshRef>
               </VMeshPart>
            </Level1>
            <Level2>
               <VMeshPart>
                  <VMeshRef type="VMeshRef">
                     <!-- header size  --> 60,
                     <!-- vmesh lib    --> data.equipment.models.weapons.li_rad_launchern.lod2-112.vms,
                     <!-- start vert   --> 0,
                     <!-- num verts    --> 43,
                     <!-- start index  --> 0,
                     <!-- num indices  --> 48,
                     <!-- start mesh   --> 0,
                     <!-- num meshes   --> 1,
                     <!-- bounding box -->  0.21432632,   0.17658025,   0.17344308,
                                           -0.21432632, -65.43506e-9,  -0.27686769,
                     <!-- center       --> -0.0181159,    0.061785307, -0.037318785,
                     <!-- radius       --> 0.33945614
                  </VMeshRef>
               </VMeshPart>
            </Level2>
         </MultiLevel>
         <Hardpoints>
            <Fixed>
               <HpMount>
                  <Position type="Vector">-16.874475e-9, -0.0052265022, -0.55675107</Position>
                  <Orientation type="Matrix">
                       1.0000000000, -2.6054020e-15, -4.2634908e-15,
                      2.6054020e-15,   1.0000000000,  1.3733703e-15,
                      4.2634908e-15, -1.3733703e-15,   1.0000000000
                  </Orientation>
               </HpMount>
            </Fixed>
            <Revolute>
               <HpConnect>
                  <Position type="Vector">0.0013612483, -0.0020455515, -0.050410349</Position>
                  <Orientation type="Matrix">
                       1.0000000000, -8.8954003e-15, -5.3699115e-15,
                      8.8954011e-15,   1.0000000000,  143.89835e-09,
                      5.3699102e-15, -143.89835e-09,   1.0000000000
                  </Orientation>
                  <Axis type="Vector">0, 1, 0</Axis>
                  <Min type="float">-6.2831855</Min>
                  <Max type="float">6.2831855</Max>
               </HpConnect>
            </Revolute>
         </Hardpoints>
      </l_radmissilelaunchern_base_lod1020829120518.3db>
      <l_radmissilelaunchern_launcher_lod1020829120518.3db>
         <VMeshPart>
            <VMeshRef type="VMeshRef">
               <!-- header size  --> 60,
               <!-- vmesh lib    --> data.equipment.models.weapons.li_rad_launchern.lod0-112.vms,
               <!-- start vert   --> 68,
               <!-- num verts    --> 172,
               <!-- start index  --> 102,
               <!-- num indices  --> 222,
               <!-- start mesh   --> 3,
               <!-- num meshes   --> 2,
               <!-- bounding box -->  0.37044495,  0.5620383,    0.25945452,
                                     -0.37044492,  0.083527111, -1.6830148,
               <!-- center       -->  0.012392559, 0.3251982,   -0.73746133,
               <!-- radius       --> 1.0167077
            </VMeshRef>
         </VMeshPart>
         <VMeshWire include="li_rad_launcher_n_cmp\l_radmissilelaunchern_launcher_lod1.vwd.xml"/>
         <Hardpoints>
            <Revolute>
               <HpFire01>
                  <Position type="Vector">-80.611962e-9, 0.25246871, -1.0867802</Position>
                  <Orientation type="Matrix">
                       1.0000000000, -8.8954003e-15, -1.8171959e-15,
                      8.8954003e-15,   1.0000000000,  143.89833e-09,
                      1.8171946e-15, -143.89833e-09,   1.0000000000
                  </Orientation>
                  <Axis type="Vector">0, 1, 0</Axis>
                  <Min type="float">-6.2831855</Min>
                  <Max type="float">6.2831855</Max>
               </HpFire01>
            </Revolute>
         </Hardpoints>
      </l_radmissilelaunchern_launcher_lod1020829120518.3db>
   </UTF_ROOT>
</UTFXML>
