<?xml version="1.0" encoding="ISO-8859-1"?>
<!-- XML generated by UTFXML Version 2.2 built 19-Aug-2010 -->
<UTFXML filename="no_fighter_gun.cmp" path="EQUIPMENT\MODELS\WEAPONS">
   <UTF_ROOT>
      <VMeshLibrary>
         <data.equipment.models.weapons.no_fighter_gun.lod0-112.vms include="no_fighter_gun_cmp\lod0-112.vms.xml"/>
      </VMeshLibrary>
      <Exporter_Version name="Exporter Version" type="text">Aug 24 2002 12:33:14</Exporter_Version>
      <Cmpnd>
         <Root>
            <Object_name name="Object name" type="text">Root</Object_name>
            <File_name name="File name" type="text">turret poly020903113349.3db</File_name>
            <Index type="int">0</Index>
         </Root>
         <Part_turret_poly01 name="Part_turret poly01">
            <Object_name name="Object name" type="text">turret poly01</Object_name>
            <File_name name="File name" type="text">turret poly01020903113349.3db</File_name>
            <Index type="int">1</Index>
         </Part_turret_poly01>
         <Cons>
            <Rev type="Rev" count="1">
               <part>
                  <!-- parent      --> "Root",
                  <!-- child       --> "turret poly01",
                  <!-- position    --> 0, 0, 0,
                  <!-- offset      --> 0, 0, 0,
                  <!-- orientation -->   1.0000000000,   0.0000000000,   0.0000000000,
                                         0.0000000000,   1.0000000000,   0.0000000000,
                                         0.0000000000,   0.0000000000,   1.0000000000,
                  <!-- axis        -->   1.0000000000,   0.0000000000,   0.0000000000,
                  <!-- min, max    --> 0, 0.78538001
               </part>
            </Rev>
         </Cons>
      </Cmpnd>
      <Material_library name="Material library">
         <Material_count name="Material count" type="int">1</Material_count>
         <Nomad_surface name="Nomad surface">
            <Type type="text">DcDtBtOcOtTwo</Type>
            <Dt_name type="text">N-dtl2-256.TGA</Dt_name>
            <Dt_flags type="int">0x40</Dt_flags>
            <Bt_name type="text">Nomad_gradiant1.tga</Bt_name>
            <Bt_flags type="int">0x40</Bt_flags>
            <Oc type="float">0.2</Oc>
         </Nomad_surface>
      </Material_library>
      <Texture_library name="Texture library">
         <Nomad_gradiant1.tga>
            <MIPS type="file" filename="no_fighter_gun_cmp\Nomad_gradiant1.dds"/>
         </Nomad_gradiant1.tga>
         <N-dtl2-256.TGA>
            <MIPS type="file" filename="no_fighter_gun_cmp\N-dtl2-256.dds"/>
         </N-dtl2-256.TGA>
      </Texture_library>
      <turret_poly020903113349.3db name="turret poly020903113349.3db">
         <VMeshPart>
            <VMeshRef type="VMeshRef">
               <!-- header size  --> 60,
               <!-- vmesh lib    --> data.equipment.models.weapons.no_fighter_gun.lod0-112.vms,
               <!-- start vert   --> 0,
               <!-- num verts    --> 3,
               <!-- start index  --> 0,
               <!-- num indices  --> 3,
               <!-- start mesh   --> 0,
               <!-- num meshes   --> 1,
               <!-- bounding box -->  0.069337994,   0.037241563,  362.24653e-6,
                                     -0.059736677,  -0.014062878, -362.55535e-6,
               <!-- center       -->  0.0022953155,  0.012401069,  -14.227056e-6,
               <!-- radius       --> 0.067235976
            </VMeshRef>
         </VMeshPart>
         <VMeshWire include="no_fighter_gun_cmp\turret poly.vwd.xml"/>
         <Hardpoints>
            <Revolute>
               <HpConnect>
                  <Position type="Vector">0.068510257, 0.0014992235, 30.517578e-6</Position>
                  <Orientation type="Matrix">
                       1.0000000000, -4.2055461e-09, -936.49123e-09,
                      4.2053347e-09,   1.0000000000, -225.66338e-09,
                      936.49123e-09,  225.66338e-09,   1.0000000000
                  </Orientation>
                  <Axis type="Vector">0, 1, 0</Axis>
                  <Min type="float">-6.2831855</Min>
                  <Max type="float">6.2831855</Max>
               </HpConnect>
            </Revolute>
         </Hardpoints>
      </turret_poly020903113349.3db>
      <turret_poly01020903113349.3db name="turret poly01020903113349.3db">
         <VMeshPart>
            <VMeshRef type="VMeshRef">
               <!-- header size  --> 60,
               <!-- vmesh lib    --> data.equipment.models.weapons.no_fighter_gun.lod0-112.vms,
               <!-- start vert   --> 3,
               <!-- num verts    --> 3,
               <!-- start index  --> 3,
               <!-- num indices  --> 3,
               <!-- start mesh   --> 1,
               <!-- num meshes   --> 1,
               <!-- bounding box -->  0.069337994,   0.037241563,  362.24653e-6,
                                     -0.059736677,  -0.014062878, -362.55535e-6,
               <!-- center       -->  0.0022953155,  0.012401069,  -14.227056e-6,
               <!-- radius       --> 0.067235976
            </VMeshRef>
         </VMeshPart>
         <VMeshWire include="no_fighter_gun_cmp\turret poly01.vwd.xml"/>
         <Hardpoints>
            <Revolute>
               <HpFire01>
                  <Position type="Vector">0.068510257, 0.0014992235, 30.517578e-6</Position>
                  <Orientation type="Matrix">
                       1.0000000000, -71.569985e-09, -938.93965e-09,
                      71.569772e-09,   1.0000000000, -223.25230e-09,
                      938.93965e-09,  223.25223e-09,   1.0000000000
                  </Orientation>
                  <Axis type="Vector">0, 1, 0</Axis>
                  <Min type="float">-6.2831855</Min>
                  <Max type="float">6.2831855</Max>
               </HpFire01>
            </Revolute>
         </Hardpoints>
      </turret_poly01020903113349.3db>
   </UTF_ROOT>
</UTFXML>
