<?xml version="1.0" encoding="ISO-8859-1"?>
<!-- XML generated by UTFXML Version 2.2 built 19-Aug-2010 -->
<UTFXML filename="rh_gamma_beamer.cmp" path="EQUIPMENT\MODELS\WEAPONS">
   <UTF_ROOT>
      <VMeshLibrary>
         <data.equipment.models.weapons.rh_gamma_beamer.lod0-112.vms include="rh_gamma_beamer_cmp\lod0-112.vms.xml"/>
         <data.equipment.models.weapons.rh_gamma_beamer.lod1-112.vms include="rh_gamma_beamer_cmp\lod1-112.vms.xml"/>
         <data.equipment.models.weapons.rh_gamma_beamer.lod2-112.vms include="rh_gamma_beamer_cmp\lod2-112.vms.xml"/>
         <data.equipment.models.weapons.rh_gamma_beamer.lod3-112.vms include="rh_gamma_beamer_cmp\lod3-112.vms.xml"/>
      </VMeshLibrary>
      <Animation>
         <Script>
            <Sc_end_anim name="Sc_end anim">
               <Joint_map_0 name="Joint map 0">
                  <Channel>
                     <Header type="Header">
                        <!-- count    --> 1,
                        <!-- interval --> 0.033333335,
                        <!-- flags    --> 0x1
                     </Header>
                     <Frames type="Frames" count="1">
                           383.85391e-06
                     </Frames>
                  </Channel>
                  <Child_name name="Child name" type="text">r_gammabeamer_barrel_lod1</Child_name>
                  <Parent_name name="Parent name" type="text">r_gammabeamer_turret_lod1</Parent_name>
               </Joint_map_0>
            </Sc_end_anim>
            <Sc_fire>
               <Joint_map_0 name="Joint map 0">
                  <Channel>
                     <Header type="Header">
                        <!-- count    --> 7,
                        <!-- interval --> 0.033333335,
                        <!-- flags    --> 0x1
                     </Header>
                     <Frames type="Frames" count="7">
                            0.0000000000
                            0.2823839200
                            0.2823839200
                            0.2823839200
                            0.2823839200
                            0.2823839200
                           383.85391e-06
                     </Frames>
                  </Channel>
                  <Child_name name="Child name" type="text">r_gammabeamer_barrel_lod1</Child_name>
                  <Parent_name name="Parent name" type="text">r_gammabeamer_turret_lod1</Parent_name>
               </Joint_map_0>
            </Sc_fire>
         </Script>
      </Animation>
      <Cmpnd>
         <Cons>
            <Pris type="Rev" count="1">
               <part>
                  <!-- parent      --> "r_gammabeamer_turret_lod1",
                  <!-- child       --> "r_gammabeamer_barrel_lod1",
                  <!-- position    --> 0.009791756, 0.23908129, -2.4583743,
                  <!-- offset      --> 0, 0, 0,
                  <!-- orientation -->   1.0000000000,  8.0527397e-15, -6.1581155e-15,
                                       -8.0527397e-15,   1.0000000000,  1.6420280e-15,
                                        6.1581155e-15, -1.6420280e-15,   1.0000000000,
                  <!-- axis        -->  42.904130e-09, -7.3467377e-15,   1.0000000000,
                  <!-- min, max    --> 0, 0.28238392
               </part>
            </Pris>
            <Rev type="Rev" count="1">
               <part>
                  <!-- parent      --> "Root",
                  <!-- child       --> "r_gammabeamer_turret_lod1",
                  <!-- position    --> 22.901601e-9, -13.959286e-9, -2.3681013e-9,
                  <!-- offset      --> 0, 0, 0,
                  <!-- orientation -->   1.0000000000, -2.6054016e-15,  4.5000252e-15,
                                        2.6054016e-15,   1.0000000000,  1.6420282e-15,
                                       -4.5000252e-15, -1.6420282e-15,   1.0000000000,
                  <!-- axis        -->   1.0000000000,   0.0000000000,   0.0000000000,
                  <!-- min, max    --> 0, 0.78538001
               </part>
            </Rev>
         </Cons>
         <Part_r_gammabeamer_barrel_lod1>
            <File_name name="File name" type="text">r_gammabeamer_barrel_lod1021204180538.3db</File_name>
            <Index type="int">2</Index>
            <Object_name name="Object name" type="text">r_gammabeamer_barrel_lod1</Object_name>
         </Part_r_gammabeamer_barrel_lod1>
         <Part_r_gammabeamer_turret_lod1>
            <File_name name="File name" type="text">r_gammabeamer_turret_lod1021204180538.3db</File_name>
            <Index type="int">1</Index>
            <Object_name name="Object name" type="text">r_gammabeamer_turret_lod1</Object_name>
         </Part_r_gammabeamer_turret_lod1>
         <Root>
            <File_name name="File name" type="text">r_gammabeamer_base_lod1021204180538.3db</File_name>
            <Index type="int">0</Index>
            <Object_name name="Object name" type="text">Root</Object_name>
         </Root>
      </Cmpnd>
      <Exporter_Version name="Exporter Version" type="text">Nov  5 2002 11:41:55</Exporter_Version>
      <r_gammabeamer_barrel_lod1021204180538.3db>
         <Hardpoints>
            <Fixed>
               <HpFire01>
                  <Orientation type="Matrix">
                       1.0000000000,  947.31180e-18,  947.31148e-18,
                     -947.31180e-18,   1.0000000000,  1.6420278e-15,
                     -947.31148e-18, -1.6420278e-15,   1.0000000000
                  </Orientation>
                  <Position type="Vector">-0.011740114, -644.03651e-6, -1.1373578</Position>
               </HpFire01>
            </Fixed>
         </Hardpoints>
         <VMeshPart>
            <VMeshRef type="VMeshRef">
               <!-- header size  --> 60,
               <!-- vmesh lib    --> data.equipment.models.weapons.rh_gamma_beamer.lod0-112.vms,
               <!-- start vert   --> 0,
               <!-- num verts    --> 172,
               <!-- start index  --> 0,
               <!-- num indices  --> 252,
               <!-- start mesh   --> 0,
               <!-- num meshes   --> 2,
               <!-- bounding box -->    0.19391195,   0.17167836,  1.5723673,
                                       -0.19391219,  -0.17167851, -1.1381558,
               <!-- center       --> -429.93395e-6, 615.56196e-6,  0.21262369,
               <!-- radius       --> 1.3649411
            </VMeshRef>
         </VMeshPart>
         <VMeshWire include="rh_gamma_beamer_cmp\r_gammabeamer_barrel_lod1.vwd.xml"/>
      </r_gammabeamer_barrel_lod1021204180538.3db>
      <r_gammabeamer_base_lod1021204180538.3db>
         <Hardpoints>
            <Fixed>
               <HpMount>
                  <Orientation type="Matrix">
                       1.0000000000, -2.6054016e-15,  4.5000252e-15,
                      2.6054016e-15,   1.0000000000,  1.6420282e-15,
                     -4.5000252e-15, -1.6420282e-15,   1.0000000000
                  </Orientation>
                  <Position type="Vector">-198.40342e-6, -0.11996211, -1.5395929</Position>
               </HpMount>
            </Fixed>
            <Revolute>
               <HpConnect>
                  <Axis type="Vector">0, 1, 0</Axis>
                  <Max type="float">6.2831855</Max>
                  <Min type="float">-6.2831855</Min>
                  <Orientation type="Matrix">
                       1.0000000000, -2.6054016e-15,  4.5000252e-15,
                      2.6054016e-15,   1.0000000000,  1.6420282e-15,
                     -4.5000252e-15, -1.6420282e-15,   1.0000000000
                  </Orientation>
                  <Position type="Vector">-198.33725e-6, -0.12199433, -0.027923727</Position>
               </HpConnect>
            </Revolute>
         </Hardpoints>
         <VMeshWire include="rh_gamma_beamer_cmp\r_gammabeamer_base_lod1.vwd.xml"/>
         <MultiLevel>
            <Level0>
               <VMeshPart>
                  <VMeshRef type="VMeshRef">
                     <!-- header size  --> 60,
                     <!-- vmesh lib    --> data.equipment.models.weapons.rh_gamma_beamer.lod0-112.vms,
                     <!-- start vert   --> 172,
                     <!-- num verts    --> 71,
                     <!-- start index  --> 252,
                     <!-- num indices  --> 93,
                     <!-- start mesh   --> 2,
                     <!-- num meshes   --> 3,
                     <!-- bounding box -->  0.31296507,    0.12189973,      0.45235288,
                                           -0.31296504,   -0.12189982,     -0.45235285,
                     <!-- center       --> -0.0031092567,  0.0053546787, -673.23761e-6,
                     <!-- radius       --> 0.47360948
                  </VMeshRef>
               </VMeshPart>
            </Level0>
            <Level1>
               <VMeshPart>
                  <VMeshRef type="VMeshRef">
                     <!-- header size  --> 60,
                     <!-- vmesh lib    --> data.equipment.models.weapons.rh_gamma_beamer.lod1-112.vms,
                     <!-- start vert   --> 0,
                     <!-- num verts    --> 71,
                     <!-- start index  --> 0,
                     <!-- num indices  --> 93,
                     <!-- start mesh   --> 0,
                     <!-- num meshes   --> 3,
                     <!-- bounding box -->  0.31296507,    0.12189973,      0.45235288,
                                           -0.31296504,   -0.12189982,     -0.45235285,
                     <!-- center       --> -0.0031092567,  0.0053546787, -673.23761e-6,
                     <!-- radius       --> 0.47360948
                  </VMeshRef>
               </VMeshPart>
            </Level1>
            <Level2>
               <VMeshPart>
                  <VMeshRef type="VMeshRef">
                     <!-- header size  --> 60,
                     <!-- vmesh lib    --> data.equipment.models.weapons.rh_gamma_beamer.lod2-112.vms,
                     <!-- start vert   --> 0,
                     <!-- num verts    --> 118,
                     <!-- start index  --> 0,
                     <!-- num indices  --> 132,
                     <!-- start mesh   --> 0,
                     <!-- num meshes   --> 3,
                     <!-- bounding box -->  0.31296507,    0.12189973,      0.45235288,
                                           -0.31296504,   -0.12189982,     -0.45235285,
                     <!-- center       --> -0.0031092567,  0.0053546787, -673.23761e-6,
                     <!-- radius       --> 0.47360948
                  </VMeshRef>
               </VMeshPart>
            </Level2>
            <Level3>
               <VMeshPart>
                  <VMeshRef type="VMeshRef">
                     <!-- header size  --> 60,
                     <!-- vmesh lib    --> data.equipment.models.weapons.rh_gamma_beamer.lod3-112.vms,
                     <!-- start vert   --> 0,
                     <!-- num verts    --> 55,
                     <!-- start index  --> 0,
                     <!-- num indices  --> 66,
                     <!-- start mesh   --> 0,
                     <!-- num meshes   --> 3,
                     <!-- bounding box -->  0.31296507,    0.12189973,      0.45235288,
                                           -0.31296504,   -0.12189982,     -0.45235285,
                     <!-- center       --> -0.0031092567,  0.0053546787, -673.23761e-6,
                     <!-- radius       --> 0.47360948
                  </VMeshRef>
               </VMeshPart>
            </Level3>
            <Switch2 type="float array" count="5">
               0,
               100,
               1000,
               10000,
               1000000
            </Switch2>
         </MultiLevel>
      </r_gammabeamer_base_lod1021204180538.3db>
      <r_gammabeamer_turret_lod1021204180538.3db>
         <VMeshWire include="rh_gamma_beamer_cmp\r_gammabeamer_turret_lod1.vwd.xml"/>
         <MultiLevel>
            <Level0>
               <VMeshPart>
                  <VMeshRef type="VMeshRef">
                     <!-- header size  --> 60,
                     <!-- vmesh lib    --> data.equipment.models.weapons.rh_gamma_beamer.lod0-112.vms,
                     <!-- start vert   --> 243,
                     <!-- num verts    --> 230,
                     <!-- start index  --> 345,
                     <!-- num indices  --> 303,
                     <!-- start mesh   --> 5,
                     <!-- num meshes   --> 3,
                     <!-- bounding box -->  0.31328419,  0.62949592,   0.61183029,
                                           -0.40463132,  0.033472378, -1.0668799,
                     <!-- center       --> -0.025154931, 0.32204619,  -0.211001,
                     <!-- radius       --> 0.91460794
                  </VMeshRef>
               </VMeshPart>
            </Level0>
            <Level1>
               <VMeshPart>
                  <VMeshRef type="VMeshRef">
                     <!-- header size  --> 60,
                     <!-- vmesh lib    --> data.equipment.models.weapons.rh_gamma_beamer.lod1-112.vms,
                     <!-- start vert   --> 71,
                     <!-- num verts    --> 221,
                     <!-- start index  --> 93,
                     <!-- num indices  --> 261,
                     <!-- start mesh   --> 3,
                     <!-- num meshes   --> 3,
                     <!-- bounding box -->  0.31328419,  0.62949592,   0.61183029,
                                           -0.40463132,  0.033472378, -1.0668799,
                     <!-- center       --> -0.025154931, 0.32204619,  -0.211001,
                     <!-- radius       --> 0.91460794
                  </VMeshRef>
               </VMeshPart>
            </Level1>
            <Switch2 type="float array" count="3">
               0,
               100,
               1000000
            </Switch2>
         </MultiLevel>
      </r_gammabeamer_turret_lod1021204180538.3db>
   </UTF_ROOT>
</UTFXML>
