<?xml version="1.0" encoding="ISO-8859-1"?>
<!-- XML generated by UTFXML Version 2.2 built 19-Aug-2010 -->
<UTFXML filename="rh_proton_blaster.cmp" path="EQUIPMENT\MODELS\WEAPONS">
   <UTF_ROOT>
      <VMeshLibrary>
         <data.equipment.models.weapons.rh_proton_blaster.lod0-112.vms include="rh_proton_blaster_cmp\lod0-112.vms.xml"/>
         <data.equipment.models.weapons.rh_proton_blaster.lod1-112.vms include="rh_proton_blaster_cmp\lod1-112.vms.xml"/>
         <data.equipment.models.weapons.rh_proton_blaster.lod2-112.vms include="rh_proton_blaster_cmp\lod2-112.vms.xml"/>
         <data.equipment.models.weapons.rh_proton_blaster.lod3-112.vms include="rh_proton_blaster_cmp\lod3-112.vms.xml"/>
      </VMeshLibrary>
      <Animation>
         <Script>
            <Sc_end_anim name="Sc_end anim">
               <Joint_map_0 name="Joint map 0">
                  <Channel>
                     <Header type="Header">
                        <!-- count    --> 1,
                        <!-- interval --> 0.033333335,
                        <!-- flags    --> 0x1
                     </Header>
                     <Frames type="Frames" count="1">
                            0.0000000000
                     </Frames>
                  </Channel>
                  <Child_name name="Child name" type="text">r_protonblaster_barrel_lod1</Child_name>
                  <Parent_name name="Parent name" type="text">r_protonblaster_turret_lod1</Parent_name>
               </Joint_map_0>
            </Sc_end_anim>
            <Sc_fire>
               <Joint_map_0 name="Joint map 0">
                  <Channel>
                     <Header type="Header">
                        <!-- count    --> 3,
                        <!-- interval --> Explicit,
                        <!-- flags    --> 0x1
                     </Header>
                     <Frames type="Frames" count="3">
                          0.0000000000:     0.0000000000
                          0.0333333350:     0.7516039600
                          0.2000000000:     0.0000000000
                     </Frames>
                  </Channel>
                  <Child_name name="Child name" type="text">r_protonblaster_barrel_lod1</Child_name>
                  <Parent_name name="Parent name" type="text">r_protonblaster_turret_lod1</Parent_name>
               </Joint_map_0>
            </Sc_fire>
         </Script>
      </Animation>
      <Cmpnd>
         <Cons>
            <Pris type="Rev" count="1">
               <part>
                  <!-- parent      --> "r_protonblaster_turret_lod1",
                  <!-- child       --> "r_protonblaster_barrel_lod1",
                  <!-- position    --> -0.068254836, 0.23979634, -1.8325248,
                  <!-- offset      --> 0, 0, 0,
                  <!-- orientation -->   1.0000000000,  4.5000260e-15, -2.6054018e-15,
                                       -4.5000260e-15,   1.0000000000,  1.6420282e-15,
                                        2.6054018e-15, -1.6420282e-15,   1.0000000000,
                  <!-- axis        -->  118.95490e-09, -3.7910620e-15,   1.0000000000,
                  <!-- min, max    --> 0, 0.75160396
               </part>
            </Pris>
            <Rev type="Rev" count="1">
               <part>
                  <!-- parent      --> "Root",
                  <!-- child       --> "r_protonblaster_turret_lod1",
                  <!-- position    --> 22.901601e-9, 9.76884e-9, 3.7061223e-9,
                  <!-- offset      --> 0, 0, 0,
                  <!-- orientation -->   1.0000000000, -2.6054016e-15,  4.5000252e-15,
                                        2.6054016e-15,   1.0000000000,  1.6420282e-15,
                                       -4.5000252e-15, -1.6420282e-15,   1.0000000000,
                  <!-- axis        -->   1.0000000000,   0.0000000000,   0.0000000000,
                  <!-- min, max    --> 0, 0.78538001
               </part>
            </Rev>
         </Cons>
         <Part_r_protonblaster_barrel_lod1>
            <File_name name="File name" type="text">r_protonblaster_barrel_lod1021204181146.3db</File_name>
            <Index type="int">2</Index>
            <Object_name name="Object name" type="text">r_protonblaster_barrel_lod1</Object_name>
         </Part_r_protonblaster_barrel_lod1>
         <Part_r_protonblaster_turret_lod1>
            <File_name name="File name" type="text">r_protonblaster_turret_lod1021204181146.3db</File_name>
            <Index type="int">1</Index>
            <Object_name name="Object name" type="text">r_protonblaster_turret_lod1</Object_name>
         </Part_r_protonblaster_turret_lod1>
         <Root>
            <File_name name="File name" type="text">r_protonblaster_base_lod1021204181146.3db</File_name>
            <Index type="int">0</Index>
            <Object_name name="Object name" type="text">Root</Object_name>
         </Root>
      </Cmpnd>
      <Exporter_Version name="Exporter Version" type="text">Nov  5 2002 11:41:55</Exporter_Version>
      <r_protonblaster_barrel_lod1021204181146.3db>
         <Hardpoints>
            <Fixed>
               <HpFire01>
                  <Orientation type="Matrix">
                       1.0000000000,  15.789390e-15, -9.0796062e-15,
                     -15.789390e-15,   1.0000000000,  66.835909e-09,
                      9.0796070e-15, -66.835909e-09,   1.0000000000
                  </Orientation>
                  <Position type="Vector">24.007022e-9, -0.0013589924, -0.63093942</Position>
               </HpFire01>
            </Fixed>
         </Hardpoints>
         <VMeshPart>
            <VMeshRef type="VMeshRef">
               <!-- header size  --> 60,
               <!-- vmesh lib    --> data.equipment.models.weapons.rh_proton_blaster.lod0-112.vms,
               <!-- start vert   --> 0,
               <!-- num verts    --> 130,
               <!-- start index  --> 0,
               <!-- num indices  --> 198,
               <!-- start mesh   --> 0,
               <!-- num meshes   --> 3,
               <!-- bounding box -->  0.31316686,   0.1114704,     0.94643503,
                                     -0.31316698,  -0.11147017,   -0.63025379,
               <!-- center       -->  0.011060973,  0.0055139177,  0.13261133,
               <!-- radius       --> 0.83576691
            </VMeshRef>
         </VMeshPart>
         <VMeshWire include="rh_proton_blaster_cmp\r_protonblaster_barrel_lod1.vwd.xml"/>
      </r_protonblaster_barrel_lod1021204181146.3db>
      <r_protonblaster_base_lod1021204181146.3db>
         <Hardpoints>
            <Fixed>
               <HpMount>
                  <Orientation type="Matrix">
                       1.0000000000, -2.6054016e-15,  4.5000252e-15,
                      2.6054016e-15,   1.0000000000,  1.6420282e-15,
                     -4.5000252e-15, -1.6420282e-15,   1.0000000000
                  </Orientation>
                  <Position type="Vector">106.1435e-6, -0.119962, -0.92707938</Position>
               </HpMount>
            </Fixed>
            <Revolute>
               <HpConnect>
                  <Axis type="Vector">0, 1, 0</Axis>
                  <Max type="float">6.2831855</Max>
                  <Min type="float">-6.2831855</Min>
                  <Orientation type="Matrix">
                       1.0000000000,  4.5000256e-15,  947.31170e-18,
                     -4.5000256e-15,   1.0000000000,  1.6420280e-15,
                     -947.31170e-18, -1.6420280e-15,   1.0000000000
                  </Orientation>
                  <Position type="Vector">106.24249e-6, -0.12199424, -0.027923707</Position>
               </HpConnect>
            </Revolute>
         </Hardpoints>
         <VMeshWire include="rh_proton_blaster_cmp\r_protonblaster_base_lod1.vwd.xml"/>
         <MultiLevel>
            <Level0>
               <VMeshPart>
                  <VMeshRef type="VMeshRef">
                     <!-- header size  --> 60,
                     <!-- vmesh lib    --> data.equipment.models.weapons.rh_proton_blaster.lod0-112.vms,
                     <!-- start vert   --> 285,
                     <!-- num verts    --> 71,
                     <!-- start index  --> 405,
                     <!-- num indices  --> 93,
                     <!-- start mesh   --> 6,
                     <!-- num meshes   --> 3,
                     <!-- bounding box -->  0.31296507,    0.12189976,     0.45235291,
                                           -0.31296504,   -0.12189979,    -0.45235282,
                     <!-- center       --> -0.0031092567,  0.005354709, -673.20769e-6,
                     <!-- radius       --> 0.47360948
                  </VMeshRef>
               </VMeshPart>
            </Level0>
            <Level1>
               <VMeshPart>
                  <VMeshRef type="VMeshRef">
                     <!-- header size  --> 60,
                     <!-- vmesh lib    --> data.equipment.models.weapons.rh_proton_blaster.lod1-112.vms,
                     <!-- start vert   --> 154,
                     <!-- num verts    --> 71,
                     <!-- start index  --> 222,
                     <!-- num indices  --> 93,
                     <!-- start mesh   --> 3,
                     <!-- num meshes   --> 3,
                     <!-- bounding box -->  0.31296507,    0.12189976,     0.45235291,
                                           -0.31296504,   -0.12189979,    -0.45235282,
                     <!-- center       --> -0.0031092567,  0.005354709, -673.20769e-6,
                     <!-- radius       --> 0.47360948
                  </VMeshRef>
               </VMeshPart>
            </Level1>
            <Level2>
               <VMeshPart>
                  <VMeshRef type="VMeshRef">
                     <!-- header size  --> 60,
                     <!-- vmesh lib    --> data.equipment.models.weapons.rh_proton_blaster.lod2-112.vms,
                     <!-- start vert   --> 0,
                     <!-- num verts    --> 96,
                     <!-- start index  --> 0,
                     <!-- num indices  --> 138,
                     <!-- start mesh   --> 0,
                     <!-- num meshes   --> 3,
                     <!-- bounding box -->  0.31296507,    0.12189976,     0.45235291,
                                           -0.31296504,   -0.12189979,    -0.45235282,
                     <!-- center       --> -0.0031092567,  0.005354709, -673.20769e-6,
                     <!-- radius       --> 0.47360948
                  </VMeshRef>
               </VMeshPart>
            </Level2>
            <Level3>
               <VMeshPart>
                  <VMeshRef type="VMeshRef">
                     <!-- header size  --> 60,
                     <!-- vmesh lib    --> data.equipment.models.weapons.rh_proton_blaster.lod3-112.vms,
                     <!-- start vert   --> 0,
                     <!-- num verts    --> 50,
                     <!-- start index  --> 0,
                     <!-- num indices  --> 66,
                     <!-- start mesh   --> 0,
                     <!-- num meshes   --> 3,
                     <!-- bounding box -->  0.31296507,    0.12189976,     0.45235291,
                                           -0.31296504,   -0.12189979,    -0.45235282,
                     <!-- center       --> -0.0031092567,  0.005354709, -673.20769e-6,
                     <!-- radius       --> 0.47360948
                  </VMeshRef>
               </VMeshPart>
            </Level3>
            <Switch2 type="float array" count="5">
               0,
               100,
               1000,
               10000,
               1000000
            </Switch2>
         </MultiLevel>
      </r_protonblaster_base_lod1021204181146.3db>
      <r_protonblaster_turret_lod1021204181146.3db>
         <VMeshWire include="rh_proton_blaster_cmp\r_protonblaster_turret_lod1.vwd.xml"/>
         <MultiLevel>
            <Level0>
               <VMeshPart>
                  <VMeshRef type="VMeshRef">
                     <!-- header size  --> 60,
                     <!-- vmesh lib    --> data.equipment.models.weapons.rh_proton_blaster.lod0-112.vms,
                     <!-- start vert   --> 130,
                     <!-- num verts    --> 155,
                     <!-- start index  --> 198,
                     <!-- num indices  --> 207,
                     <!-- start mesh   --> 3,
                     <!-- num meshes   --> 3,
                     <!-- bounding box -->  0.31328416,   0.50520438,   0.61183035,
                                           -0.3130717,    0.033472437, -1.0668799,
                     <!-- center       -->  0.0025592681, 0.27117699,  -0.20510392,
                     <!-- radius       --> 0.9092744
                  </VMeshRef>
               </VMeshPart>
            </Level0>
            <Level1>
               <VMeshPart>
                  <VMeshRef type="VMeshRef">
                     <!-- header size  --> 60,
                     <!-- vmesh lib    --> data.equipment.models.weapons.rh_proton_blaster.lod1-112.vms,
                     <!-- start vert   --> 0,
                     <!-- num verts    --> 154,
                     <!-- start index  --> 0,
                     <!-- num indices  --> 222,
                     <!-- start mesh   --> 0,
                     <!-- num meshes   --> 3,
                     <!-- bounding box -->  0.31328416,   0.50520438,   0.61183035,
                                           -0.3130717,    0.033472437, -1.0668799,
                     <!-- center       -->  0.0025592681, 0.27117699,  -0.20510392,
                     <!-- radius       --> 0.9092744
                  </VMeshRef>
               </VMeshPart>
            </Level1>
            <Switch2 type="float array" count="3">
               0,
               100,
               1000000
            </Switch2>
         </MultiLevel>
      </r_protonblaster_turret_lod1021204181146.3db>
   </UTF_ROOT>
</UTFXML>
