<?xml version="1.0" encoding="ISO-8859-1"?>
<!-- XML generated by UTFXML Version 2.2 built 19-Aug-2010 -->
<UTFXML filename="li_02_california_cityscape.cmp" path="BASES\LIBERTY">
   <UTF_ROOT>
      <VMeshLibrary>
         <data.bases.liberty.li_02_california_cityscape.lod0-112.vms include="li_02_california_cityscape_cmp\lod0-112.vms.xml"/>
         <data.bases.liberty.li_02_california_cityscape.lod0-212.vms include="li_02_california_cityscape_cmp\lod0-212.vms.xml"/>
      </VMeshLibrary>
      <MaterialAnim>
         <trade021204124211>
            <MACount type="int">1</MACount>
            <MAFlags type="int">0x2</MAFlags>
            <MADeltas type="float array" count="5">
                 20.0000000000:   0.0000000000,  -0.0998783110, -335.27613e-09,   0.1997333800
            </MADeltas>
         </trade021204124211>
      </MaterialAnim>
      <Exporter_Version name="Exporter Version" type="text">Nov  5 2002 11:41:55</Exporter_Version>
      <Cmpnd>
         <Root>
            <Object_name name="Object name" type="text">Root</Object_name>
            <File_name name="File name" type="text">Root_California021204124211.3db</File_name>
            <Index type="int">0</Index>
         </Root>
         <Part_banner>
            <Object_name name="Object name" type="text">banner</Object_name>
            <File_name name="File name" type="text">banner021204124211.3db</File_name>
            <Index type="int">1</Index>
         </Part_banner>
         <Part_Dish01>
            <Object_name name="Object name" type="text">Dish01</Object_name>
            <File_name name="File name" type="text">Dish01021204124211.3db</File_name>
            <Index type="int">2</Index>
         </Part_Dish01>
         <Part_Dish02>
            <Object_name name="Object name" type="text">Dish02</Object_name>
            <File_name name="File name" type="text">Dish02021204124211.3db</File_name>
            <Index type="int">3</Index>
         </Part_Dish02>
         <Part_Elevator01>
            <Object_name name="Object name" type="text">Elevator01</Object_name>
            <File_name name="File name" type="text">Elevator01021204124211.3db</File_name>
            <Index type="int">4</Index>
         </Part_Elevator01>
         <Part_Elevator02>
            <Object_name name="Object name" type="text">Elevator02</Object_name>
            <File_name name="File name" type="text">Elevator02021204124211.3db</File_name>
            <Index type="int">5</Index>
         </Part_Elevator02>
         <Part_Fade_Back name="Part_Fade Back">
            <Object_name name="Object name" type="text">Fade Back</Object_name>
            <File_name name="File name" type="text">Fade Back021204124211.3db</File_name>
            <Index type="int">6</Index>
         </Part_Fade_Back>
         <Part_Fade_Front name="Part_Fade Front">
            <Object_name name="Object name" type="text">Fade Front</Object_name>
            <File_name name="File name" type="text">Fade Front021204124211.3db</File_name>
            <Index type="int">7</Index>
         </Part_Fade_Front>
         <Part_Fade_Mid name="Part_Fade Mid">
            <Object_name name="Object name" type="text">Fade Mid</Object_name>
            <File_name name="File name" type="text">Fade Mid021204124211.3db</File_name>
            <Index type="int">8</Index>
         </Part_Fade_Mid>
         <Part_Traffic01>
            <Object_name name="Object name" type="text">Traffic01</Object_name>
            <File_name name="File name" type="text">Traffic01021204124211.3db</File_name>
            <Index type="int">9</Index>
         </Part_Traffic01>
         <Part_Traffic02>
            <Object_name name="Object name" type="text">Traffic02</Object_name>
            <File_name name="File name" type="text">Traffic02021204124211.3db</File_name>
            <Index type="int">10</Index>
         </Part_Traffic02>
         <Part_Traffic03>
            <Object_name name="Object name" type="text">Traffic03</Object_name>
            <File_name name="File name" type="text">Traffic03021204124211.3db</File_name>
            <Index type="int">11</Index>
         </Part_Traffic03>
         <Part_Traffic04>
            <Object_name name="Object name" type="text">Traffic04</Object_name>
            <File_name name="File name" type="text">Traffic04021204124211.3db</File_name>
            <Index type="int">12</Index>
         </Part_Traffic04>
         <Part_Traffic05>
            <Object_name name="Object name" type="text">Traffic05</Object_name>
            <File_name name="File name" type="text">Traffic05021204124211.3db</File_name>
            <Index type="int">13</Index>
         </Part_Traffic05>
         <Part_Traffic07>
            <Object_name name="Object name" type="text">Traffic07</Object_name>
            <File_name name="File name" type="text">Traffic07021204124211.3db</File_name>
            <Index type="int">14</Index>
         </Part_Traffic07>
         <Part_Traffic08>
            <Object_name name="Object name" type="text">Traffic08</Object_name>
            <File_name name="File name" type="text">Traffic08021204124211.3db</File_name>
            <Index type="int">15</Index>
         </Part_Traffic08>
         <Part_Traffic09>
            <Object_name name="Object name" type="text">Traffic09</Object_name>
            <File_name name="File name" type="text">Traffic09021204124211.3db</File_name>
            <Index type="int">16</Index>
         </Part_Traffic09>
         <Part_Traffic10>
            <Object_name name="Object name" type="text">Traffic10</Object_name>
            <File_name name="File name" type="text">Traffic10021204124211.3db</File_name>
            <Index type="int">17</Index>
         </Part_Traffic10>
         <Part_Traffic12>
            <Object_name name="Object name" type="text">Traffic12</Object_name>
            <File_name name="File name" type="text">Traffic12021204124211.3db</File_name>
            <Index type="int">18</Index>
         </Part_Traffic12>
         <Part_Traffic13>
            <Object_name name="Object name" type="text">Traffic13</Object_name>
            <File_name name="File name" type="text">Traffic13021204124211.3db</File_name>
            <Index type="int">19</Index>
         </Part_Traffic13>
         <Part_Traffic14>
            <Object_name name="Object name" type="text">Traffic14</Object_name>
            <File_name name="File name" type="text">Traffic14021204124211.3db</File_name>
            <Index type="int">20</Index>
         </Part_Traffic14>
         <Part_Traffic15>
            <Object_name name="Object name" type="text">Traffic15</Object_name>
            <File_name name="File name" type="text">Traffic15021204124211.3db</File_name>
            <Index type="int">21</Index>
         </Part_Traffic15>
         <Part_Traffic16>
            <Object_name name="Object name" type="text">Traffic16</Object_name>
            <File_name name="File name" type="text">Traffic16021204124211.3db</File_name>
            <Index type="int">22</Index>
         </Part_Traffic16>
         <Part_Traffic17>
            <Object_name name="Object name" type="text">Traffic17</Object_name>
            <File_name name="File name" type="text">Traffic17021204124211.3db</File_name>
            <Index type="int">23</Index>
         </Part_Traffic17>
         <Part_Traffic18>
            <Object_name name="Object name" type="text">Traffic18</Object_name>
            <File_name name="File name" type="text">Traffic18021204124211.3db</File_name>
            <Index type="int">24</Index>
         </Part_Traffic18>
         <Part_Traffic19>
            <Object_name name="Object name" type="text">Traffic19</Object_name>
            <File_name name="File name" type="text">Traffic19021204124211.3db</File_name>
            <Index type="int">25</Index>
         </Part_Traffic19>
         <Part_Traffic20>
            <Object_name name="Object name" type="text">Traffic20</Object_name>
            <File_name name="File name" type="text">Traffic20021204124211.3db</File_name>
            <Index type="int">26</Index>
         </Part_Traffic20>
         <Part_Traffic21>
            <Object_name name="Object name" type="text">Traffic21</Object_name>
            <File_name name="File name" type="text">Traffic21021204124211.3db</File_name>
            <Index type="int">27</Index>
         </Part_Traffic21>
         <Part_Traffic22>
            <Object_name name="Object name" type="text">Traffic22</Object_name>
            <File_name name="File name" type="text">Traffic22021204124211.3db</File_name>
            <Index type="int">28</Index>
         </Part_Traffic22>
         <Part_Traffic24>
            <Object_name name="Object name" type="text">Traffic24</Object_name>
            <File_name name="File name" type="text">Traffic24021204124211.3db</File_name>
            <Index type="int">29</Index>
         </Part_Traffic24>
         <Part_Building01>
            <Object_name name="Object name" type="text">Building01</Object_name>
            <File_name name="File name" type="text">Building01021204124211.3db</File_name>
            <Index type="int">30</Index>
         </Part_Building01>
         <Part_Object01>
            <Object_name name="Object name" type="text">Object01</Object_name>
            <File_name name="File name" type="text">Object01021204124211.3db</File_name>
            <Index type="int">31</Index>
         </Part_Object01>
         <Cons>
            <Fix type="Fix" count="6">
               <part>
                  <!-- parent      --> "Root",
                  <!-- child       --> "banner",
                  <!-- position    --> 340.17834, 175.3934, -1290.4167,
                  <!-- orientation -->   1.0000000000,  6.5439583e-09, -1.8200641e-09,
                                       -6.5439583e-09,   1.0000000000, -11.589624e-09,
                                        1.8200640e-09,  11.589624e-09,   1.0000000000
               </part>
               <part>
                  <!-- parent      --> "Root",
                  <!-- child       --> "Fade Back",
                  <!-- position    --> 161.2316, -198.2585, -2742.6008,
                  <!-- orientation -->   0.9063077000,   0.4226183900,  352.03229e-18,
                                        24.722389e-09, -53.017317e-09,   1.0000000000,
                                         0.4226183900,  -0.9063077000, -58.498141e-09
               </part>
               <part>
                  <!-- parent      --> "Root",
                  <!-- child       --> "Fade Front",
                  <!-- position    --> -13.761461, 35.283756, -574.53931,
                  <!-- orientation -->   1.0000000000,  2.7301055e-09, -54.020148e-09,
                                       -2.7301050e-09,   1.0000000000,  8.5718632e-09,
                                        54.020148e-09, -8.5718632e-09,   1.0000000000
               </part>
               <part>
                  <!-- parent      --> "Root",
                  <!-- child       --> "Fade Mid",
                  <!-- position    --> 145.62909, -46.333927, -1263.7819,
                  <!-- orientation -->   0.9063077000,   0.4226183900,  352.03229e-18,
                                        24.722389e-09, -53.017317e-09,   1.0000000000,
                                         0.4226183900,  -0.9063077000, -58.498141e-09
               </part>
               <part>
                  <!-- parent      --> "Root",
                  <!-- child       --> "Building01",
                  <!-- position    --> 20.478348, 55.588634, -60.771515,
                  <!-- orientation -->   1.0000000000,  493.29018e-18, -1.8200641e-09,
                                       -493.29018e-18,   1.0000000000,  254.19464e-18,
                                        1.8200641e-09, -254.19464e-18,   1.0000000000
               </part>
               <part>
                  <!-- parent      --> "Root",
                  <!-- child       --> "Object01",
                  <!-- position    --> 145.62909, -46.333927, -1263.7819,
                  <!-- orientation -->   0.9063078200,   0.4226182700, -6.2913998e-09,
                                        11.773186e-09, -10.360958e-09,   1.0000000000,
                                         0.4226182700,  -0.9063078200, -14.365781e-09
               </part>
            </Fix>
            <Pris type="Rev" count="23">
               <part>
                  <!-- parent      --> "Root",
                  <!-- child       --> "Elevator01",
                  <!-- position    --> -158.43066, 152.51263, -1059.5044,
                  <!-- offset      --> 0, 0, 0,
                  <!-- orientation -->   0.9993908400,   0.0348995550,  9.5320889e-09,
                                       -8.1454834e-09, -39.873498e-09,   1.0000000000,
                                         0.0348995550,  -0.9993908400, -39.564934e-09,
                  <!-- axis        --> -1.5355768e-06,   1.0000000000, -22.023771e-06,
                  <!-- min, max    --> -0.40807986, 147.91762
               </part>
               <part>
                  <!-- parent      --> "Root",
                  <!-- child       --> "Elevator02",
                  <!-- position    --> -147.83429, 262.5014, -1059.5027,
                  <!-- offset      --> 0, 0, 0,
                  <!-- orientation -->   0.9993908400,   0.0348995550,  9.5320889e-09,
                                       -8.1454834e-09, -39.873498e-09,   1.0000000000,
                                         0.0348995550,  -0.9993908400, -39.564934e-09,
                  <!-- axis        -->  1.6009437e-06,  -1.0000000000,  13.768185e-06,
                  <!-- min, max    --> -55.086147, 97.5942
               </part>
               <part>
                  <!-- parent      --> "Root",
                  <!-- child       --> "Traffic01",
                  <!-- position    --> 280.84131, 416.41901, -1759.2874,
                  <!-- offset      --> 0, 0, 0,
                  <!-- orientation -->   0.6923522400,  -0.0425083970,   0.7203064600,
                                         0.0410379950,   0.9989671100,   0.0195080080,
                                        -0.7203917500,   0.0160535200,   0.6933815500,
                  <!-- axis        -->  -0.9681475200,  1.1568997e-09,   0.2503805800,
                  <!-- min, max    --> -1152.4183, 1930.7782
               </part>
               <part>
                  <!-- parent      --> "Root",
                  <!-- child       --> "Traffic02",
                  <!-- position    --> -2197.6492, 416.41901, -1094.3802,
                  <!-- offset      --> 0, 0, 0,
                  <!-- orientation -->   0.6923522900,  -0.0425083710,   0.7203064000,
                                         0.0410380030,   0.9989671100,   0.0195079630,
                                        -0.7203916900,   0.0160535540,   0.6933816100,
                  <!-- axis        -->  -0.9646875900, -2.1390620e-09,   0.2633967100,
                  <!-- min, max    --> -3530.2983, 64.997825e-6
               </part>
               <part>
                  <!-- parent      --> "Root",
                  <!-- child       --> "Traffic03",
                  <!-- position    --> -2152.5808, 416.41901, -1157.4381,
                  <!-- offset      --> 0, 0, 0,
                  <!-- orientation -->   0.6923522900,  -0.0425083710,   0.7203064000,
                                         0.0410380030,   0.9989671100,   0.0195079630,
                                        -0.7203916900,   0.0160535540,   0.6933816100,
                  <!-- axis        -->  -0.9646875300, -16.027249e-09,   0.2633969200,
                  <!-- min, max    --> -3530.2981, 88.918729e-6
               </part>
               <part>
                  <!-- parent      --> "Root",
                  <!-- child       --> "Traffic04",
                  <!-- position    --> -1877.546, 416.41891, -1161.2513,
                  <!-- offset      --> 0, 0, 0,
                  <!-- orientation -->   0.6923522900,  -0.0425083710,   0.7203064000,
                                         0.0410380030,   0.9989671100,   0.0195079630,
                                        -0.7203916900,   0.0160535540,   0.6933816100,
                  <!-- axis        -->   0.9646875300,  57.824320e-09,  -0.2633970700,
                  <!-- min, max    --> 0, 3530.2979
               </part>
               <part>
                  <!-- parent      --> "Root",
                  <!-- child       --> "Traffic05",
                  <!-- position    --> -1686.7086, 416.41901, -1297.7169,
                  <!-- offset      --> 0, 0, 0,
                  <!-- orientation -->   0.6923522900,  -0.0425083710,   0.7203064000,
                                         0.0410380030,   0.9989671100,   0.0195079630,
                                        -0.7203916900,   0.0160535540,   0.6933816100,
                  <!-- axis        -->  -0.9646877100, -15.580857e-09,   0.2633964400,
                  <!-- min, max    --> -3530.2983, 45.053803e-6
               </part>
               <part>
                  <!-- parent      --> "Root",
                  <!-- child       --> "Traffic07",
                  <!-- position    --> 1026.1434, 416.41901, -1832.9088,
                  <!-- offset      --> 0, 0, 0,
                  <!-- orientation -->   0.6923522900,  -0.0425083710,   0.7203064000,
                                         0.0410380030,   0.9989671100,   0.0195079630,
                                        -0.7203916900,   0.0160535540,   0.6933816100,
                  <!-- axis        -->   0.9324491000,   0.0733926740,  -0.3537685300,
                  <!-- min, max    --> -2255.2104, 12.853134e-6
               </part>
               <part>
                  <!-- parent      --> "Root",
                  <!-- child       --> "Traffic08",
                  <!-- position    --> 1118.6423, 416.41907, -1818.4231,
                  <!-- offset      --> 0, 0, 0,
                  <!-- orientation -->   0.6923522900,  -0.0425083710,   0.7203064000,
                                         0.0410380030,   0.9989671100,   0.0195079630,
                                        -0.7203916900,   0.0160535540,   0.6933816100,
                  <!-- axis        -->   0.9324491600,   0.0733925920,  -0.3537684400,
                  <!-- min, max    --> -2255.2104, 20.796504e-6
               </part>
               <part>
                  <!-- parent      --> "Root",
                  <!-- child       --> "Traffic09",
                  <!-- position    --> 1156.012, 416.41901, -1892.8165,
                  <!-- offset      --> 0, 0, 0,
                  <!-- orientation -->   0.6923522900,  -0.0425083710,   0.7203064000,
                                         0.0410380030,   0.9989671100,   0.0195079630,
                                        -0.7203916900,   0.0160535540,   0.6933816100,
                  <!-- axis        -->  -0.9324491000,  -0.0733926450,   0.3537685300,
                  <!-- min, max    --> 0, 2255.2107
               </part>
               <part>
                  <!-- parent      --> "Root",
                  <!-- child       --> "Traffic10",
                  <!-- position    --> -294.92606, 375.48648, -1764.2937,
                  <!-- offset      --> 0, 0, 0,
                  <!-- orientation -->   0.6923523500,  -0.0425084490,   0.7203063400,
                                         0.0410380660,   0.9989671100,   0.0195080100,
                                        -0.7203916300,   0.0160535630,   0.6933816700,
                  <!-- axis        -->  -0.9681480500, -49.624081e-09,   0.2503783700,
                  <!-- min, max    --> -1399.8159, 1684.1658
               </part>
               <part>
                  <!-- parent      --> "Root",
                  <!-- child       --> "Traffic12",
                  <!-- position    --> 97.823547, 375.48648, -1922.4315,
                  <!-- offset      --> 0, 0, 0,
                  <!-- orientation -->   0.6923522900,  -0.0425082590,   0.7203064000,
                                         0.0410378800,   0.9989671100,   0.0195079260,
                                        -0.7203916900,   0.0160534900,   0.6933816100,
                  <!-- axis        -->   0.9670375000,  27.416567e-09,  -0.2546339600,
                  <!-- min, max    --> -1144.2029, 1181.3867
               </part>
               <part>
                  <!-- parent      --> "Root",
                  <!-- child       --> "Traffic13",
                  <!-- position    --> 342.06741, 375.48648, -1909.4707,
                  <!-- offset      --> 0, 0, 0,
                  <!-- orientation -->   0.6923522900,  -0.0425082590,   0.7203064000,
                                         0.0410378800,   0.9989671100,   0.0195079260,
                                        -0.7203916900,   0.0160534900,   0.6933816100,
                  <!-- axis        -->   0.9670375000,  65.817346e-09,  -0.2546339300,
                  <!-- min, max    --> -1144.2024, 1181.3864
               </part>
               <part>
                  <!-- parent      --> "Root",
                  <!-- child       --> "Traffic14",
                  <!-- position    --> -202.75302, 375.48648, -1680.9655,
                  <!-- offset      --> 0, 0, 0,
                  <!-- orientation -->   0.6923523500,  -0.0425084490,   0.7203063400,
                                         0.0410380660,   0.9989671100,   0.0195080100,
                                        -0.7203916300,   0.0160535630,   0.6933816700,
                  <!-- axis        -->   0.9681479900,  50.986767e-09,  -0.2503785500,
                  <!-- min, max    --> -1684.1656, 1399.8159
               </part>
               <part>
                  <!-- parent      --> "Root",
                  <!-- child       --> "Traffic15",
                  <!-- position    --> -595.50244, 375.48648, -1522.8276,
                  <!-- offset      --> 0, 0, 0,
                  <!-- orientation -->   0.6923523500,  -0.0425084490,   0.7203063400,
                                         0.0410380660,   0.9989671100,   0.0195080100,
                                        -0.7203916300,   0.0160535630,   0.6933816700,
                  <!-- axis        -->   0.9681477500,  12.186097e-09,  -0.2503795300,
                  <!-- min, max    --> -1684.1656, 1399.8162
               </part>
               <part>
                  <!-- parent      --> "Root",
                  <!-- child       --> "Traffic16",
                  <!-- position    --> 41.490932, 375.48654, -1668.0048,
                  <!-- offset      --> 0, 0, 0,
                  <!-- orientation -->   0.6923523500,  -0.0425084490,   0.7203063400,
                                         0.0410380660,   0.9989671100,   0.0195080100,
                                        -0.7203916300,   0.0160535630,   0.6933816700,
                  <!-- axis        -->   0.9686991600,  -0.0012051932,  -0.2482348700,
                  <!-- min, max    --> -1684.1661, 1399.816
               </part>
               <part>
                  <!-- parent      --> "Root",
                  <!-- child       --> "Traffic17",
                  <!-- position    --> -399.65408, 375.48648, -1530.3975,
                  <!-- offset      --> 0, 0, 0,
                  <!-- orientation -->   0.6923523500,  -0.0425084490,   0.7203063400,
                                         0.0410380660,   0.9989671100,   0.0195080100,
                                        -0.7203916300,   0.0160535630,   0.6933816700,
                  <!-- axis        -->  -0.9681481100, -9.7867137e-09,   0.2503782500,
                  <!-- min, max    --> -1399.8159, 1684.1656
               </part>
               <part>
                  <!-- parent      --> "Root",
                  <!-- child       --> "Traffic18",
                  <!-- position    --> -77.881882, 416.41901, -1240.8854,
                  <!-- offset      --> 0, 0, 0,
                  <!-- orientation -->   0.6923523500,  -0.0425082180,   0.7203063400,
                                         0.0410380100,   0.9989671100,   0.0195077420,
                                        -0.7203915700,   0.0160537080,   0.6933817300,
                  <!-- axis        -->   0.9695642600,  20.274905e-09,  -0.2448368700,
                  <!-- min, max    --> -1589.9153, 1283.3817
               </part>
               <part>
                  <!-- parent      --> "Root",
                  <!-- child       --> "Traffic19",
                  <!-- position    --> -175.01135, 441.77844, -1149.3173,
                  <!-- offset      --> 0, 0, 0,
                  <!-- orientation -->   0.6923523500,  -0.0425082180,   0.7203063400,
                                         0.0410380100,   0.9989671100,   0.0195077420,
                                        -0.7203915700,   0.0160537080,   0.6933817300,
                  <!-- axis        -->  -0.9695642600, -32.051435e-09,   0.2448370200,
                  <!-- min, max    --> -1283.3818, 1589.9154
               </part>
               <part>
                  <!-- parent      --> "Root",
                  <!-- child       --> "Traffic20",
                  <!-- position    --> -342.90015, 416.41901, -1212.1345,
                  <!-- offset      --> 0, 0, 0,
                  <!-- orientation -->   0.6923523500,  -0.0425082180,   0.7203063400,
                                         0.0410380100,   0.9989671100,   0.0195077420,
                                        -0.7203915700,   0.0160537080,   0.6933817300,
                  <!-- axis        -->   0.9695642000,  23.504086e-09,  -0.2448371800,
                  <!-- min, max    --> -1589.9159, 1283.3816
               </part>
               <part>
                  <!-- parent      --> "Root",
                  <!-- child       --> "Traffic21",
                  <!-- position    --> 80.509544, 389.01633, -1204.4851,
                  <!-- offset      --> 0, 0, 0,
                  <!-- orientation -->   0.6923523500,  -0.0425082180,   0.7203063400,
                                         0.0410380100,   0.9989671100,   0.0195077420,
                                        -0.7203915700,   0.0160537080,   0.6933817300,
                  <!-- axis        -->   0.9695639000,  14.352459e-09,  -0.2448383000,
                  <!-- min, max    --> -1589.9153, 1283.3817
               </part>
               <part>
                  <!-- parent      --> "Root",
                  <!-- child       --> "Traffic22",
                  <!-- position    --> 958.61353, 425.23401, -1131.795,
                  <!-- offset      --> 0, 0, 0,
                  <!-- orientation -->   0.6923522900,  -0.0425083710,   0.7203064000,
                                         0.0410380030,   0.9989671100,   0.0195079630,
                                        -0.7203916900,   0.0160535540,   0.6933816100,
                  <!-- axis        -->   0.9900723700, -5.1211653e-09,  -0.1405584200,
                  <!-- min, max    --> -1900.6052, 34.82305e-6
               </part>
               <part>
                  <!-- parent      --> "Root",
                  <!-- child       --> "Traffic24",
                  <!-- position    --> -99.077538, 375.48648, -1771.8635,
                  <!-- offset      --> 0, 0, 0,
                  <!-- orientation -->   0.6923523500,  -0.0425084490,   0.7203063400,
                                         0.0410380660,   0.9989671100,   0.0195080100,
                                        -0.7203916300,   0.0160535630,   0.6933816700,
                  <!-- axis        -->  -0.9681475800, -52.044221e-09,   0.2503803400,
                  <!-- min, max    --> -1399.8159, 1684.1661
               </part>
            </Pris>
            <Rev type="Rev" count="2">
               <part>
                  <!-- parent      --> "Root",
                  <!-- child       --> "Dish01",
                  <!-- position    --> -913.07526, 305.14932, -3217.4849,
                  <!-- offset      --> 0, 0, 0,
                  <!-- orientation -->   0.9063077600,  81.604568e-09,  -0.4226183000,
                                       -11.765158e-09,   1.0000000000,  167.86238e-09,
                                         0.4226183000, -147.16281e-09,   0.9063077600,
                  <!-- axis        -->  -0.0019758439,   0.9999980300,  43.485898e-09,
                  <!-- min, max    --> -6.2831855, 6.2831855
               </part>
               <part>
                  <!-- parent      --> "Root",
                  <!-- child       --> "Dish02",
                  <!-- position    --> 726.03406, -95.75605, -1603.4548,
                  <!-- offset      --> 0, 0, 0,
                  <!-- orientation -->   0.2930143200,  -0.1375910000,  -0.9461560800,
                                        -0.2457095500,   0.9455185500,  -0.2135918900,
                                         0.9239964500,   0.2950650800,   0.2432430400,
                  <!-- axis        --> -49.722956e-09,  -1.0000000000,  38.957996e-09,
                  <!-- min, max    --> 0, 2.1641998
               </part>
            </Rev>
         </Cons>
      </Cmpnd>
      <Animation>
         <Script>
            <Sc_loop>
               <Joint_map_0 name="Joint map 0">
                  <Parent_name name="Parent name" type="text">Root</Parent_name>
                  <Child_name name="Child name" type="text">Dish01</Child_name>
                  <Channel>
                     <Header type="Header">
                        <!-- count    --> 36,
                        <!-- interval --> Explicit,
                        <!-- flags    --> 0x1
                     </Header>
                     <Frames type="Frames" count="36">
                          0.0000000000:   0.0000000000
                          0.5333333600:   0.1427797100
                          1.1333334000:   0.3179193700
                          1.8333334000:   0.5373688900
                          2.7666669000:   0.8464983100
                          4.4000000000:   1.3975872000
                          5.1666670000:   1.6448567000
                          5.8000000000:   1.8366864000
                          6.3666668000:   1.9953260000
                          6.8666668000:   2.1227813000
                          7.3333335000:   2.2293513000
                          7.7666669000:   2.3161809000
                          8.2000000000:   2.3900609000
                          8.6000000000:   2.4456508000
                          9.0000000000:   2.4881406000
                          9.3666668000:   2.5147305000
                          9.7333336000:   2.5287006000
                          9.9333334000:   2.5307305000
                         10.3000000000:   2.7529900000
                         10.6666670000:   2.9625599000
                         10.9666670000:   3.1250994000
                         11.0000000000:  -3.1404936000
                         11.4000000000:  -2.9366343000
                         11.8000000000:  -2.7452545000
                         12.2333340000:  -2.5509150000
                         12.7000000000:  -2.3553853000
                         13.2000000000:  -2.1600356000
                         13.7333340000:  -1.9657462000
                         14.3333340000:  -1.7617965000
                         15.0000000000:  -1.5495669000
                         15.8666680000:  -1.2892674000
                         17.7666680000:  -0.7355685200
                         18.5333350000:  -0.5008189700
                         19.1666680000:  -0.2947194300
                         19.7333340000:  -0.0976698030
                         20.0000000000:  -0.0000000000
                     </Frames>
                  </Channel>
               </Joint_map_0>
               <Joint_map_1 name="Joint map 1">
                  <Parent_name name="Parent name" type="text">Root</Parent_name>
                  <Child_name name="Child name" type="text">Dish02</Child_name>
                  <Channel>
                     <Header type="Header">
                        <!-- count    --> 32,
                        <!-- interval --> Explicit,
                        <!-- flags    --> 0x1
                     </Header>
                     <Frames type="Frames" count="32">
                          0.0000000000:   0.0000000000
                          0.5666667200:   0.1329000000
                          1.2000000000:   0.2956599900
                          1.9666668000:   0.5077899700
                          3.1333334000:   0.8487699600
                          4.4333334000:   1.2302300000
                          5.2000000000:   1.4439100000
                          5.8333335000:   1.6085000000
                          6.4000000000:   1.7434800000
                          6.9333339000:   1.8575300000
                          7.4333339000:   1.9510700000
                          7.9000000000:   2.0251000000
                          8.3333340000:   2.0810900000
                          8.7333336000:   2.1208599000
                          9.1333342000:   2.1482599000
                          9.5333338000:   2.1623900000
                          9.9333334000:   2.1625900000
                         10.3333340000:   2.1499400000
                         10.7666670000:   2.1228199000
                         11.2000000000:   2.0826900000
                         11.6666670000:   2.0260201000
                         12.1666670000:   1.9511600000
                         12.6666670000:   1.8631300000
                         13.2333340000:   1.7493299000
                         13.8333340000:   1.6148700000
                         14.5000000000:   1.4517000000
                         15.3333340000:   1.2325500000
                         16.7333340000:   0.8443599900
                         17.9666670000:   0.5038799600
                         18.7666680000:   0.2948499900
                         19.4333340000:   0.1329800000
                         20.0000000000:   0.0070200000
                     </Frames>
                  </Channel>
               </Joint_map_1>
               <Joint_map_2 name="Joint map 2">
                  <Parent_name name="Parent name" type="text">Root</Parent_name>
                  <Child_name name="Child name" type="text">Elevator01</Child_name>
                  <Channel>
                     <Header type="Header">
                        <!-- count    --> 10,
                        <!-- interval --> Explicit,
                        <!-- flags    --> 0x1
                     </Header>
                     <Frames type="Frames" count="10">
                          0.0000000000:    1.2914485e-06
                          4.0000000000:    81.7934270000
                          6.0000000000:    81.7934270000
                         10.0000000000:   147.9175900000
                         12.0000000000:   147.9175900000
                         13.6000000000:    97.0631410000
                         14.2666670000:    75.8736800000
                         16.6666680000:    -0.4080797400
                         18.0000000000:    -0.4080797400
                         20.0000000000:    1.2914485e-06
                     </Frames>
                  </Channel>
               </Joint_map_2>
               <Joint_map_3 name="Joint map 3">
                  <Parent_name name="Parent name" type="text">Root</Parent_name>
                  <Child_name name="Child name" type="text">Elevator02</Child_name>
                  <Channel>
                     <Header type="Header">
                        <!-- count    --> 6,
                        <!-- interval --> Explicit,
                        <!-- flags    --> 0x1
                     </Header>
                     <Frames type="Frames" count="6">
                          0.0000000000:    1.5019434e-06
                          3.3333335000:   -55.0861170000
                          5.3333335000:   -55.0861170000
                         14.6666670000:    97.5941700000
                         16.6666680000:    97.5941700000
                         20.0000000000:    1.5019434e-06
                     </Frames>
                  </Channel>
               </Joint_map_3>
               <Joint_map_4 name="Joint map 4">
                  <Parent_name name="Parent name" type="text">Root</Parent_name>
                  <Child_name name="Child name" type="text">Traffic01</Child_name>
                  <Channel>
                     <Header type="Header">
                        <!-- count    --> 181,
                        <!-- interval --> Explicit,
                        <!-- flags    --> 0x1
                     </Header>
                     <Frames type="Frames" count="181">
                          0.0000000000:    22.025381e-06
                          2.0666668000:   598.5413800000
                          2.4333334000:   704.7340700000
                          2.5000000000:   724.0419900000
                          2.5666668000:   743.3496700000
                          2.9000000000:   839.8886700000
                          3.1333334000:   907.4659400000
                          3.2666669000:   946.0813600000
                          3.3333335000:   965.3892800000
                          3.4000000000:   984.6969600000
                          3.4666669000:  1004.0048000000
                          3.6000000000:  1042.6204000000
                          3.8000000000:  1100.5437000000
                          3.9000000000:  1129.5052000000
                          3.9333336000:  1139.1594000000
                          4.0333338000:  1168.1208000000
                          4.1000000000:  1187.4288000000
                          4.2000000000:  1216.3903000000
                          4.2333336000:  1226.0443000000
                          4.3000000000:  1245.3519000000
                          4.3666668000:  1264.6599000000
                          4.4000000000:  1274.3136000000
                          4.4666667000:  1293.6216000000
                          4.5666671000:  1322.5831000000
                          4.6333337000:  1341.8910000000
                          4.6666670000:  1351.5447000000
                          4.7000000000:  1361.1987000000
                          4.8000000000:  1390.1603000000
                          4.8333335000:  1399.8143000000
                          4.9333334000:  1428.7759000000
                          4.9666667000:  1438.4301000000
                          5.0000000000:  1448.0837000000
                          5.1666670000:  1496.3530000000
                          5.2333336000:  1515.6610000000
                          5.2666669000:  1525.3148000000
                          5.3000000000:  1534.9689000000
                          5.3333335000:  1544.6227000000
                          5.3666668000:  1554.2767000000
                          5.4000000000:  1563.9304000000
                          5.4333334000:  1573.5844000000
                          5.4666672000:  1583.2379000000
                          5.5000000000:  1592.8921000000
                          5.6000000000:  1621.8538000000
                          5.6666670000:  1641.1617000000
                          5.7000000000:  1650.8154000000
                          5.7666669000:  1670.1234000000
                          5.8333335000:  1689.4309000000
                          5.8666668000:  1699.0850000000
                          5.9000000000:  1708.7386000000
                          5.9333339000:  1718.3929000000
                          5.9666672000:  1728.0464000000
                          6.0333338000:  1747.3545000000
