<?xml version="1.0" encoding="ISO-8859-1"?>
<!-- XML generated by UTFXML Version 2.2 built 19-Aug-2010 -->
<UTFXML filename="li_04_forbes_cityscape.cmp" path="BASES\LIBERTY">
   <UTF_ROOT>
      <VMeshLibrary>
         <data.bases.liberty.li_04_forbes_cityscape.lod0-112.vms include="li_04_forbes_cityscape_cmp\lod0-112.vms.xml"/>
         <data.bases.liberty.li_04_forbes_cityscape.lod0-212.vms include="li_04_forbes_cityscape_cmp\lod0-212.vms.xml"/>
      </VMeshLibrary>
      <MaterialAnim>
         <banner2manh>
            <MACount type="int">2</MACount>
            <MAFlags type="int">0x2</MAFlags>
            <MADeltas type="float array" count="10">
                 10.0000000000:   0.0000000000,  -0.0437682870, -165.89183e-09,  -0.0128212800,
                 10.0000000000:   0.0000000000,   0.0000000000, -165.89183e-09, -391.15548e-09
            </MADeltas>
            <MAKeys type="float array" count="4">
                  0.0000000000,   -0.4376825700,  -11.059456e-09,   -0.1282097100
            </MAKeys>
         </banner2manh>
         <banner4_crop>
            <MACount type="int">11</MACount>
            <MAFlags type="int">0x2</MAFlags>
            <MADeltas type="float array" count="55">
                  3.2666669000:   0.0000000000,   0.0000000000,   0.0000000000, -447.03484e-09,
                  0.0666666700:   7.4896393000,   0.0000000000,   0.0000000000, -447.03484e-09,
                  3.2666669000:   0.0000000000,   0.0000000000,   0.0000000000, -447.03484e-09,
                  0.0666666700:  -7.4896379000,   0.0000000000, -1.7881393e-06, -447.03484e-09,
                  3.2666669000:   0.0000000000,   0.0000000000,   0.0000000000, -447.03484e-09,
                  0.0666666700:   7.4896379000,   0.0000000000,  1.7881393e-06, -447.03484e-09,
                  3.2000000000:   0.0000000000,   0.0000000000,   0.0000000000, -447.03484e-09,
                  0.0666666700:  -7.4896379000,   0.0000000000, -1.7881393e-06, -447.03484e-09,
                  3.3333335000:  -0.0022664666,   0.0000000000,   0.0000000000, -447.03484e-09,
                  0.0666666700:  -7.5200648000,   0.0000000000, -894.06967e-09, -447.03484e-09,
                  3.3333335000:   0.0000000000,   0.0000000000,   0.0000000000, -447.03484e-09
            </MADeltas>
            <MAKeys type="float array" count="40">
                  0.4993093000,    0.0000000000,    0.0000000000,  -29.802322e-09,
                  0.4993093000,    0.0000000000,   119.20929e-09,  -29.802322e-09,
                 119.20929e-09,    0.0000000000,  -119.20929e-09,  -29.802322e-09,
                 119.20929e-09,    0.0000000000,  -119.20929e-09,  -29.802322e-09,
                  0.4993093000,    0.0000000000,    0.0000000000,  -29.802322e-09,
                  0.4993094200,   59.604645e-09,  -119.20929e-09,  -29.802322e-09,
                 119.20929e-09,    0.0000000000,  -119.20929e-09,  -29.802322e-09,
                -150.91896e-06,   59.604645e-09,  -178.81393e-09,  -29.802322e-09,
                 -0.5052298300,    0.0000000000,  -59.604645e-09,  -29.802322e-09,
                 -0.5052298300,    0.0000000000,  -59.604645e-09,  -29.802322e-09
            </MAKeys>
         </banner4_crop>
      </MaterialAnim>
      <Exporter_Version name="Exporter Version" type="text">Nov  5 2002 11:41:55</Exporter_Version>
      <Cmpnd>
         <Root>
            <Object_name name="Object name" type="text">Root</Object_name>
            <File_name name="File name" type="text">Root_Forbes021219145903.3db</File_name>
            <Index type="int">0</Index>
         </Root>
         <Part_Traffic01>
            <Object_name name="Object name" type="text">Traffic01</Object_name>
            <File_name name="File name" type="text">Traffic01021219145903.3db</File_name>
            <Index type="int">1</Index>
         </Part_Traffic01>
         <Part_Traffic02>
            <Object_name name="Object name" type="text">Traffic02</Object_name>
            <File_name name="File name" type="text">Traffic02021219145903.3db</File_name>
            <Index type="int">2</Index>
         </Part_Traffic02>
         <Part_Traffic03>
            <Object_name name="Object name" type="text">Traffic03</Object_name>
            <File_name name="File name" type="text">Traffic03021219145903.3db</File_name>
            <Index type="int">3</Index>
         </Part_Traffic03>
         <Part_Traffic04>
            <Object_name name="Object name" type="text">Traffic04</Object_name>
            <File_name name="File name" type="text">Traffic04021219145903.3db</File_name>
            <Index type="int">4</Index>
         </Part_Traffic04>
         <Part_Traffic05>
            <Object_name name="Object name" type="text">Traffic05</Object_name>
            <File_name name="File name" type="text">Traffic05021219145903.3db</File_name>
            <Index type="int">5</Index>
         </Part_Traffic05>
         <Part_Traffic06>
            <Object_name name="Object name" type="text">Traffic06</Object_name>
            <File_name name="File name" type="text">Traffic06021219145903.3db</File_name>
            <Index type="int">6</Index>
         </Part_Traffic06>
         <Part_Traffic07>
            <Object_name name="Object name" type="text">Traffic07</Object_name>
            <File_name name="File name" type="text">Traffic07021219145903.3db</File_name>
            <Index type="int">7</Index>
         </Part_Traffic07>
         <Part_Traffic08>
            <Object_name name="Object name" type="text">Traffic08</Object_name>
            <File_name name="File name" type="text">Traffic08021219145903.3db</File_name>
            <Index type="int">8</Index>
         </Part_Traffic08>
         <Part_Traffic09>
            <Object_name name="Object name" type="text">Traffic09</Object_name>
            <File_name name="File name" type="text">Traffic09021219145903.3db</File_name>
            <Index type="int">9</Index>
         </Part_Traffic09>
         <Part_Traffic10>
            <Object_name name="Object name" type="text">Traffic10</Object_name>
            <File_name name="File name" type="text">Traffic10021219145903.3db</File_name>
            <Index type="int">10</Index>
         </Part_Traffic10>
         <Part_Traffic11>
            <Object_name name="Object name" type="text">Traffic11</Object_name>
            <File_name name="File name" type="text">Traffic11021219145903.3db</File_name>
            <Index type="int">11</Index>
         </Part_Traffic11>
         <Part_Traffic12>
            <Object_name name="Object name" type="text">Traffic12</Object_name>
            <File_name name="File name" type="text">Traffic12021219145903.3db</File_name>
            <Index type="int">12</Index>
         </Part_Traffic12>
         <Part_Traffic13>
            <Object_name name="Object name" type="text">Traffic13</Object_name>
            <File_name name="File name" type="text">Traffic13021219145903.3db</File_name>
            <Index type="int">13</Index>
         </Part_Traffic13>
         <Part_Traffic14>
            <Object_name name="Object name" type="text">Traffic14</Object_name>
            <File_name name="File name" type="text">Traffic14021219145903.3db</File_name>
            <Index type="int">14</Index>
         </Part_Traffic14>
         <Part_Traffic15>
            <Object_name name="Object name" type="text">Traffic15</Object_name>
            <File_name name="File name" type="text">Traffic15021219145903.3db</File_name>
            <Index type="int">15</Index>
         </Part_Traffic15>
         <Part_Traffic16>
            <Object_name name="Object name" type="text">Traffic16</Object_name>
            <File_name name="File name" type="text">Traffic16021219145903.3db</File_name>
            <Index type="int">16</Index>
         </Part_Traffic16>
         <Part_Traffic17>
            <Object_name name="Object name" type="text">Traffic17</Object_name>
            <File_name name="File name" type="text">Traffic17021219145903.3db</File_name>
            <Index type="int">17</Index>
         </Part_Traffic17>
         <Part_Traffic18>
            <Object_name name="Object name" type="text">Traffic18</Object_name>
            <File_name name="File name" type="text">Traffic18021219145903.3db</File_name>
            <Index type="int">18</Index>
         </Part_Traffic18>
         <Part_sheds>
            <Object_name name="Object name" type="text">sheds</Object_name>
            <File_name name="File name" type="text">sheds021219145903.3db</File_name>
            <Index type="int">19</Index>
         </Part_sheds>
         <Part_Building01>
            <Object_name name="Object name" type="text">Building01</Object_name>
            <File_name name="File name" type="text">Building01021219145903.3db</File_name>
            <Index type="int">20</Index>
         </Part_Building01>
         <Part_Dish01>
            <Object_name name="Object name" type="text">Dish01</Object_name>
            <File_name name="File name" type="text">Dish01021219145903.3db</File_name>
            <Index type="int">21</Index>
         </Part_Dish01>
         <Part_Dish02>
            <Object_name name="Object name" type="text">Dish02</Object_name>
            <File_name name="File name" type="text">Dish02021219145903.3db</File_name>
            <Index type="int">22</Index>
         </Part_Dish02>
         <Part_Dish03>
            <Object_name name="Object name" type="text">Dish03</Object_name>
            <File_name name="File name" type="text">Dish03021219145903.3db</File_name>
            <Index type="int">23</Index>
         </Part_Dish03>
         <Part_glass>
            <Object_name name="Object name" type="text">glass</Object_name>
            <File_name name="File name" type="text">glass021219145903.3db</File_name>
            <Index type="int">24</Index>
         </Part_glass>
         <Part_wires>
            <Object_name name="Object name" type="text">wires</Object_name>
            <File_name name="File name" type="text">wires021219145903.3db</File_name>
            <Index type="int">25</Index>
         </Part_wires>
         <Part_Building02>
            <Object_name name="Object name" type="text">Building02</Object_name>
            <File_name name="File name" type="text">Building02021219145903.3db</File_name>
            <Index type="int">26</Index>
         </Part_Building02>
         <Part_sml_rooms>
            <Object_name name="Object name" type="text">sml_rooms</Object_name>
            <File_name name="File name" type="text">sml_rooms021219145903.3db</File_name>
            <Index type="int">27</Index>
         </Part_sml_rooms>
         <Part_banner_com>
            <Object_name name="Object name" type="text">banner_com</Object_name>
            <File_name name="File name" type="text">banner_com021219145903.3db</File_name>
            <Index type="int">28</Index>
         </Part_banner_com>
         <Part_bld_set_back>
            <Object_name name="Object name" type="text">bld_set_back</Object_name>
            <File_name name="File name" type="text">bld_set_back021219145903.3db</File_name>
            <Index type="int">29</Index>
         </Part_bld_set_back>
         <Part_Fade_Front name="Part_Fade Front">
            <Object_name name="Object name" type="text">Fade Front</Object_name>
            <File_name name="File name" type="text">Fade Front021219145903.3db</File_name>
            <Index type="int">30</Index>
         </Part_Fade_Front>
         <Part_bld_set_mid>
            <Object_name name="Object name" type="text">bld_set_mid</Object_name>
            <File_name name="File name" type="text">bld_set_mid021219145903.3db</File_name>
            <Index type="int">31</Index>
         </Part_bld_set_mid>
         <Part_Building05>
            <Object_name name="Object name" type="text">Building05</Object_name>
            <File_name name="File name" type="text">Building05021219145903.3db</File_name>
            <Index type="int">32</Index>
         </Part_Building05>
         <Part_bld_new>
            <Object_name name="Object name" type="text">bld_new</Object_name>
            <File_name name="File name" type="text">bld_new021219145903.3db</File_name>
            <Index type="int">33</Index>
         </Part_bld_new>
         <Part_banner4>
            <Object_name name="Object name" type="text">banner4</Object_name>
            <File_name name="File name" type="text">banner4021219145903.3db</File_name>
            <Index type="int">34</Index>
         </Part_banner4>
         <Part_banner2>
            <Object_name name="Object name" type="text">banner2</Object_name>
            <File_name name="File name" type="text">banner2021219145903.3db</File_name>
            <Index type="int">35</Index>
         </Part_banner2>
         <Part_pylons_small>
            <Object_name name="Object name" type="text">pylons_small</Object_name>
            <File_name name="File name" type="text">pylons_small021219145903.3db</File_name>
            <Index type="int">36</Index>
         </Part_pylons_small>
         <Part_dorms>
            <Object_name name="Object name" type="text">dorms</Object_name>
            <File_name name="File name" type="text">dorms021219145903.3db</File_name>
            <Index type="int">37</Index>
         </Part_dorms>
         <Cons>
            <Fix type="Fix" count="16">
               <part>
                  <!-- parent      --> "Root",
                  <!-- child       --> "sheds",
                  <!-- position    --> 1830.385, 10311.99, -26528.105,
                  <!-- orientation -->   1.0000000000,  9.6651487e-09, -3.9412917e-15,
                                       -9.6651487e-09,   1.0000000000,  74.318585e-09,
                                        4.6595918e-15, -74.318585e-09,   1.0000000000
               </part>
               <part>
                  <!-- parent      --> "Root",
                  <!-- child       --> "Building01",
                  <!-- position    --> -90.60611, 124.50072, -26.815962,
                  <!-- orientation -->   1.0000000000, -625.86762e-18, -666.13381e-18,
                                        625.86762e-18,   1.0000000000, -829.94543e-18,
                                        666.13381e-18,  829.94543e-18,   1.0000000000
               </part>
               <part>
                  <!-- parent      --> "Building01",
                  <!-- child       --> "glass",
                  <!-- position    --> -637.72855e-6, 5.4598599e-6, 444.7104e-6,
                  <!-- orientation -->   1.0000000000,  2.1096584e-09, -51.619139e-09,
                                       -2.1096551e-09,   1.0000000000,  65.880883e-09,
                                        51.619139e-09, -65.880883e-09,   1.0000000000
               </part>
               <part>
                  <!-- parent      --> "Building01",
                  <!-- child       --> "wires",
                  <!-- position    --> 19.137075, -93.319427, -24.158754,
                  <!-- orientation -->  -0.3173046400, -34.052718e-09,   0.9483236700,
                                        112.92462e-09,   1.0000000000,  73.692377e-09,
                                        -0.9483236700,  130.47203e-09,  -0.3173046400
               </part>
               <part>
                  <!-- parent      --> "Root",
                  <!-- child       --> "Building02",
                  <!-- position    --> 34.874546, 101.10875, -32.537624,
                  <!-- orientation -->   1.0000000000, -5.4789653e-15, -51.619136e-09,
                                        5.4789653e-15,   1.0000000000, -2.6662789e-15,
                                        51.619136e-09,  2.6662787e-15,   1.0000000000
               </part>
               <part>
                  <!-- parent      --> "Building02",
                  <!-- child       --> "sml_rooms",
                  <!-- position    --> -0.96643823, -64.112305, -5.5690155,
                  <!-- orientation -->   1.0000000000,  12.022764e-09,  51.619132e-09,
                                       -12.022769e-09,   1.0000000000,  78.417841e-09,
                                       -51.619132e-09, -78.417841e-09,   1.0000000000
               </part>
               <part>
                  <!-- parent      --> "Root",
                  <!-- child       --> "banner_com",
                  <!-- position    --> 1643.1892, -32.414974, -4941.9463,
                  <!-- orientation -->   1.0000000000, -625.86762e-18, -666.13381e-18,
                                        625.86762e-18,   1.0000000000, -829.94543e-18,
                                        666.13381e-18,  829.94543e-18,   1.0000000000
               </part>
               <part>
                  <!-- parent      --> "Root",
                  <!-- child       --> "bld_set_back",
                  <!-- position    --> 306.4447, -678.39453, -5142.2114,
                  <!-- orientation -->   1.0000000000, -625.86762e-18, -666.13381e-18,
                                        625.86762e-18,   1.0000000000, -829.94543e-18,
                                        666.13381e-18,  829.94543e-18,   1.0000000000
               </part>
               <part>
                  <!-- parent      --> "Root",
                  <!-- child       --> "Fade Front",
                  <!-- position    --> 1830.385, 10311.99, -26528.105,
                  <!-- orientation -->   1.0000000000,  9.6651487e-09, -3.9412917e-15,
                                       -9.6651487e-09,   1.0000000000,  74.318585e-09,
                                        4.6595918e-15, -74.318585e-09,   1.0000000000
               </part>
               <part>
                  <!-- parent      --> "Root",
                  <!-- child       --> "bld_set_mid",
                  <!-- position    --> 242.81836, -804.11517, -3122.0581,
                  <!-- orientation -->   1.0000000000,  9.6651487e-09, -3.9412917e-15,
                                       -9.6651487e-09,   1.0000000000,  74.318585e-09,
                                        4.6595918e-15, -74.318585e-09,   1.0000000000
               </part>
               <part>
                  <!-- parent      --> "Root",
                  <!-- child       --> "Building05",
                  <!-- position    --> -32.584625, 131.13745, -165.84335,
                  <!-- orientation -->   1.0000000000, -625.86762e-18, -666.13381e-18,
                                        625.86762e-18,   1.0000000000, -829.94543e-18,
                                        666.13381e-18,  829.94543e-18,   1.0000000000
               </part>
               <part>
                  <!-- parent      --> "Root",
                  <!-- child       --> "bld_new",
                  <!-- position    --> -126.29382, 22.556044, -249.74519,
                  <!-- orientation -->   0.7372773300, -81.464158e-09,  -0.6755902200,
                                        47.635009e-09,   1.0000000000, -68.597714e-09,
                                         0.6755902200,  18.393793e-09,   0.7372773300
               </part>
               <part>
                  <!-- parent      --> "Root",
                  <!-- child       --> "banner4",
                  <!-- position    --> -25.14875, 52.992386, -150,
                  <!-- orientation -->   0.8660253300,   0.5000001200, -59.604659e-09,
                                        19.097760e-09,  86.131010e-09,   1.0000000000,
                                         0.5000001200,  -0.8660253300,  65.042755e-09
               </part>
               <part>
                  <!-- parent      --> "Root",
                  <!-- child       --> "banner2",
                  <!-- position    --> 32.575386, 112.75783, -41.539742,
                  <!-- orientation -->   0.8660253300,   0.5000001200, -74.505834e-09,
                                        32.002550e-09,  93.581605e-09,   1.0000000000,
                                         0.5000001200,  -0.8660253300,  65.042762e-09
               </part>
               <part>
                  <!-- parent      --> "Root",
                  <!-- child       --> "pylons_small",
                  <!-- position    --> -58.798588, 23.070036, 0.51367939,
                  <!-- orientation -->  -0.7009091400,  -0.7132505200, -89.406981e-09,
                                        52.809309e-09, -177.24697e-09,   1.0000000000,
                                        -0.7132505200,   0.7009091400,  161.90030e-09
               </part>
               <part>
                  <!-- parent      --> "Root",
                  <!-- child       --> "dorms",
                  <!-- position    --> -325.36966, -570.52643, -6333.1968,
                  <!-- orientation -->   1.0000000000, -4.8015578e-09, -184.65974e-09,
                                        4.8015680e-09,   1.0000000000,  55.583470e-09,
                                        184.65974e-09, -55.583470e-09,   1.0000000000
               </part>
            </Fix>
            <Pris type="Rev" count="18">
               <part>
                  <!-- parent      --> "Root",
                  <!-- child       --> "Traffic01",
                  <!-- position    --> 3181.3855, 1252.5519, -4248.6963,
                  <!-- offset      --> 0, 0, 0,
                  <!-- orientation -->   0.9287554600,  -0.0453382840,   0.3679100000,
                                         0.0410379880,   0.9989671100,   0.0195080430,
                                        -0.3684144600,  -0.0030199154,   0.9296567400,
                  <!-- axis        -->  -0.9923547500, -49.397478e-09,  -0.1234183800,
                  <!-- min, max    --> 0, 6001.8301
               </part>
               <part>
                  <!-- parent      --> "Root",
                  <!-- child       --> "Traffic02",
                  <!-- position    --> -1631.1193, 1058.8834, -3182.6938,
                  <!-- offset      --> 0, 0, 0,
                  <!-- orientation -->   0.9287551600,  -0.0453380940,   0.3679106800,
                                         0.0410378610,   0.9989671100,   0.0195078310,
                                        -0.3684151200,  -0.0030197313,   0.9296565100,
                  <!-- axis        -->  -0.9878132900,  -0.0455182230,  -0.1488387000,
                  <!-- min, max    --> -5115.6216, 87.815752e-6
               </part>
               <part>
                  <!-- parent      --> "Root",
                  <!-- child       --> "Traffic03",
                  <!-- position    --> -86.197418, 1371.1022, -3589.8074,
                  <!-- offset      --> 0, 0, 0,
                  <!-- orientation -->   0.9287552200,  -0.0453382020,   0.3679106200,
                                         0.0410379210,   0.9989671100,   0.0195079800,
                                        -0.3684150600,  -0.0030198509,   0.9296565100,
                  <!-- axis        -->  -0.9662974500, -38.810050e-09,  -0.2574281100,
                  <!-- min, max    --> -2485.4243, 39.707538e-6
               </part>
               <part>
                  <!-- parent      --> "Root",
                  <!-- child       --> "Traffic04",
                  <!-- position    --> 254.35182, 1444.5493, -3072.4878,
                  <!-- offset      --> 0, 0, 0,
                  <!-- orientation -->   0.9287551600,  -0.0453380940,   0.3679106800,
                                         0.0410378610,   0.9989671100,   0.0195078310,
                                        -0.3684151200,  -0.0030197313,   0.9296565100,
                  <!-- axis        -->  -0.9802634700,  7.8265954e-09,  -0.1976954800,
                  <!-- min, max    --> -2477.0178, 43.580374e-6
               </part>
               <part>
                  <!-- parent      --> "Root",
                  <!-- child       --> "Traffic05",
                  <!-- position    --> 620.31073, 1371.1023, -3197.1558,
                  <!-- offset      --> 0, 0, 0,
                  <!-- orientation -->   0.9287551600,  -0.0453380940,   0.3679106800,
                                         0.0410378610,   0.9989671100,   0.0195078310,
                                        -0.3684151200,  -0.0030197313,   0.9296565100,
                  <!-- axis        -->   0.9802634100,  68.154471e-09,   0.1976958200,
                  <!-- min, max    --> 0, 2477.0195
               </part>
               <part>
                  <!-- parent      --> "Root",
                  <!-- child       --> "Traffic06",
                  <!-- position    --> 120.01006, 1252.5518, -4346.6216,
                  <!-- offset      --> 0, 0, 0,
                  <!-- orientation -->   0.9287554600,  -0.0453382840,   0.3679100000,
                                         0.0410379880,   0.9989671100,   0.0195080430,
                                        -0.3684144600,  -0.0030199154,   0.9296567400,
                  <!-- axis        -->   0.9799145500,  80.003318e-09,   0.1994178000,
                  <!-- min, max    --> -3825.2971, 85.011168e-6
               </part>
               <part>
                  <!-- parent      --> "Root",
                  <!-- child       --> "Traffic07",
                  <!-- position    --> 1469.5184, 1252.5518, -4301.999,
                  <!-- offset      --> 0, 0, 0,
                  <!-- orientation -->   0.9287554600,  -0.0453383890,   0.3679100000,
                                         0.0410382640,   0.9989671100,   0.0195076200,
                                        -0.3684144300,  -0.0030194216,   0.9296567400,
                  <!-- axis        -->   0.9858833000,  42.033481e-09,   0.1674339800,
                  <!-- min, max    --> -3824.0581, 47.158814e-6
               </part>
               <part>
                  <!-- parent      --> "Root",
                  <!-- child       --> "Traffic08",
                  <!-- position    --> -405.23404, 1252.5518, -4561.8955,
                  <!-- offset      --> 0, 0, 0,
                  <!-- orientation -->   0.9287554600,  -0.0453382840,   0.3679100000,
                                         0.0410379880,   0.9989671100,   0.0195080430,
                                        -0.3684144600,  -0.0030199154,   0.9296567400,
                  <!-- axis        -->   0.9799145500,  74.845090e-09,   0.1994178700,
                  <!-- min, max    --> -3825.2971, 104.89893e-6
               </part>
               <part>
                  <!-- parent      --> "Root",
                  <!-- child       --> "Traffic09",
                  <!-- position    --> 819.77673, 1252.5516, -4506.9497,
                  <!-- offset      --> 0, 0, 0,
                  <!-- orientation -->   0.9287554600,  -0.0453382840,   0.3679100000,
                                         0.0410379880,   0.9989671100,   0.0195080430,
                                        -0.3684144600,  -0.0030199154,   0.9296567400,
                  <!-- axis        -->   0.9799144900,  10.668074e-09,   0.1994182300,
                  <!-- min, max    --> -3825.2966, 94.110932e-6
               </part>
               <part>
                  <!-- parent      --> "Root",
                  <!-- child       --> "Traffic10",
                  <!-- position    --> 2530.0813, 1252.5519, -4454.811,
                  <!-- offset      --> 0, 0, 0,
                  <!-- orientation -->   0.9287554000,  -0.0453383660,   0.3679100600,
                                         0.0410381440,   0.9989671100,   0.0195078590,
                                        -0.3684144900,  -0.0030196833,   0.9296567400,
                  <!-- axis        -->  -0.9403737200, -24.563471e-09,  -0.3401430200,
                  <!-- min, max    --> 0, 5914.1943
               </part>
               <part>
                  <!-- parent      --> "Root",
                  <!-- child       --> "Traffic11",
                  <!-- position    --> 1901.9508, 1252.5518, -4782.3184,
                  <!-- offset      --> 0, 0, 0,
                  <!-- orientation -->   0.9287554000,  -0.0453383660,   0.3679100600,
                                         0.0410381440,   0.9989671100,   0.0195078590,
                                        -0.3684144900,  -0.0030196833,   0.9296567400,
                  <!-- axis        -->   0.9403737200,  35.842326e-09,   0.3401430000,
                  <!-- min, max    --> -5914.1958, 236.63881e-6
               </part>
               <part>
                  <!-- parent      --> "Root",
                  <!-- child       --> "Traffic12",
                  <!-- position    --> 676.93994, 1252.5516, -4837.2637,
                  <!-- offset      --> 0, 0, 0,
                  <!-- orientation -->   0.9287554600,  -0.0453382840,   0.3679100000,
                                         0.0410379880,   0.9989671100,   0.0195080430,
                                        -0.3684144600,  -0.0030199154,   0.9296567400,
                  <!-- axis        -->   0.9848077900,  61.520559e-09,   0.1736481200,
                  <!-- min, max    --> -3825.2988, 2669.9524
               </part>
               <part>
                  <!-- parent      --> "Root",
                  <!-- child       --> "Traffic13",
                  <!-- position    --> -2362.3003, 1371.1022, -5069.54,
                  <!-- offset      --> 0, 0, 0,
                  <!-- orientation -->   0.9287553400,  -0.0453383330,   0.3679103000,
                                         0.0410380810,   0.9989671100,   0.0195079320,
                                        -0.3684147600,  -0.0030197632,   0.9296566200,
                  <!-- axis        -->   0.9877842700,  34.495745e-09,   0.1558276900,
                  <!-- min, max    --> 0, 7622.6484
               </part>
               <part>
                  <!-- parent      --> "Root",
                  <!-- child       --> "Traffic14",
                  <!-- position    --> -3029.1487, 1371.1022, -4939.0952,
                  <!-- offset      --> 0, 0, 0,
                  <!-- orientation -->   0.9287553400,  -0.0453383330,   0.3679103000,
                                         0.0410380810,   0.9989671100,   0.0195079320,
                                        -0.3684147600,  -0.0030197632,   0.9296566200,
                  <!-- axis        -->   0.9877842700,  23.054847e-09,   0.1558277900,
                  <!-- min, max    --> 0, 7622.647
               </part>
               <part>
                  <!-- parent      --> "Root",
                  <!-- child       --> "Traffic15",
                  <!-- position    --> -3758.5745, 1371.1021, -5259.3765,
                  <!-- offset      --> 0, 0, 0,
                  <!-- orientation -->   0.9287553400,  -0.0453383330,   0.3679103000,
                                         0.0410380810,   0.9989671100,   0.0195079320,
                                        -0.3684147600,  -0.0030197632,   0.9296566200,
                  <!-- axis        -->  -0.9877842700, -55.834008e-09,  -0.1558276900,
                  <!-- min, max    --> -7622.6465, 154.08672e-6
               </part>
               <part>
                  <!-- parent      --> "Root",
                  <!-- child       --> "Traffic16",
                  <!-- position    --> -3953.0869, 1371.1021, -5147.3184,
                  <!-- offset      --> 0, 0, 0,
                  <!-- orientation -->   0.9287553400,  -0.0453383330,   0.3679103000,
                                         0.0410380810,   0.9989671100,   0.0195079320,
                                        -0.3684147600,  -0.0030197632,   0.9296566200,
                  <!-- axis        -->  -0.9877842700, -38.648476e-09,  -0.1558276600,
                  <!-- min, max    --> -7622.6484, 110.03053e-6
               </part>
               <part>
                  <!-- parent      --> "Root",
                  <!-- child       --> "Traffic17",
                  <!-- position    --> 2188.343, 1371.1023, -4132.5435,
                  <!-- offset      --> 0, 0, 0,
                  <!-- orientation -->   0.9287554000,  -0.0453384410,   0.3679100600,
                                         0.0410382450,   0.9989671100,   0.0195078090,
                                        -0.3684144900,  -0.0030195995,   0.9296567400,
                  <!-- axis        -->  -0.9848076700, -36.419948e-09,  -0.1736485700,
                  <!-- min, max    --> -1952.7864, 4539.2632
               </part>
               <part>
                  <!-- parent      --> "Root",
                  <!-- child       --> "Traffic18",
                  <!-- position    --> -4165.9604, 177.89127, -5294.8486,
                  <!-- offset      --> 0, 0, 0,
                  <!-- orientation -->  -0.8932919500,   0.0341941980,  -0.4481743000,
                                         0.0439763590,   0.9989671100,  -0.0114349550,
                                         0.4473203700,  -0.0299238280,  -0.8938730400,
                  <!-- axis        -->  -0.9906489800,  -0.1360600000,  -0.0101153720,
                  <!-- min, max    --> -8824.0762, 118.3209e-6
               </part>
            </Pris>
            <Rev type="Rev" count="3">
               <part>
                  <!-- parent      --> "Building01",
                  <!-- child       --> "Dish01",
                  <!-- position    --> -15.175805, 0.77032954, -7.5982084,
                  <!-- offset      --> 0, 0, 0,
                  <!-- orientation -->   0.8660253900,   0.5000000000, -32.649346e-09,
                                        14.530123e-09,  40.131781e-09,   1.0000000000,
                                         0.5000000000,  -0.8660253900,  27.490076e-09,
                  <!-- axis        -->  1.7906281e-09,  -1.0000000000, -99.087359e-09,
                  <!-- min, max    --> -6.2831855, 6.2831855
               </part>
               <part>
                  <!-- parent      --> "Building01",
                  <!-- child       --> "Dish02",
                  <!-- position    --> -15.264094, -12.002359, -7.5195045,
                  <!-- offset      --> 0, 0, 0,
                  <!-- orientation -->   0.8660253300,   0.5000001200, -62.400588e-09,
                                        61.671102e-09,  17.983695e-09,   1.0000000000,
                                         0.5000001200,  -0.8660253300, -15.261225e-09,
                  <!-- axis        -->  -0.0033214840,   0.9999944600,  69.201917e-09,
                  <!-- min, max    --> -6.2831855, 6.2831855
               </part>
               <part>
                  <!-- parent      --> "Building01",
                  <!-- child       --> "Dish03",
                  <!-- position    --> 388.13315, 382.11688, -2857.6731,
                  <!-- offset      --> 0, 0, 0,
                  <!-- orientation -->   0.2113680700,  -0.1627838500,  -0.9637556700,
                                        -0.2457096000,   0.9455185500,  -0.2135918000,
                                         0.9460181600,   0.2819505000,   0.1598548700,
                  <!-- axis        -->  -0.8668630700, -19.286432e-09,  -0.4985462700,
                  <!-- min, max    --> 0, 1.8849499
               </part>
            </Rev>
         </Cons>
      </Cmpnd>
      <Animation>
         <Script>
            <Sc_loop>
               <Joint_map_0 name="Joint map 0">
                  <Parent_name name="Parent name" type="text">Root</Parent_name>
                  <Child_name name="Child name" type="text">Traffic01</Child_name>
                  <Channel>
                     <Header type="Header">
                        <!-- count    --> 301,
                        <!-- interval --> 0.06666667,
                        <!-- flags    --> 0x1
                     </Header>
                     <Frames type="Frames" count="301">
                           40.472823e-06
                           27.7605480000
                           55.5210490000
                           83.2813720000
                          111.0421200000
                          138.8026300000
                          166.5633700000
                          194.3238800000
                          222.0844600000
                          249.8449600000
                          277.6054400000
                          305.3660300000
                          333.1265600000
                          360.8872700000
                          388.6478000000
                          416.4081100000
                          444.1688500000
                          471.9295300000
                          499.6899100000
                          527.4506200000
                          555.2127100000
                          582.9716200000
                          610.7321800000
                          638.4945700000
                          666.2534200000
                          694.0155600000
                          721.7763100000
                          749.5349700000
                          777.2973600000
                          805.0578600000
                          832.8186000000
                          860.5788600000
                          888.3394200000
                          916.1001000000
                          943.8605300000
                          971.6212200000
                          999.3819000000
                         1027.1422000000
                         1054.9031000000
                         1082.6637000000
                         1110.4243000000
                         1138.1846000000
                         1165.9451000000
                         1193.7057000000
                         1221.4662000000
                         1249.2268000000
                         1276.9873000000
                         1304.7480000000
                         1332.5084000000
                         1360.2689000000
                         1388.0298000000
                         1415.7902000000
                         1443.5508000000
                         1471.3115000000
                         1499.0718000000
                         1526.8325000000
                         1554.5931000000
                         1582.3535000000
                         1610.1143000000
                         1637.8746000000
                         1665.6351000000
                         1693.3958000000
                         1721.1564000000
                         1748.9167000000
                         1776.6775000000
                         1804.4381000000
                         1832.1985000000
                         1859.9592000000
                         1887.7197000000
                         1915.4803000000
                         1943.2408000000
                         1971.0016000000
                         1998.7620000000
                         2026.5223000000
                         2054.2832000000
                         2082.0435000000
                         2109.8040000000
                         2137.5647000000
                         2165.3254000000
                         2193.0859000000
                         2220.8464000000
                         2248.6069000000
                         2276.3677000000
                         2304.1299000000
                         2331.8884000000
                         2359.6509000000
                         2387.4099000000
                         2415.1704000000
                         2442.9312000000
                         2470.6934000000
                         2498.4539000000
                         2526.2144000000
                         2553.9749000000
                         2581.7354000000
                         2609.4958000000
                         2637.2566000000
                         2665.0168000000
                         2692.7776000000
                         2720.5381000000
