<?xml version="1.0" encoding="ISO-8859-1"?>
<!-- XML generated by UTFXML Version 2.2 built 19-Aug-2010 -->
<UTFXML filename="li_03_columbia_cityscape.cmp" path="BASES\LIBERTY">
   <UTF_ROOT>
      <VMeshLibrary>
         <data.bases.liberty.li_03_columbia_cityscape.lod0-112.vms include="li_03_columbia_cityscape_cmp\lod0-112.vms.xml"/>
         <data.bases.liberty.li_03_columbia_cityscape.lod0-212.vms include="li_03_columbia_cityscape_cmp\lod0-212.vms.xml"/>
      </VMeshLibrary>
      <Exporter_Version name="Exporter Version" type="text">Nov  5 2002 11:41:55</Exporter_Version>
      <Cmpnd>
         <Root>
            <Object_name name="Object name" type="text">Root</Object_name>
            <File_name name="File name" type="text">Root_Columbia021206172714.3db</File_name>
            <Index type="int">0</Index>
         </Root>
         <Part_Cityscape02>
            <Object_name name="Object name" type="text">Cityscape02</Object_name>
            <File_name name="File name" type="text">Cityscape02021206172714.3db</File_name>
            <Index type="int">1</Index>
         </Part_Cityscape02>
         <Part_Cityscape>
            <Object_name name="Object name" type="text">Cityscape</Object_name>
            <File_name name="File name" type="text">Cityscape021206172714.3db</File_name>
            <Index type="int">2</Index>
         </Part_Cityscape>
         <Part_Building01>
            <Object_name name="Object name" type="text">Building01</Object_name>
            <File_name name="File name" type="text">Building01021206172714.3db</File_name>
            <Index type="int">3</Index>
         </Part_Building01>
         <Part_Building02>
            <Object_name name="Object name" type="text">Building02</Object_name>
            <File_name name="File name" type="text">Building02021206172714.3db</File_name>
            <Index type="int">4</Index>
         </Part_Building02>
         <Part_Building05>
            <Object_name name="Object name" type="text">Building05</Object_name>
            <File_name name="File name" type="text">Building05021206172714.3db</File_name>
            <Index type="int">5</Index>
         </Part_Building05>
         <Part_Dish_animated01>
            <Object_name name="Object name" type="text">Dish_animated01</Object_name>
            <File_name name="File name" type="text">Dish_animated01021206172714.3db</File_name>
            <Index type="int">6</Index>
         </Part_Dish_animated01>
         <Part_Dish_animated02>
            <Object_name name="Object name" type="text">Dish_animated02</Object_name>
            <File_name name="File name" type="text">Dish_animated02021206172714.3db</File_name>
            <Index type="int">7</Index>
         </Part_Dish_animated02>
         <Part_fade_back name="Part_fade back">
            <Object_name name="Object name" type="text">fade back</Object_name>
            <File_name name="File name" type="text">fade back021206172714.3db</File_name>
            <Index type="int">8</Index>
         </Part_fade_back>
         <Part_fade_front name="Part_fade front">
            <Object_name name="Object name" type="text">fade front</Object_name>
            <File_name name="File name" type="text">fade front021206172714.3db</File_name>
            <Index type="int">9</Index>
         </Part_fade_front>
         <Part_fade_mid name="Part_fade mid">
            <Object_name name="Object name" type="text">fade mid</Object_name>
            <File_name name="File name" type="text">fade mid021206172714.3db</File_name>
            <Index type="int">10</Index>
         </Part_fade_mid>
         <Part_Object02>
            <Object_name name="Object name" type="text">Object02</Object_name>
            <File_name name="File name" type="text">Object02021206172714.3db</File_name>
            <Index type="int">11</Index>
         </Part_Object02>
         <Part_building03>
            <Object_name name="Object name" type="text">building03</Object_name>
            <File_name name="File name" type="text">building03021206172714.3db</File_name>
            <Index type="int">12</Index>
         </Part_building03>
         <Part_Object04>
            <Object_name name="Object name" type="text">Object04</Object_name>
            <File_name name="File name" type="text">Object04021206172714.3db</File_name>
            <Index type="int">13</Index>
         </Part_Object04>
         <Part_Traffic01>
            <Object_name name="Object name" type="text">Traffic01</Object_name>
            <File_name name="File name" type="text">Traffic01021206172714.3db</File_name>
            <Index type="int">14</Index>
         </Part_Traffic01>
         <Part_Traffic02>
            <Object_name name="Object name" type="text">Traffic02</Object_name>
            <File_name name="File name" type="text">Traffic02021206172714.3db</File_name>
            <Index type="int">15</Index>
         </Part_Traffic02>
         <Part_Traffic03>
            <Object_name name="Object name" type="text">Traffic03</Object_name>
            <File_name name="File name" type="text">Traffic03021206172714.3db</File_name>
            <Index type="int">16</Index>
         </Part_Traffic03>
         <Part_Traffic04>
            <Object_name name="Object name" type="text">Traffic04</Object_name>
            <File_name name="File name" type="text">Traffic04021206172714.3db</File_name>
            <Index type="int">17</Index>
         </Part_Traffic04>
         <Part_Traffic05>
            <Object_name name="Object name" type="text">Traffic05</Object_name>
            <File_name name="File name" type="text">Traffic05021206172714.3db</File_name>
            <Index type="int">18</Index>
         </Part_Traffic05>
         <Part_Traffic06>
            <Object_name name="Object name" type="text">Traffic06</Object_name>
            <File_name name="File name" type="text">Traffic06021206172714.3db</File_name>
            <Index type="int">19</Index>
         </Part_Traffic06>
         <Part_Traffic07>
            <Object_name name="Object name" type="text">Traffic07</Object_name>
            <File_name name="File name" type="text">Traffic07021206172714.3db</File_name>
            <Index type="int">20</Index>
         </Part_Traffic07>
         <Part_Traffic08>
            <Object_name name="Object name" type="text">Traffic08</Object_name>
            <File_name name="File name" type="text">Traffic08021206172714.3db</File_name>
            <Index type="int">21</Index>
         </Part_Traffic08>
         <Part_Traffic09>
            <Object_name name="Object name" type="text">Traffic09</Object_name>
            <File_name name="File name" type="text">Traffic09021206172714.3db</File_name>
            <Index type="int">22</Index>
         </Part_Traffic09>
         <Part_Traffic10>
            <Object_name name="Object name" type="text">Traffic10</Object_name>
            <File_name name="File name" type="text">Traffic10021206172714.3db</File_name>
            <Index type="int">23</Index>
         </Part_Traffic10>
         <Part_Traffic11>
            <Object_name name="Object name" type="text">Traffic11</Object_name>
            <File_name name="File name" type="text">Traffic11021206172714.3db</File_name>
            <Index type="int">24</Index>
         </Part_Traffic11>
         <Part_Traffic12>
            <Object_name name="Object name" type="text">Traffic12</Object_name>
            <File_name name="File name" type="text">Traffic12021206172714.3db</File_name>
            <Index type="int">25</Index>
         </Part_Traffic12>
         <Part_Traffic13>
            <Object_name name="Object name" type="text">Traffic13</Object_name>
            <File_name name="File name" type="text">Traffic13021206172714.3db</File_name>
            <Index type="int">26</Index>
         </Part_Traffic13>
         <Part_Traffic14>
            <Object_name name="Object name" type="text">Traffic14</Object_name>
            <File_name name="File name" type="text">Traffic14021206172714.3db</File_name>
            <Index type="int">27</Index>
         </Part_Traffic14>
         <Part_Traffic15>
            <Object_name name="Object name" type="text">Traffic15</Object_name>
            <File_name name="File name" type="text">Traffic15021206172714.3db</File_name>
            <Index type="int">28</Index>
         </Part_Traffic15>
         <Part_Traffic16>
            <Object_name name="Object name" type="text">Traffic16</Object_name>
            <File_name name="File name" type="text">Traffic16021206172714.3db</File_name>
            <Index type="int">29</Index>
         </Part_Traffic16>
         <Part_Traffic17>
            <Object_name name="Object name" type="text">Traffic17</Object_name>
            <File_name name="File name" type="text">Traffic17021206172714.3db</File_name>
            <Index type="int">30</Index>
         </Part_Traffic17>
         <Part_Traffic18>
            <Object_name name="Object name" type="text">Traffic18</Object_name>
            <File_name name="File name" type="text">Traffic18021206172714.3db</File_name>
            <Index type="int">31</Index>
         </Part_Traffic18>
         <Part_moluons_right>
            <Object_name name="Object name" type="text">moluons_right</Object_name>
            <File_name name="File name" type="text">moluons_right021206172714.3db</File_name>
            <Index type="int">32</Index>
         </Part_moluons_right>
         <Part_moluon_left>
            <Object_name name="Object name" type="text">moluon_left</Object_name>
            <File_name name="File name" type="text">moluon_left021206172714.3db</File_name>
            <Index type="int">33</Index>
         </Part_moluon_left>
         <Part_LightMount01>
            <Object_name name="Object name" type="text">LightMount01</Object_name>
            <File_name name="File name" type="text">LightMount01021206172714.3db</File_name>
            <Index type="int">34</Index>
         </Part_LightMount01>
         <Part_LightMount02>
            <Object_name name="Object name" type="text">LightMount02</Object_name>
            <File_name name="File name" type="text">LightMount02021206172714.3db</File_name>
            <Index type="int">35</Index>
         </Part_LightMount02>
         <Part_LightMount03>
            <Object_name name="Object name" type="text">LightMount03</Object_name>
            <File_name name="File name" type="text">LightMount03021206172714.3db</File_name>
            <Index type="int">36</Index>
         </Part_LightMount03>
         <Part_LightMount04>
            <Object_name name="Object name" type="text">LightMount04</Object_name>
            <File_name name="File name" type="text">LightMount04021206172714.3db</File_name>
            <Index type="int">37</Index>
         </Part_LightMount04>
         <Part_LightMount05>
            <Object_name name="Object name" type="text">LightMount05</Object_name>
            <File_name name="File name" type="text">LightMount05021206172714.3db</File_name>
            <Index type="int">38</Index>
         </Part_LightMount05>
         <Part_LightMount06>
            <Object_name name="Object name" type="text">LightMount06</Object_name>
            <File_name name="File name" type="text">LightMount06021206172714.3db</File_name>
            <Index type="int">39</Index>
         </Part_LightMount06>
         <Part_LightMount07>
            <Object_name name="Object name" type="text">LightMount07</Object_name>
            <File_name name="File name" type="text">LightMount07021206172714.3db</File_name>
            <Index type="int">40</Index>
         </Part_LightMount07>
         <Part_LightMount08>
            <Object_name name="Object name" type="text">LightMount08</Object_name>
            <File_name name="File name" type="text">LightMount08021206172714.3db</File_name>
            <Index type="int">41</Index>
         </Part_LightMount08>
         <Part_LightMount09>
            <Object_name name="Object name" type="text">LightMount09</Object_name>
            <File_name name="File name" type="text">LightMount09021206172714.3db</File_name>
            <Index type="int">42</Index>
         </Part_LightMount09>
         <Part_LightMount10>
            <Object_name name="Object name" type="text">LightMount10</Object_name>
            <File_name name="File name" type="text">LightMount10021206172714.3db</File_name>
            <Index type="int">43</Index>
         </Part_LightMount10>
         <Part_LightMount11>
            <Object_name name="Object name" type="text">LightMount11</Object_name>
            <File_name name="File name" type="text">LightMount11021206172714.3db</File_name>
            <Index type="int">44</Index>
         </Part_LightMount11>
         <Part_LightMount12>
            <Object_name name="Object name" type="text">LightMount12</Object_name>
            <File_name name="File name" type="text">LightMount12021206172714.3db</File_name>
            <Index type="int">45</Index>
         </Part_LightMount12>
         <Part_LightMount13>
            <Object_name name="Object name" type="text">LightMount13</Object_name>
            <File_name name="File name" type="text">LightMount13021206172714.3db</File_name>
            <Index type="int">46</Index>
         </Part_LightMount13>
         <Part_LightMount14>
            <Object_name name="Object name" type="text">LightMount14</Object_name>
            <File_name name="File name" type="text">LightMount14021206172714.3db</File_name>
            <Index type="int">47</Index>
         </Part_LightMount14>
         <Part_LightMount15>
            <Object_name name="Object name" type="text">LightMount15</Object_name>
            <File_name name="File name" type="text">LightMount15021206172714.3db</File_name>
            <Index type="int">48</Index>
         </Part_LightMount15>
         <Part_LightMount16>
            <Object_name name="Object name" type="text">LightMount16</Object_name>
            <File_name name="File name" type="text">LightMount16021206172714.3db</File_name>
            <Index type="int">49</Index>
         </Part_LightMount16>
         <Part_LightMount17>
            <Object_name name="Object name" type="text">LightMount17</Object_name>
            <File_name name="File name" type="text">LightMount17021206172714.3db</File_name>
            <Index type="int">50</Index>
         </Part_LightMount17>
         <Part_LightMount18>
            <Object_name name="Object name" type="text">LightMount18</Object_name>
            <File_name name="File name" type="text">LightMount18021206172714.3db</File_name>
            <Index type="int">51</Index>
         </Part_LightMount18>
         <Part_LightMount19>
            <Object_name name="Object name" type="text">LightMount19</Object_name>
            <File_name name="File name" type="text">LightMount19021206172714.3db</File_name>
            <Index type="int">52</Index>
         </Part_LightMount19>
         <Part_LightMount20>
            <Object_name name="Object name" type="text">LightMount20</Object_name>
            <File_name name="File name" type="text">LightMount20021206172714.3db</File_name>
            <Index type="int">53</Index>
         </Part_LightMount20>
         <Part_LightMount21>
            <Object_name name="Object name" type="text">LightMount21</Object_name>
            <File_name name="File name" type="text">LightMount21021206172714.3db</File_name>
            <Index type="int">54</Index>
         </Part_LightMount21>
         <Part_LightMount22>
            <Object_name name="Object name" type="text">LightMount22</Object_name>
            <File_name name="File name" type="text">LightMount22021206172714.3db</File_name>
            <Index type="int">55</Index>
         </Part_LightMount22>
         <Part_LightMount23>
            <Object_name name="Object name" type="text">LightMount23</Object_name>
            <File_name name="File name" type="text">LightMount23021206172714.3db</File_name>
            <Index type="int">56</Index>
         </Part_LightMount23>
         <Part_LightMount24>
            <Object_name name="Object name" type="text">LightMount24</Object_name>
            <File_name name="File name" type="text">LightMount24021206172714.3db</File_name>
            <Index type="int">57</Index>
         </Part_LightMount24>
         <Cons>
            <Fix type="Fix" count="37">
               <part>
                  <!-- parent      --> "Root",
                  <!-- child       --> "Cityscape02",
                  <!-- position    --> 1048.5294, 299.97168, -5081.4619,
                  <!-- orientation -->   1.0000000000,  1.6580903e-15,  1.8946234e-15,
                                       -1.6580904e-15,   1.0000000000,  59.604645e-09,
                                       -1.8946234e-15, -59.604645e-09,   1.0000000000
               </part>
               <part>
                  <!-- parent      --> "Root",
                  <!-- child       --> "Cityscape",
                  <!-- position    --> 1048.5294, 299.97168, -5081.4619,
                  <!-- orientation -->   1.0000000000,  1.6580903e-15,  1.8946234e-15,
                                       -1.6580904e-15,   1.0000000000,  59.604645e-09,
                                       -1.8946234e-15, -59.604645e-09,   1.0000000000
               </part>
               <part>
                  <!-- parent      --> "Root",
                  <!-- child       --> "Building01",
                  <!-- position    --> -93.795021, 116.6021, -35.152618,
                  <!-- orientation -->   0.9999619100,  574.72760e-12,  -0.0087263556,
                                       -782.42446e-12,   1.0000000000, -23.797684e-09,
                                         0.0087263556,  23.803604e-09,   0.9999619100
               </part>
               <part>
                  <!-- parent      --> "Root",
                  <!-- child       --> "Building02",
                  <!-- position    --> 24.544825, 101.30859, -61.348171,
                  <!-- orientation -->   0.8870108100, -36.555356e-09,   0.4617486600,
                                        28.485182e-09,   1.0000000000,  24.447697e-09,
                                        -0.4617486600, -8.5323775e-09,   0.8870108100
               </part>
               <part>
                  <!-- parent      --> "Root",
                  <!-- child       --> "Building05",
                  <!-- position    --> -71.517662, 121.93867, -362.16312,
                  <!-- orientation -->   1.0000000000,  1.6580903e-15,  1.8946234e-15,
                                       -1.6580904e-15,   1.0000000000,  59.604645e-09,
                                       -1.8946234e-15, -59.604645e-09,   1.0000000000
               </part>
               <part>
                  <!-- parent      --> "Root",
                  <!-- child       --> "fade back",
                  <!-- position    --> 784.33997, -574.47778, -5071.2256,
                  <!-- orientation -->   1.0000000000,  43.711399e-09, -43.711399e-09,
                                        43.711392e-09,  178.81395e-09,   1.0000000000,
                                        43.711406e-09,  -1.0000000000,  178.81395e-09
               </part>
               <part>
                  <!-- parent      --> "Root",
                  <!-- child       --> "fade front",
                  <!-- position    --> 278.91797, -309.45508, -1712.5802,
                  <!-- orientation -->   1.0000000000,  43.711399e-09, -43.711399e-09,
                                        43.711392e-09,  178.81395e-09,   1.0000000000,
                                        43.711406e-09,  -1.0000000000,  178.81395e-09
               </part>
               <part>
                  <!-- parent      --> "Root",
                  <!-- child       --> "fade mid",
                  <!-- position    --> 16.785212, -694.94397, -2750.2271,
                  <!-- orientation -->   1.0000000000,  43.711399e-09, -43.711399e-09,
                                        43.711392e-09,  178.81395e-09,   1.0000000000,
                                        43.711406e-09,  -1.0000000000,  178.81395e-09
               </part>
               <part>
                  <!-- parent      --> "Root",
                  <!-- child       --> "Object02",
                  <!-- position    --> -108.45322, 10.275924, -22.584389,
                  <!-- orientation -->   1.0000000000,  56.198040e-09, -56.463659e-09,
                                        56.463648e-09,  178.81395e-09,   1.0000000000,
                                        56.198051e-09,  -1.0000000000,  178.81395e-09
               </part>
               <part>
                  <!-- parent      --> "Root",
                  <!-- child       --> "building03",
                  <!-- position    --> 106.30071, -98.292473, -474.74088,
                  <!-- orientation -->   0.9832549100,   0.1822354800, -44.522917e-09,
                                        43.959890e-09,  7.1288979e-09,   1.0000000000,
                                         0.1822354800,  -0.9832549100, -1.0015277e-09
               </part>
               <part>
                  <!-- parent      --> "Root",
                  <!-- child       --> "Object04",
                  <!-- position    --> -93.795021, 116.6021, -35.152618,
                  <!-- orientation -->   0.9999619100, -57.857039e-12,  -0.0087264674,
                                       -674.23206e-12,   1.0000000000, -83.890008e-09,
                                         0.0087264674,  83.892694e-09,   0.9999619100
               </part>
               <part>
                  <!-- parent      --> "Root",
                  <!-- child       --> "moluons_right",
                  <!-- position    --> -71.601646, 120.67194, -362.16312,
                  <!-- orientation -->   1.0000000000,  4.2634929e-15,  2.8419345e-15,
                                       -4.2634933e-15,   1.0000000000,  119.20930e-09,
                                       -2.8419340e-15, -119.20930e-09,   1.0000000000
               </part>
               <part>
                  <!-- parent      --> "Root",
                  <!-- child       --> "moluon_left",
                  <!-- position    --> -71.601646, 120.67194, -362.16312,
                  <!-- orientation -->   1.0000000000,  4.2634929e-15,  2.8419345e-15,
                                       -4.2634933e-15,   1.0000000000,  119.20930e-09,
                                       -2.8419340e-15, -119.20930e-09,   1.0000000000
               </part>
               <part>
                  <!-- parent      --> "Root",
                  <!-- child       --> "LightMount01",
                  <!-- position    --> 8.4061613, -57.661171, -101.16434,
                  <!-- orientation -->   0.5807028400,  -0.8141156400,  63.088244e-09,
                                        -0.8141156400,  -0.5807028400,  87.890243e-09,
                                       -34.917299e-09, -102.39923e-09,  -1.0000000000
               </part>
               <part>
                  <!-- parent      --> "Root",
                  <!-- child       --> "LightMount02",
                  <!-- position    --> 0.14053535, -57.661232, -90.338173,
                  <!-- orientation -->   0.5807028400,  -0.8141156400,  63.088244e-09,
                                        -0.8141156400,  -0.5807028400,  87.890243e-09,
                                       -34.917299e-09, -102.39923e-09,  -1.0000000000
               </part>
               <part>
                  <!-- parent      --> "Root",
                  <!-- child       --> "LightMount03",
                  <!-- position    --> -8.1114178, -57.661049, -101.10587,
                  <!-- orientation -->   0.5807028400,  -0.8141156400,  63.088244e-09,
                                        -0.8141156400,  -0.5807028400,  87.890243e-09,
                                       -34.917299e-09, -102.39923e-09,  -1.0000000000
               </part>
               <part>
                  <!-- parent      --> "Root",
                  <!-- child       --> "LightMount04",
                  <!-- position    --> 0.31436446, -57.660988, -112.70072,
                  <!-- orientation -->   0.5807028400,  -0.8141156400,  63.088244e-09,
                                        -0.8141156400,  -0.5807028400,  87.890243e-09,
                                       -34.917299e-09, -102.39923e-09,  -1.0000000000
               </part>
               <part>
                  <!-- parent      --> "Root",
                  <!-- child       --> "LightMount05",
                  <!-- position    --> 23.892488, -57.660816, -111.40714,
                  <!-- orientation -->   0.5807028400,  -0.8141156400,  63.088244e-09,
                                        -0.8141156400,  -0.5807028400,  87.890243e-09,
                                       -34.917299e-09, -102.39923e-09,  -1.0000000000
               </part>
               <part>
                  <!-- parent      --> "Root",
                  <!-- child       --> "LightMount06",
                  <!-- position    --> 31.986238, -57.660728, -99.870766,
                  <!-- orientation -->   0.5807028400,  -0.8141156400,  63.088244e-09,
                                        -0.8141156400,  -0.5807028400,  87.890243e-09,
                                       -34.917299e-09, -102.39923e-09,  -1.0000000000
               </part>
               <part>
                  <!-- parent      --> "Root",
                  <!-- child       --> "LightMount07",
                  <!-- position    --> 23.720613, -57.661049, -89.044594,
                  <!-- orientation -->   0.5807028400,  -0.8141156400,  63.088244e-09,
                                        -0.8141156400,  -0.5807028400,  87.890243e-09,
                                       -34.917299e-09, -102.39923e-09,  -1.0000000000
               </part>
               <part>
                  <!-- parent      --> "Root",
                  <!-- child       --> "LightMount08",
                  <!-- position    --> 15.470613, -57.660927, -99.812294,
                  <!-- orientation -->   0.5807028400,  -0.8141156400,  63.088244e-09,
                                        -0.8141156400,  -0.5807028400,  87.890243e-09,
                                       -34.917299e-09, -102.39923e-09,  -1.0000000000
               </part>
               <part>
                  <!-- parent      --> "Root",
                  <!-- child       --> "LightMount09",
                  <!-- position    --> 23.990145, -57.660988, -73.105141,
                  <!-- orientation -->   0.5807028400,  -0.8141156400,  63.088244e-09,
                                        -0.8141156400,  -0.5807028400,  87.890243e-09,
                                       -34.917299e-09, -102.39923e-09,  -1.0000000000
               </part>
               <part>
                  <!-- parent      --> "Root",
                  <!-- child       --> "LightMount10",
                  <!-- position    --> 32.08194, -57.660851, -61.568764,
                  <!-- orientation -->   0.5807028400,  -0.8141156400,  63.088244e-09,
                                        -0.8141156400,  -0.5807028400,  87.890243e-09,
                                       -34.917299e-09, -102.39923e-09,  -1.0000000000
               </part>
               <part>
                  <!-- parent      --> "Root",
                  <!-- child       --> "LightMount11",
                  <!-- position    --> 23.818268, -57.660896, -50.742592,
                  <!-- orientation -->   0.5807028400,  -0.8141156400,  63.088244e-09,
                                        -0.8141156400,  -0.5807028400,  87.890243e-09,
                                       -34.917299e-09, -102.39923e-09,  -1.0000000000
               </part>
               <part>
                  <!-- parent      --> "Root",
                  <!-- child       --> "LightMount12",
                  <!-- position    --> 15.564363, -57.660728, -61.510292,
                  <!-- orientation -->   0.5807028400,  -0.8141156400,  63.088244e-09,
                                        -0.8141156400,  -0.5807028400,  87.890243e-09,
                                       -34.917299e-09, -102.39923e-09,  -1.0000000000
               </part>
               <part>
                  <!-- parent      --> "Root",
                  <!-- child       --> "LightMount13",
                  <!-- position    --> 0.19522211, -57.660957, -73.052162,
                  <!-- orientation -->   0.5807028400,  -0.8141156400,  63.088244e-09,
                                        -0.8141156400,  -0.5807028400,  87.890243e-09,
                                       -34.917299e-09, -102.39923e-09,  -1.0000000000
               </part>
               <part>
                  <!-- parent      --> "Root",
                  <!-- child       --> "LightMount14",
                  <!-- position    --> 8.2870188, -57.661125, -61.515785,
                  <!-- orientation -->   0.5807028400,  -0.8141156400,  63.088244e-09,
                                        -0.8141156400,  -0.5807028400,  87.890243e-09,
                                       -34.917299e-09, -102.39923e-09,  -1.0000000000
               </part>
               <part>
                  <!-- parent      --> "Root",
                  <!-- child       --> "LightMount15",
                  <!-- position    --> 0.025299253, -57.660717, -50.689613,
                  <!-- orientation -->   0.5807028400,  -0.8141156400,  63.088244e-09,
                                        -0.8141156400,  -0.5807028400,  87.890243e-09,
                                       -34.917299e-09, -102.39923e-09,  -1.0000000000
               </part>
               <part>
                  <!-- parent      --> "Root",
                  <!-- child       --> "LightMount16",
                  <!-- position    --> -8.2286062, -57.661007, -61.457314,
                  <!-- orientation -->   0.5807028400,  -0.8141156400,  63.088244e-09,
                                        -0.8141156400,  -0.5807028400,  87.890243e-09,
                                       -34.917299e-09, -102.39923e-09,  -1.0000000000
               </part>
               <part>
                  <!-- parent      --> "Root",
                  <!-- child       --> "LightMount17",
                  <!-- position    --> 0.31826735, -57.660702, -35.627602,
                  <!-- orientation -->   0.5807028400,  -0.8141156400,  63.088244e-09,
                                        -0.8141156400,  -0.5807028400,  87.890243e-09,
                                       -34.917299e-09, -102.39923e-09,  -1.0000000000
               </part>
               <part>
                  <!-- parent      --> "Root",
                  <!-- child       --> "LightMount18",
                  <!-- position    --> 8.4100637, -57.660885, -24.091225,
                  <!-- orientation -->   0.5807028400,  -0.8141156400,  63.088244e-09,
                                        -0.8141156400,  -0.5807028400,  87.890243e-09,
                                       -34.917299e-09, -102.39923e-09,  -1.0000000000
               </part>
               <part>
                  <!-- parent      --> "Root",
                  <!-- child       --> "LightMount19",
                  <!-- position    --> 0.14639136, -57.660931, -13.265053,
                  <!-- orientation -->   0.5807028400,  -0.8141156400,  63.088244e-09,
                                        -0.8141156400,  -0.5807028400,  87.890243e-09,
                                       -34.917299e-09, -102.39923e-09,  -1.0000000000
               </part>
               <part>
                  <!-- parent      --> "Root",
                  <!-- child       --> "LightMount20",
                  <!-- position    --> -8.1075144, -57.660763, -24.032753,
                  <!-- orientation -->   0.5807028400,  -0.8141156400,  63.088244e-09,
                                        -0.8141156400,  -0.5807028400,  87.890243e-09,
                                       -34.917299e-09, -102.39923e-09,  -1.0000000000
               </part>
               <part>
                  <!-- parent      --> "Root",
                  <!-- child       --> "LightMount21",
                  <!-- position    --> 23.904205, -57.660793, -35.66642,
                  <!-- orientation -->   0.5807028400,  -0.8141156400,  63.088244e-09,
                                        -0.8141156400,  -0.5807028400,  87.890243e-09,
                                       -34.917299e-09, -102.39923e-09,  -1.0000000000
               </part>
               <part>
                  <!-- parent      --> "Root",
                  <!-- child       --> "LightMount22",
                  <!-- position    --> 31.996, -57.660961, -24.130041,
                  <!-- orientation -->   0.5807028400,  -0.8141156400,  63.088244e-09,
                                        -0.8141156400,  -0.5807028400,  87.890243e-09,
                                       -34.917299e-09, -102.39923e-09,  -1.0000000000
               </part>
               <part>
                  <!-- parent      --> "Root",
                  <!-- child       --> "LightMount23",
                  <!-- position    --> 23.730375, -57.661022, -13.30387,
                  <!-- orientation -->   0.5807028400,  -0.8141156400,  63.088244e-09,
                                        -0.8141156400,  -0.5807028400,  87.890243e-09,
                                       -34.917299e-09, -102.39923e-09,  -1.0000000000
               </part>
               <part>
                  <!-- parent      --> "Root",
                  <!-- child       --> "LightMount24",
                  <!-- position    --> 15.478423, -57.660839, -24.071571,
                  <!-- orientation -->   0.5807028400,  -0.8141156400,  63.088244e-09,
                                        -0.8141156400,  -0.5807028400,  87.890243e-09,
                                       -34.917299e-09, -102.39923e-09,  -1.0000000000
               </part>
            </Fix>
            <Pris type="Rev" count="18">
               <part>
                  <!-- parent      --> "Root",
                  <!-- child       --> "Traffic01",
                  <!-- position    --> -2602.6113, 62.746086, -3031.0532,
                  <!-- offset      --> 0, 0, 0,
                  <!-- orientation -->   0.8460650400,  -0.0451294560,   0.5311659000,
                                         0.0410381260,   0.9989671100,   0.0195078780,
                                        -0.5314976600,   0.0052931197,   0.8470432200,
                  <!-- axis        -->   1.0000000000,  1.4013068e-09,  202.63861e-06,
                  <!-- min, max    --> 0, 4451.5039
               </part>
               <part>
                  <!-- parent      --> "Root",
                  <!-- child       --> "Traffic02",
                  <!-- position    --> -2204.082, 33.706135, -2685.3384,
                  <!-- offset      --> 0, 0, 0,
                  <!-- orientation -->   0.8460650400,  -0.0451294560,   0.5311659000,
                                         0.0410381260,   0.9989671100,   0.0195078780,
                                        -0.5314976600,   0.0052931197,   0.8470432200,
                  <!-- axis        -->   1.0000000000, -3.0300558e-09,  202.85514e-06,
                  <!-- min, max    --> 0, 4451.5078
               </part>
               <part>
                  <!-- parent      --> "Root",
                  <!-- child       --> "Traffic03",
                  <!-- position    --> -1772.2754, 125.39341, -2617.3386,
                  <!-- offset      --> 0, 0, 0,
                  <!-- orientation -->   0.8460650400,  -0.0451294560,   0.5311659000,
                                         0.0410381260,   0.9989671100,   0.0195078780,
                                        -0.5314976600,   0.0052931197,   0.8470432200,
                  <!-- axis        -->   1.0000000000, -4.5572635e-09,  202.85505e-06,
                  <!-- min, max    --> 0, 4451.5083
               </part>
               <part>
                  <!-- parent      --> "Root",
                  <!-- child       --> "Traffic04",
                  <!-- position    --> 1450.3866, 134.00609, -896.3996,
                  <!-- offset      --> 0, 0, 0,
                  <!-- orientation -->   0.8460649300,  -0.0451294070,   0.5311660800,
                                         0.0410381110,   0.9989671100,   0.0195077990,
                                        -0.5314978400,   0.0052931882,   0.8470431000,
                  <!-- axis        -->  -0.9937008000,  -0.1120646000,  535.18248e-06,
                  <!-- min, max    --> 0, 2723.2893
               </part>
               <part>
                  <!-- parent      --> "Root",
                  <!-- child       --> "Traffic05",
                  <!-- position    --> 1566.1229, 134.00609, -768.31036,
                  <!-- offset      --> 0, 0, 0,
                  <!-- orientation -->   0.8460649300,  -0.0451294070,   0.5311660800,
                                         0.0410381110,   0.9989671100,   0.0195077990,
                                        -0.5314978400,   0.0052931882,   0.8470431000,
                  <!-- axis        -->   0.9937007400,   0.1120647100, -535.67783e-06,
                  <!-- min, max    --> -2723.2874, 22.313321e-6
               </part>
               <part>
                  <!-- parent      --> "Root",
                  <!-- child       --> "Traffic06",
                  <!-- position    --> 1705.994, 134.00584, -831.54828,
                  <!-- offset      --> 0, 0, 0,
                  <!-- orientation -->   0.8460649300,  -0.0451294070,   0.5311660800,
                                         0.0410381110,   0.9989671100,   0.0195077990,
                                        -0.5314978400,   0.0052931882,   0.8470431000,
                  <!-- axis        -->   0.9937008000,   0.1120645900, -535.04843e-06,
                  <!-- min, max    --> -2723.2893, 40.985491e-6
               </part>
               <part>
                  <!-- parent      --> "Root",
                  <!-- child       --> "Traffic07",
                  <!-- position    --> 2635.1016, 104.52949, -2476.6675,
                  <!-- offset      --> 0, 0, 0,
                  <!-- orientation -->   0.8248150300,  -0.0480241700,   0.5633593800,
                                         0.0433679450,   0.9988245400,   0.0216508060,
                                        -0.5637369200,   0.0065738284,   0.8259282100,
                  <!-- axis        -->   0.9999684700,   0.0077397120,  -0.0017825450,
                  <!-- min, max    --> -4802.6206, 32.311982e-6
               </part>
               <part>
                  <!-- parent      --> "Root",
                  <!-- child       --> "Traffic08",
                  <!-- position    --> 3381.3789, 102.23547, -1756.8176,
                  <!-- offset      --> 0, 0, 0,
                  <!-- orientation -->   0.8339541600,  -0.0524041430,   0.5493398300,
                                         0.0447930320,   0.9986242100,   0.0272631030,
                                        -0.5500127700,   0.0018704185,   0.8351541800,
                  <!-- axis        -->   0.9998723900,  -0.0158750510,  -0.0017826660,
                  <!-- min, max    --> -4803.0757, 88.488669e-6
               </part>
               <part>
                  <!-- parent      --> "Root",
                  <!-- child       --> "Traffic09",
                  <!-- position    --> 3716.3242, 58.533321, -1532.75,
                  <!-- offset      --> 0, 0, 0,
                  <!-- orientation -->   0.8327000000,  -0.0906220380,   0.5462584500,
                                         0.0667695110,   0.9957515000,   0.0634096640,
