<?xml version="1.0" encoding="ISO-8859-1"?>
<!-- XML generated by UTFXML Version 2.2 built 19-Aug-2010 -->
<UTFXML filename="li_cal_minor_planetscape.cmp" path="BASES\LIBERTY">
   <UTF_ROOT>
      <VMeshLibrary>
         <data.bases.liberty.li_cal_minor_planetscape.lod0-112.vms include="li_cal_minor_planetscape_cmp\lod0-112.vms.xml"/>
         <data.bases.liberty.li_cal_minor_planetscape.lod0-212.vms include="li_cal_minor_planetscape_cmp\lod0-212.vms.xml"/>
      </VMeshLibrary>
      <Exporter_Version name="Exporter Version" type="text">Nov  5 2002 11:41:55</Exporter_Version>
      <Cmpnd>
         <Root>
            <Object_name name="Object name" type="text">Root</Object_name>
            <File_name name="File name" type="text">calif_minor_terrain021121190144.3db</File_name>
            <Index type="int">0</Index>
         </Root>
         <Part_entrance>
            <Object_name name="Object name" type="text">entrance</Object_name>
            <File_name name="File name" type="text">entrance021121190144.3db</File_name>
            <Index type="int">1</Index>
         </Part_entrance>
         <Part_pad>
            <Object_name name="Object name" type="text">pad</Object_name>
            <File_name name="File name" type="text">pad021121190144.3db</File_name>
            <Index type="int">2</Index>
         </Part_pad>
         <Part_pylon01>
            <Object_name name="Object name" type="text">pylon01</Object_name>
            <File_name name="File name" type="text">pylon01021121190144.3db</File_name>
            <Index type="int">3</Index>
         </Part_pylon01>
         <Part_pylon02>
            <Object_name name="Object name" type="text">pylon02</Object_name>
            <File_name name="File name" type="text">pylon02021121190144.3db</File_name>
            <Index type="int">4</Index>
         </Part_pylon02>
         <Part_pylon06>
            <Object_name name="Object name" type="text">pylon06</Object_name>
            <File_name name="File name" type="text">pylon06021121190144.3db</File_name>
            <Index type="int">5</Index>
         </Part_pylon06>
         <Part_BigTank02>
            <Object_name name="Object name" type="text">BigTank02</Object_name>
            <File_name name="File name" type="text">BigTank02021121190144.3db</File_name>
            <Index type="int">6</Index>
         </Part_BigTank02>
         <Part_BigTank03>
            <Object_name name="Object name" type="text">BigTank03</Object_name>
            <File_name name="File name" type="text">BigTank03021121190144.3db</File_name>
            <Index type="int">7</Index>
         </Part_BigTank03>
         <Part_BigTank04>
            <Object_name name="Object name" type="text">BigTank04</Object_name>
            <File_name name="File name" type="text">BigTank04021121190144.3db</File_name>
            <Index type="int">8</Index>
         </Part_BigTank04>
         <Part_tanks02>
            <Object_name name="Object name" type="text">tanks02</Object_name>
            <File_name name="File name" type="text">tanks02021121190144.3db</File_name>
            <Index type="int">9</Index>
         </Part_tanks02>
         <Part_pylon03>
            <Object_name name="Object name" type="text">pylon03</Object_name>
            <File_name name="File name" type="text">pylon03021121190144.3db</File_name>
            <Index type="int">10</Index>
         </Part_pylon03>
         <Part_pylon08>
            <Object_name name="Object name" type="text">pylon08</Object_name>
            <File_name name="File name" type="text">pylon08021121190144.3db</File_name>
            <Index type="int">11</Index>
         </Part_pylon08>
         <Part_pylon09>
            <Object_name name="Object name" type="text">pylon09</Object_name>
            <File_name name="File name" type="text">pylon09021121190144.3db</File_name>
            <Index type="int">12</Index>
         </Part_pylon09>
         <Part_pylon10>
            <Object_name name="Object name" type="text">pylon10</Object_name>
            <File_name name="File name" type="text">pylon10021121190144.3db</File_name>
            <Index type="int">13</Index>
         </Part_pylon10>
         <Part_pylon11>
            <Object_name name="Object name" type="text">pylon11</Object_name>
            <File_name name="File name" type="text">pylon11021121190144.3db</File_name>
            <Index type="int">14</Index>
         </Part_pylon11>
         <Part_pylon12>
            <Object_name name="Object name" type="text">pylon12</Object_name>
            <File_name name="File name" type="text">pylon12021121190144.3db</File_name>
            <Index type="int">15</Index>
         </Part_pylon12>
         <Part_pylon13>
            <Object_name name="Object name" type="text">pylon13</Object_name>
            <File_name name="File name" type="text">pylon13021121190144.3db</File_name>
            <Index type="int">16</Index>
         </Part_pylon13>
         <Part_tanks03>
            <Object_name name="Object name" type="text">tanks03</Object_name>
            <File_name name="File name" type="text">tanks03021121190144.3db</File_name>
            <Index type="int">17</Index>
         </Part_tanks03>
         <Part_antenae19>
            <Object_name name="Object name" type="text">antenae19</Object_name>
            <File_name name="File name" type="text">antenae19021121190144.3db</File_name>
            <Index type="int">18</Index>
         </Part_antenae19>
         <Part_garage01>
            <Object_name name="Object name" type="text">garage01</Object_name>
            <File_name name="File name" type="text">garage01021121190144.3db</File_name>
            <Index type="int">19</Index>
         </Part_garage01>
         <Part_pad01>
            <Object_name name="Object name" type="text">pad01</Object_name>
            <File_name name="File name" type="text">pad01021121190144.3db</File_name>
            <Index type="int">20</Index>
         </Part_pad01>
         <Part_pylon04>
            <Object_name name="Object name" type="text">pylon04</Object_name>
            <File_name name="File name" type="text">pylon04021121190144.3db</File_name>
            <Index type="int">21</Index>
         </Part_pylon04>
         <Part_pylon05>
            <Object_name name="Object name" type="text">pylon05</Object_name>
            <File_name name="File name" type="text">pylon05021121190144.3db</File_name>
            <Index type="int">22</Index>
         </Part_pylon05>
         <Part_pylon07>
            <Object_name name="Object name" type="text">pylon07</Object_name>
            <File_name name="File name" type="text">pylon07021121190144.3db</File_name>
            <Index type="int">23</Index>
         </Part_pylon07>
         <Part_terraformer01>
            <Object_name name="Object name" type="text">terraformer01</Object_name>
            <File_name name="File name" type="text">terraformer01021121190144.3db</File_name>
            <Index type="int">24</Index>
         </Part_terraformer01>
         <Part_antenae21x>
            <Object_name name="Object name" type="text">antenae21x</Object_name>
            <File_name name="File name" type="text">antenae21x021121190144.3db</File_name>
            <Index type="int">25</Index>
         </Part_antenae21x>
         <Part_antenae18x>
            <Object_name name="Object name" type="text">antenae18x</Object_name>
            <File_name name="File name" type="text">antenae18x021121190144.3db</File_name>
            <Index type="int">26</Index>
         </Part_antenae18x>
         <Part_antenae17x>
            <Object_name name="Object name" type="text">antenae17x</Object_name>
            <File_name name="File name" type="text">antenae17x021121190144.3db</File_name>
            <Index type="int">27</Index>
         </Part_antenae17x>
         <Part_antenae29x>
            <Object_name name="Object name" type="text">antenae29x</Object_name>
            <File_name name="File name" type="text">antenae29x021121190144.3db</File_name>
            <Index type="int">28</Index>
         </Part_antenae29x>
         <Part_antenae20x>
            <Object_name name="Object name" type="text">antenae20x</Object_name>
            <File_name name="File name" type="text">antenae20x021121190144.3db</File_name>
            <Index type="int">29</Index>
         </Part_antenae20x>
         <Part_antenae16x>
            <Object_name name="Object name" type="text">antenae16x</Object_name>
            <File_name name="File name" type="text">antenae16x021121190144.3db</File_name>
            <Index type="int">30</Index>
         </Part_antenae16x>
         <Part_antenae03x>
            <Object_name name="Object name" type="text">antenae03x</Object_name>
            <File_name name="File name" type="text">antenae03x021121190144.3db</File_name>
            <Index type="int">31</Index>
         </Part_antenae03x>
         <Part_antenae22x>
            <Object_name name="Object name" type="text">antenae22x</Object_name>
            <File_name name="File name" type="text">antenae22x021121190144.3db</File_name>
            <Index type="int">32</Index>
         </Part_antenae22x>
         <Part_antenae30x>
            <Object_name name="Object name" type="text">antenae30x</Object_name>
            <File_name name="File name" type="text">antenae30x021121190144.3db</File_name>
            <Index type="int">33</Index>
         </Part_antenae30x>
         <Part_antenae23x>
            <Object_name name="Object name" type="text">antenae23x</Object_name>
            <File_name name="File name" type="text">antenae23x021121190144.3db</File_name>
            <Index type="int">34</Index>
         </Part_antenae23x>
         <Part_antenae24x>
            <Object_name name="Object name" type="text">antenae24x</Object_name>
            <File_name name="File name" type="text">antenae24x021121190144.3db</File_name>
            <Index type="int">35</Index>
         </Part_antenae24x>
         <Part_antenae25x>
            <Object_name name="Object name" type="text">antenae25x</Object_name>
            <File_name name="File name" type="text">antenae25x021121190144.3db</File_name>
            <Index type="int">36</Index>
         </Part_antenae25x>
         <Part_antenae26x>
            <Object_name name="Object name" type="text">antenae26x</Object_name>
            <File_name name="File name" type="text">antenae26x021121190144.3db</File_name>
            <Index type="int">37</Index>
         </Part_antenae26x>
         <Part_antenae27x>
            <Object_name name="Object name" type="text">antenae27x</Object_name>
            <File_name name="File name" type="text">antenae27x021121190144.3db</File_name>
            <Index type="int">38</Index>
         </Part_antenae27x>
         <Part_antenae28x>
            <Object_name name="Object name" type="text">antenae28x</Object_name>
            <File_name name="File name" type="text">antenae28x021121190144.3db</File_name>
            <Index type="int">39</Index>
         </Part_antenae28x>
         <Part_terraformer02>
            <Object_name name="Object name" type="text">terraformer02</Object_name>
            <File_name name="File name" type="text">terraformer02021121190144.3db</File_name>
            <Index type="int">40</Index>
         </Part_terraformer02>
         <Part_terraformer03>
            <Object_name name="Object name" type="text">terraformer03</Object_name>
            <File_name name="File name" type="text">terraformer03021121190144.3db</File_name>
            <Index type="int">41</Index>
         </Part_terraformer03>
         <Part_terraformer04>
            <Object_name name="Object name" type="text">terraformer04</Object_name>
            <File_name name="File name" type="text">terraformer04021121190144.3db</File_name>
            <Index type="int">42</Index>
         </Part_terraformer04>
         <Part_terraformer_small>
            <Object_name name="Object name" type="text">terraformer_small</Object_name>
            <File_name name="File name" type="text">terraformer_small021121190144.3db</File_name>
            <Index type="int">43</Index>
         </Part_terraformer_small>
         <Part_garage05>
            <Object_name name="Object name" type="text">garage05</Object_name>
            <File_name name="File name" type="text">garage05021121190144.3db</File_name>
            <Index type="int">44</Index>
         </Part_garage05>
         <Part_garage06>
            <Object_name name="Object name" type="text">garage06</Object_name>
            <File_name name="File name" type="text">garage06021121190144.3db</File_name>
            <Index type="int">45</Index>
         </Part_garage06>
         <Part_garage07>
            <Object_name name="Object name" type="text">garage07</Object_name>
            <File_name name="File name" type="text">garage07021121190144.3db</File_name>
            <Index type="int">46</Index>
         </Part_garage07>
         <Part_garage08>
            <Object_name name="Object name" type="text">garage08</Object_name>
            <File_name name="File name" type="text">garage08021121190144.3db</File_name>
            <Index type="int">47</Index>
         </Part_garage08>
         <Cons>
            <Fix type="Fix" count="47">
               <part>
                  <!-- parent      --> "Root",
                  <!-- child       --> "entrance",
                  <!-- position    --> -20.088881, -2.2805061, 50.454678,
                  <!-- orientation -->   0.2164394600,   0.9762960700, -89.406981e-09,
                                       -173.68143e-09,  130.08196e-09,   1.0000000000,
                                         0.9762960700,  -0.2164394600,  197.71936e-09
               </part>
               <part>
                  <!-- parent      --> "Root",
                  <!-- child       --> "pad",
                  <!-- position    --> 7.654e-6, -0.02471495, 4.0507439e-6,
                  <!-- orientation -->   1.0000000000, -44.804391e-09, -112.83971e-09,
                                        112.83971e-09,  107.15895e-09,   1.0000000000,
                                       -44.804381e-09,  -1.0000000000,  107.15896e-09
               </part>
               <part>
                  <!-- parent      --> "Root",
                  <!-- child       --> "pylon01",
                  <!-- position    --> -36.307941, -0.34177861, 8.0816107,
                  <!-- orientation -->  35.305504e-09, -36.580634e-09,  -1.0000000000,
                                        39.817206e-09,   1.0000000000, -36.580634e-09,
                                         1.0000000000, -39.817206e-09,  35.305504e-09
               </part>
               <part>
                  <!-- parent      --> "Root",
                  <!-- child       --> "pylon02",
                  <!-- position    --> -54.489216, -0.46104196, -17.210058,
                  <!-- orientation -->   0.9563048500, -106.07771e-09,  -0.2923714500,
                                        112.64562e-09,   1.0000000000,  5.6292886e-09,
                                         0.2923714500, -38.317680e-09,   0.9563048500
               </part>
               <part>
                  <!-- parent      --> "Root",
                  <!-- child       --> "pylon06",
                  <!-- position    --> 142.09413, 14.729445, 66.498642,
                  <!-- orientation -->   0.6293203200, -105.87999e-09,  -0.7771460400,
                                        58.319166e-09,   1.0000000000, -89.016154e-09,
                                         0.7771460400,  10.697166e-09,   0.6293203200
               </part>
               <part>
                  <!-- parent      --> "Root",
                  <!-- child       --> "BigTank02",
                  <!-- position    --> 40.346714, 0.33117485, 36.44669,
                  <!-- orientation -->   0.9025852700,   0.4305111800, -11.124915e-09,
                                       -53.579114e-09,  138.17210e-09,   1.0000000000,
                                         0.4305111800,  -0.9025852700,  147.77851e-09
               </part>
               <part>
                  <!-- parent      --> "Root",
                  <!-- child       --> "BigTank03",
                  <!-- position    --> 51.928253, 0.22795722, 35.194714,
                  <!-- orientation -->   0.8241261800,   0.5664062500, -26.745221e-09,
                                       -51.807969e-09,  122.60021e-09,   1.0000000000,
                                         0.5664062500,  -0.8241261800,  130.38240e-09
               </part>
               <part>
                  <!-- parent      --> "Root",
                  <!-- child       --> "BigTank04",
                  <!-- position    --> 28.243895, 0.40206674, 37.590591,
                  <!-- orientation -->   0.7826080900,   0.6225147200, -57.071755e-09,
                                       -21.897339e-09,  119.20809e-09,   1.0000000000,
                                         0.6225147200,  -0.7826080900,  106.92463e-09
               </part>
               <part>
                  <!-- parent      --> "Root",
                  <!-- child       --> "tanks02",
                  <!-- position    --> 58.530457, -0.30852625, 10.290383,
                  <!-- orientation -->   0.1545282800,  -0.9879867400,  -0.0017920809,
                                         0.0101798900, -221.56884e-06,   0.9999481400,
                                        -0.9879359000,  -0.1545385300,   0.0100233580
               </part>
               <part>
                  <!-- parent      --> "Root",
                  <!-- child       --> "pylon03",
                  <!-- position    --> -21.333878, -0.36832833, -15.485402,
                  <!-- orientation -->  -0.6087613700,  32.018288e-09,  -0.7933533800,
                                        43.386319e-09,   1.0000000000,  7.0666792e-09,
                                         0.7933533800, -30.118763e-09,  -0.6087613700
               </part>
               <part>
                  <!-- parent      --> "Root",
                  <!-- child       --> "pylon08",
                  <!-- position    --> -21.300545, -0.37918881, 15.645061,
                  <!-- orientation -->   0.6156616200, -57.359795e-09,  -0.7880106600,
                                        93.172908e-09,   1.0000000000,  4.0450382e-12,
                                         0.7880106600, -73.423735e-09,   0.6156616200
               </part>
               <part>
                  <!-- parent      --> "Root",
                  <!-- child       --> "pylon09",
                  <!-- position    --> 8.4851551, -0.43048775, 24.586525,
                  <!-- orientation -->   0.3502075700, -22.289875e-09,  -0.9366721500,
                                        84.134065e-09,   1.0000000000,  7.6595752e-09,
                                         0.9366721500, -81.488480e-09,   0.3502075700
               </part>
               <part>
                  <!-- parent      --> "Root",
                  <!-- child       --> "pylon10",
                  <!-- position    --> 8.0185242, -0.37918392, -24.988695,
                  <!-- orientation -->   0.9563048500, -92.494197e-09,  -0.2923714500,
                                        95.648353e-09,   1.0000000000, -3.5065433e-09,
                                         0.2923714500, -24.611523e-09,   0.9563048500
               </part>
               <part>
                  <!-- parent      --> "Root",
                  <!-- child       --> "pylon11",
                  <!-- position    --> 26.165531, -0.37918323, -0.072203845,
                  <!-- orientation -->   0.9998477100, -101.62877e-09,  -0.0174521540,
                                        101.66145e-09,   1.0000000000,  985.32693e-12,
                                         0.0174521540, -2.7593883e-09,   0.9998477100
               </part>
               <part>
                  <!-- parent      --> "Root",
                  <!-- child       --> "pylon12",
                  <!-- position    --> 82.729111, -1.7262917, -75.796509,
                  <!-- orientation -->   0.6293203200, -105.87999e-09,  -0.7771460400,
                                        58.319166e-09,   1.0000000000, -89.016154e-09,
                                         0.7771460400,  10.697166e-09,   0.6293203200
               </part>
               <part>
                  <!-- parent      --> "Root",
                  <!-- child       --> "pylon13",
                  <!-- position    --> 38.481388, 32.094345, 87.106682,
                  <!-- orientation -->   0.8788172000, -85.173667e-09,  -0.4771585500,
                                        91.186607e-09,   1.0000000000, -10.556866e-09,
                                         0.4771585500, -34.232915e-09,   0.8788172000
               </part>
               <part>
                  <!-- parent      --> "Root",
                  <!-- child       --> "tanks03",
                  <!-- position    --> 55.340378, -0.30852637, -12.802073,
                  <!-- orientation -->   0.1548388500,  -0.9878981700,  -0.0090597048,
                                         0.0014548850,  -0.0089422781,   0.9999589300,
                                        -0.9879386400,  -0.1548456700,  52.666284e-06
               </part>
               <part>
                  <!-- parent      --> "Root",
                  <!-- child       --> "antenae19",
                  <!-- position    --> 225.81145, -8.877615, 44.366131,
                  <!-- orientation -->  -0.8526402100,   0.5224985500,  89.406988e-09,
                                        -0.0045593884,  -0.0074404175,   0.9999619100,
                                         0.5224786400,   0.8526077300,   0.0087262727
               </part>
               <part>
                  <!-- parent      --> "Root",
                  <!-- child       --> "garage01",
                  <!-- position    --> 90.312065, -1.1901129, -20.114229,
                  <!-- orientation -->   0.2672142700,  -0.9636132700,  -0.0067815483,
                                         0.0071041468,  -0.0050673448,   0.9999619100,
                                        -0.9636109500,  -0.2672522700,   0.0054915831
               </part>
               <part>
                  <!-- parent      --> "Root",
                  <!-- child       --> "pad01",
                  <!-- position    --> -62.345631, -0.024717236, 7.9996395,
                  <!-- orientation -->   1.0000000000, -44.804391e-09, -112.83971e-09,
                                        112.83971e-09,  107.15895e-09,   1.0000000000,
                                       -44.804381e-09,  -1.0000000000,  107.15896e-09
               </part>
               <part>
                  <!-- parent      --> "Root",
                  <!-- child       --> "pylon04",
                  <!-- position    --> -83.814316, -0.46921793, -7.4343677,
                  <!-- orientation -->  -0.6087613700,  32.018288e-09,  -0.7933533800,
                                        43.386319e-09,   1.0000000000,  7.0666792e-09,
                                         0.7933533800, -30.118763e-09,  -0.6087613700
               </part>
               <part>
                  <!-- parent      --> "Root",
                  <!-- child       --> "pylon05",
                  <!-- position    --> -83.778687, -0.42877451, 23.411606,
                  <!-- orientation -->   0.6156616200, -57.359795e-09,  -0.7880106600,
                                        93.172908e-09,   1.0000000000,  4.0450382e-12,
                                         0.7880106600, -73.423735e-09,   0.6156616200
               </part>
               <part>
                  <!-- parent      --> "Root",
                  <!-- child       --> "pylon07",
                  <!-- position    --> -54.16716, -0.48007348, 32.754646,
                  <!-- orientation -->   0.3255683200, -16.360044e-09,  -0.9455184900,
                                        73.681221e-09,   1.0000000000,  8.0677731e-09,
                                         0.9455184900, -72.293574e-09,   0.3255683200
               </part>
               <part>
                  <!-- parent      --> "Root",
                  <!-- child       --> "terraformer01",
                  <!-- position    --> -748.41815, -50.699055, -16.050138,
                  <!-- orientation -->   1.0000000000, -115.27045e-09,  25.077256e-09,
                                        115.27045e-09,   1.0000000000, -1.1973035e-09,
                                       -25.077256e-09,  1.1973064e-09,   1.0000000000
               </part>
               <part>
                  <!-- parent      --> "Root",
                  <!-- child       --> "antenae21x",
                  <!-- position    --> 99.799194, 9.3486948, 68.27803,
                  <!-- orientation -->  -0.8526402700,   0.5224984300,  89.406988e-09,
                                        -0.0045593875,  -0.0074404185,   0.9999619100,
                                         0.5224785200,   0.8526077900,   0.0087262727
               </part>
               <part>
                  <!-- parent      --> "Root",
                  <!-- child       --> "antenae18x",
                  <!-- position    --> 40.760513, 28.965475, 194.16277,
                  <!-- orientation -->  -0.8526402100,   0.5224985500,  89.406988e-09,
                                        -0.0045593884,  -0.0074404175,   0.9999619100,
                                         0.5224786400,   0.8526077300,   0.0087262727
               </part>
               <part>
                  <!-- parent      --> "Root",
                  <!-- child       --> "antenae17x",
                  <!-- position    --> 29.546152, 30.466156, 112.18233,
                  <!-- orientation -->  -0.8526402100,   0.5224985500,  89.406988e-09,
                                        -0.0045593884,  -0.0074404175,   0.9999619100,
                                         0.5224786400,   0.8526077300,   0.0087262727
               </part>
               <part>
                  <!-- parent      --> "Root",
                  <!-- child       --> "antenae29x",
                  <!-- position    --> -60.851135, 18.499104, 89.671684,
                  <!-- orientation -->  -0.8526402100,   0.5224985500,  89.406988e-09,
                                        -0.0045593884,  -0.0074404175,   0.9999619100,
                                         0.5224786400,   0.8526077300,   0.0087262727
               </part>
               <part>
                  <!-- parent      --> "Root",
                  <!-- child       --> "antenae20x",
                  <!-- position    --> 181.47057, -7.3302946, -87.398674,
                  <!-- orientation -->  -0.8526402100,   0.5224985500,  89.406988e-09,
                                        -0.0045593884,  -0.0074404175,   0.9999619100,
                                         0.5224786400,   0.8526077300,   0.0087262727
               </part>
               <part>
                  <!-- parent      --> "Root",
                  <!-- child       --> "antenae16x",
                  <!-- position    --> -193.61177, -9.5490627, 112.6666,
                  <!-- orientation -->  -0.8526402100,   0.5224985500,  89.406988e-09,
                                        -0.0045593884,  -0.0074404175,   0.9999619100,
                                         0.5224786400,   0.8526077300,   0.0087262727
               </part>
               <part>
                  <!-- parent      --> "Root",
                  <!-- child       --> "antenae03x",
                  <!-- position    --> -142.15662, -2.276829, -87.248993,
                  <!-- orientation -->   0.5224785200,   0.8526077900,   0.0087261507,
                                        -0.0045592636,  -0.0074403509,   0.9999619100,
                                         0.8526402700,  -0.5224984300, -159.82681e-09
               </part>
               <part>
                  <!-- parent      --> "Root",
                  <!-- child       --> "antenae22x",
                  <!-- position    --> 26.907394, 2.8523138, -124.10601,
                  <!-- orientation -->  -0.6427939500,   0.7660341300,   0.0027689342,
                                        -0.0045593916,  -0.0074403710,   0.9999619100,
                                         0.7660255400,   0.6427568200,   0.0082752751
               </part>
               <part>
                  <!-- parent      --> "Root",
                  <!-- child       --> "antenae30x",
                  <!-- position    --> 190.27165, -3.0679097, -361.25867,
                  <!-- orientation -->  -0.5150473700,   0.8571522200,   0.0040293639,
                                        -0.0045593982,  -0.0074403547,   0.9999619100,
                                         0.8571496000,   0.5150094000,   0.0077402336
               </part>
               <part>
                  <!-- parent      --> "Root",
                  <!-- child       --> "antenae23x",
                  <!-- position    --> -55.90403, -32.049545, -302.03586,
                  <!-- orientation -->  -0.6427939500,   0.7660341300,   0.0027689342,
                                        -0.0045593916,  -0.0074403710,   0.9999619100,
                                         0.7660255400,   0.6427568200,   0.0082752751
               </part>
               <part>
                  <!-- parent      --> "Root",
                  <!-- child       --> "antenae24x",
                  <!-- position    --> -132.08142, -33.906155, -478.10455,
                  <!-- orientation -->  -0.6427939500,   0.7660341300,   0.0027689342,
                                        -0.0045593916,  -0.0074403710,   0.9999619100,
                                         0.7660255400,   0.6427568200,   0.0082752751
               </part>
               <part>
                  <!-- parent      --> "Root",
                  <!-- child       --> "antenae25x",
                  <!-- position    --> -215.99484, -52.084469, -638.17871,
                  <!-- orientation -->  -0.6427939500,   0.7660341300,   0.0027689342,
                                        -0.0045593916,  -0.0074403710,   0.9999619100,
                                         0.7660255400,   0.6427568200,   0.0082752751
               </part>
               <part>
                  <!-- parent      --> "Root",
                  <!-- child       --> "antenae26x",
                  <!-- position    --> -286.00391, -62.303097, -777.69812,
                  <!-- orientation -->  -0.6427939500,   0.7660341300,   0.0027689342,
                                        -0.0045593916,  -0.0074403710,   0.9999619100,
                                         0.7660255400,   0.6427568200,   0.0082752751
               </part>
               <part>
                  <!-- parent      --> "Root",
                  <!-- child       --> "antenae27x",
                  <!-- position    --> -510.85635, -35.987244, -1262.6282,
                  <!-- orientation -->  -0.6427939500,   0.7660341300,   0.0027689342,
                                        -0.0045593916,  -0.0074403710,   0.9999619100,
                                         0.7660255400,   0.6427568200,   0.0082752751
               </part>
               <part>
                  <!-- parent      --> "Root",
                  <!-- child       --> "antenae28x",
                  <!-- position    --> -617.21356, 3.5839045, -1462.0623,
                  <!-- orientation -->  -0.6427939500,   0.7660341300,   0.0027689342,
                                        -0.0045593916,  -0.0074403710,   0.9999619100,
                                         0.7660255400,   0.6427568200,   0.0082752751
               </part>
               <part>
                  <!-- parent      --> "Root",
                  <!-- child       --> "terraformer02",
                  <!-- position    --> -469.35303, -50.699013, -816.42188,
                  <!-- orientation -->   1.0000000000, -115.27045e-09,  25.077256e-09,
                                        115.27045e-09,   1.0000000000, -1.1973035e-09,
                                       -25.077256e-09,  1.1973064e-09,   1.0000000000
               </part>
               <part>
                  <!-- parent      --> "Root",
                  <!-- child       --> "terraformer03",
                  <!-- position    --> 68.138062, 16.125874, -1317.8169,
                  <!-- orientation -->   1.0000000000, -115.27045e-09,  25.077256e-09,
                                        115.27045e-09,   1.0000000000, -1.1973035e-09,
                                       -25.077256e-09,  1.1973064e-09,   1.0000000000
               </part>
               <part>
                  <!-- parent      --> "Root",
                  <!-- child       --> "terraformer04",
                  <!-- position    --> -979.91223, -39.533722, 791.58105,
                  <!-- orientation -->   1.0000000000, -109.37924e-09,  43.057845e-09,
                                        109.37924e-09,   1.0000000000, -5.1656626e-09,
                                       -43.057845e-09,  5.1656674e-09,   1.0000000000
               </part>
               <part>
                  <!-- parent      --> "Root",
                  <!-- child       --> "terraformer_small",
                  <!-- position    --> -1684.2307, -40.491695, -745.55011,
                  <!-- orientation -->   1.0000000000, -148.68468e-09,  32.776043e-09,
                                        148.68468e-09,   1.0000000000, -7.7829112e-09,
                                       -32.776043e-09,  7.7829156e-09,   1.0000000000
               </part>
               <part>
                  <!-- parent      --> "Root",
                  <!-- child       --> "garage05",
                  <!-- position    --> 87.020241, -1.1901135, -7.3507056,
                  <!-- orientation -->   0.2672142700,  -0.9636132700,  -0.0067815483,
                                         0.0071041468,  -0.0050673448,   0.9999619100,
                                        -0.9636109500,  -0.2672522700,   0.0054915831
               </part>
               <part>
                  <!-- parent      --> "Root",
                  <!-- child       --> "garage06",
                  <!-- position    --> 87.884537, -1.2746007, 7.3394198,
                  <!-- orientation -->   0.2672142700,  -0.9636132700,  -0.0067815483,
                                         0.0071041468,  -0.0050673448,   0.9999619100,
                                        -0.9636109500,  -0.2672522700,   0.0054915831
               </part>
               <part>
                  <!-- parent      --> "Root",
                  <!-- child       --> "garage07",
                  <!-- position    --> -342.91309, -75.931076, -791.08887,
                  <!-- orientation -->   0.0174338740,  -0.9998345400,  -0.0051905494,
                                         0.0071043000,  -0.0050673350,   0.9999619100,
                                        -0.9998228000,  -0.0174700860,   0.0070147808
               </part>
               <part>
                  <!-- parent      --> "Root",
                  <!-- child       --> "garage08",
                  <!-- position    --> -330.65387, -75.931076, -791.08887,
                  <!-- orientation -->   0.0174338740,  -0.9998345400,  -0.0051905494,
                                         0.0071043000,  -0.0050673350,   0.9999619100,
                                        -0.9998228000,  -0.0174700860,   0.0070147808
               </part>
            </Fix>
         </Cons>
      </Cmpnd>
      <Material_library name="Material library">
         <cal_minor_terrain_tile02.tga021121190144>
            <Dt_name type="text">cal_minor_terrain_tile02.tga021121190144</Dt_name>
            <Dm1_name type="text">icedtl1</Dm1_name>
            <Dm0_name type="text">icedtl1</Dm0_name>
            <Dm0_flags type="int">0x40</Dm0_flags>
            <Dm1_flags type="int">0x40</Dm1_flags>
            <Type type="text">DcDt</Type>
            <Dt_flags type="int">0x40</Dt_flags>
            <Dt_flags type="int">0x40</Dt_flags>
            <TileRate0 type="float">1</TileRate0>
            <TileRate1 type="float">1</TileRate1>
         </cal_minor_terrain_tile02.tga021121190144>
         <Material_count name="Material count" type="int">14</Material_count>
         <pittSp_B_Room-09.tga021121190144>
            <Dt_name type="text">pittSp_B_Room-09.tga021121190144</Dt_name>
            <Dm1_name type="text">calminorfasdtl1</Dm1_name>
            <Dm0_name type="text">calminorfasdtl1</Dm0_name>
            <Dm0_flags type="int">0x40</Dm0_flags>
            <Dm1_flags type="int">0x40</Dm1_flags>
            <Type type="text">Masked2DetailMapMaterial</Type>
            <Dt_flags type="int">0x40</Dt_flags>
            <TileRate0 type="float">3</TileRate0>
            <TileRate1 type="float">3</TileRate1>
         </pittSp_B_Room-09.tga021121190144>
         <pitt_door.TGA021121190144>
            <Type type="text">DcDt</Type>
            <Dt_name type="text">pitt_door.TGA021121190144</Dt_name>
            <Dt_flags type="int">0x40</Dt_flags>
         </pitt_door.TGA021121190144>
         <pitt_panels2.tga021121190144>
            <Type type="text">DcDt</Type>
            <Dt_name type="text">pitt_panels2.tga021121190144</Dt_name>
            <Dt_flags type="int">0x40</Dt_flags>
         </pitt_panels2.tga021121190144>
         <pitt_pad_ridge.tga021121190144>
            <Type type="text">DcDt</Type>
            <Dt_name type="text">pitt_pad_ridge.tga021121190144</Dt_name>
            <Dt_flags type="int">0x40</Dt_flags>
         </pitt_pad_ridge.tga021121190144>
         <pitt_pad_edge.tga021121190144>
            <Type type="text">DcDt</Type>
            <Dt_name type="text">pitt_pad_edge.tga021121190144</Dt_name>
            <Dt_flags type="int">0x40</Dt_flags>
         </pitt_pad_edge.tga021121190144>
         <detailmap_pitt_pad_tile021121190144>
            <Type type="text">DcDtBt</Type>
            <Dt_name type="text">pitt_pad_tile.tga021121190144</Dt_name>
            <Dt_flags type="int">0x40</Dt_flags>
            <Bt_name type="text">detailmap_ground01.tga021121190144</Bt_name>
            <Bt_flags type="int">0x50</Bt_flags>
         </detailmap_pitt_pad_tile021121190144>
         <detailmap_pitt_pad_yeltile021121190144>
            <Type type="text">DcDtBt</Type>
            <Dt_name type="text">pitt_pad_yeltile.tga021121190144</Dt_name>
            <Dt_flags type="int">0x40</Dt_flags>
            <Bt_name type="text">detailmap_ground01.tga021121190144</Bt_name>
            <Bt_flags type="int">0x50</Bt_flags>
         </detailmap_pitt_pad_yeltile021121190144>
         <detailmap_pitt_pad_center021121190144>
            <Type type="text">DcDtBt</Type>
            <Dt_name type="text">pitt_pad_center.tga021121190144</Dt_name>
            <Dt_flags type="int">0x40</Dt_flags>
            <Bt_name type="text">detailmap_ground01.tga021121190144</Bt_name>
            <Bt_flags type="int">0x50</Bt_flags>
         </detailmap_pitt_pad_center021121190144>
         <gratea.tga021121190144>
            <Type type="text">DcDt</Type>
            <Dt_name type="text">gratea.tga021121190144</Dt_name>
            <Dt_flags type="int">0x40</Dt_flags>
         </gratea.tga021121190144>
         <pitt_tanks3.tga021121190144>
            <Type type="text">DcDt</Type>
            <Dt_name type="text">pitt_tanks3.tga021121190144</Dt_name>
            <Dt_flags type="int">0x40</Dt_flags>
         </pitt_tanks3.tga021121190144>
         <pitt_tanks2.tga021121190144>
            <Type type="text">DcDt</Type>
            <Dt_name type="text">pitt_tanks2.tga021121190144</Dt_name>
            <Dt_flags type="int">0x40</Dt_flags>
