<?xml version="1.0" encoding="ISO-8859-1"?>
<!-- XML generated by UTFXML Version 2.2 built 19-Aug-2010 -->
<UTFXML filename="li_californio_equip.cmp" path="BASES\LIBERTY">
   <UTF_ROOT>
      <VMeshLibrary>
         <cfdata.bases.liberty.li_californio_equip.lod0-112.vms include="li_californio_equip_cmp\lod0-112.vms.xml"/>
         <cfdata.bases.liberty.li_californio_equip.lod0-212.vms include="li_californio_equip_cmp\lod0-212.vms.xml"/>
      </VMeshLibrary>
      <Exporter_Version name="Exporter Version" type="text">Aug 24 2002 12:33:14</Exporter_Version>
      <Cmpnd>
         <Root>
            <Object_name name="Object name" type="text">Root</Object_name>
            <File_name name="File name" type="text">cfRoot_equip021001181746.3db</File_name>
            <Index type="int">0</Index>
         </Root>
         <Part_Box01>
            <Object_name name="Object name" type="text">Box01</Object_name>
            <File_name name="File name" type="text">cfBox01021001181746.3db</File_name>
            <Index type="int">1</Index>
         </Part_Box01>
         <Part_Box03>
            <Object_name name="Object name" type="text">Box03</Object_name>
            <File_name name="File name" type="text">cfBox03021001181746.3db</File_name>
            <Index type="int">2</Index>
         </Part_Box03>
         <Part_Box04>
            <Object_name name="Object name" type="text">Box04</Object_name>
            <File_name name="File name" type="text">cfBox04021001181746.3db</File_name>
            <Index type="int">3</Index>
         </Part_Box04>
         <Part_Box05>
            <Object_name name="Object name" type="text">Box05</Object_name>
            <File_name name="File name" type="text">cfBox05021001181746.3db</File_name>
            <Index type="int">4</Index>
         </Part_Box05>
         <Part_Box06>
            <Object_name name="Object name" type="text">Box06</Object_name>
            <File_name name="File name" type="text">cfBox06021001181746.3db</File_name>
            <Index type="int">5</Index>
         </Part_Box06>
         <Part_Box07>
            <Object_name name="Object name" type="text">Box07</Object_name>
            <File_name name="File name" type="text">cfBox07021001181746.3db</File_name>
            <Index type="int">6</Index>
         </Part_Box07>
         <Part_Box08>
            <Object_name name="Object name" type="text">Box08</Object_name>
            <File_name name="File name" type="text">cfBox08021001181746.3db</File_name>
            <Index type="int">7</Index>
         </Part_Box08>
         <Part_Center>
            <Object_name name="Object name" type="text">Center</Object_name>
            <File_name name="File name" type="text">cfCenter021001181746.3db</File_name>
            <Index type="int">8</Index>
         </Part_Center>
         <Part_Column-01>
            <Object_name name="Object name" type="text">Column-01</Object_name>
            <File_name name="File name" type="text">cfColumn-01021001181746.3db</File_name>
            <Index type="int">9</Index>
         </Part_Column-01>
         <Part_Column-02>
            <Object_name name="Object name" type="text">Column-02</Object_name>
            <File_name name="File name" type="text">cfColumn-02021001181746.3db</File_name>
            <Index type="int">10</Index>
         </Part_Column-02>
         <Part_Cylinder03>
            <Object_name name="Object name" type="text">Cylinder03</Object_name>
            <File_name name="File name" type="text">cfCylinder03021001181746.3db</File_name>
            <Index type="int">11</Index>
         </Part_Cylinder03>
         <Part_Cylinder04>
            <Object_name name="Object name" type="text">Cylinder04</Object_name>
            <File_name name="File name" type="text">cfCylinder04021001181746.3db</File_name>
            <Index type="int">12</Index>
         </Part_Cylinder04>
         <Part_Cylinder05>
            <Object_name name="Object name" type="text">Cylinder05</Object_name>
            <File_name name="File name" type="text">cfCylinder05021001181746.3db</File_name>
            <Index type="int">13</Index>
         </Part_Cylinder05>
         <Part_Cylinder06>
            <Object_name name="Object name" type="text">Cylinder06</Object_name>
            <File_name name="File name" type="text">cfCylinder06021001181746.3db</File_name>
            <Index type="int">14</Index>
         </Part_Cylinder06>
         <Part_Decor_Top-05>
            <Object_name name="Object name" type="text">Decor_Top-05</Object_name>
            <File_name name="File name" type="text">cfDecor_Top-05021001181746.3db</File_name>
            <Index type="int">15</Index>
         </Part_Decor_Top-05>
         <Part_Decor_Top-06>
            <Object_name name="Object name" type="text">Decor_Top-06</Object_name>
            <File_name name="File name" type="text">cfDecor_Top-06021001181746.3db</File_name>
            <Index type="int">16</Index>
         </Part_Decor_Top-06>
         <Part_Decor_Top-07>
            <Object_name name="Object name" type="text">Decor_Top-07</Object_name>
            <File_name name="File name" type="text">cfDecor_Top-07021001181746.3db</File_name>
            <Index type="int">17</Index>
         </Part_Decor_Top-07>
         <Part_Decor_Top-08>
            <Object_name name="Object name" type="text">Decor_Top-08</Object_name>
            <File_name name="File name" type="text">cfDecor_Top-08021001181746.3db</File_name>
            <Index type="int">18</Index>
         </Part_Decor_Top-08>
         <Part_exit_06>
            <Object_name name="Object name" type="text">exit_06</Object_name>
            <File_name name="File name" type="text">cfexit_06021001181746.3db</File_name>
            <Index type="int">19</Index>
         </Part_exit_06>
         <Part_exit_07>
            <Object_name name="Object name" type="text">exit_07</Object_name>
            <File_name name="File name" type="text">cfexit_07021001181746.3db</File_name>
            <Index type="int">20</Index>
         </Part_exit_07>
         <Part_Floor-02>
            <Object_name name="Object name" type="text">Floor-02</Object_name>
            <File_name name="File name" type="text">cfFloor-02021001181746.3db</File_name>
            <Index type="int">21</Index>
         </Part_Floor-02>
         <Part_Floor-03>
            <Object_name name="Object name" type="text">Floor-03</Object_name>
            <File_name name="File name" type="text">cfFloor-03021001181746.3db</File_name>
            <Index type="int">22</Index>
         </Part_Floor-03>
         <Part_Floor-04>
            <Object_name name="Object name" type="text">Floor-04</Object_name>
            <File_name name="File name" type="text">cfFloor-04021001181746.3db</File_name>
            <Index type="int">23</Index>
         </Part_Floor-04>
         <Part_Floor_Smal-02>
            <Object_name name="Object name" type="text">Floor_Smal-02</Object_name>
            <File_name name="File name" type="text">cfFloor_Smal-02021001181746.3db</File_name>
            <Index type="int">24</Index>
         </Part_Floor_Smal-02>
         <Part_Floor_Smal-09>
            <Object_name name="Object name" type="text">Floor_Smal-09</Object_name>
            <File_name name="File name" type="text">cfFloor_Smal-09021001181746.3db</File_name>
            <Index type="int">25</Index>
         </Part_Floor_Smal-09>
         <Part_Floor_Smal-10>
            <Object_name name="Object name" type="text">Floor_Smal-10</Object_name>
            <File_name name="File name" type="text">cfFloor_Smal-10021001181746.3db</File_name>
            <Index type="int">26</Index>
         </Part_Floor_Smal-10>
         <Part_Floor_Smal-11>
            <Object_name name="Object name" type="text">Floor_Smal-11</Object_name>
            <File_name name="File name" type="text">cfFloor_Smal-11021001181746.3db</File_name>
            <Index type="int">27</Index>
         </Part_Floor_Smal-11>
         <Part_MAN06>
            <Object_name name="Object name" type="text">MAN06</Object_name>
            <File_name name="File name" type="text">cfMAN06021001181746.3db</File_name>
            <Index type="int">28</Index>
         </Part_MAN06>
         <Part_MAN07>
            <Object_name name="Object name" type="text">MAN07</Object_name>
            <File_name name="File name" type="text">cfMAN07021001181746.3db</File_name>
            <Index type="int">29</Index>
         </Part_MAN07>
         <Part_MAN09>
            <Object_name name="Object name" type="text">MAN09</Object_name>
            <File_name name="File name" type="text">cfMAN09021001181746.3db</File_name>
            <Index type="int">30</Index>
         </Part_MAN09>
         <Part_MAN10>
            <Object_name name="Object name" type="text">MAN10</Object_name>
            <File_name name="File name" type="text">cfMAN10021001181746.3db</File_name>
            <Index type="int">31</Index>
         </Part_MAN10>
         <Part_PoL_Nisha-01>
            <Object_name name="Object name" type="text">PoL_Nisha-01</Object_name>
            <File_name name="File name" type="text">cfPoL_Nisha-01021001181746.3db</File_name>
            <Index type="int">32</Index>
         </Part_PoL_Nisha-01>
         <Part_PoL_Nisha-02>
            <Object_name name="Object name" type="text">PoL_Nisha-02</Object_name>
            <File_name name="File name" type="text">cfPoL_Nisha-02021001181746.3db</File_name>
            <Index type="int">33</Index>
         </Part_PoL_Nisha-02>
         <Part_Pol_Nisha-03>
            <Object_name name="Object name" type="text">Pol_Nisha-03</Object_name>
            <File_name name="File name" type="text">cfPol_Nisha-03021001181746.3db</File_name>
            <Index type="int">34</Index>
         </Part_Pol_Nisha-03>
         <Part_Pol_Nisha-10>
            <Object_name name="Object name" type="text">Pol_Nisha-10</Object_name>
            <File_name name="File name" type="text">cfPol_Nisha-10021001181746.3db</File_name>
            <Index type="int">35</Index>
         </Part_Pol_Nisha-10>
         <Part_Pol_Nisha-11>
            <Object_name name="Object name" type="text">Pol_Nisha-11</Object_name>
            <File_name name="File name" type="text">cfPol_Nisha-11021001181746.3db</File_name>
            <Index type="int">36</Index>
         </Part_Pol_Nisha-11>
         <Part_Pol_Nisha-12>
            <Object_name name="Object name" type="text">Pol_Nisha-12</Object_name>
            <File_name name="File name" type="text">cfPol_Nisha-12021001181746.3db</File_name>
            <Index type="int">37</Index>
         </Part_Pol_Nisha-12>
         <Part_Postament-01>
            <Object_name name="Object name" type="text">Postament-01</Object_name>
            <File_name name="File name" type="text">cfPostament-01021001181746.3db</File_name>
            <Index type="int">38</Index>
         </Part_Postament-01>
         <Part_Postament-02>
            <Object_name name="Object name" type="text">Postament-02</Object_name>
            <File_name name="File name" type="text">cfPostament-02021001181746.3db</File_name>
            <Index type="int">39</Index>
         </Part_Postament-02>
         <Part_Postament-03>
            <Object_name name="Object name" type="text">Postament-03</Object_name>
            <File_name name="File name" type="text">cfPostament-03021001181746.3db</File_name>
            <Index type="int">40</Index>
         </Part_Postament-03>
         <Part_Postament-04>
            <Object_name name="Object name" type="text">Postament-04</Object_name>
            <File_name name="File name" type="text">cfPostament-04021001181746.3db</File_name>
            <Index type="int">41</Index>
         </Part_Postament-04>
         <Part_TR-01>
            <Object_name name="Object name" type="text">TR-01</Object_name>
            <File_name name="File name" type="text">cfTR-01021001181746.3db</File_name>
            <Index type="int">42</Index>
         </Part_TR-01>
         <Part_TR-02>
            <Object_name name="Object name" type="text">TR-02</Object_name>
            <File_name name="File name" type="text">cfTR-02021001181746.3db</File_name>
            <Index type="int">43</Index>
         </Part_TR-02>
         <Part_Wall_back-03cf>
            <Object_name name="Object name" type="text">Wall_back-03cf</Object_name>
            <File_name name="File name" type="text">cfWall_back-03021001181746.3db</File_name>
            <Index type="int">44</Index>
         </Part_Wall_back-03cf>
         <Part_Wall_back01cf>
            <Object_name name="Object name" type="text">Wall_back01cf</Object_name>
            <File_name name="File name" type="text">cfWall_back01021001181746.3db</File_name>
            <Index type="int">45</Index>
         </Part_Wall_back01cf>
         <Part_Wall_back02cf>
            <Object_name name="Object name" type="text">Wall_back02cf</Object_name>
            <File_name name="File name" type="text">cfWall_back02021001181746.3db</File_name>
            <Index type="int">46</Index>
         </Part_Wall_back02cf>
         <Part_Wool-01cf>
            <Object_name name="Object name" type="text">Wool-01cf</Object_name>
            <File_name name="File name" type="text">cfWool-01021001181746.3db</File_name>
            <Index type="int">47</Index>
         </Part_Wool-01cf>
         <Part_Wool-4cf>
            <Object_name name="Object name" type="text">Wool-4cf</Object_name>
            <File_name name="File name" type="text">cfWool-4021001181746.3db</File_name>
            <Index type="int">48</Index>
         </Part_Wool-4cf>
         <Part_Wool-11cf>
            <Object_name name="Object name" type="text">Wool-11cf</Object_name>
            <File_name name="File name" type="text">cfWool-11021001181746.3db</File_name>
            <Index type="int">49</Index>
         </Part_Wool-11cf>
         <Part_Wool-12cf>
            <Object_name name="Object name" type="text">Wool-12cf</Object_name>
            <File_name name="File name" type="text">cfWool-12021001181746.3db</File_name>
            <Index type="int">50</Index>
         </Part_Wool-12cf>
         <Part_Wool-13cf>
            <Object_name name="Object name" type="text">Wool-13cf</Object_name>
            <File_name name="File name" type="text">cfWool-13021001181746.3db</File_name>
            <Index type="int">51</Index>
         </Part_Wool-13cf>
         <Cons>
            <Fix type="Fix" count="51">
               <part>
                  <!-- parent      --> "Root",
                  <!-- child       --> "Box01",
                  <!-- position    --> -10.82146e-6, 11.23918, 30.085239,
                  <!-- orientation -->   1.0000000000,  1.6887420e-15, -1.6887410e-15,
                                       -1.6887420e-15,   1.0000000000,  977.95407e-18,
                                        1.6887410e-15, -977.95407e-18,   1.0000000000
               </part>
               <part>
                  <!-- parent      --> "Root",
                  <!-- child       --> "Box03",
                  <!-- position    --> 45.141109, 11.25497, -3.4573221,
                  <!-- orientation -->   1.0000000000,  1.6887419e-15, -1.6887414e-15,
                                       -1.6887419e-15,   1.0000000000,  977.95407e-18,
                                        1.6887414e-15, -977.95407e-18,   1.0000000000
               </part>
               <part>
                  <!-- parent      --> "Root",
                  <!-- child       --> "Box04",
                  <!-- position    --> 45.141113, 11.25497, 3.4573524,
                  <!-- orientation -->   1.0000000000,  1.6887419e-15, -1.6887414e-15,
                                       -1.6887419e-15,   1.0000000000,  977.95407e-18,
                                        1.6887414e-15, -977.95407e-18,   1.0000000000
               </part>
               <part>
                  <!-- parent      --> "Root",
                  <!-- child       --> "Box05",
                  <!-- position    --> -4.2832727, 21.105415, -339.6666e-9,
                  <!-- orientation -->   1.0000000000,  1.6887419e-15, -1.6887414e-15,
                                       -1.6887419e-15,   1.0000000000,  977.95407e-18,
                                        1.6887414e-15, -977.95407e-18,   1.0000000000
               </part>
               <part>
                  <!-- parent      --> "Root",
                  <!-- child       --> "Box06",
                  <!-- position    --> 10.185053e-6, 11.239172, -30.085234,
                  <!-- orientation -->   1.0000000000,  1.6887419e-15, -1.6887414e-15,
                                       -1.6887419e-15,   1.0000000000,  977.95407e-18,
                                        1.6887414e-15, -977.95407e-18,   1.0000000000
               </part>
               <part>
                  <!-- parent      --> "Root",
                  <!-- child       --> "Box07",
                  <!-- position    --> -11.015803e-6, 5.6195664, 29.490412,
                  <!-- orientation -->   1.0000000000,  1.6887419e-15, -1.6887414e-15,
                                       -1.6887419e-15,   1.0000000000,  977.95407e-18,
                                        1.6887414e-15, -977.95407e-18,   1.0000000000
               </part>
               <part>
                  <!-- parent      --> "Root",
                  <!-- child       --> "Box08",
                  <!-- position    --> 9.5510795e-6, 5.6195607, -29.490408,
                  <!-- orientation -->   1.0000000000,  1.6887419e-15, -1.6887414e-15,
                                       -1.6887419e-15,   1.0000000000,  977.95407e-18,
                                        1.6887414e-15, -977.95407e-18,   1.0000000000
               </part>
               <part>
                  <!-- parent      --> "Root",
                  <!-- child       --> "Center",
                  <!-- position    --> -31.699686, 788.7586e-9, -1.6972797,
                  <!-- orientation -->   1.0000000000,  1.6887419e-15, -1.6887414e-15,
                                       -1.6887419e-15,   1.0000000000,  977.95407e-18,
                                        1.6887414e-15, -977.95407e-18,   1.0000000000
               </part>
               <part>
                  <!-- parent      --> "Root",
                  <!-- child       --> "Column-01",
                  <!-- position    --> 6.5120457e-6, 10.552683, -24.867899,
                  <!-- orientation -->   1.0000000000,  1.6887419e-15, -1.6887414e-15,
                                       -1.6887419e-15,   1.0000000000,  977.95407e-18,
                                        1.6887414e-15, -977.95407e-18,   1.0000000000
               </part>
               <part>
                  <!-- parent      --> "Root",
                  <!-- child       --> "Column-02",
                  <!-- position    --> -10.529253e-6, 10.552687, 24.867899,
                  <!-- orientation -->   1.0000000000,  1.6887419e-15, -1.6887414e-15,
                                       -1.6887419e-15,   1.0000000000,  977.95407e-18,
                                        1.6887414e-15, -977.95407e-18,   1.0000000000
               </part>
               <part>
                  <!-- parent      --> "Root",
                  <!-- child       --> "Cylinder03",
                  <!-- position    --> -21.019831, 10.552682, 22.821766,
                  <!-- orientation -->   1.0000000000,  1.6887419e-15, -1.6887414e-15,
                                       -1.6887419e-15,   1.0000000000,  977.95407e-18,
                                        1.6887414e-15, -977.95407e-18,   1.0000000000
               </part>
               <part>
                  <!-- parent      --> "Root",
                  <!-- child       --> "Cylinder04",
                  <!-- position    --> -21.019815, 10.552679, -22.821783,
                  <!-- orientation -->   1.0000000000,  1.6887419e-15, -1.6887414e-15,
                                       -1.6887419e-15,   1.0000000000,  977.95407e-18,
                                        1.6887414e-15, -977.95407e-18,   1.0000000000
               </part>
               <part>
                  <!-- parent      --> "Root",
                  <!-- child       --> "Cylinder05",
                  <!-- position    --> 21.019827, 10.552683, -22.821772,
                  <!-- orientation -->   1.0000000000,  1.6887419e-15, -1.6887414e-15,
                                       -1.6887419e-15,   1.0000000000,  977.95407e-18,
                                        1.6887414e-15, -977.95407e-18,   1.0000000000
               </part>
               <part>
                  <!-- parent      --> "Root",
                  <!-- child       --> "Cylinder06",
                  <!-- position    --> 21.019812, 10.552684, 22.821783,
                  <!-- orientation -->   1.0000000000,  1.6887419e-15, -1.6887414e-15,
                                       -1.6887419e-15,   1.0000000000,  977.95407e-18,
                                        1.6887414e-15, -977.95407e-18,   1.0000000000
               </part>
               <part>
                  <!-- parent      --> "Root",
                  <!-- child       --> "Decor_Top-05",
                  <!-- position    --> -7.0042439, 15.233459, -25.170912,
                  <!-- orientation -->   1.0000000000,  1.6887419e-15, -1.6887414e-15,
                                       -1.6887419e-15,   1.0000000000,  977.95407e-18,
                                        1.6887414e-15, -977.95407e-18,   1.0000000000
               </part>
               <part>
                  <!-- parent      --> "Root",
                  <!-- child       --> "Decor_Top-06",
                  <!-- position    --> 7.0088067, 15.23346, -25.170908,
                  <!-- orientation -->   1.0000000000,  1.6887419e-15, -1.6887414e-15,
                                       -1.6887419e-15,   1.0000000000,  977.95407e-18,
                                        1.6887414e-15, -977.95407e-18,   1.0000000000
               </part>
               <part>
                  <!-- parent      --> "Root",
                  <!-- child       --> "Decor_Top-07",
                  <!-- position    --> 7.0087872, 15.233462, 25.017801,
                  <!-- orientation -->   1.0000000000,  1.6887419e-15, -1.6887414e-15,
                                       -1.6887419e-15,   1.0000000000,  977.95407e-18,
                                        1.6887414e-15, -977.95407e-18,   1.0000000000
               </part>
               <part>
                  <!-- parent      --> "Root",
                  <!-- child       --> "Decor_Top-08",
                  <!-- position    --> -7.0042605, 15.233463, 25.017792,
                  <!-- orientation -->   1.0000000000,  1.6887419e-15, -1.6887414e-15,
                                       -1.6887419e-15,   1.0000000000,  977.95407e-18,
                                        1.6887414e-15, -977.95407e-18,   1.0000000000
               </part>
               <part>
                  <!-- parent      --> "Root",
                  <!-- child       --> "exit_06",
                  <!-- position    --> 26.441099, 5.62746, -5.6766348,
                  <!-- orientation -->   1.0000000000,  1.6887419e-15, -1.6887414e-15,
                                       -1.6887419e-15,   1.0000000000,  977.95407e-18,
                                        1.6887414e-15, -977.95407e-18,   1.0000000000
               </part>
               <part>
                  <!-- parent      --> "Root",
                  <!-- child       --> "exit_07",
                  <!-- position    --> 26.441097, 5.6274614, 5.6766534,
                  <!-- orientation -->   1.0000000000,  1.6887419e-15, -1.6887414e-15,
                                       -1.6887419e-15,   1.0000000000,  977.95407e-18,
                                        1.6887414e-15, -977.95407e-18,   1.0000000000
               </part>
               <part>
                  <!-- parent      --> "Root",
                  <!-- child       --> "Floor-02",
                  <!-- position    --> -9.9999971, 42.29636e-6, -5.1674223,
                  <!-- orientation -->   1.0000000000,  1.6887419e-15, -1.6887414e-15,
                                       -1.6887419e-15,   1.0000000000,  977.95407e-18,
                                        1.6887414e-15, -977.95407e-18,   1.0000000000
               </part>
               <part>
                  <!-- parent      --> "Root",
                  <!-- child       --> "Floor-03",
                  <!-- position    --> -10, 46.014731e-6, 5.1674156,
                  <!-- orientation -->   1.0000000000,  1.6887419e-15, -1.6887414e-15,
                                       -1.6887419e-15,   1.0000000000,  977.95407e-18,
                                        1.6887414e-15, -977.95407e-18,   1.0000000000
               </part>
               <part>
                  <!-- parent      --> "Root",
                  <!-- child       --> "Floor-04",
                  <!-- position    --> 9.9999981, 50.564646e-6, 5.1674204,
                  <!-- orientation -->   1.0000000000,  1.6887419e-15, -1.6887414e-15,
                                       -1.6887419e-15,   1.0000000000,  977.95407e-18,
                                        1.6887414e-15, -977.95407e-18,   1.0000000000
               </part>
               <part>
                  <!-- parent      --> "Root",
                  <!-- child       --> "Floor_Smal-02",
                  <!-- position    --> 11.846932, 49.347214e-6, -22.82177,
                  <!-- orientation -->   1.0000000000,  1.6887419e-15, -1.6887414e-15,
                                       -1.6887419e-15,   1.0000000000,  977.95407e-18,
                                        1.6887414e-15, -977.95407e-18,   1.0000000000
               </part>
               <part>
                  <!-- parent      --> "Root",
                  <!-- child       --> "Floor_Smal-09",
                  <!-- position    --> -11.846915, 46.805264e-6, -22.821777,
                  <!-- orientation -->   1.0000000000,  1.6887419e-15, -1.6887414e-15,
                                       -1.6887419e-15,   1.0000000000,  977.95407e-18,
                                        1.6887414e-15, -977.95407e-18,   1.0000000000
               </part>
               <part>
                  <!-- parent      --> "Root",
                  <!-- child       --> "Floor_Smal-10",
                  <!-- position    --> -11.846933, 48.728736e-6, 22.821772,
                  <!-- orientation -->   1.0000000000,  1.6887419e-15, -1.6887414e-15,
                                       -1.6887419e-15,   1.0000000000,  977.95407e-18,
                                        1.6887414e-15, -977.95407e-18,   1.0000000000
               </part>
               <part>
                  <!-- parent      --> "Root",
                  <!-- child       --> "Floor_Smal-11",
                  <!-- position    --> 11.846916, 53.991545e-6, 22.821777,
                  <!-- orientation -->   1.0000000000,  1.6887419e-15, -1.6887414e-15,
                                       -1.6887419e-15,   1.0000000000,  977.95407e-18,
                                        1.6887414e-15, -977.95407e-18,   1.0000000000
               </part>
               <part>
                  <!-- parent      --> "Root",
                  <!-- child       --> "MAN06",
                  <!-- position    --> 22.149666, 7.8461542, -15.296288,
                  <!-- orientation -->   1.0000000000,  1.6887419e-15, -1.6887414e-15,
                                       -1.6887419e-15,   1.0000000000,  977.95407e-18,
                                        1.6887414e-15, -977.95407e-18,   1.0000000000
               </part>
               <part>
                  <!-- parent      --> "Root",
                  <!-- child       --> "MAN07",
                  <!-- position    --> 22.149658, 7.8461571, 15.296302,
                  <!-- orientation -->   1.0000000000,  1.6887419e-15, -1.6887414e-15,
                                       -1.6887419e-15,   1.0000000000,  977.95407e-18,
                                        1.6887414e-15, -977.95407e-18,   1.0000000000
               </part>
               <part>
                  <!-- parent      --> "Root",
                  <!-- child       --> "MAN09",
                  <!-- position    --> -22.149658, 7.8461499, -15.296305,
                  <!-- orientation -->   1.0000000000,  1.6887419e-15, -1.6887414e-15,
                                       -1.6887419e-15,   1.0000000000,  977.95407e-18,
                                        1.6887414e-15, -977.95407e-18,   1.0000000000
               </part>
               <part>
                  <!-- parent      --> "Root",
                  <!-- child       --> "MAN10",
                  <!-- position    --> -22.14967, 7.8461504, 15.296287,
                  <!-- orientation -->   1.0000000000,  1.6887419e-15, -1.6887414e-15,
                                       -1.6887419e-15,   1.0000000000,  977.95407e-18,
                                        1.6887414e-15, -977.95407e-18,   1.0000000000
               </part>
               <part>
                  <!-- parent      --> "Root",
                  <!-- child       --> "PoL_Nisha-01",
                  <!-- position    --> -5.9363947e-6, -1.251343, 15.811562,
                  <!-- orientation -->   1.0000000000,  1.6887419e-15, -1.6887414e-15,
                                       -1.6887419e-15,   1.0000000000,  977.95407e-18,
                                        1.6887414e-15, -977.95407e-18,   1.0000000000
               </part>
               <part>
                  <!-- parent      --> "Root",
                  <!-- child       --> "PoL_Nisha-02",
                  <!-- position    --> 4.9956075e-6, -1.2513463, -15.811561,
                  <!-- orientation -->   1.0000000000,  1.6887419e-15, -1.6887414e-15,
                                       -1.6887419e-15,   1.0000000000,  977.95407e-18,
                                        1.6887414e-15, -977.95407e-18,   1.0000000000
               </part>
               <part>
                  <!-- parent      --> "Root",
                  <!-- child       --> "Pol_Nisha-03",
                  <!-- position    --> -9.9713097, -1.2513473, -15.811564,
                  <!-- orientation -->   1.0000000000,  1.6887419e-15, -1.6887414e-15,
                                       -1.6887419e-15,   1.0000000000,  977.95407e-18,
                                        1.6887414e-15, -977.95407e-18,   1.0000000000
               </part>
               <part>
                  <!-- parent      --> "Root",
                  <!-- child       --> "Pol_Nisha-10",
                  <!-- position    --> 9.9713221, -1.251345, -15.811558,
                  <!-- orientation -->   1.0000000000,  1.6887419e-15, -1.6887414e-15,
                                       -1.6887419e-15,   1.0000000000,  977.95407e-18,
                                        1.6887414e-15, -977.95407e-18,   1.0000000000
               </part>
               <part>
                  <!-- parent      --> "Root",
                  <!-- child       --> "Pol_Nisha-11",
                  <!-- position    --> 9.9713106, -1.2513437, 15.811564,
                  <!-- orientation -->   1.0000000000,  1.6887419e-15, -1.6887414e-15,
                                       -1.6887419e-15,   1.0000000000,  977.95407e-18,
                                        1.6887414e-15, -977.95407e-18,   1.0000000000
               </part>
               <part>
                  <!-- parent      --> "Root",
                  <!-- child       --> "Pol_Nisha-12",
                  <!-- position    --> -9.9713221, -1.251344, 15.811557,
                  <!-- orientation -->   1.0000000000,  1.6887419e-15, -1.6887414e-15,
                                       -1.6887419e-15,   1.0000000000,  977.95407e-18,
                                        1.6887414e-15, -977.95407e-18,   1.0000000000
               </part>
               <part>
                  <!-- parent      --> "Root",
                  <!-- child       --> "Postament-01",
                  <!-- position    --> 19.137459, 2.0738341e-6, -16.507685,
                  <!-- orientation -->   1.0000000000,  1.6887419e-15, -1.6887414e-15,
                                       -1.6887419e-15,   1.0000000000,  977.95407e-18,
                                        1.6887414e-15, -977.95407e-18,   1.0000000000
               </part>
               <part>
                  <!-- parent      --> "Root",
                  <!-- child       --> "Postament-02",
                  <!-- position    --> 19.137449, 5.8093833e-6, 16.507702,
                  <!-- orientation -->   1.0000000000,  1.6887419e-15, -1.6887414e-15,
                                       -1.6887419e-15,   1.0000000000,  977.95407e-18,
                                        1.6887414e-15, -977.95407e-18,   1.0000000000
               </part>
               <part>
                  <!-- parent      --> "Root",
                  <!-- child       --> "Postament-03",
                  <!-- position    --> -19.137459, 17.682583e-9, 16.507687,
                  <!-- orientation -->   1.0000000000,  1.6887419e-15, -1.6887414e-15,
                                       -1.6887419e-15,   1.0000000000,  977.95407e-18,
                                        1.6887414e-15, -977.95407e-18,   1.0000000000
               </part>
               <part>
                  <!-- parent      --> "Root",
                  <!-- child       --> "Postament-04",
                  <!-- position    --> -19.137447, -1.4445083e-6, -16.5077,
                  <!-- orientation -->   1.0000000000,  1.6887419e-15, -1.6887414e-15,
                                       -1.6887419e-15,   1.0000000000,  977.95407e-18,
                                        1.6887414e-15, -977.95407e-18,   1.0000000000
               </part>
               <part>
                  <!-- parent      --> "Root",
                  <!-- child       --> "TR-01",
                  <!-- position    --> 45.341194, 5.8858304, -5.0848031,
                  <!-- orientation -->   1.0000000000,  1.6887419e-15, -1.6887414e-15,
                                       -1.6887419e-15,   1.0000000000,  977.95407e-18,
                                        1.6887414e-15, -977.95407e-18,   1.0000000000
               </part>
               <part>
                  <!-- parent      --> "Root",
                  <!-- child       --> "TR-02",
                  <!-- position    --> 45.341194, 5.8858318, 5.0848351,
                  <!-- orientation -->   1.0000000000,  1.6887419e-15, -1.6887414e-15,
                                       -1.6887419e-15,   1.0000000000,  977.95407e-18,
                                        1.6887414e-15, -977.95407e-18,   1.0000000000
               </part>
               <part>
                  <!-- parent      --> "Root",
                  <!-- child       --> "Wall_back-03cf",
                  <!-- position    --> -31.69969, 7.740025, -1.697282,
                  <!-- orientation -->   1.0000000000,  1.6887420e-15, -1.6887410e-15,
                                       -1.6887420e-15,   1.0000000000,  977.95407e-18,
                                        1.6887410e-15, -977.95407e-18,   1.0000000000
               </part>
               <part>
                  <!-- parent      --> "Root",
                  <!-- child       --> "Wall_back01cf",
                  <!-- position    --> -28.43548, 7.7400231, -7.2935648,
                  <!-- orientation -->   1.0000000000,  1.6887420e-15, -1.6887410e-15,
                                       -1.6887420e-15,   1.0000000000,  977.95407e-18,
                                        1.6887410e-15, -977.95407e-18,   1.0000000000
               </part>
               <part>
                  <!-- parent      --> "Root",
                  <!-- child       --> "Wall_back02cf",
                  <!-- position    --> -28.43548, 7.7400241, 7.2935438,
                  <!-- orientation -->   1.0000000000,  1.6887420e-15, -1.6887410e-15,
                                       -1.6887420e-15,   1.0000000000,  977.95407e-18,
                                        1.6887410e-15, -977.95407e-18,   1.0000000000
               </part>
               <part>
                  <!-- parent      --> "Root",
                  <!-- child       --> "Wool-01cf",
                  <!-- position    --> 26.45949, 10.81101, -0.55844879,
                  <!-- orientation -->   1.0000000000,  1.6887420e-15, -1.6887410e-15,
                                       -1.6887420e-15,   1.0000000000,  977.95407e-18,
                                        1.6887410e-15, -977.95407e-18,   1.0000000000
               </part>
               <part>
                  <!-- parent      --> "Root",
                  <!-- child       --> "Wool-4cf",
                  <!-- position    --> 24.59304, 16.345949, -19.18355,
                  <!-- orientation -->   1.0000000000,  1.6887420e-15, -1.6887410e-15,
                                       -1.6887420e-15,   1.0000000000,  977.95407e-18,
                                        1.6887410e-15, -977.95407e-18,   1.0000000000
               </part>
               <part>
                  <!-- parent      --> "Root",
                  <!-- child       --> "Wool-11cf",
                  <!-- position    --> -24.593031, 16.34594, -19.183571,
                  <!-- orientation -->   1.0000000000,  1.6887420e-15, -1.6887410e-15,
                                       -1.6887420e-15,   1.0000000000,  977.95407e-18,
                                        1.6887410e-15, -977.95407e-18,   1.0000000000
               </part>
               <part>
                  <!-- parent      --> "Root",
                  <!-- child       --> "Wool-12cf",
                  <!-- position    --> -24.59305, 16.345949, 19.18355,
                  <!-- orientation -->   1.0000000000,  1.6887420e-15, -1.6887410e-15,
                                       -1.6887420e-15,   1.0000000000,  977.95407e-18,
                                        1.6887410e-15, -977.95407e-18,   1.0000000000
               </part>
               <part>
                  <!-- parent      --> "Root",
                  <!-- child       --> "Wool-13cf",
                  <!-- position    --> 24.593031, 16.345949, 19.183571,
                  <!-- orientation -->   1.0000000000,  1.6887420e-15, -1.6887410e-15,
                                       -1.6887420e-15,   1.0000000000,  977.95407e-18,
                                        1.6887410e-15, -977.95407e-18,   1.0000000000
               </part>
            </Fix>
         </Cons>
      </Cmpnd>
      <Material_library name="Material library">
         <Material_count name="Material count" type="int">24</Material_count>
         <detailmap_lib_eq_03-17.tga name="detailmap_lib_eq#03-17.tga">
            <Type type="text">DcDtBt</Type>
            <Dt_name type="text">detailmap_lib_eq#03-17.tga</Dt_name>
            <Dt_flags type="int">0x40</Dt_flags>
            <Bt_name type="text">ceiling_gen.tga</Bt_name>
            <Bt_flags type="int">0x50</Bt_flags>
         </detailmap_lib_eq_03-17.tga>
         <detailmap_lib_eq_03-20.tga name="detailmap_lib_eq#03-20.tga">
            <Type type="text">DcDtBt</Type>
            <Dt_name type="text">detailmap_lib_eq#03-20.tga</Dt_name>
            <Bt_name type="text">3ceiling_gen.tga</Bt_name>
            <Dt_flags type="int">0x40</Dt_flags>
            <Bt_flags type="int">0x40</Bt_flags>
         </detailmap_lib_eq_03-20.tga>
         <detailmap_lib_eq_03-01.tga name="detailmap_lib_eq#03-01.tga">
            <Type type="text">DcDtBt</Type>
            <Dt_name type="text">detailmap_lib_eq#03-01.tga</Dt_name>
