<?xml version="1.0" encoding="ISO-8859-1"?>
<!-- XML generated by UTFXML Version 2.2 built 19-Aug-2010 -->
<UTFXML filename="li_manhattan_trader02.cmp" path="BASES\LIBERTY">
   <UTF_ROOT>
      <VMeshLibrary>
         <data.bases.liberty.li_manhattan_trader02.lod0-112.vms include="li_manhattan_trader02_cmp\lod0-112.vms.xml"/>
         <data.bases.liberty.li_manhattan_trader02.lod0-212.vms include="li_manhattan_trader02_cmp\lod0-212.vms.xml"/>
      </VMeshLibrary>
      <Exporter_Version name="Exporter Version" type="text">Nov  5 2002 11:41:55</Exporter_Version>
      <Cmpnd>
         <Root>
            <Object_name name="Object name" type="text">Root</Object_name>
            <File_name name="File name" type="text">Root_trade021111195321.3db</File_name>
            <Index type="int">0</Index>
         </Root>
         <Part_Trader>
            <Object_name name="Object name" type="text">Trader</Object_name>
            <File_name name="File name" type="text">Trader021111195321.3db</File_name>
            <Index type="int">1</Index>
         </Part_Trader>
         <Part_ExitDoor>
            <Object_name name="Object name" type="text">ExitDoor</Object_name>
            <File_name name="File name" type="text">ExitDoor021111195321.3db</File_name>
            <Index type="int">2</Index>
         </Part_ExitDoor>
         <Part_cap>
            <Object_name name="Object name" type="text">cap</Object_name>
            <File_name name="File name" type="text">cap021111195321.3db</File_name>
            <Index type="int">3</Index>
         </Part_cap>
         <Cons>
            <Fix type="Fix" count="3">
               <part>
                  <!-- parent      --> "Root",
                  <!-- child       --> "Trader",
                  <!-- position    --> 1.0768116, 17.04071, -5.7517505,
                  <!-- orientation -->   1.0000000000, -489.69092e-24, -14.210854e-15,
                                        489.69082e-24,   1.0000000000, -7.1054307e-15,
                                        14.210854e-15,  7.1054307e-15,   1.0000000000
               </part>
               <part>
                  <!-- parent      --> "Root",
                  <!-- child       --> "ExitDoor",
                  <!-- position    --> 5.6073551, 11.490139, -33.994976,
                  <!-- orientation -->   1.0000000000,  7.1054265e-15,  21.316284e-15,
                                       -7.1054265e-15,   1.0000000000, -14.447392e-15,
                                       -21.316284e-15,  14.447392e-15,   1.0000000000
               </part>
               <part>
                  <!-- parent      --> "Root",
                  <!-- child       --> "cap",
                  <!-- position    --> 1.2638835, 23.763479, -1.9715669,
                  <!-- orientation -->   1.0000000000,  201.51872e-09,  548.43963e-09,
                                       -201.51877e-09,   1.0000000000,  95.243955e-09,
                                       -548.43963e-09, -95.244069e-09,   1.0000000000
               </part>
            </Fix>
         </Cons>
      </Cmpnd>
      <Material_library name="Material library">
         <Material_count name="Material count" type="int">25</Material_count>
         <detailmap_Ftrad1021111195321>
            <Type type="text">DcDtBtEc</Type>
            <Dt_name type="text">tr_r_32.tga021111195321</Dt_name>
            <Dt_flags type="int">0x40</Dt_flags>
            <Bt_name type="text">dtl_tile02.tga021111195321</Bt_name>
            <Bt_flags type="int">0x50</Bt_flags>
            <Ec type="RGB">0.4, 0.4, 0.4</Ec>
         </detailmap_Ftrad1021111195321>
         <detailmap_Ftrad3021111195321>
            <Type type="text">DcDtBtEc</Type>
            <Dt_name type="text">tr_r_34.tga021111195321</Dt_name>
            <Dt_flags type="int">0x40</Dt_flags>
            <Bt_name type="text">dtl_tile02.tga021111195321</Bt_name>
            <Bt_flags type="int">0x50</Bt_flags>
            <Ec type="RGB">0.4, 0.4, 0.4</Ec>
         </detailmap_Ftrad3021111195321>
         <detailmap_Ftrad2021111195321>
            <Type type="text">DcDtBtEc</Type>
            <Dt_name type="text">tr_r_33.tga021111195321</Dt_name>
            <Dt_flags type="int">0x40</Dt_flags>
            <Bt_name type="text">dtl_tile02.tga021111195321</Bt_name>
            <Bt_flags type="int">0x50</Bt_flags>
            <Ec type="RGB">0.4, 0.4, 0.4</Ec>
         </detailmap_Ftrad2021111195321>
         <detailmap_Ftrad4021111195321>
            <Type type="text">DcDtBtEc</Type>
            <Dt_name type="text">tr_r_35.tga021111195321</Dt_name>
            <Dt_flags type="int">0x40</Dt_flags>
            <Bt_name type="text">dtl_tile02.tga021111195321</Bt_name>
            <Bt_flags type="int">0x50</Bt_flags>
            <Ec type="RGB">0.4, 0.4, 0.4</Ec>
         </detailmap_Ftrad4021111195321>
         <tr_r_6.tga021111195321>
            <Type type="text">DcDtEc</Type>
            <Dt_name type="text">tr_r_6.tga021111195321</Dt_name>
            <Dt_flags type="int">0x40</Dt_flags>
            <Ec type="RGB">0.4, 0.4, 0.4</Ec>
         </tr_r_6.tga021111195321>
         <tr_r_8.tga021111195321>
            <Type type="text">DcDtEc</Type>
            <Dt_name type="text">tr_r_8.tga021111195321</Dt_name>
            <Dt_flags type="int">0x40</Dt_flags>
            <Ec type="RGB">0.4, 0.4, 0.4</Ec>
         </tr_r_8.tga021111195321>
         <detailmap_Ftrad5021111195321>
            <Type type="text">DcDtBtEc</Type>
            <Dt_name type="text">tr_r_6.tga021111195321</Dt_name>
            <Dt_flags type="int">0x40</Dt_flags>
            <Bt_name type="text">dtl_tile02.tga021111195321</Bt_name>
            <Bt_flags type="int">0x50</Bt_flags>
            <Ec type="RGB">0.4, 0.4, 0.4</Ec>
         </detailmap_Ftrad5021111195321>
         <tr_r_26.tga021111195321>
            <Type type="text">DcDt</Type>
            <Dt_name type="text">tr_r_26.tga021111195321</Dt_name>
            <Dt_flags type="int">0x40</Dt_flags>
         </tr_r_26.tga021111195321>
         <tr_r_15.tga021111195321>
            <Type type="text">DcDtEc</Type>
            <Dt_name type="text">tr_r_15.tga021111195321</Dt_name>
            <Dt_flags type="int">0x40</Dt_flags>
            <Ec type="RGB">0.35, 0.35, 0.35</Ec>
         </tr_r_15.tga021111195321>
         <tr_r_17.tga021111195321>
            <Type type="text">DcDtEc</Type>
            <Dt_name type="text">tr_r_17.tga021111195321</Dt_name>
            <Dt_flags type="int">0x40</Dt_flags>
            <Ec type="RGB">0.35, 0.35, 0.35</Ec>
         </tr_r_17.tga021111195321>
         <tr_r_27.tga021111195321>
            <Type type="text">DcDtEcOcOt</Type>
            <Dt_name type="text">tr_r_27.tga021111195321tr_r_28.tga</Dt_name>
            <Dt_flags type="int">0x40</Dt_flags>
            <Ec type="RGB">1, 1, 1</Ec>
         </tr_r_27.tga021111195321>
         <glass_Mantrader021111195321>
            <Type type="text">DcDtEcOcOt</Type>
            <Dt_name type="text">tr_r_29.tga021111195321</Dt_name>
            <Dt_flags type="int">0x40</Dt_flags>
            <Ec type="RGB">1, 1, 1</Ec>
            <Oc type="float">0.61</Oc>
         </glass_Mantrader021111195321>
         <tr_r_36.tga021111195321>
            <Type type="text">DcDt</Type>
            <Dt_name type="text">tr_r_36.tga021111195321</Dt_name>
            <Dt_flags type="int">0x40</Dt_flags>
         </tr_r_36.tga021111195321>
         <tr_r_24.tga021111195321>
            <Type type="text">DcDtEc</Type>
            <Dt_name type="text">tr_r_24.tga021111195321</Dt_name>
            <Dt_flags type="int">0x40</Dt_flags>
            <Ec type="RGB">0.5, 0.5, 0.5</Ec>
         </tr_r_24.tga021111195321>
         <tr_r_2.tga021111195321>
            <Type type="text">DcDtOcOt</Type>
            <Dt_name type="text">tr_r_2.tga021111195321tr_r_3.tga</Dt_name>
            <Dt_flags type="int">0x40</Dt_flags>
         </tr_r_2.tga021111195321>
         <tr_r_16.tga021111195321>
            <Type type="text">DcDtEc</Type>
            <Dt_name type="text">tr_r_16.tga021111195321</Dt_name>
            <Dt_flags type="int">0x40</Dt_flags>
            <Ec type="RGB">0.35, 0.35, 0.35</Ec>
         </tr_r_16.tga021111195321>
         <tr_r_18.tga021111195321>
            <Type type="text">DcDtEc</Type>
            <Dt_name type="text">tr_r_18.tga021111195321</Dt_name>
            <Dt_flags type="int">0x40</Dt_flags>
            <Ec type="RGB">0.35, 0.35, 0.35</Ec>
         </tr_r_18.tga021111195321>
         <tr_r_25.tga021111195321>
            <Type type="text">DcDtEc</Type>
            <Dt_name type="text">tr_r_25.tga021111195321</Dt_name>
            <Dt_flags type="int">0x40</Dt_flags>
            <Ec type="RGB">1, 1, 1</Ec>
         </tr_r_25.tga021111195321>
         <tr_r_19.tga021111195321>
            <Type type="text">DcDtEc</Type>
            <Dt_name type="text">tr_r_19.tga021111195321</Dt_name>
            <Dt_flags type="int">0x40</Dt_flags>
            <Ec type="RGB">0.4, 0.4, 0.4</Ec>
         </tr_r_19.tga021111195321>
         <tr_r_20.tga021111195321>
            <Type type="text">DcDt</Type>
            <Dt_name type="text">tr_r_20.tga021111195321</Dt_name>
            <Dt_flags type="int">0x40</Dt_flags>
         </tr_r_20.tga021111195321>
         <tr_r_37.tga021111195321>
            <Type type="text">DcDt</Type>
            <Dt_name type="text">tr_r_37.tga021111195321</Dt_name>
            <Dt_flags type="int">0x40</Dt_flags>
         </tr_r_37.tga021111195321>
         <tr_r_38.tga021111195321>
            <Type type="text">DcDt</Type>
            <Dt_name type="text">tr_r_38.tga021111195321</Dt_name>
            <Dt_flags type="int">0x40</Dt_flags>
         </tr_r_38.tga021111195321>
         <tr_r_5.tga021111195321>
            <Type type="text">DcDtTwo</Type>
            <Dt_name type="text">tr_r_5a.tga021111195321</Dt_name>
            <Dt_flags type="int">0x40</Dt_flags>
         </tr_r_5.tga021111195321>
         <window021111195321>
            <Type type="text">DcDtEcOcOt</Type>
            <Dc type="RGB">0.70588237, 0.56862748, 0</Dc>
            <Dt_name type="text">tr_r_29.tga021111195321</Dt_name>
            <Dt_flags type="int">0x40</Dt_flags>
            <Ec type="RGB">0.70588237, 0.56862748, 0</Ec>
            <Oc type="float">0.32</Oc>
         </window021111195321>
         <ceiling_genForbB021111195321>
            <Type type="text">DcDt</Type>
            <Dc type="RGB">0.23137257, 0.37254903, 0.60392159</Dc>
            <Dt_name type="text">ceiling_gen01.tga021111195321</Dt_name>
            <Dt_flags type="int">0x40</Dt_flags>
         </ceiling_genForbB021111195321>
      </Material_library>
      <Texture_library name="Texture library">
         <ceiling_gen01.tga021111195321>
            <MIPS type="file" filename="li_manhattan_trader02_cmp\ceiling_gen01.dds"/>
         </ceiling_gen01.tga021111195321>
         <tr_r_5a.tga021111195321>
            <MIPS type="file" filename="li_manhattan_trader02_cmp\tr_r_5a.dds"/>
         </tr_r_5a.tga021111195321>
         <tr_r_38.tga021111195321>
            <MIPS type="file" filename="li_manhattan_trader02_cmp\tr_r_38.dds"/>
         </tr_r_38.tga021111195321>
         <tr_r_37.tga021111195321>
            <MIPS type="file" filename="li_manhattan_trader02_cmp\tr_r_37.dds"/>
         </tr_r_37.tga021111195321>
         <tr_r_20.tga021111195321>
            <MIPS type="file" filename="li_manhattan_trader02_cmp\tr_r_20.dds"/>
         </tr_r_20.tga021111195321>
         <tr_r_19.tga021111195321>
            <MIPS type="file" filename="li_manhattan_trader02_cmp\tr_r_19.dds"/>
         </tr_r_19.tga021111195321>
         <tr_r_25.tga021111195321>
            <MIPS type="file" filename="li_manhattan_trader02_cmp\tr_r_25.dds"/>
         </tr_r_25.tga021111195321>
         <tr_r_18.tga021111195321>
            <MIPS type="file" filename="li_manhattan_trader02_cmp\tr_r_18.dds"/>
         </tr_r_18.tga021111195321>
         <tr_r_16.tga021111195321>
            <MIPS type="file" filename="li_manhattan_trader02_cmp\tr_r_16.dds"/>
         </tr_r_16.tga021111195321>
         <tr_r_2.tga021111195321tr_r_3.tga>
            <MIPS type="file" filename="li_manhattan_trader02_cmp\tr_r_2.tga021111195321tr_r_3.dds"/>
         </tr_r_2.tga021111195321tr_r_3.tga>
         <tr_r_24.tga021111195321>
            <MIPS type="file" filename="li_manhattan_trader02_cmp\tr_r_24.dds"/>
         </tr_r_24.tga021111195321>
         <tr_r_36.tga021111195321>
            <MIPS type="file" filename="li_manhattan_trader02_cmp\tr_r_36.dds"/>
         </tr_r_36.tga021111195321>
         <tr_r_29.tga021111195321>
            <MIPS type="file" filename="li_manhattan_trader02_cmp\tr_r_29.dds"/>
         </tr_r_29.tga021111195321>
         <tr_r_27.tga021111195321tr_r_28.tga>
            <MIPS type="file" filename="li_manhattan_trader02_cmp\tr_r_27.tga021111195321tr_r_28.dds"/>
         </tr_r_27.tga021111195321tr_r_28.tga>
         <tr_r_17.tga021111195321>
            <MIPS type="file" filename="li_manhattan_trader02_cmp\tr_r_17.dds"/>
         </tr_r_17.tga021111195321>
         <tr_r_15.tga021111195321>
            <MIPS type="file" filename="li_manhattan_trader02_cmp\tr_r_15.dds"/>
         </tr_r_15.tga021111195321>
         <tr_r_26.tga021111195321>
            <MIPS type="file" filename="li_manhattan_trader02_cmp\tr_r_26.dds"/>
         </tr_r_26.tga021111195321>
         <tr_r_8.tga021111195321>
            <MIPS type="file" filename="li_manhattan_trader02_cmp\tr_r_8.dds"/>
         </tr_r_8.tga021111195321>
         <tr_r_6.tga021111195321>
            <MIPS type="file" filename="li_manhattan_trader02_cmp\tr_r_6.dds"/>
         </tr_r_6.tga021111195321>
         <tr_r_35.tga021111195321>
            <MIPS type="file" filename="li_manhattan_trader02_cmp\tr_r_35.dds"/>
         </tr_r_35.tga021111195321>
         <tr_r_33.tga021111195321>
            <MIPS type="file" filename="li_manhattan_trader02_cmp\tr_r_33.dds"/>
         </tr_r_33.tga021111195321>
         <tr_r_34.tga021111195321>
            <MIPS type="file" filename="li_manhattan_trader02_cmp\tr_r_34.dds"/>
         </tr_r_34.tga021111195321>
         <dtl_tile02.tga021111195321>
            <MIPS type="file" filename="li_manhattan_trader02_cmp\dtl_tile02.dds"/>
         </dtl_tile02.tga021111195321>
         <tr_r_32.tga021111195321>
            <MIPS type="file" filename="li_manhattan_trader02_cmp\tr_r_32.dds"/>
         </tr_r_32.tga021111195321>
      </Texture_library>
      <Root_trade021111195321.3db>
         <VMeshPart>
            <VMeshRef type="VMeshRef">
               <!-- header size  --> 60,
               <!-- vmesh lib    --> data.bases.liberty.li_manhattan_trader02.lod0-212.vms,
               <!-- start vert   --> 0,
               <!-- num verts    --> 149,
               <!-- start index  --> 0,
               <!-- num indices  --> 303,
               <!-- start mesh   --> 0,
               <!-- num meshes   --> 7,
               <!-- bounding box -->  25.603605,  -111.39655e-6,  34.304657,
                                     -25.603605,    -1.6788079,  -34.304657,
               <!-- center       -->  -1.1129336,   -0.65948159,  -1.1807467,
               <!-- radius       --> 44.423214
            </VMeshRef>
         </VMeshPart>
         <Hardpoints>
            <Fixed>
               <HpCharacter01>
                  <Position type="Vector">4.1090264, -0.012833118, 14.234077</Position>
                  <Orientation type="Matrix">
                      -0.9848078500, -17.038104e-09,   0.1736477300,
                      3.5766143e-09,   1.0000000000,  118.40283e-09,
                      -0.1736477300,  117.22511e-09,  -0.9848078500
                  </Orientation>
               </HpCharacter01>
               <HpCharacter02>
                  <Position type="Vector">8.4168692, -0.012832975, 13.073508</Position>
                  <Orientation type="Matrix">
                      -0.4999996100, -17.038131e-09,  -0.8660256300,
                     -110.03902e-09,   1.0000000000,  43.857057e-09,
                       0.8660256300,  117.22512e-09,  -0.4999996100
                  </Orientation>
               </HpCharacter02>
               <HpCharacter03>
                  <Position type="Vector">5.6318426, -0.012833261, 16.763168</Position>
                  <Orientation type="Matrix">
                       0.8191518200, -17.038117e-09,   0.5735767500,
                      81.194401e-09,   1.0000000000, -86.252491e-09,
                      -0.5735767500,  117.22511e-09,   0.8191518200
                  </Orientation>
               </HpCharacter03>
               <HpCharacter04>
                  <Position type="Vector">-19.10479, -0.012834618, 29.297234</Position>
                  <Orientation type="Matrix">
                     -476.83710e-09, -17.038134e-09,   1.0000000000,
                      117.22511e-09,   1.0000000000,  17.038190e-09,
                      -1.0000000000,  117.22512e-09, -476.83710e-09
                  </Orientation>
               </HpCharacter04>
               <HpCharacter04Start>
                  <Position type="Vector">18.9, -0.012833689, 25.312752</Position>
                  <Orientation type="Matrix">
                     -476.83710e-09, -17.038134e-09,   1.0000000000,
                      117.22511e-09,   1.0000000000,  17.038190e-09,
                      -1.0000000000,  117.22512e-09, -476.83710e-09
                  </Orientation>
               </HpCharacter04Start>
               <HpPlayer>
                  <Position type="Vector">-0.33037221, -0.012833475, 18.004356</Position>
                  <Orientation type="Matrix">
                       0.6427878100, -17.038136e-09,  -0.7660442600,
                     -78.847719e-09,   1.0000000000, -88.402842e-09,
                       0.7660442600,  117.22511e-09,   0.6427878100
                  </Orientation>
               </HpPlayer>
               <HpPlayerStart>
                  <Position type="Vector">-1.1468457, -0.012834689, 33.642452</Position>
                  <Orientation type="Matrix">
                       1.0000000000, -17.038124e-09,  377.61538e-09,
                      17.038168e-09,   1.0000000000, -117.22511e-09,
                     -377.61538e-09,  117.22512e-09,   1.0000000000
                  </Orientation>
               </HpPlayerStart>
               <HpSalesman>
                  <Position type="Vector">0.32103914, -0.012833403, 16.837851</Position>
                  <Orientation type="Matrix">
                      -0.9396928000, -17.038127e-09,   0.3420196800,
                      24.082697e-09,   1.0000000000,  115.98298e-09,
                      -0.3420196800,  117.22513e-09,  -0.9396928000
                  </Orientation>
               </HpSalesman>
               <HpSalesmanStart>
                  <Position type="Vector">-0.24014205, -0.012832262, 1.5544276</Position>
                  <Orientation type="Matrix">
                      -1.0000000000, -17.038134e-09, -502.00725e-09,
                     -17.038193e-09,   1.0000000000,  117.22510e-09,
                      502.00725e-09,  117.22511e-09,  -1.0000000000
                  </Orientation>
               </HpSalesmanStart>
               <HpAdvert01>
                  <Position type="Vector">-4.0023861, 14.864138, 26.076038</Position>
                  <Orientation type="Matrix">
                       1.0000000000, -17.038106e-09,  590.05589e-09,
                      17.038175e-09,   1.0000000000, -117.22511e-09,
                     -590.05589e-09,  117.22512e-09,   1.0000000000
                  </Orientation>
               </HpAdvert01>
               <HpAdvert02>
                  <Position type="Vector">-3.9734488, 14.864139, 15.403464</Position>
                  <Orientation type="Matrix">
                       1.0000000000, -17.038106e-09,  590.05589e-09,
                      17.038175e-09,   1.0000000000, -117.22511e-09,
                     -590.05589e-09,  117.22512e-09,   1.0000000000
                  </Orientation>
               </HpAdvert02>
               <HpCan01>
                  <Position type="Vector">-3.1286771, 0.37805566, 26.706953</Position>
                  <Orientation type="Matrix">
                       1.0000000000, -17.038106e-09,  590.05583e-09,
                      17.038175e-09,   1.0000000000, -117.22512e-09,
                     -590.05583e-09,  117.22513e-09,   1.0000000000
                  </Orientation>
               </HpCan01>
               <HpComo01>
                  <Position type="Vector">-0.87157816, 5.14745, 25.169909</Position>
                  <Orientation type="Matrix">
                       1.0000000000, -17.038106e-09,  590.05583e-09,
                      17.038175e-09,   1.0000000000, -117.22512e-09,
                     -590.05583e-09,  117.22513e-09,   1.0000000000
                  </Orientation>
               </HpComo01>
               <HpCan02>
                  <Position type="Vector">-3.1286833, 0.37805638, 16.045012</Position>
                  <Orientation type="Matrix">
                       1.0000000000, -17.038106e-09,  590.05583e-09,
                      17.038175e-09,   1.0000000000, -117.22512e-09,
                     -590.05583e-09,  117.22513e-09,   1.0000000000
                  </Orientation>
               </HpCan02>
               <HpCan03>
                  <Position type="Vector">-3.128691, 0.37805739, 3.0365021</Position>
                  <Orientation type="Matrix">
                       1.0000000000, -17.038106e-09,  590.05583e-09,
                      17.038175e-09,   1.0000000000, -117.22512e-09,
                     -590.05583e-09,  117.22513e-09,   1.0000000000
                  </Orientation>
               </HpCan03>
               <HpCan04>
                  <Position type="Vector">-3.1286991, 0.37805837, -10.300066</Position>
                  <Orientation type="Matrix">
                       1.0000000000, -17.038106e-09,  590.05583e-09,
                      17.038175e-09,   1.0000000000, -117.22512e-09,
                     -590.05583e-09,  117.22513e-09,   1.0000000000
                  </Orientation>
               </HpCan04>
               <HpCan05>
                  <Position type="Vector">15.220277, 0.37805766, 3.2756584</Position>
                  <Orientation type="Matrix">
                       1.0000000000, -17.038106e-09,  590.05583e-09,
                      17.038175e-09,   1.0000000000, -117.22512e-09,
                     -590.05583e-09,  117.22513e-09,   1.0000000000
                  </Orientation>
               </HpCan05>
               <HpCan06>
                  <Position type="Vector">15.172405, 0.37805679, 15.578811</Position>
                  <Orientation type="Matrix">
                       1.0000000000, -17.038106e-09,  590.05583e-09,
                      17.038175e-09,   1.0000000000, -117.22512e-09,
                     -590.05583e-09,  117.22513e-09,   1.0000000000
                  </Orientation>
               </HpCan06>
               <HpComo02>
                  <Position type="Vector">-0.87158412, 5.14745, 14.996714</Position>
                  <Orientation type="Matrix">
                       1.0000000000, -17.038106e-09,  590.05583e-09,
                      17.038175e-09,   1.0000000000, -117.22512e-09,
                     -590.05583e-09,  117.22513e-09,   1.0000000000
                  </Orientation>
               </HpComo02>
               <HpComo03>
                  <Position type="Vector">-0.87159109, 5.1474509, 3.3107629</Position>
                  <Orientation type="Matrix">
                       1.0000000000, -17.038106e-09,  590.05583e-09,
                      17.038175e-09,   1.0000000000, -117.22512e-09,
                     -590.05583e-09,  117.22513e-09,   1.0000000000
                  </Orientation>
               </HpComo03>
               <HpComo04>
                  <Position type="Vector">-0.87159908, 5.1474519, -10.226274</Position>
                  <Orientation type="Matrix">
                       1.0000000000, -17.038106e-09,  590.05583e-09,
                      17.038175e-09,   1.0000000000, -117.22512e-09,
                     -590.05583e-09,  117.22513e-09,   1.0000000000
                  </Orientation>
               </HpComo04>
               <HpComo05>
                  <Position type="Vector">12.758292, 5.1081963, 3.3492408</Position>
                  <Orientation type="Matrix">
                       1.0000000000, -17.038106e-09,  590.05583e-09,
                      17.038175e-09,   1.0000000000, -117.22512e-09,
                     -590.05583e-09,  117.22513e-09,   1.0000000000
                  </Orientation>
               </HpComo05>
               <HpComo06>
                  <Position type="Vector">12.758301, 5.1081948, 15.651472</Position>
                  <Orientation type="Matrix">
                       1.0000000000, -17.038106e-09,  590.05583e-09,
                      17.038175e-09,   1.0000000000, -117.22512e-09,
                     -590.05583e-09,  117.22513e-09,   1.0000000000
                  </Orientation>
               </HpComo06>
               <HpAdvert03>
                  <Position type="Vector">-3.9055316, 8.9741669, 25.539516</Position>
                  <Orientation type="Matrix">
                       1.0000000000, -17.038117e-09,  590.05595e-09,
                      17.038186e-09,   1.0000000000, -117.22511e-09,
                     -590.05595e-09,  117.22512e-09,   1.0000000000
                  </Orientation>
               </HpAdvert03>
               <HpAdvert04>
                  <Position type="Vector">-4.0114884, 9.4402714, 15.466084</Position>
                  <Orientation type="Matrix">
                       1.0000000000, -17.038117e-09,  590.05595e-09,
                      17.038186e-09,   1.0000000000, -117.22511e-09,
                     -590.05595e-09,  117.22512e-09,   1.0000000000
                  </Orientation>
               </HpAdvert04>
               <HpAdvert05>
                  <Position type="Vector">-3.6902084, 9.4514256, 2.5309913</Position>
                  <Orientation type="Matrix">
                       1.0000000000, -17.038117e-09,  590.05595e-09,
                      17.038186e-09,   1.0000000000, -117.22511e-09,
                     -590.05595e-09,  117.22512e-09,   1.0000000000
                  </Orientation>
               </HpAdvert05>
            </Fixed>
         </Hardpoints>
      </Root_trade021111195321.3db>
      <Trader021111195321.3db>
         <VMeshPart>
            <VMeshRef type="VMeshRef">
               <!-- header size  --> 60,
               <!-- vmesh lib    --> data.bases.liberty.li_manhattan_trader02.lod0-112.vms,
               <!-- start vert   --> 0,
               <!-- num verts    --> 2361,
               <!-- start index  --> 0,
               <!-- num indices  --> 4680,
               <!-- start mesh   --> 0,
               <!-- num meshes   --> 17,
               <!-- bounding box -->  23.036568,    6.7620201,  39.999603,
                                     -26.666227,  -31.859585,  -27.245428,
               <!-- center       -->  -1.2311388,  -9.1195831,   6.4789352,
               <!-- radius       --> 45.117958
            </VMeshRef>
         </VMeshPart>
      </Trader021111195321.3db>
      <ExitDoor021111195321.3db>
         <VMeshPart>
            <VMeshRef type="VMeshRef">
               <!-- header size  --> 60,
               <!-- vmesh lib    --> data.bases.liberty.li_manhattan_trader02.lod0-112.vms,
               <!-- start vert   --> 2365,
               <!-- num verts    --> 582,
               <!-- start index  --> 4686,
               <!-- num indices  --> 618,
               <!-- start mesh   --> 18,
               <!-- num meshes   --> 4,
               <!-- bounding box -->  4.3317285,    11.45943,     0.99785078,
                                     -4.3317285,   -11.509887,   -0.99778652,
               <!-- center       --> -0.089591585,   0.02164167,  0.036015965,
               <!-- radius       --> 11.940648
            </VMeshRef>
         </VMeshPart>
      </ExitDoor021111195321.3db>
      <cap021111195321.3db>
         <VMeshPart>
            <VMeshRef type="VMeshRef">
               <!-- header size  --> 60,
               <!-- vmesh lib    --> data.bases.liberty.li_manhattan_trader02.lod0-112.vms,
               <!-- start vert   --> 2361,
               <!-- num verts    --> 4,
               <!-- start index  --> 4680,
               <!-- num indices  --> 6,
               <!-- start mesh   --> 17,
               <!-- num meshes   --> 1,
               <!-- bounding box -->  28.59726,  -103.48805e-6,  36.816605,
                                     -28.59726,  -120.49688e-6, -36.816605,
               <!-- center       -->  -2.111376, -111.94232e-6,  -1.110276,
               <!-- radius       --> 48.800293
            </VMeshRef>
         </VMeshPart>
      </cap021111195321.3db>
   </UTF_ROOT>
</UTFXML>
