<?xml version="1.0" encoding="ISO-8859-1"?>
<!-- XML generated by UTFXML Version 2.2 built 19-Aug-2010 -->
<UTFXML filename="li_manhattan_bar.cmp" path="BASES\LIBERTY">
   <UTF_ROOT>
      <VMeshLibrary>
         <data.bases.liberty.li_manhattan_bar.lod0-112.vms include="li_manhattan_bar_cmp\lod0-112.vms.xml"/>
         <data.bases.liberty.li_manhattan_bar.lod0-212.vms include="li_manhattan_bar_cmp\lod0-212.vms.xml"/>
      </VMeshLibrary>
      <Exporter_Version name="Exporter Version" type="text">Nov  5 2002 11:41:55</Exporter_Version>
      <Cmpnd>
         <Root>
            <Object_name name="Object name" type="text">Root</Object_name>
            <File_name name="File name" type="text">Root_bar021206170321.3db</File_name>
            <Index type="int">0</Index>
         </Root>
         <Part_Mission_Vendor>
            <Object_name name="Object name" type="text">Mission_Vendor</Object_name>
            <File_name name="File name" type="text">Mission_Vendor021206170321.3db</File_name>
            <Index type="int">1</Index>
         </Part_Mission_Vendor>
         <Part_Room>
            <Object_name name="Object name" type="text">Room</Object_name>
            <File_name name="File name" type="text">Room021206170321.3db</File_name>
            <Index type="int">2</Index>
         </Part_Room>
         <Part_NewsVendor>
            <Object_name name="Object name" type="text">NewsVendor</Object_name>
            <File_name name="File name" type="text">NewsVendor021206170321.3db</File_name>
            <Index type="int">3</Index>
         </Part_NewsVendor>
         <Part_cap>
            <Object_name name="Object name" type="text">cap</Object_name>
            <File_name name="File name" type="text">cap021206170321.3db</File_name>
            <Index type="int">4</Index>
         </Part_cap>
         <Part_missionscreen>
            <Object_name name="Object name" type="text">missionscreen</Object_name>
            <File_name name="File name" type="text">missionscreen021206170321.3db</File_name>
            <Index type="int">5</Index>
         </Part_missionscreen>
         <Part_newsscreen3>
            <Object_name name="Object name" type="text">newsscreen3</Object_name>
            <File_name name="File name" type="text">newsscreen3021206170321.3db</File_name>
            <Index type="int">6</Index>
         </Part_newsscreen3>
         <Part_chairs>
            <Object_name name="Object name" type="text">chairs</Object_name>
            <File_name name="File name" type="text">chairs021206170321.3db</File_name>
            <Index type="int">7</Index>
         </Part_chairs>
         <Cons>
            <Fix type="Fix" count="7">
               <part>
                  <!-- parent      --> "Root",
                  <!-- child       --> "Mission_Vendor",
                  <!-- position    --> -2.8128676, 2.2716506, -0.84570366,
                  <!-- orientation -->   1.0000000000, -3.6879448e-09, -38.871351e-12,
                                        3.6879448e-09,   1.0000000000,  1.2471935e-09,
                                        38.871347e-12, -1.2471935e-09,   1.0000000000
               </part>
               <part>
                  <!-- parent      --> "Root",
                  <!-- child       --> "Room",
                  <!-- position    --> -1.1882442, 5.3153415, -3.1772058,
                  <!-- orientation -->   1.0000000000, -143.53176e-18, -38.871406e-12,
                                        143.53176e-18,   1.0000000000, -856.39706e-18,
                                        38.871406e-12,  856.39706e-18,   1.0000000000
               </part>
               <part>
                  <!-- parent      --> "Root",
                  <!-- child       --> "NewsVendor",
                  <!-- position    --> -0.59947532, 4.0828171, 5.0721555,
                  <!-- orientation -->   1.0000000000, -143.53176e-18, -38.871406e-12,
                                        143.53176e-18,   1.0000000000, -856.39706e-18,
                                        38.871406e-12,  856.39706e-18,   1.0000000000
               </part>
               <part>
                  <!-- parent      --> "Root",
                  <!-- child       --> "cap",
                  <!-- position    --> 0.25603172, 9.5148134, 0.12888065,
                  <!-- orientation -->  -0.2419217700, -288.36425e-09,   0.9702957300,
                                       -178.47704e-09,   1.0000000000,  252.69279e-09,
                                        -0.9702957300, -112.04363e-09,  -0.2419217700
               </part>
               <part>
                  <!-- parent      --> "Root",
                  <!-- child       --> "missionscreen",
                  <!-- position    --> -1.1882442, 5.3153415, -3.1772058,
                  <!-- orientation -->   1.0000000000, -143.53176e-18, -38.871406e-12,
                                        143.53176e-18,   1.0000000000, -856.39706e-18,
                                        38.871406e-12,  856.39706e-18,   1.0000000000
               </part>
               <part>
                  <!-- parent      --> "Root",
                  <!-- child       --> "newsscreen3",
                  <!-- position    --> -1.1882442, 5.3153415, -3.1772058,
                  <!-- orientation -->   1.0000000000, -143.53176e-18, -38.871406e-12,
                                        143.53176e-18,   1.0000000000, -856.39706e-18,
                                        38.871406e-12,  856.39706e-18,   1.0000000000
               </part>
               <part>
                  <!-- parent      --> "Root",
                  <!-- child       --> "chairs",
                  <!-- position    --> -2.5903935, 0.43773007, 2.2290685,
                  <!-- orientation -->   1.0000000000, -3.6879448e-09, -38.871351e-12,
                                        3.6879448e-09,   1.0000000000,  1.2471935e-09,
                                        38.871347e-12, -1.2471935e-09,   1.0000000000
               </part>
            </Fix>
         </Cons>
      </Cmpnd>
      <Material_library name="Material library">
         <Material_count name="Material count" type="int">34</Material_count>
         <detailmap_flor_1.TGA>
            <Type type="text">DcDtBtEc</Type>
            <Dt_name type="text">lib_bar_n_flor_1.tga021206170321</Dt_name>
            <Dt_flags type="int">0x40</Dt_flags>
            <Bt_name type="text">dtl_tile02.tga021206170321</Bt_name>
            <Bt_flags type="int">0x50</Bt_flags>
            <Ec type="RGB">0.25, 0.25, 0.25</Ec>
         </detailmap_flor_1.TGA>
         <detailmap_flor_3.TGA>
            <Type type="text">DcDtBtEc</Type>
            <Dc type="RGB">0.99215692, 0.99215692, 0.99607849</Dc>
            <Dt_name type="text">lib_bar_n_flor_3.tga021206170321</Dt_name>
            <Dt_flags type="int">0x40</Dt_flags>
            <Bt_name type="text">dtl_tile02.tga021206170321</Bt_name>
            <Bt_flags type="int">0x50</Bt_flags>
            <Ec type="RGB">0.24803923, 0.24803923, 0.24901962</Ec>
         </detailmap_flor_3.TGA>
         <detailmap_flor_2.TGA>
            <Type type="text">DcDtBtEc</Type>
            <Dt_name type="text">lib_bar_n_flor_2.tga021206170321</Dt_name>
            <Dt_flags type="int">0x40</Dt_flags>
            <Bt_name type="text">dtl_tile02.tga021206170321</Bt_name>
            <Bt_flags type="int">0x50</Bt_flags>
            <Ec type="RGB">0.25, 0.25, 0.25</Ec>
         </detailmap_flor_2.TGA>
         <detailmap_flor_tile>
            <Type type="text">DcDtBtEc</Type>
            <Dt_name type="text">lib_bar_n_flor_tile.tga021206170321</Dt_name>
            <Dt_flags type="int">0x40</Dt_flags>
            <Bt_name type="text">dtl_tile02.tga021206170321</Bt_name>
            <Bt_flags type="int">0x50</Bt_flags>
            <Ec type="RGB">0.25, 0.25, 0.25</Ec>
         </detailmap_flor_tile>
         <Lib_Bar_MVendor.tga>
            <Type type="text">DcDt</Type>
            <Dt_name type="text">lib_bar_mvendor.tga021206170321</Dt_name>
            <Dt_flags type="int">0x40</Dt_flags>
         </Lib_Bar_MVendor.tga>
         <Mission_Vendor>
            <Type type="text">DcDtEc</Type>
            <Dt_name type="text">mission_vendor.tga021206170321</Dt_name>
            <Dt_flags type="int">0x40</Dt_flags>
            <Ec type="RGB">1, 1, 1</Ec>
         </Mission_Vendor>
         <panel_glow>
            <Type type="text">DcDtEc</Type>
            <Dt_name type="text">lib_bar_n_lift_w_exit.tga021206170321</Dt_name>
            <Dt_flags type="int">0x40</Dt_flags>
            <Ec type="RGB">0.45, 0.45, 0.45</Ec>
         </panel_glow>
         <animatedpiller2>
            <Type type="text">DcDtEc</Type>
            <Dt_name type="text">animatedpiller2.tga021206170321</Dt_name>
            <Dt_flags type="int">0x40</Dt_flags>
            <Ec type="RGB">1, 1, 1</Ec>
         </animatedpiller2>
         <detailmap_barbottom>
            <Type type="text">DcDtBtEc</Type>
            <Dt_name type="text">lib_bar_n_st.tga021206170321</Dt_name>
            <Dt_flags type="int">0x40</Dt_flags>
            <Bt_name type="text">detailmap_ground01.tga021206170321</Bt_name>
            <Bt_flags type="int">0x50</Bt_flags>
            <Ec type="RGB">0.45, 0.45, 0.45</Ec>
         </detailmap_barbottom>
         <detailmap_Lib_Bar_n_st.TGA>
            <Type type="text">DcDtBtEc</Type>
            <Dt_name type="text">lib_bar_n_st.tga021206170321</Dt_name>
            <Dt_flags type="int">0x40</Dt_flags>
            <Bt_name type="text">detailmap_ground01.tga021206170321</Bt_name>
            <Bt_flags type="int">0x50</Bt_flags>
            <Ec type="RGB">1, 1, 1</Ec>
         </detailmap_Lib_Bar_n_st.TGA>
         <lib_bar_n_klava.tga>
            <Type type="text">DcDt</Type>
            <Dt_name type="text">lib_bar_n_klava.tga021206170321</Dt_name>
            <Dt_flags type="int">0x40</Dt_flags>
         </lib_bar_n_klava.tga>
         <lib_bar_n_lamp.tga>
            <Type type="text">DcDtEc</Type>
            <Dt_name type="text">lib_bar_n_lamp.tga021206170321</Dt_name>
            <Dt_flags type="int">0x40</Dt_flags>
            <Ec type="RGB">0.6, 0.6, 0.6</Ec>
         </lib_bar_n_lamp.tga>
         <detailmap_lib_bar_n_w_2>
            <Type type="text">DcDtBtEc</Type>
            <Dt_name type="text">lib_bar_n_w_2.tga021206170321</Dt_name>
            <Dt_flags type="int">0x40</Dt_flags>
            <Bt_name type="text">detailmap_ground01.tga021206170321</Bt_name>
            <Bt_flags type="int">0x50</Bt_flags>
            <Ec type="RGB">0.35, 0.35, 0.35</Ec>
         </detailmap_lib_bar_n_w_2>
         <lib_bar_n_pil_1.TGA>
            <Type type="text">DcDtEc</Type>
            <Dt_name type="text">lib_bar_n_pil_1.tga021206170321</Dt_name>
            <Dt_flags type="int">0x40</Dt_flags>
            <Ec type="RGB">0.35, 0.35, 0.35</Ec>
         </lib_bar_n_pil_1.TGA>
         <lib_bar_n_w_3.tga>
            <Type type="text">DcDtEc</Type>
            <Dt_name type="text">lib_bar_n_w_3.tga021206170321</Dt_name>
            <Dt_flags type="int">0x40</Dt_flags>
            <Ec type="RGB">0.35, 0.35, 0.35</Ec>
         </lib_bar_n_w_3.tga>
         <detailmap_lib_bar_n_w_1.tga>
            <Type type="text">DcDtBtEc</Type>
            <Dt_name type="text">lib_bar_n_w_1.tga021206170321</Dt_name>
            <Dt_flags type="int">0x40</Dt_flags>
            <Bt_name type="text">detailmap_ground01.tga021206170321</Bt_name>
            <Bt_flags type="int">0x50</Bt_flags>
            <Ec type="RGB">0.2, 0.2, 0.2</Ec>
         </detailmap_lib_bar_n_w_1.tga>
         <Lib_Bar_n_arm-chear.TGA>
            <Type type="text">DcDtEcTwo</Type>
            <Dt_name type="text">lib_bar_n_arm-chear 2.tga021206170321</Dt_name>
            <Dt_flags type="int">0x40</Dt_flags>
            <Ec type="RGB">0.4, 0.4, 0.4</Ec>
         </Lib_Bar_n_arm-chear.TGA>
         <Chair_End name="Chair End">
            <Type type="text">DcDtEc</Type>
            <Dt_name type="text">lib_bar_n_arm-chear 3.tga021206170321</Dt_name>
            <Dt_flags type="int">0x4A</Dt_flags>
            <Ec type="RGB">0.25, 0.25, 0.25</Ec>
         </Chair_End>
         <Lib_Bar_n_eagle_1.TGA>
            <Type type="text">DcDtEc</Type>
            <Dt_name type="text">lib_bar_n_eagle_1.tga021206170321</Dt_name>
            <Dt_flags type="int">0x40</Dt_flags>
            <Ec type="RGB">0.6, 0.6, 0.6</Ec>
         </Lib_Bar_n_eagle_1.TGA>
         <Lib_Bar_n_eagle_2.TGA>
            <Type type="text">DcDtEc</Type>
            <Dt_name type="text">lib_bar_n_eagle_2.tga021206170321</Dt_name>
            <Dt_flags type="int">0x40</Dt_flags>
            <Ec type="RGB">0.6, 0.6, 0.6</Ec>
         </Lib_Bar_n_eagle_2.TGA>
         <lib_bar_n_tabl.tga>
            <Type type="text">DcDtEcOcOt</Type>
            <Dt_name type="text">lib_bar_n_tabl.tga021206170321lib_bar_n_light1@2.tga</Dt_name>
            <Dt_flags type="int">0x40</Dt_flags>
            <Ec type="RGB">1, 1, 1</Ec>
            <Oc type="float">0.25</Oc>
         </lib_bar_n_tabl.tga>
         <lib_bar_n_w_2.tga>
            <Type type="text">DcDtEc</Type>
            <Dt_name type="text">lib_bar_n_w_2.tga021206170321</Dt_name>
            <Dt_flags type="int">0x40</Dt_flags>
            <Ec type="RGB">1, 1, 1</Ec>
         </lib_bar_n_w_2.tga>
         <_28white.tga name="128white.tga">
            <Type type="text">DcDtEcOcOt</Type>
            <Dt_name type="text">128white.tga021206170321lib_bar_n_tabl_op.tga</Dt_name>
            <Dt_flags type="int">0x40</Dt_flags>
            <Ec type="RGB">0.35, 0.35, 0.35</Ec>
         </_28white.tga>
         <Lib_Bar_n_pil_W_exit.TGA>
            <Dt_name type="text">lib_bar_n_pil_w_exit.tga021206170321</Dt_name>
            <Ec type="RGB">0.3, 0.3, 0.3</Ec>
            <Dm1_name type="text">limanbardtl1</Dm1_name>
            <Dm0_name type="text">limanbardtl1</Dm0_name>
            <Dm0_flags type="int">0x40</Dm0_flags>
            <Dm1_flags type="int">0x40</Dm1_flags>
            <Type type="text">Masked2DetailMapMaterial</Type>
            <Dt_flags type="int">0x40</Dt_flags>
            <TileRate0 type="float">3</TileRate0>
            <TileRate1 type="float">3</TileRate1>
         </Lib_Bar_n_pil_W_exit.TGA>
         <lib_bar_n_pil_2.TGA>
            <Dt_name type="text">lib_bar_n_pil_2.tga021206170321</Dt_name>
            <Ec type="RGB">0.35, 0.35, 0.35</Ec>
            <Dm1_name type="text">limanbardtl1</Dm1_name>
            <Dm0_name type="text">limanbardtl1</Dm0_name>
            <Dm0_flags type="int">0x40</Dm0_flags>
            <Dm1_flags type="int">0x40</Dm1_flags>
            <Type type="text">Masked2DetailMapMaterial</Type>
            <Dt_flags type="int">0x40</Dt_flags>
            <TileRate0 type="float">3</TileRate0>
            <TileRate1 type="float">3</TileRate1>
         </lib_bar_n_pil_2.TGA>
         <Lib_Bar_n_lift_Z.TGA>
            <Dc type="RGB">0.99215692, 0.99215692, 0.99215692</Dc>
            <Dt_name type="text">lib_bar_n_lift_z.tga021206170321</Dt_name>
            <Ec type="RGB">0.34725493, 0.34725493, 0.34725493</Ec>
            <Dm1_name type="text">limanbardtl1</Dm1_name>
            <Dm0_name type="text">limanbardtl1</Dm0_name>
            <Dm0_flags type="int">0x40</Dm0_flags>
            <Dm1_flags type="int">0x40</Dm1_flags>
            <Type type="text">Masked2DetailMapMaterial</Type>
            <Dt_flags type="int">0x40</Dt_flags>
            <TileRate0 type="float">3</TileRate0>
            <TileRate1 type="float">3</TileRate1>
         </Lib_Bar_n_lift_Z.TGA>
         <lib_bar_n_pil_4.TGA>
            <Dt_name type="text">lib_bar_n_pil_4.tga021206170321</Dt_name>
            <Ec type="RGB">0.35, 0.35, 0.35</Ec>
            <Dm1_name type="text">limanbardtl1</Dm1_name>
            <Dm0_name type="text">limanbardtl1</Dm0_name>
            <Dm0_flags type="int">0x40</Dm0_flags>
            <Dm1_flags type="int">0x40</Dm1_flags>
            <Type type="text">Masked2DetailMapMaterial</Type>
            <Dt_flags type="int">0x40</Dt_flags>
            <TileRate0 type="float">3</TileRate0>
            <TileRate1 type="float">3</TileRate1>
         </lib_bar_n_pil_4.TGA>
         <Lib_Bar_n_lift_W.TGA>
            <Dc type="RGB">0.99215692, 0.99215692, 0.99215692</Dc>
            <Dt_name type="text">lib_bar_n_lift_w.tga021206170321</Dt_name>
            <Ec type="RGB">0.34725493, 0.34725493, 0.34725493</Ec>
            <Dm1_name type="text">limanbardtl1</Dm1_name>
            <Dm0_name type="text">limanbardtl1</Dm0_name>
            <Dm0_flags type="int">0x40</Dm0_flags>
            <Dm1_flags type="int">0x40</Dm1_flags>
            <Type type="text">Masked2DetailMapMaterial</Type>
            <Dt_flags type="int">0x40</Dt_flags>
            <TileRate0 type="float">3</TileRate0>
            <TileRate1 type="float">3</TileRate1>
         </Lib_Bar_n_lift_W.TGA>
         <detailmap_Lib_Bar_n_lift_W_exit.TGA>
            <Type type="text">DcDtBtEc</Type>
            <Dt_name type="text">lib_bar_n_lift_w_exit.tga021206170321</Dt_name>
            <Dt_flags type="int">0x40</Dt_flags>
            <Bt_name type="text">dtl_tile08.tga021206170321</Bt_name>
            <Bt_flags type="int">0x50</Bt_flags>
            <Ec type="RGB">0.05, 0.05, 0.05</Ec>
         </detailmap_Lib_Bar_n_lift_W_exit.TGA>
         <Lib_Bar_n_window.TGA>
            <Type type="text">DcDtEcOcOt</Type>
            <Dt_name type="text">lib_bar_n_window.tga021206170321lib_bar_n_window_op.tga</Dt_name>
            <Dt_flags type="int">0x40</Dt_flags>
            <Ec type="RGB">0.35, 0.35, 0.35</Ec>
         </Lib_Bar_n_window.TGA>
         <lib_bar_n_landscap.tga>
            <Type type="text">DcDtEc</Type>
            <Dt_name type="text">lib_bar_n_landscap.tga021206170321</Dt_name>
            <Dt_flags type="int">0x40</Dt_flags>
            <Ec type="RGB">1, 1, 1</Ec>
         </lib_bar_n_landscap.tga>
         <News_02_>
            <Type type="text">DcDtEc</Type>
            <Dt_name type="text">news.tga021206170321</Dt_name>
            <Dt_flags type="int">0x40</Dt_flags>
            <Ec type="RGB">1, 1, 1</Ec>
         </News_02_>
         <Material__206 name="Material #206">
            <Type type="text">DcDt</Type>
            <Dt_name type="text">ceiling_cap.tga021206170321</Dt_name>
            <Dt_flags type="int">0x40</Dt_flags>
         </Material__206>
         <Lib_Bar_n_chear.TGA>
            <Type type="text">DcDtEcTwo</Type>
            <Dt_name type="text">lib_bar_n_chear.tga021206170321</Dt_name>
            <Dt_flags type="int">0x40</Dt_flags>
            <Ec type="RGB">0.75, 0.75, 0.75</Ec>
         </Lib_Bar_n_chear.TGA>
      </Material_library>
      <Texture_library name="Texture library">
         <lib_bar_n_chear.tga021206170321>
            <MIPS type="file" filename="li_manhattan_bar_cmp\lib_bar_n_chear.dds"/>
         </lib_bar_n_chear.tga021206170321>
         <ceiling_cap.tga021206170321>
            <MIPS type="file" filename="li_manhattan_bar_cmp\ceiling_cap.dds"/>
         </ceiling_cap.tga021206170321>
         <news.tga021206170321>
            <MIPS type="file" filename="li_manhattan_bar_cmp\news.dds"/>
         </news.tga021206170321>
         <lib_bar_n_landscap.tga021206170321>
            <MIPS type="file" filename="li_manhattan_bar_cmp\lib_bar_n_landscap.dds"/>
         </lib_bar_n_landscap.tga021206170321>
         <lib_bar_n_window.tga021206170321lib_bar_n_window_op.tga>
            <MIPS type="file" filename="li_manhattan_bar_cmp\lib_bar_n_window.tga021206170321lib_bar_n_window_op.dds"/>
         </lib_bar_n_window.tga021206170321lib_bar_n_window_op.tga>
         <dtl_tile08.tga021206170321>
            <MIPS type="file" filename="li_manhattan_bar_cmp\dtl_tile08.dds"/>
         </dtl_tile08.tga021206170321>
         <lib_bar_n_lift_w.tga021206170321>
            <MIPS type="file" filename="li_manhattan_bar_cmp\lib_bar_n_lift_w.dds"/>
         </lib_bar_n_lift_w.tga021206170321>
         <lib_bar_n_pil_4.tga021206170321>
            <MIPS type="file" filename="li_manhattan_bar_cmp\lib_bar_n_pil_4.dds"/>
         </lib_bar_n_pil_4.tga021206170321>
         <lib_bar_n_lift_z.tga021206170321>
            <MIPS type="file" filename="li_manhattan_bar_cmp\lib_bar_n_lift_z.dds"/>
         </lib_bar_n_lift_z.tga021206170321>
         <lib_bar_n_pil_2.tga021206170321>
            <MIPS type="file" filename="li_manhattan_bar_cmp\lib_bar_n_pil_2.dds"/>
         </lib_bar_n_pil_2.tga021206170321>
         <lib_bar_n_pil_w_exit.tga021206170321>
            <MIPS type="file" filename="li_manhattan_bar_cmp\lib_bar_n_pil_w_exit.dds"/>
         </lib_bar_n_pil_w_exit.tga021206170321>
         <_28white.tga021206170321lib_bar_n_tabl_op.tga name="128white.tga021206170321lib_bar_n_tabl_op.tga">
            <MIPS type="file" filename="li_manhattan_bar_cmp\128white.tga021206170321lib_bar_n_tabl_op.dds"/>
         </_28white.tga021206170321lib_bar_n_tabl_op.tga>
         <lib_bar_n_tabl.tga021206170321lib_bar_n_light1_2.tga name="lib_bar_n_tabl.tga021206170321lib_bar_n_light1@2.tga">
            <MIPS type="file" filename="li_manhattan_bar_cmp\lib_bar_n_tabl.tga021206170321lib_bar_n_light1@2.dds"/>
         </lib_bar_n_tabl.tga021206170321lib_bar_n_light1_2.tga>
         <lib_bar_n_eagle_2.tga021206170321>
            <MIPS type="file" filename="li_manhattan_bar_cmp\lib_bar_n_eagle_2.dds"/>
         </lib_bar_n_eagle_2.tga021206170321>
         <lib_bar_n_eagle_1.tga021206170321>
            <MIPS type="file" filename="li_manhattan_bar_cmp\lib_bar_n_eagle_1.dds"/>
         </lib_bar_n_eagle_1.tga021206170321>
         <lib_bar_n_arm-chear_3.tga021206170321 name="lib_bar_n_arm-chear 3.tga021206170321">
            <MIPS type="file" filename="li_manhattan_bar_cmp\lib_bar_n_arm-chear 3.dds"/>
         </lib_bar_n_arm-chear_3.tga021206170321>
         <lib_bar_n_arm-chear_2.tga021206170321 name="lib_bar_n_arm-chear 2.tga021206170321">
            <MIPS type="file" filename="li_manhattan_bar_cmp\lib_bar_n_arm-chear 2.dds"/>
         </lib_bar_n_arm-chear_2.tga021206170321>
         <lib_bar_n_w_1.tga021206170321>
            <MIPS type="file" filename="li_manhattan_bar_cmp\lib_bar_n_w_1.dds"/>
         </lib_bar_n_w_1.tga021206170321>
         <lib_bar_n_w_3.tga021206170321>
            <MIPS type="file" filename="li_manhattan_bar_cmp\lib_bar_n_w_3.dds"/>
         </lib_bar_n_w_3.tga021206170321>
         <lib_bar_n_pil_1.tga021206170321>
            <MIPS type="file" filename="li_manhattan_bar_cmp\lib_bar_n_pil_1.dds"/>
         </lib_bar_n_pil_1.tga021206170321>
         <lib_bar_n_w_2.tga021206170321>
            <MIPS type="file" filename="li_manhattan_bar_cmp\lib_bar_n_w_2.dds"/>
         </lib_bar_n_w_2.tga021206170321>
         <lib_bar_n_lamp.tga021206170321>
            <MIPS type="file" filename="li_manhattan_bar_cmp\lib_bar_n_lamp.dds"/>
         </lib_bar_n_lamp.tga021206170321>
         <lib_bar_n_klava.tga021206170321>
            <MIPS type="file" filename="li_manhattan_bar_cmp\lib_bar_n_klava.dds"/>
         </lib_bar_n_klava.tga021206170321>
         <detailmap_ground01.tga021206170321>
            <MIPS type="file" filename="li_manhattan_bar_cmp\detailmap_ground01.dds"/>
         </detailmap_ground01.tga021206170321>
         <lib_bar_n_st.tga021206170321>
            <MIPS type="file" filename="li_manhattan_bar_cmp\lib_bar_n_st.dds"/>
         </lib_bar_n_st.tga021206170321>
         <animatedpiller2.tga021206170321>
            <MIPS type="file" filename="li_manhattan_bar_cmp\animatedpiller2.dds"/>
         </animatedpiller2.tga021206170321>
         <lib_bar_n_lift_w_exit.tga021206170321>
            <MIPS type="file" filename="li_manhattan_bar_cmp\lib_bar_n_lift_w_exit.dds"/>
         </lib_bar_n_lift_w_exit.tga021206170321>
         <mission_vendor.tga021206170321>
            <MIPS type="file" filename="li_manhattan_bar_cmp\mission_vendor.dds"/>
         </mission_vendor.tga021206170321>
         <lib_bar_mvendor.tga021206170321>
            <MIPS type="file" filename="li_manhattan_bar_cmp\lib_bar_mvendor.dds"/>
         </lib_bar_mvendor.tga021206170321>
         <lib_bar_n_flor_tile.tga021206170321>
            <MIPS type="file" filename="li_manhattan_bar_cmp\lib_bar_n_flor_tile.dds"/>
         </lib_bar_n_flor_tile.tga021206170321>
         <lib_bar_n_flor_2.tga021206170321>
            <MIPS type="file" filename="li_manhattan_bar_cmp\lib_bar_n_flor_2.dds"/>
         </lib_bar_n_flor_2.tga021206170321>
         <lib_bar_n_flor_3.tga021206170321>
            <MIPS type="file" filename="li_manhattan_bar_cmp\lib_bar_n_flor_3.dds"/>
         </lib_bar_n_flor_3.tga021206170321>
         <dtl_tile02.tga021206170321>
            <MIPS type="file" filename="li_manhattan_bar_cmp\dtl_tile02.dds"/>
         </dtl_tile02.tga021206170321>
         <lib_bar_n_flor_1.tga021206170321>
            <MIPS type="file" filename="li_manhattan_bar_cmp\lib_bar_n_flor_1.dds"/>
         </lib_bar_n_flor_1.tga021206170321>
         <limanbardtl1>
            <MIPS type="file" filename="li_manhattan_bar_cmp\limanbardtl1.dds"/>
         </limanbardtl1>
      </Texture_library>
      <Root_bar021206170321.3db>
         <VMeshPart>
            <VMeshRef type="VMeshRef">
               <!-- header size  --> 60,
               <!-- vmesh lib    --> data.bases.liberty.li_manhattan_bar.lod0-212.vms,
               <!-- start vert   --> 0,
               <!-- num verts    --> 158,
               <!-- start index  --> 0,
               <!-- num indices  --> 414,
               <!-- start mesh   --> 0,
               <!-- num meshes   --> 4,
               <!-- bounding box --> 11.222162,    0.0021721234, 14.172938,
                                     -9.6061344,  -0.0021727849, -8.7375832,
               <!-- center       -->  0.54561186, 37.934111e-6,   2.8564317,
               <!-- radius       --> 11.95008
            </VMeshRef>
         </VMeshPart>
         <VMeshWire include="li_manhattan_bar_cmp\Root_bar.vwd.xml"/>
         <Hardpoints>
            <Fixed>
               <HpBarman>
                  <Position type="Vector">-0.87968296, -0.0088597676, 4.6279459</Position>
                  <Orientation type="Matrix">
                       0.9702952500,  117.42278e-09,   0.2419238700,
                     -161.37939e-09,   1.0000000000,  161.88099e-09,
                      -0.2419238700, -196.11389e-09,   0.9702952500
                  </Orientation>
               </HpBarman>
               <HpCharacter01>
                  <Position type="Vector">-5.9279976, -0.008860385, 1.2740035</Position>
                  <Orientation type="Matrix">
                       0.9702952500,  117.42278e-09,   0.2419238700,
                     -161.37939e-09,   1.0000000000,  161.88099e-09,
                      -0.2419238700, -196.11389e-09,   0.9702952500
                  </Orientation>
               </HpCharacter01>
               <HpCharacter04>
                  <Position type="Vector">-2.8117599, -0.0088604493, 6.4970732</Position>
                  <Orientation type="Matrix">
                       0.9702952500,  117.42278e-09,   0.2419238700,
                     -161.37939e-09,   1.0000000000,  161.88099e-09,
                      -0.2419238700, -196.11389e-09,   0.9702952500
                  </Orientation>
               </HpCharacter04>
               <HpCharacter05>
                  <Position type="Vector">-3.9673109, -0.0088600209, 4.497035</Position>
                  <Orientation type="Matrix">
                       0.9702952500,  117.42278e-09,   0.2419238700,
                     -161.37939e-09,   1.0000000000,  161.88099e-09,
                      -0.2419238700, -196.11389e-09,   0.9702952500
                  </Orientation>
               </HpCharacter05>
               <HpCharacter06>
                  <Position type="Vector">-6.7030282, -0.0088586137, 5.7839875</Position>
                  <Orientation type="Matrix">
                       0.9702952500,  117.42278e-09,   0.2419238700,
                     -161.37939e-09,   1.0000000000,  161.88099e-09,
                      -0.2419238700, -196.11389e-09,   0.9702952500
                  </Orientation>
               </HpCharacter06>
               <HpCharacter02>
                  <Position type="Vector">-6.2152934, -0.0088592246, 3.1092372</Position>
                  <Orientation type="Matrix">
                       0.9702952500,  117.42278e-09,   0.2419238700,
                     -161.37939e-09,   1.0000000000,  161.88099e-09,
                      -0.2419238700, -196.11389e-09,   0.9702952500
                  </Orientation>
               </HpCharacter02>
               <HpCharacter07>
                  <Position type="Vector">-4.5046091, -0.0088605499, 0.9713819</Position>
                  <Orientation type="Matrix">
                       0.9702952500,  117.42278e-09,   0.2419238700,
                     -161.37939e-09,   1.0000000000,  161.88099e-09,
                      -0.2419238700, -196.11389e-09,   0.9702952500
                  </Orientation>
               </HpCharacter07>
               <HpCharacter08>
                  <Position type="Vector">-4.4635644, -0.0088606048, -1.7970821</Position>
                  <Orientation type="Matrix">
                       0.9702952500,  117.42278e-09,   0.2419238700,
                     -161.37939e-09,   1.0000000000,  161.88099e-09,
                      -0.2419238700, -196.11389e-09,   0.9702952500
                  </Orientation>
               </HpCharacter08>
               <HpCharacter09>
                  <Position type="Vector">-6.0921469, -0.0088607678, -1.6344005</Position>
                  <Orientation type="Matrix">
                       0.9702952500,  117.42278e-09,   0.2419238700,
                     -161.37939e-09,   1.0000000000,  161.88099e-09,
                      -0.2419238700, -196.11389e-09,   0.9702952500
                  </Orientation>
               </HpCharacter09>
               <HpCharacter10>
                  <Position type="Vector">4.5433712, -0.0088597219, -3.7574186</Position>
                  <Orientation type="Matrix">
                       0.9702952500,  117.42278e-09,   0.2419238700,
                     -161.37939e-09,   1.0000000000,  161.88099e-09,
                      -0.2419238700, -196.11389e-09,   0.9702952500
                  </Orientation>
               </HpCharacter10>
               <HpCharacter11>
                  <Position type="Vector">3.5551524, -0.0088598253, -3.8344297</Position>
                  <Orientation type="Matrix">
                       0.9702952500,  117.42278e-09,   0.2419238700,
                     -161.37939e-09,   1.0000000000,  161.88099e-09,
                      -0.2419238700, -196.11389e-09,   0.9702952500
                  </Orientation>
               </HpCharacter11>
               <HpPlayerStart>
                  <Position type="Vector">-3.0315948, -0.008862203, -7.4607873</Position>
                  <Orientation type="Matrix">
                       0.9702952500, -391.97968e-09,   0.2419238800,
                      369.09992e-09,   1.0000000000,  139.89428e-09,
                      -0.2419238800, -46.444672e-09,   0.9702952500
                  </Orientation>
               </HpPlayerStart>
               <HpPlayer>
                  <Position type="Vector">-1.435761, -0.0088602472, 0.394611</Position>
                  <Orientation type="Matrix">
                       0.9743696500,  109.89578e-09,   0.2249530000,
                     -171.08161e-09,   1.0000000000,  252.50139e-09,
                      -0.2249530000, -284.51501e-09,   0.9743696500
                  </Orientation>
               </HpPlayer>
               <HpCharacter12>
                  <Position type="Vector">-3.0689647, -0.0088599464, 3.6946709</Position>
                  <Orientation type="Matrix">
                      -0.5446406600, -255.75835e-09,   0.8386694800,
                     -318.22856e-09,   1.0000000000,  98.296304e-09,
                      -0.8386694800, -213.35244e-09,  -0.5446406600
                  </Orientation>
               </HpCharacter12>
               <HpCharacter13>
                  <Position type="Vector">-3.0689156, 0.89252108, 3.6946585</Position>
                  <Orientation type="Matrix">
                      -0.5446406600, -255.75835e-09,   0.8386694800,
                     -318.22856e-09,   1.0000000000,  98.296304e-09,
                      -0.8386694800, -213.35244e-09,  -0.5446406600
                  </Orientation>
               </HpCharacter13>
               <HpCharacter14>
                  <Position type="Vector">-8.7287169, -0.0088609764, 1.3247579</Position>
                  <Orientation type="Matrix">
                       0.8829466700,  94.019057e-09,   0.4694732700,
                     -206.94614e-09,   1.0000000000,  188.94228e-09,
                      -0.4694732700, -263.98163e-09,   0.8829466700
                  </Orientation>
               </HpCharacter14>
               <HpCharacter15>
                  <Position type="Vector">2.8502302, -0.0088598197, -0.22471909</Position>
                  <Orientation type="Matrix">
                       0.4848110700,  80.614974e-09,  -0.8746188900,
                     -236.90171e-09,   1.0000000000, -39.145736e-09,
                       0.8746188900,  226.17699e-09,   0.4848110700
                  </Orientation>
               </HpCharacter15>
               <HpPlayer02>
                  <Position type="Vector">-5.0012031, -0.0088604968, 5.9456992</Position>
                  <Orientation type="Matrix">
                      -0.7193411600, -429.31467e-09,   0.6946569100,
                     -245.85000e-09,   1.0000000000,  363.43786e-09,
                      -0.6946569100,  90.654417e-09,  -0.7193411600
                  </Orientation>
               </HpPlayer02>
               <HpBarProp01>
                  <Position type="Vector">-2.1197195, 1.1732855, 4.4487219</Position>
                  <Orientation type="Matrix">
                      -0.5446406600, -255.75835e-09,   0.8386694800,
                     -318.22856e-09,   1.0000000000,  98.296304e-09,
                      -0.8386694800, -213.35244e-09,  -0.5446406600
                  </Orientation>
               </HpBarProp01>
               <HpBarProp02>
                  <Position type="Vector">-1.0668875, 1.1732854, 1.7899463</Position>
                  <Orientation type="Matrix">
                      -0.5446406600, -255.75835e-09,   0.8386694800,
                     -318.22856e-09,   1.0000000000,  98.296304e-09,
                      -0.8386694800, -213.35244e-09,  -0.5446406600
                  </Orientation>
               </HpBarProp02>
               <HpBarProp03>
                  <Position type="Vector">-1.9269222, 1.1732854, 3.1742857</Position>
                  <Orientation type="Matrix">
                      -0.5446406600, -255.75835e-09,   0.8386694800,
                     -318.22856e-09,   1.0000000000,  98.296304e-09,
                      -0.8386694800, -213.35244e-09,  -0.5446406600
                  </Orientation>
               </HpBarProp03>
               <HpMVend>
                  <Position type="Vector">-2.7889025, 1.9278405, -0.74543208</Position>
                  <Orientation type="Matrix">
                      -0.9702957300,  45.244402e-09,  -0.2419218000,
                     -10.076972e-09,   1.0000000000,  227.43730e-09,
                       0.2419218000,  223.11929e-09,  -0.9702957300
                  </Orientation>
               </HpMVend>
               <HpNVend>
                  <Position type="Vector">-0.59947538, 4.0828171, 5.0721574</Position>
                  <Orientation type="Matrix">
                      -0.8012081400,  -0.3318606300,  -0.4979297500,
                      -0.3270753900,   0.9396926200,  -0.0999970730,
                       0.5010860000,   0.0827421020,  -0.8614328500
                  </Orientation>
               </HpNVend>
            </Fixed>
         </Hardpoints>
      </Root_bar021206170321.3db>
      <Mission_Vendor021206170321.3db>
         <VMeshPart>
            <VMeshRef type="VMeshRef">
               <!-- header size  --> 60,
               <!-- vmesh lib    --> data.bases.liberty.li_manhattan_bar.lod0-112.vms,
               <!-- start vert   --> 18,
               <!-- num verts    --> 481,
               <!-- start index  --> 24,
               <!-- num indices  --> 855,
               <!-- start mesh   --> 4,
               <!-- num meshes   --> 4,
               <!-- bounding box -->  0.37975875,   0.97297746,   0.21185148,
                                     -0.47016776,  -0.97297752,  -0.28725973,
               <!-- center       --> -0.024415441, -0.046300959, -0.043971442,
               <!-- radius       --> 1.0404519
            </VMeshRef>
         </VMeshPart>
         <VMeshWire include="li_manhattan_bar_cmp\Mission_Vendor.vwd.xml"/>
      </Mission_Vendor021206170321.3db>
      <Room021206170321.3db>
         <VMeshPart>
            <VMeshRef type="VMeshRef">
               <!-- header size  --> 60,
               <!-- vmesh lib    --> data.bases.liberty.li_manhattan_bar.lod0-212.vms,
               <!-- start vert   --> 718,
               <!-- num verts    --> 4877,
               <!-- start index  --> 1548,
               <!-- num indices  --> 11412,
               <!-- start mesh   --> 6,
               <!-- num meshes   --> 24,
               <!-- bounding box -->  13.316753,     7.8124404,   21.36632,
                                     -13.45074,     -5.3175149,  -14.249543,
               <!-- center       -->  -0.057093263,  0.84561175,   3.3030422,
               <!-- radius       --> 19.463867
            </VMeshRef>
         </VMeshPart>
         <VMeshWire include="li_manhattan_bar_cmp\Room.vwd.xml"/>
      </Room021206170321.3db>
      <NewsVendor021206170321.3db>
         <VMeshPart>
            <VMeshRef type="VMeshRef">
               <!-- header size  --> 60,
               <!-- vmesh lib    --> data.bases.liberty.li_manhattan_bar.lod0-112.vms,
               <!-- start vert   --> 6,
               <!-- num verts    --> 4,
               <!-- start index  --> 6,
               <!-- num indices  --> 6,
               <!-- start mesh   --> 1,
               <!-- num meshes   --> 1,
               <!-- bounding box -->  0.29198566,    0.28219423,    0.38390887,
                                     -0.29198557,   -0.28219369,   -0.38390848,
               <!-- center       -->  0.0072338786,  0.0041007735,  0.014968156,
               <!-- radius       --> 0.49739689
            </VMeshRef>
         </VMeshPart>
         <VMeshWire include="li_manhattan_bar_cmp\NewsVendor.vwd.xml"/>
      </NewsVendor021206170321.3db>
      <cap021206170321.3db>
         <VMeshPart>
            <VMeshRef type="VMeshRef">
               <!-- header size  --> 60,
               <!-- vmesh lib    --> data.bases.liberty.li_manhattan_bar.lod0-112.vms,
               <!-- start vert   --> 10,
               <!-- num verts    --> 4,
               <!-- start index  --> 12,
               <!-- num indices  --> 6,
               <!-- start mesh   --> 2,
               <!-- num meshes   --> 1,
               <!-- bounding box -->   9.3757248,   0.017171515,   11.163132,
                                     -14.121406,  -47.234218e-6,  -11.465197,
               <!-- center       -->  -3.0695107,   0.0090726782,  -0.94344425,
               <!-- radius       --> 17.358603
            </VMeshRef>
         </VMeshPart>
         <VMeshWire include="li_manhattan_bar_cmp\cap.vwd.xml"/>
      </cap021206170321.3db>
      <missionscreen021206170321.3db>
         <VMeshPart>
            <VMeshRef type="VMeshRef">
               <!-- header size  --> 60,
               <!-- vmesh lib    --> data.bases.liberty.li_manhattan_bar.lod0-112.vms,
