<?xml version="1.0" encoding="ISO-8859-1"?>
<!-- XML generated by UTFXML Version 2.2 built 19-Aug-2010 -->
<UTFXML filename="li_pittsburgh_planetscape.cmp" path="BASES\LIBERTY">
   <UTF_ROOT>
      <VMeshLibrary>
         <data.bases.liberty.li_pittsburgh_planetscape.lod0-112.vms include="li_pittsburgh_planetscape_cmp\lod0-112.vms.xml"/>
      </VMeshLibrary>
      <Exporter_Version name="Exporter Version" type="text">Aug 24 2002 12:33:14</Exporter_Version>
      <Cmpnd>
         <Root>
            <Object_name name="Object name" type="text">Root</Object_name>
            <File_name name="File name" type="text">pittsburg_terrain021023125717.3db</File_name>
            <Index type="int">0</Index>
         </Root>
         <Part_catwalk>
            <Object_name name="Object name" type="text">catwalk</Object_name>
            <File_name name="File name" type="text">catwalk021023125717.3db</File_name>
            <Index type="int">1</Index>
         </Part_catwalk>
         <Part_garage>
            <Object_name name="Object name" type="text">garage</Object_name>
            <File_name name="File name" type="text">garage021023125717.3db</File_name>
            <Index type="int">2</Index>
         </Part_garage>
         <Part_landinglights>
            <Object_name name="Object name" type="text">landinglights</Object_name>
            <File_name name="File name" type="text">landinglights021023125717.3db</File_name>
            <Index type="int">3</Index>
         </Part_landinglights>
         <Part_pad>
            <Object_name name="Object name" type="text">pad</Object_name>
            <File_name name="File name" type="text">pad021023125717.3db</File_name>
            <Index type="int">4</Index>
         </Part_pad>
         <Part_Pipes01>
            <Object_name name="Object name" type="text">Pipes01</Object_name>
            <File_name name="File name" type="text">Pipes01021023125717.3db</File_name>
            <Index type="int">5</Index>
         </Part_Pipes01>
         <Part_pylon01>
            <Object_name name="Object name" type="text">pylon01</Object_name>
            <File_name name="File name" type="text">pylon01021023125717.3db</File_name>
            <Index type="int">6</Index>
         </Part_pylon01>
         <Part_pylon02>
            <Object_name name="Object name" type="text">pylon02</Object_name>
            <File_name name="File name" type="text">pylon02021023125717.3db</File_name>
            <Index type="int">7</Index>
         </Part_pylon02>
         <Part_pylon03>
            <Object_name name="Object name" type="text">pylon03</Object_name>
            <File_name name="File name" type="text">pylon03021023125717.3db</File_name>
            <Index type="int">8</Index>
         </Part_pylon03>
         <Part_pylon04>
            <Object_name name="Object name" type="text">pylon04</Object_name>
            <File_name name="File name" type="text">pylon04021023125717.3db</File_name>
            <Index type="int">9</Index>
         </Part_pylon04>
         <Part_pylon05>
            <Object_name name="Object name" type="text">pylon05</Object_name>
            <File_name name="File name" type="text">pylon05021023125717.3db</File_name>
            <Index type="int">10</Index>
         </Part_pylon05>
         <Part_pylon06>
            <Object_name name="Object name" type="text">pylon06</Object_name>
            <File_name name="File name" type="text">pylon06021023125717.3db</File_name>
            <Index type="int">11</Index>
         </Part_pylon06>
         <Part_tanks01>
            <Object_name name="Object name" type="text">tanks01</Object_name>
            <File_name name="File name" type="text">tanks01021023125717.3db</File_name>
            <Index type="int">12</Index>
         </Part_tanks01>
         <Part_vent01>
            <Object_name name="Object name" type="text">vent01</Object_name>
            <File_name name="File name" type="text">vent01021023125717.3db</File_name>
            <Index type="int">13</Index>
         </Part_vent01>
         <Part_vent02>
            <Object_name name="Object name" type="text">vent02</Object_name>
            <File_name name="File name" type="text">vent02021023125717.3db</File_name>
            <Index type="int">14</Index>
         </Part_vent02>
         <Part_vent03>
            <Object_name name="Object name" type="text">vent03</Object_name>
            <File_name name="File name" type="text">vent03021023125717.3db</File_name>
            <Index type="int">15</Index>
         </Part_vent03>
         <Part_vent04>
            <Object_name name="Object name" type="text">vent04</Object_name>
            <File_name name="File name" type="text">vent04021023125717.3db</File_name>
            <Index type="int">16</Index>
         </Part_vent04>
         <Part_vent05>
            <Object_name name="Object name" type="text">vent05</Object_name>
            <File_name name="File name" type="text">vent05021023125717.3db</File_name>
            <Index type="int">17</Index>
         </Part_vent05>
         <Part_vent06>
            <Object_name name="Object name" type="text">vent06</Object_name>
            <File_name name="File name" type="text">vent06021023125717.3db</File_name>
            <Index type="int">18</Index>
         </Part_vent06>
         <Part_vent07>
            <Object_name name="Object name" type="text">vent07</Object_name>
            <File_name name="File name" type="text">vent07021023125717.3db</File_name>
            <Index type="int">19</Index>
         </Part_vent07>
         <Part_vent08>
            <Object_name name="Object name" type="text">vent08</Object_name>
            <File_name name="File name" type="text">vent08021023125717.3db</File_name>
            <Index type="int">20</Index>
         </Part_vent08>
         <Part_vent09>
            <Object_name name="Object name" type="text">vent09</Object_name>
            <File_name name="File name" type="text">vent09021023125717.3db</File_name>
            <Index type="int">21</Index>
         </Part_vent09>
         <Part_vent10>
            <Object_name name="Object name" type="text">vent10</Object_name>
            <File_name name="File name" type="text">vent10021023125717.3db</File_name>
            <Index type="int">22</Index>
         </Part_vent10>
         <Part_vent11>
            <Object_name name="Object name" type="text">vent11</Object_name>
            <File_name name="File name" type="text">vent11021023125717.3db</File_name>
            <Index type="int">23</Index>
         </Part_vent11>
         <Part_vent12>
            <Object_name name="Object name" type="text">vent12</Object_name>
            <File_name name="File name" type="text">vent12021023125717.3db</File_name>
            <Index type="int">24</Index>
         </Part_vent12>
         <Part_vent13>
            <Object_name name="Object name" type="text">vent13</Object_name>
            <File_name name="File name" type="text">vent13021023125717.3db</File_name>
            <Index type="int">25</Index>
         </Part_vent13>
         <Part_vent14>
            <Object_name name="Object name" type="text">vent14</Object_name>
            <File_name name="File name" type="text">vent14021023125717.3db</File_name>
            <Index type="int">26</Index>
         </Part_vent14>
         <Part_Pipes02>
            <Object_name name="Object name" type="text">Pipes02</Object_name>
            <File_name name="File name" type="text">Pipes02021023125717.3db</File_name>
            <Index type="int">27</Index>
         </Part_Pipes02>
         <Part_vent16>
            <Object_name name="Object name" type="text">vent16</Object_name>
            <File_name name="File name" type="text">vent16021023125717.3db</File_name>
            <Index type="int">28</Index>
         </Part_vent16>
         <Part_vent17>
            <Object_name name="Object name" type="text">vent17</Object_name>
            <File_name name="File name" type="text">vent17021023125717.3db</File_name>
            <Index type="int">29</Index>
         </Part_vent17>
         <Part_Pipes03>
            <Object_name name="Object name" type="text">Pipes03</Object_name>
            <File_name name="File name" type="text">Pipes03021023125717.3db</File_name>
            <Index type="int">30</Index>
         </Part_Pipes03>
         <Part_Pipes04>
            <Object_name name="Object name" type="text">Pipes04</Object_name>
            <File_name name="File name" type="text">Pipes04021023125717.3db</File_name>
            <Index type="int">31</Index>
         </Part_Pipes04>
         <Part_Pipes05>
            <Object_name name="Object name" type="text">Pipes05</Object_name>
            <File_name name="File name" type="text">Pipes05021023125717.3db</File_name>
            <Index type="int">32</Index>
         </Part_Pipes05>
         <Part_Pipes06>
            <Object_name name="Object name" type="text">Pipes06</Object_name>
            <File_name name="File name" type="text">Pipes06021023125717.3db</File_name>
            <Index type="int">33</Index>
         </Part_Pipes06>
         <Part_Pipes07>
            <Object_name name="Object name" type="text">Pipes07</Object_name>
            <File_name name="File name" type="text">Pipes07021023125717.3db</File_name>
            <Index type="int">34</Index>
         </Part_Pipes07>
         <Part_BigTank01>
            <Object_name name="Object name" type="text">BigTank01</Object_name>
            <File_name name="File name" type="text">BigTank01021023125717.3db</File_name>
            <Index type="int">35</Index>
         </Part_BigTank01>
         <Part_Pipes08>
            <Object_name name="Object name" type="text">Pipes08</Object_name>
            <File_name name="File name" type="text">Pipes08021023125717.3db</File_name>
            <Index type="int">36</Index>
         </Part_Pipes08>
         <Part_BigTank02>
            <Object_name name="Object name" type="text">BigTank02</Object_name>
            <File_name name="File name" type="text">BigTank02021023125717.3db</File_name>
            <Index type="int">37</Index>
         </Part_BigTank02>
         <Part_Lake>
            <Object_name name="Object name" type="text">Lake</Object_name>
            <File_name name="File name" type="text">Lake021023125717.3db</File_name>
            <Index type="int">38</Index>
         </Part_Lake>
         <Part_BigTank03>
            <Object_name name="Object name" type="text">BigTank03</Object_name>
            <File_name name="File name" type="text">BigTank03021023125717.3db</File_name>
            <Index type="int">39</Index>
         </Part_BigTank03>
         <Part_BigTank04>
            <Object_name name="Object name" type="text">BigTank04</Object_name>
            <File_name name="File name" type="text">BigTank04021023125717.3db</File_name>
            <Index type="int">40</Index>
         </Part_BigTank04>
         <Part_BigTank05>
            <Object_name name="Object name" type="text">BigTank05</Object_name>
            <File_name name="File name" type="text">BigTank05021023125717.3db</File_name>
            <Index type="int">41</Index>
         </Part_BigTank05>
         <Part_BigTank06>
            <Object_name name="Object name" type="text">BigTank06</Object_name>
            <File_name name="File name" type="text">BigTank06021023125717.3db</File_name>
            <Index type="int">42</Index>
         </Part_BigTank06>
         <Part_BigTank07>
            <Object_name name="Object name" type="text">BigTank07</Object_name>
            <File_name name="File name" type="text">BigTank07021023125717.3db</File_name>
            <Index type="int">43</Index>
         </Part_BigTank07>
         <Part_BigTank08>
            <Object_name name="Object name" type="text">BigTank08</Object_name>
            <File_name name="File name" type="text">BigTank08021023125717.3db</File_name>
            <Index type="int">44</Index>
         </Part_BigTank08>
         <Part_BigTank09>
            <Object_name name="Object name" type="text">BigTank09</Object_name>
            <File_name name="File name" type="text">BigTank09021023125717.3db</File_name>
            <Index type="int">45</Index>
         </Part_BigTank09>
         <Part_BigTank10>
            <Object_name name="Object name" type="text">BigTank10</Object_name>
            <File_name name="File name" type="text">BigTank10021023125717.3db</File_name>
            <Index type="int">46</Index>
         </Part_BigTank10>
         <Part_BigTank11>
            <Object_name name="Object name" type="text">BigTank11</Object_name>
            <File_name name="File name" type="text">BigTank11021023125717.3db</File_name>
            <Index type="int">47</Index>
         </Part_BigTank11>
         <Cons>
            <Fix type="Fix" count="47">
               <part>
                  <!-- parent      --> "Root",
                  <!-- child       --> "catwalk",
                  <!-- position    --> 19.441219, -0.3573322, 18.030855,
                  <!-- orientation -->   0.8090171800,  156.91556e-09,  -0.5877849500,
                                       -91.057281e-09,   1.0000000000,  141.63113e-09,
                                         0.5877849500, -61.059929e-09,   0.8090171800
               </part>
               <part>
                  <!-- parent      --> "Root",
                  <!-- child       --> "garage",
                  <!-- position    --> 33.264008, -0.48991582, 28.178686,
                  <!-- orientation -->   0.8038568500,   0.5948228200,  119.20930e-09,
                                       -131.28142e-09, -22.994813e-09,   1.0000000000,
                                         0.5948228200,  -0.8038568500,  59.604645e-09
               </part>
               <part>
                  <!-- parent      --> "Root",
                  <!-- child       --> "landinglights",
                  <!-- position    --> -2.5319042, 0.45384225, -1.6957498,
                  <!-- orientation -->   0.8090171200,   0.5877851200, -131.12835e-09,
                                        159.05499e-09,  4.1684238e-09,   1.0000000000,
                                         0.5877851200,  -0.8090171200, -90.117830e-09
               </part>
               <part>
                  <!-- parent      --> "Root",
                  <!-- child       --> "pad",
                  <!-- position    --> 5.2452087e-6, 15.258786e-6, 4.8503289e-6,
                  <!-- orientation -->   1.0000000000, -46.123859e-09, -112.83969e-09,
                                        112.83970e-09,  147.85820e-09,   1.0000000000,
                                       -46.123841e-09,  -1.0000000000,  147.85820e-09
               </part>
               <part>
                  <!-- parent      --> "Root",
                  <!-- child       --> "Pipes01",
                  <!-- position    --> -173.21909, -13.305221, -85.291298,
                  <!-- orientation -->   0.6913422300,  -0.1681249400,   0.7026947700,
                                        -0.6759172700,   0.1931629800,   0.7112129900,
                                        -0.2553072900,  -0.9666550800,   0.0199031680
               </part>
               <part>
                  <!-- parent      --> "Root",
                  <!-- child       --> "pylon01",
                  <!-- position    --> -79.257355, -5.9143901, -16.597095,
                  <!-- orientation -->  42.009709e-09, -49.537641e-12,  -1.0000000000,
                                       -948.95825e-12,   1.0000000000, -49.537680e-12,
                                         1.0000000000,  948.95825e-12,  42.009709e-09
               </part>
               <part>
                  <!-- parent      --> "Root",
                  <!-- child       --> "pylon02",
                  <!-- position    --> -45.3694, 3.3267145, 43.307957,
                  <!-- orientation -->   0.8788172600, -71.716386e-09,  -0.4771585500,
                                        83.670443e-09,   1.0000000000,  3.8030210e-09,
                                         0.4771585500, -43.266226e-09,   0.8788172600
               </part>
               <part>
                  <!-- parent      --> "Root",
                  <!-- child       --> "pylon03",
                  <!-- position    --> 10.462155, -0.47184426, 43.54689,
                  <!-- orientation -->   0.8788172600, -71.716386e-09,  -0.4771585500,
                                        83.670443e-09,   1.0000000000,  3.8030210e-09,
                                         0.4771585500, -43.266226e-09,   0.8788172600
               </part>
               <part>
                  <!-- parent      --> "Root",
                  <!-- child       --> "pylon04",
                  <!-- position    --> 108.45478, 37.791122, 52.352104,
                  <!-- orientation -->   0.9238795600, -39.841648e-09,  -0.3826834000,
                                        61.364233e-09,   1.0000000000,  44.035129e-09,
                                         0.3826834000, -64.166230e-09,   0.9238795600
               </part>
               <part>
                  <!-- parent      --> "Root",
                  <!-- child       --> "pylon05",
                  <!-- position    --> 108.43504, 36.826061, 33.429909,
                  <!-- orientation -->   0.9238795600, -39.841648e-09,  -0.3826834000,
                                        61.364233e-09,   1.0000000000,  44.035129e-09,
                                         0.3826834000, -64.166230e-09,   0.9238795600
               </part>
               <part>
                  <!-- parent      --> "Root",
                  <!-- child       --> "pylon06",
                  <!-- position    --> 65.205864, 0.91351676, 3.5879436,
                  <!-- orientation -->   0.6293202600, -65.034016e-09,  -0.7771460400,
                                        21.761368e-09,   1.0000000000, -66.061119e-09,
                                         0.7771460400,  24.661842e-09,   0.6293202600
               </part>
               <part>
                  <!-- parent      --> "Root",
                  <!-- child       --> "tanks01",
                  <!-- position    --> 42.009598, 0.84898454, -34.149296,
                  <!-- orientation -->   0.4935058100,   0.8693917400,  -0.0246984740,
                                         0.0366604850,   0.0075788591,   0.9992990500,
                                         0.8689695000,  -0.4940653400,  -0.0281321130
               </part>
               <part>
                  <!-- parent      --> "Root",
                  <!-- child       --> "vent01",
                  <!-- position    --> -190.72067, 13.80268, -80.413162,
                  <!-- orientation -->  -0.0436193940,  2.4967199e-09,  -0.9990482300,
                                       -1.1746218e-09,   1.0000000000,  2.5503837e-09,
                                         0.9990482300,  1.2847501e-09,  -0.0436193940
               </part>
               <part>
                  <!-- parent      --> "Root",
                  <!-- child       --> "vent02",
                  <!-- position    --> -144.14667, -4.9590988, -89.869751,
                  <!-- orientation -->  -0.6626199500, -30.814132e-09,  -0.7489557900,
                                        107.66993e-09,   1.0000000000, -136.40107e-09,
                                         0.7489557900, -171.02209e-09,  -0.6626199500
               </part>
               <part>
                  <!-- parent      --> "Root",
                  <!-- child       --> "vent03",
                  <!-- position    --> 79.333519, 25.775953, 87.895668,
                  <!-- orientation -->  -1.0000000000,  53.710774e-09, -70.394464e-09,
                                        53.710771e-09,   1.0000000000,  36.006085e-09,
                                        70.394464e-09,  36.006082e-09,  -1.0000000000
               </part>
               <part>
                  <!-- parent      --> "Root",
                  <!-- child       --> "vent04",
                  <!-- position    --> -206.98155, 16.186895, -71.876892,
                  <!-- orientation -->   0.3826834300, -86.287137e-09,  -0.9238795600,
                                       -11.080881e-09,   1.0000000000, -97.986373e-09,
                                         0.9238795600,  47.735160e-09,   0.3826834300
               </part>
               <part>
                  <!-- parent      --> "Root",
                  <!-- child       --> "vent05",
                  <!-- position    --> -104.78333, 25.148289, 101.96697,
                  <!-- orientation -->   1.0000000000,   0.0000000000,   0.0000000000,
                                         0.0000000000,   1.0000000000, -7.1054274e-15,
                                        -0.0000000000,  7.1054274e-15,   1.0000000000
               </part>
               <part>
                  <!-- parent      --> "Root",
                  <!-- child       --> "vent06",
                  <!-- position    --> -222.5593, 27.500751, -9.2903252,
                  <!-- orientation -->   0.3826834900, -44.730108e-09,  -0.9238795000,
                                        33.750627e-09,   1.0000000000, -34.435551e-09,
                                         0.9238795000, -18.003595e-09,   0.3826834900
               </part>
               <part>
                  <!-- parent      --> "Root",
                  <!-- child       --> "vent07",
                  <!-- position    --> -82.593765, 30.714582, -192.15251,
                  <!-- orientation -->   0.0784591960, -49.365511e-09,  -0.9969173100,
                                        24.729799e-09,   1.0000000000, -47.571877e-09,
                                         0.9969173100, -20.921116e-09,   0.0784591960
               </part>
               <part>
                  <!-- parent      --> "Root",
                  <!-- child       --> "vent08",
                  <!-- position    --> -10.19484, 18.501038, -211.63852,
                  <!-- orientation -->   0.3826834900, -69.597064e-09,  -0.9238795000,
                                        23.239849e-09,   1.0000000000, -65.705059e-09,
                                         0.9238795000,  3.6734207e-09,   0.3826834900
               </part>
               <part>
                  <!-- parent      --> "Root",
                  <!-- child       --> "vent09",
                  <!-- position    --> -1.8442733, 18.123777, -228.95845,
                  <!-- orientation -->  -0.4694714800,  1.7051419e-09,  -0.8829476200,
                                       -911.78959e-12,   1.0000000000,  2.4159996e-09,
                                         0.8829476200,  1.9393054e-09,  -0.4694714800
               </part>
               <part>
                  <!-- parent      --> "Root",
                  <!-- child       --> "vent10",
                  <!-- position    --> 84.333878, 20.542677, -158.05891,
                  <!-- orientation -->  -0.7716245700,  4.3240975e-09,  -0.6360782400,
                                        42.213941e-09,   1.0000000000, -44.411543e-09,
                                         0.6360782400, -61.120410e-09,  -0.7716245700
               </part>
               <part>
                  <!-- parent      --> "Root",
                  <!-- child       --> "vent11",
                  <!-- position    --> 77.373741, 28.751204, -217.09468,
                  <!-- orientation -->  -0.3907311600, -24.700931e-09,  -0.9205048100,
                                        33.871402e-09,   1.0000000000, -41.211671e-09,
                                         0.9205048100, -47.281475e-09,  -0.3907311600
               </part>
               <part>
                  <!-- parent      --> "Root",
                  <!-- child       --> "vent12",
                  <!-- position    --> -101.19985, -19.16992, -123.05488,
                  <!-- orientation -->   0.9723699100, -35.029089e-09,   0.2334455400,
                                        59.440438e-09,   1.0000000000, -97.534532e-09,
                                        -0.2334455400,  108.71573e-09,   0.9723699100
               </part>
               <part>
                  <!-- parent      --> "Root",
                  <!-- child       --> "vent13",
                  <!-- position    --> -97.485001, -23.170383, -110.95204,
                  <!-- orientation -->   0.8910065300, -91.739032e-09,  -0.4539905200,
                                        58.238566e-09,   1.0000000000, -87.772953e-09,
                                         0.4539905200,  51.766516e-09,   0.8910065300
               </part>
               <part>
                  <!-- parent      --> "Root",
                  <!-- child       --> "vent14",
                  <!-- position    --> -309.1507, 36.06673, -38.044891,
                  <!-- orientation -->   0.8910065300, -83.220293e-09,  -0.4539904300,
                                        50.195386e-09,   1.0000000000, -84.794458e-09,
                                         0.4539904300,  52.764193e-09,   0.8910065300
               </part>
               <part>
                  <!-- parent      --> "Root",
                  <!-- child       --> "Pipes02",
                  <!-- position    --> -239.4668, 19.096006, -61.723194,
                  <!-- orientation -->   0.9956404000,  -0.0862632920,   0.0354805550,
                                        -0.0455461480,  -0.1176699300,   0.9920077300,
                                        -0.0813988600,  -0.9892989400,  -0.1210859000
               </part>
               <part>
                  <!-- parent      --> "Root",
                  <!-- child       --> "vent16",
                  <!-- position    --> 221.34923, 27.804106, -270.16977,
                  <!-- orientation -->  -0.7716245700,  4.3240975e-09,  -0.6360782400,
                                        42.213941e-09,   1.0000000000, -44.411543e-09,
                                         0.6360782400, -61.120410e-09,  -0.7716245700
               </part>
               <part>
                  <!-- parent      --> "Root",
                  <!-- child       --> "vent17",
                  <!-- position    --> -252.5526, 33.228374, 77.891747,
                  <!-- orientation -->   1.0000000000,   0.0000000000,   0.0000000000,
                                         0.0000000000,   1.0000000000, -7.1054274e-15,
                                        -0.0000000000,  7.1054274e-15,   1.0000000000
               </part>
               <part>
                  <!-- parent      --> "Root",
                  <!-- child       --> "Pipes03",
                  <!-- position    --> -0.5502224, -7.4857821, -126.33262,
                  <!-- orientation -->  -0.4925840500,  -0.2019243200,   0.8465149400,
                                         0.2172963000,   0.9133621500,   0.3443137400,
                                        -0.8427000000,   0.3535480200,  -0.4060302100
               </part>
               <part>
                  <!-- parent      --> "Root",
                  <!-- child       --> "Pipes04",
                  <!-- position    --> -33.180832, 2.5331709, -166.74794,
                  <!-- orientation -->   0.0984468830,  -0.7868050900,   0.6092996000,
                                        -0.2421949700,  -0.6128074500,  -0.7522025100,
                                         0.9652200900,  -0.0735173000,  -0.2508892100
               </part>
               <part>
                  <!-- parent      --> "Root",
                  <!-- child       --> "Pipes05",
                  <!-- position    --> -153.63873, 1.0638089, 8.3837776,
                  <!-- orientation -->   0.0523241650,  -0.1709261500,  -0.9838935100,
                                         0.4415013500,   0.8876854200,  -0.1307331300,
                                         0.8957336500,  -0.4275497800,   0.1219115300
               </part>
               <part>
                  <!-- parent      --> "Root",
                  <!-- child       --> "Pipes06",
                  <!-- position    --> -11.882212, 10.666343, -166.74794,
                  <!-- orientation -->  -0.6064084800,   0.4092864100,  -0.6817282400,
                                        -0.6213597700,  -0.7788913800,   0.0850898850,
                                        -0.4961661100,   0.4751977600,   0.7266404000
               </part>
               <part>
                  <!-- parent      --> "Root",
                  <!-- child       --> "Pipes07",
                  <!-- position    --> 71.740997, 16.099907, -113.72588,
                  <!-- orientation -->  -0.7796379300,   0.6254247400,   0.0317578200,
                                        -0.6213597700,  -0.7788913200,   0.0850898770,
                                         0.0779532050,   0.0466062650,   0.9958670100
               </part>
               <part>
                  <!-- parent      --> "Root",
                  <!-- child       --> "BigTank01",
                  <!-- position    --> 13.622169, 2.1856635, -39.077286,
                  <!-- orientation -->   1.0000000000,   0.0000000000,   0.0000000000,
                                        -0.0000000000,  119.20930e-09,   1.0000000000,
                                         0.0000000000,  -1.0000000000,  119.20930e-09
               </part>
               <part>
                  <!-- parent      --> "Root",
                  <!-- child       --> "Pipes08",
                  <!-- position    --> -43.030167, 20.940159, 114.54073,
                  <!-- orientation -->   1.0000000000,   0.0000000000,   0.0000000000,
                                         0.0000000000,   1.0000000000, -7.1054274e-15,
                                        -0.0000000000,  7.1054274e-15,   1.0000000000
               </part>
               <part>
                  <!-- parent      --> "Root",
                  <!-- child       --> "BigTank02",
                  <!-- position    --> 87.516983, 12.671124, -42.5452,
                  <!-- orientation -->   0.4617486300,   0.8870108100, -59.604652e-09,
                                       -51.782585e-09,  94.153521e-09,   1.0000000000,
                                         0.8870108100,  -0.4617486300,  89.406974e-09
               </part>
               <part>
                  <!-- parent      --> "Root",
                  <!-- child       --> "Lake",
                  <!-- position    --> -102.47949, -13.629163, -57.044758,
                  <!-- orientation -->   1.0000000000,   0.0000000000,   0.0000000000,
                                        -0.0000000000,  119.20930e-09,   1.0000000000,
                                         0.0000000000,  -1.0000000000,  119.20930e-09
               </part>
               <part>
                  <!-- parent      --> "Root",
                  <!-- child       --> "BigTank03",
                  <!-- position    --> 16.712847, -7.7548738, -142.98759,
                  <!-- orientation -->   0.7009092000,  -0.7132505200, -51.654524e-09,
                                        159.04914e-09,  83.875825e-09,   1.0000000000,
                                        -0.7132505200,  -0.7009092000,  172.23121e-09
               </part>
               <part>
                  <!-- parent      --> "Root",
                  <!-- child       --> "BigTank04",
                  <!-- position    --> 7.236197, -6.2487226, -142.05122,
                  <!-- orientation -->  -0.3958059500,  -0.2622861600,  -0.8800815900,
                                         0.8902251100,   0.1257079400,  -0.4378319700,
                                         0.2254705300,  -0.9567672000,   0.1837377800
               </part>
               <part>
                  <!-- parent      --> "Root",
                  <!-- child       --> "BigTank05",
                  <!-- position    --> 6.2777615, -2.2166471, -146.09964,
                  <!-- orientation -->  -0.1459091500,   0.2414570700,  -0.9593794900,
                                         0.9723233600,   0.2138734300,  -0.0940499830,
                                         0.1824767400,  -0.9465498300,  -0.2659804500
               </part>
               <part>
                  <!-- parent      --> "Root",
                  <!-- child       --> "BigTank06",
                  <!-- position    --> 22.683891, -1.5768678, -133.82277,
                  <!-- orientation -->  -0.1343944200,   0.8538006500,   0.5029538900,
                                        -0.9856010100,  -0.0626167430,  -0.1570662100,
                                        -0.1026099000,  -0.5168206700,   0.8499221200
               </part>
               <part>
                  <!-- parent      --> "Root",
                  <!-- child       --> "BigTank07",
                  <!-- position    --> 27.734818, 1.3921483, -146.00821,
                  <!-- orientation -->   0.1244609200,  -0.1293651300,   0.9837551100,
                                        -0.9828194400,   0.1201139200,   0.1401376900,
                                        -0.1362916200,  -0.9842953100,  -0.1121930800
               </part>
               <part>
                  <!-- parent      --> "Root",
                  <!-- child       --> "BigTank08",
                  <!-- position    --> 14.280821, 3.3362627, -153.84181,
                  <!-- orientation -->  -0.1436786800,  -0.9644271700,  -0.2218932500,
                                        -0.9672520200,   0.0894481760,   0.2375342500,
                                        -0.2092365500,   0.2487552900,  -0.9456960000
               </part>
               <part>
                  <!-- parent      --> "Root",
                  <!-- child       --> "BigTank09",
                  <!-- position    --> -62.884163, -8.9723902, -158.1301,
                  <!-- orientation -->  -0.1459091600,  -0.1098156500,  -0.9831841600,
                                         0.9723233600,   0.1673923100,  -0.1629940700,
                                         0.1824767600,  -0.9797552200,   0.0823522510
               </part>
               <part>
                  <!-- parent      --> "Root",
                  <!-- child       --> "BigTank10",
                  <!-- position    --> -47.686523, -14.058392, -150.18501,
                  <!-- orientation -->  -0.0010786776,  -0.9777903000,   0.2095827300,
                                         0.7651640800,  -0.1357437700,  -0.6293628200,
                                         0.6438344100,   0.1596863000,   0.7483164700
               </part>
               <part>
                  <!-- parent      --> "Root",
                  <!-- child       --> "BigTank11",
                  <!-- position    --> -35.44886, -5.7414236, -155.85149,
                  <!-- orientation -->  -0.2654093500,  -0.1461191000,   0.9529990000,
                                         0.7622580500,  -0.6370451500,   0.1146128900,
                                         0.5903562300,   0.7568504800,   0.2804582100
               </part>
            </Fix>
         </Cons>
      </Cmpnd>
      <Material_library name="Material library">
         <Material_count name="Material count" type="int">23</Material_count>
         <detailmap_pitt_terraintile2.tga021023125717>
            <Dt_name type="text">pitt_terraintile2.tga021023125717</Dt_name>
            <Dt_flags type="int">0x40</Dt_flags>
            <Bt_flags type="int">0x40</Bt_flags>
            <Bt_name type="text">stonedet.tga</Bt_name>
            <Type type="text">DcDtBt</Type>
         </detailmap_pitt_terraintile2.tga021023125717>
         <detailmap_pitt_transtile2.tga021023125717>
            <Dt_name type="text">pitt_transtile2.tga021023125717</Dt_name>
            <Dt_flags type="int">0x40</Dt_flags>
            <Bt_flags type="int">0x40</Bt_flags>
            <Bt_name type="text">stonedet.tga</Bt_name>
            <Type type="text">DcDtBt</Type>
         </detailmap_pitt_transtile2.tga021023125717>
         <detailmap_pitt_clifftile2.tga021023125717>
            <Dt_name type="text">pitt_clifftile2.tga021023125717</Dt_name>
            <Dt_flags type="int">0x40</Dt_flags>
            <Bt_flags type="int">0x40</Bt_flags>
            <Bt_name type="text">stonedet.tga</Bt_name>
            <Type type="text">DcDtBt</Type>
         </detailmap_pitt_clifftile2.tga021023125717>
         <connectora.tga021023125717>
            <Type type="text">DcDt</Type>
            <Dt_name type="text">connectora.tga021023125717</Dt_name>
            <Dt_flags type="int">0x40</Dt_flags>
         </connectora.tga021023125717>
         <polea.tga021023125717>
            <Type type="text">DcDt</Type>
            <Dc type="RGB">0.39607847, 0.41960788, 0.42745101</Dc>
            <Dt_name type="text">polea.tga021023125717</Dt_name>
            <Dt_flags type="int">0x40</Dt_flags>
         </polea.tga021023125717>
         <foota.tga021023125717>
            <Type type="text">DcDt</Type>
            <Dt_name type="text">foota.tga021023125717</Dt_name>
            <Dt_flags type="int">0x40</Dt_flags>
         </foota.tga021023125717>
         <gratea.tga021023125717>
            <Type type="text">DcDt</Type>
            <Dt_name type="text">gratea.tga021023125717</Dt_name>
            <Dt_flags type="int">0x40</Dt_flags>
         </gratea.tga021023125717>
         <grateedgeb.tga021023125717>
            <Type type="text">DcDt</Type>
            <Dt_name type="text">grateedgeb.tga021023125717</Dt_name>
            <Dt_flags type="int">0x40</Dt_flags>
         </grateedgeb.tga021023125717>
         <grateedgea.tga021023125717>
            <Type type="text">DcDt</Type>
            <Dt_name type="text">grateedgea.tga021023125717</Dt_name>
            <Dt_flags type="int">0x40</Dt_flags>
         </grateedgea.tga021023125717>
         <pitt_pad_edge.tga021023125717>
            <Type type="text">DcDt</Type>
            <Dt_name type="text">pitt_pad_edge.tga021023125717</Dt_name>
            <Dt_flags type="int">0x40</Dt_flags>
         </pitt_pad_edge.tga021023125717>
         <pitt_panels2.tga021023125717>
            <Type type="text">DcDt</Type>
            <Dt_name type="text">pitt_panels2.tga021023125717</Dt_name>
            <Dt_flags type="int">0x40</Dt_flags>
         </pitt_panels2.tga021023125717>
         <pittSp_B_Room-09.tga021023125717>
            <Type type="text">DcDt</Type>
            <Dt_name type="text">pittSp_B_Room-09.TGA021023125717</Dt_name>
            <Dt_flags type="int">0x40</Dt_flags>
         </pittSp_B_Room-09.tga021023125717>
         <pitt_door.TGA021023125717>
            <Type type="text">DcDt</Type>
            <Dt_name type="text">pitt_door.TGA021023125717</Dt_name>
            <Dt_flags type="int">0x40</Dt_flags>
         </pitt_door.TGA021023125717>
         <Bad_Material_ID021023125717 name="Bad Material ID021023125717">
            <Type type="text">DcDt</Type>
            <Dc type="RGB">0.50196081, 0.50196081, 0.50196081</Dc>
         </Bad_Material_ID021023125717>
         <pitt_pad_ridge.tga021023125717>
            <Type type="text">DcDt</Type>
            <Dt_name type="text">pitt_pad_ridge.tga021023125717</Dt_name>
            <Dt_flags type="int">0x40</Dt_flags>
         </pitt_pad_ridge.tga021023125717>
         <pitt_pad_tile.tga021023125717>
            <Type type="text">DcDt</Type>
            <Dt_name type="text">pitt_pad_tile.tga021023125717</Dt_name>
            <Dt_flags type="int">0x40</Dt_flags>
         </pitt_pad_tile.tga021023125717>
         <pitt_pad_yeltile.tga021023125717>
            <Type type="text">DcDt</Type>
            <Dt_name type="text">pitt_pad_yeltile.tga021023125717</Dt_name>
            <Dt_flags type="int">0x40</Dt_flags>
         </pitt_pad_yeltile.tga021023125717>
         <pitt_pad_center.tga021023125717>
            <Type type="text">DcDt</Type>
