<?xml version="1.0" encoding="ISO-8859-1"?>
<!-- XML generated by UTFXML Version 2.2 built 19-Aug-2010 -->
<UTFXML filename="br_elite.cmp" path="SHIPS\BRETONIA\BR_ELITE">
   <UTF_ROOT>
      <VMeshLibrary>
         <data.ships.bretonia.br_elite.br_elite.lod0-112.vms include="br_elite_cmp\lod0-112.vms.xml"/>
         <data.ships.bretonia.br_elite.br_elite.lod1-112.vms include="br_elite_cmp\lod1-112.vms.xml"/>
         <data.ships.bretonia.br_elite.br_elite.lod2-112.vms include="br_elite_cmp\lod2-112.vms.xml"/>
      </VMeshLibrary>
      <Animation>
         <Script>
            <Sc_extend_wing name="Sc_extend wing">
               <Joint_map_0 name="Joint map 0">
                  <Channel>
                     <Header type="Header">
                        <!-- count    --> 2,
                        <!-- interval --> Explicit,
                        <!-- flags    --> 0x1
                     </Header>
                     <Frames type="Frames" count="2">
                          0.0000000000:   0.0000000000
                          3.3333335000:   0.6283099700
                     </Frames>
                  </Channel>
                  <Child_name name="Child name" type="text">br_star_wing_lod1</Child_name>
                  <Parent_name name="Parent name" type="text">Root</Parent_name>
               </Joint_map_0>
               <Joint_map_1 name="Joint map 1">
                  <Channel>
                     <Header type="Header">
                        <!-- count    --> 2,
                        <!-- interval --> Explicit,
                        <!-- flags    --> 0x1
                     </Header>
                     <Frames type="Frames" count="2">
                          0.0000000000:   0.0000000000
                          3.3333335000:   0.6283099700
                     </Frames>
                  </Channel>
                  <Child_name name="Child name" type="text">br_port_wing_lod1</Child_name>
                  <Parent_name name="Parent name" type="text">Root</Parent_name>
               </Joint_map_1>
            </Sc_extend_wing>
            <Sc_open_dock1 name="Sc_open dock1">
               <Joint_map_0 name="Joint map 0">
                  <Channel>
                     <Header type="Header">
                        <!-- count    --> 2,
                        <!-- interval --> Explicit,
                        <!-- flags    --> 0x1
                     </Header>
                     <Frames type="Frames" count="2">
                          0.0000000000:   0.0000000000
                          2.1333334000:   1.7453200000
                     </Frames>
                  </Channel>
                  <Child_name name="Child name" type="text">br_baydoor1_lod1</Child_name>
                  <Parent_name name="Parent name" type="text">Root</Parent_name>
               </Joint_map_0>
               <Joint_map_1 name="Joint map 1">
                  <Channel>
                     <Header type="Header">
                        <!-- count    --> 2,
                        <!-- interval --> Explicit,
                        <!-- flags    --> 0x1
                     </Header>
                     <Frames type="Frames" count="2">
                          0.0000000000:   0.0000000000
                          2.1333334000:   1.7453200000
                     </Frames>
                  </Channel>
                  <Child_name name="Child name" type="text">br_baydoor2_lod1</Child_name>
                  <Parent_name name="Parent name" type="text">Root</Parent_name>
               </Joint_map_1>
            </Sc_open_dock1>
         </Script>
      </Animation>
      <br_baydoor1_lod1021114142815.3db>
         <VMeshWire include="br_elite_cmp\br_baydoor1_lod1.vwd.xml"/>
         <MultiLevel>
            <Level0>
               <VMeshPart>
                  <VMeshRef type="VMeshRef">
                     <!-- header size  --> 60,
                     <!-- vmesh lib    --> data.ships.bretonia.br_elite.br_elite.lod0-112.vms,
                     <!-- start vert   --> 2281,
                     <!-- num verts    --> 16,
                     <!-- start index  --> 4722,
                     <!-- num indices  --> 54,
                     <!-- start mesh   --> 23,
                     <!-- num meshes   --> 1,
                     <!-- bounding box -->  1.3941031,    1.9815515,     0.61360091,
                                           -0.019688182, -1.9668434,    -0.30830768,
                     <!-- center       -->  0.68547779,   0.0070151971,  0.15454848,
                     <!-- radius       --> 2.0923796
                  </VMeshRef>
               </VMeshPart>
            </Level0>
            <Level1>
               <VMeshPart>
                  <VMeshRef type="VMeshRef">
                     <!-- header size  --> 60,
                     <!-- vmesh lib    --> data.ships.bretonia.br_elite.br_elite.lod1-112.vms,
                     <!-- start vert   --> 887,
                     <!-- num verts    --> 12,
                     <!-- start index  --> 1641,
                     <!-- num indices  --> 24,
                     <!-- start mesh   --> 8,
                     <!-- num meshes   --> 1,
                     <!-- bounding box -->  1.3941031,    1.9815515,     0.61360091,
                                           -0.019688182, -1.9668434,    -0.30830768,
                     <!-- center       -->  0.68547779,   0.0070151971,  0.15454848,
                     <!-- radius       --> 2.0923796
                  </VMeshRef>
               </VMeshPart>
            </Level1>
            <Switch2 type="float array" count="3">
               0,
               100,
               1000000
            </Switch2>
         </MultiLevel>
         <Hardpoints>
            <Fixed>
               <Hpnew01>
                  <Orientation type="Matrix">
                       1.0000000000,   0.0000000000,   0.0000000000,
                       0.0000000000,   1.0000000000,   0.0000000000,
                       0.0000000000,   0.0000000000,   1.0000000000
                  </Orientation>
                  <Position type="Vector">1, 0, -1</Position>
               </Hpnew01>
               <Hpnew02>
                  <Orientation type="Matrix">
                       1.0000000000,   0.0000000000,   0.0000000000,
                       0.0000000000,   1.0000000000,   0.0000000000,
                       0.0000000000,   0.0000000000,   1.0000000000
                  </Orientation>
                  <Position type="Vector">1, 0, -1</Position>
               </Hpnew02>
               <Hpnew03>
                  <Orientation type="Matrix">
                       1.0000000000,   0.0000000000,   0.0000000000,
                       0.0000000000,   1.0000000000,   0.0000000000,
                       0.0000000000,   0.0000000000,   1.0000000000
                  </Orientation>
                  <Position type="Vector">1, 0, -1</Position>
               </Hpnew03>
            </Fixed>
         </Hardpoints>
      </br_baydoor1_lod1021114142815.3db>
      <br_baydoor2_lod1021114142815.3db>
         <VMeshWire include="br_elite_cmp\br_baydoor2_lod1.vwd.xml"/>
         <MultiLevel>
            <Level0>
               <VMeshPart>
                  <VMeshRef type="VMeshRef">
                     <!-- header size  --> 60,
                     <!-- vmesh lib    --> data.ships.bretonia.br_elite.br_elite.lod0-112.vms,
                     <!-- start vert   --> 2265,
                     <!-- num verts    --> 16,
                     <!-- start index  --> 4668,
                     <!-- num indices  --> 54,
                     <!-- start mesh   --> 22,
                     <!-- num meshes   --> 1,
                     <!-- bounding box -->  1.3886713,    1.9655553,    0.5798856,
                                           -0.015929176, -1.9926898,   -0.35639668,
                     <!-- center       -->  0.68606645,  -0.016394882,  0.11555518,
                     <!-- radius       --> 2.0932708
                  </VMeshRef>
               </VMeshPart>
            </Level0>
            <Level1>
               <VMeshPart>
                  <VMeshRef type="VMeshRef">
                     <!-- header size  --> 60,
                     <!-- vmesh lib    --> data.ships.bretonia.br_elite.br_elite.lod1-112.vms,
                     <!-- start vert   --> 875,
                     <!-- num verts    --> 12,
                     <!-- start index  --> 1617,
                     <!-- num indices  --> 24,
                     <!-- start mesh   --> 7,
                     <!-- num meshes   --> 1,
                     <!-- bounding box -->  1.3886713,    1.9655553,    0.5798856,
                                           -0.015929176, -1.9926898,   -0.35639668,
                     <!-- center       -->  0.68606645,  -0.016394882,  0.11555518,
                     <!-- radius       --> 2.0932708
                  </VMeshRef>
               </VMeshPart>
            </Level1>
            <Switch2 type="float array" count="3">
               0,
               100,
               1000000
            </Switch2>
         </MultiLevel>
      </br_baydoor2_lod1021114142815.3db>
      <br_elite_lod1021114142815.3db>
         <Hardpoints>
            <Fixed>
               <DpPort_Engine>
                  <Orientation type="Matrix">
                       1.0000000000, -710.77923e-18,  710.77923e-18,
                      710.77923e-18,   1.0000000000,  1.9106861e-15,
                     -710.77923e-18, -1.9106861e-15,   1.0000000000
                  </Orientation>
                  <Position type="Vector">-3.1081593, -4.5003071, 3.491658</Position>
               </DpPort_Engine>
               <DpPort_Wing>
                  <Orientation type="Matrix">
                       1.0000000000, -710.77923e-18,  710.77923e-18,
                      710.77923e-18,   1.0000000000,  1.9106861e-15,
                     -710.77923e-18, -1.9106861e-15,   1.0000000000
                  </Orientation>
                  <Position type="Vector">-2.1590755, -0.60297292, 1.986568</Position>
               </DpPort_Wing>
               <DpStarboard_Engine>
                  <Orientation type="Matrix">
                       1.0000000000, -710.77923e-18,  710.77923e-18,
                      710.77923e-18,   1.0000000000,  1.9106861e-15,
                     -710.77923e-18, -1.9106861e-15,   1.0000000000
                  </Orientation>
                  <Position type="Vector">3.1167076, -4.5003076, 3.4916575</Position>
               </DpStarboard_Engine>
               <DpStarboard_Wing>
                  <Orientation type="Matrix">
                       1.0000000000, -710.77923e-18,  710.77923e-18,
                      710.77923e-18,   1.0000000000,  1.9106861e-15,
                     -710.77923e-18, -1.9106861e-15,   1.0000000000
                  </Orientation>
                  <Position type="Vector">2.159, -0.60297316, 1.9865677</Position>
               </DpStarboard_Wing>
               <DpTail>
                  <Orientation type="Matrix">
                       1.0000000000, -710.77923e-18,  710.77923e-18,
                      710.77923e-18,   1.0000000000,  1.9106861e-15,
                     -710.77923e-18, -1.9106861e-15,   1.0000000000
                  </Orientation>
                  <Position type="Vector">371.16544e-9, -0.37436575, 6.3897433</Position>
               </DpTail>
               <HpBayDoor01>
                  <Orientation type="Matrix">
                       1.0000000000, -710.77923e-18,  710.77923e-18,
                      710.77923e-18,   1.0000000000,  1.9106861e-15,
                     -710.77923e-18, -1.9106861e-15,   1.0000000000
                  </Orientation>
                  <Position type="Vector">46.970616e-9, 1.6604104, 2.8648658</Position>
               </HpBayDoor01>
               <HpBayDoor02>
                  <Orientation type="Matrix">
                       1.0000000000, -710.77923e-18,  710.77923e-18,
                      710.77923e-18,   1.0000000000,  1.9106861e-15,
                     -710.77923e-18, -1.9106861e-15,   1.0000000000
                  </Orientation>
                  <Position type="Vector">105.23902e-9, 2.9934359, 2.8648658</Position>
               </HpBayDoor02>
               <HpCloak01>
                  <Orientation type="Matrix">
                       1.0000000000, -43.711402e-09,  43.711402e-09,
                     -43.711395e-09,  178.81395e-09,   1.0000000000,
                     -43.711410e-09,  -1.0000000000,  178.81395e-09
                  </Orientation>
                  <Position type="Vector">0.0017711952, -0.38817847, 1.5819092</Position>
               </HpCloak01>
               <HpCockpit>
                  <Orientation type="Matrix">
                       1.0000000000, -5.9215849e-15, -1.1838425e-15,
                      5.9215849e-15,   1.0000000000,  119.20932e-09,
                      1.1838417e-15, -119.20932e-09,   1.0000000000
                  </Orientation>
                  <Position type="Vector">-406.55942e-9, -0.022839706, -2.769</Position>
               </HpCockpit>
               <HpCockpitEx>
                  <Orientation type="Matrix">
                       1.0000000000, -5.9215849e-15, -1.1838425e-15,
                      5.9215849e-15,   1.0000000000,  119.20932e-09,
                      1.1838417e-15, -119.20932e-09,   1.0000000000
                  </Orientation>
                  <Position type="Vector">-138.6815e-9, 6.1054778, 39.92313</Position>
               </HpCockpitEx>
               <HpDockLight02>
                  <Orientation type="Matrix">
                       1.0000000000, -710.77923e-18,  710.77923e-18,
                      710.77923e-18,   1.0000000000,  1.9106861e-15,
                     -710.77923e-18, -1.9106861e-15,   1.0000000000
                  </Orientation>
                  <Position type="Vector">72.078109e-9, 2.2348042, -2.3934879</Position>
               </HpDockLight02>
               <HpHeadLight>
                  <Orientation type="Matrix">
                       1.0000000000, -710.77923e-18,  710.77923e-18,
                      710.77923e-18,   1.0000000000,  1.9106861e-15,
                     -710.77923e-18, -1.9106861e-15,   1.0000000000
                  </Orientation>
                  <Position type="Vector">-81.915921e-9, -1.2881682, -4.208353</Position>
               </HpHeadLight>
               <HpMount>
                  <Orientation type="Matrix">
                       1.0000000000, -710.77923e-18,  710.77923e-18,
                      710.77923e-18,   1.0000000000,  1.9106861e-15,
                     -710.77923e-18, -1.9106861e-15,   1.0000000000
                  </Orientation>
                  <Position type="Vector">-295.62537e-9, -6.1772695, 3.1586518</Position>
               </HpMount>
               <HpPilot>
                  <Orientation type="Matrix">
                       1.0000000000,  43.711385e-09,  43.711406e-09,
                     -43.711388e-09,   1.0000000000,  119.20929e-09,
                     -43.711402e-09, -119.20929e-09,   1.0000000000
                  </Orientation>
                  <Position type="Vector">-23.087724e-9, -0.72290379, -2.1012456</Position>
               </HpPilot>
               <HpRunningLight01>
                  <Orientation type="Matrix">
                       1.0000000000, -710.77923e-18,  710.77923e-18,
                      710.77923e-18,   1.0000000000,  1.9106861e-15,
                     -710.77923e-18, -1.9106861e-15,   1.0000000000
                  </Orientation>
                  <Position type="Vector">72.078109e-9, 2.2348042, -2.3934879</Position>
               </HpRunningLight01>
               <HpRunningLight04>
                  <Orientation type="Matrix">
                      178.81392e-09,  103.31603e-09,  -1.0000000000,
                     -15.893280e-09,   1.0000000000,  103.31603e-09,
                       1.0000000000,  15.893262e-09,  178.81392e-09
                  </Orientation>
                  <Position type="Vector">4.7207642, -5.748, 2.8805604</Position>
               </HpRunningLight04>
               <HpRunningLight05>
                  <Orientation type="Matrix">
                      59.604634e-09, -15.893265e-09,   1.0000000000,
                      103.31603e-09,   1.0000000000,  15.893260e-09,
                      -1.0000000000,  103.31603e-09,  59.604634e-09
                  </Orientation>
                  <Position type="Vector">-4.7190628, -5.748, 2.8805609</Position>
               </HpRunningLight05>
               <HpShield01>
                  <Orientation type="Matrix">
                       1.0000000000, -74.620040e-09,  30.908613e-09,
                     -74.620026e-09,  -0.7071068300,   0.7071067700,
                     -30.908641e-09,  -0.7071067700,  -0.7071068300
                  </Orientation>
                  <Position type="Vector">-108.61879e-9, -2.0884666, -3.159533</Position>
               </HpShield01>
               <HpTractor_Source>
                  <Orientation type="Matrix">
                       1.0000000000, -710.77923e-18,  710.77923e-18,
                      710.77923e-18,   1.0000000000,  1.9106861e-15,
                     -710.77923e-18, -1.9106861e-15,   1.0000000000
                  </Orientation>
                  <Position type="Vector">-81.915921e-9, -1.2881682, -4.208353</Position>
               </HpTractor_Source>
            </Fixed>
            <Revolute>
               <HpTorpedo01>
                  <Axis type="Vector">0, 1, 0</Axis>
                  <Max type="float">0.34906584</Max>
                  <Min type="float">-0.34906584</Min>
                  <Orientation type="Matrix">
                       1.0000000000,   0.0000000000,   0.0000000000,
                       0.0000000000,   1.0000000000,   0.0000000000,
                       0.0000000000,   0.0000000000,   1.0000000000
                  </Orientation>
                  <Position type="Vector">-0, 2.344919, 0.030448001</Position>
               </HpTorpedo01>
               <HpWeapon01>
                  <Axis type="Vector">0, 1, 0</Axis>
                  <Max type="float">0.78538001</Max>
                  <Min type="float">-0.7854</Min>
                  <Orientation type="Matrix">
                       0.3826833400,  -0.9238795600, -87.879094e-09,
                       0.9238795600,   0.3826833400, -74.755206e-09,
                      102.69467e-09, -52.582127e-09,   1.0000000000
                  </Orientation>
                  <Position type="Vector">-2.273, 0.73643577, -1.174907</Position>
               </HpWeapon01>
               <HpWeapon03>
                  <Axis type="Vector">0, 1, 0</Axis>
                  <Max type="float">0.78538001</Max>
                  <Min type="float">-0.7854</Min>
                  <Orientation type="Matrix">
                       0.3826833400,  -0.9238795600, -87.879094e-09,
                       0.9238795600,   0.3826833400, -74.755206e-09,
                      102.69467e-09, -52.582127e-09,   1.0000000000
                  </Orientation>
                  <Position type="Vector">-3.457, -3.5799408, 1.664</Position>
               </HpWeapon03>
               <HpWeapon04>
                  <Axis type="Vector">0, 1, 0</Axis>
                  <Max type="float">0.78538001</Max>
                  <Min type="float">-0.7854</Min>
                  <Orientation type="Matrix">
                       0.3826833400,   0.9238795600,  133.33462e-09,
                      -0.9238795600,   0.3826833400, -27.763850e-09,
                     -76.675391e-09, -112.56037e-09,   1.0000000000
                  </Orientation>
                  <Position type="Vector">3.457, -3.5799408, 1.664</Position>
               </HpWeapon04>
               <HpWeapon05>
                  <Axis type="Vector">0, 1, 0</Axis>
                  <Max type="float">0.78538001</Max>
                  <Min type="float">-0.7854</Min>
                  <Orientation type="Matrix">
                       0.3826833400,   0.9238795600,  133.33462e-09,
                      -0.9238795600,   0.3826833400, -27.763850e-09,
                     -76.675391e-09, -112.56037e-09,   1.0000000000
                  </Orientation>
                  <Position type="Vector">2.2730763, 0.73643547, -1.1749072</Position>
               </HpWeapon05>
            </Revolute>
         </Hardpoints>
         <VMeshWire include="br_elite_cmp\br_elite_lod1.vwd.xml"/>
         <MultiLevel>
            <Level0>
               <VMeshPart>
                  <VMeshRef type="VMeshRef">
                     <!-- header size  --> 60,
                     <!-- vmesh lib    --> data.ships.bretonia.br_elite.br_elite.lod0-112.vms,
                     <!-- start vert   --> 0,
                     <!-- num verts    --> 1545,
                     <!-- start index  --> 0,
                     <!-- num indices  --> 2823,
                     <!-- start mesh   --> 0,
                     <!-- num meshes   --> 5,
                     <!-- bounding box -->  4.6874008,   2.36185,    6.3945651,
                                           -4.6874018,  -5.7792153, -4.3119283,
                     <!-- center       -->  0.10842286, -2.1234927,  1.4046755,
                     <!-- radius       --> 6.2616611
                  </VMeshRef>
               </VMeshPart>
            </Level0>
            <Level1>
               <VMeshPart>
                  <VMeshRef type="VMeshRef">
                     <!-- header size  --> 60,
                     <!-- vmesh lib    --> data.ships.bretonia.br_elite.br_elite.lod1-112.vms,
                     <!-- start vert   --> 0,
                     <!-- num verts    --> 563,
                     <!-- start index  --> 0,
                     <!-- num indices  --> 948,
                     <!-- start mesh   --> 0,
                     <!-- num meshes   --> 2,
                     <!-- bounding box -->  4.6874008,   2.36185,    6.3945651,
                                           -4.6874018,  -5.7792153, -4.3119283,
                     <!-- center       -->  0.10842286, -2.1234927,  1.4046755,
                     <!-- radius       --> 6.2616611
                  </VMeshRef>
               </VMeshPart>
            </Level1>
            <Level2>
               <VMeshPart>
                  <VMeshRef type="VMeshRef">
                     <!-- header size  --> 60,
                     <!-- vmesh lib    --> data.ships.bretonia.br_elite.br_elite.lod2-112.vms,
                     <!-- start vert   --> 0,
                     <!-- num verts    --> 145,
                     <!-- start index  --> 0,
                     <!-- num indices  --> 276,
                     <!-- start mesh   --> 0,
                     <!-- num meshes   --> 1,
                     <!-- bounding box -->  4.6874008,   2.36185,    6.3945651,
                                           -4.6874018,  -5.7792153, -4.3119283,
                     <!-- center       -->  0.10842286, -2.1234927,  1.4046755,
                     <!-- radius       --> 6.2616611
                  </VMeshRef>
               </VMeshPart>
            </Level2>
            <Switch2 type="float array" count="4">
               0,
               100,
               1000,
               1000000
            </Switch2>
         </MultiLevel>
      </br_elite_lod1021114142815.3db>
      <br_glass_lod1021114142815.3db>
         <VMeshWire include="br_elite_cmp\br_glass_lod1.vwd.xml"/>
         <MultiLevel>
            <Level0>
               <VMeshPart>
                  <VMeshRef type="VMeshRef">
                     <!-- header size  --> 60,
                     <!-- vmesh lib    --> data.ships.bretonia.br_elite.br_elite.lod0-112.vms,
                     <!-- start vert   --> 2167,
                     <!-- num verts    --> 98,
                     <!-- start index  --> 4266,
                     <!-- num indices  --> 402,
                     <!-- start mesh   --> 21,
                     <!-- num meshes   --> 1,
                     <!-- bounding box -->  2.1224844,    0.89963621,   1.0742867,
                                           -2.1224842,   -0.90026921,  -1.0747138,
                     <!-- center       -->  0.024979139, -0.048404027,  0.099099793,
                     <!-- radius       --> 2.3889296
                  </VMeshRef>
               </VMeshPart>
            </Level0>
            <Level1>
               <VMeshPart>
                  <VMeshRef type="VMeshRef">
                     <!-- header size  --> 60,
                     <!-- vmesh lib    --> data.ships.bretonia.br_elite.br_elite.lod1-112.vms,
                     <!-- start vert   --> 841,
                     <!-- num verts    --> 34,
                     <!-- start index  --> 1509,
                     <!-- num indices  --> 108,
                     <!-- start mesh   --> 6,
                     <!-- num meshes   --> 1,
                     <!-- bounding box -->  2.1224844,    0.89963621,   1.0742867,
                                           -2.1224842,   -0.90026921,  -1.0747138,
                     <!-- center       -->  0.024979139, -0.048404027,  0.099099793,
                     <!-- radius       --> 2.3889296
                  </VMeshRef>
               </VMeshPart>
            </Level1>
            <Switch2 type="float array" count="3">
               0,
               100,
               1000000
            </Switch2>
         </MultiLevel>
      </br_glass_lod1021114142815.3db>
      <br_port_eng_lod1021114142815.3db>
         <Hardpoints>
            <Fixed>
               <HpEngine01>
                  <Orientation type="Matrix">
                       1.0000000000, -3.3161814e-15, -236.53226e-18,
                      3.3161814e-15,   1.0000000000,  59.604645e-09,
                      236.53207e-18, -59.604645e-09,   1.0000000000
                  </Orientation>
                  <Position type="Vector">0.024340689, -0.0067763245, 1.3821013</Position>
               </HpEngine01>
               <HpEngineGlow>
                  <Orientation type="Matrix">
                       1.0000000000, -3.3161814e-15, -236.53226e-18,
                      3.3161814e-15,   1.0000000000,  59.604645e-09,
                      236.53207e-18, -59.604645e-09,   1.0000000000
                  </Orientation>
                  <Position type="Vector">3.0716777, -0.0067758206, 8.4856825</Position>
               </HpEngineGlow>
               <HpMine01>
                  <Orientation type="Matrix">
                       1.0000000000, -5.9215849e-15, -1.1838425e-15,
                      5.9215849e-15,   1.0000000000,  119.20932e-09,
                      1.1838417e-15, -119.20932e-09,   1.0000000000
                  </Orientation>
                  <Position type="Vector">0.0080165956, 0.85164297, -0.63766629</Position>
               </HpMine01>
            </Fixed>
         </Hardpoints>
         <VMeshWire include="br_elite_cmp\br_port_eng_lod1.vwd.xml"/>
         <MultiLevel>
            <Level0>
               <VMeshPart>
                  <VMeshRef type="VMeshRef">
                     <!-- header size  --> 60,
                     <!-- vmesh lib    --> data.ships.bretonia.br_elite.br_elite.lod0-112.vms,
                     <!-- start vert   --> 1545,
                     <!-- num verts    --> 155,
                     <!-- start index  --> 2823,
                     <!-- num indices  --> 402,
                     <!-- start mesh   --> 5,
                     <!-- num meshes   --> 4,
                     <!-- bounding box -->  0.8387773,    0.84984875,      1.4954487,
                                           -0.83877754,  -0.84984934,     -1.4954492,
                     <!-- center       -->  0.020960931,  0.0068955417, -665.61089e-6,
                     <!-- radius       --> 1.5911779
                  </VMeshRef>
               </VMeshPart>
            </Level0>
            <Level1>
               <VMeshPart>
                  <VMeshRef type="VMeshRef">
                     <!-- header size  --> 60,
                     <!-- vmesh lib    --> data.ships.bretonia.br_elite.br_elite.lod1-112.vms,
                     <!-- start vert   --> 563,
                     <!-- num verts    --> 54,
                     <!-- start index  --> 948,
                     <!-- num indices  --> 120,
                     <!-- start mesh   --> 2,
                     <!-- num meshes   --> 1,
                     <!-- bounding box -->  0.8387773,    0.84984875,      1.4954487,
                                           -0.83877754,  -0.84984934,     -1.4954492,
                     <!-- center       -->  0.020960931,  0.0068955417, -665.61089e-6,
                     <!-- radius       --> 1.5911779
                  </VMeshRef>
               </VMeshPart>
            </Level1>
            <Level2>
               <VMeshPart>
                  <VMeshRef type="VMeshRef">
                     <!-- header size  --> 60,
                     <!-- vmesh lib    --> data.ships.bretonia.br_elite.br_elite.lod2-112.vms,
                     <!-- start vert   --> 145,
                     <!-- num verts    --> 25,
                     <!-- start index  --> 276,
                     <!-- num indices  --> 84,
                     <!-- start mesh   --> 1,
                     <!-- num meshes   --> 2,
                     <!-- bounding box -->  0.8387773,    0.84984875,      1.4954487,
                                           -0.83877754,  -0.84984934,     -1.4954492,
                     <!-- center       -->  0.020960931,  0.0068955417, -665.61089e-6,
                     <!-- radius       --> 1.5911779
                  </VMeshRef>
               </VMeshPart>
            </Level2>
            <Switch2 type="float array" count="4">
               0,
               100,
               1000,
               1000000
            </Switch2>
         </MultiLevel>
      </br_port_eng_lod1021114142815.3db>
      <br_port_wing_lod1021114142815.3db>
         <Hardpoints>
            <Fixed>
               <HpContrail02>
                  <Orientation type="Matrix">
                       0.8090169400,  21.183125e-09,   0.5877853000,
                      59.276150e-09,   1.0000000000, -117.62549e-09,
                      -0.5877853000,  130.00266e-09,   0.8090169400
                  </Orientation>
                  <Position type="Vector">-0.62226987, -0.29922304, 5.7072611</Position>
               </HpContrail02>
               <HpRunningLight02>
                  <Orientation type="Matrix">
                       0.8090168800,  110.75836e-09,   0.5877854200,
                     -14.780356e-09,   1.0000000000, -168.08991e-09,
                      -0.5877854200,  127.29990e-09,   0.8090168800
                  </Orientation>
                  <Position type="Vector">-1.1546667, -0.14805356, 1.4258095</Position>
               </HpRunningLight02>
            </Fixed>
            <Revolute>
               <HpWeapon02>
                  <Axis type="Vector">0, 1, 0</Axis>
                  <Max type="float">0.78538001</Max>
                  <Min type="float">-0.17454</Min>
                  <Orientation type="Matrix">
                       0.8090169400, -96.756082e-09,   0.5877853600,
                      43.382862e-09,   1.0000000000,  104.89988e-09,
                      -0.5877853600, -59.365970e-09,   0.8090169400
                  </Orientation>
                  <Position type="Vector">-0.62611508, -779.85704e-6, 1.9728533</Position>
               </HpWeapon02>
            </Revolute>
         </Hardpoints>
         <VMeshWire include="br_elite_cmp\br_port_wing_lod1.vwd.xml"/>
         <MultiLevel>
            <Level0>
               <VMeshPart>
                  <VMeshRef type="VMeshRef">
                     <!-- header size  --> 60,
                     <!-- vmesh lib    --> data.ships.bretonia.br_elite.br_elite.lod0-112.vms,
                     <!-- start vert   --> 2297,
                     <!-- num verts    --> 131,
                     <!-- start index  --> 4776,
                     <!-- num indices  --> 207,
                     <!-- start mesh   --> 24,
                     <!-- num meshes   --> 5,
                     <!-- bounding box -->  3.3436744,   0.0085066743,    5.7759261,
                                           -1.1144364,  -0.34264666,   -497.19599e-6,
                     <!-- center       -->  0.97187328, -0.17618293,      3.0348742,
                     <!-- radius       --> 3.1919758
                  </VMeshRef>
               </VMeshPart>
            </Level0>
            <Level1>
               <VMeshPart>
                  <VMeshRef type="VMeshRef">
                     <!-- header size  --> 60,
                     <!-- vmesh lib    --> data.ships.bretonia.br_elite.br_elite.lod1-112.vms,
                     <!-- start vert   --> 899,
                     <!-- num verts    --> 29,
                     <!-- start index  --> 1665,
                     <!-- num indices  --> 39,
                     <!-- start mesh   --> 9,
                     <!-- num meshes   --> 1,
                     <!-- bounding box -->  3.3436744,   0.0085066743,    5.7759261,
                                           -1.1144364,  -0.34264666,   -497.19599e-6,
                     <!-- center       -->  0.97187328, -0.17618293,      3.0348742,
                     <!-- radius       --> 3.1919758
                  </VMeshRef>
               </VMeshPart>
            </Level1>
            <Level2>
               <VMeshPart>
                  <VMeshRef type="VMeshRef">
                     <!-- header size  --> 60,
                     <!-- vmesh lib    --> data.ships.bretonia.br_elite.br_elite.lod2-112.vms,
                     <!-- start vert   --> 259,
                     <!-- num verts    --> 15,
                     <!-- start index  --> 561,
                     <!-- num indices  --> 15,
                     <!-- start mesh   --> 7,
                     <!-- num meshes   --> 1,
                     <!-- bounding box -->  3.3436744,   0.0085066743,    5.7759261,
                                           -1.1144364,  -0.34264666,   -497.19599e-6,
                     <!-- center       -->  0.97187328, -0.17618293,      3.0348742,
                     <!-- radius       --> 3.1919758
                  </VMeshRef>
               </VMeshPart>
            </Level2>
            <Switch2 type="float array" count="4">
               0,
               100,
               1000,
               1000000
            </Switch2>
         </MultiLevel>
      </br_port_wing_lod1021114142815.3db>
      <br_star_eng_lod1021114142815.3db>
         <Hardpoints>
            <Fixed>
               <HpCM01>
                  <Orientation type="Matrix">
                       1.0000000000, -6.8688951e-15, -3.7892459e-15,
                      6.8688955e-15,   1.0000000000,  59.604645e-09,
                      3.7892455e-15, -59.604645e-09,   1.0000000000
                  </Orientation>
                  <Position type="Vector">-0.0069565685, 0.8516432, -0.63766611</Position>
               </HpCM01>
               <HpEngine02>
                  <Orientation type="Matrix">
                       1.0000000000, -710.77923e-18,  710.77923e-18,
                      710.77923e-18,   1.0000000000,  1.9106861e-15,
                     -710.77923e-18, -1.9106861e-15,   1.0000000000
                  </Orientation>
                  <Position type="Vector">0.030512154, -0.0067761191, 1.3821011</Position>
               </HpEngine02>
            </Fixed>
         </Hardpoints>
         <VMeshWire include="br_elite_cmp\br_star_eng_lod1.vwd.xml"/>
         <MultiLevel>
            <Level0>
               <VMeshPart>
                  <VMeshRef type="VMeshRef">
                     <!-- header size  --> 60,
                     <!-- vmesh lib    --> data.ships.bretonia.br_elite.br_elite.lod0-112.vms,
                     <!-- start vert   --> 2012,
                     <!-- num verts    --> 155,
                     <!-- start index  --> 3864,
                     <!-- num indices  --> 402,
                     <!-- start mesh   --> 17,
                     <!-- num meshes   --> 4,
                     <!-- bounding box -->  0.8387773,    0.84984857,    1.4954486,
                                           -0.83877754,  -0.84984964,   -1.4954494,
                     <!-- center       -->  0.020960918,  0.00689528, -665.7195e-6,
                     <!-- radius       --> 1.5911779
                  </VMeshRef>
               </VMeshPart>
            </Level0>
            <Level1>
               <VMeshPart>
                  <VMeshRef type="VMeshRef">
                     <!-- header size  --> 60,
                     <!-- vmesh lib    --> data.ships.bretonia.br_elite.br_elite.lod1-112.vms,
                     <!-- start vert   --> 787,
                     <!-- num verts    --> 54,
                     <!-- start index  --> 1389,
                     <!-- num indices  --> 120,
                     <!-- start mesh   --> 5,
                     <!-- num meshes   --> 1,
                     <!-- bounding box -->  0.8387773,    0.84984857,    1.4954486,
                                           -0.83877754,  -0.84984964,   -1.4954494,
                     <!-- center       -->  0.020960918,  0.00689528, -665.7195e-6,
                     <!-- radius       --> 1.5911779
                  </VMeshRef>
               </VMeshPart>
            </Level1>
            <Level2>
               <VMeshPart>
                  <VMeshRef type="VMeshRef">
                     <!-- header size  --> 60,
                     <!-- vmesh lib    --> data.ships.bretonia.br_elite.br_elite.lod2-112.vms,
                     <!-- start vert   --> 234,
                     <!-- num verts    --> 25,
                     <!-- start index  --> 477,
                     <!-- num indices  --> 84,
                     <!-- start mesh   --> 5,
                     <!-- num meshes   --> 2,
                     <!-- bounding box -->  0.8387773,    0.84984857,    1.4954486,
                                           -0.83877754,  -0.84984964,   -1.4954494,
                     <!-- center       -->  0.020960918,  0.00689528, -665.7195e-6,
                     <!-- radius       --> 1.5911779
                  </VMeshRef>
               </VMeshPart>
            </Level2>
            <Switch2 type="float array" count="4">
               0,
               100,
               1000,
               1000000
            </Switch2>
         </MultiLevel>
      </br_star_eng_lod1021114142815.3db>
      <br_star_wing_lod1021114142815.3db>
         <Hardpoints>
            <Fixed>
               <HpContrail01>
                  <Orientation type="Matrix">
                       0.8090170600,  117.62549e-09,  -0.5877851800,
                     -130.00266e-09,   1.0000000000,  21.183107e-09,
                       0.5877851800,  59.276143e-09,   0.8090170600
                  </Orientation>
                  <Position type="Vector">0.64467514, -0.29922318, 5.7235374</Position>
               </HpContrail01>
               <HpRunningLight03>
                  <Orientation type="Matrix">
                       0.8090170600,  160.68782e-09,  -0.5877851800,
                     -78.095454e-09,   1.0000000000,  165.88929e-09,
                       0.5877851800, -88.303914e-09,   0.8090170600
                  </Orientation>
                  <Position type="Vector">1.1544925, -0.14805362, 1.4256835</Position>
               </HpRunningLight03>
            </Fixed>
            <Revolute>
               <HpWeapon06>
                  <Axis type="Vector">0, 1, 0</Axis>
                  <Max type="float">0.17452</Max>
                  <Min type="float">-0.7854</Min>
