<?xml version="1.0" encoding="ISO-8859-1"?>
<!-- XML generated by UTFXML Version 2.2 built 19-Aug-2010 -->
<UTFXML filename="Black_Death.cmp" path="SHIPS\new\StarConflict">
   <UTF_ROOT>
      <VMeshLibrary>
         <black_death.lod0-112.vms include="Black_Death_cmp\lod0-112.vms.xml"/>
      </VMeshLibrary>
      <Exporter_Version name="Exporter Version" type="text">Export</Exporter_Version>
      <Cmpnd>
         <Root>
            <Object_name name="Object name" type="text">Root</Object_name>
            <Index type="int">0</Index>
            <File_name name="File name" type="text">Black_Death220215162006.3db</File_name>
         </Root>
      </Cmpnd>
      <Black_Death220215162006.3db>
         <VMeshPart>
            <VMeshRef type="VMeshRef">
               <!-- header size  --> 60,
               <!-- vmesh lib    --> black_death.lod0-112.vms,
               <!-- start vert   --> 0,
               <!-- num verts    --> 5824,
               <!-- start index  --> 0,
               <!-- num indices  --> 24030,
               <!-- start mesh   --> 0,
               <!-- num meshes   --> 2,
               <!-- bounding box -->  137.40384,     73.965393,  193.21141,
                                     -137.61534,    -47.216805, -193.21141,
               <!-- center       -->   -0.10575104,  13.374294,   -0,
               <!-- radius       --> 199.59581
            </VMeshRef>
         </VMeshPart>
         <VMeshWire include="Black_Death_cmp\Black_Death.vwd.xml"/>
         <Hardpoints>
            <Fixed>
               <HpMount>
                  <Position type="Vector">0, -55, -125</Position>
                  <Orientation type="Matrix">
                       1.0000000000,   0.0000000000,  -0.0000000000,
                       0.0000000000,   1.0000000000,  -0.0000000000,
                      -0.0000000000,  -0.0000000000,   1.0000000000
                  </Orientation>
               </HpMount>
               <HpBayDoor01>
                  <Position type="Vector">0, -65, -0</Position>
                  <Orientation type="Matrix">
                       1.0000000000,   0.0000000000,  -0.0000000000,
                       0.0000000000,   1.0000000000,  -0.0000000000,
                      -0.0000000000,  -0.0000000000,   1.0000000000
                  </Orientation>
               </HpBayDoor01>
               <HpBayDoor02>
                  <Position type="Vector">0, -75, -0</Position>
                  <Orientation type="Matrix">
                       1.0000000000,   0.0000000000,  -0.0000000000,
                       0.0000000000,   1.0000000000,  -0.0000000000,
                      -0.0000000000,  -0.0000000000,   1.0000000000
                  </Orientation>
               </HpBayDoor02>
               <HpEngine01>
                  <Position type="Vector">-0.10773, -3.098069, 159.49229</Position>
                  <Orientation type="Matrix">
                       1.0000000000,   0.0000000000,  -0.0000000000,
                       0.0000000000,   1.0000000000,  -0.0000000000,
                      -0.0000000000,  -0.0000000000,   1.0000000000
                  </Orientation>
               </HpEngine01>
               <HpEngine02>
                  <Position type="Vector">-38.473816, 2.2439289, 114.34862</Position>
                  <Orientation type="Matrix">
                       1.0000000000,   0.0000000000,  -0.0000000000,
                       0.0000000000,   1.0000000000,  -0.0000000000,
                      -0.0000000000,  -0.0000000000,   1.0000000000
                  </Orientation>
               </HpEngine02>
               <HpEngine03>
                  <Position type="Vector">38.185566, 2.1681859, 114.34862</Position>
                  <Orientation type="Matrix">
                       1.0000000000,   0.0000000000,  -0.0000000000,
                       0.0000000000,   1.0000000000,  -0.0000000000,
                      -0.0000000000,  -0.0000000000,   1.0000000000
                  </Orientation>
               </HpEngine03>
               <HpThruster01>
                  <Position type="Vector">-54.14938, 2.2509251, 123.19627</Position>
                  <Orientation type="Matrix">
                      313.91644e-09,  -0.9999998800,  -0.0000000000,
                       0.9999998800,  313.91644e-09,  -0.0000000000,
                      -0.0000000000,  -0.0000000000,   1.0000000000
                  </Orientation>
               </HpThruster01>
               <HpThruster02>
                  <Position type="Vector">53.926323, 2.2823269, 123.53988</Position>
                  <Orientation type="Matrix">
                      313.91644e-09,   0.9999998800,  -0.0000000000,
                      -0.9999998800,  313.91644e-09,  -0.0000000000,
                      -0.0000000000,  -0.0000000000,   1.0000000000
                  </Orientation>
               </HpThruster02>
               <HpTractor_Source>
                  <Position type="Vector">0.071831003, -13.386005, -188.76314</Position>
                  <Orientation type="Matrix">
                       1.0000000000,   0.0000000000,  -0.0000000000,
                       0.0000000000,   1.0000000000,  -0.0000000000,
                      -0.0000000000,  -0.0000000000,   1.0000000000
                  </Orientation>
               </HpTractor_Source>
               <HpCloak01>
                  <Position type="Vector">0, 0, -0</Position>
                  <Orientation type="Matrix">
                       1.0000000000,   0.0000000000,  -0.0000000000,
                       0.0000000000,   1.0000000000,  -0.0000000000,
                      -0.0000000000,  -0.0000000000,   1.0000000000
                  </Orientation>
               </HpCloak01>
               <HpFX01>
                  <Position type="Vector">0, 0, -0</Position>
                  <Orientation type="Matrix">
                       1.0000000000,   0.0000000000,  -0.0000000000,
                       0.0000000000,   1.0000000000,  -0.0000000000,
                      -0.0000000000,  -0.0000000000,   1.0000000000
                  </Orientation>
               </HpFX01>
               <HpFX02>
                  <Position type="Vector">0, 0, -0</Position>
                  <Orientation type="Matrix">
                      313.91644e-09,   0.9999998800,  -0.0000000000,
                      -0.9999998800,  313.91644e-09,  -0.0000000000,
                      -0.0000000000,  -0.0000000000,   1.0000000000
                  </Orientation>
               </HpFX02>
               <HpFX03>
                  <Position type="Vector">0, 0, -0</Position>
                  <Orientation type="Matrix">
                       1.0000000000,   0.0000000000,  -0.0000000000,
                       0.0000000000,  313.91644e-09,   0.9999998800,
                      -0.0000000000,  -0.9999998800,  313.91644e-09
                  </Orientation>
               </HpFX03>
               <HpFX04>
                  <Position type="Vector">0, 0, -0</Position>
                  <Orientation type="Matrix">
                       1.0000000000,   0.0000000000,  -0.0000000000,
                       0.0000000000,   1.0000000000,  -0.0000000000,
                      -0.0000000000,  -0.0000000000,   1.0000000000
                  </Orientation>
               </HpFX04>
               <HpFX05>
                  <Position type="Vector">0, 0, -0</Position>
                  <Orientation type="Matrix">
                       1.0000000000,   0.0000000000,  -0.0000000000,
                       0.0000000000,   1.0000000000,  -0.0000000000,
                      -0.0000000000,  -0.0000000000,   1.0000000000
                  </Orientation>
               </HpFX05>
               <HpFX06>
                  <Position type="Vector">0, 0, -0</Position>
                  <Orientation type="Matrix">
                       1.0000000000,   0.0000000000,  -0.0000000000,
                       0.0000000000,   1.0000000000,  -0.0000000000,
                      -0.0000000000,  -0.0000000000,   1.0000000000
                  </Orientation>
               </HpFX06>
               <HpFX07>
                  <Position type="Vector">0, 0, -0</Position>
                  <Orientation type="Matrix">
                       1.0000000000,   0.0000000000,  -0.0000000000,
                       0.0000000000,   1.0000000000,  -0.0000000000,
                      -0.0000000000,  -0.0000000000,   1.0000000000
                  </Orientation>
               </HpFX07>
               <HpRunningLight01>
                  <Position type="Vector">-83.1754, 72.416504, 71.283562</Position>
                  <Orientation type="Matrix">
                       1.0000000000,   0.0000000000,  -0.0000000000,
                       0.0000000000,   1.0000000000,  -0.0000000000,
                      -0.0000000000,  -0.0000000000,   1.0000000000
                  </Orientation>
               </HpRunningLight01>
               <HpRunningLight02>
                  <Position type="Vector">82.972069, 72.417908, 71.31691</Position>
                  <Orientation type="Matrix">
                       1.0000000000,   0.0000000000,  -0.0000000000,
                       0.0000000000,   1.0000000000,  -0.0000000000,
                      -0.0000000000,  -0.0000000000,   1.0000000000
                  </Orientation>
               </HpRunningLight02>
               <HpRunningLight03>
                  <Position type="Vector">-77.590805, -28.270077, -85.124039</Position>
                  <Orientation type="Matrix">
                       1.0000000000,   0.0000000000,  -0.0000000000,
                       0.0000000000,   1.0000000000,  -0.0000000000,
                      -0.0000000000,  -0.0000000000,   1.0000000000
                  </Orientation>
               </HpRunningLight03>
               <HpRunningLight04>
                  <Position type="Vector">77.394699, -28.275902, -85.115189</Position>
                  <Orientation type="Matrix">
                       1.0000000000,   0.0000000000,  -0.0000000000,
                       0.0000000000,   1.0000000000,  -0.0000000000,
                      -0.0000000000,  -0.0000000000,   1.0000000000
                  </Orientation>
               </HpRunningLight04>
               <HpRunningLight05>
                  <Position type="Vector">-97.929916, -47.216396, 15.503454</Position>
                  <Orientation type="Matrix">
                       1.0000000000,   0.0000000000,  -0.0000000000,
                       0.0000000000,   1.0000000000,  -0.0000000000,
                      -0.0000000000,  -0.0000000000,   1.0000000000
                  </Orientation>
               </HpRunningLight05>
               <HpRunningLight06>
                  <Position type="Vector">97.71949, -47.216171, 15.500376</Position>
                  <Orientation type="Matrix">
                       1.0000000000,   0.0000000000,  -0.0000000000,
                       0.0000000000,   1.0000000000,  -0.0000000000,
                      -0.0000000000,  -0.0000000000,   1.0000000000
                  </Orientation>
               </HpRunningLight06>
               <HpRunningLight07>
                  <Position type="Vector">-137.60327, -22.607615, 70.877449</Position>
                  <Orientation type="Matrix">
                       1.0000000000,   0.0000000000,  -0.0000000000,
                       0.0000000000,   1.0000000000,  -0.0000000000,
                      -0.0000000000,  -0.0000000000,   1.0000000000
                  </Orientation>
               </HpRunningLight07>
               <HpRunningLight08>
                  <Position type="Vector">137.39194, -22.607327, 70.888741</Position>
                  <Orientation type="Matrix">
                       1.0000000000,   0.0000000000,  -0.0000000000,
                       0.0000000000,   1.0000000000,  -0.0000000000,
                      -0.0000000000,  -0.0000000000,   1.0000000000
                  </Orientation>
               </HpRunningLight08>
               <HpDocklight01>
                  <Position type="Vector">-83.533684, 72.63485, 86.543404</Position>
                  <Orientation type="Matrix">
                       1.0000000000,   0.0000000000,  -0.0000000000,
                       0.0000000000,   1.0000000000,  -0.0000000000,
                      -0.0000000000,  -0.0000000000,   1.0000000000
                  </Orientation>
               </HpDocklight01>
               <HpDocklight02>
                  <Position type="Vector">83.324844, 72.629158, 86.542145</Position>
                  <Orientation type="Matrix">
                       1.0000000000,   0.0000000000,  -0.0000000000,
                       0.0000000000,   1.0000000000,  -0.0000000000,
                      -0.0000000000,  -0.0000000000,   1.0000000000
                  </Orientation>
               </HpDocklight02>
               <HpDocklight03>
                  <Position type="Vector">-137.11806, -22.582352, 122.95996</Position>
                  <Orientation type="Matrix">
                       1.0000000000,   0.0000000000,  -0.0000000000,
                       0.0000000000,   1.0000000000,  -0.0000000000,
                      -0.0000000000,  -0.0000000000,   1.0000000000
                  </Orientation>
               </HpDocklight03>
               <HpDocklight04>
                  <Position type="Vector">137.02176, -22.609755, 122.93518</Position>
                  <Orientation type="Matrix">
                       1.0000000000,   0.0000000000,  -0.0000000000,
                       0.0000000000,   1.0000000000,  -0.0000000000,
                      -0.0000000000,  -0.0000000000,   1.0000000000
                  </Orientation>
               </HpDocklight04>
               <HpCM01>
                  <Position type="Vector">-87.185089, -24.983601, 144.25212</Position>
                  <Orientation type="Matrix">
                      -1.0000000000,  186.89494e-09, -266.91362e-09,
                     -1.7763568e-15,  -0.8191520600,  -0.5735764500,
                     -325.84134e-09,  -0.5735764500,   0.8191520600
                  </Orientation>
               </HpCM01>
               <HpCM02>
                  <Position type="Vector">86.977364, -24.983454, 144.06689</Position>
                  <Orientation type="Matrix">
                      -1.0000000000,  186.89494e-09, -266.91362e-09,
                     -1.7763568e-15,  -0.8191520600,  -0.5735764500,
                     -325.84134e-09,  -0.5735764500,   0.8191520600
                  </Orientation>
               </HpCM02>
               <HpShield01>
                  <Position type="Vector">0, 0, -0</Position>
                  <Orientation type="Matrix">
                       1.0000000000,   0.0000000000,  -0.0000000000,
                       0.0000000000,   1.0000000000,  -0.0000000000,
                      -0.0000000000,  -0.0000000000,   1.0000000000
                  </Orientation>
               </HpShield01>
               <HpShield02>
                  <Position type="Vector">0, 0, -0</Position>
                  <Orientation type="Matrix">
                       1.0000000000,   0.0000000000,  -0.0000000000,
                       0.0000000000,   1.0000000000,  -0.0000000000,
                      -0.0000000000,  -0.0000000000,   1.0000000000
                  </Orientation>
               </HpShield02>
               <HpShield03>
                  <Position type="Vector">0, 0, -0</Position>
                  <Orientation type="Matrix">
                       1.0000000000,   0.0000000000,  -0.0000000000,
                       0.0000000000,   1.0000000000,  -0.0000000000,
                      -0.0000000000,  -0.0000000000,   1.0000000000
                  </Orientation>
               </HpShield03>
               <HpShield04>
                  <Position type="Vector">0, 0, -0</Position>
                  <Orientation type="Matrix">
                       1.0000000000,   0.0000000000,  -0.0000000000,
                       0.0000000000,   1.0000000000,  -0.0000000000,
                      -0.0000000000,  -0.0000000000,   1.0000000000
                  </Orientation>
               </HpShield04>
            </Fixed>
            <Revolute>
               <HpTorpedo01>
                  <Position type="Vector">0.150627, -21.445919, -146.81793</Position>
                  <Orientation type="Matrix">
                      -1.0000000000,  17.053258e-09, -325.39478e-09,
                     -1.7763568e-15,  -0.9986296300,  -0.0523360480,
                     -325.84137e-09,  -0.0523360520,   0.9986295100
                  </Orientation>
                  <Axis type="Vector">0, 1, -0</Axis>
                  <Min type="float">-2.2689281</Min>
                  <Max type="float">2.2689281</Max>
               </HpTorpedo01>
               <HpWeapon01>
                  <Position type="Vector">-0.18580499, 9.4056396, -124.92812</Position>
                  <Orientation type="Matrix">
                     -162.92067e-09,   0.0000000000,  -0.9999998800,
                       0.0000000000,   1.0000000000,  -0.0000000000,
                       0.9999998800,  -0.0000000000, -162.92067e-09
                  </Orientation>
                  <Axis type="Vector">0, 1, -0</Axis>
                  <Min type="float">-0</Min>
                  <Max type="float">-0</Max>
               </HpWeapon01>
               <HpWeapon02>
                  <Position type="Vector">-0.185754, 13.394295, -110.06228</Position>
                  <Orientation type="Matrix">
                     -162.92067e-09,   0.0000000000,  -0.9999998800,
                       0.0000000000,   1.0000000000,  -0.0000000000,
                       0.9999998800,  -0.0000000000, -162.92067e-09
                  </Orientation>
                  <Axis type="Vector">0, 1, -0</Axis>
                  <Min type="float">-0</Min>
                  <Max type="float">-0</Max>
               </HpWeapon02>
               <HpWeapon03>
                  <Position type="Vector">-0.088085003, 17.111687, -95.045761</Position>
                  <Orientation type="Matrix">
                     -162.92067e-09,   0.0000000000,  -0.9999998800,
                       0.0000000000,   1.0000000000,  -0.0000000000,
                       0.9999998800,  -0.0000000000, -162.92067e-09
                  </Orientation>
                  <Axis type="Vector">0, 1, -0</Axis>
                  <Min type="float">-0</Min>
                  <Max type="float">-0</Max>
               </HpWeapon03>
               <HpWeapon04>
                  <Position type="Vector">-0.078911997, 20.663935, -80.694557</Position>
                  <Orientation type="Matrix">
                     -162.92067e-09,   0.0000000000,  -0.9999998800,
                       0.0000000000,   1.0000000000,  -0.0000000000,
                       0.9999998800,  -0.0000000000, -162.92067e-09
                  </Orientation>
                  <Axis type="Vector">0, 1, -0</Axis>
                  <Min type="float">-0</Min>
                  <Max type="float">-0</Max>
               </HpWeapon04>
               <HpT01>
                  <Position type="Vector">0.0935, -33.645603, 186.88499</Position>
                  <Orientation type="Matrix">
                      -1.0000000000,   0.0000000000,  150.99580e-09,
                       0.0000000000,   1.0000000000,  -0.0000000000,
                     -150.99580e-09,  -0.0000000000,  -1.0000000000
                  </Orientation>
                  <Axis type="Vector">0, 1, -0</Axis>
                  <Min type="float">-0.43633232</Min>
                  <Max type="float">0.43633232</Max>
               </HpT01>
               <HpT02>
                  <Position type="Vector">-0.0935, -36.592152, 187.19884</Position>
                  <Orientation type="Matrix">
                       1.0000000000, -87.422755e-09, -87.422798e-09,
                     -87.422784e-09,  -1.0000000000, -325.84137e-09,
                     -87.422769e-09,  325.84137e-09,  -1.0000000000
                  </Orientation>
                  <Axis type="Vector">0, 1, -0</Axis>
                  <Min type="float">-0.43633232</Min>
                  <Max type="float">0.43633232</Max>
               </HpT02>
               <HpAGun01>
                  <Position type="Vector">-0.144768, -10.997381, -183.27841</Position>
                  <Orientation type="Matrix">
                       1.0000000000,   0.0000000000,  -0.0000000000,
                       0.0000000000,   1.0000000000,  -0.0000000000,
                      -0.0000000000,  -0.0000000000,   1.0000000000
                  </Orientation>
                  <Axis type="Vector">0, 1, -0</Axis>
                  <Min type="float">-0</Min>
                  <Max type="float">-0</Max>
               </HpAGun01>
               <HpAGun02>
                  <Position type="Vector">-0.084992997, -22.047386, -139.79004</Position>
                  <Orientation type="Matrix">
                      -1.0000000000,  106.17260e-15, -325.84137e-09,
                       0.0000000000,  -1.0000000000, -325.84137e-09,
                     -325.84137e-09, -325.84137e-09,   1.0000000000
                  </Orientation>
                  <Axis type="Vector">0, 1, -0</Axis>
                  <Min type="float">-0</Min>
                  <Max type="float">-0</Max>
               </HpAGun02>
               <HpBGun01>
                  <Position type="Vector">-73.858994, -8.1963043, -11.297135</Position>
                  <Orientation type="Matrix">
                       0.9563048500,  -0.2923714500,  -0.0000000000,
                       0.2923714500,   0.9563048500,  -0.0000000000,
                      -0.0000000000,  -0.0000000000,   1.0000000000
                  </Orientation>
                  <Axis type="Vector">0, 1, -0</Axis>
                  <Min type="float">-0</Min>
                  <Max type="float">-0</Max>
               </HpBGun01>
               <HpBGun02>
                  <Position type="Vector">73.44046, -8.1302299, -11.671449</Position>
                  <Orientation type="Matrix">
                       0.9563047900,   0.2923716900,  -0.0000000000,
                      -0.2923716900,   0.9563047900,  -0.0000000000,
                      -0.0000000000,  -0.0000000000,   1.0000000000
                  </Orientation>
                  <Axis type="Vector">0, 1, -0</Axis>
                  <Min type="float">-0</Min>
                  <Max type="float">-0</Max>
               </HpBGun02>
               <HpTurret01>
                  <Position type="Vector">-73.743141, -8.1604614, -11.115354</Position>
                  <Orientation type="Matrix">
                      76.368451e-09,  -0.2923713900,   0.9563046700,
                     -22.351742e-09,   0.9563049100,   0.2923714500,
                      -0.9999998800, -22.351742e-09,  68.917871e-09
                  </Orientation>
                  <Axis type="Vector">0, 1, -0</Axis>
                  <Min type="float">-1.5707964</Min>
                  <Max type="float">1.5707964</Max>
               </HpTurret01>
               <HpTurret02>
                  <Position type="Vector">73.391632, -8.1151352, -11.675348</Position>
                  <Orientation type="Matrix">
                     -163.91277e-09,   0.2923713900,  -0.9563047300,
                     -18.626451e-09,   0.9563048500,   0.2923714500,
                       0.9999997600,  89.406967e-09, -143.42368e-09
                  </Orientation>
                  <Axis type="Vector">0, 1, -0</Axis>
                  <Min type="float">-1.5707964</Min>
                  <Max type="float">1.5707964</Max>
               </HpTurret02>
               <HpTurret03>
                  <Position type="Vector">-111.04664, -15.753916, 79.169739</Position>
                  <Orientation type="Matrix">
                     -163.49986e-09,  -0.1736481500,   0.9848076100,
                     -14.864781e-09,   0.9848076700,   0.1736481300,
                      -1.0000000000,  13.635145e-09, -162.83502e-09
                  </Orientation>
                  <Axis type="Vector">0, 1, -0</Axis>
                  <Min type="float">-1.5707964</Min>
                  <Max type="float">1.5707964</Max>
               </HpTurret03>
               <HpTurret04>
                  <Position type="Vector">110.87061, -15.760624, 79.210785</Position>
                  <Orientation type="Matrix">
                     -162.69041e-09,   0.1736481300,  -0.9848076100,
                     -14.886609e-09,   0.9848076700,   0.1736481200,
                       1.0000000000,  43.059117e-09, -156.41581e-09
                  </Orientation>
                  <Axis type="Vector">0, 1, -0</Axis>
                  <Min type="float">-1.5707964</Min>
                  <Max type="float">1.5707964</Max>
               </HpTurret04>
               <HpTurret05>
                  <Position type="Vector">-115.67279, -23.570662, 86.379448</Position>
                  <Orientation type="Matrix">
                      536.44180e-09, -150.99579e-09,   1.0000000000,
                     -14.210855e-15,  -0.9999997600, -150.99576e-09,
                       0.9999998800,  17.763568e-15, -119.20929e-09
                  </Orientation>
                  <Axis type="Vector">0, 1, -0</Axis>
                  <Min type="float">-1.5707964</Min>
                  <Max type="float">1.5707964</Max>
               </HpTurret05>
               <HpTurret06>
                  <Position type="Vector">115.54726, -23.570704, 86.798973</Position>
                  <Orientation type="Matrix">
                      417.23251e-09, -150.99579e-09,  -0.9999998200,
                     -42.632564e-15,  -0.9999997600,  150.99576e-09,
                      -0.9999998800, -7.1054274e-15, -119.20929e-09
                  </Orientation>
                  <Axis type="Vector">0, 1, -0</Axis>
                  <Min type="float">-1.5707964</Min>
                  <Max type="float">1.5707964</Max>
               </HpTurret06>
               <HpTurret07>
                  <Position type="Vector">-63.291725, 58.626419, 83.027252</Position>
                  <Orientation type="Matrix">
                      72.643161e-09,   0.6427874600,   0.7660443200,
                      14.901161e-09,   0.7660446200,  -0.6427875800,
                      -0.9999998200, -29.802322e-09,  89.406967e-09
                  </Orientation>
                  <Axis type="Vector">0, 1, -0</Axis>
                  <Min type="float">-1.5707964</Min>
                  <Max type="float">1.5707964</Max>
               </HpTurret07>
               <HpTurret08>
                  <Position type="Vector">62.650391, 58.259571, 82.908417</Position>
                  <Orientation type="Matrix">
                     -151.80558e-09,  -0.6427875800,  -0.7660443800,
                     -74.505806e-09,   0.7660445600,  -0.6427876900,
                       0.9999998200, -163.91277e-09, -74.505806e-09
                  </Orientation>
                  <Axis type="Vector">0, 1, -0</Axis>
                  <Min type="float">-1.5707964</Min>
                  <Max type="float">1.5707964</Max>
               </HpTurret08>
               <HpTurret09>
                  <Position type="Vector">-66.433258, 55.231133, 82.948311</Position>
                  <Orientation type="Matrix">
                     -136.90442e-09,  -0.6427875800,   0.7660443800,
                     -115.48400e-09,  -0.7660442600,  -0.6427875800,
                       0.9999997600, -191.85245e-09,  120.60627e-09
                  </Orientation>
                  <Axis type="Vector">0, 1, -0</Axis>
                  <Min type="float">-1.5707964</Min>
                  <Max type="float">1.5707964</Max>
               </HpTurret09>
               <HpTurret10>
                  <Position type="Vector">66.174187, 55.188316, 82.961395</Position>
                  <Orientation type="Matrix">
                      33.527613e-09,   0.6427876400,  -0.7660445000,
                     -89.406967e-09,  -0.7660442600,  -0.6427875800,
                      -0.9999998800,  -0.0000000000,  96.857548e-09
                  </Orientation>
                  <Axis type="Vector">0, 1, -0</Axis>
                  <Min type="float">-1.5707964</Min>
                  <Max type="float">1.5707964</Max>
               </HpTurret10>
               <HpTurret11>
                  <Position type="Vector">-0.170913, -22.049128, -139.76932</Position>
                  <Orientation type="Matrix">
                      -1.0000000000, -87.090108e-09, -7.6193967e-09,
                      87.422784e-09,  -0.9961947200,  -0.0871557440,
                      444.08921e-18,  -0.0871557440,   0.9961947200
                  </Orientation>
                  <Axis type="Vector">0, 1, 0</Axis>
                  <Min type="float">-1.5707964</Min>
                  <Max type="float">1.5707964</Max>
               </HpTurret11>
               <HpTurret12>
                  <Position type="Vector">86.006325, -42.407288, -4.6706648</Position>
                  <Orientation type="Matrix">
                      119.20929e-09,  -0.4694714800,  -0.8829475600,
                     -29.802322e-09,  -0.8829474400,   0.4694714800,
                      -0.9999998800,   0.0000000000,  22.351742e-09
                  </Orientation>
                  <Axis type="Vector">0, 1, 0</Axis>
                  <Min type="float">0</Min>
                  <Max type="float">1.5707964</Max>
               </HpTurret12>
               <HpTurret13>
                  <Position type="Vector">-86.214729, -42.410126, -4.846756</Position>
                  <Orientation type="Matrix">
                      119.20929e-09,   0.4694714800,   0.8829475600,
                      29.802322e-09,  -0.8829474400,   0.4694714800,
                       0.9999998800,   0.0000000000,  22.351742e-09
                  </Orientation>
                  <Axis type="Vector">0, 1, 0</Axis>
                  <Min type="float">-1.5707964</Min>
                  <Max type="float">0</Max>
               </HpTurret13>
               <HpTurret14>
                  <Position type="Vector">0, -36.592121, 163.30035</Position>
                  <Orientation type="Matrix">
                       1.0000000000, -87.422777e-09, -87.422777e-09,
                     -87.422777e-09,  -1.0000000000,  7.6427419e-15,
                     -87.422777e-09,   0.0000000000,  -1.0000000000
                  </Orientation>
                  <Axis type="Vector">0, 1, 0</Axis>
                  <Min type="float">-1.5707964</Min>
                  <Max type="float">1.5707964</Max>
               </HpTurret14>
               <HpTurret15>
                  <Position type="Vector">-111.51106, -20.276785, 130.66711</Position>
                  <Orientation type="Matrix">
                      59.604645e-09,   0.0000000000,   0.9999998800,
                      -0.0000000000,   1.0000000000,   0.0000000000,
                      -0.9999998800,  -0.0000000000,  59.604645e-09
                  </Orientation>
                  <Axis type="Vector">0, 1, 0</Axis>
                  <Min type="float">-0.78539819</Min>
                  <Max type="float">0.78539819</Max>
               </HpTurret15>
               <HpTurret16>
                  <Position type="Vector">110.75542, -20.266298, 130.66368</Position>
                  <Orientation type="Matrix">
                      59.604645e-09,   0.0000000000,  -0.9999998800,
                       0.0000000000,   1.0000000000,   0.0000000000,
                       0.9999998800,   0.0000000000,  59.604645e-09
                  </Orientation>
                  <Axis type="Vector">0, 1, 0</Axis>
                  <Min type="float">-0.78539819</Min>
                  <Max type="float">0.78539819</Max>
               </HpTurret16>
               <HpTurret17>
                  <Position type="Vector">21.960217, -36.527122, 170.80272</Position>
                  <Orientation type="Matrix">
                      178.81393e-09, -87.422769e-09,  -0.9999998800,
                     -7.1054274e-15,  -0.9999997600,  87.422769e-09,
                      -0.9999998800,   0.0000000000,  59.604641e-09
                  </Orientation>
                  <Axis type="Vector">0, 1, 0</Axis>
                  <Min type="float">-0.78539819</Min>
                  <Max type="float">0.78539819</Max>
               </HpTurret17>
               <HpTurret18>
                  <Position type="Vector">-21.96, -36.527122, 170.8</Position>
                  <Orientation type="Matrix">
                      178.81393e-09, -87.422769e-09,   0.9999998800,
                     -7.1054274e-15,  -0.9999997600, -87.422769e-09,
                       0.9999998800,   0.0000000000,  59.604641e-09
                  </Orientation>
                  <Axis type="Vector">0, 1, 0</Axis>
                  <Min type="float">-0.78539819</Min>
                  <Max type="float">0.78539819</Max>
               </HpTurret18>
            </Revolute>
         </Hardpoints>
      </Black_Death220215162006.3db>
   </UTF_ROOT>
</UTFXML>
