<?xml version="1.0" encoding="ISO-8859-1"?>
<!-- XML generated by UTFXML Version 2.2 built 19-Aug-2010 -->
<UTFXML filename="br_01_avalon_cityscape.cmp" path="BASES\BRETONIA">
   <UTF_ROOT>
      <VMeshLibrary>
         <data.bases.bretonia.br_01_avalon_cityscape.lod0-112.vms include="br_01_avalon_cityscape_cmp\lod0-112.vms.xml"/>
         <data.bases.bretonia.br_01_avalon_cityscape.lod0-212.vms include="br_01_avalon_cityscape_cmp\lod0-212.vms.xml"/>
      </VMeshLibrary>
      <MaterialAnim>
         <banner2021022095954>
            <MACount type="int">2</MACount>
            <MAFlags type="int">0x2</MAFlags>
            <MADeltas type="float array" count="10">
                 10.0000000000:   0.0000000000,  -0.0342991950,  894.06967e-09, -279.39677e-09,
                 10.0000000000:   0.0000000000,   0.0000000000,  894.06967e-09,   0.0000000000
            </MADeltas>
            <MAKeys type="float array" count="4">
                  0.0000000000,   -0.3429951700,   29.802322e-09,    0.0000000000
            </MAKeys>
         </banner2021022095954>
         <sign5021022095954>
            <MACount type="int">1</MACount>
            <MAFlags type="int">0x2</MAFlags>
            <MADeltas type="float array" count="5">
                 20.0000000000:   0.1499176000,   0.0000000000,   0.0000000000, -894.06967e-09
            </MADeltas>
         </sign5021022095954>
         <monster021022095954>
            <MACount type="int">6</MACount>
            <MAFlags type="int">0x2</MAFlags>
            <MADeltas type="float array" count="30">
                  5.7333336000:   0.0000000000,   0.0000000000, -894.06967e-09,  293.36661e-09,
                  0.0666666700:   0.0000000000,   5.2536225000, -894.06967e-09, -1.3411045e-06,
                  6.8000000000:   0.0000000000,   0.0000000000, -894.06967e-09,   0.0000000000,
                  0.0333333350:   0.0000000000,  -6.5542774000, -894.06967e-09, -894.06967e-09,
                  0.0333333350:   0.0000000000,  -3.9529691000, -894.06967e-09,  894.06967e-09,
                  7.3333335000:   0.0000000000,   0.0000000000, -894.06967e-09,   0.0000000000
            </MADeltas>
            <MAKeys type="float array" count="20">
                  0.0000000000,    0.1751207700,  -29.802322e-09,   9.7788870e-09,
                  0.0000000000,    0.3502415400,   89.406967e-09,  -20.023435e-09,
                  0.0000000000,    0.1317656200,  -29.802322e-09,  -49.825758e-09,
                  0.0000000000,  -9.7788870e-09,  -29.802322e-09,  -20.023435e-09,
                  0.0000000000,  -9.7788870e-09,  -29.802322e-09,  -20.023435e-09
            </MAKeys>
         </monster021022095954>
      </MaterialAnim>
      <Exporter_Version name="Exporter Version" type="text">Aug 24 2002 12:33:14</Exporter_Version>
      <Cmpnd>
         <Root>
            <Object_name name="Object name" type="text">Root</Object_name>
            <File_name name="File name" type="text">Root_Avalon021022095954.3db</File_name>
            <Index type="int">0</Index>
         </Root>
         <Part_Building01>
            <Object_name name="Object name" type="text">Building01</Object_name>
            <File_name name="File name" type="text">Building01021022095954.3db</File_name>
            <Index type="int">1</Index>
         </Part_Building01>
         <Part_Building04>
            <Object_name name="Object name" type="text">Building04</Object_name>
            <File_name name="File name" type="text">Building04021022095954.3db</File_name>
            <Index type="int">2</Index>
         </Part_Building04>
         <Part_Elevator01>
            <Object_name name="Object name" type="text">Elevator01</Object_name>
            <File_name name="File name" type="text">Elevator01021022095954.3db</File_name>
            <Index type="int">3</Index>
         </Part_Elevator01>
         <Part_Elevator02>
            <Object_name name="Object name" type="text">Elevator02</Object_name>
            <File_name name="File name" type="text">Elevator02021022095954.3db</File_name>
            <Index type="int">4</Index>
         </Part_Elevator02>
         <Part_Elevator03>
            <Object_name name="Object name" type="text">Elevator03</Object_name>
            <File_name name="File name" type="text">Elevator03021022095954.3db</File_name>
            <Index type="int">5</Index>
         </Part_Elevator03>
         <Part_Fan01>
            <Object_name name="Object name" type="text">Fan01</Object_name>
            <File_name name="File name" type="text">Fan01021022095954.3db</File_name>
            <Index type="int">6</Index>
         </Part_Fan01>
         <Part_Fan02>
            <Object_name name="Object name" type="text">Fan02</Object_name>
            <File_name name="File name" type="text">Fan02021022095954.3db</File_name>
            <Index type="int">7</Index>
         </Part_Fan02>
         <Part_rail>
            <Object_name name="Object name" type="text">rail</Object_name>
            <File_name name="File name" type="text">rail021022095954.3db</File_name>
            <Index type="int">8</Index>
         </Part_rail>
         <Part_Spin_Globe_Thing name="Part_Spin Globe Thing">
            <Object_name name="Object name" type="text">Spin Globe Thing</Object_name>
            <File_name name="File name" type="text">Spin Globe Thing021022095954.3db</File_name>
            <Index type="int">9</Index>
         </Part_Spin_Globe_Thing>
         <Part_Spot-01>
            <Object_name name="Object name" type="text">Spot-01</Object_name>
            <File_name name="File name" type="text">Spot-01021022095954.3db</File_name>
            <Index type="int">10</Index>
         </Part_Spot-01>
         <Part_Spot-02>
            <Object_name name="Object name" type="text">Spot-02</Object_name>
            <File_name name="File name" type="text">Spot-02021022095954.3db</File_name>
            <Index type="int">11</Index>
         </Part_Spot-02>
         <Part_Traffic01>
            <Object_name name="Object name" type="text">Traffic01</Object_name>
            <File_name name="File name" type="text">Traffic01021022095954.3db</File_name>
            <Index type="int">12</Index>
         </Part_Traffic01>
         <Part_Traffic02>
            <Object_name name="Object name" type="text">Traffic02</Object_name>
            <File_name name="File name" type="text">Traffic02021022095954.3db</File_name>
            <Index type="int">13</Index>
         </Part_Traffic02>
         <Part_Traffic03>
            <Object_name name="Object name" type="text">Traffic03</Object_name>
            <File_name name="File name" type="text">Traffic03021022095954.3db</File_name>
            <Index type="int">14</Index>
         </Part_Traffic03>
         <Part_Traffic04>
            <Object_name name="Object name" type="text">Traffic04</Object_name>
            <File_name name="File name" type="text">Traffic04021022095954.3db</File_name>
            <Index type="int">15</Index>
         </Part_Traffic04>
         <Part_Traffic05>
            <Object_name name="Object name" type="text">Traffic05</Object_name>
            <File_name name="File name" type="text">Traffic05021022095954.3db</File_name>
            <Index type="int">16</Index>
         </Part_Traffic05>
         <Part_Traffic06>
            <Object_name name="Object name" type="text">Traffic06</Object_name>
            <File_name name="File name" type="text">Traffic06021022095954.3db</File_name>
            <Index type="int">17</Index>
         </Part_Traffic06>
         <Part_Traffic07>
            <Object_name name="Object name" type="text">Traffic07</Object_name>
            <File_name name="File name" type="text">Traffic07021022095954.3db</File_name>
            <Index type="int">18</Index>
         </Part_Traffic07>
         <Part_Traffic08>
            <Object_name name="Object name" type="text">Traffic08</Object_name>
            <File_name name="File name" type="text">Traffic08021022095954.3db</File_name>
            <Index type="int">19</Index>
         </Part_Traffic08>
         <Part_Traffic09>
            <Object_name name="Object name" type="text">Traffic09</Object_name>
            <File_name name="File name" type="text">Traffic09021022095954.3db</File_name>
            <Index type="int">20</Index>
         </Part_Traffic09>
         <Part_Traffic10>
            <Object_name name="Object name" type="text">Traffic10</Object_name>
            <File_name name="File name" type="text">Traffic10021022095954.3db</File_name>
            <Index type="int">21</Index>
         </Part_Traffic10>
         <Part_Traffic12>
            <Object_name name="Object name" type="text">Traffic12</Object_name>
            <File_name name="File name" type="text">Traffic12021022095954.3db</File_name>
            <Index type="int">22</Index>
         </Part_Traffic12>
         <Part_Traffic13>
            <Object_name name="Object name" type="text">Traffic13</Object_name>
            <File_name name="File name" type="text">Traffic13021022095954.3db</File_name>
            <Index type="int">23</Index>
         </Part_Traffic13>
         <Part_Traffic14>
            <Object_name name="Object name" type="text">Traffic14</Object_name>
            <File_name name="File name" type="text">Traffic14021022095954.3db</File_name>
            <Index type="int">24</Index>
         </Part_Traffic14>
         <Part_Traffic15>
            <Object_name name="Object name" type="text">Traffic15</Object_name>
            <File_name name="File name" type="text">Traffic15021022095954.3db</File_name>
            <Index type="int">25</Index>
         </Part_Traffic15>
         <Part_Traffic16>
            <Object_name name="Object name" type="text">Traffic16</Object_name>
            <File_name name="File name" type="text">Traffic16021022095954.3db</File_name>
            <Index type="int">26</Index>
         </Part_Traffic16>
         <Part_Traffic17>
            <Object_name name="Object name" type="text">Traffic17</Object_name>
            <File_name name="File name" type="text">Traffic17021022095954.3db</File_name>
            <Index type="int">27</Index>
         </Part_Traffic17>
         <Part_Traffic18>
            <Object_name name="Object name" type="text">Traffic18</Object_name>
            <File_name name="File name" type="text">Traffic18021022095954.3db</File_name>
            <Index type="int">28</Index>
         </Part_Traffic18>
         <Part_Traffic19>
            <Object_name name="Object name" type="text">Traffic19</Object_name>
            <File_name name="File name" type="text">Traffic19021022095954.3db</File_name>
            <Index type="int">29</Index>
         </Part_Traffic19>
         <Part_Traffic20>
            <Object_name name="Object name" type="text">Traffic20</Object_name>
            <File_name name="File name" type="text">Traffic20021022095954.3db</File_name>
            <Index type="int">30</Index>
         </Part_Traffic20>
         <Part_Traffic21>
            <Object_name name="Object name" type="text">Traffic21</Object_name>
            <File_name name="File name" type="text">Traffic21021022095954.3db</File_name>
            <Index type="int">31</Index>
         </Part_Traffic21>
         <Part_Traffic22>
            <Object_name name="Object name" type="text">Traffic22</Object_name>
            <File_name name="File name" type="text">Traffic22021022095954.3db</File_name>
            <Index type="int">32</Index>
         </Part_Traffic22>
         <Part_Traffic24>
            <Object_name name="Object name" type="text">Traffic24</Object_name>
            <File_name name="File name" type="text">Traffic24021022095954.3db</File_name>
            <Index type="int">33</Index>
         </Part_Traffic24>
         <Part_Train01>
            <Object_name name="Object name" type="text">Train01</Object_name>
            <File_name name="File name" type="text">Train01021022095954.3db</File_name>
            <Index type="int">34</Index>
         </Part_Train01>
         <Part_Train02>
            <Object_name name="Object name" type="text">Train02</Object_name>
            <File_name name="File name" type="text">Train02021022095954.3db</File_name>
            <Index type="int">35</Index>
         </Part_Train02>
         <Part_Train03>
            <Object_name name="Object name" type="text">Train03</Object_name>
            <File_name name="File name" type="text">Train03021022095954.3db</File_name>
            <Index type="int">36</Index>
         </Part_Train03>
         <Part_bar>
            <Object_name name="Object name" type="text">bar</Object_name>
            <File_name name="File name" type="text">bar021022095954.3db</File_name>
            <Index type="int">37</Index>
         </Part_bar>
         <Part_Building02>
            <Object_name name="Object name" type="text">Building02</Object_name>
            <File_name name="File name" type="text">Building02021022095954.3db</File_name>
            <Index type="int">38</Index>
         </Part_Building02>
         <Part_Dish-01>
            <Object_name name="Object name" type="text">Dish-01</Object_name>
            <File_name name="File name" type="text">Dish-01021022095954.3db</File_name>
            <Index type="int">39</Index>
         </Part_Dish-01>
         <Part_Dish-02>
            <Object_name name="Object name" type="text">Dish-02</Object_name>
            <File_name name="File name" type="text">Dish-02021022095954.3db</File_name>
            <Index type="int">40</Index>
         </Part_Dish-02>
         <Part_Fade_Back name="Part_Fade Back">
            <Object_name name="Object name" type="text">Fade Back</Object_name>
            <File_name name="File name" type="text">Fade Back021022095954.3db</File_name>
            <Index type="int">41</Index>
         </Part_Fade_Back>
         <Part_main_rail>
            <Object_name name="Object name" type="text">main_rail</Object_name>
            <File_name name="File name" type="text">main_rail021022095954.3db</File_name>
            <Index type="int">42</Index>
         </Part_main_rail>
         <Part_building_front>
            <Object_name name="Object name" type="text">building_front</Object_name>
            <File_name name="File name" type="text">building_front021022095954.3db</File_name>
            <Index type="int">43</Index>
         </Part_building_front>
         <Part_blds_front>
            <Object_name name="Object name" type="text">blds_front</Object_name>
            <File_name name="File name" type="text">blds_front021022095954.3db</File_name>
            <Index type="int">44</Index>
         </Part_blds_front>
         <Part_palace>
            <Object_name name="Object name" type="text">palace</Object_name>
            <File_name name="File name" type="text">palace021022095954.3db</File_name>
            <Index type="int">45</Index>
         </Part_palace>
         <Part_palace01>
            <Object_name name="Object name" type="text">palace01</Object_name>
            <File_name name="File name" type="text">palace01021022095954.3db</File_name>
            <Index type="int">46</Index>
         </Part_palace01>
         <Part_Fade_Back03 name="Part_Fade Back03">
            <Object_name name="Object name" type="text">Fade Back03</Object_name>
            <File_name name="File name" type="text">Fade Back03021022095954.3db</File_name>
            <Index type="int">47</Index>
         </Part_Fade_Back03>
         <Part_banner2>
            <Object_name name="Object name" type="text">banner2</Object_name>
            <File_name name="File name" type="text">banner2021022095954.3db</File_name>
            <Index type="int">48</Index>
         </Part_banner2>
         <Part_banner1>
            <Object_name name="Object name" type="text">banner1</Object_name>
            <File_name name="File name" type="text">banner1021022095954.3db</File_name>
            <Index type="int">49</Index>
         </Part_banner1>
         <Part_banner4>
            <Object_name name="Object name" type="text">banner4</Object_name>
            <File_name name="File name" type="text">banner4021022095954.3db</File_name>
            <Index type="int">50</Index>
         </Part_banner4>
         <Part_banner6>
            <Object_name name="Object name" type="text">banner6</Object_name>
            <File_name name="File name" type="text">banner6021022095954.3db</File_name>
            <Index type="int">51</Index>
         </Part_banner6>
         <Part_banner5>
            <Object_name name="Object name" type="text">banner5</Object_name>
            <File_name name="File name" type="text">banner5021022095954.3db</File_name>
            <Index type="int">52</Index>
         </Part_banner5>
         <Part_banner3>
            <Object_name name="Object name" type="text">banner3</Object_name>
            <File_name name="File name" type="text">banner3021022095954.3db</File_name>
            <Index type="int">53</Index>
         </Part_banner3>
         <Part_Fade_Back04 name="Part_Fade Back04">
            <Object_name name="Object name" type="text">Fade Back04</Object_name>
            <File_name name="File name" type="text">Fade Back04021022095954.3db</File_name>
            <Index type="int">54</Index>
         </Part_Fade_Back04>
         <Part_Fade_MidTOP name="Part_Fade MidTOP">
            <Object_name name="Object name" type="text">Fade MidTOP</Object_name>
            <File_name name="File name" type="text">Fade MidTOP021022095954.3db</File_name>
            <Index type="int">55</Index>
         </Part_Fade_MidTOP>
         <Part_Fade_Mid name="Part_Fade Mid">
            <Object_name name="Object name" type="text">Fade Mid</Object_name>
            <File_name name="File name" type="text">Fade Mid021022095954.3db</File_name>
            <Index type="int">56</Index>
         </Part_Fade_Mid>
         <Cons>
            <Fix type="Fix" count="18">
               <part>
                  <!-- parent      --> "Root",
                  <!-- child       --> "Building01",
                  <!-- position    --> 29.658817, 3.9703507, -311.21765,
                  <!-- orientation -->   1.0000000000,  10.986573e-09,  44.024343e-09,
                                       -10.986570e-09,   1.0000000000, -61.620412e-09,
                                       -44.024343e-09,  61.620412e-09,   1.0000000000
               </part>
               <part>
                  <!-- parent      --> "Root",
                  <!-- child       --> "Building04",
                  <!-- position    --> -208.10861, 153.17084, -246.60539,
                  <!-- orientation -->   1.0000000000,  10.986573e-09,  44.024343e-09,
                                       -10.986570e-09,   1.0000000000, -61.620412e-09,
                                       -44.024343e-09,  61.620412e-09,   1.0000000000
               </part>
               <part>
                  <!-- parent      --> "Root",
                  <!-- child       --> "rail",
                  <!-- position    --> -9.8775492, 68.565468, 164.97102,
                  <!-- orientation -->   0.9890081300,  -0.0072560180,   0.1476830500,
                                         0.0021305569,   0.9993908400,   0.0348344630,
                                        -0.1478458500,  -0.0341369210,   0.9884210800
               </part>
               <part>
                  <!-- parent      --> "Root",
                  <!-- child       --> "bar",
                  <!-- position    --> 150.02791, 127.00797, -175.65375,
                  <!-- orientation -->   1.0000000000,  10.986573e-09,  44.024343e-09,
                                       -10.986570e-09,   1.0000000000, -61.620412e-09,
                                       -44.024343e-09,  61.620412e-09,   1.0000000000
               </part>
               <part>
                  <!-- parent      --> "Root",
                  <!-- child       --> "Building02",
                  <!-- position    --> 107.82689, -46.441906, 109.78032,
                  <!-- orientation -->   1.0000000000,  10.986573e-09,  44.024343e-09,
                                       -10.986570e-09,   1.0000000000, -61.620412e-09,
                                       -44.024343e-09,  61.620412e-09,   1.0000000000
               </part>
               <part>
                  <!-- parent      --> "Root",
                  <!-- child       --> "Fade Back",
                  <!-- position    --> 157.57076, 64.850922, -1304.9661,
                  <!-- orientation -->   0.9848077300,  -0.1736481500, -37.304030e-09,
                                        8.4255500e-09, -167.04169e-09,   1.0000000000,
                                        -0.1736481500,  -0.9848077300, -163.04088e-09
               </part>
               <part>
                  <!-- parent      --> "Root",
                  <!-- child       --> "main_rail",
                  <!-- position    --> 57.553589, 86.170166, -139.16147,
                  <!-- orientation -->   1.0000000000,  10.986573e-09,  44.024343e-09,
                                       -10.986570e-09,   1.0000000000, -61.620412e-09,
                                       -44.024343e-09,  61.620412e-09,   1.0000000000
               </part>
               <part>
                  <!-- parent      --> "Root",
                  <!-- child       --> "building_front",
                  <!-- position    --> -18.358963, 86.170235, -331.41382,
                  <!-- orientation -->   1.0000000000,  12.049080e-09,  29.349561e-09,
                                       -12.049078e-09,   1.0000000000, -58.759145e-09,
                                       -29.349561e-09,  58.759145e-09,   1.0000000000
               </part>
               <part>
                  <!-- parent      --> "Root",
                  <!-- child       --> "blds_front",
                  <!-- position    --> 57.553417, 86.170166, -139.16243,
                  <!-- orientation -->   1.0000000000,  12.049080e-09,  29.349561e-09,
                                       -12.049078e-09,   1.0000000000, -58.759145e-09,
                                       -29.349561e-09,  58.759145e-09,   1.0000000000
               </part>
               <part>
                  <!-- parent      --> "Root",
                  <!-- child       --> "palace",
                  <!-- position    --> 163.23488, 213.6259, -487.67075,
                  <!-- orientation -->   1.0000000000,  10.986573e-09,  44.024343e-09,
                                       -10.986570e-09,   1.0000000000, -61.620412e-09,
                                       -44.024343e-09,  61.620412e-09,   1.0000000000
               </part>
               <part>
                  <!-- parent      --> "Root",
                  <!-- child       --> "palace01",
                  <!-- position    --> -0.90058273, 391.61469, -2099.144,
                  <!-- orientation -->   1.0000000000,  16.549761e-09,  44.024343e-09,
                                       -16.549759e-09,   1.0000000000, -59.885430e-09,
                                       -44.024343e-09,  59.885430e-09,   1.0000000000
               </part>
               <part>
                  <!-- parent      --> "Root",
                  <!-- child       --> "Fade Back03",
                  <!-- position    --> -33.485554, 202.30595, -1823.7809,
                  <!-- orientation -->   0.9848077300,  -0.1736481600, -38.660488e-09,
                                        8.9405932e-09, -171.93226e-09,   1.0000000000,
                                        -0.1736481600,  -0.9848077300, -167.76771e-09
               </part>
               <part>
                  <!-- parent      --> "Root",
                  <!-- child       --> "banner4",
                  <!-- position    --> -31.972023, 34.489849, -612.51385,
                  <!-- orientation -->   1.0000000000,  13.148210e-09,  4.3245363e-09,
                                       -13.148211e-09,   1.0000000000,  182.48438e-09,
                                       -4.3245341e-09, -182.48438e-09,   1.0000000000
               </part>
               <part>
                  <!-- parent      --> "Root",
                  <!-- child       --> "banner6",
                  <!-- position    --> -192.87944, 169.09872, -201.44765,
                  <!-- orientation -->   1.0000000000,  840.08881e-18,  4.3245443e-09,
                                       -840.08881e-18,   1.0000000000,  102.48675e-18,
                                       -4.3245443e-09, -102.48676e-18,   1.0000000000
               </part>
               <part>
                  <!-- parent      --> "Root",
                  <!-- child       --> "banner5",
                  <!-- position    --> 214.35951, 70.257286, -169.2946,
                  <!-- orientation -->   0.9848077300,  -0.1736481500, -52.154068e-09,
                                        23.117684e-09, -169.23643e-09,   1.0000000000,
                                        -0.1736481500,  -0.9848077300, -162.65101e-09
               </part>
               <part>
                  <!-- parent      --> "Root",
                  <!-- child       --> "Fade Back04",
                  <!-- position    --> 821.2265, 43.978855, -1273.9503,
                  <!-- orientation -->   0.7716245700, -40.520089e-09,  -0.6360782400,
                                        16.614086e-09,   1.0000000000, -43.548500e-09,
                                         0.6360782400,  23.035234e-09,   0.7716245700
               </part>
               <part>
                  <!-- parent      --> "Root",
                  <!-- child       --> "Fade MidTOP",
                  <!-- position    --> -64.75135, 249.22734, -665.96289,
                  <!-- orientation -->   0.9876883600,   0.1564344800, -29.802322e-09,
                                        36.668261e-09, -41.004327e-09,   1.0000000000,
                                         0.1564344800,  -0.9876883600, -46.235673e-09
               </part>
               <part>
                  <!-- parent      --> "Root",
                  <!-- child       --> "Fade Mid",
                  <!-- position    --> 79.888054, 78.681267, -724.78442,
                  <!-- orientation -->   0.9848077300,  -0.1736481500, -47.969532e-09,
                                        19.041581e-09, -168.25537e-09,   1.0000000000,
                                        -0.1736481500,  -0.9848077300, -162.39267e-09
               </part>
            </Fix>
            <Pris type="Rev" count="28">
               <part>
                  <!-- parent      --> "Root",
                  <!-- child       --> "Elevator01",
                  <!-- position    --> -89.317322, 144.74342, -635.39972,
                  <!-- offset      --> 0, 0, 0,
                  <!-- orientation -->   0.9816271700,   0.1908090900,  62.236744e-09,
                                       -56.614390e-09, -34.917214e-09,   1.0000000000,
                                         0.1908090900,  -0.9816271700, -23.473147e-09,
                  <!-- axis        --> -289.29355e-09,   1.0000000000,  81.025658e-12,
                  <!-- min, max    --> 0, 32.193649
               </part>
               <part>
                  <!-- parent      --> "Root",
                  <!-- child       --> "Elevator02",
                  <!-- position    --> -72.336136, 154.756, -631.77484,
                  <!-- offset      --> 0, 0, 0,
                  <!-- orientation -->   0.9832548500,   0.1822357800,  51.504216e-09,
                                       -68.526901e-09,  87.113463e-09,   1.0000000000,
                                         0.1822357800,  -0.9832548500,  98.142792e-09,
                  <!-- axis        --> -5.6005142e-06,   1.0000000000, -30.836574e-06,
                  <!-- min, max    --> -8.6188345, 22.75116
               </part>
               <part>
                  <!-- parent      --> "Root",
                  <!-- child       --> "Elevator03",
                  <!-- position    --> -57.533913, 165.30836, -628.80994,
                  <!-- offset      --> 0, 0, 0,
                  <!-- orientation -->   0.9862855700,   0.1650476800,  18.943144e-09,
                                       -11.883334e-09, -43.761791e-09,   1.0000000000,
                                         0.1650476800,  -0.9862855700, -41.200309e-09,
                  <!-- axis        --> -5.3417793e-06,  -1.0000000000, -31.180436e-06,
                  <!-- min, max    --> -12.031219, 19.288502
               </part>
               <part>
                  <!-- parent      --> "Root",
                  <!-- child       --> "Traffic01",
                  <!-- position    --> 1835.0944, 265.68539, -2764.5942,
                  <!-- offset      --> 0, 0, 0,
                  <!-- orientation -->   0.7467392700,  -0.0436368810,   0.6636838300,
                                         0.0410381220,   0.9989671100,   0.0195078270,
                                        -0.6638495900,   0.0126690780,   0.7477587500,
                  <!-- axis        -->   0.9848078500,  21.076247e-09,  -0.1736476000,
                  <!-- min, max    --> -3447.0002, 2057.4065
               </part>
               <part>
                  <!-- parent      --> "Root",
                  <!-- child       --> "Traffic02",
                  <!-- position    --> -2669.2212, 696.4032, -1928.3687,
                  <!-- offset      --> 0, 0, 0,
                  <!-- orientation -->   0.7467394500,  -0.0436369260,   0.6636836500,
                                         0.0410380890,   0.9989671100,   0.0195079300,
                                        -0.6638494100,   0.0126689680,   0.7477589200,
                  <!-- axis        -->   0.9823795600,  23.274609e-09,  -0.1868969400,
                  <!-- min, max    --> 0, 6302.603
               </part>
               <part>
                  <!-- parent      --> "Root",
                  <!-- child       --> "Traffic03",
                  <!-- position    --> -2580.167, 562.21191, -2034.2876,
                  <!-- offset      --> 0, 0, 0,
                  <!-- orientation -->   0.7467394500,  -0.0436369260,   0.6636836500,
                                         0.0410380890,   0.9989671100,   0.0195079300,
                                        -0.6638494100,   0.0126689680,   0.7477589200,
                  <!-- axis        -->   0.9823795000,  24.942713e-09,  -0.1868969900,
                  <!-- min, max    --> 0, 6302.603
               </part>
               <part>
                  <!-- parent      --> "Root",
                  <!-- child       --> "Traffic04",
                  <!-- position    --> -2090.1482, 696.40314, -2002.5466,
                  <!-- offset      --> 0, 0, 0,
                  <!-- orientation -->   0.7467394500,  -0.0436369260,   0.6636836500,
                                         0.0410380890,   0.9989671100,   0.0195079300,
                                        -0.6638494100,   0.0126689680,   0.7477589200,
                  <!-- axis        -->  -0.9823795600, -44.863263e-09,   0.1868967100,
                  <!-- min, max    --> -6302.603, 32.680589e-6
               </part>
               <part>
                  <!-- parent      --> "Root",
                  <!-- child       --> "Traffic05",
                  <!-- position    --> -1731.3879, 409.16595, -2218.6948,
                  <!-- offset      --> 0, 0, 0,
                  <!-- orientation -->   0.7467394500,  -0.0436369260,   0.6636836500,
                                         0.0410380890,   0.9989671100,   0.0195079300,
                                        -0.6638494100,   0.0126689680,   0.7477589200,
                  <!-- axis        -->   0.9823796200,  28.718189e-09,  -0.1868964300,
                  <!-- min, max    --> 0, 6302.6343
               </part>
               <part>
                  <!-- parent      --> "Root",
                  <!-- child       --> "Traffic06",
                  <!-- position    --> 2229.0295, -53.168037, -1332.9259,
                  <!-- offset      --> 0, 0, 0,
                  <!-- orientation -->   0.7467393300,  -0.0436369260,   0.6636837700,
                                         0.0410380920,   0.9989671100,   0.0195079260,
                                        -0.6638495300,   0.0126689810,   0.7477588100,
                  <!-- axis        -->  -0.8980544800, -543.50591e-12,   0.4398842800,
                  <!-- min, max    --> 0, 1270.9838
               </part>
               <part>
                  <!-- parent      --> "Root",
                  <!-- child       --> "Traffic07",
                  <!-- position    --> 3171.8723, 696.40332, -2791.2256,
                  <!-- offset      --> 0, 0, 0,
                  <!-- orientation -->   0.7467394500,  -0.0436369260,   0.6636836500,
                                         0.0410380890,   0.9989671100,   0.0195079300,
                                        -0.6638494100,   0.0126689680,   0.7477589200,
                  <!-- axis        -->   0.9736388900,   0.1138140200,  -0.1976705800,
                  <!-- min, max    --> -2596.2893, 63.069252e-6
               </part>
               <part>
                  <!-- parent      --> "Root",
                  <!-- child       --> "Traffic08",
                  <!-- position    --> 3334.4756, 696.40338, -2752.488,
                  <!-- offset      --> 0, 0, 0,
                  <!-- orientation -->   0.7467394500,  -0.0436369260,   0.6636836500,
                                         0.0410380890,   0.9989671100,   0.0195079300,
                                        -0.6638494100,   0.0126689680,   0.7477589200,
                  <!-- axis        -->  -0.9736388300,  -0.1138141200,   0.1976708000,
                  <!-- min, max    --> 0, 2596.2893
               </part>
               <part>
                  <!-- parent      --> "Root",
                  <!-- child       --> "Traffic09",
                  <!-- position    --> 3411.4053, 782.2157, -2879.6577,
                  <!-- offset      --> 0, 0, 0,
                  <!-- orientation -->   0.7467394500,  -0.0436369260,   0.6636836500,
                                         0.0410380890,   0.9989671100,   0.0195079300,
                                        -0.6638494100,   0.0126689680,   0.7477589200,
                  <!-- axis        -->  -0.9736390700,  -0.1138139500,   0.1976697900,
                  <!-- min, max    --> 0, 2596.2893
               </part>
               <part>
                  <!-- parent      --> "Root",
                  <!-- child       --> "Traffic10",
                  <!-- position    --> 811.04767, 517.96429, -2854.1526,
                  <!-- offset      --> 0, 0, 0,
                  <!-- orientation -->   0.7467393300,  -0.0436369810,   0.6636838300,
                                         0.0410380360,   0.9989671100,   0.0195080820,
                                        -0.6638495900,   0.0126688280,   0.7477588100,
                  <!-- axis        -->   0.9848080300,  21.602437e-09,  -0.1736466400,
                  <!-- min, max    --> -3006.73, 2499.0781
               </part>
               <part>
                  <!-- parent      --> "Root",
                  <!-- child       --> "Traffic12",
                  <!-- position    --> 1532.2144, 623.32684, -3080.5916,
                  <!-- offset      --> 0, 0, 0,
                  <!-- orientation -->   0.7467393900,  -0.0436368580,   0.6636837700,
                                         0.0410380140,   0.9989671100,   0.0195079190,
                                        -0.6638495300,   0.0126689320,   0.7477588700,
                  <!-- axis        -->   0.9840346600,  15.142401e-09,  -0.1779768900,
                  <!-- min, max    --> -2042.7489, 2109.115
               </part>
               <part>
                  <!-- parent      --> "Root",
                  <!-- child       --> "Traffic13",
                  <!-- position    --> 1965.1121, 384.04907, -3023.3152,
                  <!-- offset      --> 0, 0, 0,
                  <!-- orientation -->   0.7467393900,  -0.0436368580,   0.6636837700,
                                         0.0410380140,   0.9989671100,   0.0195079190,
                                        -0.6638495300,   0.0126689320,   0.7477588700,
                  <!-- axis        -->  -0.9840346600, -17.690605e-09,   0.1779770300,
                  <!-- min, max    --> -2109.115, 2042.749
               </part>
               <part>
                  <!-- parent      --> "Root",
                  <!-- child       --> "Traffic14",
                  <!-- position    --> 963.42035, 384.04901, -2692.9341,
                  <!-- offset      --> 0, 0, 0,
                  <!-- orientation -->   0.7467393300,  -0.0436369810,   0.6636838300,
                                         0.0410380360,   0.9989671100,   0.0195080820,
                                        -0.6638495900,   0.0126688280,   0.7477588100,
                  <!-- axis        -->  -0.9848079700, -32.901166e-09,   0.1736471100,
                  <!-- min, max    --> -2499.0779, 3006.73
               </part>
               <part>
                  <!-- parent      --> "Root",
                  <!-- child       --> "Traffic15",
                  <!-- position    --> 242.25365, 623.32684, -2466.4951,
                  <!-- offset      --> 0, 0, 0,
                  <!-- orientation -->   0.7467393300,  -0.0436369810,   0.6636838300,
                                         0.0410380360,   0.9989671100,   0.0195080820,
                                        -0.6638495900,   0.0126688280,   0.7477588100,
                  <!-- axis        -->   0.9848078500,  36.250817e-09,  -0.1736477600,
                  <!-- min, max    --> -3006.6987, 2499.1094
               </part>
               <part>
                  <!-- parent      --> "Root",
                  <!-- child       --> "Traffic16",
                  <!-- position    --> 1396.318, 623.32684, -2635.6577,
                  <!-- offset      --> 0, 0, 0,
                  <!-- orientation -->   0.7467393300,  -0.0436369810,   0.6636838300,
                                         0.0410380360,   0.9989671100,   0.0195080820,
                                        -0.6638495900,   0.0126688280,   0.7477588100,
                  <!-- axis        -->  -0.9851892000,   0.0012051795,   0.1714667100,
                  <!-- min, max    --> -2499.0779, 3006.73
               </part>
               <part>
                  <!-- parent      --> "Root",
                  <!-- child       --> "Traffic17",
                  <!-- position    --> 591.89557, 623.32684, -2452.5369,
                  <!-- offset      --> 0, 0, 0,
                  <!-- orientation -->   0.7467393300,  -0.0436369810,   0.6636838300,
                                         0.0410380360,   0.9989671100,   0.0195080820,
                                        -0.6638495900,   0.0126688280,   0.7477588100,
                  <!-- axis        -->  -0.9848080300, -20.487434e-09,   0.1736465800,
                  <!-- min, max    --> -2499.0779, 3006.73
               </part>
               <part>
                  <!-- parent      --> "Root",
                  <!-- child       --> "Traffic18",
                  <!-- position    --> 1124.0321, 696.40332, -1892.196,
                  <!-- offset      --> 0, 0, 0,
                  <!-- orientation -->   0.7467395100,  -0.0436368770,   0.6636836500,
                                         0.0410382080,   0.9989671100,   0.0195077290,
                                        -0.6638494100,   0.0126691950,   0.7477589800,
                  <!-- axis        -->   0.9857850100,  19.366777e-09,  -0.1680116500,
                  <!-- min, max    --> -2838.4487, 2291.2109
               </part>
