<?xml version="1.0" encoding="ISO-8859-1"?>
<!-- XML generated by UTFXML Version 2.2 built 19-Aug-2010 -->
<UTFXML filename="br_02_cambridge_cityscape.cmp" path="BASES\BRETONIA">
   <UTF_ROOT>
      <VMeshLibrary>
         <data.bases.bretonia.br_02_cambridge_cityscape.lod0-112.vms include="br_02_cambridge_cityscape_cmp\lod0-112.vms.xml"/>
         <data.bases.bretonia.br_02_cambridge_cityscape.lod0-212.vms include="br_02_cambridge_cityscape_cmp\lod0-212.vms.xml"/>
      </VMeshLibrary>
      <MaterialAnim>
         <bar_banner.avi021029165713>
            <MACount type="int">1</MACount>
            <MAFlags type="int">0x0</MAFlags>
            <MADeltas type="float array" count="5">
                 20.0000000000:   0.2999925600,   0.0000000000,   0.0000000000,   0.0000000000
            </MADeltas>
         </bar_banner.avi021029165713>
      </MaterialAnim>
      <Exporter_Version name="Exporter Version" type="text">Aug 24 2002 12:33:14</Exporter_Version>
      <Cmpnd>
         <Root>
            <Object_name name="Object name" type="text">Root</Object_name>
            <File_name name="File name" type="text">Root_Cambridge021029165713.3db</File_name>
            <Index type="int">0</Index>
         </Root>
         <Part_Train04>
            <Object_name name="Object name" type="text">Train04</Object_name>
            <File_name name="File name" type="text">Train04021029165713.3db</File_name>
            <Index type="int">1</Index>
         </Part_Train04>
         <Part_Train03>
            <Object_name name="Object name" type="text">Train03</Object_name>
            <File_name name="File name" type="text">Train03021029165713.3db</File_name>
            <Index type="int">2</Index>
         </Part_Train03>
         <Part_Train02>
            <Object_name name="Object name" type="text">Train02</Object_name>
            <File_name name="File name" type="text">Train02021029165713.3db</File_name>
            <Index type="int">3</Index>
         </Part_Train02>
         <Part_Sat-02>
            <Object_name name="Object name" type="text">Sat-02</Object_name>
            <File_name name="File name" type="text">Sat-02021029165713.3db</File_name>
            <Index type="int">4</Index>
         </Part_Sat-02>
         <Part_Sat-01>
            <Object_name name="Object name" type="text">Sat-01</Object_name>
            <File_name name="File name" type="text">Sat-01021029165713.3db</File_name>
            <Index type="int">5</Index>
         </Part_Sat-01>
         <Part_Elevator01>
            <Object_name name="Object name" type="text">Elevator01</Object_name>
            <File_name name="File name" type="text">Elevator01021029165713.3db</File_name>
            <Index type="int">6</Index>
         </Part_Elevator01>
         <Part_Elevator02>
            <Object_name name="Object name" type="text">Elevator02</Object_name>
            <File_name name="File name" type="text">Elevator02021029165713.3db</File_name>
            <Index type="int">7</Index>
         </Part_Elevator02>
         <Part_Elevator03>
            <Object_name name="Object name" type="text">Elevator03</Object_name>
            <File_name name="File name" type="text">Elevator03021029165713.3db</File_name>
            <Index type="int">8</Index>
         </Part_Elevator03>
         <Part_Elevator04>
            <Object_name name="Object name" type="text">Elevator04</Object_name>
            <File_name name="File name" type="text">Elevator04021029165713.3db</File_name>
            <Index type="int">9</Index>
         </Part_Elevator04>
         <Part_Spin_Thing name="Part_Spin Thing">
            <Object_name name="Object name" type="text">Spin Thing</Object_name>
            <File_name name="File name" type="text">Spin Thing021029165713.3db</File_name>
            <Index type="int">10</Index>
         </Part_Spin_Thing>
         <Part_Traffic01>
            <Object_name name="Object name" type="text">Traffic01</Object_name>
            <File_name name="File name" type="text">Traffic01021029165713.3db</File_name>
            <Index type="int">11</Index>
         </Part_Traffic01>
         <Part_Traffic02>
            <Object_name name="Object name" type="text">Traffic02</Object_name>
            <File_name name="File name" type="text">Traffic02021029165713.3db</File_name>
            <Index type="int">12</Index>
         </Part_Traffic02>
         <Part_Traffic03>
            <Object_name name="Object name" type="text">Traffic03</Object_name>
            <File_name name="File name" type="text">Traffic03021029165713.3db</File_name>
            <Index type="int">13</Index>
         </Part_Traffic03>
         <Part_Traffic04>
            <Object_name name="Object name" type="text">Traffic04</Object_name>
            <File_name name="File name" type="text">Traffic04021029165713.3db</File_name>
            <Index type="int">14</Index>
         </Part_Traffic04>
         <Part_Traffic05>
            <Object_name name="Object name" type="text">Traffic05</Object_name>
            <File_name name="File name" type="text">Traffic05021029165713.3db</File_name>
            <Index type="int">15</Index>
         </Part_Traffic05>
         <Part_Traffic06>
            <Object_name name="Object name" type="text">Traffic06</Object_name>
            <File_name name="File name" type="text">Traffic06021029165713.3db</File_name>
            <Index type="int">16</Index>
         </Part_Traffic06>
         <Part_Traffic07>
            <Object_name name="Object name" type="text">Traffic07</Object_name>
            <File_name name="File name" type="text">Traffic07021029165713.3db</File_name>
            <Index type="int">17</Index>
         </Part_Traffic07>
         <Part_Traffic08>
            <Object_name name="Object name" type="text">Traffic08</Object_name>
            <File_name name="File name" type="text">Traffic08021029165713.3db</File_name>
            <Index type="int">18</Index>
         </Part_Traffic08>
         <Part_Traffic09>
            <Object_name name="Object name" type="text">Traffic09</Object_name>
            <File_name name="File name" type="text">Traffic09021029165713.3db</File_name>
            <Index type="int">19</Index>
         </Part_Traffic09>
         <Part_Traffic10>
            <Object_name name="Object name" type="text">Traffic10</Object_name>
            <File_name name="File name" type="text">Traffic10021029165713.3db</File_name>
            <Index type="int">20</Index>
         </Part_Traffic10>
         <Part_Traffic11>
            <Object_name name="Object name" type="text">Traffic11</Object_name>
            <File_name name="File name" type="text">Traffic11021029165713.3db</File_name>
            <Index type="int">21</Index>
         </Part_Traffic11>
         <Part_Traffic12>
            <Object_name name="Object name" type="text">Traffic12</Object_name>
            <File_name name="File name" type="text">Traffic12021029165713.3db</File_name>
            <Index type="int">22</Index>
         </Part_Traffic12>
         <Part_Traffic13>
            <Object_name name="Object name" type="text">Traffic13</Object_name>
            <File_name name="File name" type="text">Traffic13021029165713.3db</File_name>
            <Index type="int">23</Index>
         </Part_Traffic13>
         <Part_Traffic14>
            <Object_name name="Object name" type="text">Traffic14</Object_name>
            <File_name name="File name" type="text">Traffic14021029165713.3db</File_name>
            <Index type="int">24</Index>
         </Part_Traffic14>
         <Part_Traffic15>
            <Object_name name="Object name" type="text">Traffic15</Object_name>
            <File_name name="File name" type="text">Traffic15021029165713.3db</File_name>
            <Index type="int">25</Index>
         </Part_Traffic15>
         <Part_Traffic16>
            <Object_name name="Object name" type="text">Traffic16</Object_name>
            <File_name name="File name" type="text">Traffic16021029165713.3db</File_name>
            <Index type="int">26</Index>
         </Part_Traffic16>
         <Part_Traffic17>
            <Object_name name="Object name" type="text">Traffic17</Object_name>
            <File_name name="File name" type="text">Traffic17021029165713.3db</File_name>
            <Index type="int">27</Index>
         </Part_Traffic17>
         <Part_Traffic18>
            <Object_name name="Object name" type="text">Traffic18</Object_name>
            <File_name name="File name" type="text">Traffic18021029165713.3db</File_name>
            <Index type="int">28</Index>
         </Part_Traffic18>
         <Part_Traffic19>
            <Object_name name="Object name" type="text">Traffic19</Object_name>
            <File_name name="File name" type="text">Traffic19021029165713.3db</File_name>
            <Index type="int">29</Index>
         </Part_Traffic19>
         <Part_Traffic20>
            <Object_name name="Object name" type="text">Traffic20</Object_name>
            <File_name name="File name" type="text">Traffic20021029165713.3db</File_name>
            <Index type="int">30</Index>
         </Part_Traffic20>
         <Part_Traffic21>
            <Object_name name="Object name" type="text">Traffic21</Object_name>
            <File_name name="File name" type="text">Traffic21021029165713.3db</File_name>
            <Index type="int">31</Index>
         </Part_Traffic21>
         <Part_Traffic22>
            <Object_name name="Object name" type="text">Traffic22</Object_name>
            <File_name name="File name" type="text">Traffic22021029165713.3db</File_name>
            <Index type="int">32</Index>
         </Part_Traffic22>
         <Part_Traffic23>
            <Object_name name="Object name" type="text">Traffic23</Object_name>
            <File_name name="File name" type="text">Traffic23021029165713.3db</File_name>
            <Index type="int">33</Index>
         </Part_Traffic23>
         <Part_Traffic24>
            <Object_name name="Object name" type="text">Traffic24</Object_name>
            <File_name name="File name" type="text">Traffic24021029165713.3db</File_name>
            <Index type="int">34</Index>
         </Part_Traffic24>
         <Part_Traffic25>
            <Object_name name="Object name" type="text">Traffic25</Object_name>
            <File_name name="File name" type="text">Traffic25021029165713.3db</File_name>
            <Index type="int">35</Index>
         </Part_Traffic25>
         <Part_Traffic26>
            <Object_name name="Object name" type="text">Traffic26</Object_name>
            <File_name name="File name" type="text">Traffic26021029165713.3db</File_name>
            <Index type="int">36</Index>
         </Part_Traffic26>
         <Part_Traffic27>
            <Object_name name="Object name" type="text">Traffic27</Object_name>
            <File_name name="File name" type="text">Traffic27021029165713.3db</File_name>
            <Index type="int">37</Index>
         </Part_Traffic27>
         <Part_rail>
            <Object_name name="Object name" type="text">rail</Object_name>
            <File_name name="File name" type="text">rail021029165713.3db</File_name>
            <Index type="int">38</Index>
         </Part_rail>
         <Part_Ball_Spin name="Part_Ball Spin">
            <Object_name name="Object name" type="text">Ball Spin</Object_name>
            <File_name name="File name" type="text">Ball Spin021029165713.3db</File_name>
            <Index type="int">39</Index>
         </Part_Ball_Spin>
         <Part_Fade_Back name="Part_Fade Back">
            <Object_name name="Object name" type="text">Fade Back</Object_name>
            <File_name name="File name" type="text">Fade Back021029165713.3db</File_name>
            <Index type="int">40</Index>
         </Part_Fade_Back>
         <Part_Fade_Mid name="Part_Fade Mid">
            <Object_name name="Object name" type="text">Fade Mid</Object_name>
            <File_name name="File name" type="text">Fade Mid021029165713.3db</File_name>
            <Index type="int">41</Index>
         </Part_Fade_Mid>
         <Part_Cityscape>
            <Object_name name="Object name" type="text">Cityscape</Object_name>
            <File_name name="File name" type="text">Cityscape021029165713.3db</File_name>
            <Index type="int">42</Index>
         </Part_Cityscape>
         <Part_forefront>
            <Object_name name="Object name" type="text">forefront</Object_name>
            <File_name name="File name" type="text">forefront021029165713.3db</File_name>
            <Index type="int">43</Index>
         </Part_forefront>
         <Part_palace>
            <Object_name name="Object name" type="text">palace</Object_name>
            <File_name name="File name" type="text">palace021029165713.3db</File_name>
            <Index type="int">44</Index>
         </Part_palace>
         <Part_Building05>
            <Object_name name="Object name" type="text">Building05</Object_name>
            <File_name name="File name" type="text">Building05021029165713.3db</File_name>
            <Index type="int">45</Index>
         </Part_Building05>
         <Part_banner>
            <Object_name name="Object name" type="text">banner</Object_name>
            <File_name name="File name" type="text">banner021029165713.3db</File_name>
            <Index type="int">46</Index>
         </Part_banner>
         <Part_Building01>
            <Object_name name="Object name" type="text">Building01</Object_name>
            <File_name name="File name" type="text">Building01021029165713.3db</File_name>
            <Index type="int">47</Index>
         </Part_Building01>
         <Part_Building02>
            <Object_name name="Object name" type="text">Building02</Object_name>
            <File_name name="File name" type="text">Building02021029165713.3db</File_name>
            <Index type="int">48</Index>
         </Part_Building02>
         <Part_banner2_ni>
            <Object_name name="Object name" type="text">banner2_ni</Object_name>
            <File_name name="File name" type="text">banner2_ni021029165713.3db</File_name>
            <Index type="int">49</Index>
         </Part_banner2_ni>
         <Part_banner3>
            <Object_name name="Object name" type="text">banner3</Object_name>
            <File_name name="File name" type="text">banner3021029165713.3db</File_name>
            <Index type="int">50</Index>
         </Part_banner3>
         <Cons>
            <Fix type="Fix" count="12">
               <part>
                  <!-- parent      --> "Root",
                  <!-- child       --> "rail",
                  <!-- position    --> -114.30997, -28.556656, -261.31693,
                  <!-- orientation -->   0.9732148100, -35.714692e-09,   0.2298977800,
                                        20.499002e-09,   1.0000000000,  68.572916e-09,
                                        -0.2298977800, -62.023503e-09,   0.9732148100
               </part>
               <part>
                  <!-- parent      --> "Root",
                  <!-- child       --> "Fade Back",
                  <!-- position    --> -175.59119, -27.610672, -826.59808,
                  <!-- orientation -->   1.0000000000, -947.31170e-18,  947.31170e-18,
                                        947.31170e-18,   1.0000000000,  1.9106857e-15,
                                       -947.31170e-18, -1.9106857e-15,   1.0000000000
               </part>
               <part>
                  <!-- parent      --> "Root",
                  <!-- child       --> "Fade Mid",
                  <!-- position    --> 97.408791, -40.870136, -650.92236,
                  <!-- orientation -->   1.0000000000, -947.31170e-18,  947.31170e-18,
                                        947.31170e-18,   1.0000000000,  1.9106857e-15,
                                       -947.31170e-18, -1.9106857e-15,   1.0000000000
               </part>
               <part>
                  <!-- parent      --> "Root",
                  <!-- child       --> "Cityscape",
                  <!-- position    --> 381.69009, 601.48633, -2662.7502,
                  <!-- orientation -->   1.0000000000, -947.31170e-18,  947.31170e-18,
                                        947.31170e-18,   1.0000000000,  1.9106857e-15,
                                       -947.31170e-18, -1.9106857e-15,   1.0000000000
               </part>
               <part>
                  <!-- parent      --> "Root",
                  <!-- child       --> "forefront",
                  <!-- position    --> 381.69009, 601.48627, -2662.7502,
                  <!-- orientation -->   1.0000000000,  1.6580903e-15,  1.8946234e-15,
                                       -1.6580904e-15,   1.0000000000,  59.604645e-09,
                                       -1.8946234e-15, -59.604645e-09,   1.0000000000
               </part>
               <part>
                  <!-- parent      --> "Root",
                  <!-- child       --> "palace",
                  <!-- position    --> 381.69009, 601.48627, -2662.7502,
                  <!-- orientation -->   1.0000000000,  1.6580903e-15,  1.8946234e-15,
                                       -1.6580904e-15,   1.0000000000,  59.604645e-09,
                                       -1.8946234e-15, -59.604645e-09,   1.0000000000
               </part>
               <part>
                  <!-- parent      --> "Root",
                  <!-- child       --> "Building05",
                  <!-- position    --> 27.127518, 147.54749, -303.41846,
                  <!-- orientation -->   1.0000000000, -947.31170e-18,  947.31170e-18,
                                        947.31170e-18,   1.0000000000,  1.9106857e-15,
                                       -947.31170e-18, -1.9106857e-15,   1.0000000000
               </part>
               <part>
                  <!-- parent      --> "Root",
                  <!-- child       --> "banner",
                  <!-- position    --> -57.584591, 89.612442, 7.8313031,
                  <!-- orientation -->   1.0000000000, -947.31170e-18,  947.31170e-18,
                                        947.31170e-18,   1.0000000000,  1.9106857e-15,
                                       -947.31170e-18, -1.9106857e-15,   1.0000000000
               </part>
               <part>
                  <!-- parent      --> "Root",
                  <!-- child       --> "Building01",
                  <!-- position    --> -61.62817, 107.24119, -14.979152,
                  <!-- orientation -->   1.0000000000, -4.5000252e-15, -2.6054018e-15,
                                        4.5000252e-15,   1.0000000000, -1.6420280e-15,
                                        2.6054018e-15,  1.6420280e-15,   1.0000000000
               </part>
               <part>
                  <!-- parent      --> "Root",
                  <!-- child       --> "Building02",
                  <!-- position    --> 132.87752, 110.8922, -95.832535,
                  <!-- orientation -->   1.0000000000, -947.31170e-18,  947.31170e-18,
                                        947.31170e-18,   1.0000000000,  1.9106857e-15,
                                       -947.31170e-18, -1.9106857e-15,   1.0000000000
               </part>
               <part>
                  <!-- parent      --> "Root",
                  <!-- child       --> "banner2_ni",
                  <!-- position    --> 46.795849, 15.727296, -280.03091,
                  <!-- orientation -->   0.7826081500,  -0.6225146100, -29.802326e-09,
                                        88.256876e-09,  63.080009e-09,   1.0000000000,
                                        -0.6225146100,  -0.7826081500,  104.30813e-09
               </part>
               <part>
                  <!-- parent      --> "Root",
                  <!-- child       --> "banner3",
                  <!-- position    --> 154.56285, 127.42838, -67.561752,
                  <!-- orientation -->   1.0000000000,  43.711395e-09, -43.711395e-09,
                                        43.711392e-09,  119.20929e-09,   1.0000000000,
                                        43.711399e-09,  -1.0000000000,  119.20929e-09
               </part>
            </Fix>
            <Pris type="Rev" count="34">
               <part>
                  <!-- parent      --> "Root",
                  <!-- child       --> "Train04",
                  <!-- position    --> 367.59628, -12.413998, -343.44189,
                  <!-- offset      --> 0, 0, 0,
                  <!-- orientation -->  -0.3255682900,  -0.9455185500, -59.604652e-09,
                                        36.951910e-09, -75.762685e-09,   1.0000000000,
                                        -0.9455185500,   0.3255682900,  59.604641e-09,
                  <!-- axis        -->  -0.9450691900, -105.41451e-09,   0.3268703500,
                  <!-- min, max    --> 0, 710.29858
               </part>
               <part>
                  <!-- parent      --> "Root",
                  <!-- child       --> "Train03",
                  <!-- position    --> -210.18498, -12.414035, -139.52788,
                  <!-- offset      --> 0, 0, 0,
                  <!-- orientation -->  -0.3255682900,  -0.9455185500, -59.604652e-09,
                                        36.951910e-09, -75.762685e-09,   1.0000000000,
                                        -0.9455185500,   0.3255682900,  59.604641e-09,
                  <!-- axis        -->   0.9466861500,  81.208576e-09,  -0.3221572300,
                  <!-- min, max    --> 0, 675.6795
               </part>
               <part>
                  <!-- parent      --> "Root",
                  <!-- child       --> "Train02",
                  <!-- position    --> 347.75253, -12.413999, -350.4458,
                  <!-- offset      --> 0, 0, 0,
                  <!-- orientation -->  -0.3255682900,  -0.9455185500, -59.604652e-09,
                                        36.951910e-09, -75.762685e-09,   1.0000000000,
                                        -0.9455185500,   0.3255682900,  59.604641e-09,
                  <!-- axis        -->  -0.9447981100, -63.209541e-09,   0.3276529900,
                  <!-- min, max    --> 0, 685.16595
               </part>
               <part>
                  <!-- parent      --> "Root",
                  <!-- child       --> "Elevator01",
                  <!-- position    --> -46.497486, 28.874825, -10.762237,
                  <!-- offset      --> 0, 0, 0,
                  <!-- orientation -->   0.0087265968,  -0.9999619100, -88.713762e-09,
                                       -42.997623e-09, -89.092374e-09,   1.0000000000,
                                        -0.9999619100,  -0.0087265968, -43.773461e-09,
                  <!-- axis        --> -639.14695e-09,   1.0000000000,  45.628518e-09,
                  <!-- min, max    --> -21.555458, 20.246149
               </part>
               <part>
                  <!-- parent      --> "Root",
                  <!-- child       --> "Elevator02",
                  <!-- position    --> -46.434986, 32.848072, -21.199736,
                  <!-- offset      --> 0, 0, 0,
                  <!-- orientation -->  439.87467e-09,  -1.0000000000, -130.85740e-09,
                                        69.539510e-09, -130.85737e-09,   1.0000000000,
                                        -1.0000000000, -439.87467e-09,  69.539453e-09,
                  <!-- axis        -->  427.11847e-09,  -1.0000000000, -53.389801e-09,
                  <!-- min, max    --> -10.343696, 25.381207
               </part>
               <part>
                  <!-- parent      --> "Root",
                  <!-- child       --> "Elevator03",
                  <!-- position    --> -46.716236, 35.901402, -2.6450486,
                  <!-- offset      --> 0, 0, 0,
                  <!-- orientation -->   0.0261769200,  -0.9996573300,  63.829042e-09,
                                        61.255101e-09,  65.454941e-09,   1.0000000000,
                                        -0.9996573300,  -0.0261769200,  62.947521e-09,
                  <!-- axis        -->  39.102115e-09,  -1.0000000000, -59.818390e-09,
                  <!-- min, max    --> 0, 28.482489
               </part>
               <part>
                  <!-- parent      --> "Root",
                  <!-- child       --> "Elevator04",
                  <!-- position    --> -46.309986, 37.035519, -28.254423,
                  <!-- offset      --> 0, 0, 0,
                  <!-- orientation -->  -0.0174524520,  -0.9998477100, -69.974817e-09,
                                        54.255160e-09, -70.932508e-09,   1.0000000000,
                                        -0.9998477100,   0.0174524520,  55.484843e-09,
                  <!-- axis        -->  692.79827e-09,  -1.0000000000, -52.255523e-09,
                  <!-- min, max    --> 0, 29.62624
               </part>
               <part>
                  <!-- parent      --> "Root",
                  <!-- child       --> "Traffic01",
                  <!-- position    --> -3097.2786, 526.52814, -2850.8794,
                  <!-- offset      --> 0, 0, 0,
                  <!-- orientation -->   0.8460651000,  -0.0451293770,   0.5311658400,
                                         0.0410380210,   0.9989671100,   0.0195078910,
                                        -0.5314976000,   0.0052930494,   0.8470432800,
                  <!-- axis        -->  -1.0000000000,  28.564013e-09, -188.35389e-06,
                  <!-- min, max    --> -4792.437, 162.15167e-6
               </part>
               <part>
                  <!-- parent      --> "Root",
                  <!-- child       --> "Traffic02",
                  <!-- position    --> -2698.7473, 736.74969, -2505.1606,
                  <!-- offset      --> 0, 0, 0,
                  <!-- orientation -->   0.8460651000,  -0.0451293770,   0.5311658400,
                                         0.0410380210,   0.9989671100,   0.0195078910,
                                        -0.5314976000,   0.0052930494,   0.8470432800,
                  <!-- axis        -->  -1.0000000000,  1.3439962e-09, -201.86833e-06,
                  <!-- min, max    --> -4451.5, 33.005799e-6
               </part>
               <part>
                  <!-- parent      --> "Root",
                  <!-- child       --> "Traffic03",
                  <!-- position    --> -2266.9348, 394.45908, -2437.1643,
                  <!-- offset      --> 0, 0, 0,
                  <!-- orientation -->   0.8460651000,  -0.0451293770,   0.5311658400,
                                         0.0410380210,   0.9989671100,   0.0195078910,
                                        -0.5314976000,   0.0052930494,   0.8470432800,
                  <!-- axis        -->  -1.0000000000, -5.6259588e-09, -202.58957e-06,
                  <!-- min, max    --> -4451.5, 103.305e-6
               </part>
               <part>
                  <!-- parent      --> "Root",
                  <!-- child       --> "Traffic04",
                  <!-- position    --> 417.815, 798.86163, -689.18402,
                  <!-- offset      --> 0, 0, 0,
                  <!-- orientation -->   0.8460648700,  -0.0451294000,   0.5311662600,
                                         0.0410381070,   0.9989671100,   0.0195078030,
                                        -0.5314980100,   0.0052931909,   0.8470429800,
                  <!-- axis        -->   0.9837667300,   0.1794519400,  65.337609e-09,
                  <!-- min, max    --> -1518.8433, 26.990981e-6
               </part>
               <part>
                  <!-- parent      --> "Root",
                  <!-- child       --> "Traffic05",
                  <!-- position    --> 533.53375, 798.86176, -561.09802,
                  <!-- offset      --> 0, 0, 0,
                  <!-- orientation -->   0.8460648700,  -0.0451294000,   0.5311662600,
                                         0.0410381070,   0.9989671100,   0.0195078030,
                                        -0.5314980100,   0.0052931909,   0.8470429800,
                  <!-- axis        -->   0.9905342500,   0.1372660200,  56.605721e-09,
                  <!-- min, max    --> -1508.4662, 31.604857e-6
               </part>
               <part>
                  <!-- parent      --> "Root",
                  <!-- child       --> "Traffic06",
                  <!-- position    --> 673.40869, 798.86157, -624.3324,
                  <!-- offset      --> 0, 0, 0,
                  <!-- orientation -->   0.8460648700,  -0.0451294000,   0.5311662600,
                                         0.0410381070,   0.9989671100,   0.0195078030,
                                        -0.5314980100,   0.0052931909,   0.8470429800,
                  <!-- axis        -->   0.9743278000,   0.2251340200,  51.485127e-09,
                  <!-- min, max    --> -1533.557, 15.455933e-6
               </part>
               <part>
                  <!-- parent      --> "Root",
                  <!-- child       --> "Traffic07",
                  <!-- position    --> 2140.4402, 597.78479, -2296.4924,
                  <!-- offset      --> 0, 0, 0,
                  <!-- orientation -->   0.8313409700,  -0.0511485190,   0.5534040300,
                                         0.0443723870,   0.9986858400,   0.0256462060,
                                        -0.5539885200,   0.0032351166,   0.8325179800,
                  <!-- axis        -->  -0.9999684700,  -0.0077397013,   0.0017820870,
                  <!-- min, max    --> 0, 4802.6201
               </part>
               <part>
                  <!-- parent      --> "Root",
                  <!-- child       --> "Traffic08",
                  <!-- position    --> 2886.7214, 371.30118, -1576.6448,
                  <!-- offset      --> 0, 0, 0,
                  <!-- orientation -->   0.8313409700,  -0.0511485190,   0.5534040300,
                                         0.0443723870,   0.9986858400,   0.0256462060,
                                        -0.5539885200,   0.0032351166,   0.8325179800,
                  <!-- axis        -->   0.9998723900,  -0.0158749740,  -0.0017826500,
                  <!-- min, max    --> -4803.0815, 73.966999e-6
               </part>
               <part>
                  <!-- parent      --> "Root",
                  <!-- child       --> "Traffic09",
                  <!-- position    --> 2175.8152, 224.21703, -1631.4963,
                  <!-- offset      --> 0, 0, 0,
                  <!-- orientation -->   0.8313409700,  -0.0511485190,   0.5534040300,
                                         0.0443723870,   0.9986858400,   0.0256462060,
                                        -0.5539885200,   0.0032351166,   0.8325179800,
                  <!-- axis        -->   0.9995917700,  -0.0285155750,  -0.0017820991,
                  <!-- min, max    --> -4804.4302, 30.618365e-6
               </part>
               <part>
                  <!-- parent      --> "Root",
                  <!-- child       --> "Traffic10",
                  <!-- position    --> 1429.5338, 573.31354, -1564.2777,
                  <!-- offset      --> 0, 0, 0,
                  <!-- orientation -->   0.8413017400,  -0.0505752410,   0.5381947200,
                                         0.0439441350,   0.9987171900,   0.0251583400,
                                        -0.5387767000,   0.0024847460,   0.8424449600,
                  <!-- axis        -->   0.9998910400,   0.0146540830,  -0.0017826877,
                  <!-- min, max    --> -4802.9922, 63.114821e-6
               </part>
               <part>
                  <!-- parent      --> "Root",
                  <!-- child       --> "Traffic11",
                  <!-- position    --> 2510.7524, 436.62836, -1355.3479,
                  <!-- offset      --> 0, 0, 0,
                  <!-- orientation -->   0.8313409700,  -0.0511485190,   0.5534040300,
                                         0.0443723870,   0.9986858400,   0.0256462060,
                                        -0.5539885200,   0.0032351166,   0.8325179800,
                  <!-- axis        -->   0.9997909100,  -0.0203713070,  -0.0017825030,
                  <!-- min, max    --> -4803.4731, 118.78207e-6
               </part>
               <part>
                  <!-- parent      --> "Root",
                  <!-- child       --> "Traffic12",
                  <!-- position    --> 1718.9713, 258.90097, -1621.4144,
                  <!-- offset      --> 0, 0, 0,
                  <!-- orientation -->   0.8313409700,  -0.0511485190,   0.5534040300,
                                         0.0443723870,   0.9986858400,   0.0256462060,
                                        -0.5539885200,   0.0032351166,   0.8325179800,
                  <!-- axis        -->  -0.9998654100,   0.0163102300,   0.0017826913,
                  <!-- min, max    --> 0, 4803.1152
               </part>
               <part>
                  <!-- parent      --> "Root",
                  <!-- child       --> "Traffic13",
                  <!-- position    --> -1827.7787, 586.60797, -881.83252,
                  <!-- offset      --> 0, 0, 0,
                  <!-- orientation -->   0.8460648100,  -0.0451295900,   0.5311662600,
                                         0.0410382000,   0.9989671100,   0.0195080060,
                                        -0.5314980100,   0.0052930703,   0.8470429800,
                  <!-- axis        -->   1.0000000000, -4.5556678e-09,  275.17928e-06,
                  <!-- min, max    --> 0, 3307.8442
               </part>
               <part>
                  <!-- parent      --> "Root",
                  <!-- child       --> "Traffic14",
                  <!-- position    --> -1851.6224, 449.82999, -863.32471,
                  <!-- offset      --> 0, 0, 0,
                  <!-- orientation -->   0.8460648100,  -0.0451295900,   0.5311662600,
                                         0.0410382000,   0.9989671100,   0.0195080060,
                                        -0.5314980100,   0.0052930703,   0.8470429800,
                  <!-- axis        -->  -1.0000000000, -30.215805e-09, -291.10856e-06,
                  <!-- min, max    --> -3113.5002, 53.974061e-6
               </part>
               <part>
                  <!-- parent      --> "Root",
                  <!-- child       --> "Traffic15",
                  <!-- position    --> -2019.3099, 705.78473, -1082.8325,
                  <!-- offset      --> 0, 0, 0,
                  <!-- orientation -->   0.8486900300,  -0.0447561410,   0.5269934500,
                                         0.0407343690,   0.9989847500,   0.0192409360,
                                        -0.5273195500,   0.0051371553,   0.8496515200,
                  <!-- axis        -->   1.0000000000,  27.471863e-09,  296.24594e-06,
                  <!-- min, max    --> 0, 3086.2502
               </part>
               <part>
                  <!-- parent      --> "Root",
                  <!-- child       --> "Traffic16",
                  <!-- position    --> -1795.8412, 352.54547, -645.87946,
                  <!-- offset      --> 0, 0, 0,
                  <!-- orientation -->   0.8460648100,  -0.0451295900,   0.5311662600,
                                         0.0410382000,   0.9989671100,   0.0195080060,
                                        -0.5314980100,   0.0052930703,   0.8470429800,
                  <!-- axis        -->   1.0000000000,  24.754032e-09,  281.66096e-06,
                  <!-- min, max    --> 0, 3217.969
               </part>
               <part>
                  <!-- parent      --> "Root",
                  <!-- child       --> "Traffic17",
                  <!-- position    --> 2429.8464, 343.77469, -1608.8792,
                  <!-- offset      --> 0, 0, 0,
                  <!-- orientation -->   0.8313409700,  -0.0511485190,   0.5534040300,
                                         0.0443723870,   0.9986858400,   0.0256462060,
                                        -0.5539885200,   0.0032351166,   0.8325179800,
                  <!-- axis        -->  -0.9999135700,  -0.0130247140,   0.0017827109,
                  <!-- min, max    --> 0, 4802.8838
               </part>
               <part>
                  <!-- parent      --> "Root",
                  <!-- child       --> "Traffic18",
                  <!-- position    --> -2530.2163, 311.7236, -989.78571,
                  <!-- offset      --> 0, 0, 0,
                  <!-- orientation -->  -0.8313409700,   0.0511483920,  -0.5534040900,
                                         0.0443721340,   0.9986858400,   0.0256463620,
                                         0.5539885800,  -0.0032348486,  -0.8325179800,
                  <!-- axis        -->   0.9997630100,   0.0216348710,   0.0024295144,
                  <!-- min, max    --> 0, 3524.3665
               </part>
               <part>
                  <!-- parent      --> "Root",
                  <!-- child       --> "Traffic19",
                  <!-- position    --> -1819.3099, 164.63951, -934.93414,
                  <!-- offset      --> 0, 0, 0,
                  <!-- orientation -->  -0.8313409700,   0.0511483920,  -0.5534040900,
                                         0.0443721340,   0.9986858400,   0.0256463620,
                                         0.5539885800,  -0.0032348486,  -0.8325179800,
                  <!-- axis        -->  -0.9992420100,  -0.0388524460,  -0.0024282984,
                  <!-- min, max    --> -3526.2039, 25.1152e-6
               </part>
               <part>
                  <!-- parent      --> "Root",
                  <!-- child       --> "Traffic20",
                  <!-- position    --> -1073.0287, 513.73621, -1002.1528,
                  <!-- offset      --> 0, 0, 0,
                  <!-- orientation -->  -0.8413017400,   0.0505751450,  -0.5381946600,
                                         0.0439440240,   0.9987171900,   0.0251583270,
                                         0.5387766400,  -0.0024846944,  -0.8424449600,
                  <!-- axis        -->  -0.9997975800,   0.0199712070,  -0.0024296588,
                  <!-- min, max    --> -3524.2444, 12.985423e-6
               </part>
               <part>
                  <!-- parent      --> "Root",
                  <!-- child       --> "Traffic21",
                  <!-- position    --> -2154.2476, 377.05084, -1211.0826,
                  <!-- offset      --> 0, 0, 0,
                  <!-- orientation -->  -0.8313409700,   0.0511483920,  -0.5534040900,
                                         0.0443721340,   0.9986858400,   0.0256463620,
                                         0.5539885800,  -0.0032348486,  -0.8325179800,
                  <!-- axis        -->  -0.9996116800,  -0.0277606450,  -0.0024292015,
                  <!-- min, max    --> -3524.8999, 34.228906e-6
               </part>
               <part>
                  <!-- parent      --> "Root",
                  <!-- child       --> "Traffic22",
                  <!-- position    --> -1362.4662, 199.32353, -945.01611,
                  <!-- offset      --> 0, 0, 0,
                  <!-- orientation -->  -0.8313409700,   0.0511483920,  -0.5534040900,
                                         0.0443721340,   0.9986858400,   0.0256463620,
                                         0.5539885800,  -0.0032348486,  -0.8325179800,
                  <!-- axis        -->  -0.9997499600,  -0.0222278630,  -0.0024295284,
                  <!-- min, max    --> -3524.4121, 14.870163e-6
               </part>
               <part>
                  <!-- parent      --> "Root",
                  <!-- child       --> "Traffic23",
                  <!-- position    --> 2184.2837, 684.54584, -1684.5979,
                  <!-- offset      --> 0, 0, 0,
