<?xml version="1.0" encoding="ISO-8859-1"?>
<!-- XML generated by UTFXML Version 2.2 built 19-Aug-2010 -->
<UTFXML filename="br_03_warwick_cityscape.cmp" path="BASES\BRETONIA">
   <UTF_ROOT>
      <VMeshLibrary>
         <data.bases.bretonia.br_03_warwick_cityscape.lod0-112.vms include="br_03_warwick_cityscape_cmp\lod0-112.vms.xml"/>
         <data.bases.bretonia.br_03_warwick_cityscape.lod0-212.vms include="br_03_warwick_cityscape_cmp\lod0-212.vms.xml"/>
      </VMeshLibrary>
      <Exporter_Version name="Exporter Version" type="text">Aug 24 2002 12:33:14</Exporter_Version>
      <Cmpnd>
         <Root>
            <Object_name name="Object name" type="text">Root</Object_name>
            <File_name name="File name" type="text">Root_Warwick021028150205.3db</File_name>
            <Index type="int">0</Index>
         </Root>
         <Part_Building05>
            <Object_name name="Object name" type="text">Building05</Object_name>
            <File_name name="File name" type="text">Building05021028150205.3db</File_name>
            <Index type="int">1</Index>
         </Part_Building05>
         <Part_Building01>
            <Object_name name="Object name" type="text">Building01</Object_name>
            <File_name name="File name" type="text">Building01021028150205.3db</File_name>
            <Index type="int">2</Index>
         </Part_Building01>
         <Part_Traffic01>
            <Object_name name="Object name" type="text">Traffic01</Object_name>
            <File_name name="File name" type="text">Traffic01021028150205.3db</File_name>
            <Index type="int">3</Index>
         </Part_Traffic01>
         <Part_Traffic02>
            <Object_name name="Object name" type="text">Traffic02</Object_name>
            <File_name name="File name" type="text">Traffic02021028150205.3db</File_name>
            <Index type="int">4</Index>
         </Part_Traffic02>
         <Part_Traffic03>
            <Object_name name="Object name" type="text">Traffic03</Object_name>
            <File_name name="File name" type="text">Traffic03021028150205.3db</File_name>
            <Index type="int">5</Index>
         </Part_Traffic03>
         <Part_Traffic04>
            <Object_name name="Object name" type="text">Traffic04</Object_name>
            <File_name name="File name" type="text">Traffic04021028150205.3db</File_name>
            <Index type="int">6</Index>
         </Part_Traffic04>
         <Part_Traffic05>
            <Object_name name="Object name" type="text">Traffic05</Object_name>
            <File_name name="File name" type="text">Traffic05021028150205.3db</File_name>
            <Index type="int">7</Index>
         </Part_Traffic05>
         <Part_Traffic06>
            <Object_name name="Object name" type="text">Traffic06</Object_name>
            <File_name name="File name" type="text">Traffic06021028150205.3db</File_name>
            <Index type="int">8</Index>
         </Part_Traffic06>
         <Part_Traffic07>
            <Object_name name="Object name" type="text">Traffic07</Object_name>
            <File_name name="File name" type="text">Traffic07021028150205.3db</File_name>
            <Index type="int">9</Index>
         </Part_Traffic07>
         <Part_Traffic08>
            <Object_name name="Object name" type="text">Traffic08</Object_name>
            <File_name name="File name" type="text">Traffic08021028150205.3db</File_name>
            <Index type="int">10</Index>
         </Part_Traffic08>
         <Part_Traffic09>
            <Object_name name="Object name" type="text">Traffic09</Object_name>
            <File_name name="File name" type="text">Traffic09021028150205.3db</File_name>
            <Index type="int">11</Index>
         </Part_Traffic09>
         <Part_Traffic10>
            <Object_name name="Object name" type="text">Traffic10</Object_name>
            <File_name name="File name" type="text">Traffic10021028150205.3db</File_name>
            <Index type="int">12</Index>
         </Part_Traffic10>
         <Part_Traffic11>
            <Object_name name="Object name" type="text">Traffic11</Object_name>
            <File_name name="File name" type="text">Traffic11021028150205.3db</File_name>
            <Index type="int">13</Index>
         </Part_Traffic11>
         <Part_Traffic12>
            <Object_name name="Object name" type="text">Traffic12</Object_name>
            <File_name name="File name" type="text">Traffic12021028150205.3db</File_name>
            <Index type="int">14</Index>
         </Part_Traffic12>
         <Part_Traffic13>
            <Object_name name="Object name" type="text">Traffic13</Object_name>
            <File_name name="File name" type="text">Traffic13021028150205.3db</File_name>
            <Index type="int">15</Index>
         </Part_Traffic13>
         <Part_Traffic14>
            <Object_name name="Object name" type="text">Traffic14</Object_name>
            <File_name name="File name" type="text">Traffic14021028150205.3db</File_name>
            <Index type="int">16</Index>
         </Part_Traffic14>
         <Part_Traffic15>
            <Object_name name="Object name" type="text">Traffic15</Object_name>
            <File_name name="File name" type="text">Traffic15021028150205.3db</File_name>
            <Index type="int">17</Index>
         </Part_Traffic15>
         <Part_Traffic16>
            <Object_name name="Object name" type="text">Traffic16</Object_name>
            <File_name name="File name" type="text">Traffic16021028150205.3db</File_name>
            <Index type="int">18</Index>
         </Part_Traffic16>
         <Part_Traffic17>
            <Object_name name="Object name" type="text">Traffic17</Object_name>
            <File_name name="File name" type="text">Traffic17021028150205.3db</File_name>
            <Index type="int">19</Index>
         </Part_Traffic17>
         <Part_Train01>
            <Object_name name="Object name" type="text">Train01</Object_name>
            <File_name name="File name" type="text">Train01021028150205.3db</File_name>
            <Index type="int">20</Index>
         </Part_Train01>
         <Part_Sat-01>
            <Object_name name="Object name" type="text">Sat-01</Object_name>
            <File_name name="File name" type="text">Sat-01021028150205.3db</File_name>
            <Index type="int">21</Index>
         </Part_Sat-01>
         <Part_Sat-02>
            <Object_name name="Object name" type="text">Sat-02</Object_name>
            <File_name name="File name" type="text">Sat-02021028150205.3db</File_name>
            <Index type="int">22</Index>
         </Part_Sat-02>
         <Part_Elevator01>
            <Object_name name="Object name" type="text">Elevator01</Object_name>
            <File_name name="File name" type="text">Elevator01021028150205.3db</File_name>
            <Index type="int">23</Index>
         </Part_Elevator01>
         <Part_Elevator02>
            <Object_name name="Object name" type="text">Elevator02</Object_name>
            <File_name name="File name" type="text">Elevator02021028150205.3db</File_name>
            <Index type="int">24</Index>
         </Part_Elevator02>
         <Part_Elevator03>
            <Object_name name="Object name" type="text">Elevator03</Object_name>
            <File_name name="File name" type="text">Elevator03021028150205.3db</File_name>
            <Index type="int">25</Index>
         </Part_Elevator03>
         <Part_Elevator04>
            <Object_name name="Object name" type="text">Elevator04</Object_name>
            <File_name name="File name" type="text">Elevator04021028150205.3db</File_name>
            <Index type="int">26</Index>
         </Part_Elevator04>
         <Part_Elevator05>
            <Object_name name="Object name" type="text">Elevator05</Object_name>
            <File_name name="File name" type="text">Elevator05021028150205.3db</File_name>
            <Index type="int">27</Index>
         </Part_Elevator05>
         <Part_Fan01>
            <Object_name name="Object name" type="text">Fan01</Object_name>
            <File_name name="File name" type="text">Fan01021028150205.3db</File_name>
            <Index type="int">28</Index>
         </Part_Fan01>
         <Part_Fan02>
            <Object_name name="Object name" type="text">Fan02</Object_name>
            <File_name name="File name" type="text">Fan02021028150205.3db</File_name>
            <Index type="int">29</Index>
         </Part_Fan02>
         <Part_Fan03>
            <Object_name name="Object name" type="text">Fan03</Object_name>
            <File_name name="File name" type="text">Fan03021028150205.3db</File_name>
            <Index type="int">30</Index>
         </Part_Fan03>
         <Part_Building02>
            <Object_name name="Object name" type="text">Building02</Object_name>
            <File_name name="File name" type="text">Building02021028150205.3db</File_name>
            <Index type="int">31</Index>
         </Part_Building02>
         <Part_Traffic18>
            <Object_name name="Object name" type="text">Traffic18</Object_name>
            <File_name name="File name" type="text">Traffic18021028150205.3db</File_name>
            <Index type="int">32</Index>
         </Part_Traffic18>
         <Part_Traffic19>
            <Object_name name="Object name" type="text">Traffic19</Object_name>
            <File_name name="File name" type="text">Traffic19021028150205.3db</File_name>
            <Index type="int">33</Index>
         </Part_Traffic19>
         <Part_Traffic20>
            <Object_name name="Object name" type="text">Traffic20</Object_name>
            <File_name name="File name" type="text">Traffic20021028150205.3db</File_name>
            <Index type="int">34</Index>
         </Part_Traffic20>
         <Part_Traffic21>
            <Object_name name="Object name" type="text">Traffic21</Object_name>
            <File_name name="File name" type="text">Traffic21021028150205.3db</File_name>
            <Index type="int">35</Index>
         </Part_Traffic21>
         <Part_Traffic22>
            <Object_name name="Object name" type="text">Traffic22</Object_name>
            <File_name name="File name" type="text">Traffic22021028150205.3db</File_name>
            <Index type="int">36</Index>
         </Part_Traffic22>
         <Part_Traffic23>
            <Object_name name="Object name" type="text">Traffic23</Object_name>
            <File_name name="File name" type="text">Traffic23021028150205.3db</File_name>
            <Index type="int">37</Index>
         </Part_Traffic23>
         <Part_Traffic24>
            <Object_name name="Object name" type="text">Traffic24</Object_name>
            <File_name name="File name" type="text">Traffic24021028150205.3db</File_name>
            <Index type="int">38</Index>
         </Part_Traffic24>
         <Part_Traffic25>
            <Object_name name="Object name" type="text">Traffic25</Object_name>
            <File_name name="File name" type="text">Traffic25021028150205.3db</File_name>
            <Index type="int">39</Index>
         </Part_Traffic25>
         <Part_Traffic26>
            <Object_name name="Object name" type="text">Traffic26</Object_name>
            <File_name name="File name" type="text">Traffic26021028150205.3db</File_name>
            <Index type="int">40</Index>
         </Part_Traffic26>
         <Part_Traffic27>
            <Object_name name="Object name" type="text">Traffic27</Object_name>
            <File_name name="File name" type="text">Traffic27021028150205.3db</File_name>
            <Index type="int">41</Index>
         </Part_Traffic27>
         <Part_Fade_Back name="Part_Fade Back">
            <Object_name name="Object name" type="text">Fade Back</Object_name>
            <File_name name="File name" type="text">Fade Back021028150205.3db</File_name>
            <Index type="int">42</Index>
         </Part_Fade_Back>
         <Part_Fade_Mid name="Part_Fade Mid">
            <Object_name name="Object name" type="text">Fade Mid</Object_name>
            <File_name name="File name" type="text">Fade Mid021028150205.3db</File_name>
            <Index type="int">43</Index>
         </Part_Fade_Mid>
         <Part_Cityscape>
            <Object_name name="Object name" type="text">Cityscape</Object_name>
            <File_name name="File name" type="text">Cityscape021028150205.3db</File_name>
            <Index type="int">44</Index>
         </Part_Cityscape>
         <Part_Stacks>
            <Object_name name="Object name" type="text">Stacks</Object_name>
            <File_name name="File name" type="text">Stacks021028150205.3db</File_name>
            <Index type="int">45</Index>
         </Part_Stacks>
         <Part_banner2>
            <Object_name name="Object name" type="text">banner2</Object_name>
            <File_name name="File name" type="text">banner2021028150205.3db</File_name>
            <Index type="int">46</Index>
         </Part_banner2>
         <Part_billboard1>
            <Object_name name="Object name" type="text">billboard1</Object_name>
            <File_name name="File name" type="text">billboard1021028150205.3db</File_name>
            <Index type="int">47</Index>
         </Part_billboard1>
         <Part_billboard2>
            <Object_name name="Object name" type="text">billboard2</Object_name>
            <File_name name="File name" type="text">billboard2021028150205.3db</File_name>
            <Index type="int">48</Index>
         </Part_billboard2>
         <Cons>
            <Fix type="Fix" count="9">
               <part>
                  <!-- parent      --> "Root",
                  <!-- child       --> "Building05",
                  <!-- position    --> 4.6583819, -350.70413, -325.51135,
                  <!-- orientation -->   1.0000000000, -1.3702889e-15,  23.584851e-09,
                                        1.3702890e-15,   1.0000000000, -4.5960618e-15,
                                       -23.584851e-09,  4.5960618e-15,   1.0000000000
               </part>
               <part>
                  <!-- parent      --> "Root",
                  <!-- child       --> "Building01",
                  <!-- position    --> 17.627102, 160.1131, -92.292709,
                  <!-- orientation -->   1.0000000000, -1.3702886e-15,  1.0681586e-15,
                                        1.3702886e-15,   1.0000000000,  1.5262570e-15,
                                       -1.0681586e-15, -1.5262570e-15,   1.0000000000
               </part>
               <part>
                  <!-- parent      --> "Root",
                  <!-- child       --> "Building02",
                  <!-- position    --> -125.96665, 77.246323, -12.636469,
                  <!-- orientation -->   1.0000000000,  35.576946e-09, -28.908101e-09,
                                       -35.576946e-09,   1.0000000000, -59.604652e-09,
                                        28.908099e-09,  59.604652e-09,   1.0000000000
               </part>
               <part>
                  <!-- parent      --> "Root",
                  <!-- child       --> "Fade Back",
                  <!-- position    --> 71.595924, -129.68481, -1743.402,
                  <!-- orientation -->   1.0000000000, -1.3702886e-15,  1.0681586e-15,
                                        1.3702886e-15,   1.0000000000,  1.5262570e-15,
                                       -1.0681586e-15, -1.5262570e-15,   1.0000000000
               </part>
               <part>
                  <!-- parent      --> "Root",
                  <!-- child       --> "Fade Mid",
                  <!-- position    --> -92.622856, -117.59662, -943.07776,
                  <!-- orientation -->   1.0000000000, -1.3702886e-15,  1.0681586e-15,
                                        1.3702886e-15,   1.0000000000,  1.5262570e-15,
                                       -1.0681586e-15, -1.5262570e-15,   1.0000000000
               </part>
               <part>
                  <!-- parent      --> "Root",
                  <!-- child       --> "Cityscape",
                  <!-- position    --> 864.37769, 1879.0575, -17268.732,
                  <!-- orientation -->   1.0000000000, -1.3702886e-15,  1.0681586e-15,
                                        1.3702886e-15,   1.0000000000,  1.5262570e-15,
                                       -1.0681586e-15, -1.5262570e-15,   1.0000000000
               </part>
               <part>
                  <!-- parent      --> "Root",
                  <!-- child       --> "Stacks",
                  <!-- position    --> 44.970566, -124.72707, -487.57849,
                  <!-- orientation -->   1.0000000000, -41.683911e-09, -36.615020e-09,
                                        41.683911e-09,   1.0000000000, -145.58379e-24,
                                        36.615020e-09, -1.5262571e-15,   1.0000000000
               </part>
               <part>
                  <!-- parent      --> "Root",
                  <!-- child       --> "billboard1",
                  <!-- position    --> 4.6761837, 124.41409, -308.94214,
                  <!-- orientation -->   0.9832549100, -41.768772e-09,   0.1822354900,
                                        51.759031e-09,   1.0000000000, -50.064621e-09,
                                        -0.1822354900,  58.658618e-09,   0.9832549100
               </part>
               <part>
                  <!-- parent      --> "Root",
                  <!-- child       --> "billboard2",
                  <!-- position    --> 29.942722, 150.46082, -54.639755,
                  <!-- orientation -->   0.9563047300, -39.621419e-09,   0.2923716900,
                                        60.124215e-09,   1.0000000000, -61.140177e-09,
                                        -0.2923716900,  76.047264e-09,   0.9563047300
               </part>
            </Fix>
            <Pris type="Rev" count="33">
               <part>
                  <!-- parent      --> "Root",
                  <!-- child       --> "Traffic01",
                  <!-- position    --> -3106.8411, 500.07303, -2848.9458,
                  <!-- offset      --> 0, 0, 0,
                  <!-- orientation -->   0.8460651000,  -0.0451294370,   0.5311658400,
                                         0.0410380700,   0.9989671100,   0.0195079240,
                                        -0.5314976000,   0.0052930471,   0.8470432800,
                  <!-- axis        -->  -1.0000000000,  24.193611e-09, -188.29586e-06,
                  <!-- min, max    --> -4792.4448, 98.77605e-6
               </part>
               <part>
                  <!-- parent      --> "Root",
                  <!-- child       --> "Traffic02",
                  <!-- position    --> -2708.3098, 710.29456, -2503.2268,
                  <!-- offset      --> 0, 0, 0,
                  <!-- orientation -->   0.8460651000,  -0.0451294370,   0.5311658400,
                                         0.0410380700,   0.9989671100,   0.0195079240,
                                        -0.5314976000,   0.0052930471,   0.8470432800,
                  <!-- axis        -->  -1.0000000000, -10.240352e-09, -201.79751e-06,
                  <!-- min, max    --> -4451.5, 100.68401e-6
               </part>
               <part>
                  <!-- parent      --> "Root",
                  <!-- child       --> "Traffic03",
                  <!-- position    --> -2276.4973, 368.00394, -2435.2307,
                  <!-- offset      --> 0, 0, 0,
                  <!-- orientation -->   0.8460651000,  -0.0451294370,   0.5311658400,
                                         0.0410380700,   0.9989671100,   0.0195079240,
                                        -0.5314976000,   0.0052930471,   0.8470432800,
                  <!-- axis        -->  -1.0000000000, -2.8509852e-09, -202.70959e-06,
                  <!-- min, max    --> -4451.5, 41.343024e-6
               </part>
               <part>
                  <!-- parent      --> "Root",
                  <!-- child       --> "Traffic04",
                  <!-- position    --> 408.2525, 772.40656, -687.25043,
                  <!-- offset      --> 0, 0, 0,
                  <!-- orientation -->   0.8460649300,  -0.0451293700,   0.5311661400,
                                         0.0410380770,   0.9989671100,   0.0195077920,
                                        -0.5314979000,   0.0052931784,   0.8470431000,
                  <!-- axis        -->  -0.9837667300,  -0.1794520600, -27.410133e-09,
                  <!-- min, max    --> 0, 1518.8434
               </part>
               <part>
                  <!-- parent      --> "Root",
                  <!-- child       --> "Traffic05",
                  <!-- position    --> 523.97125, 772.40668, -559.16449,
                  <!-- offset      --> 0, 0, 0,
                  <!-- orientation -->   0.8460649300,  -0.0451293700,   0.5311661400,
                                         0.0410380770,   0.9989671100,   0.0195077920,
                                        -0.5314979000,   0.0052931784,   0.8470431000,
                  <!-- axis        -->   0.9905342500,   0.1372660000,  20.161378e-09,
                  <!-- min, max    --> -1508.4664, 28.731956e-6
               </part>
               <part>
                  <!-- parent      --> "Root",
                  <!-- child       --> "Traffic06",
                  <!-- position    --> 663.84625, 772.40637, -622.39886,
                  <!-- offset      --> 0, 0, 0,
                  <!-- orientation -->   0.8460649300,  -0.0451293700,   0.5311661400,
                                         0.0410380770,   0.9989671100,   0.0195077920,
                                        -0.5314979000,   0.0052931784,   0.8470431000,
                  <!-- axis        -->  -0.9743279200,  -0.2251336100, -17.841687e-09,
                  <!-- min, max    --> 0, 1533.5571
               </part>
               <part>
                  <!-- parent      --> "Root",
                  <!-- child       --> "Traffic07",
                  <!-- position    --> 2130.8777, 571.32965, -2294.5591,
                  <!-- offset      --> 0, 0, 0,
                  <!-- orientation -->   0.8313409100,  -0.0511485040,   0.5534041500,
                                         0.0443723350,   0.9986858400,   0.0256462640,
                                        -0.5539886400,   0.0032350463,   0.8325179200,
                  <!-- axis        -->  -0.9999684700,  -0.0077397083,   0.0017820846,
                  <!-- min, max    --> 0, 4802.6206
               </part>
               <part>
                  <!-- parent      --> "Root",
                  <!-- child       --> "Traffic08",
                  <!-- position    --> 2877.1589, 344.84604, -1574.7112,
                  <!-- offset      --> 0, 0, 0,
                  <!-- orientation -->   0.8313409100,  -0.0511485040,   0.5534041500,
                                         0.0443723350,   0.9986858400,   0.0256462640,
                                        -0.5539886400,   0.0032350463,   0.8325179200,
                  <!-- axis        -->   0.9998723900,  -0.0158750190,  -0.0017826441,
                  <!-- min, max    --> -4803.082, 74.84563e-6
               </part>
               <part>
                  <!-- parent      --> "Root",
                  <!-- child       --> "Traffic09",
                  <!-- position    --> 2166.2527, 197.76186, -1629.5627,
                  <!-- offset      --> 0, 0, 0,
                  <!-- orientation -->   0.8313409100,  -0.0511485040,   0.5534041500,
                                         0.0443723350,   0.9986858400,   0.0256462640,
                                        -0.5539886400,   0.0032350463,   0.8325179200,
                  <!-- axis        -->   0.9995917700,  -0.0285156110,  -0.0017821187,
                  <!-- min, max    --> -4804.4302, 54.49821e-6
               </part>
               <part>
                  <!-- parent      --> "Root",
                  <!-- child       --> "Traffic10",
                  <!-- position    --> 1419.9713, 546.8584, -1562.3441,
                  <!-- offset      --> 0, 0, 0,
                  <!-- orientation -->   0.8413017400,  -0.0505752150,   0.5381947200,
                                         0.0439441760,   0.9987171900,   0.0251582260,
                                        -0.5387767000,   0.0024848639,   0.8424449600,
                  <!-- axis        -->   0.9998910400,   0.0146540860,  -0.0017827004,
                  <!-- min, max    --> -4802.9922, 69.610382e-6
               </part>
               <part>
                  <!-- parent      --> "Root",
                  <!-- child       --> "Traffic11",
                  <!-- position    --> 2501.1899, 410.17322, -1353.4143,
                  <!-- offset      --> 0, 0, 0,
                  <!-- orientation -->   0.8313409100,  -0.0511485040,   0.5534041500,
                                         0.0443723350,   0.9986858400,   0.0256462640,
                                        -0.5539886400,   0.0032350463,   0.8325179200,
                  <!-- axis        -->  -0.9997909100,   0.0203712840,   0.0017825073,
                  <!-- min, max    --> 0, 4803.4731
               </part>
               <part>
                  <!-- parent      --> "Root",
                  <!-- child       --> "Traffic12",
                  <!-- position    --> 1709.4088, 232.4458, -1619.4808,
                  <!-- offset      --> 0, 0, 0,
                  <!-- orientation -->   0.8313409100,  -0.0511485040,   0.5534041500,
                                         0.0443723350,   0.9986858400,   0.0256462640,
                                        -0.5539886400,   0.0032350463,   0.8325179200,
                  <!-- axis        -->  -0.9998654100,   0.0163102370,   0.0017826443,
                  <!-- min, max    --> 0, 4803.1152
               </part>
               <part>
                  <!-- parent      --> "Root",
                  <!-- child       --> "Traffic13",
                  <!-- position    --> -1837.3412, 560.15283, -879.89893,
                  <!-- offset      --> 0, 0, 0,
                  <!-- orientation -->   0.8460648100,  -0.0451295900,   0.5311662600,
                                         0.0410382260,   0.9989671100,   0.0195079630,
                                        -0.5314980100,   0.0052931202,   0.8470429800,
                  <!-- axis        -->   1.0000000000,  28.516741e-09,  275.17890e-06,
                  <!-- min, max    --> 0, 3307.844
               </part>
               <part>
                  <!-- parent      --> "Root",
                  <!-- child       --> "Traffic14",
                  <!-- position    --> -1861.1849, 423.37485, -861.39111,
                  <!-- offset      --> 0, 0, 0,
                  <!-- orientation -->   0.8460648100,  -0.0451295900,   0.5311662600,
                                         0.0410382260,   0.9989671100,   0.0195079630,
                                        -0.5314980100,   0.0052931202,   0.8470429800,
                  <!-- axis        -->  -1.0000000000, -33.417841e-09, -291.03836e-06,
                  <!-- min, max    --> -3113.4988, 73.273652e-6
               </part>
               <part>
                  <!-- parent      --> "Root",
                  <!-- child       --> "Traffic15",
                  <!-- position    --> -2028.8724, 679.32959, -1080.8989,
                  <!-- offset      --> 0, 0, 0,
                  <!-- orientation -->   0.8486900900,  -0.0447561550,   0.5269933900,
                                         0.0407343800,   0.9989847500,   0.0192409510,
                                        -0.5273194900,   0.0051371446,   0.8496515200,
                  <!-- axis        -->   1.0000000000,  31.938814e-09,  296.24676e-06,
                  <!-- min, max    --> 0, 3086.2502
               </part>
               <part>
                  <!-- parent      --> "Root",
                  <!-- child       --> "Traffic16",
                  <!-- position    --> -1805.4037, 326.0903, -643.94586,
                  <!-- offset      --> 0, 0, 0,
                  <!-- orientation -->   0.8460648100,  -0.0451295900,   0.5311662600,
                                         0.0410382260,   0.9989671100,   0.0195079630,
                                        -0.5314980100,   0.0052931202,   0.8470429800,
                  <!-- axis        -->  -1.0000000000, -29.837857e-09, -281.59632e-06,
                  <!-- min, max    --> -3217.9688, 18.530374e-6
               </part>
               <part>
                  <!-- parent      --> "Root",
                  <!-- child       --> "Traffic17",
                  <!-- position    --> 2420.2839, 317.31952, -1606.9456,
                  <!-- offset      --> 0, 0, 0,
                  <!-- orientation -->   0.8313409100,  -0.0511485040,   0.5534041500,
                                         0.0443723350,   0.9986858400,   0.0256462640,
                                        -0.5539886400,   0.0032350463,   0.8325179200,
                  <!-- axis        -->   0.9999135700,   0.0130246930,  -0.0017827403,
                  <!-- min, max    --> -4802.8838, 86.778324e-6
               </part>
               <part>
                  <!-- parent      --> "Root",
                  <!-- child       --> "Train01",
                  <!-- position    --> -1496.7787, -75.742393, -2010.1722,
                  <!-- offset      --> 0, 0, 0,
                  <!-- orientation -->  -0.1114690500,  -0.9937679200, -58.570961e-09,
                                        52.221623e-09, -64.795870e-09,   1.0000000000,
                                        -0.9937679200,   0.1114690500,  59.118907e-09,
                  <!-- axis        -->  -0.9928433300, -49.579516e-09,   0.1194242100,
                  <!-- min, max    --> -3632.4651, 52.400163e-6
               </part>
               <part>
                  <!-- parent      --> "Root",
                  <!-- child       --> "Elevator01",
                  <!-- position    --> 668.72089, 28.672501, -1267.0698,
                  <!-- offset      --> 0, 0, 0,
                  <!-- orientation -->   0.5372995100,   0.8433914800,  10.054813e-09,
                                       -109.32364e-09,  57.724943e-09,   1.0000000000,
                                         0.8433914800,  -0.5372995100,  123.21821e-09,
                  <!-- axis        --> -4.2361662e-06,  -1.0000000000,  12.056751e-06,
                  <!-- min, max    --> -20.246138, 22.351591
               </part>
               <part>
                  <!-- parent      --> "Root",
                  <!-- child       --> "Elevator02",
                  <!-- position    --> 678.03339, 38.685089, -1252.3511,
                  <!-- offset      --> 0, 0, 0,
                  <!-- orientation -->   0.5446387500,   0.8386707300, -974.13855e-12,
                                       -99.415914e-09,  65.722929e-09,   1.0000000000,
                                         0.8386707300,  -0.5446387500,  119.17248e-09,
                  <!-- axis        --> -83.279545e-09,  -1.0000000000,  1.9328961e-06,
                  <!-- min, max    --> -10.343678, 67.608299
               </part>
               <part>
                  <!-- parent      --> "Root",
                  <!-- child       --> "Elevator03",
                  <!-- position    --> 656.37714, 46.379478, -1286.9956,
                  <!-- offset      --> 0, 0, 0,
                  <!-- orientation -->   0.5224984300,   0.8526402100, -119.79785e-09,
                                       -52.210346e-09,  172.49675e-09,   1.0000000000,
                                         0.8526402100,  -0.5224984300,  134.64593e-09,
                  <!-- axis        -->  4.2305724e-06,   1.0000000000, -9.3007138e-06,
                  <!-- min, max    --> -40.786678, 156.12024e-6
               </part>
               <part>
                  <!-- parent      --> "Root",
                  <!-- child       --> "Elevator04",
                  <!-- position    --> 688.53339, 49.237457, -1235.5425,
                  <!-- offset      --> 0, 0, 0,
                  <!-- orientation -->   0.5591927800,   0.8290376700, -21.389624e-09,
                                       -46.292534e-09,  57.025247e-09,   1.0000000000,
                                         0.8290376700,  -0.5591927800,  70.266360e-09,
                  <!-- axis        --> -36.303852e-09,   1.0000000000, -336.11605e-09,
                  <!-- min, max    --> -43.238194, 31.774856e-6
               </part>
               <part>
                  <!-- parent      --> "Root",
                  <!-- child       --> "Elevator05",
                  <!-- position    --> 706.12714, 27.699127, -1234.8862,
                  <!-- offset      --> 0, 0, 0,
                  <!-- orientation -->   0.8433914800,  -0.5372995700, -54.208925e-09,
                                        35.261316e-09, -45.542254e-09,   1.0000000000,
                                        -0.5372995700,  -0.8433914800, -19.464061e-09,
                  <!-- axis        --> -4.9352311e-06,  -1.0000000000,  6.9788694e-06,
                  <!-- min, max    --> -20.91309, 15.76322
               </part>
               <part>
                  <!-- parent      --> "Root",
                  <!-- child       --> "Traffic18",
                  <!-- position    --> -2539.7786, 285.26846, -987.85175,
                  <!-- offset      --> 0, 0, 0,
                  <!-- orientation -->  -0.8313408500,   0.0511483960,  -0.5534042100,
                                         0.0443721340,   0.9986858400,   0.0256463720,
                                         0.5539887000,  -0.0032348495,  -0.8325178600,
                  <!-- axis        -->   0.9997630100,   0.0216349010,   0.0024295498,
                  <!-- min, max    --> 0, 3524.3662
               </part>
               <part>
                  <!-- parent      --> "Root",
                  <!-- child       --> "Traffic19",
                  <!-- position    --> -1828.8723, 138.18436, -933.00018,
                  <!-- offset      --> 0, 0, 0,
                  <!-- orientation -->  -0.8313408500,   0.0511483960,  -0.5534042100,
                                         0.0443721340,   0.9986858400,   0.0256463720,
                                         0.5539887000,  -0.0032348495,  -0.8325178600,
                  <!-- axis        -->   0.9992420100,   0.0388522600,   0.0024282832,
                  <!-- min, max    --> 0, 3526.2043
               </part>
               <part>
                  <!-- parent      --> "Root",
                  <!-- child       --> "Traffic20",
                  <!-- position    --> -1082.5912, 487.28094, -1000.2191,
                  <!-- offset      --> 0, 0, 0,
                  <!-- orientation -->  -0.8413016800,   0.0505751370,  -0.5381947800,
                                         0.0439439970,   0.9987171900,   0.0251583570,
                                         0.5387767600,  -0.0024846620,  -0.8424449000,
                  <!-- axis        -->   0.9997975800,  -0.0199711430,   0.0024297079,
                  <!-- min, max    --> 0, 3524.2444
               </part>
               <part>
                  <!-- parent      --> "Root",
                  <!-- child       --> "Traffic21",
                  <!-- position    --> -2163.8101, 350.5957, -1209.1486,
                  <!-- offset      --> 0, 0, 0,
                  <!-- orientation -->  -0.8313408500,   0.0511483960,  -0.5534042100,
                                         0.0443721340,   0.9986858400,   0.0256463720,
                                         0.5539887000,  -0.0032348495,  -0.8325178600,
                  <!-- axis        -->   0.9996116800,   0.0277605840,   0.0024291871,
                  <!-- min, max    --> 0, 3524.9001
               </part>
               <part>
                  <!-- parent      --> "Root",
                  <!-- child       --> "Traffic22",
                  <!-- position    --> -1372.0287, 172.86836, -943.0824,
                  <!-- offset      --> 0, 0, 0,
                  <!-- orientation -->  -0.8313408500,   0.0511483960,  -0.5534042100,
                                         0.0443721340,   0.9986858400,   0.0256463720,
                                         0.5539887000,  -0.0032348495,  -0.8325178600,
                  <!-- axis        -->   0.9997499600,   0.0222278740,   0.0024295582,
                  <!-- min, max    --> 0, 3524.4126
               </part>
               <part>
                  <!-- parent      --> "Root",
                  <!-- child       --> "Traffic23",
                  <!-- position    --> 2174.7212, 658.09064, -1682.6644,
                  <!-- offset      --> 0, 0, 0,
                  <!-- orientation -->  -0.8460648100,   0.0451295040,  -0.5311663200,
                                         0.0410380480,   0.9989671100,   0.0195080920,
                                         0.5314980700,  -0.0052929185,  -0.8470429800,
                  <!-- axis        -->  -1.0000000000, -61.136120e-09,  263.47523e-06,
                  <!-- min, max    --> 0, 3454.9063
               </part>
               <part>
                  <!-- parent      --> "Root",
                  <!-- child       --> "Traffic24",
                  <!-- position    --> 2198.5649, 521.31268, -1701.1722,
                  <!-- offset      --> 0, 0, 0,
                  <!-- orientation -->  -0.8460648100,   0.0451295040,  -0.5311663200,
                                         0.0410380480,   0.9989671100,   0.0195080920,
                                         0.5314980700,  -0.0052929185,  -0.8470429800,
                  <!-- axis        -->  -1.0000000000, -74.704253e-09,  248.34022e-06,
                  <!-- min, max    --> 0, 3649.251
               </part>
               <part>
                  <!-- parent      --> "Root",
                  <!-- child       --> "Traffic25",
                  <!-- position    --> 2366.2524, 777.26733, -1481.6646,
                  <!-- offset      --> 0, 0, 0,
                  <!-- orientation -->  -0.8486900300,   0.0447560770,  -0.5269934500,
                                         0.0407342020,   0.9989847500,   0.0192410780,
                                         0.5273195500,  -0.0051369467,  -0.8496515200,
                  <!-- axis        -->   1.0000000000,  47.969884e-09, -248.61915e-06,
                  <!-- min, max    --> -3676.5002, 84.939355e-6
               </part>
               <part>
                  <!-- parent      --> "Root",
                  <!-- child       --> "Traffic26",
                  <!-- position    --> 2142.7837, 424.02817, -1918.6177,
                  <!-- offset      --> 0, 0, 0,
                  <!-- orientation -->  -0.8460648100,   0.0451295040,  -0.5311663200,
                                         0.0410380480,   0.9989671100,   0.0195080920,
                                         0.5314980700,  -0.0052929185,  -0.8470429800,
                  <!-- axis        -->  -0.9998115900, -113.38274e-09,  -0.0194101710,
                  <!-- min, max    --> 0, 3302.1252
               </part>
               <part>
                  <!-- parent      --> "Root",
                  <!-- child       --> "Traffic27",
                  <!-- position    --> -2082.9036, 257.74203, -955.61743,
                  <!-- offset      --> 0, 0, 0,
                  <!-- orientation -->  -0.8313408500,   0.0511483960,  -0.5534042100,
                                         0.0443721340,   0.9986858400,   0.0256463720,
                                         0.5539887000,  -0.0032348495,  -0.8325178600,
                  <!-- axis        -->   0.9998394800,  -0.0177508720,   0.0024297521,
