<?xml version="1.0" encoding="ISO-8859-1"?>
<!-- XML generated by UTFXML Version 2.2 built 19-Aug-2010 -->
<UTFXML filename="cfdkstation1.cmp" path="BASES\BRETONIA">
   <UTF_ROOT>
      <VMeshLibrary>
         <Draglons_07a.tga.lod0.vms include="cfdkstation1_cmp\lod0.vms.xml"/>
      </VMeshLibrary>
      <Cmpnd>
         <Root>
            <File_name name="File name" type="text">Draglons_07a.tga.3db</File_name>
            <Index type="int">0</Index>
            <Object_name name="Object name" type="text">Root</Object_name>
         </Root>
      </Cmpnd>
      <Draglons_07a.tga.3db>
         <VMeshPart>
            <VMeshRef type="VMeshRef">
               <!-- header size  --> 60,
               <!-- vmesh lib    --> Draglons_07a.tga.lod0.vms,
               <!-- start vert   --> 0,
               <!-- num verts    --> 11185,
               <!-- start index  --> 0,
               <!-- num indices  --> 24300,
               <!-- start mesh   --> 0,
               <!-- num meshes   --> 10,
               <!-- bounding box -->  488.63809,     336.93759,    553.21631,
                                     -489.00906,    -344.38083,   -553.91608,
               <!-- center       -->   -0.18548584,   -3.7216187,   -0.34988403,
               <!-- radius       --> 1019
            </VMeshRef>
         </VMeshPart>
         <Hardpoints>
            <Fixed>
               <HpLightA01>
                  <Position type="Vector">14, -11.5, 8</Position>
                  <Orientation type="Matrix">
                      -0.9999991700, -4.5756465e-09, -87.308052e-09,
                      87.427871e-09,  -0.0523358580,  -0.9986290900,
                     -3.5527137e-15,  -0.9986290900,   0.0523366930
                  </Orientation>
               </HpLightA01>
               <HpLightA02>
                  <Position type="Vector">-14, -11.5, 8</Position>
                  <Orientation type="Matrix">
                      -0.9999992800,  3.0512304e-09, -87.374623e-09,
                     -87.427878e-09,  -0.0348995920,   0.9993904800,
                       0.0000000000,   0.9993904800,   0.0349002480
                  </Orientation>
               </HpLightA02>
               <HpLightA03>
                  <Position type="Vector">14, -11.5, -8</Position>
                  <Orientation type="Matrix">
                      -0.9999992800,  3.0512304e-09, -87.374623e-09,
                     -87.427878e-09,  -0.0348995920,   0.9993904800,
                       0.0000000000,   0.9993904800,   0.0349002480
                  </Orientation>
               </HpLightA03>
               <HpLightA04>
                  <Position type="Vector">-14, -11.5, -8</Position>
                  <Orientation type="Matrix">
                      -0.9999992800,  3.0512304e-09, -87.374623e-09,
                     -87.427878e-09,  -0.0348995920,   0.9993904800,
                       0.0000000000,   0.9993904800,   0.0349002480
                  </Orientation>
               </HpLightA04>
               <HpLightA05>
                  <Position type="Vector">0, -11.5, 16</Position>
                  <Orientation type="Matrix">
                      -0.9999992800,  3.0512304e-09, -87.374623e-09,
                     -87.427878e-09,  -0.0348995920,   0.9993904800,
                       0.0000000000,   0.9993904800,   0.0349002480
                  </Orientation>
               </HpLightA05>
               <HpLightA06>
                  <Position type="Vector">0, -11.5, -16</Position>
                  <Orientation type="Matrix">
                      -0.9999992800,  3.0512304e-09, -87.374623e-09,
                     -87.427878e-09,  -0.0348995920,   0.9993904800,
                       0.0000000000,   0.9993904800,   0.0349002480
                  </Orientation>
               </HpLightA06>
               <HpLightA07>
                  <Position type="Vector">21, -16, 28.5</Position>
                  <Orientation type="Matrix">
                      -0.9999992800,  3.0512304e-09, -87.374623e-09,
                     -87.427878e-09,  -0.0348995920,   0.9993904800,
                       0.0000000000,   0.9993904800,   0.0349002480
                  </Orientation>
               </HpLightA07>
               <HpLightA08>
                  <Position type="Vector">35.5, -16, 36.5</Position>
                  <Orientation type="Matrix">
                      -0.9999992800,  3.0512304e-09, -87.374623e-09,
                     -87.427878e-09,  -0.0348995920,   0.9993904800,
                       0.0000000000,   0.9993904800,   0.0349002480
                  </Orientation>
               </HpLightA08>
               <HpLightA09>
                  <Position type="Vector">49, -16, 28</Position>
                  <Orientation type="Matrix">
                      -0.9999992800,  3.0512304e-09, -87.374623e-09,
                     -87.427878e-09,  -0.0348995920,   0.9993904800,
                       0.0000000000,   0.9993904800,   0.0349002480
                  </Orientation>
               </HpLightA09>
               <HpLightA10>
                  <Position type="Vector">49, -16, 12</Position>
                  <Orientation type="Matrix">
                      -0.9999992800,  3.0512304e-09, -87.374623e-09,
                     -87.427878e-09,  -0.0348995920,   0.9993904800,
                       0.0000000000,   0.9993904800,   0.0349002480
                  </Orientation>
               </HpLightA10>
               <HpLightA11>
                  <Position type="Vector">35, -16, 4</Position>
                  <Orientation type="Matrix">
                      -0.9999992800,  3.0512304e-09, -87.374623e-09,
                     -87.427878e-09,  -0.0348995920,   0.9993904800,
                       0.0000000000,   0.9993904800,   0.0349002480
                  </Orientation>
               </HpLightA11>
               <HpLightA12>
                  <Position type="Vector">20.830175, -16, 12</Position>
                  <Orientation type="Matrix">
                      -0.9999992800,  3.0512304e-09, -87.374623e-09,
                     -87.427878e-09,  -0.0348995920,   0.9993904800,
                       0.0000000000,   0.9993904800,   0.0349002480
                  </Orientation>
               </HpLightA12>
               <HpLightA13>
                  <Position type="Vector">-21, -16, 29.217031</Position>
                  <Orientation type="Matrix">
                      -0.9999992800,  3.0512304e-09, -87.374623e-09,
                     -87.427878e-09,  -0.0348995920,   0.9993904800,
                       0.0000000000,   0.9993904800,   0.0349002480
                  </Orientation>
               </HpLightA13>
               <HpLightA14>
                  <Position type="Vector">-35, -16, 37</Position>
                  <Orientation type="Matrix">
                      -0.9999992800,  3.0512304e-09, -87.374623e-09,
                     -87.427878e-09,  -0.0348995920,   0.9993904800,
                       0.0000000000,   0.9993904800,   0.0349002480
                  </Orientation>
               </HpLightA14>
               <HpLightA15>
                  <Position type="Vector">-49, -16, 29</Position>
                  <Orientation type="Matrix">
                      -0.9999992800,  3.0512304e-09, -87.374623e-09,
                     -87.427878e-09,  -0.0348995920,   0.9993904800,
                       0.0000000000,   0.9993904800,   0.0349002480
                  </Orientation>
               </HpLightA15>
               <HpLightA16>
                  <Position type="Vector">-49, -16, 13</Position>
                  <Orientation type="Matrix">
                      -0.9999992800,  3.0512304e-09, -87.374623e-09,
                     -87.427878e-09,  -0.0348995920,   0.9993904800,
                       0.0000000000,   0.9993904800,   0.0349002480
                  </Orientation>
               </HpLightA16>
               <HpLightA17>
                  <Position type="Vector">-35, -16, 5</Position>
                  <Orientation type="Matrix">
                      -0.9999992800,  3.0512304e-09, -87.374623e-09,
                     -87.427878e-09,  -0.0348995920,   0.9993904800,
                       0.0000000000,   0.9993904800,   0.0349002480
                  </Orientation>
               </HpLightA17>
               <HpLightA18>
                  <Position type="Vector">-21.5, -16, 12.5</Position>
                  <Orientation type="Matrix">
                      -0.9999992800,  3.0512304e-09, -87.374623e-09,
                     -87.427878e-09,  -0.0348995920,   0.9993904800,
                       0.0000000000,   0.9993904800,   0.0349002480
                  </Orientation>
               </HpLightA18>
               <HpLightB01>
                  <Orientation type="Matrix">
                       1.0000000000,   0.0000000000,   0.0000000000,
                       0.0000000000,   1.0000000000,   0.0000000000,
                       0.0000000000,   0.0000000000,   1.0000000000
                  </Orientation>
                  <Position type="Vector">-35.307144, -16, 12.08367</Position>
               </HpLightB01>
               <HpLightB02>
                  <Orientation type="Matrix">
                       1.0000000000,   0.0000000000,   0.0000000000,
                       0.0000000000,   1.0000000000,   0.0000000000,
                       0.0000000000,   0.0000000000,   1.0000000000
                  </Orientation>
                  <Position type="Vector">32.064079, -16, 20.852695</Position>
               </HpLightB02>
            </Fixed>
         </Hardpoints>
      </Draglons_07a.tga.3db>
      <Material_library name="Material library">
         <Draglons_07a.tga>
            <Dt_flags type="int">0x40</Dt_flags>
            <Dt_name type="text">Draglons_07a.tga.tga</Dt_name>
            <Type type="text">DcDtEt</Type>
            <Et_name type="text">Draglons_07a.tgaet.tga</Et_name>
         </Draglons_07a.tga>
         <Draglons_09a.tga>
            <Dt_flags type="int">0x40</Dt_flags>
            <Dt_name type="text">Draglons_09a.tga.tga</Dt_name>
            <Type type="text">DcDtEt</Type>
            <Et_name type="text">Draglons_09a.tgaet.tga</Et_name>
         </Draglons_09a.tga>
         <Draglons_10a.tga>
            <Dt_flags type="int">0x40</Dt_flags>
            <Dt_name type="text">Draglons_10a.tga.tga</Dt_name>
            <Type type="text">DcDt</Type>
         </Draglons_10a.tga>
         <Draglons_08c.tga>
            <Dt_flags type="int">0x40</Dt_flags>
            <Dt_name type="text">Draglons_08c.tga.tga</Dt_name>
            <Type type="text">DcDtEt</Type>
            <Et_name type="text">Draglons_08c.tgaet.tga</Et_name>
         </Draglons_08c.tga>
         <Draglons_05g.tga>
            <Dt_flags type="int">0x40</Dt_flags>
            <Dt_name type="text">Draglons_05g.tga.tga</Dt_name>
            <Type type="text">DcDt</Type>
         </Draglons_05g.tga>
         <Draglons_01a.tga>
            <Dt_flags type="int">0x40</Dt_flags>
            <Dt_name type="text">Draglons_01a.tga.tga</Dt_name>
            <Type type="text">DcDtEt</Type>
            <Et_name type="text">Draglons_01a.tgaet.tga</Et_name>
         </Draglons_01a.tga>
         <Draglons_03a.tga>
            <Dt_flags type="int">0x40</Dt_flags>
            <Dt_name type="text">Draglons_03a.tga.tga</Dt_name>
            <Type type="text">DcDtEt</Type>
            <Et_name type="text">Draglons_03a.tgaet.tga</Et_name>
         </Draglons_03a.tga>
         <Draglons_04s.tga>
            <Dt_flags type="int">0x40</Dt_flags>
            <Dt_name type="text">Draglons_04s.tga.tga</Dt_name>
            <Type type="text">DcDtEt</Type>
            <Et_name type="text">Draglons_04s.tgaet.tga</Et_name>
         </Draglons_04s.tga>
         <Draglons_07aag.tga>
            <Dt_flags type="int">0x40</Dt_flags>
            <Dt_name type="text">Draglons_07aag.tga.tga</Dt_name>
            <Type type="text">DcDtEt</Type>
            <Et_name type="text">Draglons_07aag.tgaet.tga</Et_name>
         </Draglons_07aag.tga>
         <Draglons_06g.tga>
            <Dt_flags type="int">0x40</Dt_flags>
            <Dt_name type="text">Draglons_06g.tga.tga</Dt_name>
            <Type type="text">DcDt</Type>
         </Draglons_06g.tga>
         <Material_count name="Material count" type="int">10</Material_count>
      </Material_library>
      <Texture_library name="Texture library">
         <Draglons_07a.tga.tga>
            <MIPS type="file" filename="cfdkstation1_cmp\Draglons_07a.tga.dds"/>
         </Draglons_07a.tga.tga>
         <Draglons_09a.tga.tga>
            <MIPS type="file" filename="cfdkstation1_cmp\Draglons_09a.tga.dds"/>
         </Draglons_09a.tga.tga>
         <Draglons_10a.tga.tga>
            <MIPS type="file" filename="cfdkstation1_cmp\Draglons_10a.tga.dds"/>
         </Draglons_10a.tga.tga>
         <Draglons_08c.tga.tga>
            <MIPS type="file" filename="cfdkstation1_cmp\Draglons_08c.tga.dds"/>
         </Draglons_08c.tga.tga>
         <Draglons_05g.tga.tga>
            <MIPS type="file" filename="cfdkstation1_cmp\Draglons_05g.tga.dds"/>
         </Draglons_05g.tga.tga>
         <Draglons_01a.tga.tga>
            <MIPS type="file" filename="cfdkstation1_cmp\Draglons_01a.tga.dds"/>
         </Draglons_01a.tga.tga>
         <Draglons_03a.tga.tga>
            <MIPS type="file" filename="cfdkstation1_cmp\Draglons_03a.tga.dds"/>
         </Draglons_03a.tga.tga>
         <Draglons_04s.tga.tga>
            <MIPS type="file" filename="cfdkstation1_cmp\Draglons_04s.tga.dds"/>
         </Draglons_04s.tga.tga>
         <Draglons_07aag.tga.tga>
            <MIPS type="file" filename="cfdkstation1_cmp\Draglons_07aag.tga.dds"/>
         </Draglons_07aag.tga.tga>
         <Draglons_06g.tga.tga>
            <MIPS type="file" filename="cfdkstation1_cmp\Draglons_06g.tga.dds"/>
         </Draglons_06g.tga.tga>
         <Draglons_07a.tgaet.tga>
            <MIPS type="file" filename="cfdkstation1_cmp\Draglons_07a.tgaet.dds"/>
         </Draglons_07a.tgaet.tga>
         <Draglons_09a.tgaet.tga>
            <MIPS type="file" filename="cfdkstation1_cmp\Draglons_09a.tgaet.dds"/>
         </Draglons_09a.tgaet.tga>
         <Draglons_08c.tgaet.tga>
            <MIPS type="file" filename="cfdkstation1_cmp\Draglons_08c.tgaet.dds"/>
         </Draglons_08c.tgaet.tga>
         <Draglons_01a.tgaet.tga>
            <MIPS type="file" filename="cfdkstation1_cmp\Draglons_01a.tgaet.dds"/>
         </Draglons_01a.tgaet.tga>
         <Draglons_03a.tgaet.tga>
            <MIPS type="file" filename="cfdkstation1_cmp\Draglons_03a.tgaet.dds"/>
         </Draglons_03a.tgaet.tga>
         <Draglons_04s.tgaet.tga>
            <MIPS type="file" filename="cfdkstation1_cmp\Draglons_04s.tgaet.dds"/>
         </Draglons_04s.tgaet.tga>
         <Draglons_07aag.tgaet.tga>
            <MIPS type="file" filename="cfdkstation1_cmp\Draglons_07aag.tgaet.dds"/>
         </Draglons_07aag.tgaet.tga>
      </Texture_library>
   </UTF_ROOT>
</UTFXML>
