<?xml version="1.0" encoding="ISO-8859-1"?>
<!-- XML generated by UTFXML Version 2.2 built 19-Aug-2010 -->
<UTFXML filename="li_freighter.cmp" path="SHIPS\LIBERTY\LI_FREIGHTER">
   <UTF_ROOT>
      <VMeshLibrary>
         <data.ships.liberty.li_freighter.li_freighter.lod0-112.vms include="li_freighter_cmp\lod0-112.vms.xml"/>
         <data.ships.liberty.li_freighter.li_freighter.lod1-112.vms include="li_freighter_cmp\lod1-112.vms.xml"/>
         <data.ships.liberty.li_freighter.li_freighter.lod2-112.vms include="li_freighter_cmp\lod2-112.vms.xml"/>
         <data.ships.liberty.li_freighter.li_freighter.lod3-112.vms include="li_freighter_cmp\lod3-112.vms.xml"/>
         <data.ships.liberty.li_freighter.li_freighter.lod4-112.vms include="li_freighter_cmp\lod4-112.vms.xml"/>
      </VMeshLibrary>
      <Animation>
         <Script>
            <Sc_end_anim name="Sc_end anim">
               <Joint_map_0 name="Joint map 0">
                  <Channel>
                     <Header type="Header">
                        <!-- count    --> 1,
                        <!-- interval --> 0.033333335,
                        <!-- flags    --> 0x1
                     </Header>
                     <Frames type="Frames" count="2">
                          1.8325900000
                          0.0000000000
                     </Frames>
                  </Channel>
                  <Child_name name="Child name" type="text">BayDoor01_lod1</Child_name>
                  <Parent_name name="Parent name" type="text">Root</Parent_name>
               </Joint_map_0>
            </Sc_end_anim>
            <Sc_open_baydoor name="Sc_open baydoor">
               <Joint_map_0 name="Joint map 0">
                  <Channel>
                     <Header type="Header">
                        <!-- count    --> 2,
                        <!-- interval --> Explicit,
                        <!-- flags    --> 0x1
                     </Header>
                     <Frames type="Frames" count="2">
                          0.0000000000:   0.0000000000
                          2.0000000000:   1.8325900000
                     </Frames>
                  </Channel>
                  <Child_name name="Child name" type="text">BayDoor01_lod1</Child_name>
                  <Parent_name name="Parent name" type="text">Root</Parent_name>
               </Joint_map_0>
            </Sc_open_baydoor>
         </Script>
      </Animation>
      <BayDoor01_lod1021203111952.3db>
         <VMeshWire include="li_freighter_cmp\BayDoor01_lod1.vwd.xml"/>
         <MultiLevel>
            <Level0>
               <VMeshPart>
                  <VMeshRef type="VMeshRef">
                     <!-- header size  --> 60,
                     <!-- vmesh lib    --> data.ships.liberty.li_freighter.li_freighter.lod0-112.vms,
                     <!-- start vert   --> 3668,
                     <!-- num verts    --> 8,
                     <!-- start index  --> 5217,
                     <!-- num indices  --> 12,
                     <!-- start mesh   --> 25,
                     <!-- num meshes   --> 1,
                     <!-- bounding box -->  1.4742268,    -37.483119e-9,  2.7301083,
                                           -0.0045358846, -37.483161e-9, -2.7301087,
                     <!-- center       -->  0.73566598,   -37.483147e-9,  0.0032903929,
                     <!-- radius       --> 2.8318491
                  </VMeshRef>
               </VMeshPart>
            </Level0>
            <Level1>
               <VMeshPart>
                  <VMeshRef type="VMeshRef">
                     <!-- header size  --> 60,
                     <!-- vmesh lib    --> data.ships.liberty.li_freighter.li_freighter.lod1-112.vms,
                     <!-- start vert   --> 2010,
                     <!-- num verts    --> 8,
                     <!-- start index  --> 3042,
                     <!-- num indices  --> 12,
                     <!-- start mesh   --> 25,
                     <!-- num meshes   --> 1,
                     <!-- bounding box -->  1.4742268,    -37.483119e-9,  2.7301083,
                                           -0.0045358846, -37.483161e-9, -2.7301087,
                     <!-- center       -->  0.73566598,   -37.483147e-9,  0.0032903929,
                     <!-- radius       --> 2.8318491
                  </VMeshRef>
               </VMeshPart>
            </Level1>
            <Level2>
               <VMeshPart>
                  <VMeshRef type="VMeshRef">
                     <!-- header size  --> 60,
                     <!-- vmesh lib    --> data.ships.liberty.li_freighter.li_freighter.lod2-112.vms,
                     <!-- start vert   --> 930,
                     <!-- num verts    --> 4,
                     <!-- start index  --> 1269,
                     <!-- num indices  --> 6,
                     <!-- start mesh   --> 17,
                     <!-- num meshes   --> 1,
                     <!-- bounding box -->  1.4742268,    -37.483119e-9,  2.7301083,
                                           -0.0045358846, -37.483161e-9, -2.7301087,
                     <!-- center       -->  0.73566598,   -37.483147e-9,  0.0032903929,
                     <!-- radius       --> 2.8318491
                  </VMeshRef>
               </VMeshPart>
            </Level2>
            <Level3>
               <VMeshPart>
                  <VMeshRef type="VMeshRef">
                     <!-- header size  --> 60,
                     <!-- vmesh lib    --> data.ships.liberty.li_freighter.li_freighter.lod3-112.vms,
                     <!-- start vert   --> 549,
                     <!-- num verts    --> 4,
                     <!-- start index  --> 708,
                     <!-- num indices  --> 6,
                     <!-- start mesh   --> 13,
                     <!-- num meshes   --> 1,
                     <!-- bounding box -->  1.4742268,    -37.483119e-9,  2.7301083,
                                           -0.0045358846, -37.483161e-9, -2.7301087,
                     <!-- center       -->  0.73566598,   -37.483147e-9,  0.0032903929,
                     <!-- radius       --> 2.8318491
                  </VMeshRef>
               </VMeshPart>
            </Level3>
            <Switch2 type="float array" count="5">
               0,
               100,
               1000,
               10000,
               1000000
            </Switch2>
         </MultiLevel>
         <Hardpoints>
            <Fixed>
               <Hpnew01>
                  <Orientation type="Matrix">
                       1.0000000000,   0.0000000000,   0.0000000000,
                       0.0000000000,   1.0000000000,   0.0000000000,
                       0.0000000000,   0.0000000000,   1.0000000000
                  </Orientation>
                  <Position type="Vector">1, -3, 0</Position>
               </Hpnew01>
               <Hpnew02>
                  <Orientation type="Matrix">
                       1.0000000000,   0.0000000000,   0.0000000000,
                       0.0000000000,   1.0000000000,   0.0000000000,
                       0.0000000000,   0.0000000000,   1.0000000000
                  </Orientation>
                  <Position type="Vector">1, -3, 0</Position>
               </Hpnew02>
               <Hpnew03>
                  <Orientation type="Matrix">
                       1.0000000000,   0.0000000000,   0.0000000000,
                       0.0000000000,   1.0000000000,   0.0000000000,
                       0.0000000000,   0.0000000000,   1.0000000000
                  </Orientation>
                  <Position type="Vector">1, -3, 0</Position>
               </Hpnew03>
            </Fixed>
         </Hardpoints>
      </BayDoor01_lod1021203111952.3db>
      <BayDoor02_lod1021203111952.3db>
         <VMeshWire include="li_freighter_cmp\BayDoor02_lod1.vwd.xml"/>
         <MultiLevel>
            <Level0>
               <VMeshPart>
                  <VMeshRef type="VMeshRef">
                     <!-- header size  --> 60,
                     <!-- vmesh lib    --> data.ships.liberty.li_freighter.li_freighter.lod0-112.vms,
                     <!-- start vert   --> 3660,
                     <!-- num verts    --> 8,
                     <!-- start index  --> 5205,
                     <!-- num indices  --> 12,
                     <!-- start mesh   --> 24,
                     <!-- num meshes   --> 1,
                     <!-- bounding box -->  0.0054817162, -442.57573e-9,   2.7301083,
                                           -1.4732808,    -755.68187e-9,  -2.7301078,
                     <!-- center       --> -0.75587606,   -599.13526e-9, 113.49515e-6,
                     <!-- radius       --> 2.8343914
                  </VMeshRef>
               </VMeshPart>
            </Level0>
            <Level1>
               <VMeshPart>
                  <VMeshRef type="VMeshRef">
                     <!-- header size  --> 60,
                     <!-- vmesh lib    --> data.ships.liberty.li_freighter.li_freighter.lod1-112.vms,
                     <!-- start vert   --> 2002,
                     <!-- num verts    --> 8,
                     <!-- start index  --> 3030,
                     <!-- num indices  --> 12,
                     <!-- start mesh   --> 24,
                     <!-- num meshes   --> 1,
                     <!-- bounding box -->  0.0054817162, -442.57573e-9,   2.7301083,
                                           -1.4732808,    -755.68187e-9,  -2.7301078,
                     <!-- center       --> -0.75587606,   -599.13526e-9, 113.49515e-6,
                     <!-- radius       --> 2.8343914
                  </VMeshRef>
               </VMeshPart>
            </Level1>
            <Level2>
               <VMeshPart>
                  <VMeshRef type="VMeshRef">
                     <!-- header size  --> 60,
                     <!-- vmesh lib    --> data.ships.liberty.li_freighter.li_freighter.lod2-112.vms,
                     <!-- start vert   --> 926,
                     <!-- num verts    --> 4,
                     <!-- start index  --> 1263,
                     <!-- num indices  --> 6,
                     <!-- start mesh   --> 16,
                     <!-- num meshes   --> 1,
                     <!-- bounding box -->  0.0054817162, -442.57573e-9,   2.7301083,
                                           -1.4732808,    -755.68187e-9,  -2.7301078,
                     <!-- center       --> -0.75587606,   -599.13526e-9, 113.49515e-6,
                     <!-- radius       --> 2.8343914
                  </VMeshRef>
               </VMeshPart>
            </Level2>
            <Level3>
               <VMeshPart>
                  <VMeshRef type="VMeshRef">
                     <!-- header size  --> 60,
                     <!-- vmesh lib    --> data.ships.liberty.li_freighter.li_freighter.lod3-112.vms,
                     <!-- start vert   --> 545,
                     <!-- num verts    --> 4,
                     <!-- start index  --> 702,
                     <!-- num indices  --> 6,
                     <!-- start mesh   --> 12,
                     <!-- num meshes   --> 1,
                     <!-- bounding box -->  0.0054817162, -442.57573e-9,   2.7301083,
                                           -1.4732808,    -755.68187e-9,  -2.7301078,
                     <!-- center       --> -0.75587606,   -599.13526e-9, 113.49515e-6,
                     <!-- radius       --> 2.8343914
                  </VMeshRef>
               </VMeshPart>
            </Level3>
            <Switch2 type="float array" count="5">
               0,
               100,
               1000,
               10000,
               1000000
            </Switch2>
         </MultiLevel>
      </BayDoor02_lod1021203111952.3db>
      <Cmpnd>
         <Cons>
            <Fix type="Fix" count="5">
               <part>
                  <!-- parent      --> "Root",
                  <!-- child       --> "Li_port_sidepanel_lod1",
                  <!-- position    --> -1.1978022, -95.057864e-9, -1.3060774e-6,
                  <!-- orientation -->   1.0000000000, -14.098421e-24, -211.75824e-24,
                                        14.098421e-24,   1.0000000000, -767.62361e-24,
                                        211.75824e-24,  767.62361e-24,   1.0000000000
               </part>
               <part>
                  <!-- parent      --> "Root",
                  <!-- child       --> "Li_starboard_sidepanel_lod1",
                  <!-- position    --> 1.193067, -95.057842e-9, -1.5150938e-6,
                  <!-- orientation -->   1.0000000000, -14.098421e-24, -211.75824e-24,
                                        14.098421e-24,   1.0000000000, -767.62361e-24,
                                        211.75824e-24,  767.62361e-24,   1.0000000000
               </part>
               <part>
                  <!-- parent      --> "Root",
                  <!-- child       --> "Engine01_lod1",
                  <!-- position    --> 1.2352403e-6, 2.2993023, 14.002256,
                  <!-- orientation -->   1.0000000000, -14.098421e-24, -211.75824e-24,
                                        14.098421e-24,   1.0000000000, -767.62361e-24,
                                        211.75824e-24,  767.62361e-24,   1.0000000000
               </part>
               <part>
                  <!-- parent      --> "Root",
                  <!-- child       --> "Engine02_lod1",
                  <!-- position    --> 1.2352403e-6, 0.86764306, 14.002256,
                  <!-- orientation -->   1.0000000000, -14.098421e-24, -211.75824e-24,
                                        14.098421e-24,   1.0000000000, -767.62361e-24,
                                        211.75824e-24,  767.62361e-24,   1.0000000000
               </part>
               <part>
                  <!-- parent      --> "Root",
                  <!-- child       --> "glass_lod1",
                  <!-- position    --> 0, 0, 0,
                  <!-- orientation -->   1.0000000000,  832.93453e-24, -7.1054274e-15,
                                       -832.93453e-24,   1.0000000000, -767.62361e-24,
                                        7.1054274e-15,  767.62361e-24,   1.0000000000
               </part>
            </Fix>
            <Rev type="Rev" count="2">
               <part>
                  <!-- parent      --> "Root",
                  <!-- child       --> "BayDoor02_lod1",
                  <!-- position    --> 1.4732801, 3.8252511, -1.09884,
                  <!-- offset      --> 0, 0, 0,
                  <!-- orientation -->   1.0000000000, -14.098421e-24, -211.75824e-24,
                                        14.098421e-24,   1.0000000000, -767.62361e-24,
                                        211.75824e-24,  767.62361e-24,   1.0000000000,
                  <!-- axis        --> -174.84560e-09, -59.604634e-09,  -1.0000000000,
                  <!-- min, max    --> 0, 1.71805
               </part>
               <part>
                  <!-- parent      --> "Root",
                  <!-- child       --> "BayDoor01_lod1",
                  <!-- position    --> -1.4742266, 3.8252511, -1.0988398,
                  <!-- offset      --> 0, 0, 0,
                  <!-- orientation -->   1.0000000000, -14.098421e-24, -211.75824e-24,
                                        14.098421e-24,   1.0000000000, -767.62361e-24,
                                        211.75824e-24,  767.62361e-24,   1.0000000000,
                  <!-- axis        -->  174.84557e-09,  59.604645e-09,   1.0000000000,
                  <!-- min, max    --> 0, 1.83259
               </part>
            </Rev>
         </Cons>
         <Part_BayDoor01_lod1>
            <File_name name="File name" type="text">BayDoor01_lod1021203111952.3db</File_name>
            <Index type="int">4</Index>
            <Object_name name="Object name" type="text">BayDoor01_lod1</Object_name>
         </Part_BayDoor01_lod1>
         <Part_BayDoor02_lod1>
            <File_name name="File name" type="text">BayDoor02_lod1021203111952.3db</File_name>
            <Index type="int">3</Index>
            <Object_name name="Object name" type="text">BayDoor02_lod1</Object_name>
         </Part_BayDoor02_lod1>
         <Part_Engine01_lod1>
            <File_name name="File name" type="text">Engine01_lod1021203111952.3db</File_name>
            <Index type="int">5</Index>
            <Object_name name="Object name" type="text">Engine01_lod1</Object_name>
         </Part_Engine01_lod1>
         <Part_Engine02_lod1>
            <File_name name="File name" type="text">Engine02_lod1021203111952.3db</File_name>
            <Index type="int">6</Index>
            <Object_name name="Object name" type="text">Engine02_lod1</Object_name>
         </Part_Engine02_lod1>
         <Part_glass_lod1>
            <File_name name="File name" type="text">glass_lod1021203111952.3db</File_name>
            <Index type="int">7</Index>
            <Object_name name="Object name" type="text">glass_lod1</Object_name>
         </Part_glass_lod1>
         <Part_Li_port_sidepanel_lod1>
            <File_name name="File name" type="text">Li_port_sidepanel_lod1021203111952.3db</File_name>
            <Index type="int">1</Index>
            <Object_name name="Object name" type="text">Li_port_sidepanel_lod1</Object_name>
         </Part_Li_port_sidepanel_lod1>
         <Part_Li_starboard_sidepanel_lod1>
            <File_name name="File name" type="text">Li_starboard_sidepanel_lod1021203111952.3db</File_name>
            <Index type="int">2</Index>
            <Object_name name="Object name" type="text">Li_starboard_sidepanel_lod1</Object_name>
         </Part_Li_starboard_sidepanel_lod1>
         <Root>
            <File_name name="File name" type="text">Li_freighter_lod1021203111952.3db</File_name>
            <Index type="int">0</Index>
            <Object_name name="Object name" type="text">Root</Object_name>
         </Root>
      </Cmpnd>
      <Engine01_lod1021203111952.3db>
         <Hardpoints>
            <Fixed>
               <HpEngine01>
                  <Orientation type="Matrix">
                       1.0000000000,  11.955608e-09,  13.069624e-09,
                     -11.955608e-09,   1.0000000000,  3.7708787e-09,
                     -13.069624e-09, -3.7708787e-09,   1.0000000000
                  </Orientation>
                  <Position type="Vector">-0.013287649, 0.0027106849, 0.25309768</Position>
               </HpEngine01>
               <HpEngineGlow>
                  <Orientation type="Matrix">
                       1.0000000000,  11.955608e-09,  13.069624e-09,
                     -11.955608e-09,   1.0000000000,  3.7708787e-09,
                     -13.069624e-09, -3.7708787e-09,   1.0000000000
                  </Orientation>
                  <Position type="Vector">-0.013287576, -0.51839888, 6.442791</Position>
               </HpEngineGlow>
            </Fixed>
         </Hardpoints>
         <VMeshWire include="li_freighter_cmp\Engine01_lod1.vwd.xml"/>
         <MultiLevel>
            <Level0>
               <VMeshPart>
                  <VMeshRef type="VMeshRef">
                     <!-- header size  --> 60,
                     <!-- vmesh lib    --> data.ships.liberty.li_freighter.li_freighter.lod0-112.vms,
                     <!-- start vert   --> 3195,
                     <!-- num verts    --> 110,
                     <!-- start index  --> 4419,
                     <!-- num indices  --> 126,
                     <!-- start mesh   --> 15,
                     <!-- num meshes   --> 2,
                     <!-- bounding box -->  0.49562919,  0.44575596,   0.49555957,
                                           -0.49993649, -0.43616593,  -0.73926491,
                     <!-- center       --> -0.03730794,  0.061837029, -0.10799608,
                     <!-- radius       --> 0.79142481
                  </VMeshRef>
               </VMeshPart>
            </Level0>
            <Level1>
               <VMeshPart>
                  <VMeshRef type="VMeshRef">
                     <!-- header size  --> 60,
                     <!-- vmesh lib    --> data.ships.liberty.li_freighter.li_freighter.lod1-112.vms,
                     <!-- start vert   --> 1756,
                     <!-- num verts    --> 70,
                     <!-- start index  --> 2676,
                     <!-- num indices  --> 90,
                     <!-- start mesh   --> 15,
                     <!-- num meshes   --> 2,
                     <!-- bounding box -->  0.49562919,  0.44575596,   0.49555957,
                                           -0.49993649, -0.43616593,  -0.73926491,
                     <!-- center       --> -0.03730794,  0.061837029, -0.10799608,
                     <!-- radius       --> 0.79142481
                  </VMeshRef>
               </VMeshPart>
            </Level1>
            <Level2>
               <VMeshPart>
                  <VMeshRef type="VMeshRef">
                     <!-- header size  --> 60,
                     <!-- vmesh lib    --> data.ships.liberty.li_freighter.li_freighter.lod2-112.vms,
                     <!-- start vert   --> 787,
                     <!-- num verts    --> 32,
                     <!-- start index  --> 1074,
                     <!-- num indices  --> 42,
                     <!-- start mesh   --> 9,
                     <!-- num meshes   --> 2,
                     <!-- bounding box -->  0.49562919,  0.44575596,   0.49555957,
                                           -0.49993649, -0.43616593,  -0.73926491,
                     <!-- center       --> -0.03730794,  0.061837029, -0.10799608,
                     <!-- radius       --> 0.79142481
                  </VMeshRef>
               </VMeshPart>
            </Level2>
            <Level3>
               <VMeshPart>
                  <VMeshRef type="VMeshRef">
                     <!-- header size  --> 60,
                     <!-- vmesh lib    --> data.ships.liberty.li_freighter.li_freighter.lod3-112.vms,
                     <!-- start vert   --> 467,
                     <!-- num verts    --> 18,
                     <!-- start index  --> 600,
                     <!-- num indices  --> 30,
                     <!-- start mesh   --> 6,
                     <!-- num meshes   --> 2,
                     <!-- bounding box -->  0.49562919,  0.44575596,   0.49555957,
                                           -0.49993649, -0.43616593,  -0.73926491,
                     <!-- center       --> -0.03730794,  0.061837029, -0.10799608,
                     <!-- radius       --> 0.79142481
                  </VMeshRef>
               </VMeshPart>
            </Level3>
            <Switch2 type="float array" count="5">
               0,
               100,
               1000,
               10000,
               1000000
            </Switch2>
         </MultiLevel>
      </Engine01_lod1021203111952.3db>
      <Engine02_lod1021203111952.3db>
         <Hardpoints>
            <Fixed>
               <HpEngine02>
                  <Orientation type="Matrix">
                       1.0000000000,  15.987208e-15, -14.210855e-15,
                     -15.987208e-15,   1.0000000000,  7.1054265e-15,
                      14.210855e-15, -7.1054265e-15,   1.0000000000
                  </Orientation>
                  <Position type="Vector">-0.0097840838, -0.021174803, 0.24009709</Position>
               </HpEngine02>
            </Fixed>
         </Hardpoints>
         <VMeshWire include="li_freighter_cmp\Engine02_lod1.vwd.xml"/>
         <MultiLevel>
            <Level0>
               <VMeshPart>
                  <VMeshRef type="VMeshRef">
                     <!-- header size  --> 60,
                     <!-- vmesh lib    --> data.ships.liberty.li_freighter.li_freighter.lod0-112.vms,
                     <!-- start vert   --> 0,
                     <!-- num verts    --> 166,
                     <!-- start index  --> 0,
                     <!-- num indices  --> 204,
                     <!-- start mesh   --> 0,
                     <!-- num meshes   --> 3,
                     <!-- bounding box -->  0.96159524,   0.50595903,  0.49555758,
                                           -0.96159536,  -0.67752445, -0.79351801,
                     <!-- center       --> -0.010785444, -0.16543989, -0.24386336,
                     <!-- radius       --> 1.1397685
                  </VMeshRef>
               </VMeshPart>
            </Level0>
            <Level1>
               <VMeshPart>
                  <VMeshRef type="VMeshRef">
                     <!-- header size  --> 60,
                     <!-- vmesh lib    --> data.ships.liberty.li_freighter.li_freighter.lod1-112.vms,
                     <!-- start vert   --> 0,
                     <!-- num verts    --> 89,
                     <!-- start index  --> 0,
                     <!-- num indices  --> 126,
                     <!-- start mesh   --> 0,
                     <!-- num meshes   --> 3,
                     <!-- bounding box -->  0.96159524,   0.50595903,  0.49555758,
                                           -0.96159536,  -0.67752445, -0.79351801,
                     <!-- center       --> -0.010785444, -0.16543989, -0.24386336,
                     <!-- radius       --> 1.1397685
                  </VMeshRef>
               </VMeshPart>
            </Level1>
            <Level2>
               <VMeshPart>
                  <VMeshRef type="VMeshRef">
                     <!-- header size  --> 60,
                     <!-- vmesh lib    --> data.ships.liberty.li_freighter.li_freighter.lod2-112.vms,
                     <!-- start vert   --> 0,
                     <!-- num verts    --> 38,
                     <!-- start index  --> 0,
                     <!-- num indices  --> 54,
                     <!-- start mesh   --> 0,
                     <!-- num meshes   --> 2,
                     <!-- bounding box -->  0.96159524,   0.50595903,  0.49555758,
                                           -0.96159536,  -0.67752445, -0.79351801,
                     <!-- center       --> -0.010785444, -0.16543989, -0.24386336,
                     <!-- radius       --> 1.1397685
                  </VMeshRef>
               </VMeshPart>
            </Level2>
            <Level3>
               <VMeshPart>
                  <VMeshRef type="VMeshRef">
                     <!-- header size  --> 60,
                     <!-- vmesh lib    --> data.ships.liberty.li_freighter.li_freighter.lod3-112.vms,
                     <!-- start vert   --> 0,
                     <!-- num verts    --> 22,
                     <!-- start index  --> 0,
                     <!-- num indices  --> 30,
                     <!-- start mesh   --> 0,
                     <!-- num meshes   --> 2,
                     <!-- bounding box -->  0.96159524,   0.50595903,  0.49555758,
                                           -0.96159536,  -0.67752445, -0.79351801,
                     <!-- center       --> -0.010785444, -0.16543989, -0.24386336,
                     <!-- radius       --> 1.1397685
                  </VMeshRef>
               </VMeshPart>
            </Level3>
            <Switch2 type="float array" count="5">
               0,
               100,
               1000,
               10000,
               1000000
            </Switch2>
         </MultiLevel>
      </Engine02_lod1021203111952.3db>
      <Exporter_Version name="Exporter Version" type="text">Nov  5 2002 11:41:55</Exporter_Version>
      <glass_lod1021203111952.3db>
         <VMeshWire include="li_freighter_cmp\glass_lod1.vwd.xml"/>
         <MultiLevel>
            <Level0>
               <VMeshPart>
                  <VMeshRef type="VMeshRef">
                     <!-- header size  --> 60,
                     <!-- vmesh lib    --> data.ships.liberty.li_freighter.li_freighter.lod0-112.vms,
                     <!-- start vert   --> 3413,
                     <!-- num verts    --> 139,
                     <!-- start index  --> 4695,
                     <!-- num indices  --> 360,
                     <!-- start mesh   --> 20,
                     <!-- num meshes   --> 1,
                     <!-- bounding box -->  1.2272861,   4.1359982,  -9.5093164,
                                           -1.2272873,   2.3427923, -11.615477,
                     <!-- center       --> -0.065547489, 3.2410398, -10.38007,
                     <!-- radius       --> 1.6040553
                  </VMeshRef>
               </VMeshPart>
            </Level0>
            <Level1>
               <VMeshPart>
                  <VMeshRef type="VMeshRef">
                     <!-- header size  --> 60,
                     <!-- vmesh lib    --> data.ships.liberty.li_freighter.li_freighter.lod1-112.vms,
                     <!-- start vert   --> 1900,
                     <!-- num verts    --> 30,
                     <!-- start index  --> 2862,
                     <!-- num indices  --> 72,
                     <!-- start mesh   --> 20,
                     <!-- num meshes   --> 1,
                     <!-- bounding box -->  1.2272861,   4.1359982,  -9.5093164,
                                           -1.2272873,   2.3427923, -11.615477,
                     <!-- center       --> -0.065547489, 3.2410398, -10.38007,
                     <!-- radius       --> 1.6040553
                  </VMeshRef>
               </VMeshPart>
            </Level1>
            <Level2>
               <VMeshPart>
                  <VMeshRef type="VMeshRef">
                     <!-- header size  --> 60,
                     <!-- vmesh lib    --> data.ships.liberty.li_freighter.li_freighter.lod2-112.vms,
                     <!-- start vert   --> 863,
                     <!-- num verts    --> 19,
                     <!-- start index  --> 1170,
                     <!-- num indices  --> 39,
                     <!-- start mesh   --> 13,
                     <!-- num meshes   --> 1,
                     <!-- bounding box -->  1.2272861,   4.1359982,  -9.5093164,
                                           -1.2272873,   2.3427923, -11.615477,
                     <!-- center       --> -0.065547489, 3.2410398, -10.38007,
                     <!-- radius       --> 1.6040553
                  </VMeshRef>
               </VMeshPart>
            </Level2>
            <Switch2 type="float array" count="4">
               0,
               100,
               1000,
               1000000
            </Switch2>
         </MultiLevel>
      </glass_lod1021203111952.3db>
      <Li_freighter_lod1021203111952.3db>
         <Hardpoints>
            <Fixed>
               <DpEngine01>
                  <Orientation type="Matrix">
                       1.0000000000, -8.9023739e-09,  181.72177e-09,
                      8.9023660e-09,   1.0000000000,  43.302130e-09,
                     -181.72177e-09, -43.302130e-09,   1.0000000000
                  </Orientation>
                  <Position type="Vector">-0.014646663, 2.2984624, 14.018533</Position>
               </DpEngine01>
               <DpEngine02>
                  <Orientation type="Matrix">
                       1.0000000000, -8.9023739e-09,  181.72177e-09,
                      8.9023660e-09,   1.0000000000,  43.302130e-09,
                     -181.72177e-09, -43.302130e-09,   1.0000000000
                  </Orientation>
                  <Position type="Vector">-0.014646701, 0.8089658, 13.730893</Position>
               </DpEngine02>
               <DpPortsidepanel>
                  <Orientation type="Matrix">
                     -21.616819e-09,  184.65732e-09,  -1.0000000000,
                      297.70646e-09,   1.0000000000,  184.65732e-09,
                       1.0000000000, -297.70646e-09, -21.616874e-09
                  </Orientation>
                  <Position type="Vector">-2.2473295, -0.14693294, 1.0192988</Position>
               </DpPortsidepanel>
               <DpStarboardsidepanel>
                  <Orientation type="Matrix">
                      20.697547e-09,  200.04410e-09,   1.0000000000,
                     -297.67978e-09,   1.0000000000, -200.04410e-09,
                      -1.0000000000, -297.67978e-09,  20.697607e-09
                  </Orientation>
                  <Position type="Vector">2.2605858, -0.14693294, 1.0192983</Position>
               </DpStarboardsidepanel>
               <HpBayDoor01>
                  <Orientation type="Matrix">
                       1.0000000000,  211.75824e-24, -14.210855e-15,
                     -211.75814e-24,   1.0000000000,  7.1054265e-15,
                      14.210855e-15, -7.1054265e-15,   1.0000000000
                  </Orientation>
                  <Position type="Vector">-125.96833e-9, 3.8222346, -1.2019112</Position>
               </HpBayDoor01>
               <HpBayDoor02>
                  <Orientation type="Matrix">
                       1.0000000000,  211.75824e-24, -14.210855e-15,
                     -211.75814e-24,   1.0000000000,  7.1054265e-15,
                      14.210855e-15, -7.1054265e-15,   1.0000000000
                  </Orientation>
                  <Position type="Vector">-125.96834e-9, 5.6289277, -1.2019112</Position>
               </HpBayDoor02>
               <HpCloak01>
                  <Orientation type="Matrix">
                      -1.0000000000,  87.422777e-09,  3.5527135e-15,
                     -6.8688926e-15, -119.20928e-09,   1.0000000000,
                      87.422777e-09,   1.0000000000,  119.20928e-09
                  </Orientation>
                  <Position type="Vector">0.063106544, -6.9465305e-9, 0.11654347</Position>
               </HpCloak01>
               <HpCM01>
                  <Orientation type="Matrix">
                      17.895536e-09,  -1.0000000000,  92.096684e-09,
                       1.0000000000,  17.895536e-09,  5.8968226e-09,
                     -5.8968244e-09,  92.096684e-09,   1.0000000000
                  </Orientation>
                  <Position type="Vector">-1.5876863, 0.89392519, 8.0650549</Position>
               </HpCM01>
               <HpCockpit>
                  <Orientation type="Matrix">
                       1.0000000000, -13.662886e-09,  54.637304e-09,
                      13.185577e-09,   0.9999619100,   0.0087264357,
                     -54.754452e-09,  -0.0087264357,   0.9999619100
                  </Orientation>
                  <Position type="Vector">-874.22734e-9, 3, -10</Position>
               </HpCockpit>
               <HpCockpitEx>
                  <Orientation type="Matrix">
                       1.0000000000, -13.662886e-09,  54.637304e-09,
                      13.185577e-09,   0.9999619100,   0.0087264357,
                     -54.754452e-09,  -0.0087264357,   0.9999619100
                  </Orientation>
                  <Position type="Vector">6.0758839e-6, 10, 43</Position>
               </HpCockpitEx>
               <HpDocklight01>
                  <Orientation type="Matrix">
                       1.0000000000,  15.855329e-15,  14.210854e-15,
                     -15.855330e-15,   1.0000000000,  71.949167e-09,
                     -14.210853e-15, -71.949167e-09,   1.0000000000
                  </Orientation>
                  <Position type="Vector">-2.1737549, 4.9909172, 6.3199406</Position>
               </HpDocklight01>
               <HpDocklight02>
                  <Orientation type="Matrix">
                       1.0000000000,  15.855329e-15,  14.210854e-15,
                     -15.855330e-15,   1.0000000000,  71.949167e-09,
                     -14.210853e-15, -71.949167e-09,   1.0000000000
                  </Orientation>
                  <Position type="Vector">2.1944363, 4.9911299, 6.3196239</Position>
               </HpDocklight02>
               <HpHeadlight>
                  <Orientation type="Matrix">
                       1.0000000000,  5.8599854e-09,  174.03750e-09,
                     -5.8599920e-09,   1.0000000000,  38.513996e-09,
                     -174.03750e-09, -38.513996e-09,   1.0000000000
                  </Orientation>
                  <Position type="Vector">-1.5776109e-6, -0.15287417, -12.878353</Position>
               </HpHeadlight>
               <HpMine01>
                  <Orientation type="Matrix">
                      5.7212705e-15,   1.0000000000,  87.422777e-09,
                      -1.0000000000,  8.3266718e-15, -29.802319e-09,
                     -29.802319e-09, -87.422777e-09,   1.0000000000
                  </Orientation>
                  <Position type="Vector">1.5866251, 0.89882356, 8.0627794</Position>
               </HpMine01>
               <HpMount>
                  <Orientation type="Matrix">
                       1.0000000000, -14.098421e-24, -211.75824e-24,
                      14.098421e-24,   1.0000000000, -767.62361e-24,
                      211.75824e-24,  767.62361e-24,   1.0000000000
                  </Orientation>
                  <Position type="Vector">34.457933e-9, -5.6959658, 0.29559848</Position>
               </HpMount>
               <HpPilot>
                  <Orientation type="Matrix">
                       1.0000000000, -38.752276e-15,  174.84552e-09,
                      13.592290e-15,   1.0000000000,  143.89836e-09,
                     -174.84552e-09, -143.89836e-09,   1.0000000000
                  </Orientation>
                  <Position type="Vector">982.99561e-6, 2.5425279, -9.5922298</Position>
               </HpPilot>
               <HpRadar01>
                  <Orientation type="Matrix">
                      -1.0000000000,  20.843204e-15,  349.69105e-09,
                     -31.264813e-15,  -1.0000000000, -29.802333e-09,
                      349.69105e-09, -29.802333e-09,   1.0000000000
                  </Orientation>
                  <Position type="Vector">-0.0097869579, -5.2845373, -3.7491326</Position>
               </HpRadar01>
               <HpRunningLight01>
                  <Orientation type="Matrix">
                       1.0000000000,  832.93453e-24, -35.527137e-15,
                     -832.93453e-24,   1.0000000000, -767.62361e-24,
                      35.527137e-15,  767.62361e-24,   1.0000000000
                  </Orientation>
                  <Position type="Vector">-1.943464e-6, 0.52119726, -14.787604</Position>
               </HpRunningLight01>
               <HpRunningLight02>
                  <Orientation type="Matrix">
                       1.0000000000,  832.93453e-24, -35.527137e-15,
                     -832.93453e-24,   1.0000000000, -767.62361e-24,
                      35.527137e-15,  767.62361e-24,   1.0000000000
                  </Orientation>
                  <Position type="Vector">-1.8693582e-6, 0.94931459, -14.222488</Position>
               </HpRunningLight02>
               <HpRunningLight03>
                  <Orientation type="Matrix">
                       1.0000000000, -14.098421e-24, -211.75824e-24,
                      14.098421e-24,   1.0000000000, -767.62361e-24,
                      211.75824e-24,  767.62361e-24,   1.0000000000
                  </Orientation>
                  <Position type="Vector">-612.84845e-9, -5.2814851, -4.6406159</Position>
               </HpRunningLight03>
               <HpRunningLight04>
                  <Orientation type="Matrix">
                       1.0000000000,  19.349797e-15, -262.26832e-09,
                      24.521533e-15,  -1.0000000000,  19.719252e-09,
                     -262.26832e-09, -19.719252e-09,  -1.0000000000
                  </Orientation>
                  <Position type="Vector">-1.397439, -2.6671019, 7.1874394</Position>
               </HpRunningLight04>
               <HpRunningLight05>
                  <Orientation type="Matrix">
                       1.0000000000,  19.349797e-15, -262.26832e-09,
