<?xml version="1.0" encoding="ISO-8859-1"?>
<!-- XML generated by UTFXML Version 2.2 built 19-Aug-2010 -->
<UTFXML filename="Potentate_battlecruiser.cmp" path="SHIPS\new\other\Potentate_battlecruiser">
   <UTF_ROOT>
      <VMeshLibrary>
         <Potentate_battlecruiser.lod0.vms include="Potentate_battlecruiser_cmp\lod0.vms.xml"/>
      </VMeshLibrary>
      <Cmpnd>
         <Root>
            <File_name name="File name" type="text">Potentate_battlecruiser.3db</File_name>
            <Index type="int">0</Index>
            <Object_name name="Object name" type="text">Root</Object_name>
         </Root>
      </Cmpnd>
      <Potentate_battlecruiser.3db>
         <Hardpoints>
            <Fixed>
               <HpMount>
                  <Orientation type="Matrix">
                       1.0000000000,   0.0000000000,   0.0000000000,
                       0.0000000000,   1.0000000000,   0.0000000000,
                       0.0000000000,   0.0000000000,   1.0000000000
                  </Orientation>
                  <Position type="Vector">0, -40, -40</Position>
               </HpMount>
               <HpCockpit>
                  <Orientation type="Matrix">
                       1.0000000000,   0.0000000000,   0.0000000000,
                       0.0000000000,   1.0000000000,   0.0000000000,
                       0.0000000000,   0.0000000000,   1.0000000000
                  </Orientation>
                  <Position type="Vector">0, 38.185474, -50.331825</Position>
               </HpCockpit>
               <HpEngine01>
                  <Orientation type="Matrix">
                       1.0000000000,   0.0000000000,   0.0000000000,
                       0.0000000000,   1.0000000000,   0.0000000000,
                       0.0000000000,   0.0000000000,   1.0000000000
                  </Orientation>
                  <Position type="Vector">-29.474176, 6.714282, 153.68161</Position>
               </HpEngine01>
               <HpEngine02>
                  <Orientation type="Matrix">
                       1.0000000000,   0.0000000000,   0.0000000000,
                       0.0000000000,   1.0000000000,   0.0000000000,
                       0.0000000000,   0.0000000000,   1.0000000000
                  </Orientation>
                  <Position type="Vector">29.315718, 6.5302401, 153.67633</Position>
               </HpEngine02>
               <HpShield01>
                  <Orientation type="Matrix">
                       1.0000000000,   0.0000000000,   0.0000000000,
                       0.0000000000,   1.0000000000,   0.0000000000,
                       0.0000000000,   0.0000000000,   1.0000000000
                  </Orientation>
                  <Position type="Vector">0, 0, 0</Position>
               </HpShield01>
               <HpShield02>
                  <Orientation type="Matrix">
                       1.0000000000,   0.0000000000,   0.0000000000,
                       0.0000000000,   1.0000000000,   0.0000000000,
                       0.0000000000,   0.0000000000,   1.0000000000
                  </Orientation>
                  <Position type="Vector">0, 0, 0</Position>
               </HpShield02>
               <HpCloak01>
                  <Orientation type="Matrix">
                       1.0000000000,   0.0000000000,   0.0000000000,
                       0.0000000000,   1.0000000000,   0.0000000000,
                       0.0000000000,   0.0000000000,   1.0000000000
                  </Orientation>
                  <Position type="Vector">0, 0, 0</Position>
               </HpCloak01>
               <HpTractor_Source>
                  <Orientation type="Matrix">
                       1.0000000000,   0.0000000000,   0.0000000000,
                       0.0000000000,   1.0000000000,   0.0000000000,
                       0.0000000000,   0.0000000000,   1.0000000000
                  </Orientation>
                  <Position type="Vector">0, -15.362404, -124.74341</Position>
               </HpTractor_Source>
               <HpCM01>
                  <Orientation type="Matrix">
                       1.0000000000,   0.0000000000,   0.0000000000,
                       0.0000000000,   1.0000000000,   0.0000000000,
                       0.0000000000,   0.0000000000,   1.0000000000
                  </Orientation>
                  <Position type="Vector">0, 18.419102, 179.77182</Position>
               </HpCM01>
               <HpRunningLight01>
                  <Orientation type="Matrix">
                       1.0000000000,   0.0000000000,   0.0000000000,
                       0.0000000000,   1.0000000000,   0.0000000000,
                       0.0000000000,   0.0000000000,   1.0000000000
                  </Orientation>
                  <Position type="Vector">-7.5509682, 52.080948, 112.55979</Position>
               </HpRunningLight01>
               <HpRunningLight02>
                  <Orientation type="Matrix">
                       1.0000000000,   0.0000000000,   0.0000000000,
                       0.0000000000,   1.0000000000,   0.0000000000,
                       0.0000000000,   0.0000000000,   1.0000000000
                  </Orientation>
                  <Position type="Vector">7.6321502, 52.088753, 112.55963</Position>
               </HpRunningLight02>
               <HpRunningLight03>
                  <Orientation type="Matrix">
                       1.0000000000,   0.0000000000,   0.0000000000,
                       0.0000000000,   1.0000000000,   0.0000000000,
                       0.0000000000,   0.0000000000,   1.0000000000
                  </Orientation>
                  <Position type="Vector">-25.347851, 6.7, -201.07521</Position>
               </HpRunningLight03>
               <HpRunningLight04>
                  <Orientation type="Matrix">
                       1.0000000000,   0.0000000000,   0.0000000000,
                       0.0000000000,   1.0000000000,   0.0000000000,
                       0.0000000000,   0.0000000000,   1.0000000000
                  </Orientation>
                  <Position type="Vector">25.577223, 6.7, -201.08308</Position>
               </HpRunningLight04>
               <HpDocklight01>
                  <Orientation type="Matrix">
                       1.0000000000,   0.0000000000,   0.0000000000,
                       0.0000000000,   1.0000000000,   0.0000000000,
                       0.0000000000,   0.0000000000,   1.0000000000
                  </Orientation>
                  <Position type="Vector">-15.078539, 40.516541, -3.0765951</Position>
               </HpDocklight01>
               <HpDocklight02>
                  <Orientation type="Matrix">
                       1.0000000000,   0.0000000000,   0.0000000000,
                       0.0000000000,   1.0000000000,   0.0000000000,
                       0.0000000000,   0.0000000000,   1.0000000000
                  </Orientation>
                  <Position type="Vector">15.086159, 40.46772, -2.939116</Position>
               </HpDocklight02>
               <HpFX01>
                  <Orientation type="Matrix">
                       1.0000000000,   0.0000000000,   0.0000000000,
                       0.0000000000,   1.0000000000,   0.0000000000,
                       0.0000000000,   0.0000000000,   1.0000000000
                  </Orientation>
                  <Position type="Vector">0, 0, 0</Position>
               </HpFX01>
               <HpFX02>
                  <Orientation type="Matrix">
                      59.604645e-09,   0.9999998800,   0.0000000000,
                      -0.9999998800,  59.604645e-09,   0.0000000000,
                       0.0000000000,   0.0000000000,   1.0000000000
                  </Orientation>
                  <Position type="Vector">0, 0, 0</Position>
               </HpFX02>
               <HpFX03>
                  <Orientation type="Matrix">
                       1.0000000000,   0.0000000000,   0.0000000000,
                       0.0000000000,  59.604645e-09,   0.9999998800,
                       0.0000000000,  -0.9999998800,  59.604645e-09
                  </Orientation>
                  <Position type="Vector">0, 0, 0</Position>
               </HpFX03>
               <HpFX04>
                  <Orientation type="Matrix">
                       1.0000000000,   0.0000000000,   0.0000000000,
                       0.0000000000,   1.0000000000,   0.0000000000,
                       0.0000000000,   0.0000000000,   1.0000000000
                  </Orientation>
                  <Position type="Vector">0, 0, 0</Position>
               </HpFX04>
               <HpFX05>
                  <Orientation type="Matrix">
                       1.0000000000,   0.0000000000,   0.0000000000,
                       0.0000000000,   1.0000000000,   0.0000000000,
                       0.0000000000,   0.0000000000,   1.0000000000
                  </Orientation>
                  <Position type="Vector">0, 0, 0</Position>
               </HpFX05>
               <HpFX06>
                  <Orientation type="Matrix">
                       1.0000000000,   0.0000000000,   0.0000000000,
                       0.0000000000,   1.0000000000,   0.0000000000,
                       0.0000000000,   0.0000000000,   1.0000000000
                  </Orientation>
                  <Position type="Vector">0, 0, 0</Position>
               </HpFX06>
               <HpFX07>
                  <Orientation type="Matrix">
                       1.0000000000,   0.0000000000,   0.0000000000,
                       0.0000000000,   1.0000000000,   0.0000000000,
                       0.0000000000,   0.0000000000,   1.0000000000
                  </Orientation>
                  <Position type="Vector">0, 0, 0</Position>
               </HpFX07>
               <HpBayDoor01>
                  <Orientation type="Matrix">
                       1.0000000000,   0.0000000000,   0.0000000000,
                       0.0000000000,   1.0000000000,   0.0000000000,
                       0.0000000000,   0.0000000000,   1.0000000000
                  </Orientation>
                  <Position type="Vector">0, -45, 0</Position>
               </HpBayDoor01>
               <HpBayDoor02>
                  <Orientation type="Matrix">
                       1.0000000000,   0.0000000000,   0.0000000000,
                       0.0000000000,   1.0000000000,   0.0000000000,
                       0.0000000000,   0.0000000000,   1.0000000000
                  </Orientation>
                  <Position type="Vector">0, -55, 0</Position>
               </HpBayDoor02>
            </Fixed>
            <Revolute>
               <HpTorpedo01>
                  <Axis type="Vector">0, 1, 0</Axis>
                  <Max type="float">0.78539819</Max>
                  <Min type="float">-0.78539819</Min>
                  <Orientation type="Matrix">
                      -1.0000000000, -87.422777e-09,   0.0000000000,
                      87.422777e-09,  -1.0000000000,  -0.0000000000,
                       0.0000000000,   0.0000000000,   1.0000000000
                  </Orientation>
                  <Position type="Vector">0, 20.399212, -133.98894</Position>
               </HpTorpedo01>
               <HpTurret01>
                  <Axis type="Vector">0, 1, 0</Axis>
                  <Max type="float">3.1415927</Max>
                  <Min type="float">-3.1415927</Min>
                  <Orientation type="Matrix">
                       1.0000000000,   0.0000000000,   0.0000000000,
                       0.0000000000,   1.0000000000,   0.0000000000,
                       0.0000000000,   0.0000000000,   1.0000000000
                  </Orientation>
                  <Position type="Vector">0, 44.644115, 26.425526</Position>
               </HpTurret01>
               <HpTurret02>
                  <Axis type="Vector">0, 1, 0</Axis>
                  <Max type="float">1.5707964</Max>
                  <Min type="float">-1.5707964</Min>
                  <Orientation type="Matrix">
                       1.0000000000,   0.0000000000,   0.0000000000,
                       0.0000000000,   1.0000000000,   0.0000000000,
                       0.0000000000,   0.0000000000,   1.0000000000
                  </Orientation>
                  <Position type="Vector">0, 32.813751, -119.65909</Position>
               </HpTurret02>
               <HpTurret03>
                  <Axis type="Vector">0, 1, 0</Axis>
                  <Max type="float">3.1415927</Max>
                  <Min type="float">-3.1415927</Min>
                  <Orientation type="Matrix">
                       0.9335804000,  -0.3570042800,  -0.0312338250,
                       0.3583679800,   0.9300278400,   0.0813668970,
                     -931.32257e-12,  -0.0871557440,   0.9961947200
                  </Orientation>
                  <Position type="Vector">-48.747643, 20.873833, -13.271136</Position>
               </HpTurret03>
               <HpTurret04>
                  <Axis type="Vector">0, 1, 0</Axis>
                  <Max type="float">3.1415927</Max>
                  <Min type="float">-3.1415927</Min>
                  <Orientation type="Matrix">
                       0.9335804000,   0.3570042800,   0.0312338250,
                      -0.3583679800,   0.9300278400,   0.0813668970,
                      931.32257e-12,  -0.0871557440,   0.9961947200
                  </Orientation>
                  <Position type="Vector">48.653461, 20.506817, -13.333586</Position>
               </HpTurret04>
               <HpTurret05>
                  <Axis type="Vector">0, 1, 0</Axis>
                  <Max type="float">3.1415927</Max>
                  <Min type="float">-3.1415927</Min>
                  <Orientation type="Matrix">
                      -0.9335804000,  -0.3570042600,  -0.0312338250,
                       0.3583679500,  -0.9300278400,  -0.0813668970,
                       0.0000000000,  -0.0871557440,   0.9961947200
                  </Orientation>
                  <Position type="Vector">-43.763588, -9.2550201, -13.509598</Position>
               </HpTurret05>
               <HpTurret06>
                  <Axis type="Vector">0, 1, 0</Axis>
                  <Max type="float">3.1415927</Max>
                  <Min type="float">-3.1415927</Min>
                  <Orientation type="Matrix">
                      -0.9335804000,   0.3570042600,   0.0312338250,
                      -0.3583679500,  -0.9300278400,  -0.0813668970,
                       0.0000000000,  -0.0871557440,   0.9961947200
                  </Orientation>
                  <Position type="Vector">43.671276, -9.1248817, -13.62056</Position>
               </HpTurret06>
               <HpTurret07>
                  <Axis type="Vector">0, 1, 0</Axis>
                  <Max type="float">3.1415927</Max>
                  <Min type="float">-3.1415927</Min>
                  <Orientation type="Matrix">
                       1.0000000000,   0.0000000000,   0.0000000000,
                       0.0000000000,   1.0000000000,   0.0000000000,
                       0.0000000000,   0.0000000000,   1.0000000000
                  </Orientation>
                  <Position type="Vector">-17.25285, 39.259113, 83.144051</Position>
               </HpTurret07>
               <HpTurret08>
                  <Axis type="Vector">0, 1, 0</Axis>
                  <Max type="float">3.1415927</Max>
                  <Min type="float">-3.1415927</Min>
                  <Orientation type="Matrix">
                       1.0000000000,   0.0000000000,   0.0000000000,
                       0.0000000000,   1.0000000000,   0.0000000000,
                       0.0000000000,   0.0000000000,   1.0000000000
                  </Orientation>
                  <Position type="Vector">17.72583, 39.210392, 83.144974</Position>
               </HpTurret08>
               <HpTurret09>
                  <Axis type="Vector">0, 1, 0</Axis>
                  <Max type="float">1.5707964</Max>
                  <Min type="float">-1.5707964</Min>
                  <Orientation type="Matrix">
                       1.0000000000, -87.422777e-09, -87.422777e-09,
                     -87.422777e-09,  -1.0000000000,  7.6427419e-15,
                     -87.422777e-09,   0.0000000000,  -1.0000000000
                  </Orientation>
                  <Position type="Vector">0, -5.5155301, 173.04448</Position>
               </HpTurret09>
               <HpTurret10>
                  <Axis type="Vector">0, 1, 0</Axis>
                  <Max type="float">1.5707964</Max>
                  <Min type="float">-1.5707964</Min>
                  <Orientation type="Matrix">
                      -0.9999997600,   0.0000000000,  87.422769e-09,
                      87.422769e-09,  59.604645e-09,   0.9999998800,
                      7.1054274e-15,   0.9999998800,  178.81393e-09
                  </Orientation>
                  <Position type="Vector">0, -28.070955, 13.460652</Position>
               </HpTurret10>
               <HpTurret11>
                  <Axis type="Vector">0, 1, 0</Axis>
                  <Max type="float">1.0471976</Max>
                  <Min type="float">-3.1415927</Min>
                  <Orientation type="Matrix">
                       0.0298091900,  -0.3407185700,   0.9396924400,
                      -0.0818996130,   0.9361168100,   0.3420200900,
                      -0.9961945400,  -0.0871557440,  178.81393e-09
                  </Orientation>
                  <Position type="Vector">-30.298628, 16.594641, -142.39697</Position>
               </HpTurret11>
               <HpTurret12>
                  <Axis type="Vector">0, 1, 0</Axis>
                  <Max type="float">3.1415927</Max>
                  <Min type="float">-1.0471976</Min>
                  <Orientation type="Matrix">
                       0.0298091900,   0.3407185700,  -0.9396924400,
                       0.0818996130,   0.9361168100,   0.3420200900,
                       0.9961945400,  -0.0871557440,  178.81393e-09
                  </Orientation>
                  <Position type="Vector">30.163977, 16.345537, -142.36217</Position>
               </HpTurret12>
               <HpTurret13>
                  <Axis type="Vector">0, 1, 0</Axis>
                  <Max type="float">3.1415927</Max>
                  <Min type="float">-3.1415927</Min>
                  <Orientation type="Matrix">
                      -0.0298088190,  -0.3407186600,   0.9396924400,
                      -0.0818996130,  -0.9361164600,  -0.3420201500,
                       0.9961945400,  -0.0871557440,  152.73690e-09
                  </Orientation>
                  <Position type="Vector">-30.228331, -3.093586, -142.52443</Position>
               </HpTurret13>
               <HpTurret14>
                  <Axis type="Vector">0, 1, 0</Axis>
                  <Max type="float">3.1415927</Max>
                  <Min type="float">-3.1415927</Min>
                  <Orientation type="Matrix">
                      -0.0298088190,   0.3407186600,  -0.9396924400,
                       0.0818996130,  -0.9361164600,  -0.3420201500,
                      -0.9961945400,  -0.0871557440,  152.73690e-09
                  </Orientation>
                  <Position type="Vector">29.795111, -3.1226239, -142.38873</Position>
               </HpTurret14>
               <HpTurret15>
                  <Axis type="Vector">0, 1, 0</Axis>
                  <Max type="float">1.0471976</Max>
                  <Min type="float">-1.7453293</Min>
                  <Orientation type="Matrix">
                       0.0298091900,  -0.3407185700,   0.9396924400,
                      -0.0818996130,   0.9361168100,   0.3420200900,
                      -0.9961945400,  -0.0871557440,  178.81393e-09
                  </Orientation>
                  <Position type="Vector">-31.634373, 20.587587, -84.966965</Position>
               </HpTurret15>
               <HpTurret16>
                  <Axis type="Vector">0, 1, 0</Axis>
                  <Max type="float">1.5707964</Max>
                  <Min type="float">-1.0471976</Min>
                  <Orientation type="Matrix">
                       0.0298091900,   0.3407185700,  -0.9396924400,
                       0.0818996130,   0.9361168100,   0.3420200900,
                       0.9961945400,  -0.0871557440,  178.81393e-09
                  </Orientation>
                  <Position type="Vector">31.35392, 20.377823, -84.966698</Position>
               </HpTurret16>
               <HpTurret17>
                  <Axis type="Vector">0, 1, 0</Axis>
                  <Max type="float">3.1415927</Max>
                  <Min type="float">-3.1415927</Min>
                  <Orientation type="Matrix">
                      -0.0312335490,  -0.3570042000,   0.9335803400,
                      -0.0813668970,  -0.9300276000,  -0.3583678900,
                       0.9961945400,  -0.0871557000,  7.4505806e-09
                  </Orientation>
                  <Position type="Vector">-32.378761, -6.783102, -85.042198</Position>
               </HpTurret17>
               <HpTurret18>
                  <Axis type="Vector">0, 1, 0</Axis>
                  <Max type="float">3.1415927</Max>
                  <Min type="float">-3.1415927</Min>
                  <Orientation type="Matrix">
                      -0.0312335490,   0.3570042000,  -0.9335803400,
                       0.0813668970,  -0.9300276000,  -0.3583678900,
                      -0.9961945400,  -0.0871557000,  7.4505806e-09
                  </Orientation>
                  <Position type="Vector">32.733952, -6.4969959, -85.032181</Position>
               </HpTurret18>
               <HpTurret19>
                  <Axis type="Vector">0, 1, 0</Axis>
                  <Max type="float">1.5707964</Max>
                  <Min type="float">-1.5707964</Min>
                  <Orientation type="Matrix">
                      59.604645e-09,   0.0000000000,   0.9999998800,
                      -0.0000000000,   1.0000000000,   0.0000000000,
                      -0.9999998800,  -0.0000000000,  59.604645e-09
                  </Orientation>
                  <Position type="Vector">-15.409022, 39.002872, 34.349514</Position>
               </HpTurret19>
               <HpTurret20>
                  <Axis type="Vector">0, 1, 0</Axis>
                  <Max type="float">1.5707964</Max>
                  <Min type="float">-1.5707964</Min>
                  <Orientation type="Matrix">
                      59.604645e-09,   0.0000000000,  -0.9999998800,
                       0.0000000000,   1.0000000000,   0.0000000000,
                       0.9999998800,   0.0000000000,  59.604645e-09
                  </Orientation>
                  <Position type="Vector">15.920774, 38.954048, 34.44416</Position>
               </HpTurret20>
               <HpTurret21>
                  <Axis type="Vector">0, 1, 0</Axis>
                  <Max type="float">1.5707964</Max>
                  <Min type="float">-1.5707964</Min>
                  <Orientation type="Matrix">
                       0.0298091900,  -0.3407185700,   0.9396924400,
                      -0.0818996130,   0.9361168100,   0.3420200900,
                      -0.9961945400,  -0.0871557440,  178.81393e-09
                  </Orientation>
                  <Position type="Vector">-63.145199, 20.578918, 41.428413</Position>
               </HpTurret21>
               <HpTurret22>
                  <Axis type="Vector">0, 1, 0</Axis>
                  <Max type="float">1.5707964</Max>
                  <Min type="float">-1.5707964</Min>
                  <Orientation type="Matrix">
                       0.0298091900,   0.3407185700,  -0.9396924400,
                       0.0818996130,   0.9361168100,   0.3420200900,
                       0.9961945400,  -0.0871557440,  178.81393e-09
                  </Orientation>
                  <Position type="Vector">62.716179, 20.287251, 41.431431</Position>
               </HpTurret22>
               <HpTurret23>
                  <Axis type="Vector">0, 1, 0</Axis>
                  <Max type="float">3.1415927</Max>
                  <Min type="float">-3.1415927</Min>
                  <Orientation type="Matrix">
                      -0.0298088190,  -0.3407186600,   0.9396924400,
                      -0.0818996130,  -0.9361164600,  -0.3420201500,
                       0.9961945400,  -0.0871557440,  152.73690e-09
                  </Orientation>
                  <Position type="Vector">-63.179726, -7.4917121, 46.348415</Position>
               </HpTurret23>
               <HpTurret24>
                  <Axis type="Vector">0, 1, 0</Axis>
                  <Max type="float">3.1415927</Max>
                  <Min type="float">-3.1415927</Min>
                  <Orientation type="Matrix">
                      -0.0298088190,   0.3407186600,  -0.9396924400,
                       0.0818996130,  -0.9361164600,  -0.3420201500,
                      -0.9961945400,  -0.0871557440,  152.73690e-09
                  </Orientation>
                  <Position type="Vector">60.423328, -8.4839497, 46.802246</Position>
               </HpTurret24>
               <HpTurret25>
                  <Axis type="Vector">0, 1, 0</Axis>
                  <Max type="float">1.5707964</Max>
                  <Min type="float">-1.5707964</Min>
                  <Orientation type="Matrix">
                      236.55593e-09,  -0.9396925000,  -0.3420200600,
                      -0.9999998800,  57.742000e-09,  59.604645e-09,
                     -89.406967e-09,   0.3420200600,  -0.9396923200
                  </Orientation>
                  <Position type="Vector">-72.425362, 6.8072939, 171.09595</Position>
               </HpTurret25>
               <HpTurret26>
                  <Axis type="Vector">0, 1, 0</Axis>
                  <Max type="float">1.5707964</Max>
                  <Min type="float">-1.5707964</Min>
                  <Orientation type="Matrix">
                      266.35826e-09,   0.9396925000,   0.3420200600,
                       0.9999998800,  87.544322e-09, -119.20929e-09,
                     -89.406967e-09,   0.3420200600,  -0.9396923200
                  </Orientation>
                  <Position type="Vector">72.337708, 6.5611382, 171.06915</Position>
               </HpTurret26>
               <HpTurret27>
                  <Axis type="Vector">0, 1, 0</Axis>
                  <Max type="float">1.5707964</Max>
                  <Min type="float">-1.5707964</Min>
                  <Orientation type="Matrix">
                       1.0000000000, -87.422777e-09, -87.422777e-09,
                     -87.422777e-09,  -1.0000000000,  7.6427419e-15,
                     -87.422777e-09,   0.0000000000,  -1.0000000000
                  </Orientation>
                  <Position type="Vector">0, -18.333462, 103.47958</Position>
               </HpTurret27>
               <HpTurret28>
                  <Axis type="Vector">0, 1, 0</Axis>
                  <Max type="float">1.5707964</Max>
                  <Min type="float">-1.5707964</Min>
                  <Orientation type="Matrix">
                       1.0000000000, -87.422777e-09, -87.422777e-09,
                     -87.422777e-09,  -1.0000000000,  7.6427419e-15,
                     -87.422777e-09,   0.0000000000,  -1.0000000000
                  </Orientation>
                  <Position type="Vector">0, -18.344973, 131.22081</Position>
               </HpTurret28>
            </Revolute>
         </Hardpoints>
         <MultiLevel>
            <Level0>
               <VMeshPart>
                  <VMeshRef type="VMeshRef">
                     <!-- header size  --> 60,
                     <!-- vmesh lib    --> Potentate_battlecruiser.lod0.vms,
                     <!-- start vert   --> 0,
                     <!-- num verts    --> 30899,
                     <!-- start index  --> 0,
                     <!-- num indices  --> 56295,
                     <!-- start mesh   --> 0,
                     <!-- num meshes   --> 13,
                     <!-- bounding box -->  109.8558,        52.137642,  191.85651,
                                           -109.8708,       -28.624081, -201.1122,
                     <!-- center       -->   -0.0075149541,  11.75678,    -4.6278691,
                     <!-- radius       --> 180.7794
                  </VMeshRef>
               </VMeshPart>
            </Level0>
         </MultiLevel>
      </Potentate_battlecruiser.3db>
   </UTF_ROOT>
</UTFXML>
