<?xml version="1.0" encoding="ISO-8859-1"?>
<!-- XML generated by UTFXML Version 2.2 built 19-Aug-2010 -->
<UTFXML filename="Apocalypse.cmp" path="SHIPS\new\X3_terran_conflict_ships\Other">
   <UTF_ROOT>
      <VMeshLibrary>
         <Apocalypse.lod0.vms include="Apocalypse_cmp\lod0.vms.xml"/>
      </VMeshLibrary>
      <Cmpnd>
         <Root>
            <File_name name="File name" type="text">Apocalypse.3db</File_name>
            <Index type="int">0</Index>
            <Object_name name="Object name" type="text">Root</Object_name>
         </Root>
      </Cmpnd>
      <Apocalypse.3db>
         <Hardpoints>
            <Fixed>
               <HpCockpit>
                  <Orientation type="Matrix">
                       1.0000000000,   0.0000000000,   0.0000000000,
                       0.0000000000,   1.0000000000,   0.0000000000,
                       0.0000000000,   0.0000000000,   1.0000000000
                  </Orientation>
                  <Position type="Vector">0, 48.430748, 19.82976</Position>
               </HpCockpit>
               <HpMount>
                  <Orientation type="Matrix">
                       1.0000000000,   0.0000000000,   0.0000000000,
                       0.0000000000,   1.0000000000,   0.0000000000,
                       0.0000000000,   0.0000000000,   1.0000000000
                  </Orientation>
                  <Position type="Vector">0, -70, -150</Position>
               </HpMount>
               <HpRunningLight01>
                  <Orientation type="Matrix">
                       1.0000000000,   0.0000000000,   0.0000000000,
                       0.0000000000,   1.0000000000,   0.0000000000,
                       0.0000000000,   0.0000000000,   1.0000000000
                  </Orientation>
                  <Position type="Vector">-165.13263, 9.5030441, 38.442314</Position>
               </HpRunningLight01>
               <HpRunningLight02>
                  <Orientation type="Matrix">
                       1.0000000000,   0.0000000000,   0.0000000000,
                       0.0000000000,   1.0000000000,   0.0000000000,
                       0.0000000000,   0.0000000000,   1.0000000000
                  </Orientation>
                  <Position type="Vector">165.04205, 9.5033693, 38.433617</Position>
               </HpRunningLight02>
               <HpEngine01>
                  <Orientation type="Matrix">
                       1.0000000000,   0.0000000000,   0.0000000000,
                       0.0000000000,   1.0000000000,   0.0000000000,
                       0.0000000000,   0.0000000000,   1.0000000000
                  </Orientation>
                  <Position type="Vector">-110.52335, 1.361666, 290.55801</Position>
               </HpEngine01>
               <HpEngine02>
                  <Orientation type="Matrix">
                       1.0000000000,   0.0000000000,   0.0000000000,
                       0.0000000000,   1.0000000000,   0.0000000000,
                       0.0000000000,   0.0000000000,   1.0000000000
                  </Orientation>
                  <Position type="Vector">-47.476021, 0.85278898, 334.76376</Position>
               </HpEngine02>
               <HpEngine03>
                  <Orientation type="Matrix">
                       1.0000000000,   0.0000000000,   0.0000000000,
                       0.0000000000,   1.0000000000,   0.0000000000,
                       0.0000000000,   0.0000000000,   1.0000000000
                  </Orientation>
                  <Position type="Vector">109.9414, 1.105346, 290.55801</Position>
               </HpEngine03>
               <HpEngine04>
                  <Orientation type="Matrix">
                       1.0000000000,   0.0000000000,   0.0000000000,
                       0.0000000000,   1.0000000000,   0.0000000000,
                       0.0000000000,   0.0000000000,   1.0000000000
                  </Orientation>
                  <Position type="Vector">46.713425, 0.51408601, 334.76376</Position>
               </HpEngine04>
               <HpShield01>
                  <Orientation type="Matrix">
                       1.0000000000,   0.0000000000,   0.0000000000,
                       0.0000000000,   1.0000000000,   0.0000000000,
                       0.0000000000,   0.0000000000,   1.0000000000
                  </Orientation>
                  <Position type="Vector">0, 0, 90</Position>
               </HpShield01>
               <HpCloak01>
                  <Orientation type="Matrix">
                       1.0000000000,   0.0000000000,   0.0000000000,
                       0.0000000000,   1.0000000000,   0.0000000000,
                       0.0000000000,   0.0000000000,   1.0000000000
                  </Orientation>
                  <Position type="Vector">0, 0, 10</Position>
               </HpCloak01>
               <HpTractor_Source>
                  <Orientation type="Matrix">
                       1.0000000000,   0.0000000000,   0.0000000000,
                       0.0000000000,   1.0000000000,   0.0000000000,
                       0.0000000000,   0.0000000000,   1.0000000000
                  </Orientation>
                  <Position type="Vector">-0.123467, -50.277939, 54.377434</Position>
               </HpTractor_Source>
               <HpCM01>
                  <Orientation type="Matrix">
                       1.0000000000,   0.0000000000,   0.0000000000,
                       0.0000000000,   1.0000000000,   0.0000000000,
                       0.0000000000,   0.0000000000,   1.0000000000
                  </Orientation>
                  <Position type="Vector">0.002242, 18.368492, 475.65271</Position>
               </HpCM01>
               <HpFX01>
                  <Orientation type="Matrix">
                       1.0000000000,   0.0000000000,   0.0000000000,
                       0.0000000000,   1.0000000000,   0.0000000000,
                       0.0000000000,   0.0000000000,   1.0000000000
                  </Orientation>
                  <Position type="Vector">0, 0, 0</Position>
               </HpFX01>
               <HpFX02>
                  <Orientation type="Matrix">
                      59.604645e-09,   0.9999998800,   0.0000000000,
                      -0.9999998800,  59.604645e-09,   0.0000000000,
                       0.0000000000,   0.0000000000,   1.0000000000
                  </Orientation>
                  <Position type="Vector">0, 0, 0</Position>
               </HpFX02>
               <HpFX03>
                  <Orientation type="Matrix">
                       1.0000000000,   0.0000000000,   0.0000000000,
                       0.0000000000,  59.604645e-09,   0.9999998800,
                       0.0000000000,  -0.9999998800,  59.604645e-09
                  </Orientation>
                  <Position type="Vector">0, 0, 0</Position>
               </HpFX03>
               <HpFX04>
                  <Orientation type="Matrix">
                       1.0000000000,   0.0000000000,   0.0000000000,
                       0.0000000000,   1.0000000000,   0.0000000000,
                       0.0000000000,   0.0000000000,   1.0000000000
                  </Orientation>
                  <Position type="Vector">0, 0, 0</Position>
               </HpFX04>
               <HpFX05>
                  <Orientation type="Matrix">
                       1.0000000000,   0.0000000000,   0.0000000000,
                       0.0000000000,   1.0000000000,   0.0000000000,
                       0.0000000000,   0.0000000000,   1.0000000000
                  </Orientation>
                  <Position type="Vector">0, 0, 0</Position>
               </HpFX05>
               <HpFX06>
                  <Orientation type="Matrix">
                       1.0000000000,   0.0000000000,   0.0000000000,
                       0.0000000000,   1.0000000000,   0.0000000000,
                       0.0000000000,   0.0000000000,   1.0000000000
                  </Orientation>
                  <Position type="Vector">0, 0, 0</Position>
               </HpFX06>
               <HpFX07>
                  <Orientation type="Matrix">
                       1.0000000000,   0.0000000000,   0.0000000000,
                       0.0000000000,   1.0000000000,   0.0000000000,
                       0.0000000000,   0.0000000000,   1.0000000000
                  </Orientation>
                  <Position type="Vector">0, 0, 0</Position>
               </HpFX07>
               <HpBayDoor01>
                  <Orientation type="Matrix">
                       1.0000000000,   0.0000000000,   0.0000000000,
                       0.0000000000,   1.0000000000,   0.0000000000,
                       0.0000000000,   0.0000000000,   1.0000000000
                  </Orientation>
                  <Position type="Vector">0, -90, 0</Position>
               </HpBayDoor01>
               <HpBayDoor02>
                  <Orientation type="Matrix">
                       1.0000000000,   0.0000000000,   0.0000000000,
                       0.0000000000,   1.0000000000,   0.0000000000,
                       0.0000000000,   0.0000000000,   1.0000000000
                  </Orientation>
                  <Position type="Vector">0, -100, 0</Position>
               </HpBayDoor02>
            </Fixed>
            <Revolute>
               <HpTurret01>
                  <Axis type="Vector">0, 1, 0</Axis>
                  <Max type="float">3.1415927</Max>
                  <Min type="float">-3.1415927</Min>
                  <Orientation type="Matrix">
                       1.0000000000,   0.0000000000,   0.0000000000,
                       0.0000000000,   0.9975640800,   0.0697564710,
                       0.0000000000,  -0.0697564710,   0.9975640800
                  </Orientation>
                  <Position type="Vector">-0.13614801, 68.761963, 169.61386</Position>
               </HpTurret01>
               <HpTurret02>
                  <Axis type="Vector">0, 1, 0</Axis>
                  <Max type="float">3.1415927</Max>
                  <Min type="float">-3.1415927</Min>
                  <Orientation type="Matrix">
                       1.0000000000,   0.0000000000,   0.0000000000,
                       0.0000000000,   0.9975640800,   0.0697564710,
                       0.0000000000,  -0.0697564710,   0.9975640800
                  </Orientation>
                  <Position type="Vector">-17.488855, 66.982941, 153.71472</Position>
               </HpTurret02>
               <HpTurret03>
                  <Axis type="Vector">0, 1, 0</Axis>
                  <Max type="float">3.1415927</Max>
                  <Min type="float">-3.1415927</Min>
                  <Orientation type="Matrix">
                       1.0000000000,   0.0000000000,   0.0000000000,
                       0.0000000000,   0.9975640800,   0.0697564710,
                       0.0000000000,  -0.0697564710,   0.9975640800
                  </Orientation>
                  <Position type="Vector">17.444807, 67.195587, 153.61893</Position>
               </HpTurret03>
               <HpTurret04>
                  <Axis type="Vector">0, 1, 0</Axis>
                  <Max type="float">3.1415927</Max>
                  <Min type="float">-3.1415927</Min>
                  <Orientation type="Matrix">
                      -1.0000000000, -87.422777e-09,   0.0000000000,
                      87.422777e-09,  -1.0000000000,  -0.0000000000,
                       0.0000000000,   0.0000000000,   1.0000000000
                  </Orientation>
                  <Position type="Vector">-12.672969, -73.246307, 162.61546</Position>
               </HpTurret04>
               <HpTurret05>
                  <Axis type="Vector">0, 1, 0</Axis>
                  <Max type="float">3.1415927</Max>
                  <Min type="float">-3.1415927</Min>
                  <Orientation type="Matrix">
                      -1.0000000000, -87.422777e-09,   0.0000000000,
                      87.422777e-09,  -1.0000000000,  -0.0000000000,
                       0.0000000000,   0.0000000000,   1.0000000000
                  </Orientation>
                  <Position type="Vector">12.680324, -73.331345, 162.51369</Position>
               </HpTurret05>
               <HpTurret06>
                  <Axis type="Vector">0, 1, 0</Axis>
                  <Max type="float">1.5707964</Max>
                  <Min type="float">-1.5707964</Min>
                  <Orientation type="Matrix">
                       0.0225574490,  -0.2578341700,   0.9659258100,
                      -0.0841859950,   0.9622501700,   0.2588190400,
                      -0.9961947200,  -0.0871557300, -119.20929e-09
                  </Orientation>
                  <Position type="Vector">-143.34589, 28.713278, 205.69284</Position>
               </HpTurret06>
               <HpTurret07>
                  <Axis type="Vector">0, 1, 0</Axis>
                  <Max type="float">1.5707964</Max>
                  <Min type="float">-1.5707964</Min>
                  <Orientation type="Matrix">
                       0.0225574490,   0.2578341700,  -0.9659258100,
                       0.0841859950,   0.9622501700,   0.2588190400,
                       0.9961947200,  -0.0871557300, -119.20929e-09
                  </Orientation>
                  <Position type="Vector">142.02284, 29.005619, 205.19284</Position>
               </HpTurret07>
               <HpTurret08>
                  <Axis type="Vector">0, 1, 0</Axis>
                  <Max type="float">1.5707964</Max>
                  <Min type="float">-1.5707964</Min>
                  <Orientation type="Matrix">
                      -0.0225574370,  -0.2578342000,   0.9659258100,
                      -0.0841860180,  -0.9622501700,  -0.2588190700,
                       0.9961947200,  -0.0871557370, -124.79722e-09
                  </Orientation>
                  <Position type="Vector">-142.00995, -25.745468, 200.88518</Position>
               </HpTurret08>
               <HpTurret09>
                  <Axis type="Vector">0, 1, 0</Axis>
                  <Max type="float">1.5707964</Max>
                  <Min type="float">-1.5707964</Min>
                  <Orientation type="Matrix">
                       0.0225576160,   0.2578342000,   0.9659258100,
                      -0.0841859580,  -0.9622501700,   0.2588190700,
                       0.9961947200,  -0.0871557300, -52.619725e-09
                  </Orientation>
                  <Position type="Vector">142.35822, -25.601744, 200.33098</Position>
               </HpTurret09>
               <HpTurret10>
                  <Axis type="Vector">0, 1, 0</Axis>
                  <Max type="float">1.5707964</Max>
                  <Min type="float">-1.5707964</Min>
                  <Orientation type="Matrix">
                       0.0168756970,  -0.2413325600,   0.9702956100,
                      -0.0676844120,   0.9679321100,   0.2419218600,
                      -0.9975639000,  -0.0697564630,  59.604645e-09
                  </Orientation>
                  <Position type="Vector">-73.290894, 39.920147, 107.1928</Position>
               </HpTurret10>
               <HpTurret11>
                  <Axis type="Vector">0, 1, 0</Axis>
                  <Max type="float">1.5707964</Max>
                  <Min type="float">-1.5707964</Min>
                  <Orientation type="Matrix">
                       0.0168756970,   0.2413325600,  -0.9702956100,
                       0.0676844120,   0.9679321100,   0.2419218600,
                       0.9975639000,  -0.0697564630,  59.604645e-09
                  </Orientation>
                  <Position type="Vector">73.810204, 39.760735, 107.07379</Position>
               </HpTurret11>
               <HpTurret12>
                  <Axis type="Vector">0, 1, 0</Axis>
                  <Max type="float">1.5707964</Max>
                  <Min type="float">-1.5707964</Min>
                  <Orientation type="Matrix">
                      -0.0225574370,  -0.2578342000,   0.9659258100,
                      -0.0841860180,  -0.9622501700,  -0.2588190700,
                       0.9961947200,  -0.0871557370, -124.79722e-09
                  </Orientation>
                  <Position type="Vector">-71.424393, -37.598167, 107.47701</Position>
               </HpTurret12>
               <HpTurret13>
                  <Axis type="Vector">0, 1, 0</Axis>
                  <Max type="float">1.5707964</Max>
                  <Min type="float">-1.5707964</Min>
                  <Orientation type="Matrix">
                      -0.0225574370,   0.2578342000,  -0.9659258100,
                       0.0841860180,  -0.9622501700,  -0.2588190700,
                      -0.9961947200,  -0.0871557370, -124.79722e-09
                  </Orientation>
                  <Position type="Vector">71.710175, -37.37183, 105.79111</Position>
               </HpTurret13>
               <HpTurret14>
                  <Axis type="Vector">0, 1, 0</Axis>
                  <Max type="float">1.5707964</Max>
                  <Min type="float">-1.5707964</Min>
                  <Orientation type="Matrix">
                       0.0210849250,  -0.2410012900,   0.9702956700,
                      -0.0845668460,   0.9666034600,   0.2419218700,
                      -0.9961946000,  -0.0871557520,  59.604645e-09
                  </Orientation>
                  <Position type="Vector">-119.93978, 14.967159, -40.723648</Position>
               </HpTurret14>
               <HpTurret15>
                  <Axis type="Vector">0, 1, 0</Axis>
                  <Max type="float">1.5707964</Max>
                  <Min type="float">-1.5707964</Min>
                  <Orientation type="Matrix">
                       0.0210849250,   0.2410012900,  -0.9702956700,
                       0.0845668460,   0.9666034600,   0.2419218700,
                       0.9961946000,  -0.0871557520,  59.604645e-09
                  </Orientation>
                  <Position type="Vector">119.73899, 14.997861, -40.706078</Position>
               </HpTurret15>
               <HpTurret16>
                  <Axis type="Vector">0, 1, 0</Axis>
                  <Max type="float">1.5707964</Max>
                  <Min type="float">-1.5707964</Min>
                  <Orientation type="Matrix">
                      -0.0225574370,  -0.2578342000,   0.9659258100,
                      -0.0841860180,  -0.9622501700,  -0.2588190700,
                       0.9961947200,  -0.0871557370, -124.79722e-09
                  </Orientation>
                  <Position type="Vector">-122.7278, -10.714325, -45.5998</Position>
               </HpTurret16>
               <HpTurret17>
                  <Axis type="Vector">0, 1, 0</Axis>
                  <Max type="float">1.5707964</Max>
                  <Min type="float">-1.5707964</Min>
                  <Orientation type="Matrix">
                      -0.0225574370,   0.2578342000,  -0.9659258100,
                       0.0841860180,  -0.9622501700,  -0.2588190700,
                      -0.9961947200,  -0.0871557370, -124.79722e-09
                  </Orientation>
                  <Position type="Vector">122.81395, -10.673126, -45.562355</Position>
               </HpTurret17>
               <HpTurret18>
                  <Axis type="Vector">0, 1, 0</Axis>
                  <Max type="float">1.5707964</Max>
                  <Min type="float">-1.5707964</Min>
                  <Orientation type="Matrix">
                       0.0225574490,  -0.2578341700,   0.9659258100,
                      -0.0841859950,   0.9622501700,   0.2588190400,
                      -0.9961947200,  -0.0871557300, -119.20929e-09
                  </Orientation>
                  <Position type="Vector">-61.30328, 25.463482, -124.8309</Position>
               </HpTurret18>
               <HpTurret19>
                  <Axis type="Vector">0, 1, 0</Axis>
                  <Max type="float">1.5707964</Max>
                  <Min type="float">-1.5707964</Min>
                  <Orientation type="Matrix">
                       0.0225574490,   0.2578341700,  -0.9659258100,
                       0.0841859950,   0.9622501700,   0.2588190400,
                       0.9961947200,  -0.0871557300, -119.20929e-09
                  </Orientation>
                  <Position type="Vector">54.824303, 26.985111, -125.9978</Position>
               </HpTurret19>
               <HpTurret20>
                  <Axis type="Vector">0, 1, 0</Axis>
                  <Max type="float">0.78539819</Max>
                  <Min type="float">-0.78539819</Min>
                  <Orientation type="Matrix">
                       0.0135454410,  -0.2584643400,   0.9659257500,
                      -0.0505526660,   0.9646020500,   0.2588190400,
                      -0.9986295100,  -0.0523359480, -119.20929e-09
                  </Orientation>
                  <Position type="Vector">-47.89431, 21.408648, -225.97105</Position>
               </HpTurret20>
               <HpTurret21>
                  <Axis type="Vector">0, 1, 0</Axis>
                  <Max type="float">0.78539819</Max>
                  <Min type="float">-0.78539819</Min>
                  <Orientation type="Matrix">
                       0.0135454410,   0.2584643400,  -0.9659257500,
                       0.0505526660,   0.9646020500,   0.2588190400,
                       0.9986295100,  -0.0523359480, -119.20929e-09
                  </Orientation>
                  <Position type="Vector">43.79459, 22.411743, -226.09631</Position>
               </HpTurret21>
               <HpTurret22>
                  <Axis type="Vector">0, 1, 0</Axis>
                  <Max type="float">0.78539819</Max>
                  <Min type="float">-0.78539819</Min>
                  <Orientation type="Matrix">
                      -0.0210847260,  -0.2410012500,   0.9702956700,
                      -0.0845668540,  -0.9666032800,  -0.2419218300,
                       0.9961946000,  -0.0871557440,  48.428774e-09
                  </Orientation>
                  <Position type="Vector">-58.19846, -28.412621, -70.09584</Position>
               </HpTurret22>
               <HpTurret23>
                  <Axis type="Vector">0, 1, 0</Axis>
                  <Max type="float">0.78539819</Max>
                  <Min type="float">-0.78539819</Min>
                  <Orientation type="Matrix">
                      -0.0252875690,   0.2405965600,  -0.9702956100,
                       0.1014235400,  -0.9649801300,  -0.2419218300,
                      -0.9945218000,  -0.1045284700,  68.917871e-09
                  </Orientation>
                  <Position type="Vector">59.395969, -27.977125, -71.170784</Position>
               </HpTurret23>
               <HpTurret24>
                  <Axis type="Vector">0, 1, 0</Axis>
                  <Max type="float">0.78539819</Max>
                  <Min type="float">-0.78539819</Min>
                  <Orientation type="Matrix">
                      -0.0168755050,  -0.2413325000,   0.9702956100,
                      -0.0676844050,  -0.9679319300,  -0.2419218100,
                       0.9975639000,  -0.0697564710,  87.544322e-09
                  </Orientation>
                  <Position type="Vector">-41.203789, -18.960293, -239.77292</Position>
               </HpTurret24>
               <HpTurret25>
                  <Axis type="Vector">0, 1, 0</Axis>
                  <Max type="float">0.78539819</Max>
                  <Min type="float">-0.78539819</Min>
                  <Orientation type="Matrix">
                      -0.0168755050,   0.2413325000,  -0.9702956100,
                       0.0676844050,  -0.9679319300,  -0.2419218100,
                      -0.9975639000,  -0.0697564710,  87.544322e-09
                  </Orientation>
                  <Position type="Vector">42.036541, -18.499361, -242.96436</Position>
               </HpTurret25>
               <HpTurret26>
                  <Axis type="Vector">0, 1, 0</Axis>
                  <Max type="float">3.1415927</Max>
                  <Min type="float">-3.1415927</Min>
                  <Orientation type="Matrix">
                      59.604645e-09,  -0.9999998800,  -0.0000000000,
                       0.9999998800,  59.604645e-09,   0.0000000000,
                       0.0000000000,  -0.0000000000,   1.0000000000
                  </Orientation>
                  <Position type="Vector">-180.20001, 0.7, 202.79999</Position>
               </HpTurret26>
               <HpTurret27>
                  <Axis type="Vector">0, 1, 0</Axis>
                  <Max type="float">3.1415927</Max>
                  <Min type="float">-3.1415927</Min>
                  <Orientation type="Matrix">
                      59.604645e-09,   0.9999998800,   0.0000000000,
                      -0.9999998800,  59.604645e-09,   0.0000000000,
                       0.0000000000,   0.0000000000,   1.0000000000
                  </Orientation>
                  <Position type="Vector">180.20001, 0.7, 202.79999</Position>
               </HpTurret27>
               <HpTurret28>
                  <Axis type="Vector">0, 1, 0</Axis>
                  <Max type="float">1.5707964</Max>
                  <Min type="float">-1.5707964</Min>
                  <Orientation type="Matrix">
                      178.81393e-09,  -0.9999998800, -7.1054274e-15,
                      -0.9999998800,  59.604641e-09,  87.422769e-09,
                     -87.422769e-09,   0.0000000000,  -0.9999997600
                  </Orientation>
                  <Position type="Vector">-9.6632729, 2.4696519, 447.62259</Position>
               </HpTurret28>
               <HpTurret29>
                  <Axis type="Vector">0, 1, 0</Axis>
                  <Max type="float">1.5707964</Max>
                  <Min type="float">-1.5707964</Min>
                  <Orientation type="Matrix">
                      178.81393e-09,   0.9999998800, -7.1054274e-15,
                       0.9999998800,  59.604641e-09, -87.422769e-09,
                     -87.422769e-09,   0.0000000000,  -0.9999997600
                  </Orientation>
                  <Position type="Vector">9.5537271, 2.2826109, 448.5386</Position>
               </HpTurret29>
               <HpTurret30>
                  <Axis type="Vector">0, 1, 0</Axis>
                  <Max type="float">1.5707964</Max>
                  <Min type="float">-1.5707964</Min>
                  <Orientation type="Matrix">
                       1.0000000000, -87.422777e-09, -87.422777e-09,
                     -87.422777e-09,  -1.0000000000,  7.6427419e-15,
                     -87.422777e-09,   0.0000000000,  -1.0000000000
                  </Orientation>
                  <Position type="Vector">-0.107771, 45.5, 374</Position>
               </HpTurret30>
               <HpTurret31>
                  <Axis type="Vector">0, 1, 0</Axis>
                  <Max type="float">1.5707964</Max>
                  <Min type="float">-1.5707964</Min>
                  <Orientation type="Matrix">
                      -1.0000000000,   0.0000000000,  87.422777e-09,
                       0.0000000000,   1.0000000000,  -0.0000000000,
                     -87.422777e-09,   0.0000000000,  -1.0000000000
                  </Orientation>
                  <Position type="Vector">-0.107772, -42.541664, 380</Position>
               </HpTurret31>
               <HpTorpedo01>
                  <Axis type="Vector">0, 1, 0</Axis>
                  <Max type="float">1.5707964</Max>
                  <Min type="float">-1.5707964</Min>
                  <Orientation type="Matrix">
                       1.0000000000,   0.0000000000,   0.0000000000,
                       0.0000000000,   1.0000000000,   0.0000000000,
                       0.0000000000,   0.0000000000,   1.0000000000
                  </Orientation>
                  <Position type="Vector">-0.07, 49.705948, 21.781948</Position>
               </HpTorpedo01>
            </Revolute>
         </Hardpoints>
         <MultiLevel>
            <Level0>
               <VMeshPart>
                  <VMeshRef type="VMeshRef">
                     <!-- header size  --> 60,
                     <!-- vmesh lib    --> Apocalypse.lod0.vms,
                     <!-- start vert   --> 0,
                     <!-- num verts    --> 28690,
                     <!-- start index  --> 0,
                     <!-- num indices  --> 63054,
                     <!-- start mesh   --> 0,
                     <!-- num meshes   --> 11,
                     <!-- bounding box -->  186.34145,      78.291489,   480.14136,
                                           -186.44501,     -75.118347,  -436.55783,
                     <!-- center       -->   -0.051780701,   1.5865707,   21.791763,
                     <!-- radius       --> 651.23322
                  </VMeshRef>
               </VMeshPart>
            </Level0>
         </MultiLevel>
      </Apocalypse.3db>
   </UTF_ROOT>
</UTFXML>
