<?xml version="1.0" encoding="ISO-8859-1"?>
<!-- XML generated by UTFXML Version 2.2 built 19-Aug-2010 -->
<UTFXML filename="teltak.cmp" path="SHIPS\new\stargate\teltak">
   <UTF_ROOT>
      <VMeshLibrary>
         <teltak.lod0.vms include="teltak_cmp\lod0.vms.xml"/>
      </VMeshLibrary>
      <Cmpnd>
         <Root>
            <File_name name="File name" type="text">teltak.3db</File_name>
            <Index type="int">0</Index>
            <Object_name name="Object name" type="text">Root</Object_name>
         </Root>
      </Cmpnd>
      <teltak.3db>
         <Hardpoints>
            <Fixed>
               <HpRunningLight01>
                  <Orientation type="Matrix">
                      -0.8014210500,  -0.5529286300,   0.0000000000,
                       0.5529286300,  -0.8014210500,   0.2280224300,
                      -0.1260801300,   0.1827419700,   0.9480057400
                  </Orientation>
                  <Position type="Vector">-14.802042, -7.2676568, 6.0215354</Position>
               </HpRunningLight01>
               <HpRunningLight02>
                  <Orientation type="Matrix">
                      -0.0876237230,   0.1687788400,   0.0000000000,
                      -0.1687788400,  -0.0876237230,  -0.9817513800,
                      -0.1656988600,  -0.0860247090,   0.0361642130
                  </Orientation>
                  <Position type="Vector">14.447957, -7.2676568, 5.984973</Position>
               </HpRunningLight02>
               <HpMount>
                  <Orientation type="Matrix">
                       1.0000000000,   0.0000000000,   0.0000000000,
                       0.0000000000,   1.0000000000,   0.0000000000,
                       0.0000000000,   0.0000000000,   1.0000000000
                  </Orientation>
                  <Position type="Vector">-0.17704356, -8.2914066, 11.432786</Position>
               </HpMount>
               <HpEngine01>
                  <Orientation type="Matrix">
                       1.0000000000,   0.0000000000,   0.0000000000,
                       0.0000000000,   1.0000000000,   0.0000000000,
                       0.0000000000,   0.0000000000,   1.0000000000
                  </Orientation>
                  <Position type="Vector">-0.047986999, -5.4118018, 31.554623</Position>
               </HpEngine01>
               <HpDockLight01>
                  <Orientation type="Matrix">
                      -0.2254951400,  -0.0808395590,   0.0000000000,
                       0.0808395590,  -0.2254951400,  -0.9708845600,
                       0.0784858840,  -0.2189297500,   0.0573830940
                  </Orientation>
                  <Position type="Vector">-11.730792, -5.9331255, 5.1623168</Position>
               </HpDockLight01>
               <HpDocklight02>
                  <Orientation type="Matrix">
                      -0.2254956100,   0.0808401630,   0.0000000000,
                      -0.0808401630,  -0.2254956100,  -0.9708845000,
                      -0.0784864650,  -0.2189301800,   0.0573833990
                  </Orientation>
                  <Position type="Vector">11.669208, -5.9696879, 5.1623168</Position>
               </HpDocklight02>
               <HpShield01>
                  <Orientation type="Matrix">
                      -1.0000000000, -87.427907e-09,   0.0000000000,
                      87.427907e-09,  -1.0000000000,  -0.0000000000,
                       0.0000000000,   0.0000000000,   1.0000000000
                  </Orientation>
                  <Position type="Vector">-0.030794, 0, 16.295599</Position>
               </HpShield01>
               <HpRunningLight03>
                  <Orientation type="Matrix">
                       0.8553913200,  -0.4954811600,   0.0000000000,
                       0.4954811600,   0.8553913200,  -0.1510102900,
                       0.0748227540,   0.1291728900,   0.9771959200
                  </Orientation>
                  <Position type="Vector">-0.030793628, 6.5285921, 16.210285</Position>
               </HpRunningLight03>
               <HpCM01>
                  <Orientation type="Matrix">
                      -0.9736064700,   0.1814858800,   0.0000000000,
                      -0.1814858800,  -0.9736064700,   0.1383958200,
                       0.0251168850,   0.1347430600,   0.9808467000
                  </Orientation>
                  <Position type="Vector">2.8942063, -5.4882813, 29.409346</Position>
               </HpCM01>
               <HpCM02>
                  <Orientation type="Matrix">
                      -0.9736064700,  -0.1814858800,   0.0000000000,
                       0.1814858800,  -0.9736064700,   0.1383958200,
                      -0.0251168850,   0.1347430600,   0.9808467000
                  </Orientation>
                  <Position type="Vector">-2.9550514, -5.4902935, 29.395174</Position>
               </HpCM02>
               <HpHeadLight>
                  <Orientation type="Matrix">
                      -0.3908730700,  -0.1817502500,   0.0000000000,
                       0.1817502500,  -0.3908730700,  -0.9023220500,
                       0.1639972600,  -0.3526934100,   0.1858149200
                  </Orientation>
                  <Position type="Vector">-0.13242711, -4.295918, -12.32873</Position>
               </HpHeadLight>
               <HpScanner01>
                  <Orientation type="Matrix">
                      -0.9479354600,  -0.0617896020,   0.0000000000,
                       0.0617896020,  -0.9479354600,  -0.3124106800,
                       0.0193037320,  -0.2961451700,   0.9023996000
                  </Orientation>
                  <Position type="Vector">-0.13242711, -4.2812929, -11.027104</Position>
               </HpScanner01>
               <HpTractor_Source>
                  <Orientation type="Matrix">
                       1.0000000000,   0.0000000000,   0.0000000000,
                       0.0000000000,   0.9993908400,   0.0348994960,
                       0.0000000000,  -0.0348994960,   0.9993908400
                  </Orientation>
                  <Position type="Vector">-0.14379799, -4.0367289, -12.30876</Position>
               </HpTractor_Source>
               <HpShield02>
                  <Orientation type="Matrix">
                       1.0000000000,   0.0000000000,   0.0000000000,
                       0.0000000000,   1.0000000000,   0.0000000000,
                       0.0000000000,   0.0000000000,   1.0000000000
                  </Orientation>
                  <Position type="Vector">0, 0, 0</Position>
               </HpShield02>
               <HpShield03>
                  <Orientation type="Matrix">
                       1.0000000000,   0.0000000000,   0.0000000000,
                       0.0000000000,   1.0000000000,   0.0000000000,
                       0.0000000000,   0.0000000000,   1.0000000000
                  </Orientation>
                  <Position type="Vector">0, 0, 0</Position>
               </HpShield03>
               <HpShield04>
                  <Orientation type="Matrix">
                       1.0000000000,   0.0000000000,   0.0000000000,
                       0.0000000000,   1.0000000000,   0.0000000000,
                       0.0000000000,   0.0000000000,   1.0000000000
                  </Orientation>
                  <Position type="Vector">0, 0, 0</Position>
               </HpShield04>
               <HpShield05>
                  <Orientation type="Matrix">
                       1.0000000000,   0.0000000000,   0.0000000000,
                       0.0000000000,   1.0000000000,   0.0000000000,
                       0.0000000000,   0.0000000000,   1.0000000000
                  </Orientation>
                  <Position type="Vector">0, 0, 0</Position>
               </HpShield05>
               <HpContrail01>
                  <Orientation type="Matrix">
                       1.0000000000,   0.0000000000,   0.0000000000,
                       0.0000000000,   1.0000000000,   0.0000000000,
                       0.0000000000,   0.0000000000,   1.0000000000
                  </Orientation>
                  <Position type="Vector">14.732327, -7.2739811, 6.2216201</Position>
               </HpContrail01>
               <HpContrail02>
                  <Orientation type="Matrix">
                       1.0000000000,   0.0000000000,   0.0000000000,
                       0.0000000000,   1.0000000000,   0.0000000000,
                       0.0000000000,   0.0000000000,   1.0000000000
                  </Orientation>
                  <Position type="Vector">-15.020014, -6.9096761, 6.5141921</Position>
               </HpContrail02>
               <HpButton01>
                  <Orientation type="Matrix">
                      -0.0614401700,   0.5845651600,   0.8090168800,
                      -0.0845652520,   0.8045851600,  -0.5877851800,
                      -0.9945218000,  -0.1045284400,  119.20929e-09
                  </Orientation>
                  <Position type="Vector">6, 0.6, 6.3</Position>
               </HpButton01>
               <HpButton02>
                  <Orientation type="Matrix">
                      -0.0614401700,  -0.5845651600,  -0.8090168800,
                       0.0845652520,   0.8045851600,  -0.5877851800,
                       0.9945218000,  -0.1045284400,  119.20929e-09
                  </Orientation>
                  <Position type="Vector">-6.15, 0.6, 6.3</Position>
               </HpButton02>
               <HpCloak01>
                  <Orientation type="Matrix">
                       1.0000000000,   0.0000000000,   0.0000000000,
                       0.0000000000,   1.0000000000,   0.0000000000,
                       0.0000000000,   0.0000000000,   1.0000000000
                  </Orientation>
                  <Position type="Vector">0, 0, 0</Position>
               </HpCloak01>
               <HpThruster01>
                  <Orientation type="Matrix">
                      -1.0000000000, -87.427907e-09,   0.0000000000,
                      87.427907e-09,  -1.0000000000,  -0.0000000000,
                       0.0000000000,   0.0000000000,   1.0000000000
                  </Orientation>
                  <Position type="Vector">8.2712812, -5.2925491, 28.820099</Position>
               </HpThruster01>
               <HpThruster02>
                  <Orientation type="Matrix">
                      -1.0000000000, -87.427907e-09,   0.0000000000,
                      87.427907e-09,  -1.0000000000,  -0.0000000000,
                       0.0000000000,   0.0000000000,   1.0000000000
                  </Orientation>
                  <Position type="Vector">-8.9896173, -5.2925491, 28.32865</Position>
               </HpThruster02>
               <Hpnew01>
                  <Orientation type="Matrix">
                       1.0000000000,   0.0000000000,   0.0000000000,
                       0.0000000000,   1.0000000000,   0.0000000000,
                       0.0000000000,   0.0000000000,   1.0000000000
                  </Orientation>
                  <Position type="Vector">0, 0, 0</Position>
               </Hpnew01>
               <Hpnew02>
                  <Orientation type="Matrix">
                       1.0000000000,   0.0000000000,   0.0000000000,
                       0.0000000000,   1.0000000000,   0.0000000000,
                       0.0000000000,   0.0000000000,   1.0000000000
                  </Orientation>
                  <Position type="Vector">0, 0, 0</Position>
               </Hpnew02>
               <Hpnew03>
                  <Orientation type="Matrix">
                       1.0000000000,   0.0000000000,   0.0000000000,
                       0.0000000000,   1.0000000000,   0.0000000000,
                       0.0000000000,   0.0000000000,   1.0000000000
                  </Orientation>
                  <Position type="Vector">0, 0, 0</Position>
               </Hpnew03>
            </Fixed>
            <Revolute>
               <HpWeapon01>
                  <Axis type="Vector">0, 1, 0</Axis>
                  <Max type="float">1.5707964</Max>
                  <Min type="float">-1.5707964</Min>
                  <Orientation type="Matrix">
                      -0.9659259300,   0.2588191000,   0.0000000000,
                      -0.2588191000,  -0.9659259300,   0.0000000000,
                       0.0000000000,  -0.0000000000,   1.0000000000
                  </Orientation>
                  <Position type="Vector">2.6245551, -5.1425228, -6.488863</Position>
               </HpWeapon01>
               <HpWeapon02>
                  <Axis type="Vector">0, 1, 0</Axis>
                  <Max type="float">1.5707964</Max>
                  <Min type="float">-1.5707964</Min>
                  <Orientation type="Matrix">
                      -0.9848076100,  -0.1736483900,  -0.0000000000,
                       0.1736483900,  -0.9848076100,   0.0000000000,
                       0.0000000000,  -0.0000000000,   1.0000000000
                  </Orientation>
                  <Position type="Vector">-2.618875, -5.1959982, -6.379458</Position>
               </HpWeapon02>
               <HpTurret01>
                  <Axis type="Vector">0, 1, 0</Axis>
                  <Max type="float">6.2657318</Max>
                  <Min type="float">-6.2657318</Min>
                  <Orientation type="Matrix">
                       0.6427875800,   0.7631294100,   0.0667651670,
                      -0.7660444400,   0.6403416400,   0.0560226220,
                       0.0000000000,  -0.0871557370,   0.9961947200
                  </Orientation>
                  <Position type="Vector">6.5, 1.3, 13</Position>
               </HpTurret01>
               <HpTurret02>
                  <Axis type="Vector">0, 1, 0</Axis>
                  <Max type="float">6.2657318</Max>
                  <Min type="float">-6.2657318</Min>
                  <Orientation type="Matrix">
                       0.7660445000,  -0.6403415200,  -0.0560226290,
                       0.6427875800,   0.7631294700,   0.0667651670,
                      1.8626451e-09,  -0.0871557370,   0.9961947200
                  </Orientation>
                  <Position type="Vector">-6.6250038, 1.355998, 13.029144</Position>
               </HpTurret02>
               <HpWeapon03>
                  <Axis type="Vector">0, 1, 0</Axis>
                  <Max type="float">5.2359877</Max>
                  <Min type="float">-5.2359877</Min>
                  <Orientation type="Matrix">
                      -0.9961947200,   0.0871558190,   0.0000000000,
                      -0.0871558190,  -0.9961947200,   0.0000000000,
                       0.0000000000,  -0.0000000000,   1.0000000000
                  </Orientation>
                  <Position type="Vector">1.3149019, -5.2549291, -7.7305398</Position>
               </HpWeapon03>
               <HpWeapon04>
                  <Axis type="Vector">0, 1, 0</Axis>
                  <Max type="float">5.2359877</Max>
                  <Min type="float">-5.2359877</Min>
                  <Orientation type="Matrix">
                      -0.9961947200,  -0.0871559680,  -0.0000000000,
                       0.0871559680,  -0.9961947200,   0.0000000000,
                       0.0000000000,  -0.0000000000,   1.0000000000
                  </Orientation>
                  <Position type="Vector">-1.304864, -5.274261, -7.7444038</Position>
               </HpWeapon04>
               <HpTorpedo01>
                  <Axis type="Vector">0, 1, 0</Axis>
                  <Max type="float">0.52359879</Max>
                  <Min type="float">-0.52359879</Min>
                  <Orientation type="Matrix">
                       1.0000000000,   0.0000000000,   0.0000000000,
                       0.0000000000,   1.0000000000,   0.0000000000,
                       0.0000000000,   0.0000000000,   1.0000000000
                  </Orientation>
                  <Position type="Vector">1.938586, -5.2069221, -0.022717999</Position>
               </HpTorpedo01>
               <HpTorpedo02>
                  <Axis type="Vector">0, 1, 0</Axis>
                  <Max type="float">0.52359879</Max>
                  <Min type="float">-0.52359879</Min>
                  <Orientation type="Matrix">
                       1.0000000000,   0.0000000000,   0.0000000000,
                       0.0000000000,   1.0000000000,   0.0000000000,
                       0.0000000000,   0.0000000000,   1.0000000000
                  </Orientation>
                  <Position type="Vector">-1.981316, -5.2115679, 0.041714001</Position>
               </HpTorpedo02>
               <HpWeapon05>
                  <Axis type="Vector">0, 1, 0</Axis>
                  <Max type="float">0.78539819</Max>
                  <Min type="float">-0.78539819</Min>
                  <Orientation type="Matrix">
                      -0.9986295700,   0.0523361380,   0.0000000000,
                      -0.0523361380,  -0.9986295700,   0.0000000000,
                       0.0000000000,   0.0000000000,   1.0000000000
                  </Orientation>
                  <Position type="Vector">-12.962466, -7.2514849, 7.7148161</Position>
               </HpWeapon05>
               <HpWeapon06>
                  <Axis type="Vector">0, 1, 0</Axis>
                  <Max type="float">0.78539819</Max>
                  <Min type="float">-0.78539819</Min>
                  <Orientation type="Matrix">
                      -1.0000000000, -87.427907e-09,   0.0000000000,
                      87.427907e-09,  -1.0000000000,  -0.0000000000,
                       0.0000000000,   0.0000000000,   1.0000000000
                  </Orientation>
                  <Position type="Vector">13.019791, -7.4465199, 7.0516329</Position>
               </HpWeapon06>
            </Revolute>
         </Hardpoints>
         <MultiLevel>
            <Level0>
               <VMeshPart>
                  <VMeshRef type="VMeshRef">
                     <!-- header size  --> 60,
                     <!-- vmesh lib    --> teltak.lod0.vms,
                     <!-- start vert   --> 0,
                     <!-- num verts    --> 1617,
                     <!-- start index  --> 0,
                     <!-- num indices  --> 6354,
                     <!-- start mesh   --> 0,
                     <!-- num meshes   --> 1,
                     <!-- bounding box -->  15.001238,     7.1182933,   32.476833,
                                           -15.095001,    -7.6143222,  -12.363263,
                     <!-- center       -->  -0.046881676, -0.24801445,  10.056786,
                     <!-- radius       --> 45.767445
                  </VMeshRef>
               </VMeshPart>
            </Level0>
         </MultiLevel>
      </teltak.3db>
   </UTF_ROOT>
</UTFXML>
