<?xml version="1.0" encoding="ISO-8859-1"?>
<!-- XML generated by UTFXML Version 2.2 built 19-Aug-2010 -->
<UTFXML filename="ph_cruiser.cmp" path="SHIPS\new\private\phantoms">
   <UTF_ROOT>
      <VMeshLibrary>
         <phc_scimitar01.lod0.vms include="ph_cruiser_cmp\lod0.vms.xml"/>
      </VMeshLibrary>
      <Cmpnd>
         <Root>
            <File_name name="File name" type="text">phc_scimitar01.3db</File_name>
            <Index type="int">0</Index>
            <Object_name name="Object name" type="text">Root</Object_name>
         </Root>
      </Cmpnd>
      <phc_scimitar01.3db>
         <Hardpoints>
            <Fixed>
               <HpMount>
                  <Orientation type="Matrix">
                       1.0000000000,   0.0000000000,   0.0000000000,
                       0.0000000000,   1.0000000000,   0.0000000000,
                       0.0000000000,   0.0000000000,   1.0000000000
                  </Orientation>
                  <Position type="Vector">0, -57, -76</Position>
               </HpMount>
               <HpEngine01>
                  <Orientation type="Matrix">
                       1.0000000000,   0.0000000000,   0.0000000000,
                       0.0000000000,   1.0000000000,   0.0000000000,
                       0.0000000000,   0.0000000000,   1.0000000000
                  </Orientation>
                  <Position type="Vector">35.397003, 9.8324995, 90.459</Position>
               </HpEngine01>
               <HpEngine02>
                  <Orientation type="Matrix">
                       1.0000000000,   0.0000000000,   0.0000000000,
                       0.0000000000,   1.0000000000,   0.0000000000,
                       0.0000000000,   0.0000000000,   1.0000000000
                  </Orientation>
                  <Position type="Vector">-35.397003, 9.8324995, 90.459</Position>
               </HpEngine02>
               <HpShield01>
                  <Orientation type="Matrix">
                       1.0000000000,   0.0000000000,   0.0000000000,
                       0.0000000000,   1.0000000000,   0.0000000000,
                       0.0000000000,   0.0000000000,   1.0000000000
                  </Orientation>
                  <Position type="Vector">0, 0, 0</Position>
               </HpShield01>
               <HpCM01>
                  <Orientation type="Matrix">
                      -0.9998476500,  -0.0174525450,  -0.0000000000,
                       0.0174525450,  -0.9998476500,   0.0000000000,
                       0.0000000000,  -0.0000000000,   1.0000000000
                  </Orientation>
                  <Position type="Vector">0, -12.1923, 59.650501</Position>
               </HpCM01>
               <HpThruster01>
                  <Orientation type="Matrix">
                       1.0000000000,   0.0000000000,   0.0000000000,
                       0.0000000000,   1.0000000000,   0.0000000000,
                       0.0000000000,   0.0000000000,   1.0000000000
                  </Orientation>
                  <Position type="Vector">0.0418019, 1.4599638, 64.549332</Position>
               </HpThruster01>
               <HpCloak01>
                  <Orientation type="Matrix">
                       1.0000000000,   0.0000000000,   0.0000000000,
                       0.0000000000,   1.0000000000,   0.0000000000,
                       0.0000000000,   0.0000000000,   1.0000000000
                  </Orientation>
                  <Position type="Vector">0, 0, 0</Position>
               </HpCloak01>
               <HpTractor_Source>
                  <Orientation type="Matrix">
                       1.0000000000,   0.0000000000,   0.0000000000,
                       0.0000000000,   1.0000000000,   0.0000000000,
                       0.0000000000,   0.0000000000,   1.0000000000
                  </Orientation>
                  <Position type="Vector">0.145768, -10.046638, -97.718597</Position>
               </HpTractor_Source>
               <HpRunningLight01>
                  <Orientation type="Matrix">
                       1.0000000000,   0.0000000000,   0.0000000000,
                       0.0000000000,   1.0000000000,   0.0000000000,
                       0.0000000000,   0.0000000000,   1.0000000000
                  </Orientation>
                  <Position type="Vector">-51.635658, -12.913044, -50.296959</Position>
               </HpRunningLight01>
               <HpRunningLight02>
                  <Orientation type="Matrix">
                       1.0000000000,   0.0000000000,   0.0000000000,
                       0.0000000000,   1.0000000000,   0.0000000000,
                       0.0000000000,   0.0000000000,   1.0000000000
                  </Orientation>
                  <Position type="Vector">51.649017, -12.940233, -50.231003</Position>
               </HpRunningLight02>
               <HpShield02>
                  <Orientation type="Matrix">
                       1.0000000000,   0.0000000000,   0.0000000000,
                       0.0000000000,   1.0000000000,   0.0000000000,
                       0.0000000000,   0.0000000000,   1.0000000000
                  </Orientation>
                  <Position type="Vector">0, 0, 0</Position>
               </HpShield02>
               <HpShield03>
                  <Orientation type="Matrix">
                       1.0000000000,   0.0000000000,   0.0000000000,
                       0.0000000000,   1.0000000000,   0.0000000000,
                       0.0000000000,   0.0000000000,   1.0000000000
                  </Orientation>
                  <Position type="Vector">0, 0, 0</Position>
               </HpShield03>
               <Hpnew01>
                  <Orientation type="Matrix">
                       1.0000000000,   0.0000000000,   0.0000000000,
                       0.0000000000,   1.0000000000,   0.0000000000,
                       0.0000000000,   0.0000000000,   1.0000000000
                  </Orientation>
                  <Position type="Vector">0, 0, 0</Position>
               </Hpnew01>
               <Hpnew02>
                  <Orientation type="Matrix">
                       1.0000000000,   0.0000000000,   0.0000000000,
                       0.0000000000,   1.0000000000,   0.0000000000,
                       0.0000000000,   0.0000000000,   1.0000000000
                  </Orientation>
                  <Position type="Vector">0, 0, 0</Position>
               </Hpnew02>
               <Hpnew03>
                  <Orientation type="Matrix">
                       1.0000000000,   0.0000000000,   0.0000000000,
                       0.0000000000,   1.0000000000,   0.0000000000,
                       0.0000000000,   0.0000000000,   1.0000000000
                  </Orientation>
                  <Position type="Vector">0, 0, 0</Position>
               </Hpnew03>
               <HpFX01>
                  <Orientation type="Matrix">
                       1.0000000000,   0.0000000000,   0.0000000000,
                       0.0000000000,   1.0000000000,   0.0000000000,
                       0.0000000000,   0.0000000000,   1.0000000000
                  </Orientation>
                  <Position type="Vector">0, 0, 0</Position>
               </HpFX01>
               <HpFX02>
                  <Orientation type="Matrix">
                      59.604645e-09,   0.9999998800,   0.0000000000,
                      -0.9999998800,  59.604645e-09,   0.0000000000,
                       0.0000000000,   0.0000000000,   1.0000000000
                  </Orientation>
                  <Position type="Vector">0, 0, 0</Position>
               </HpFX02>
               <HpFX03>
                  <Orientation type="Matrix">
                       1.0000000000,   0.0000000000,   0.0000000000,
                       0.0000000000,  59.604645e-09,   0.9999998800,
                       0.0000000000,  -0.9999998800,  59.604645e-09
                  </Orientation>
                  <Position type="Vector">0, 0, 0</Position>
               </HpFX03>
               <HpFX04>
                  <Orientation type="Matrix">
                       1.0000000000,   0.0000000000,   0.0000000000,
                       0.0000000000,   1.0000000000,   0.0000000000,
                       0.0000000000,   0.0000000000,   1.0000000000
                  </Orientation>
                  <Position type="Vector">0, 0, 0</Position>
               </HpFX04>
               <HpFX05>
                  <Orientation type="Matrix">
                       1.0000000000,   0.0000000000,   0.0000000000,
                       0.0000000000,   1.0000000000,   0.0000000000,
                       0.0000000000,   0.0000000000,   1.0000000000
                  </Orientation>
                  <Position type="Vector">0, 0, 0</Position>
               </HpFX05>
               <HpFX06>
                  <Orientation type="Matrix">
                       1.0000000000,   0.0000000000,   0.0000000000,
                       0.0000000000,   1.0000000000,   0.0000000000,
                       0.0000000000,   0.0000000000,   1.0000000000
                  </Orientation>
                  <Position type="Vector">0, 0, 0</Position>
               </HpFX06>
               <HpFX07>
                  <Orientation type="Matrix">
                       1.0000000000,   0.0000000000,   0.0000000000,
                       0.0000000000,   1.0000000000,   0.0000000000,
                       0.0000000000,   0.0000000000,   1.0000000000
                  </Orientation>
                  <Position type="Vector">0, 0, 0</Position>
               </HpFX07>
               <HpBayDoor01>
                  <Orientation type="Matrix">
                       1.0000000000,   0.0000000000,   0.0000000000,
                       0.0000000000,   1.0000000000,   0.0000000000,
                       0.0000000000,   0.0000000000,   1.0000000000
                  </Orientation>
                  <Position type="Vector">0, -60, 0</Position>
               </HpBayDoor01>
               <HpBayDoor02>
                  <Orientation type="Matrix">
                       1.0000000000,   0.0000000000,   0.0000000000,
                       0.0000000000,   1.0000000000,   0.0000000000,
                       0.0000000000,   0.0000000000,   1.0000000000
                  </Orientation>
                  <Position type="Vector">0, -75, 0</Position>
               </HpBayDoor02>
            </Fixed>
            <Revolute>
               <HpTorpedo01>
                  <Axis type="Vector">0, 1, 0</Axis>
                  <Max type="float">0.78539819</Max>
                  <Min type="float">-0.78539819</Min>
                  <Orientation type="Matrix">
                      -1.0000000000, -87.422777e-09,   0.0000000000,
                      87.422777e-09,  -1.0000000000,  -0.0000000000,
                       0.0000000000,   0.0000000000,   1.0000000000
                  </Orientation>
                  <Position type="Vector">0.030293601, -15.364004, -95.808029</Position>
               </HpTorpedo01>
               <HpTurret01>
                  <Axis type="Vector">0, 1, 0</Axis>
                  <Max type="float">3.1415927</Max>
                  <Min type="float">-3.1415927</Min>
                  <Orientation type="Matrix">
                       1.0000000000,   0.0000000000,   0.0000000000,
                       0.0000000000,   1.0000000000,   0.0000000000,
                       0.0000000000,   0.0000000000,   1.0000000000
                  </Orientation>
                  <Position type="Vector">-42.448395, 27.862343, 8.7447844</Position>
               </HpTurret01>
               <HpTurret02>
                  <Axis type="Vector">0, 1, 0</Axis>
                  <Max type="float">3.1415927</Max>
                  <Min type="float">-3.1415927</Min>
                  <Orientation type="Matrix">
                       1.0000000000,   0.0000000000,   0.0000000000,
                       0.0000000000,   1.0000000000,   0.0000000000,
                       0.0000000000,   0.0000000000,   1.0000000000
                  </Orientation>
                  <Position type="Vector">42.422871, 27.856773, 8.7922058</Position>
               </HpTurret02>
               <HpTurret03>
                  <Axis type="Vector">0, 1, 0</Axis>
                  <Max type="float">1.6580628</Max>
                  <Min type="float">-1.6580628</Min>
                  <Orientation type="Matrix">
                      52.154064e-09,  -0.5735763300,   0.8191519400,
                     -59.604645e-09,   0.8191521200,   0.5735763300,
                      -0.9999998200, -29.802322e-09,  59.604645e-09
                  </Orientation>
                  <Position type="Vector">-155.98335, -81.012062, -54.115875</Position>
               </HpTurret03>
               <HpTurret04>
                  <Axis type="Vector">0, 1, 0</Axis>
                  <Max type="float">1.6580628</Max>
                  <Min type="float">-1.6580628</Min>
                  <Orientation type="Matrix">
                      52.154064e-09,   0.5735763300,  -0.8191519400,
                      59.604645e-09,   0.8191521200,   0.5735763300,
                       0.9999998200, -29.802322e-09,  59.604645e-09
                  </Orientation>
                  <Position type="Vector">156.11621, -81.112511, -53.925018</Position>
               </HpTurret04>
               <HpTurret05>
                  <Axis type="Vector">0, 1, 0</Axis>
                  <Max type="float">1.6580628</Max>
                  <Min type="float">-1.6580628</Min>
                  <Orientation type="Matrix">
                      178.81393e-09,   0.6018150400,   0.7986354200,
                      59.604645e-09,  -0.7986353000,   0.6018150400,
                       1.0000000000,   0.0000000000, -14.901161e-09
                  </Orientation>
                  <Position type="Vector">-159.21262, -85.550552, -32.000797</Position>
               </HpTurret05>
               <HpTurret06>
                  <Axis type="Vector">0, 1, 0</Axis>
                  <Max type="float">1.6580628</Max>
                  <Min type="float">-1.6580628</Min>
                  <Orientation type="Matrix">
                      178.81393e-09,  -0.6018150400,  -0.7986354200,
                     -59.604645e-09,  -0.7986353000,   0.6018150400,
                      -1.0000000000,   0.0000000000, -14.901161e-09
                  </Orientation>
                  <Position type="Vector">159.45029, -85.715446, -32.739857</Position>
               </HpTurret06>
               <HpTurret07>
                  <Axis type="Vector">0, 1, 0</Axis>
                  <Max type="float">1.6580628</Max>
                  <Min type="float">-1.6580628</Min>
                  <Orientation type="Matrix">
                      52.154064e-09,  -0.5735763300,   0.8191519400,
                     -59.604645e-09,   0.8191521200,   0.5735763300,
                      -0.9999998200, -29.802322e-09,  59.604645e-09
                  </Orientation>
                  <Position type="Vector">-130.78383, -61.629509, -41.181366</Position>
               </HpTurret07>
               <HpTurret08>
                  <Axis type="Vector">0, 1, 0</Axis>
                  <Max type="float">1.6580628</Max>
                  <Min type="float">-1.6580628</Min>
                  <Orientation type="Matrix">
                      52.154064e-09,   0.5735763300,  -0.8191519400,
                      59.604645e-09,   0.8191521200,   0.5735763300,
                       0.9999998200, -29.802322e-09,  59.604645e-09
                  </Orientation>
                  <Position type="Vector">130.75757, -61.61256, -41.064945</Position>
               </HpTurret08>
               <HpTurret09>
                  <Axis type="Vector">0, 1, 0</Axis>
                  <Max type="float">1.6580628</Max>
                  <Min type="float">-1.6580628</Min>
                  <Orientation type="Matrix">
                      52.154064e-09,  -0.5735763300,   0.8191519400,
                     -59.604645e-09,   0.8191521200,   0.5735763300,
                      -0.9999998200, -29.802322e-09,  59.604645e-09
                  </Orientation>
                  <Position type="Vector">-118.60101, -53.435089, -32.113419</Position>
               </HpTurret09>
               <HpTurret10>
                  <Axis type="Vector">0, 1, 0</Axis>
                  <Max type="float">1.6580628</Max>
                  <Min type="float">-1.6580628</Min>
                  <Orientation type="Matrix">
                      52.154064e-09,   0.5735763300,  -0.8191519400,
                      59.604645e-09,   0.8191521200,   0.5735763300,
                       0.9999998200, -29.802322e-09,  59.604645e-09
                  </Orientation>
                  <Position type="Vector">118.51136, -53.377232, -32.13028</Position>
               </HpTurret10>
               <HpTurret11>
                  <Axis type="Vector">0, 1, 0</Axis>
                  <Max type="float">1.6580628</Max>
                  <Min type="float">-1.6580628</Min>
                  <Orientation type="Matrix">
                      52.154064e-09,  -0.5735763300,   0.8191519400,
                     -59.604645e-09,   0.8191521200,   0.5735763300,
                      -0.9999998200, -29.802322e-09,  59.604645e-09
                  </Orientation>
                  <Position type="Vector">-98.790367, -40.754219, -21.744137</Position>
               </HpTurret11>
               <HpTurret12>
                  <Axis type="Vector">0, 1, 0</Axis>
                  <Max type="float">1.6580628</Max>
                  <Min type="float">-1.6580628</Min>
                  <Orientation type="Matrix">
                      52.154064e-09,   0.5735763300,  -0.8191519400,
                      59.604645e-09,   0.8191521200,   0.5735763300,
                       0.9999998200, -29.802322e-09,  59.604645e-09
                  </Orientation>
                  <Position type="Vector">98.900093, -40.824387, -21.725376</Position>
               </HpTurret12>
               <HpTurret13>
                  <Axis type="Vector">0, 1, 0</Axis>
                  <Max type="float">1.5707964</Max>
                  <Min type="float">-1.6580628</Min>
                  <Orientation type="Matrix">
                      52.154064e-09,  -0.5735763300,   0.8191519400,
                     -59.604645e-09,   0.8191521200,   0.5735763300,
                      -0.9999998200, -29.802322e-09,  59.604645e-09
                  </Orientation>
                  <Position type="Vector">-78.210144, -27.966795, -15.485974</Position>
               </HpTurret13>
               <HpTurret14>
                  <Axis type="Vector">0, 1, 0</Axis>
                  <Max type="float">1.6580628</Max>
                  <Min type="float">-1.5707964</Min>
                  <Orientation type="Matrix">
                      52.154064e-09,   0.5735763300,  -0.8191519400,
                      59.604645e-09,   0.8191521200,   0.5735763300,
                       0.9999998200, -29.802322e-09,  59.604645e-09
                  </Orientation>
                  <Position type="Vector">78.180023, -27.953526, -15.271096</Position>
               </HpTurret14>
               <HpTurret15>
                  <Axis type="Vector">0, 1, 0</Axis>
                  <Max type="float">1.5707964</Max>
                  <Min type="float">-1.5707964</Min>
                  <Orientation type="Matrix">
                      178.81393e-09,   0.5735764500,   0.8191518800,
                      29.802322e-09,  -0.8191518200,   0.5735763900,
                       0.9999998800,   0.0000000000,  14.901161e-09
                  </Orientation>
                  <Position type="Vector">-58.5042, -42.131939, -10.754395</Position>
               </HpTurret15>
               <HpTurret16>
                  <Axis type="Vector">0, 1, 0</Axis>
                  <Max type="float">1.5707964</Max>
                  <Min type="float">-1.5707964</Min>
                  <Orientation type="Matrix">
                      178.81393e-09,  -0.5735764500,  -0.8191518800,
                     -29.802322e-09,  -0.8191518200,   0.5735763900,
                      -0.9999998800,   0.0000000000,  14.901161e-09
                  </Orientation>
                  <Position type="Vector">58.854382, -42.366646, -11.251921</Position>
               </HpTurret16>
               <HpTurret17>
                  <Axis type="Vector">0, 1, 0</Axis>
                  <Max type="float">1.6580628</Max>
                  <Min type="float">-1.5707964</Min>
                  <Orientation type="Matrix">
                      178.81393e-09,   0.5735764500,   0.8191518800,
                      29.802322e-09,  -0.8191518200,   0.5735763900,
                       0.9999998800,   0.0000000000,  14.901161e-09
                  </Orientation>
                  <Position type="Vector">-147.63763, -77.431419, -14.94459</Position>
               </HpTurret17>
               <HpTurret18>
                  <Axis type="Vector">0, 1, 0</Axis>
                  <Max type="float">1.5707964</Max>
                  <Min type="float">-1.6580628</Min>
                  <Orientation type="Matrix">
                      178.81393e-09,  -0.5735764500,  -0.8191518800,
                     -29.802322e-09,  -0.8191518200,   0.5735763900,
                      -0.9999998800,   0.0000000000,  14.901161e-09
                  </Orientation>
                  <Position type="Vector">147.63763, -77.431419, -14.94459</Position>
               </HpTurret18>
               <HpTurret19>
                  <Axis type="Vector">0, 1, 0</Axis>
                  <Max type="float">1.7278759</Max>
                  <Min type="float">-1.7278759</Min>
                  <Orientation type="Matrix">
                      44.703484e-09,  -0.5446389900,   0.8386704900,
                     -59.604645e-09,   0.8386706100,   0.5446389900,
                      -0.9999998800,   0.0000000000,  59.604645e-09
                  </Orientation>
                  <Position type="Vector">-154.24205, -79.861656, -18.899855</Position>
               </HpTurret19>
               <HpTurret20>
                  <Axis type="Vector">0, 1, 0</Axis>
                  <Max type="float">1.7278759</Max>
                  <Min type="float">-1.7278759</Min>
                  <Orientation type="Matrix">
                      44.703484e-09,   0.5446389900,  -0.8386704900,
                      59.604645e-09,   0.8386706100,   0.5446389900,
                       0.9999998800,   0.0000000000,  59.604645e-09
                  </Orientation>
                  <Position type="Vector">154.27585, -79.881058, -19.069599</Position>
               </HpTurret20>
               <HpTurret21>
                  <Axis type="Vector">0, 1, 0</Axis>
                  <Max type="float">1.5707964</Max>
                  <Min type="float">-1.5707964</Min>
                  <Orientation type="Matrix">
                       1.0000000000,   0.0000000000,   0.0000000000,
                       0.0000000000,   0.9961947200,   0.0871557440,
                       0.0000000000,  -0.0871557440,   0.9961947200
                  </Orientation>
                  <Position type="Vector">0, 1.8583159, -40.393333</Position>
               </HpTurret21>
               <HpTurret22>
                  <Axis type="Vector">0, 1, 0</Axis>
                  <Max type="float">1.5707964</Max>
                  <Min type="float">-1.5707964</Min>
                  <Orientation type="Matrix">
                      -1.0000000000, -87.422777e-09,   0.0000000000,
                      87.422777e-09,  -1.0000000000,  -0.0000000000,
                       0.0000000000,   0.0000000000,   1.0000000000
                  </Orientation>
                  <Position type="Vector">0, -15.469216, -78.166382</Position>
               </HpTurret22>
               <HpTurret23>
                  <Axis type="Vector">0, 1, 0</Axis>
                  <Max type="float">1.5707964</Max>
                  <Min type="float">-1.5707964</Min>
                  <Orientation type="Matrix">
                      -0.8480480900,  -0.5299192700,  74.138711e-09,
                      -0.5299192700,   0.8480480900,  46.327013e-09,
                     -87.422777e-09,   0.0000000000,  -1.0000000000
                  </Orientation>
                  <Position type="Vector">-87.458321, -32.67086, 38.116299</Position>
               </HpTurret23>
               <HpTurret24>
                  <Axis type="Vector">0, 1, 0</Axis>
                  <Max type="float">1.5707964</Max>
                  <Min type="float">-1.5707964</Min>
                  <Orientation type="Matrix">
                      -0.8480480900,   0.5299192700,  74.138711e-09,
                       0.5299192700,   0.8480480900, -46.327013e-09,
                     -87.422777e-09,   0.0000000000,  -1.0000000000
                  </Orientation>
                  <Position type="Vector">88.011986, -33.017876, 38.403847</Position>
               </HpTurret24>
               <HpTurret25>
                  <Axis type="Vector">0, 1, 0</Axis>
                  <Max type="float">0.78539819</Max>
                  <Min type="float">-0.78539819</Min>
                  <Orientation type="Matrix">
                      44.703484e-09,  -0.5446389900,   0.8386704900,
                     -59.604645e-09,   0.8386706100,   0.5446389900,
                      -0.9999998800,   0.0000000000,  59.604645e-09
                  </Orientation>
                  <Position type="Vector">-61.256336, -18.812275, -12.608688</Position>
               </HpTurret25>
               <HpTurret26>
                  <Axis type="Vector">0, 1, 0</Axis>
                  <Max type="float">0.78539819</Max>
                  <Min type="float">-0.78539819</Min>
                  <Orientation type="Matrix">
                      44.703484e-09,   0.5446389900,  -0.8386704900,
                      59.604645e-09,   0.8386706100,   0.5446389900,
                       0.9999998800,   0.0000000000,  59.604645e-09
                  </Orientation>
                  <Position type="Vector">60.70332, -18.447086, -12.423434</Position>
               </HpTurret26>
               <HpTurret27>
                  <Axis type="Vector">0, 1, 0</Axis>
                  <Max type="float">0.78539819</Max>
                  <Min type="float">-0.78539819</Min>
                  <Orientation type="Matrix">
                      178.81393e-09,   0.6018150400,   0.7986354200,
                      59.604645e-09,  -0.7986353000,   0.6018150400,
                       1.0000000000,   0.0000000000, -14.901161e-09
                  </Orientation>
                  <Position type="Vector">-40.789017, -27.037067, 1.5713201</Position>
               </HpTurret27>
               <HpTurret28>
                  <Axis type="Vector">0, 1, 0</Axis>
                  <Max type="float">0.78539819</Max>
                  <Min type="float">-0.78539819</Min>
                  <Orientation type="Matrix">
                      178.81393e-09,  -0.6018150400,  -0.7986354200,
                     -59.604645e-09,  -0.7986353000,   0.6018150400,
                      -1.0000000000,   0.0000000000, -14.901161e-09
                  </Orientation>
                  <Position type="Vector">40.845573, -27.079142, 1.38665</Position>
               </HpTurret28>
            </Revolute>
         </Hardpoints>
         <MultiLevel>
            <Level0>
               <VMeshPart>
                  <VMeshRef type="VMeshRef">
                     <!-- header size  --> 60,
                     <!-- vmesh lib    --> phc_scimitar01.lod0.vms,
                     <!-- start vert   --> 0,
                     <!-- num verts    --> 1931,
                     <!-- start index  --> 0,
                     <!-- num indices  --> 4980,
                     <!-- start mesh   --> 0,
                     <!-- num meshes   --> 1,
                     <!-- bounding box -->  176.0929,       28.060204,  104.23495,
                                           -176.09279,     -96.520065, -104.23493,
                     <!-- center       -->   53.405762e-6, -34.229931,   11.444092e-6,
                     <!-- radius       --> 282.81442
                  </VMeshRef>
               </VMeshPart>
            </Level0>
         </MultiLevel>
      </phc_scimitar01.3db>
   </UTF_ROOT>
</UTFXML>
