<?xml version="1.0" encoding="ISO-8859-1"?>
<!-- XML generated by UTFXML Version 2.2 built 19-Aug-2010 -->
<UTFXML filename="ph_flagship.cmp" path="SHIPS\new\private\phantoms">
   <UTF_ROOT>
      <VMeshLibrary>
         <phbf_scimitar01.lod0.vms include="ph_flagship_cmp\lod0.vms.xml"/>
      </VMeshLibrary>
      <Cmpnd>
         <Root>
            <File_name name="File name" type="text">phbf_scimitar01.3db</File_name>
            <Index type="int">0</Index>
            <Object_name name="Object name" type="text">Root</Object_name>
         </Root>
      </Cmpnd>
      <phbf_scimitar01.3db>
         <Hardpoints>
            <Fixed>
               <HpMount>
                  <Orientation type="Matrix">
                       1.0000000000,   0.0000000000,   0.0000000000,
                       0.0000000000,   1.0000000000,   0.0000000000,
                       0.0000000000,   0.0000000000,   1.0000000000
                  </Orientation>
                  <Position type="Vector">0, -74.1, -98.8</Position>
               </HpMount>
               <HpEngine01>
                  <Orientation type="Matrix">
                       1.0000000000,   0.0000000000,   0.0000000000,
                       0.0000000000,   1.0000000000,   0.0000000000,
                       0.0000000000,   0.0000000000,   1.0000000000
                  </Orientation>
                  <Position type="Vector">46.016102, 12.782248, 117.59669</Position>
               </HpEngine01>
               <HpEngine02>
                  <Orientation type="Matrix">
                       1.0000000000,   0.0000000000,   0.0000000000,
                       0.0000000000,   1.0000000000,   0.0000000000,
                       0.0000000000,   0.0000000000,   1.0000000000
                  </Orientation>
                  <Position type="Vector">-46.016102, 12.782248, 117.59669</Position>
               </HpEngine02>
               <HpShield01>
                  <Orientation type="Matrix">
                       1.0000000000,   0.0000000000,   0.0000000000,
                       0.0000000000,   1.0000000000,   0.0000000000,
                       0.0000000000,   0.0000000000,   1.0000000000
                  </Orientation>
                  <Position type="Vector">0, 0, 0</Position>
               </HpShield01>
               <HpCM01>
                  <Orientation type="Matrix">
                      -0.9998476500,  -0.0174525450,  -0.0000000000,
                       0.0174525450,  -0.9998476500,   0.0000000000,
                       0.0000000000,  -0.0000000000,   1.0000000000
                  </Orientation>
                  <Position type="Vector">0, -15.849989, 77.545647</Position>
               </HpCM01>
               <HpThruster01>
                  <Orientation type="Matrix">
                       1.0000000000,   0.0000000000,   0.0000000000,
                       0.0000000000,   1.0000000000,   0.0000000000,
                       0.0000000000,   0.0000000000,   1.0000000000
                  </Orientation>
                  <Position type="Vector">0.054342467, 1.8979529, 83.914131</Position>
               </HpThruster01>
               <HpCloak01>
                  <Orientation type="Matrix">
                      59.604645e-09,   0.0000000000,  -0.9999998800,
                       0.0000000000,   1.0000000000,   0.0000000000,
                       0.9999998800,   0.0000000000,  59.604645e-09
                  </Orientation>
                  <Position type="Vector">0, -20, 0</Position>
               </HpCloak01>
               <HpTractor_Source>
                  <Orientation type="Matrix">
                       1.0000000000,   0.0000000000,   0.0000000000,
                       0.0000000000,   1.0000000000,   0.0000000000,
                       0.0000000000,   0.0000000000,   1.0000000000
                  </Orientation>
                  <Position type="Vector">0.18949839, -13.060628, -127.03417</Position>
               </HpTractor_Source>
               <HpRunningLight01>
                  <Orientation type="Matrix">
                       1.0000000000,   0.0000000000,   0.0000000000,
                       0.0000000000,   1.0000000000,   0.0000000000,
                       0.0000000000,   0.0000000000,   1.0000000000
                  </Orientation>
                  <Position type="Vector">-67.12635, -16.786957, -65.386047</Position>
               </HpRunningLight01>
               <HpRunningLight02>
                  <Orientation type="Matrix">
                       1.0000000000,   0.0000000000,   0.0000000000,
                       0.0000000000,   1.0000000000,   0.0000000000,
                       0.0000000000,   0.0000000000,   1.0000000000
                  </Orientation>
                  <Position type="Vector">67.143723, -16.822302, -65.300301</Position>
               </HpRunningLight02>
               <HpShield02>
                  <Orientation type="Matrix">
                       1.0000000000,   0.0000000000,   0.0000000000,
                       0.0000000000,   1.0000000000,   0.0000000000,
                       0.0000000000,   0.0000000000,   1.0000000000
                  </Orientation>
                  <Position type="Vector">0, 0, 0</Position>
               </HpShield02>
               <HpShield03>
                  <Orientation type="Matrix">
                       1.0000000000,   0.0000000000,   0.0000000000,
                       0.0000000000,   1.0000000000,   0.0000000000,
                       0.0000000000,   0.0000000000,   1.0000000000
                  </Orientation>
                  <Position type="Vector">0, 0, 0</Position>
               </HpShield03>
               <HpFX01>
                  <Orientation type="Matrix">
                       1.0000000000,   0.0000000000,   0.0000000000,
                       0.0000000000,   1.0000000000,   0.0000000000,
                       0.0000000000,   0.0000000000,   1.0000000000
                  </Orientation>
                  <Position type="Vector">0, 0, 0</Position>
               </HpFX01>
               <HpFX02>
                  <Orientation type="Matrix">
                      59.604645e-09,   0.9999998800,   0.0000000000,
                      -0.9999998800,  59.604645e-09,   0.0000000000,
                       0.0000000000,   0.0000000000,   1.0000000000
                  </Orientation>
                  <Position type="Vector">0, 0, 0</Position>
               </HpFX02>
               <HpFX03>
                  <Orientation type="Matrix">
                       1.0000000000,   0.0000000000,   0.0000000000,
                       0.0000000000,  59.604645e-09,   0.9999998800,
                       0.0000000000,  -0.9999998800,  59.604645e-09
                  </Orientation>
                  <Position type="Vector">0, 0, 0</Position>
               </HpFX03>
               <HpFX04>
                  <Orientation type="Matrix">
                       1.0000000000,   0.0000000000,   0.0000000000,
                       0.0000000000,   1.0000000000,   0.0000000000,
                       0.0000000000,   0.0000000000,   1.0000000000
                  </Orientation>
                  <Position type="Vector">0, 0, 0</Position>
               </HpFX04>
               <HpFX05>
                  <Orientation type="Matrix">
                       1.0000000000,   0.0000000000,   0.0000000000,
                       0.0000000000,   1.0000000000,   0.0000000000,
                       0.0000000000,   0.0000000000,   1.0000000000
                  </Orientation>
                  <Position type="Vector">0, 0, 0</Position>
               </HpFX05>
               <HpFX06>
                  <Orientation type="Matrix">
                       1.0000000000,   0.0000000000,   0.0000000000,
                       0.0000000000,   1.0000000000,   0.0000000000,
                       0.0000000000,   0.0000000000,   1.0000000000
                  </Orientation>
                  <Position type="Vector">0, 0, 0</Position>
               </HpFX06>
               <HpFX07>
                  <Orientation type="Matrix">
                       1.0000000000,   0.0000000000,   0.0000000000,
                       0.0000000000,   1.0000000000,   0.0000000000,
                       0.0000000000,   0.0000000000,   1.0000000000
                  </Orientation>
                  <Position type="Vector">0, 0, 0</Position>
               </HpFX07>
               <HpBayDoor01>
                  <Orientation type="Matrix">
                       1.0000000000,   0.0000000000,   0.0000000000,
                       0.0000000000,   1.0000000000,   0.0000000000,
                       0.0000000000,   0.0000000000,   1.0000000000
                  </Orientation>
                  <Position type="Vector">0, -80, 0</Position>
               </HpBayDoor01>
               <HpBayDoor02>
                  <Orientation type="Matrix">
                       1.0000000000,   0.0000000000,   0.0000000000,
                       0.0000000000,   1.0000000000,   0.0000000000,
                       0.0000000000,   0.0000000000,   1.0000000000
                  </Orientation>
                  <Position type="Vector">0, -95, 0</Position>
               </HpBayDoor02>
            </Fixed>
            <Revolute>
               <HpTurret01>
                  <Axis type="Vector">0, 1, 0</Axis>
                  <Max type="float">0.78539819</Max>
                  <Min type="float">-3.4906585</Min>
                  <Orientation type="Matrix">
                       0.4226182100,  -0.9063078200,  -0.0000000000,
                       0.9063078200,   0.4226182100,   0.0000000000,
                       0.0000000000,  -0.0000000000,   1.0000000000
                  </Orientation>
                  <Position type="Vector">-55.775486, 35.197193, 14.054972</Position>
               </HpTurret01>
               <HpTurret02>
                  <Axis type="Vector">0, 1, 0</Axis>
                  <Max type="float">3.4906585</Max>
                  <Min type="float">-0.78539819</Min>
                  <Orientation type="Matrix">
                       0.4226182100,   0.9063078200,   0.0000000000,
                      -0.9063078200,   0.4226182100,   0.0000000000,
                       0.0000000000,   0.0000000000,   1.0000000000
                  </Orientation>
                  <Position type="Vector">55.748974, 35.251015, 14.090845</Position>
               </HpTurret02>
               <HpTurret03>
                  <Axis type="Vector">0, 1, 0</Axis>
                  <Max type="float">3.4906585</Max>
                  <Min type="float">-0.78539819</Min>
                  <Orientation type="Matrix">
                      -0.6427874600,  -0.7660444400,  -0.0000000000,
                       0.7660444400,  -0.6427874600,   0.0000000000,
                       0.0000000000,  -0.0000000000,   1.0000000000
                  </Orientation>
                  <Position type="Vector">-82.036797, -57.055183, -3.0373366</Position>
               </HpTurret03>
               <HpTurret04>
                  <Axis type="Vector">0, 1, 0</Axis>
                  <Max type="float">0.78539819</Max>
                  <Min type="float">-3.4906585</Min>
                  <Orientation type="Matrix">
                      -0.6427874600,   0.7660444400,   0.0000000000,
                      -0.7660444400,  -0.6427874600,   0.0000000000,
                       0.0000000000,   0.0000000000,   1.0000000000
                  </Orientation>
                  <Position type="Vector">82.037544, -57.054558, -3.5822258</Position>
               </HpTurret04>
               <HpTurret05>
                  <Axis type="Vector">0, 1, 0</Axis>
                  <Max type="float">1.6231562</Max>
                  <Min type="float">-1.6231562</Min>
                  <Orientation type="Matrix">
                      111.75871e-09,  -0.5000000000,   0.8660252700,
                     -29.802322e-09,   0.8660254500,   0.5000000000,
                      -0.9999998200,   0.0000000000,  119.20929e-09
                  </Orientation>
                  <Position type="Vector">-128.77277, -53.201538, -26.168236</Position>
               </HpTurret05>
               <HpTurret06>
                  <Axis type="Vector">0, 1, 0</Axis>
                  <Max type="float">1.6231562</Max>
                  <Min type="float">-1.6231562</Min>
                  <Orientation type="Matrix">
                      111.75871e-09,   0.5000000000,  -0.8660252700,
                      29.802322e-09,   0.8660254500,   0.5000000000,
                       0.9999998200,   0.0000000000,  119.20929e-09
                  </Orientation>
                  <Position type="Vector">128.54942, -53.058537, -26.51766</Position>
               </HpTurret06>
               <HpTurret07>
                  <Axis type="Vector">0, 1, 0</Axis>
                  <Max type="float">2.0943952</Max>
                  <Min type="float">-2.0943952</Min>
                  <Orientation type="Matrix">
                      52.154064e-09,  -0.5735763300,   0.8191519400,
                     -59.604645e-09,   0.8191521200,   0.5735763300,
                      -0.9999998200, -29.802322e-09,  59.604645e-09
                  </Orientation>
                  <Position type="Vector">-198.59615, -102.82722, -119.40489</Position>
               </HpTurret07>
               <HpTurret08>
                  <Axis type="Vector">0, 1, 0</Axis>
                  <Max type="float">2.0943952</Max>
                  <Min type="float">-2.0943952</Min>
                  <Orientation type="Matrix">
                      52.154064e-09,   0.5735763300,  -0.8191519400,
                      59.604645e-09,   0.8191521200,   0.5735763300,
                       0.9999998200, -29.802322e-09,  59.604645e-09
                  </Orientation>
                  <Position type="Vector">198.5952, -102.82663, -118.90768</Position>
               </HpTurret08>
               <HpTurret09>
                  <Axis type="Vector">0, 1, 0</Axis>
                  <Max type="float">2.0943952</Max>
                  <Min type="float">-2.0943952</Min>
                  <Orientation type="Matrix">
                      52.154064e-09,  -0.5735763300,   0.8191519400,
                     -59.604645e-09,   0.8191521200,   0.5735763300,
                      -0.9999998200, -29.802322e-09,  59.604645e-09
                  </Orientation>
                  <Position type="Vector">-216.57622, -114.91486, -26.777004</Position>
               </HpTurret09>
               <HpTurret10>
                  <Axis type="Vector">0, 1, 0</Axis>
                  <Max type="float">2.0943952</Max>
                  <Min type="float">-2.0943952</Min>
                  <Orientation type="Matrix">
                      52.154064e-09,   0.5735763300,  -0.8191519400,
                      59.604645e-09,   0.8191521200,   0.5735763300,
                       0.9999998200, -29.802322e-09,  59.604645e-09
                  </Orientation>
                  <Position type="Vector">217.06229, -115.26962, -26.668715</Position>
               </HpTurret10>
               <HpTurret11>
                  <Axis type="Vector">0, 1, 0</Axis>
                  <Max type="float">1.5707964</Max>
                  <Min type="float">-1.5707964</Min>
                  <Orientation type="Matrix">
                      238.41858e-09,  -0.9999997600,  59.604645e-09,
                     -59.604645e-09,  178.81393e-09,  -0.9999997600,
                       0.9999997600,   0.0000000000,  178.81393e-09
                  </Orientation>
                  <Position type="Vector">-68.667458, -12.777477, 3.5980513</Position>
               </HpTurret11>
               <HpTurret12>
                  <Axis type="Vector">0, 1, 0</Axis>
                  <Max type="float">1.5707964</Max>
                  <Min type="float">-1.5707964</Min>
                  <Orientation type="Matrix">
                      238.41858e-09,   0.9999997600, -59.604645e-09,
                      59.604645e-09,  178.81393e-09,  -0.9999997600,
                      -0.9999997600,   0.0000000000,  178.81393e-09
                  </Orientation>
                  <Position type="Vector">68.698318, -12.9491, 3.7608464</Position>
               </HpTurret12>
               <HpTurret13>
                  <Axis type="Vector">0, 1, 0</Axis>
                  <Max type="float">1.6231562</Max>
                  <Min type="float">-1.6231562</Min>
                  <Orientation type="Matrix">
                      111.75871e-09,  -0.5000000000,   0.8660252700,
                     -29.802322e-09,   0.8660254500,   0.5000000000,
                      -0.9999998200,   0.0000000000,  119.20929e-09
                  </Orientation>
                  <Position type="Vector">-154.15132, -69.446213, -41.874912</Position>
               </HpTurret13>
               <HpTurret14>
                  <Axis type="Vector">0, 1, 0</Axis>
                  <Max type="float">1.6231562</Max>
                  <Min type="float">-1.6231562</Min>
                  <Orientation type="Matrix">
                     -7.4505806e-09,   0.4226182100,  -0.9063077000,
                      44.703484e-09,   0.9063078200,   0.4226182400,
                       0.9999998800,   0.0000000000,   0.0000000000
                  </Orientation>
                  <Position type="Vector">153.62373, -69.106094, -41.473297</Position>
               </HpTurret14>
               <HpTurret15>
                  <Axis type="Vector">0, 1, 0</Axis>
                  <Max type="float">1.0471976</Max>
                  <Min type="float">-3.1415927</Min>
                  <Orientation type="Matrix">
                      119.20929e-09,  -0.7071067100,  -0.7071066500,
                     -89.406967e-09,   0.7071068300,  -0.7071067100,
                       0.9999998200,  29.802322e-09,  119.20929e-09
                  </Orientation>
                  <Position type="Vector">-49.083454, 20.358612, 98.143005</Position>
               </HpTurret15>
               <HpTurret16>
                  <Axis type="Vector">0, 1, 0</Axis>
                  <Max type="float">3.1415927</Max>
                  <Min type="float">-1.0471976</Min>
                  <Orientation type="Matrix">
                      119.20929e-09,   0.7071067100,   0.7071066500,
                      89.406967e-09,   0.7071068300,  -0.7071067100,
                      -0.9999998200,  29.802322e-09,  119.20929e-09
                  </Orientation>
                  <Position type="Vector">48.572086, 20.865152, 97.8853</Position>
               </HpTurret16>
               <HpTurret17>
                  <Axis type="Vector">0, 1, 0</Axis>
                  <Max type="float">1.5707964</Max>
                  <Min type="float">-1.5707964</Min>
                  <Orientation type="Matrix">
                      178.81393e-09,   0.5735764500,   0.8191518800,
                      29.802322e-09,  -0.8191518200,   0.5735763900,
                       0.9999998800,   0.0000000000,  14.901161e-09
                  </Orientation>
                  <Position type="Vector">-75.128326, -54.139626, -3.2534666</Position>
               </HpTurret17>
               <HpTurret18>
                  <Axis type="Vector">0, 1, 0</Axis>
                  <Max type="float">1.5707964</Max>
                  <Min type="float">-1.5707964</Min>
                  <Orientation type="Matrix">
                      178.81393e-09,  -0.5735764500,  -0.8191518800,
                     -29.802322e-09,  -0.8191518200,   0.5735763900,
                      -0.9999998800,   0.0000000000,  14.901161e-09
                  </Orientation>
                  <Position type="Vector">75.513588, -54.402134, -4.2733045</Position>
               </HpTurret18>
               <HpTorpedo01>
                  <Axis type="Vector">0, 1, 0</Axis>
                  <Max type="float">0.78539819</Max>
                  <Min type="float">-0.78539819</Min>
                  <Orientation type="Matrix">
                      -1.0000000000, -87.422777e-09,   0.0000000000,
                      87.422777e-09,  -1.0000000000,  -0.0000000000,
                       0.0000000000,   0.0000000000,   1.0000000000
                  </Orientation>
                  <Position type="Vector">0.039381679, -19.973206, -124.55043</Position>
               </HpTorpedo01>
               <HpTurret19>
                  <Axis type="Vector">0, 1, 0</Axis>
                  <Max type="float">1.5707964</Max>
                  <Min type="float">-1.5707964</Min>
                  <Orientation type="Matrix">
                      111.75871e-09,  -0.5000000000,   0.8660252700,
                     -29.802322e-09,   0.8660254500,   0.5000000000,
                      -0.9999998200,   0.0000000000,  119.20929e-09
                  </Orientation>
                  <Position type="Vector">-102.59388, -36.90881, -19.969849</Position>
               </HpTurret19>
               <HpTurret20>
                  <Axis type="Vector">0, 1, 0</Axis>
                  <Max type="float">1.5707964</Max>
                  <Min type="float">-1.5707964</Min>
                  <Orientation type="Matrix">
                      111.75871e-09,   0.5000000000,  -0.8660252700,
                      29.802322e-09,   0.8660254500,   0.5000000000,
                       0.9999998200,   0.0000000000,  119.20929e-09
                  </Orientation>
                  <Position type="Vector">102.17561, -36.657021, -20.003532</Position>
               </HpTurret20>
               <HpTurret21>
                  <Axis type="Vector">0, 1, 0</Axis>
                  <Max type="float">1.5707964</Max>
                  <Min type="float">-1.5707964</Min>
                  <Orientation type="Matrix">
                      111.75871e-09,  -0.5000000000,   0.8660252700,
                     -29.802322e-09,   0.8660254500,   0.5000000000,
                      -0.9999998200,   0.0000000000,  119.20929e-09
                  </Orientation>
                  <Position type="Vector">-115.65504, -45.704323, 17.988365</Position>
               </HpTurret21>
               <HpTurret22>
                  <Axis type="Vector">0, 1, 0</Axis>
                  <Max type="float">1.5707964</Max>
                  <Min type="float">-1.5707964</Min>
                  <Orientation type="Matrix">
                      111.75871e-09,   0.5000000000,  -0.8660252700,
                      29.802322e-09,   0.8660254500,   0.5000000000,
                       0.9999998200,   0.0000000000,  119.20929e-09
                  </Orientation>
                  <Position type="Vector">114.93488, -45.248974, 18.106567</Position>
               </HpTurret22>
               <HpTurret23>
                  <Axis type="Vector">0, 1, 0</Axis>
                  <Max type="float">0.78539819</Max>
                  <Min type="float">-0.78539819</Min>
                  <Orientation type="Matrix">
                      59.604645e-09,   0.6427875800,   0.7660443800,
                      29.802322e-09,  -0.7660442600,   0.6427875800,
                       0.9999998800,  29.802322e-09,  81.956387e-09
                  </Orientation>
                  <Position type="Vector">-75.800781, -54.285934, -19.037388</Position>
               </HpTurret23>
               <HpTurret24>
                  <Axis type="Vector">0, 1, 0</Axis>
                  <Max type="float">0.78539819</Max>
                  <Min type="float">-0.78539819</Min>
                  <Orientation type="Matrix">
                      59.604645e-09,  -0.6427875800,  -0.7660443800,
                     -29.802322e-09,  -0.7660442600,   0.6427875800,
                      -0.9999998800,  29.802322e-09,  81.956387e-09
                  </Orientation>
                  <Position type="Vector">75.900917, -54.359344, -18.964819</Position>
               </HpTurret24>
               <HpTurret25>
                  <Axis type="Vector">0, 1, 0</Axis>
                  <Max type="float">0.78539819</Max>
                  <Min type="float">-0.78539819</Min>
                  <Orientation type="Matrix">
                      111.75871e-09,   0.5000000000,   0.8660252700,
                      29.802322e-09,   0.8660254500,  -0.5000000000,
                      -0.9999998200,   0.0000000000,  119.20929e-09
                  </Orientation>
                  <Position type="Vector">-29.49254, 22.160133, 20.522255</Position>
               </HpTurret25>
               <HpTurret26>
                  <Axis type="Vector">0, 1, 0</Axis>
                  <Max type="float">0.78539819</Max>
                  <Min type="float">-0.78539819</Min>
                  <Orientation type="Matrix">
                      111.75871e-09,  -0.5000000000,  -0.8660252700,
                     -29.802322e-09,   0.8660254500,  -0.5000000000,
                       0.9999998200,   0.0000000000,  119.20929e-09
                  </Orientation>
                  <Position type="Vector">29.601692, 22.215858, 20.817116</Position>
               </HpTurret26>
               <HpTurret27>
                  <Axis type="Vector">0, 1, 0</Axis>
                  <Max type="float">0.78539819</Max>
                  <Min type="float">-0.78539819</Min>
                  <Orientation type="Matrix">
                       1.0000000000,   0.0000000000,   0.0000000000,
                       0.0000000000,   1.0000000000,   0.0000000000,
                       0.0000000000,   0.0000000000,   1.0000000000
                  </Orientation>
                  <Position type="Vector">-0.115754, 21.670477, 13.580209</Position>
               </HpTurret27>
               <HpTurret28>
                  <Axis type="Vector">0, 1, 0</Axis>
                  <Max type="float">0.78539819</Max>
                  <Min type="float">-0.78539819</Min>
                  <Orientation type="Matrix">
                      72.643161e-09,   0.3420200600,   0.9396925000,
                      29.802322e-09,   0.9396926200,  -0.3420200600,
                      -0.9999998800,   0.0000000000,  59.604645e-09
                  </Orientation>
                  <Position type="Vector">-50.880989, 35.089832, 17.68045</Position>
               </HpTurret28>
               <HpTurret29>
                  <Axis type="Vector">0, 1, 0</Axis>
                  <Max type="float">0.78539819</Max>
                  <Min type="float">-0.78539819</Min>
                  <Orientation type="Matrix">
                      72.643161e-09,  -0.3420200600,  -0.9396925000,
                     -29.802322e-09,   0.9396926200,  -0.3420200600,
                       0.9999998800,   0.0000000000,  59.604645e-09
                  </Orientation>
                  <Position type="Vector">50.914326, 35.099258, 17.659304</Position>
               </HpTurret29>
               <HpTurret30>
                  <Axis type="Vector">0, 1, 0</Axis>
                  <Max type="float">0.78539819</Max>
                  <Min type="float">-0.78539819</Min>
                  <Orientation type="Matrix">
                      238.41858e-09,  -0.9999997600, -59.604645e-09,
                     -59.604645e-09,  178.81393e-09,   0.9999997600,
                      -0.9999997600,   0.0000000000,  178.81393e-09
                  </Orientation>
                  <Position type="Vector">-22.032856, -26.297993, -100.76857</Position>
               </HpTurret30>
               <HpTurret31>
                  <Axis type="Vector">0, 1, 0</Axis>
                  <Max type="float">0.78539819</Max>
                  <Min type="float">-0.78539819</Min>
                  <Orientation type="Matrix">
                      238.41858e-09,   0.9999997600,  59.604645e-09,
                      59.604645e-09,  178.81393e-09,   0.9999997600,
                       0.9999997600,   0.0000000000,  178.81393e-09
                  </Orientation>
                  <Position type="Vector">22.032969, -26.385885, -100.39574</Position>
               </HpTurret31>
               <HpTurret32>
                  <Axis type="Vector">0, 1, 0</Axis>
                  <Max type="float">0.78539819</Max>
                  <Min type="float">-0.78539819</Min>
                  <Orientation type="Matrix">
                       1.0000000000, -87.422777e-09, -87.422777e-09,
                     -87.422777e-09,  -1.0000000000,  7.6427419e-15,
                     -87.422777e-09,   0.0000000000,  -1.0000000000
                  </Orientation>
                  <Position type="Vector">692.99998e-6, -15.974365, 77.577461</Position>
               </HpTurret32>
               <HpTurret33>
                  <Axis type="Vector">0, 1, 0</Axis>
                  <Max type="float">0.78539819</Max>
                  <Min type="float">-0.78539819</Min>
                  <Orientation type="Matrix">
                      29.802322e-09,   0.9902679900,   0.1391731800,
                      119.20929e-09,   0.1391731800,  -0.9902679900,
                      -1.0000000000,   0.0000000000, -119.20929e-09
                  </Orientation>
                  <Position type="Vector">69.144821, -13.785738, -25.610474</Position>
               </HpTurret33>
               <HpTurret34>
                  <Axis type="Vector">0, 1, 0</Axis>
                  <Max type="float">0.78539819</Max>
                  <Min type="float">-0.78539819</Min>
                  <Orientation type="Matrix">
                      29.802322e-09,  -0.9902679900,  -0.1391731800,
                     -119.20929e-09,   0.1391731800,  -0.9902679900,
                       1.0000000000,   0.0000000000, -119.20929e-09
                  </Orientation>
                  <Position type="Vector">-69.145081, -13.803256, -25.065115</Position>
               </HpTurret34>
            </Revolute>
         </Hardpoints>
         <MultiLevel>
            <Level0>
               <VMeshPart>
                  <VMeshRef type="VMeshRef">
                     <!-- header size  --> 60,
                     <!-- vmesh lib    --> phbf_scimitar01.lod0.vms,
                     <!-- start vert   --> 0,
                     <!-- num verts    --> 1931,
                     <!-- start index  --> 0,
                     <!-- num indices  --> 4980,
                     <!-- start mesh   --> 0,
                     <!-- num meshes   --> 1,
                     <!-- bounding box -->  228.92081,       36.47826,   135.5054,
                                           -228.92059,     -125.4761,   -135.5054,
                     <!-- center       -->   68.664551e-6,  -44.498909,   15.258791e-6,
                     <!-- radius       --> 282.65869
                  </VMeshRef>
               </VMeshPart>
            </Level0>
         </MultiLevel>
      </phbf_scimitar01.3db>
   </UTF_ROOT>
</UTFXML>
