<?xml version="1.0" encoding="ISO-8859-1"?>
<!-- XML generated by UTFXML Version 2.2 built 19-Aug-2010 -->
<UTFXML filename="COMMONDCKRNG01.cmp" path="SOLAR\XTS-new-dock">
   <UTF_ROOT>
      <VMeshLibrary>
         <COMMONDCKRNG01.lod0.vms include="COMMONDCKRNG01_cmp\lod0.vms.xml"/>
      </VMeshLibrary>
      <Cmpnd>
         <Root>
            <File_name name="File name" type="text">COMMONDCKRNG01.3db</File_name>
            <Index type="int">0</Index>
            <Object_name name="Object name" type="text">Root</Object_name>
         </Root>
      </Cmpnd>
      <COMMONDCKRNG01.3db>
         <Hardpoints>
            <Fixed>
               <HpDockCamA>
                  <Orientation type="Matrix">
                       0.9794202400,   0.1370587500,   0.1481582500,
                      -0.1071985100,   0.9752236600,  -0.1935129800,
                      -0.1710100800,   0.1736481800,   0.9698463100
                  </Orientation>
                  <Position type="Vector">335.83899, -34.681702, 704.73401</Position>
               </HpDockCamA>
               <HpDockMountA>
                  <Orientation type="Matrix">
                       1.0000000000,   0.0000000000,   0.0000000000,
                       0.0000000000,   1.0000000000,   0.0000000000,
                       0.0000000000,   0.0000000000,   1.0000000000
                  </Orientation>
                  <Position type="Vector">98.967796, -1.13326, 88.218697</Position>
               </HpDockMountA>
               <HpDockMountB>
                  <Orientation type="Matrix">
                       1.0000000000,   0.0000000000,   0.0000000000,
                       0.0000000000,   1.0000000000,   0.0000000000,
                       0.0000000000,   0.0000000000,   1.0000000000
                  </Orientation>
                  <Position type="Vector">-99.547203, -1.13326, 88.218697</Position>
               </HpDockMountB>
               <HpDockMountC>
                  <Orientation type="Matrix">
                       0.8191520000,   0.0000000000,  -0.5735764500,
                       0.0000000000,   1.0000000000,   0.0000000000,
                       0.5735764500,   0.0000000000,   0.8191520000
                  </Orientation>
                  <Position type="Vector">-171.231, -1.13327, 21.057301</Position>
               </HpDockMountC>
               <HpDockMountD>
                  <Orientation type="Matrix">
                       0.8191520000,   0.0000000000,   0.5735764500,
                      -0.0000000000,   1.0000000000,   0.0000000000,
                      -0.5735764500,  -0.0000000000,   0.8191520000
                  </Orientation>
                  <Position type="Vector">172.561, -1.13327, 21.057301</Position>
               </HpDockMountD>
               <HpLaunchCamA>
                  <Orientation type="Matrix">
                       0.9612616900,   0.0000000000,  -0.2756373600,
                       0.0000000000,   1.0000000000,   0.0000000000,
                       0.2756373600,   0.0000000000,   0.9612616900
                  </Orientation>
                  <Position type="Vector">-357.32401, 32.6394, 757.41797</Position>
               </HpLaunchCamA>
               <HpDockPointA01>
                  <Orientation type="Matrix">
                       1.0000000000,   0.0000000000,   0.0000000000,
                       0.0000000000,   1.0000000000,   0.0000000000,
                       0.0000000000,   0.0000000000,   1.0000000000
                  </Orientation>
                  <Position type="Vector">98.967796, -1.13326, 123.139</Position>
               </HpDockPointA01>
               <HpDockPointA02>
                  <Orientation type="Matrix">
                       1.0000000000,   0.0000000000,   0.0000000000,
                       0.0000000000,   1.0000000000,   0.0000000000,
                       0.0000000000,   0.0000000000,   1.0000000000
                  </Orientation>
                  <Position type="Vector">98.967796, -1.13328, 200.355</Position>
               </HpDockPointA02>
               <HpDockPointB01>
                  <Orientation type="Matrix">
                       1.0000000000,   0.0000000000,   0.0000000000,
                       0.0000000000,   1.0000000000,   0.0000000000,
                       0.0000000000,   0.0000000000,   1.0000000000
                  </Orientation>
                  <Position type="Vector">-99.547096, -1.13327, 123.139</Position>
               </HpDockPointB01>
               <HpDockPointB02>
                  <Orientation type="Matrix">
                       1.0000000000,   0.0000000000,   0.0000000000,
                       0.0000000000,   1.0000000000,   0.0000000000,
                       0.0000000000,   0.0000000000,   1.0000000000
                  </Orientation>
                  <Position type="Vector">-99.547096, -1.13328, 200.355</Position>
               </HpDockPointB02>
               <HpDockPointC01>
                  <Orientation type="Matrix">
                       0.8191520000,   0.0000000000,  -0.5735764500,
                       0.0000000000,   1.0000000000,   0.0000000000,
                       0.5735764500,   0.0000000000,   0.8191520000
                  </Orientation>
                  <Position type="Vector">-286.435, -1.13326, 185.58501</Position>
               </HpDockPointC01>
               <HpDockPointC02>
                  <Orientation type="Matrix">
                       0.8191520000,   0.0000000000,  -0.5735764500,
                       0.0000000000,   1.0000000000,   0.0000000000,
                       0.5735764500,   0.0000000000,   0.8191520000
                  </Orientation>
                  <Position type="Vector">-315.13199, -1.13326, 226.56799</Position>
               </HpDockPointC02>
               <HpDockPointD01>
                  <Orientation type="Matrix">
                       0.8191520000,   0.0000000000,   0.5735764500,
                      -0.0000000000,   1.0000000000,   0.0000000000,
                      -0.5735764500,  -0.0000000000,   0.8191520000
                  </Orientation>
                  <Position type="Vector">287.76501, -1.13326, 185.58501</Position>
               </HpDockPointD01>
               <HpDockPointD02>
                  <Orientation type="Matrix">
                       0.8191520000,   0.0000000000,   0.5735764500,
                      -0.0000000000,   1.0000000000,   0.0000000000,
                      -0.5735764500,  -0.0000000000,   0.8191520000
                  </Orientation>
                  <Position type="Vector">316.46201, -1.13326, 226.56799</Position>
               </HpDockPointD02>
               <HpTurret_S1_01>
                  <Orientation type="Matrix">
                       1.0000000000,   0.0000000000,   0.0000000000,
                       0.0000000000,   1.0000000000,   0.0000000000,
                       0.0000000000,   0.0000000000,   1.0000000000
                  </Orientation>
                  <Position type="Vector">265, 0, 0</Position>
               </HpTurret_S1_01>
               <HpTurret_S1_02>
                  <Orientation type="Matrix">
                       1.0000000000,   0.0000000000,   0.0000000000,
                       0.0000000000,   1.0000000000,   0.0000000000,
                       0.0000000000,   0.0000000000,   1.0000000000
                  </Orientation>
                  <Position type="Vector">-260, 0, 0</Position>
               </HpTurret_S1_02>
               <HpRunningLight01>
                  <Orientation type="Matrix">
                       1.0000000000,   0.0000000000,   0.0000000000,
                       0.0000000000,   1.0000000000,   0.0000000000,
                       0.0000000000,   0.0000000000,   1.0000000000
                  </Orientation>
                  <Position type="Vector">0, 0, 75</Position>
               </HpRunningLight01>
               <HpRunningLight02>
                  <Orientation type="Matrix">
                       1.0000000000,   0.0000000000,   0.0000000000,
                       0.0000000000,   1.0000000000,   0.0000000000,
                       0.0000000000,   0.0000000000,   1.0000000000
                  </Orientation>
                  <Position type="Vector">0, 0, 50</Position>
               </HpRunningLight02>
               <HpRunningLight03>
                  <Orientation type="Matrix">
                       1.0000000000,   0.0000000000,   0.0000000000,
                       0.0000000000,   1.0000000000,   0.0000000000,
                       0.0000000000,   0.0000000000,   1.0000000000
                  </Orientation>
                  <Position type="Vector">0, 0, 25</Position>
               </HpRunningLight03>
               <HpRunningLight04>
                  <Orientation type="Matrix">
                       1.0000000000,   0.0000000000,   0.0000000000,
                       0.0000000000,   1.0000000000,   0.0000000000,
                       0.0000000000,   0.0000000000,   1.0000000000
                  </Orientation>
                  <Position type="Vector">0, 0, 100</Position>
               </HpRunningLight04>
               <HpRunningLight05>
                  <Orientation type="Matrix">
                       1.0000000000,   0.0000000000,   0.0000000000,
                       0.0000000000,   1.0000000000,   0.0000000000,
                       0.0000000000,   0.0000000000,   1.0000000000
                  </Orientation>
                  <Position type="Vector">0, 0, 125</Position>
               </HpRunningLight05>
               <HpRunningLight06>
                  <Orientation type="Matrix">
                       1.0000000000,   0.0000000000,   0.0000000000,
                       0.0000000000,   1.0000000000,   0.0000000000,
                       0.0000000000,   0.0000000000,   1.0000000000
                  </Orientation>
                  <Position type="Vector">0, 0, 150</Position>
               </HpRunningLight06>
               <HpRunningLight07>
                  <Orientation type="Matrix">
                       1.0000000000,   0.0000000000,   0.0000000000,
                       0.0000000000,   1.0000000000,   0.0000000000,
                       0.0000000000,   0.0000000000,   1.0000000000
                  </Orientation>
                  <Position type="Vector">200, 0, 25</Position>
               </HpRunningLight07>
               <HpRunningLight08>
                  <Orientation type="Matrix">
                       1.0000000000,   0.0000000000,   0.0000000000,
                       0.0000000000,   1.0000000000,   0.0000000000,
                       0.0000000000,   0.0000000000,   1.0000000000
                  </Orientation>
                  <Position type="Vector">200, 0, 50</Position>
               </HpRunningLight08>
               <HpRunningLight09>
                  <Orientation type="Matrix">
                       1.0000000000,   0.0000000000,   0.0000000000,
                       0.0000000000,   1.0000000000,   0.0000000000,
                       0.0000000000,   0.0000000000,   1.0000000000
                  </Orientation>
                  <Position type="Vector">200, 0, 75</Position>
               </HpRunningLight09>
               <HpRunningLight10>
                  <Orientation type="Matrix">
                       1.0000000000,   0.0000000000,   0.0000000000,
                       0.0000000000,   1.0000000000,   0.0000000000,
                       0.0000000000,   0.0000000000,   1.0000000000
                  </Orientation>
                  <Position type="Vector">200, 0, 100</Position>
               </HpRunningLight10>
               <HpRunningLight11>
                  <Orientation type="Matrix">
                       1.0000000000,   0.0000000000,   0.0000000000,
                       0.0000000000,   1.0000000000,   0.0000000000,
                       0.0000000000,   0.0000000000,   1.0000000000
                  </Orientation>
                  <Position type="Vector">200, 0, 125</Position>
               </HpRunningLight11>
               <HpRunningLight12>
                  <Orientation type="Matrix">
                       1.0000000000,   0.0000000000,   0.0000000000,
                       0.0000000000,   1.0000000000,   0.0000000000,
                       0.0000000000,   0.0000000000,   1.0000000000
                  </Orientation>
                  <Position type="Vector">200, 0, 150</Position>
               </HpRunningLight12>
               <HpRunningLight13>
                  <Orientation type="Matrix">
                       1.0000000000,   0.0000000000,   0.0000000000,
                       0.0000000000,   1.0000000000,   0.0000000000,
                       0.0000000000,   0.0000000000,   1.0000000000
                  </Orientation>
                  <Position type="Vector">-200, 0, 25</Position>
               </HpRunningLight13>
               <HpRunningLight14>
                  <Orientation type="Matrix">
                       1.0000000000,   0.0000000000,   0.0000000000,
                       0.0000000000,   1.0000000000,   0.0000000000,
                       0.0000000000,   0.0000000000,   1.0000000000
                  </Orientation>
                  <Position type="Vector">-200, 0, 50</Position>
               </HpRunningLight14>
               <HpRunningLight15>
                  <Orientation type="Matrix">
                       1.0000000000,   0.0000000000,   0.0000000000,
                       0.0000000000,   1.0000000000,   0.0000000000,
                       0.0000000000,   0.0000000000,   1.0000000000
                  </Orientation>
                  <Position type="Vector">-200, 0, 75</Position>
               </HpRunningLight15>
               <HpRunningLight16>
                  <Orientation type="Matrix">
                       1.0000000000,   0.0000000000,   0.0000000000,
                       0.0000000000,   1.0000000000,   0.0000000000,
                       0.0000000000,   0.0000000000,   1.0000000000
                  </Orientation>
                  <Position type="Vector">-200, 0, 100</Position>
               </HpRunningLight16>
               <HpRunningLight17>
                  <Orientation type="Matrix">
                       1.0000000000,   0.0000000000,   0.0000000000,
                       0.0000000000,   1.0000000000,   0.0000000000,
                       0.0000000000,   0.0000000000,   1.0000000000
                  </Orientation>
                  <Position type="Vector">-200, 0, 125</Position>
               </HpRunningLight17>
               <HpRunningLight18>
                  <Orientation type="Matrix">
                       1.0000000000,   0.0000000000,   0.0000000000,
                       0.0000000000,   1.0000000000,   0.0000000000,
                       0.0000000000,   0.0000000000,   1.0000000000
                  </Orientation>
                  <Position type="Vector">-200, 0, 150</Position>
               </HpRunningLight18>
            </Fixed>
            <Revolute type="hex" size="0">
               
            </Revolute>
         </Hardpoints>
         <MultiLevel>
            <Level0>
               <VMeshPart>
                  <VMeshRef type="VMeshRef">
                     <!-- header size  --> 60,
                     <!-- vmesh lib    --> COMMONDCKRNG01.lod0.vms,
                     <!-- start vert   --> 0,
                     <!-- num verts    --> 0,
                     <!-- start index  --> 0,
                     <!-- num indices  --> 0,
                     <!-- start mesh   --> 0,
                     <!-- num meshes   --> 13,
                     <!-- bounding box -->  271.42499,     157.06038,      15.943739,
                                           -270.29187,    -157.02261,     -15.943739,
                     <!-- center       -->    0.56655884,    0.018882751,   0,
                     <!-- radius       --> 392.49539
                  </VMeshRef>
               </VMeshPart>
            </Level0>
         </MultiLevel>
      </COMMONDCKRNG01.3db>
   </UTF_ROOT>
</UTFXML>
