<?xml version="1.0" encoding="ISO-8859-1"?>
<!-- XML generated by UTFXML Version 2.2 built 19-Aug-2010 -->
<UTFXML filename="Trade_lane_xaak.cmp" path="SOLAR\XTS-new-dock">
   <UTF_ROOT>
      <VMeshLibrary>
         <coaltlrgroup1.lod0.vms include="Trade_lane_xaak_cmp\lod0.vms.xml"/>
      </VMeshLibrary>
      <Cmpnd>
         <Cons>
            <Fix type="Fix" count="10">
               <part>
                  <!-- parent      --> "Root",
                  <!-- child       --> "coaltlrgroup2_lod1",
                  <!-- position    --> 0, 0, 0,
                  <!-- orientation -->   1.0000000000,   0.0000000000,   0.0000000000,
                                         0.0000000000,   1.0000000000,   0.0000000000,
                                         0.0000000000,   0.0000000000,   1.0000000000
               </part>
               <part>
                  <!-- parent      --> "Root",
                  <!-- child       --> "coaltlrgroup3_lod1",
                  <!-- position    --> 0, 0, 0,
                  <!-- orientation -->   1.0000000000,   0.0000000000,   0.0000000000,
                                         0.0000000000,   1.0000000000,   0.0000000000,
                                         0.0000000000,   0.0000000000,   1.0000000000
               </part>
               <part>
                  <!-- parent      --> "Root",
                  <!-- child       --> "coaltlrgroup4_lod1",
                  <!-- position    --> 0, 0, 0,
                  <!-- orientation -->   1.0000000000,   0.0000000000,   0.0000000000,
                                         0.0000000000,   1.0000000000,   0.0000000000,
                                         0.0000000000,   0.0000000000,   1.0000000000
               </part>
               <part>
                  <!-- parent      --> "Root",
                  <!-- child       --> "coaltlrgroup5_lod1",
                  <!-- position    --> 0, 0, 0,
                  <!-- orientation -->   1.0000000000,   0.0000000000,   0.0000000000,
                                         0.0000000000,   1.0000000000,   0.0000000000,
                                         0.0000000000,   0.0000000000,   1.0000000000
               </part>
               <part>
                  <!-- parent      --> "Root",
                  <!-- child       --> "coaltlrgroup6_lod1",
                  <!-- position    --> 0, 0, 0,
                  <!-- orientation -->   1.0000000000,   0.0000000000,   0.0000000000,
                                         0.0000000000,   1.0000000000,   0.0000000000,
                                         0.0000000000,   0.0000000000,   1.0000000000
               </part>
               <part>
                  <!-- parent      --> "Root",
                  <!-- child       --> "coaltlrgroup7_lod1",
                  <!-- position    --> 0, 0, 0,
                  <!-- orientation -->   1.0000000000,   0.0000000000,   0.0000000000,
                                         0.0000000000,   1.0000000000,   0.0000000000,
                                         0.0000000000,   0.0000000000,   1.0000000000
               </part>
               <part>
                  <!-- parent      --> "Root",
                  <!-- child       --> "coaltlrgroup8_lod1",
                  <!-- position    --> 0, 0, 0,
                  <!-- orientation -->   1.0000000000,   0.0000000000,   0.0000000000,
                                         0.0000000000,   1.0000000000,   0.0000000000,
                                         0.0000000000,   0.0000000000,   1.0000000000
               </part>
               <part>
                  <!-- parent      --> "Root",
                  <!-- child       --> "coaltlrgroup9_lod1",
                  <!-- position    --> 0, 0, 0,
                  <!-- orientation -->   1.0000000000,   0.0000000000,   0.0000000000,
                                         0.0000000000,   1.0000000000,   0.0000000000,
                                         0.0000000000,   0.0000000000,   1.0000000000
               </part>
               <part>
                  <!-- parent      --> "Root",
                  <!-- child       --> "coaltlrgroup10_lod1",
                  <!-- position    --> 0, 0, 0,
                  <!-- orientation -->   1.0000000000,   0.0000000000,   0.0000000000,
                                         0.0000000000,   1.0000000000,   0.0000000000,
                                         0.0000000000,   0.0000000000,   1.0000000000
               </part>
               <part>
                  <!-- parent      --> "Root",
                  <!-- child       --> "coaltlrgroup11_lod1",
                  <!-- position    --> 0, 0, 0,
                  <!-- orientation -->   1.0000000000,   0.0000000000,   0.0000000000,
                                         0.0000000000,   1.0000000000,   0.0000000000,
                                         0.0000000000,   0.0000000000,   1.0000000000
               </part>
            </Fix>
         </Cons>
         <Root>
            <File_name name="File name" type="text">coaltlrgroup1_lod1.3db</File_name>
            <Index type="int">0</Index>
            <Object_name name="Object name" type="text">Root</Object_name>
         </Root>
         <Part_coaltlrgroup2_lod1>
            <File_name name="File name" type="text">coaltlrgroup2_lod1.3db</File_name>
            <Index type="int">1</Index>
            <Object_name name="Object name" type="text">coaltlrgroup2_lod1</Object_name>
         </Part_coaltlrgroup2_lod1>
         <Part_coaltlrgroup3_lod1>
            <File_name name="File name" type="text">coaltlrgroup3_lod1.3db</File_name>
            <Index type="int">2</Index>
            <Object_name name="Object name" type="text">coaltlrgroup3_lod1</Object_name>
         </Part_coaltlrgroup3_lod1>
         <Part_coaltlrgroup4_lod1>
            <File_name name="File name" type="text">coaltlrgroup4_lod1.3db</File_name>
            <Index type="int">3</Index>
            <Object_name name="Object name" type="text">coaltlrgroup4_lod1</Object_name>
         </Part_coaltlrgroup4_lod1>
         <Part_coaltlrgroup5_lod1>
            <File_name name="File name" type="text">coaltlrgroup5_lod1.3db</File_name>
            <Index type="int">4</Index>
            <Object_name name="Object name" type="text">coaltlrgroup5_lod1</Object_name>
         </Part_coaltlrgroup5_lod1>
         <Part_coaltlrgroup6_lod1>
            <File_name name="File name" type="text">coaltlrgroup6_lod1.3db</File_name>
            <Index type="int">5</Index>
            <Object_name name="Object name" type="text">coaltlrgroup6_lod1</Object_name>
         </Part_coaltlrgroup6_lod1>
         <Part_coaltlrgroup7_lod1>
            <File_name name="File name" type="text">coaltlrgroup7_lod1.3db</File_name>
            <Index type="int">6</Index>
            <Object_name name="Object name" type="text">coaltlrgroup7_lod1</Object_name>
         </Part_coaltlrgroup7_lod1>
         <Part_coaltlrgroup8_lod1>
            <File_name name="File name" type="text">coaltlrgroup8_lod1.3db</File_name>
            <Index type="int">7</Index>
            <Object_name name="Object name" type="text">coaltlrgroup8_lod1</Object_name>
         </Part_coaltlrgroup8_lod1>
         <Part_coaltlrgroup9_lod1>
            <File_name name="File name" type="text">coaltlrgroup9_lod1.3db</File_name>
            <Index type="int">8</Index>
            <Object_name name="Object name" type="text">coaltlrgroup9_lod1</Object_name>
         </Part_coaltlrgroup9_lod1>
         <Part_coaltlrgroup10_lod1>
            <File_name name="File name" type="text">coaltlrgroup10_lod1.3db</File_name>
            <Index type="int">9</Index>
            <Object_name name="Object name" type="text">coaltlrgroup10_lod1</Object_name>
         </Part_coaltlrgroup10_lod1>
         <Part_coaltlrgroup11_lod1>
            <File_name name="File name" type="text">coaltlrgroup11_lod1.3db</File_name>
            <Index type="int">10</Index>
            <Object_name name="Object name" type="text">coaltlrgroup11_lod1</Object_name>
         </Part_coaltlrgroup11_lod1>
      </Cmpnd>
      <coaltlrgroup1_lod1.3db>
         <MultiLevel>
            <Level0>
               <VMeshPart>
                  <VMeshRef type="VMeshRef">
                     <!-- header size  --> 60,
                     <!-- vmesh lib    --> coaltlrgroup1.lod0.vms,
                     <!-- start vert   --> 0,
                     <!-- num verts    --> 1236,
                     <!-- start index  --> 0,
                     <!-- num indices  --> 3024,
                     <!-- start mesh   --> 0,
                     <!-- num meshes   --> 1,
                     <!-- bounding box -->  296.44803,   379.71774,   122.77407,
                                           -472.59625,  -577.29779,  -114.58849,
                     <!-- center       -->  -88.074112,  -98.790024,    4.0927925,
                     <!-- radius       --> 945.13013
                  </VMeshRef>
               </VMeshPart>
            </Level0>
         </MultiLevel>
         <Hardpoints>
            <Fixed>
               <HpFX01>
                  <Orientation type="Matrix">
                      -0.7071067100,  -0.7071067700,  -0.0000000000,
                       0.7071067700,  -0.7071067100,   0.0000000000,
                       0.0000000000,  -0.0000000000,   1.0000000000
                  </Orientation>
                  <Position type="Vector">187.6525, 352.42819, -0.37879238</Position>
               </HpFX01>
               <HpFX02>
                  <Orientation type="Matrix">
                       0.7071068300,  -0.7071067700,  -0.0000000000,
                       0.7071067700,   0.7071068300,   0.0000000000,
                       0.0000000000,  -0.0000000000,   1.0000000000
                  </Orientation>
                  <Position type="Vector">186.16254, 33.631283, -0.37891731</Position>
               </HpFX02>
               <HpFX03>
                  <Orientation type="Matrix">
                       0.7193397900,   0.6946584000,   0.0000000000,
                      -0.6946584000,   0.7193397900,   0.0000000000,
                       0.0000000000,   0.0000000000,   1.0000000000
                  </Orientation>
                  <Position type="Vector">-130.64285, 34.247623, -0.37883449</Position>
               </HpFX03>
               <HpFX04>
                  <Orientation type="Matrix">
                      -0.6946581600,   0.7193399100,   0.0000000000,
                      -0.7193399100,  -0.6946581600,   0.0000000000,
                       0.0000000000,   0.0000000000,   1.0000000000
                  </Orientation>
                  <Position type="Vector">-132.55287, 354.53018, -0.37879238</Position>
               </HpFX04>
               <HpFX05>
                  <Orientation type="Matrix">
                       0.7193397900,  -0.6946584000,  -0.0000000000,
                       0.6946584000,   0.7193397900,   0.0000000000,
                       0.0000000000,  -0.0000000000,   1.0000000000
                  </Orientation>
                  <Position type="Vector">187.47762, -406.35898, -0.37912372</Position>
               </HpFX05>
               <HpFX06>
                  <Orientation type="Matrix">
                      -0.6819983700,   0.7313537600,   0.0000000000,
                      -0.7313537600,  -0.6819983700,   0.0000000000,
                       0.0000000000,   0.0000000000,   1.0000000000
                  </Orientation>
                  <Position type="Vector">-130.29573, -89.455849, -0.37900016</Position>
               </HpFX06>
               <HpFX07>
                  <Orientation type="Matrix">
                      -0.7071067100,  -0.7071067700,  -0.0000000000,
                       0.7071067700,  -0.7071067100,   0.0000000000,
                       0.0000000000,  -0.0000000000,   1.0000000000
                  </Orientation>
                  <Position type="Vector">188.146, -88.357819, -0.37900016</Position>
               </HpFX07>
               <HpFX08>
                  <Orientation type="Matrix">
                       0.7313537600,   0.6819983100,   0.0000000000,
                      -0.6819983100,   0.7313537600,   0.0000000000,
                       0.0000000000,   0.0000000000,   1.0000000000
                  </Orientation>
                  <Position type="Vector">-129.16864, -405.88297, -0.37908301</Position>
               </HpFX08>
               <HpGreenLight01>
                  <Orientation type="Matrix">
                       1.0000000000,   0.0000000000,   0.0000000000,
                       0.0000000000,   1.0000000000,   0.0000000000,
                       0.0000000000,   0.0000000000,   1.0000000000
                  </Orientation>
                  <Position type="Vector">193.81133, 338.13318, -54.32</Position>
               </HpGreenLight01>
               <HpGreenLight02>
                  <Orientation type="Matrix">
                       1.0000000000,   0.0000000000,   0.0000000000,
                       0.0000000000,   1.0000000000,   0.0000000000,
                       0.0000000000,   0.0000000000,   1.0000000000
                  </Orientation>
                  <Position type="Vector">-137.06096, 332.16, -54.32</Position>
               </HpGreenLight02>
               <HpGreenLight03>
                  <Orientation type="Matrix">
                       1.0000000000,   0.0000000000,   0.0000000000,
                       0.0000000000,   1.0000000000,   0.0000000000,
                       0.0000000000,   0.0000000000,   1.0000000000
                  </Orientation>
                  <Position type="Vector">-210.30173, 33.286217, -54.32</Position>
               </HpGreenLight03>
               <HpGreenLight04>
                  <Orientation type="Matrix">
                       1.0000000000,   0.0000000000,   0.0000000000,
                       0.0000000000,   1.0000000000,   0.0000000000,
                       0.0000000000,   0.0000000000,   1.0000000000
                  </Orientation>
                  <Position type="Vector">277.2724, 34.180538, -54.32</Position>
               </HpGreenLight04>
               <HpGreenLight05>
                  <Orientation type="Matrix">
                      -0.9998476500,   0.0174498860,  304.59135e-06,
                       0.0174525450,   0.9996954200,   0.0174498860,
                       0.0000000000,   0.0174525450,  -0.9998476500
                  </Orientation>
                  <Position type="Vector">273.01215, -108.39738, 54.32</Position>
               </HpGreenLight05>
               <HpGreenLight06>
                  <Orientation type="Matrix">
                      -0.9998476500,   0.0174498860,  304.59135e-06,
                       0.0174525450,   0.9996954200,   0.0174498860,
                       0.0000000000,   0.0174525450,  -0.9998476500
                  </Orientation>
                  <Position type="Vector">-208.87135, -111.70379, 54.32</Position>
               </HpGreenLight06>
               <HpGreenLight07>
                  <Orientation type="Matrix">
                      -0.9998476500,   0.0174498860,  304.59135e-06,
                       0.0174525450,   0.9996954200,   0.0174498860,
                       0.0000000000,   0.0174525450,  -0.9998476500
                  </Orientation>
                  <Position type="Vector">-137.20677, -401.52258, 54.32</Position>
               </HpGreenLight07>
               <HpGreenLight08>
                  <Orientation type="Matrix">
                      -0.9998476500,   0.0174498860,  304.59135e-06,
                       0.0174525450,   0.9996954200,   0.0174498860,
                       0.0000000000,   0.0174525450,  -0.9998476500
                  </Orientation>
                  <Position type="Vector">206.13539, -402.36694, 54.32</Position>
               </HpGreenLight08>
               <HpLeftAnim>
                  <Orientation type="Matrix">
                     -119.20929e-09,  -0.9999996400,  -0.0000000000,
                       0.9999996400, -119.20929e-09,   0.0000000000,
                       0.0000000000,  -0.0000000000,   1.0000000000
                  </Orientation>
                  <Position type="Vector">29.129034, -250.57701, -0.37908301</Position>
               </HpLeftAnim>
               <HpLeftLane>
                  <Orientation type="Matrix">
                      -0.9998477700,  -0.0174419130, -609.08578e-06,
                      -0.0174525450,   0.9992386100,   0.0348942210,
                       0.0000000000,   0.0348995330,  -0.9993908400
                  </Orientation>
                  <Position type="Vector">29.143457, -250.56258, -0.37908301</Position>
               </HpLeftLane>
               <HpMount>
                  <Orientation type="Matrix">
                       1.0000000000,   0.0000000000,   0.0000000000,
                       0.0000000000,   1.0000000000,   0.0000000000,
                       0.0000000000,   0.0000000000,   1.0000000000
                  </Orientation>
                  <Position type="Vector">1.2638419, 1.4137236, -0.37887749</Position>
               </HpMount>
               <HpRedLight01>
                  <Orientation type="Matrix">
                       1.0000000000,   0.0000000000,   0.0000000000,
                       0.0000000000,   1.0000000000,   0.0000000000,
                       0.0000000000,   0.0000000000,   1.0000000000
                  </Orientation>
                  <Position type="Vector">273.48172, -106.87889, -54.32</Position>
               </HpRedLight01>
               <HpRedLight02>
                  <Orientation type="Matrix">
                       1.0000000000,   0.0000000000,   0.0000000000,
                       0.0000000000,   1.0000000000,   0.0000000000,
                       0.0000000000,   0.0000000000,   1.0000000000
                  </Orientation>
                  <Position type="Vector">-208.28839, -107.55216, -54.32</Position>
               </HpRedLight02>
               <HpRedLight03>
                  <Orientation type="Matrix">
                       1.0000000000,   0.0000000000,   0.0000000000,
                       0.0000000000,   1.0000000000,   0.0000000000,
                       0.0000000000,   0.0000000000,   1.0000000000
                  </Orientation>
                  <Position type="Vector">-145.60231, -388.73471, -54.32</Position>
               </HpRedLight03>
               <HpRedLight04>
                  <Orientation type="Matrix">
                       1.0000000000,   0.0000000000,   0.0000000000,
                       0.0000000000,   1.0000000000,   0.0000000000,
                       0.0000000000,   0.0000000000,   1.0000000000
                  </Orientation>
                  <Position type="Vector">208.47726, -393.11697, -54.32</Position>
               </HpRedLight04>
               <HpRedLight05>
                  <Orientation type="Matrix">
                      -0.9998476500,   0.0174498860,  304.59135e-06,
                       0.0174525450,   0.9996954200,   0.0174498860,
                       0.0000000000,   0.0174525450,  -0.9998476500
                  </Orientation>
                  <Position type="Vector">212.96097, 306.91422, 54.32</Position>
               </HpRedLight05>
               <HpRedLight06>
                  <Orientation type="Matrix">
                      -0.9998476500,   0.0174498860,  304.59135e-06,
                       0.0174525450,   0.9996954200,   0.0174498860,
                       0.0000000000,   0.0174525450,  -0.9998476500
                  </Orientation>
                  <Position type="Vector">-145.99789, 304.77991, 54.32</Position>
               </HpRedLight06>
               <HpRedLight07>
                  <Orientation type="Matrix">
                      -0.9998476500,   0.0174498860,  304.59135e-06,
                       0.0174525450,   0.9996954200,   0.0174498860,
                       0.0000000000,   0.0174525450,  -0.9998476500
                  </Orientation>
                  <Position type="Vector">-208.77567, 32.96067, 54.32</Position>
               </HpRedLight07>
               <HpRedLight08>
                  <Orientation type="Matrix">
                      -0.9998476500,   0.0174498860,  304.59135e-06,
                       0.0174525450,   0.9996954200,   0.0174498860,
                       0.0000000000,   0.0174525450,  -0.9998476500
                  </Orientation>
                  <Position type="Vector">276.70584, 32.038658, 54.32</Position>
               </HpRedLight08>
               <HpRightAnim>
                  <Orientation type="Matrix">
                       1.0000000000,   0.0000000000,   0.0000000000,
                       0.0000000000,   1.0000000000,   0.0000000000,
                       0.0000000000,   0.0000000000,   1.0000000000
                  </Orientation>
                  <Position type="Vector">28.574364, 192.84193, -0.37883449</Position>
               </HpRightAnim>
               <HpRightLane>
                  <Orientation type="Matrix">
                       1.0000000000,   0.0000000000,   0.0000000000,
                       0.0000000000,   1.0000000000,   0.0000000000,
                       0.0000000000,   0.0000000000,   1.0000000000
                  </Orientation>
                  <Position type="Vector">28.55994, 192.82755, -0.37883449</Position>
               </HpRightLane>
               <HpRunningLight01>
                  <Orientation type="Matrix">
                       0.7193397900,   0.6946584000,   0.0000000000,
                      -0.6946584000,   0.7193397900,   0.0000000000,
                       0.0000000000,   0.0000000000,   1.0000000000
                  </Orientation>
                  <Position type="Vector">153.76074, 393.2977, 3.0307152</Position>
               </HpRunningLight01>
               <HpRunningLight02>
                  <Orientation type="Matrix">
                       0.7193397900,   0.6946584000,   0.0000000000,
                      -0.6946584000,   0.7193397900,   0.0000000000,
                       0.0000000000,   0.0000000000,   1.0000000000
                  </Orientation>
                  <Position type="Vector">-90.05526, 393.20508, 2.8993518</Position>
               </HpRunningLight02>
               <HpRunningLight03>
                  <Orientation type="Matrix">
                       0.7193397900,   0.6946584000,   0.0000000000,
                      -0.6946584000,   0.7193397900,   0.0000000000,
                       0.0000000000,   0.0000000000,   1.0000000000
                  </Orientation>
                  <Position type="Vector">-90.554871, -473.6012, 5.6813769</Position>
               </HpRunningLight03>
               <HpRunningLight04>
                  <Orientation type="Matrix">
                       0.7193397900,   0.6946584000,   0.0000000000,
                      -0.6946584000,   0.7193397900,   0.0000000000,
                       0.0000000000,   0.0000000000,   1.0000000000
                  </Orientation>
                  <Position type="Vector">152.24303, -474.14844, 4.1402717</Position>
               </HpRunningLight04>
               <HpRunningLight05>
                  <Orientation type="Matrix">
                       0.7193397900,   0.6946584000,   0.0000000000,
                      -0.6946584000,   0.7193397900,   0.0000000000,
                       0.0000000000,   0.0000000000,   1.0000000000
                  </Orientation>
                  <Position type="Vector">-355.42841, -589.11761, 7.3203616</Position>
               </HpRunningLight05>
               <HpRunningLight06>
                  <Orientation type="Matrix">
                       0.7193397900,   0.6946584000,   0.0000000000,
                      -0.6946584000,   0.7193397900,   0.0000000000,
                       0.0000000000,   0.0000000000,   1.0000000000
                  </Orientation>
                  <Position type="Vector">-353.98898, 120.49635, 2.5097063</Position>
               </HpRunningLight06>
               <HpRunningLight07>
                  <Orientation type="Matrix">
                       0.7193397900,   0.6946584000,   0.0000000000,
                      -0.6946584000,   0.7193397900,   0.0000000000,
                       0.0000000000,   0.0000000000,   1.0000000000
                  </Orientation>
                  <Position type="Vector">-151.77991, -53.650291, 2.8422263</Position>
               </HpRunningLight07>
               <HpRunningLight08>
                  <Orientation type="Matrix">
                       0.7193397900,   0.6946584000,   0.0000000000,
                      -0.6946584000,   0.7193397900,   0.0000000000,
                       0.0000000000,   0.0000000000,   1.0000000000
                  </Orientation>
                  <Position type="Vector">-426.87277, -48.860863, 5.7620106</Position>
               </HpRunningLight08>
               <HpShield01>
                  <Orientation type="Matrix">
                       1.0000000000,   0.0000000000,   0.0000000000,
                       0.0000000000,   1.0000000000,   0.0000000000,
                       0.0000000000,   0.0000000000,   1.0000000000
                  </Orientation>
                  <Position type="Vector">-353.62167, 66.132454, 2.0358784</Position>
               </HpShield01>
            </Fixed>
            <Revolute>
               <HpTurret_S1_01>
                  <Axis type="Vector">0, 1, 0</Axis>
                  <Max type="float">6.2831855</Max>
                  <Min type="float">-6.2831855</Min>
                  <Orientation type="Matrix">
                      -0.7313532800,  29.802322e-09,  -0.6819980100,
                       0.6819980100,  834.46503e-09,  -0.7313536400,
                      357.62787e-09,  -0.9999997600, -119.20929e-09
                  </Orientation>
                  <Position type="Vector">-115.11356, 346.452, 3.9698279</Position>
               </HpTurret_S1_01>
               <HpTurret_S1_02>
                  <Axis type="Vector">0, 1, 0</Axis>
                  <Max type="float">6.2831855</Max>
                  <Min type="float">-6.2831855</Min>
                  <Orientation type="Matrix">
                       0.7193398500,  29.802322e-09,   0.6946581600,
                      -0.6945524200,   0.0174530740,   0.7192299400,
                      -0.0121236740,  -0.9998474100,   0.0125547650
                  </Orientation>
                  <Position type="Vector">178.57523, -429.51501, -0.49106506</Position>
               </HpTurret_S1_02>
            </Revolute>
         </Hardpoints>
         <VMeshWire include="Trade_lane_xaak_cmp\coaltlrgroup1_lod1.vwd.xml"/>
      </coaltlrgroup1_lod1.3db>
      <coaltlrgroup2_lod1.3db>
         <MultiLevel>
            <Level0>
               <VMeshPart>
                  <VMeshRef type="VMeshRef">
                     <!-- header size  --> 60,
                     <!-- vmesh lib    --> coaltlrgroup1.lod0.vms,
                     <!-- start vert   --> 1236,
                     <!-- num verts    --> 20,
                     <!-- start index  --> 3024,
                     <!-- num indices  --> 36,
                     <!-- start mesh   --> 1,
                     <!-- num meshes   --> 1,
                     <!-- bounding box -->  296.44803,   379.71774,   122.77407,
                                           -472.59625,  -577.29779,  -114.58849,
                     <!-- center       -->  -88.074112,  -98.790024,    4.0927925,
                     <!-- radius       --> 945.13013
                  </VMeshRef>
               </VMeshPart>
            </Level0>
         </MultiLevel>
      </coaltlrgroup2_lod1.3db>
      <coaltlrgroup3_lod1.3db>
         <MultiLevel>
            <Level0>
               <VMeshPart>
                  <VMeshRef type="VMeshRef">
                     <!-- header size  --> 60,
                     <!-- vmesh lib    --> coaltlrgroup1.lod0.vms,
                     <!-- start vert   --> 1256,
                     <!-- num verts    --> 20,
                     <!-- start index  --> 3060,
                     <!-- num indices  --> 36,
                     <!-- start mesh   --> 2,
                     <!-- num meshes   --> 1,
                     <!-- bounding box -->  296.44803,   379.71774,   122.77407,
                                           -472.59625,  -577.29779,  -114.58849,
                     <!-- center       -->  -88.074112,  -98.790024,    4.0927925,
                     <!-- radius       --> 945.13013
                  </VMeshRef>
               </VMeshPart>
            </Level0>
         </MultiLevel>
      </coaltlrgroup3_lod1.3db>
      <coaltlrgroup4_lod1.3db>
         <MultiLevel>
            <Level0>
               <VMeshPart>
                  <VMeshRef type="VMeshRef">
                     <!-- header size  --> 60,
                     <!-- vmesh lib    --> coaltlrgroup1.lod0.vms,
                     <!-- start vert   --> 1276,
                     <!-- num verts    --> 20,
                     <!-- start index  --> 3096,
                     <!-- num indices  --> 36,
                     <!-- start mesh   --> 3,
                     <!-- num meshes   --> 1,
                     <!-- bounding box -->  296.44803,   379.71774,   122.77407,
                                           -472.59625,  -577.29779,  -114.58849,
                     <!-- center       -->  -88.074112,  -98.790024,    4.0927925,
                     <!-- radius       --> 945.13013
                  </VMeshRef>
               </VMeshPart>
            </Level0>
         </MultiLevel>
      </coaltlrgroup4_lod1.3db>
      <coaltlrgroup5_lod1.3db>
         <MultiLevel>
            <Level0>
               <VMeshPart>
                  <VMeshRef type="VMeshRef">
                     <!-- header size  --> 60,
                     <!-- vmesh lib    --> coaltlrgroup1.lod0.vms,
                     <!-- start vert   --> 1296,
                     <!-- num verts    --> 20,
                     <!-- start index  --> 3132,
                     <!-- num indices  --> 36,
                     <!-- start mesh   --> 4,
                     <!-- num meshes   --> 1,
                     <!-- bounding box -->  296.44803,   379.71774,   122.77407,
                                           -472.59625,  -577.29779,  -114.58849,
                     <!-- center       -->  -88.074112,  -98.790024,    4.0927925,
                     <!-- radius       --> 945.13013
                  </VMeshRef>
               </VMeshPart>
            </Level0>
         </MultiLevel>
      </coaltlrgroup5_lod1.3db>
      <coaltlrgroup6_lod1.3db>
         <MultiLevel>
            <Level0>
               <VMeshPart>
                  <VMeshRef type="VMeshRef">
                     <!-- header size  --> 60,
                     <!-- vmesh lib    --> coaltlrgroup1.lod0.vms,
                     <!-- start vert   --> 1316,
                     <!-- num verts    --> 20,
                     <!-- start index  --> 3168,
                     <!-- num indices  --> 36,
                     <!-- start mesh   --> 5,
                     <!-- num meshes   --> 1,
                     <!-- bounding box -->  296.44803,   379.71774,   122.77407,
                                           -472.59625,  -577.29779,  -114.58849,
                     <!-- center       -->  -88.074112,  -98.790024,    4.0927925,
                     <!-- radius       --> 945.13013
                  </VMeshRef>
               </VMeshPart>
            </Level0>
         </MultiLevel>
      </coaltlrgroup6_lod1.3db>
      <coaltlrgroup7_lod1.3db>
         <MultiLevel>
            <Level0>
               <VMeshPart>
                  <VMeshRef type="VMeshRef">
                     <!-- header size  --> 60,
                     <!-- vmesh lib    --> coaltlrgroup1.lod0.vms,
                     <!-- start vert   --> 1336,
                     <!-- num verts    --> 20,
                     <!-- start index  --> 3204,
                     <!-- num indices  --> 36,
                     <!-- start mesh   --> 6,
                     <!-- num meshes   --> 1,
                     <!-- bounding box -->  296.44803,   379.71774,   122.77407,
                                           -472.59625,  -577.29779,  -114.58849,
                     <!-- center       -->  -88.074112,  -98.790024,    4.0927925,
                     <!-- radius       --> 945.13013
                  </VMeshRef>
               </VMeshPart>
            </Level0>
         </MultiLevel>
      </coaltlrgroup7_lod1.3db>
      <coaltlrgroup8_lod1.3db>
         <MultiLevel>
            <Level0>
               <VMeshPart>
                  <VMeshRef type="VMeshRef">
                     <!-- header size  --> 60,
                     <!-- vmesh lib    --> coaltlrgroup1.lod0.vms,
                     <!-- start vert   --> 1356,
                     <!-- num verts    --> 20,
                     <!-- start index  --> 3240,
                     <!-- num indices  --> 36,
                     <!-- start mesh   --> 7,
                     <!-- num meshes   --> 1,
                     <!-- bounding box -->  296.44803,   379.71774,   122.77407,
                                           -472.59625,  -577.29779,  -114.58849,
                     <!-- center       -->  -88.074112,  -98.790024,    4.0927925,
                     <!-- radius       --> 945.13013
                  </VMeshRef>
               </VMeshPart>
            </Level0>
         </MultiLevel>
      </coaltlrgroup8_lod1.3db>
      <coaltlrgroup9_lod1.3db>
         <MultiLevel>
            <Level0>
               <VMeshPart>
                  <VMeshRef type="VMeshRef">
                     <!-- header size  --> 60,
                     <!-- vmesh lib    --> coaltlrgroup1.lod0.vms,
                     <!-- start vert   --> 1376,
                     <!-- num verts    --> 20,
                     <!-- start index  --> 3276,
                     <!-- num indices  --> 36,
                     <!-- start mesh   --> 8,
                     <!-- num meshes   --> 1,
                     <!-- bounding box -->  296.44803,   379.71774,   122.77407,
                                           -472.59625,  -577.29779,  -114.58849,
                     <!-- center       -->  -88.074112,  -98.790024,    4.0927925,
                     <!-- radius       --> 945.13013
                  </VMeshRef>
               </VMeshPart>
            </Level0>
         </MultiLevel>
      </coaltlrgroup9_lod1.3db>
      <coaltlrgroup10_lod1.3db>
         <MultiLevel>
            <Level0>
               <VMeshPart>
                  <VMeshRef type="VMeshRef">
                     <!-- header size  --> 60,
                     <!-- vmesh lib    --> coaltlrgroup1.lod0.vms,
                     <!-- start vert   --> 1396,
                     <!-- num verts    --> 20,
                     <!-- start index  --> 3312,
                     <!-- num indices  --> 36,
                     <!-- start mesh   --> 9,
                     <!-- num meshes   --> 1,
                     <!-- bounding box -->  296.44803,   379.71774,   122.77407,
                                           -472.59625,  -577.29779,  -114.58849,
                     <!-- center       -->  -88.074112,  -98.790024,    4.0927925,
                     <!-- radius       --> 945.13013
                  </VMeshRef>
               </VMeshPart>
            </Level0>
         </MultiLevel>
      </coaltlrgroup10_lod1.3db>
      <coaltlrgroup11_lod1.3db>
         <MultiLevel>
            <Level0>
               <VMeshPart>
                  <VMeshRef type="VMeshRef">
                     <!-- header size  --> 60,
                     <!-- vmesh lib    --> coaltlrgroup1.lod0.vms,
                     <!-- start vert   --> 1416,
                     <!-- num verts    --> 20,
                     <!-- start index  --> 3348,
                     <!-- num indices  --> 36,
                     <!-- start mesh   --> 10,
                     <!-- num meshes   --> 1,
                     <!-- bounding box -->  296.44803,   379.71774,   122.77407,
                                           -472.59625,  -577.29779,  -114.58849,
                     <!-- center       -->  -88.074112,  -98.790024,    4.0927925,
                     <!-- radius       --> 945.13013
                  </VMeshRef>
               </VMeshPart>
            </Level0>
         </MultiLevel>
      </coaltlrgroup11_lod1.3db>
   </UTF_ROOT>
</UTFXML>
