<?xml version="1.0" encoding="ISO-8859-1"?>
<!-- XML generated by UTFXML Version 2.2 built 19-Aug-2010 -->
<UTFXML filename="ew15_base.cmp" path="SOLAR\ew15_base">
   <UTF_ROOT>
      <VMeshLibrary>
         <_15tacticalbaseEditable_Mesh.lod0.vms name="015tacticalbaseEditable Mesh.lod0.vms" include="ew15_base_cmp\lod0.vms.xml"/>
      </VMeshLibrary>
      <Cmpnd>
         <Root>
            <File_name name="File name" type="text">015tacticalbaseEditable Mesh.3db</File_name>
            <Index type="int">0</Index>
            <Object_name name="Object name" type="text">Root</Object_name>
         </Root>
      </Cmpnd>
      <_15tacticalbaseEditable_Mesh.3db name="015tacticalbaseEditable Mesh.3db">
         <Hardpoints>
            <Fixed>
               <HpRunningLight01>
                  <Orientation type="Matrix">
                       1.0000000000,   0.0000000000,   0.0000000000,
                       0.0000000000,   1.0000000000,   0.0000000000,
                       0.0000000000,   0.0000000000,   1.0000000000
                  </Orientation>
                  <Position type="Vector">240, 752, -624</Position>
               </HpRunningLight01>
               <HpRunningLight02>
                  <Orientation type="Matrix">
                       1.0000000000,   0.0000000000,   0.0000000000,
                       0.0000000000,   1.0000000000,   0.0000000000,
                       0.0000000000,   0.0000000000,   1.0000000000
                  </Orientation>
                  <Position type="Vector">-240, 752, -624</Position>
               </HpRunningLight02>
               <HpRunningLight03>
                  <Orientation type="Matrix">
                       1.0000000000,   0.0000000000,   0.0000000000,
                       0.0000000000,   1.0000000000,   0.0000000000,
                       0.0000000000,   0.0000000000,   1.0000000000
                  </Orientation>
                  <Position type="Vector">240, 592, -1040</Position>
               </HpRunningLight03>
               <HpRunningLight04>
                  <Orientation type="Matrix">
                       1.0000000000,   0.0000000000,   0.0000000000,
                       0.0000000000,   1.0000000000,   0.0000000000,
                       0.0000000000,   0.0000000000,   1.0000000000
                  </Orientation>
                  <Position type="Vector">-240, 592, -1040</Position>
               </HpRunningLight04>
               <HpRunningLight05>
                  <Orientation type="Matrix">
                       1.0000000000,   0.0000000000,   0.0000000000,
                       0.0000000000,   1.0000000000,   0.0000000000,
                       0.0000000000,   0.0000000000,   1.0000000000
                  </Orientation>
                  <Position type="Vector">1160, -360, -120</Position>
               </HpRunningLight05>
               <HpRunningLight06>
                  <Orientation type="Matrix">
                       1.0000000000,   0.0000000000,   0.0000000000,
                       0.0000000000,   1.0000000000,   0.0000000000,
                       0.0000000000,   0.0000000000,   1.0000000000
                  </Orientation>
                  <Position type="Vector">1160, -360, 240</Position>
               </HpRunningLight06>
               <HpRunningLight07>
                  <Orientation type="Matrix">
                       1.0000000000,   0.0000000000,   0.0000000000,
                       0.0000000000,   1.0000000000,   0.0000000000,
                       0.0000000000,   0.0000000000,   1.0000000000
                  </Orientation>
                  <Position type="Vector">-1160, -360, -120</Position>
               </HpRunningLight07>
               <HpRunningLight08>
                  <Orientation type="Matrix">
                       1.0000000000,   0.0000000000,   0.0000000000,
                       0.0000000000,   1.0000000000,   0.0000000000,
                       0.0000000000,   0.0000000000,   1.0000000000
                  </Orientation>
                  <Position type="Vector">-1160, -360, 240</Position>
               </HpRunningLight08>
               <HpDockMountA>
                  <Orientation type="Matrix">
                      -1.0000000000,   0.0000000000,  87.427907e-09,
                       0.0000000000,   1.0000000000,  -0.0000000000,
                     -87.427907e-09,   0.0000000000,  -1.0000000000
                  </Orientation>
                  <Position type="Vector">0, 672, -880</Position>
               </HpDockMountA>
               <HpDockPointA01>
                  <Orientation type="Matrix">
                      -1.0000000000,  87.427907e-09, -7.6436389e-15,
                      87.427907e-09,   1.0000000000, -87.427907e-09,
                       0.0000000000, -87.427907e-09,  -1.0000000000
                  </Orientation>
                  <Position type="Vector">0, 672, -1300</Position>
               </HpDockPointA01>
               <HpDockPointA02>
                  <Orientation type="Matrix">
                      -1.0000000000,  87.427907e-09, -7.6436389e-15,
                      87.427907e-09,   1.0000000000, -87.427907e-09,
                       0.0000000000, -87.427907e-09,  -1.0000000000
                  </Orientation>
                  <Position type="Vector">0, 672, -1600</Position>
               </HpDockPointA02>
               <HpDockCamA>
                  <Orientation type="Matrix">
                      -0.9396925000,   0.0000000000,  -0.3420202700,
                       0.0000000000,   1.0000000000,   0.0000000000,
                       0.3420202700,   0.0000000000,  -0.9396925000
                  </Orientation>
                  <Position type="Vector">-880, 672, -4800</Position>
               </HpDockCamA>
               <HpLaunchCamA>
                  <Orientation type="Matrix">
                      -0.9396925000,   0.0000000000,  -0.3420202700,
                       0.0000000000,   1.0000000000,   0.0000000000,
                       0.3420202700,   0.0000000000,  -0.9396925000
                  </Orientation>
                  <Position type="Vector">-880, 672, -4800</Position>
               </HpLaunchCamA>
               <HpDockMountB>
                  <Orientation type="Matrix">
                     -119.20929e-09,   0.0000000000,  -0.9999996400,
                       0.0000000000,   1.0000000000,   0.0000000000,
                       0.9999996400,   0.0000000000, -119.20929e-09
                  </Orientation>
                  <Position type="Vector">-1000, -440, 40</Position>
               </HpDockMountB>
               <HpDockPointB01>
                  <Orientation type="Matrix">
                      -0.0174524780,  87.427878e-09,   0.9998473500,
                      88.940425e-09,   1.0000000000, -85.888708e-09,
                      -0.9998473500,  87.427885e-09,  -0.0174524780
                  </Orientation>
                  <Position type="Vector">-1400, -440, 40</Position>
               </HpDockPointB01>
               <HpDockPointB02>
                  <Orientation type="Matrix">
                      -0.0174524780,  87.427878e-09,   0.9998473500,
                      88.940425e-09,   1.0000000000, -85.888708e-09,
                      -0.9998473500,  87.427885e-09,  -0.0174524780
                  </Orientation>
                  <Position type="Vector">-1800, -440, 40</Position>
               </HpDockPointB02>
               <HpDockCamB>
                  <Orientation type="Matrix">
                       0.3420202700,   0.0000000000,  -0.9396925600,
                       0.0000000000,   1.0000000000,   0.0000000000,
                       0.9396925600,   0.0000000000,   0.3420202700
                  </Orientation>
                  <Position type="Vector">-4800, -440, 920</Position>
               </HpDockCamB>
               <HpLaunchCamB>
                  <Orientation type="Matrix">
                       0.3420202700,   0.0000000000,  -0.9396925600,
                       0.0000000000,   1.0000000000,   0.0000000000,
                       0.9396925600,   0.0000000000,   0.3420202700
                  </Orientation>
                  <Position type="Vector">-4800, -440, 880</Position>
               </HpLaunchCamB>
               <HpDockMountC>
                  <Orientation type="Matrix">
                      -0.0174524780,  87.427885e-09,  -0.9998473500,
                     -85.888708e-09,   1.0000000000,  88.940425e-09,
                       0.9998473500,  87.427878e-09,  -0.0174524780
                  </Orientation>
                  <Position type="Vector">1000, -440, 40</Position>
               </HpDockMountC>
               <HpDockPointC01>
                  <Orientation type="Matrix">
                      -0.0174524780,  87.427885e-09,  -0.9998473500,
                     -85.888708e-09,   1.0000000000,  88.940425e-09,
                       0.9998473500,  87.427878e-09,  -0.0174524780
                  </Orientation>
                  <Position type="Vector">1400, -440, 40</Position>
               </HpDockPointC01>
               <HpDockPointC02>
                  <Orientation type="Matrix">
                      -0.0174524780,  87.427885e-09,  -0.9998473500,
                     -85.888708e-09,   1.0000000000,  88.940425e-09,
                       0.9998473500,  87.427878e-09,  -0.0174524780
                  </Orientation>
                  <Position type="Vector">1800, -440, 40</Position>
               </HpDockPointC02>
               <HpDockCamC>
                  <Orientation type="Matrix">
                       0.3420202700,   0.0000000000,   0.9396925600,
                      -0.0000000000,   1.0000000000,   0.0000000000,
                      -0.9396925600,  -0.0000000000,   0.3420202700
                  </Orientation>
                  <Position type="Vector">4800, -440, 880</Position>
               </HpDockCamC>
               <HpLaunchCamC>
                  <Orientation type="Matrix">
                       0.3420202700,   0.0000000000,   0.9396925600,
                      -0.0000000000,   1.0000000000,   0.0000000000,
                      -0.9396925600,  -0.0000000000,   0.3420202700
                  </Orientation>
                  <Position type="Vector">4800, -440, 880</Position>
               </HpLaunchCamC>
            </Fixed>
            <Revolute type="hex" size="0">
               
            </Revolute>
         </Hardpoints>
         <MultiLevel>
            <Level0>
               <VMeshPart>
                  <VMeshRef type="VMeshRef">
                     <!-- header size  --> 60,
                     <!-- vmesh lib    --> 015tacticalbaseEditable Mesh.lod0.vms,
                     <!-- start vert   --> 0,
                     <!-- num verts    --> 1224,
                     <!-- start index  --> 0,
                     <!-- num indices  --> 4005,
                     <!-- start mesh   --> 0,
                     <!-- num meshes   --> 15,
                     <!-- bounding box -->  1393.4283,    1294.6862,   1450.8228,
                                           -1388.5134,    -637.40747, -1331.1205,
                     <!-- center       -->     2.4574585,  328.63934,    59.851135,
                     <!-- radius       --> 2990.2813
                  </VMeshRef>
               </VMeshPart>
            </Level0>
         </MultiLevel>
      </_15tacticalbaseEditable_Mesh.3db>
   </UTF_ROOT>
</UTFXML>
