<?xml version="1.0" encoding="ISO-8859-1"?>
<!-- XML generated by UTFXML Version 2.2 built 19-Aug-2010 -->
<UTFXML filename="ku_01_hokkaido_cityscape.cmp" path="BASES\KUSARI">
   <UTF_ROOT>
      <VMeshLibrary>
         <data.bases.kusari.ku_01_hokkaido_cityscape.lod0-112.vms include="ku_01_hokkaido_cityscape_cmp\lod0-112.vms.xml"/>
         <data.bases.kusari.ku_01_hokkaido_cityscape.lod0-212.vms include="ku_01_hokkaido_cityscape_cmp\lod0-212.vms.xml"/>
      </VMeshLibrary>
      <MaterialAnim>
         <showroom030123140205>
            <MACount type="int">1</MACount>
            <MAFlags type="int">0x2</MAFlags>
            <MADeltas type="float array" count="5">
                 30.0000000000:   0.0000000000,  -0.1331806200,   0.0000000000,   0.0000000000
            </MADeltas>
         </showroom030123140205>
         <banners_crop_1030123140205 name="banners_crop 1030123140205">
            <MACount type="int">1</MACount>
            <MAFlags type="int">0x2</MAFlags>
            <MADeltas type="float array" count="5">
                 30.0000000000:   0.0000000000,   0.0662755970,   0.0000000000,   0.0000000000
            </MADeltas>
         </banners_crop_1030123140205>
         <buysell030123140205>
            <MACount type="int">1</MACount>
            <MAFlags type="int">0x2</MAFlags>
            <MADeltas type="float array" count="5">
                 30.0000000000:   0.0000000000,  -0.0662344690,   0.0000000000,  1.7881393e-06
            </MADeltas>
         </buysell030123140205>
      </MaterialAnim>
      <Exporter_Version name="Exporter Version" type="text">Nov  5 2002 11:41:55</Exporter_Version>
      <Cmpnd>
         <Root>
            <Object_name name="Object name" type="text">Root</Object_name>
            <File_name name="File name" type="text">Root_hokkaido030123140205.3db</File_name>
            <Index type="int">0</Index>
         </Root>
         <Part_billboard>
            <Object_name name="Object name" type="text">billboard</Object_name>
            <File_name name="File name" type="text">billboard030123140205.3db</File_name>
            <Index type="int">1</Index>
         </Part_billboard>
         <Part_Building01>
            <Object_name name="Object name" type="text">Building01</Object_name>
            <File_name name="File name" type="text">Building01030123140205.3db</File_name>
            <Index type="int">2</Index>
         </Part_Building01>
         <Part_Building04>
            <Object_name name="Object name" type="text">Building04</Object_name>
            <File_name name="File name" type="text">Building04030123140205.3db</File_name>
            <Index type="int">3</Index>
         </Part_Building04>
         <Part_Building05>
            <Object_name name="Object name" type="text">Building05</Object_name>
            <File_name name="File name" type="text">Building05030123140205.3db</File_name>
            <Index type="int">4</Index>
         </Part_Building05>
         <Part_Elevator01>
            <Object_name name="Object name" type="text">Elevator01</Object_name>
            <File_name name="File name" type="text">Elevator01030123140205.3db</File_name>
            <Index type="int">5</Index>
         </Part_Elevator01>
         <Part_Elevator02>
            <Object_name name="Object name" type="text">Elevator02</Object_name>
            <File_name name="File name" type="text">Elevator02030123140205.3db</File_name>
            <Index type="int">6</Index>
         </Part_Elevator02>
         <Part_Elevator03>
            <Object_name name="Object name" type="text">Elevator03</Object_name>
            <File_name name="File name" type="text">Elevator03030123140205.3db</File_name>
            <Index type="int">7</Index>
         </Part_Elevator03>
         <Part_Elevator04>
            <Object_name name="Object name" type="text">Elevator04</Object_name>
            <File_name name="File name" type="text">Elevator04030123140205.3db</File_name>
            <Index type="int">8</Index>
         </Part_Elevator04>
         <Part_Elevator05>
            <Object_name name="Object name" type="text">Elevator05</Object_name>
            <File_name name="File name" type="text">Elevator05030123140205.3db</File_name>
            <Index type="int">9</Index>
         </Part_Elevator05>
         <Part_Fade_Mid name="Part_Fade Mid">
            <Object_name name="Object name" type="text">Fade Mid</Object_name>
            <File_name name="File name" type="text">Fade Mid030123140205.3db</File_name>
            <Index type="int">10</Index>
         </Part_Fade_Mid>
         <Part_fade_front>
            <Object_name name="Object name" type="text">fade_front</Object_name>
            <File_name name="File name" type="text">fade_front030123140205.3db</File_name>
            <Index type="int">11</Index>
         </Part_fade_front>
         <Part_Flag_Thing01 name="Part_Flag Thing01">
            <Object_name name="Object name" type="text">Flag Thing01</Object_name>
            <File_name name="File name" type="text">Flag Thing01030123140205.3db</File_name>
            <Index type="int">12</Index>
         </Part_Flag_Thing01>
         <Part_Flag_Thing02 name="Part_Flag Thing02">
            <Object_name name="Object name" type="text">Flag Thing02</Object_name>
            <File_name name="File name" type="text">Flag Thing02030123140205.3db</File_name>
            <Index type="int">13</Index>
         </Part_Flag_Thing02>
         <Part_Sat01>
            <Object_name name="Object name" type="text">Sat01</Object_name>
            <File_name name="File name" type="text">Sat01030123140205.3db</File_name>
            <Index type="int">14</Index>
         </Part_Sat01>
         <Part_Sat02>
            <Object_name name="Object name" type="text">Sat02</Object_name>
            <File_name name="File name" type="text">Sat02030123140205.3db</File_name>
            <Index type="int">15</Index>
         </Part_Sat02>
         <Part_Sat03>
            <Object_name name="Object name" type="text">Sat03</Object_name>
            <File_name name="File name" type="text">Sat03030123140205.3db</File_name>
            <Index type="int">16</Index>
         </Part_Sat03>
         <Part_SpotLight01>
            <Object_name name="Object name" type="text">SpotLight01</Object_name>
            <File_name name="File name" type="text">SpotLight01030123140205.3db</File_name>
            <Index type="int">17</Index>
         </Part_SpotLight01>
         <Part_Traffic_a-01>
            <Object_name name="Object name" type="text">Traffic_a-01</Object_name>
            <File_name name="File name" type="text">Traffic_a-01030123140205.3db</File_name>
            <Index type="int">18</Index>
         </Part_Traffic_a-01>
         <Part_Traffic_a-02>
            <Object_name name="Object name" type="text">Traffic_a-02</Object_name>
            <File_name name="File name" type="text">Traffic_a-02030123140205.3db</File_name>
            <Index type="int">19</Index>
         </Part_Traffic_a-02>
         <Part_Traffic_a-03>
            <Object_name name="Object name" type="text">Traffic_a-03</Object_name>
            <File_name name="File name" type="text">Traffic_a-03030123140205.3db</File_name>
            <Index type="int">20</Index>
         </Part_Traffic_a-03>
         <Part_Traffic_a-04>
            <Object_name name="Object name" type="text">Traffic_a-04</Object_name>
            <File_name name="File name" type="text">Traffic_a-04030123140205.3db</File_name>
            <Index type="int">21</Index>
         </Part_Traffic_a-04>
         <Part_Traffic_b-01>
            <Object_name name="Object name" type="text">Traffic_b-01</Object_name>
            <File_name name="File name" type="text">Traffic_b-01030123140205.3db</File_name>
            <Index type="int">22</Index>
         </Part_Traffic_b-01>
         <Part_Traffic_b-02>
            <Object_name name="Object name" type="text">Traffic_b-02</Object_name>
            <File_name name="File name" type="text">Traffic_b-02030123140205.3db</File_name>
            <Index type="int">23</Index>
         </Part_Traffic_b-02>
         <Part_Traffic_b-03>
            <Object_name name="Object name" type="text">Traffic_b-03</Object_name>
            <File_name name="File name" type="text">Traffic_b-03030123140205.3db</File_name>
            <Index type="int">24</Index>
         </Part_Traffic_b-03>
         <Part_Traffic_b-04>
            <Object_name name="Object name" type="text">Traffic_b-04</Object_name>
            <File_name name="File name" type="text">Traffic_b-04030123140205.3db</File_name>
            <Index type="int">25</Index>
         </Part_Traffic_b-04>
         <Part_Traffic_c-01>
            <Object_name name="Object name" type="text">Traffic_c-01</Object_name>
            <File_name name="File name" type="text">Traffic_c-01030123140205.3db</File_name>
            <Index type="int">26</Index>
         </Part_Traffic_c-01>
         <Part_Traffic_c-02>
            <Object_name name="Object name" type="text">Traffic_c-02</Object_name>
            <File_name name="File name" type="text">Traffic_c-02030123140205.3db</File_name>
            <Index type="int">27</Index>
         </Part_Traffic_c-02>
         <Part_Traffic_c-03>
            <Object_name name="Object name" type="text">Traffic_c-03</Object_name>
            <File_name name="File name" type="text">Traffic_c-03030123140205.3db</File_name>
            <Index type="int">28</Index>
         </Part_Traffic_c-03>
         <Part_Traffic_c-04>
            <Object_name name="Object name" type="text">Traffic_c-04</Object_name>
            <File_name name="File name" type="text">Traffic_c-04030123140205.3db</File_name>
            <Index type="int">29</Index>
         </Part_Traffic_c-04>
         <Part_Traffic_d-01>
            <Object_name name="Object name" type="text">Traffic_d-01</Object_name>
            <File_name name="File name" type="text">Traffic_d-01030123140205.3db</File_name>
            <Index type="int">30</Index>
         </Part_Traffic_d-01>
         <Part_Traffic_d-02>
            <Object_name name="Object name" type="text">Traffic_d-02</Object_name>
            <File_name name="File name" type="text">Traffic_d-02030123140205.3db</File_name>
            <Index type="int">31</Index>
         </Part_Traffic_d-02>
         <Part_Traffic_d-03>
            <Object_name name="Object name" type="text">Traffic_d-03</Object_name>
            <File_name name="File name" type="text">Traffic_d-03030123140205.3db</File_name>
            <Index type="int">32</Index>
         </Part_Traffic_d-03>
         <Part_Traffic_d-04>
            <Object_name name="Object name" type="text">Traffic_d-04</Object_name>
            <File_name name="File name" type="text">Traffic_d-04030123140205.3db</File_name>
            <Index type="int">33</Index>
         </Part_Traffic_d-04>
         <Part_Hokkaido_Scape name="Part_Hokkaido Scape">
            <Object_name name="Object name" type="text">Hokkaido Scape</Object_name>
            <File_name name="File name" type="text">Hokkaido Scape030123140205.3db</File_name>
            <Index type="int">34</Index>
         </Part_Hokkaido_Scape>
         <Part_trans_rails>
            <Object_name name="Object name" type="text">trans_rails</Object_name>
            <File_name name="File name" type="text">trans_rails030123140205.3db</File_name>
            <Index type="int">35</Index>
         </Part_trans_rails>
         <Part_chopper_poly>
            <Object_name name="Object name" type="text">chopper_poly</Object_name>
            <File_name name="File name" type="text">chopper_poly030123140205.3db</File_name>
            <Index type="int">36</Index>
         </Part_chopper_poly>
         <Part_banner1>
            <Object_name name="Object name" type="text">banner1</Object_name>
            <File_name name="File name" type="text">banner1030123140205.3db</File_name>
            <Index type="int">37</Index>
         </Part_banner1>
         <Part_banner2>
            <Object_name name="Object name" type="text">banner2</Object_name>
            <File_name name="File name" type="text">banner2030123140205.3db</File_name>
            <Index type="int">38</Index>
         </Part_banner2>
         <Part_banner3>
            <Object_name name="Object name" type="text">banner3</Object_name>
            <File_name name="File name" type="text">banner3030123140205.3db</File_name>
            <Index type="int">39</Index>
         </Part_banner3>
         <Part_banner4>
            <Object_name name="Object name" type="text">banner4</Object_name>
            <File_name name="File name" type="text">banner4030123140205.3db</File_name>
            <Index type="int">40</Index>
         </Part_banner4>
         <Part_newban>
            <Object_name name="Object name" type="text">newban</Object_name>
            <File_name name="File name" type="text">newban030123140205.3db</File_name>
            <Index type="int">41</Index>
         </Part_newban>
         <Part_newban2>
            <Object_name name="Object name" type="text">newban2</Object_name>
            <File_name name="File name" type="text">newban2030123140205.3db</File_name>
            <Index type="int">42</Index>
         </Part_newban2>
         <Part_bigfin>
            <Object_name name="Object name" type="text">bigfin</Object_name>
            <File_name name="File name" type="text">bigfin030123140205.3db</File_name>
            <Index type="int">43</Index>
         </Part_bigfin>
         <Part_Strobe05>
            <Object_name name="Object name" type="text">Strobe05</Object_name>
            <File_name name="File name" type="text">Strobe05030123140205.3db</File_name>
            <Index type="int">44</Index>
         </Part_Strobe05>
         <Part_Strobe03>
            <Object_name name="Object name" type="text">Strobe03</Object_name>
            <File_name name="File name" type="text">Strobe03030123140205.3db</File_name>
            <Index type="int">45</Index>
         </Part_Strobe03>
         <Part_Strobe04>
            <Object_name name="Object name" type="text">Strobe04</Object_name>
            <File_name name="File name" type="text">Strobe04030123140205.3db</File_name>
            <Index type="int">46</Index>
         </Part_Strobe04>
         <Part_SpotLight01_A>
            <Object_name name="Object name" type="text">SpotLight01_A</Object_name>
            <File_name name="File name" type="text">SpotLight01_A030123140205.3db</File_name>
            <Index type="int">47</Index>
         </Part_SpotLight01_A>
         <Part_SpotLight01_B>
            <Object_name name="Object name" type="text">SpotLight01_B</Object_name>
            <File_name name="File name" type="text">SpotLight01_B030123140205.3db</File_name>
            <Index type="int">48</Index>
         </Part_SpotLight01_B>
         <Part_SpotLight01_C>
            <Object_name name="Object name" type="text">SpotLight01_C</Object_name>
            <File_name name="File name" type="text">SpotLight01_C030123140205.3db</File_name>
            <Index type="int">49</Index>
         </Part_SpotLight01_C>
         <Part_SpotLight01_D>
            <Object_name name="Object name" type="text">SpotLight01_D</Object_name>
            <File_name name="File name" type="text">SpotLight01_D030123140205.3db</File_name>
            <Index type="int">50</Index>
         </Part_SpotLight01_D>
         <Cons>
            <Fix type="Fix" count="13">
               <part>
                  <!-- parent      --> "Root",
                  <!-- child       --> "billboard",
                  <!-- position    --> -28.841328, 21.843657, -62.13055,
                  <!-- orientation -->   0.9945219200,  9.2292005e-09,  -0.1045282300,
                                        26.093144e-09,   1.0000000000,  336.55411e-09,
                                         0.1045282300, -337.43791e-09,   0.9945219200
               </part>
               <part>
                  <!-- parent      --> "Root",
                  <!-- child       --> "Building01",
                  <!-- position    --> -59.074238, 22.591688, -71.164207,
                  <!-- orientation -->   0.9743700600, -12.727670e-09,   0.2249510700,
                                        4.3053565e-09,   1.0000000000,  37.931180e-09,
                                        -0.2249510700, -35.990510e-09,   0.9743700600
               </part>
               <part>
                  <!-- parent      --> "Root",
                  <!-- child       --> "Building04",
                  <!-- position    --> 32.792973, 4.4828649, 18.517082,
                  <!-- orientation -->   0.9943737400,   0.0170709880,  -0.1045441000,
                                        -0.0173567720,   0.9998477100,  -0.0018243934,
                                         0.1044970300,   0.0036286770,   0.9945185800
               </part>
               <part>
                  <!-- parent      --> "Root",
                  <!-- child       --> "Building05",
                  <!-- position    --> 121.77585, 20.927383, -20.401537,
                  <!-- orientation -->   0.8571673000,   0.0179745370,  -0.5147243100,
                                       -4.7543636e-09,   0.9993908400,   0.0348994250,
                                         0.5150380700,  -0.0299146440,   0.8566451700
               </part>
               <part>
                  <!-- parent      --> "Root",
                  <!-- child       --> "Fade Mid",
                  <!-- position    --> 2895.5129, -543.48468, -5697.5854,
                  <!-- orientation -->   0.9945219200,  32.775539e-09,  -0.1045281100,
                                       -5.6582898e-09,   1.0000000000,  259.72190e-09,
                                         0.1045281100, -257.70771e-09,   0.9945219200
               </part>
               <part>
                  <!-- parent      --> "Root",
                  <!-- child       --> "fade_front",
                  <!-- position    --> 52.89397, -6.3544555, -146.68474,
                  <!-- orientation -->   1.0000000000, -533.13651e-18, -1.0408341e-15,
                                        533.13651e-18,   1.0000000000, -770.30002e-18,
                                        1.0408341e-15,  770.30002e-18,   1.0000000000
               </part>
               <part>
                  <!-- parent      --> "Root",
                  <!-- child       --> "SpotLight01",
                  <!-- position    --> -63.678825, 27.529196, -62.186054,
                  <!-- orientation -->  -0.0326491150,  -0.9271838100,   0.3731811900,
                                         0.9961947200, -12.656982e-09,   0.0871556920,
                                        -0.0808093400,   0.3746066700,   0.9236556300
               </part>
               <part>
                  <!-- parent      --> "Root",
                  <!-- child       --> "Hokkaido Scape",
                  <!-- position    --> 2895.512, -543.4848, -5697.585,
                  <!-- orientation -->   0.9945219200,  27.440704e-09,  -0.1045281100,
                                       -3.4882306e-09,   1.0000000000,  229.33143e-09,
                                         0.1045281100, -227.71053e-09,   0.9945219200
               </part>
               <part>
                  <!-- parent      --> "Root",
                  <!-- child       --> "trans_rails",
                  <!-- position    --> 130.83514, -41.119652, -90.224899,
                  <!-- orientation -->   0.9945219200,  24.867584e-09,  -0.1045281400,
                                        1.7571458e-09,   1.0000000000,  254.62143e-09,
                                         0.1045281400, -253.41026e-09,   0.9945219200
               </part>
               <part>
                  <!-- parent      --> "Root",
                  <!-- child       --> "banner2",
                  <!-- position    --> -45.24921, 36.037075, -174.58459,
                  <!-- orientation -->   0.9945219200,  37.448032e-09,  -0.1045281500,
                                       -8.0599651e-09,   1.0000000000,  281.57220e-09,
                                         0.1045281500, -279.18722e-09,   0.9945219200
               </part>
               <part>
                  <!-- parent      --> "Root",
                  <!-- child       --> "banner4",
                  <!-- position    --> 128.26794, 90.780037, -7.6791115,
                  <!-- orientation -->   0.6755902200, -72.872048e-09,  -0.7372773300,
                                        74.022559e-09,   1.0000000000, -31.010220e-09,
                                         0.7372773300, -33.624953e-09,   0.6755902200
               </part>
               <part>
                  <!-- parent      --> "Root",
                  <!-- child       --> "newban2",
                  <!-- position    --> 39.925495, -1.8313183, 28.005161,
                  <!-- orientation -->   0.5299194500,   0.8480479700, -38.053450e-09,
                                        75.635860e-09, -2.3907438e-09,   1.0000000000,
                                         0.8480479700,  -0.5299194500, -65.409743e-09
               </part>
               <part>
                  <!-- parent      --> "Root",
                  <!-- child       --> "bigfin",
                  <!-- position    --> 24.220577, 65.253471, 32.539455,
                  <!-- orientation -->   1.0000000000, -533.13651e-18, -1.0408341e-15,
                                        533.13651e-18,   1.0000000000, -770.30002e-18,
                                        1.0408341e-15,  770.30002e-18,   1.0000000000
               </part>
            </Fix>
            <Pris type="Rev" count="22">
               <part>
                  <!-- parent      --> "Root",
                  <!-- child       --> "Elevator01",
                  <!-- position    --> 98.134064, -36.342514, -136.57301,
                  <!-- offset      --> 0, 0, 0,
                  <!-- orientation -->   0.9990482300,  -0.0436195020, -40.574367e-09,
                                        40.321286e-09, -6.6818182e-09,   1.0000000000,
                                        -0.0436195020,  -0.9990482300, -4.9166640e-09,
                  <!-- axis        --> -936.73611e-09,   1.0000000000,  7.4478226e-06,
                  <!-- min, max    --> -17.20015, 15.579939
               </part>
               <part>
                  <!-- parent      --> "Root",
                  <!-- child       --> "Elevator02",
                  <!-- position    --> 114.65197, -28.637556, -137.5426,
                  <!-- offset      --> 0, 0, 0,
                  <!-- orientation -->   0.9990482300,  -0.0436195020, -40.574367e-09,
                                        40.321286e-09, -6.6818182e-09,   1.0000000000,
                                        -0.0436195020,  -0.9990482300, -4.9166640e-09,
                  <!-- axis        -->  1.2729332e-06,  -1.0000000000, -3.0524598e-06,
                  <!-- min, max    --> -7.9597416, 52.026398
               </part>
               <part>
                  <!-- parent      --> "Root",
                  <!-- child       --> "Elevator03",
                  <!-- position    --> 84.182755, -22.716515, -148.1965,
                  <!-- offset      --> 0, 0, 0,
                  <!-- orientation -->   0.6691306800,   0.7431447500, -90.094794e-09,
                                        1.1342275e-09,  120.21326e-09,   1.0000000000,
                                         0.7431447500,  -0.6691306800,  79.595480e-09,
                  <!-- axis        -->  3.7187995e-06,  -1.0000000000, -8.2823008e-06,
                  <!-- min, max    --> 0, 31.386465
               </part>
               <part>
                  <!-- parent      --> "Root",
                  <!-- child       --> "Elevator04",
                  <!-- position    --> 131.27568, -20.517227, -139.43347,
                  <!-- offset      --> 0, 0, 0,
                  <!-- orientation -->   0.9563046700,  -0.2923719300, -68.288102e-09,
                                        64.058078e-09, -24.041501e-09,   1.0000000000,
                                        -0.2923719300,  -0.9563046700, -4.2622168e-09,
                  <!-- axis        -->  2.3402761e-06,  -1.0000000000, -2.9425989e-06,
                  <!-- min, max    --> 0, 33.272964
               </part>
               <part>
                  <!-- parent      --> "Root",
                  <!-- child       --> "Elevator05",
                  <!-- position    --> 146.39851, -37.091541, -143.56615,
                  <!-- offset      --> 0, 0, 0,
                  <!-- orientation -->   0.9537169300,  -0.3007059100, -30.121903e-09,
                                       -2.5537994e-09, -108.27026e-09,   1.0000000000,
                                        -0.3007059100,  -0.9537169300, -104.02712e-09,
                  <!-- axis        --> -3.7308882e-06,   1.0000000000,  8.6502760e-06,
                  <!-- min, max    --> -12.130225, 16.093185
               </part>
               <part>
                  <!-- parent      --> "Root",
                  <!-- child       --> "Traffic_a-01",
                  <!-- position    --> -283.49716, 196.88821, -663.46979,
                  <!-- offset      --> 0, 0, 0,
                  <!-- orientation -->   0.9945218600,   0.1045286700, -94.042164e-09,
                                        59.986355e-09,  328.94729e-09,   1.0000000000,
                                         0.1045286700,  -0.9945218600,  320.87499e-09,
                  <!-- axis        -->  -0.9890183800,  -0.1050573300,  -0.1039501900,
                  <!-- min, max    --> -641.526, 806.7262
               </part>
               <part>
                  <!-- parent      --> "Root",
                  <!-- child       --> "Traffic_a-02",
                  <!-- position    --> -279.78595, 78.871307, -389.0466,
                  <!-- offset      --> 0, 0, 0,
                  <!-- orientation -->   0.9945219200,   0.1045283500, -23.114874e-09,
                                       -11.243326e-09,  328.10820e-09,   1.0000000000,
                                         0.1045283500,  -0.9945219200,  327.48605e-09,
                  <!-- axis        -->   0.9945219200,  42.139646e-09,   0.1045283100,
                  <!-- min, max    --> 0, 679.51892
               </part>
               <part>
                  <!-- parent      --> "Root",
                  <!-- child       --> "Traffic_a-03",
                  <!-- position    --> -229.48468, 51.91209, -402.76642,
                  <!-- offset      --> 0, 0, 0,
                  <!-- orientation -->   0.9945218600,   0.1045286200, -56.667123e-09,
                                        24.089131e-09,  312.92819e-09,   1.0000000000,
                                         0.1045286200,  -0.9945218600,  308.69595e-09,
                  <!-- axis        -->   0.9945219200,  33.683435e-09,   0.1045284300,
                  <!-- min, max    --> 0, 667.97345
               </part>
               <part>
                  <!-- parent      --> "Root",
                  <!-- child       --> "Traffic_a-04",
                  <!-- position    --> 511.63513, 155.77594, -432.71313,
                  <!-- offset      --> 0, 0, 0,
                  <!-- orientation -->  -0.9945218600,  -0.1045285900,  192.86854e-09,
                                        196.85756e-09, -27.845163e-09,   1.0000000000,
                                        -0.1045285900,   0.9945218600,  48.269868e-09,
                  <!-- axis        -->  -0.9945219200, -31.496782e-09,  -0.1045283200,
                  <!-- min, max    --> -109.4865, 940.99805
               </part>
               <part>
                  <!-- parent      --> "Root",
                  <!-- child       --> "Traffic_b-01",
                  <!-- position    --> -528.68658, 71.643234, -380.32397,
                  <!-- offset      --> 0, 0, 0,
                  <!-- orientation -->  -0.9945219200,  -0.1045285200, -126.45333e-09,
                                       -125.46104e-09, -16.068141e-09,   1.0000000000,
                                        -0.1045285200,   0.9945219200,  2.8658607e-09,
                  <!-- axis        -->  -0.9945219200, -47.511516e-09,  -0.1045281700,
                  <!-- min, max    --> -928.61517, 15.784721e-6
               </part>
               <part>
                  <!-- parent      --> "Root",
                  <!-- child       --> "Traffic_b-02",
                  <!-- position    --> -343.88736, 93.503899, -436.43704,
                  <!-- offset      --> 0, 0, 0,
                  <!-- orientation -->   0.9945218600,   0.1045286200, -56.667123e-09,
                                        24.089131e-09,  312.92819e-09,   1.0000000000,
                                         0.1045286200,  -0.9945218600,  308.69595e-09,
                  <!-- axis        -->  -0.9945219200, -33.528185e-09,  -0.1045282900,
                  <!-- min, max    --> -952.96191, 15.740923e-6
               </part>
               <part>
                  <!-- parent      --> "Root",
                  <!-- child       --> "Traffic_b-03",
                  <!-- position    --> -188.60236, 138.12566, -308.16644,
                  <!-- offset      --> 0, 0, 0,
                  <!-- orientation -->   0.9945218600,   0.1045286400, -66.318627e-09,
                                        33.560045e-09,  315.15214e-09,   1.0000000000,
                                         0.1045286400,  -0.9945218600,  309.91771e-09,
                  <!-- axis        -->   0.9945219200,  32.467117e-09,   0.1045284900,
                  <!-- min, max    --> -182.53572, 556.40338
               </part>
               <part>
                  <!-- parent      --> "Root",
                  <!-- child       --> "Traffic_b-04",
                  <!-- position    --> 534.30542, 163.9552, -450.82031,
                  <!-- offset      --> 0, 0, 0,
                  <!-- orientation -->  -0.9887728700,  -0.1494261800,  132.64511e-09,
                                        159.81692e-09, -169.83317e-09,   1.0000000000,
                                        -0.1494261800,   0.9887728700,  191.80727e-09,
                  <!-- axis        -->   0.9945219200,  43.873086e-09,   0.1045282700,
                  <!-- min, max    --> -1001.7327, 280.10391
               </part>
               <part>
                  <!-- parent      --> "Root",
                  <!-- child       --> "Traffic_c-01",
                  <!-- position    --> -563.73584, 60.700493, -395.39847,
                  <!-- offset      --> 0, 0, 0,
                  <!-- orientation -->   0.9945219200,   0.1045283600,  95.438423e-09,
                                       -101.11653e-09,  49.021857e-09,   1.0000000000,
                                         0.1045283600,  -0.9945219200,  59.322854e-09,
                  <!-- axis        -->  -0.9945219200, -65.707212e-09,  -0.1045282900,
                  <!-- min, max    --> -928.61523, 28.126764e-6
               </part>
               <part>
                  <!-- parent      --> "Root",
                  <!-- child       --> "Traffic_c-02",
                  <!-- position    --> 28.213007, 60.655884, -389.40836,
                  <!-- offset      --> 0, 0, 0,
                  <!-- orientation -->   0.9945218600,   0.1045286200, -56.667123e-09,
                                        24.089131e-09,  312.92819e-09,   1.0000000000,
                                         0.1045286200,  -0.9945218600,  308.69595e-09,
                  <!-- axis        -->   0.9944952100,   0.0073269564,   0.1045254800,
                  <!-- min, max    --> -382.09161, 427.69553
               </part>
               <part>
                  <!-- parent      --> "Root",
                  <!-- child       --> "Traffic_c-03",
                  <!-- position    --> 209.03149, 61.780407, -418.22696,
                  <!-- offset      --> 0, 0, 0,
                  <!-- orientation -->   0.9945218600,   0.1045286600, -121.74360e-09,
                                        89.405439e-09,  314.05676e-09,   1.0000000000,
                                         0.1045286600,  -0.9945218600,  302.99088e-09,
                  <!-- axis        -->  -0.9945219200, -30.922873e-09,  -0.1045283700,
                  <!-- min, max    --> 0, 534.4502
               </part>
               <part>
                  <!-- parent      --> "Root",
                  <!-- child       --> "Traffic_c-04",
                  <!-- position    --> 502.03183, 127.73189, -456.72137,
                  <!-- offset      --> 0, 0, 0,
                  <!-- orientation -->   0.9945218600,   0.1045287300, -228.65254e-09,
                                        228.71330e-09,  11.405010e-09,   1.0000000000,
                                         0.1045287300,  -0.9945218600, -12.564580e-09,
                  <!-- axis        -->   0.9898212600,  -0.0971118290,   0.1040342200,
                  <!-- min, max    --> -807.08527, 939.35596
               </part>
               <part>
                  <!-- parent      --> "Root",
                  <!-- child       --> "Traffic_d-01",
                  <!-- position    --> -541.42377, 46.353859, -354.76111,
                  <!-- offset      --> 0, 0, 0,
                  <!-- orientation -->   0.9945219200,   0.1045283600,  95.438423e-09,
                                       -101.11653e-09,  49.021857e-09,   1.0000000000,
                                         0.1045283600,  -0.9945219200,  59.322854e-09,
                  <!-- axis        -->   0.9945219200,  57.601817e-09,   0.1045283600,
                  <!-- min, max    --> 0, 928.61523
               </part>
               <part>
                  <!-- parent      --> "Root",
                  <!-- child       --> "Traffic_d-02",
                  <!-- position    --> -192.66504, 47.063011, -395.22375,
                  <!-- offset      --> 0, 0, 0,
                  <!-- orientation -->   0.9945218600,   0.1045286200, -56.667123e-09,
                                        24.089131e-09,  312.92819e-09,   1.0000000000,
                                         0.1045286200,  -0.9945218600,  308.69595e-09,
                  <!-- axis        -->   0.9925926900,   0.0622573090,   0.1043254600,
                  <!-- min, max    --> -1.5283978, 646.83154
               </part>
               <part>
                  <!-- parent      --> "Root",
                  <!-- child       --> "Traffic_d-03",
                  <!-- position    --> 393.04501, 125.007, -281.32242,
                  <!-- offset      --> 0, 0, 0,
                  <!-- orientation -->  -0.9945219200,  -0.1045283500, -97.611142e-09,
                                       -93.850275e-09, -40.897856e-09,   1.0000000000,
                                        -0.1045283500,   0.9945219200,  30.863799e-09,
                  <!-- axis        -->   0.9945219200,  40.631665e-09,   0.1045283100,
                  <!-- min, max    --> -691.17188, 15.082111e-6
               </part>
               <part>
                  <!-- parent      --> "Root",
                  <!-- child       --> "Traffic_d-04",
                  <!-- position    --> 534.36493, 92.852402, -438.29675,
                  <!-- offset      --> 0, 0, 0,
                  <!-- orientation -->  -0.8615412100,  -0.5076876300,  253.16257e-09,
                                        260.11784e-09,  57.240570e-09,   1.0000000000,
                                        -0.5076876300,   0.8615412100,  82.743497e-09,
                  <!-- axis        -->  -0.9924387900,  -0.0646901280,  -0.1043095200,
                  <!-- min, max    --> -815.33307, 807.08527
               </part>
               <part>
                  <!-- parent      --> "Root",
                  <!-- child       --> "chopper_poly",
                  <!-- position    --> -220.83932, 55.305386, -936.28168,
                  <!-- offset      --> 0, 0, 0,
                  <!-- orientation -->   0.2547662600,   0.8780834700,  -0.4050476800,
                                        -0.1879650800,   0.4558475300,   0.8699840300,
                                         0.9485585100,  -0.1455077500,   0.2811836000,
                  <!-- axis        --> -33.873555e-09,   1.0000000000,  69.620754e-09,
                  <!-- min, max    --> -300.79929, 29.506386
               </part>
            </Pris>
            <Rev type="Rev" count="10">
               <part>
                  <!-- parent      --> "Root",
                  <!-- child       --> "Flag Thing01",
                  <!-- position    --> -15.370141, 80.97, -30.052927,
                  <!-- offset      --> 0, 0, 0,
                  <!-- orientation -->   1.0000000000,  24.911731e-12,  7.4097648e-09,
                                       -24.911727e-12,   1.0000000000, -482.87652e-12,
                                       -7.4097648e-09,  482.87652e-12,   1.0000000000,
                  <!-- axis        -->  -0.0022268242,   0.9999975000,  27.065875e-09,
                  <!-- min, max    --> -6.2831855, 6.2831855
               </part>
               <part>
                  <!-- parent      --> "Root",
                  <!-- child       --> "Sat01",
                  <!-- position    --> 129.62532, -6.4191642, -197.07629,
                  <!-- offset      --> 0, 0, 0,
                  <!-- orientation -->   0.9945219200,   0.1045283500, -33.674240e-09,
                                        30.771169e-09,  29.385712e-09,   1.0000000000,
                                         0.1045283500,  -0.9945219200,  26.008275e-09,
                  <!-- axis        -->  -0.0011121406,   0.9999994000,  20.828255e-09,
                  <!-- min, max    --> -6.2831855, 6.2831855
               </part>
               <part>
                  <!-- parent      --> "Root",
                  <!-- child       --> "Sat02",
                  <!-- position    --> 147.12688, -5.3482804, -209.43129,
                  <!-- offset      --> 0, 0, 0,
                  <!-- orientation -->   0.9945219200,   0.1045283500, -21.716197e-09,
                                        20.026453e-09,  17.214955e-09,   1.0000000000,
                                         0.1045283500,  -0.9945219200,  15.027318e-09,
                  <!-- axis        -->   0.0011121415,  -0.9999994000, -20.311830e-09,
                  <!-- min, max    --> -6.2831855, 6.2831855
               </part>
               <part>
                  <!-- parent      --> "Root",
                  <!-- child       --> "Sat03",
                  <!-- position    --> 150.52376, -6.4191642, -171.44034,
                  <!-- offset      --> 0, 0, 0,
                  <!-- orientation -->   0.9945219200,   0.1045283500, -33.674240e-09,
                                        30.771169e-09,  29.385712e-09,   1.0000000000,
                                         0.1045283500,  -0.9945219200,  26.008275e-09,
                  <!-- axis        -->  -0.0011121406,   0.9999994000,  20.828255e-09,
                  <!-- min, max    --> -6.2831855, 6.2831855
               </part>
               <part>
                  <!-- parent      --> "Root",
                  <!-- child       --> "Strobe05",
                  <!-- position    --> 129.88512, -6.3544841, -197.13239,
                  <!-- offset      --> 0, 0, 0,
                  <!-- orientation -->  -0.3630932900,  -0.9013429900,  -0.2361017900,
                                        -0.6181004600,   0.4226180900,  -0.6628316000,
                                         0.6972194900,  -0.0947350790,  -0.7105703400,
                  <!-- axis        -->   0.1059336800, -43.283382e-09,  -0.9943732000,
                  <!-- min, max    --> -1.08552, 0.53231996
