<?xml version="1.0" encoding="ISO-8859-1"?>
<!-- XML generated by UTFXML Version 2.2 built 19-Aug-2010 -->
<UTFXML filename="ku_harajuku_station_bar.cmp" path="BASES\KUSARI">
   <UTF_ROOT>
      <VMeshLibrary>
         <data.bases.kusari.ku_harajuku_station_bar.lod0-112.vms include="ku_harajuku_station_bar_cmp\lod0-112.vms.xml"/>
         <data.bases.kusari.ku_harajuku_station_bar.lod0-212.vms include="ku_harajuku_station_bar_cmp\lod0-212.vms.xml"/>
      </VMeshLibrary>
      <Exporter_Version name="Exporter Version" type="text">Nov  5 2002 11:41:55</Exporter_Version>
      <Cmpnd>
         <Root>
            <Object_name name="Object name" type="text">Root</Object_name>
            <File_name name="File name" type="text">Root_bar021210183320.3db</File_name>
            <Index type="int">0</Index>
         </Root>
         <Part__lift_1maps name="Part_ lift 1maps">
            <Object_name name="Object name" type="text">" lift 1maps"</Object_name>
            <File_name name="File name" type="text">" lift 1maps021210183320.3db"</File_name>
            <Index type="int">1</Index>
         </Part__lift_1maps>
         <Part__lift_1maps01 name="Part_ lift 1maps01">
            <Object_name name="Object name" type="text">" lift 1maps01"</Object_name>
            <File_name name="File name" type="text">" lift 1maps01021210183320.3db"</File_name>
            <Index type="int">2</Index>
         </Part__lift_1maps01>
         <Part__Lift3maps01 name="Part_ Lift3maps01">
            <Object_name name="Object name" type="text">" Lift3maps01"</Object_name>
            <File_name name="File name" type="text">" Lift3maps01021210183320.3db"</File_name>
            <Index type="int">3</Index>
         </Part__Lift3maps01>
         <Part_Bridge_seat_2meps01 name="Part_Bridge seat 2meps01">
            <Object_name name="Object name" type="text">Bridge seat 2meps01</Object_name>
            <File_name name="File name" type="text">Bridge seat 2meps01021210183320.3db</File_name>
            <Index type="int">4</Index>
         </Part_Bridge_seat_2meps01>
         <Part_Bridge_seat_2meps02 name="Part_Bridge seat 2meps02">
            <Object_name name="Object name" type="text">Bridge seat 2meps02</Object_name>
            <File_name name="File name" type="text">Bridge seat 2meps02021210183320.3db</File_name>
            <Index type="int">5</Index>
         </Part_Bridge_seat_2meps02>
         <Part_Bridge_seat_2meps05 name="Part_Bridge seat 2meps05">
            <Object_name name="Object name" type="text">Bridge seat 2meps05</Object_name>
            <File_name name="File name" type="text">Bridge seat 2meps05021210183320.3db</File_name>
            <Index type="int">6</Index>
         </Part_Bridge_seat_2meps05>
         <Part_Detal-ot>
            <Object_name name="Object name" type="text">Detal-ot</Object_name>
            <File_name name="File name" type="text">Detal-ot021210183320.3db</File_name>
            <Index type="int">7</Index>
         </Part_Detal-ot>
         <Part_diagram_board03 name="Part_diagram board03">
            <Object_name name="Object name" type="text">diagram board03</Object_name>
            <File_name name="File name" type="text">diagram board03021210183320.3db</File_name>
            <Index type="int">8</Index>
         </Part_diagram_board03>
         <Part_Elbows_11 name="Part_Elbows 11">
            <Object_name name="Object name" type="text">Elbows 11</Object_name>
            <File_name name="File name" type="text">Elbows 11021210183320.3db</File_name>
            <Index type="int">9</Index>
         </Part_Elbows_11>
         <Part_Electrical_tube__1 name="Part_Electrical tube  1">
            <Object_name name="Object name" type="text">Electrical tube  1</Object_name>
            <File_name name="File name" type="text">Electrical tube  1021210183320.3db</File_name>
            <Index type="int">10</Index>
         </Part_Electrical_tube__1>
         <Part_Electrical_tube__2 name="Part_Electrical tube  2">
            <Object_name name="Object name" type="text">Electrical tube  2</Object_name>
            <File_name name="File name" type="text">Electrical tube  2021210183320.3db</File_name>
            <Index type="int">11</Index>
         </Part_Electrical_tube__2>
         <Part_Electrical_tube__3 name="Part_Electrical tube  3">
            <Object_name name="Object name" type="text">Electrical tube  3</Object_name>
            <File_name name="File name" type="text">Electrical tube  3021210183320.3db</File_name>
            <Index type="int">12</Index>
         </Part_Electrical_tube__3>
         <Part_Electrical_tube__4 name="Part_Electrical tube  4">
            <Object_name name="Object name" type="text">Electrical tube  4</Object_name>
            <File_name name="File name" type="text">Electrical tube  4021210183320.3db</File_name>
            <Index type="int">13</Index>
         </Part_Electrical_tube__4>
         <Part_Holder_1maps01 name="Part_Holder 1maps01">
            <Object_name name="Object name" type="text">Holder 1maps01</Object_name>
            <File_name name="File name" type="text">Holder 1maps01021210183320.3db</File_name>
            <Index type="int">14</Index>
         </Part_Holder_1maps01>
         <Part_Holder07>
            <Object_name name="Object name" type="text">Holder07</Object_name>
            <File_name name="File name" type="text">Holder07021210183320.3db</File_name>
            <Index type="int">15</Index>
         </Part_Holder07>
         <Part_Holder08>
            <Object_name name="Object name" type="text">Holder08</Object_name>
            <File_name name="File name" type="text">Holder08021210183320.3db</File_name>
            <Index type="int">16</Index>
         </Part_Holder08>
         <Part_Holder09>
            <Object_name name="Object name" type="text">Holder09</Object_name>
            <File_name name="File name" type="text">Holder09021210183320.3db</File_name>
            <Index type="int">17</Index>
         </Part_Holder09>
         <Part_Holder10>
            <Object_name name="Object name" type="text">Holder10</Object_name>
            <File_name name="File name" type="text">Holder10021210183320.3db</File_name>
            <Index type="int">18</Index>
         </Part_Holder10>
         <Part_Key01>
            <Object_name name="Object name" type="text">Key01</Object_name>
            <File_name name="File name" type="text">Key01021210183320.3db</File_name>
            <Index type="int">19</Index>
         </Part_Key01>
         <Part_Line79>
            <Object_name name="Object name" type="text">Line79</Object_name>
            <File_name name="File name" type="text">Line79021210183320.3db</File_name>
            <Index type="int">20</Index>
         </Part_Line79>
         <Part_Line81Maps01>
            <Object_name name="Object name" type="text">Line81Maps01</Object_name>
            <File_name name="File name" type="text">Line81Maps01021210183320.3db</File_name>
            <Index type="int">21</Index>
         </Part_Line81Maps01>
         <Part_Line82>
            <Object_name name="Object name" type="text">Line82</Object_name>
            <File_name name="File name" type="text">Line82021210183320.3db</File_name>
            <Index type="int">22</Index>
         </Part_Line82>
         <Part_Line83>
            <Object_name name="Object name" type="text">Line83</Object_name>
            <File_name name="File name" type="text">Line83021210183320.3db</File_name>
            <Index type="int">23</Index>
         </Part_Line83>
         <Part_Line84>
            <Object_name name="Object name" type="text">Line84</Object_name>
            <File_name name="File name" type="text">Line84021210183320.3db</File_name>
            <Index type="int">24</Index>
         </Part_Line84>
         <Part_miros_Geit name="Part_miros Geit">
            <Object_name name="Object name" type="text">miros Geit</Object_name>
            <File_name name="File name" type="text">miros Geit021210183320.3db</File_name>
            <Index type="int">25</Index>
         </Part_miros_Geit>
         <Part_Not_visibl__m1 name="Part_Not visibl _m1">
            <Object_name name="Object name" type="text">Not visibl _m1</Object_name>
            <File_name name="File name" type="text">Not visibl _m1021210183320.3db</File_name>
            <Index type="int">26</Index>
         </Part_Not_visibl__m1>
         <Part_Not_visual_Be name="Part_Not visual Be">
            <Object_name name="Object name" type="text">Not visual Be</Object_name>
            <File_name name="File name" type="text">Not visual Be021210183320.3db</File_name>
            <Index type="int">27</Index>
         </Part_Not_visual_Be>
         <Part_Not_visual_Behind_top_2 name="Part_Not visual Behind top 2">
            <Object_name name="Object name" type="text">Not visual Behind top 2</Object_name>
            <File_name name="File name" type="text">Not visual Behind top 2021210183320.3db</File_name>
            <Index type="int">28</Index>
         </Part_Not_visual_Behind_top_2>
         <Part_Not_visual_Behind3 name="Part_Not visual Behind3">
            <Object_name name="Object name" type="text">Not visual Behind3</Object_name>
            <File_name name="File name" type="text">Not visual Behind3021210183320.3db</File_name>
            <Index type="int">29</Index>
         </Part_Not_visual_Behind3>
         <Part_Not_visual_Behind4 name="Part_Not visual Behind4">
            <Object_name name="Object name" type="text">Not visual Behind4</Object_name>
            <File_name name="File name" type="text">Not visual Behind4021210183320.3db</File_name>
            <Index type="int">30</Index>
         </Part_Not_visual_Behind4>
         <Part_Not_visual_Behind05 name="Part_Not visual Behind05">
            <Object_name name="Object name" type="text">Not visual Behind05</Object_name>
            <File_name name="File name" type="text">Not visual Behind05021210183320.3db</File_name>
            <Index type="int">31</Index>
         </Part_Not_visual_Behind05>
         <Part_Not_visual_lait2 name="Part_Not visual lait2">
            <Object_name name="Object name" type="text">Not visual lait2</Object_name>
            <File_name name="File name" type="text">Not visual lait2021210183320.3db</File_name>
            <Index type="int">32</Index>
         </Part_Not_visual_lait2>
         <Part_Not_visual_Laits19 name="Part_Not visual Laits19">
            <Object_name name="Object name" type="text">Not visual Laits19</Object_name>
            <File_name name="File name" type="text">Not visual Laits19021210183320.3db</File_name>
            <Index type="int">33</Index>
         </Part_Not_visual_Laits19>
         <Part_Not_visual_top_1 name="Part_Not visual top 1">
            <Object_name name="Object name" type="text">Not visual top 1</Object_name>
            <File_name name="File name" type="text">Not visual top 1021210183320.3db</File_name>
            <Index type="int">34</Index>
         </Part_Not_visual_top_1>
         <Part_Not_visual01 name="Part_Not visual01">
            <Object_name name="Object name" type="text">Not visual01</Object_name>
            <File_name name="File name" type="text">Not visual01021210183320.3db</File_name>
            <Index type="int">35</Index>
         </Part_Not_visual01>
         <Part_Not_visual02 name="Part_Not visual02">
            <Object_name name="Object name" type="text">Not visual02</Object_name>
            <File_name name="File name" type="text">Not visual02021210183320.3db</File_name>
            <Index type="int">36</Index>
         </Part_Not_visual02>
         <Part_Not_visual007 name="Part_Not visual007">
            <Object_name name="Object name" type="text">Not visual007</Object_name>
            <File_name name="File name" type="text">Not visual007021210183320.3db</File_name>
            <Index type="int">37</Index>
         </Part_Not_visual007>
         <Part_Not_visual18 name="Part_Not visual18">
            <Object_name name="Object name" type="text">Not visual18</Object_name>
            <File_name name="File name" type="text">Not visual18021210183320.3db</File_name>
            <Index type="int">38</Index>
         </Part_Not_visual18>
         <Part_Not_visual107 name="Part_Not visual107">
            <Object_name name="Object name" type="text">Not visual107</Object_name>
            <File_name name="File name" type="text">Not visual107021210183320.3db</File_name>
            <Index type="int">39</Index>
         </Part_Not_visual107>
         <Part_Not_visual207 name="Part_Not visual207">
            <Object_name name="Object name" type="text">Not visual207</Object_name>
            <File_name name="File name" type="text">Not visual207021210183320.3db</File_name>
            <Index type="int">40</Index>
         </Part_Not_visual207>
         <Part_Not_visualt17 name="Part_Not visualt17">
            <Object_name name="Object name" type="text">Not visualt17</Object_name>
            <File_name name="File name" type="text">Not visualt17021210183320.3db</File_name>
            <Index type="int">41</Index>
         </Part_Not_visualt17>
         <Part_Object04>
            <Object_name name="Object name" type="text">Object04</Object_name>
            <File_name name="File name" type="text">Object04021210183320.3db</File_name>
            <Index type="int">42</Index>
         </Part_Object04>
         <Part_Object06>
            <Object_name name="Object name" type="text">Object06</Object_name>
            <File_name name="File name" type="text">Object06021210183320.3db</File_name>
            <Index type="int">43</Index>
         </Part_Object06>
         <Part_Object09>
            <Object_name name="Object name" type="text">Object09</Object_name>
            <File_name name="File name" type="text">Object09021210183320.3db</File_name>
            <Index type="int">44</Index>
         </Part_Object09>
         <Part_Object11>
            <Object_name name="Object name" type="text">Object11</Object_name>
            <File_name name="File name" type="text">Object11021210183320.3db</File_name>
            <Index type="int">45</Index>
         </Part_Object11>
         <Part_Object12>
            <Object_name name="Object name" type="text">Object12</Object_name>
            <File_name name="File name" type="text">Object12021210183320.3db</File_name>
            <Index type="int">46</Index>
         </Part_Object12>
         <Part_Object13>
            <Object_name name="Object name" type="text">Object13</Object_name>
            <File_name name="File name" type="text">Object13021210183320.3db</File_name>
            <Index type="int">47</Index>
         </Part_Object13>
         <Part_main_floor>
            <Object_name name="Object name" type="text">main_floor</Object_name>
            <File_name name="File name" type="text">main_floor021210183320.3db</File_name>
            <Index type="int">48</Index>
         </Part_main_floor>
         <Part_newsVendor>
            <Object_name name="Object name" type="text">newsVendor</Object_name>
            <File_name name="File name" type="text">newsVendor021210183320.3db</File_name>
            <Index type="int">49</Index>
         </Part_newsVendor>
         <Part_Rhin_04>
            <Object_name name="Object name" type="text">Rhin_04</Object_name>
            <File_name name="File name" type="text">Rhin_04021210183320.3db</File_name>
            <Index type="int">50</Index>
         </Part_Rhin_04>
         <Part_Rhin_09>
            <Object_name name="Object name" type="text">Rhin_09</Object_name>
            <File_name name="File name" type="text">Rhin_09021210183320.3db</File_name>
            <Index type="int">51</Index>
         </Part_Rhin_09>
         <Part_Rhin_11>
            <Object_name name="Object name" type="text">Rhin_11</Object_name>
            <File_name name="File name" type="text">Rhin_11021210183320.3db</File_name>
            <Index type="int">52</Index>
         </Part_Rhin_11>
         <Part_Rhin_12>
            <Object_name name="Object name" type="text">Rhin_12</Object_name>
            <File_name name="File name" type="text">Rhin_12021210183320.3db</File_name>
            <Index type="int">53</Index>
         </Part_Rhin_12>
         <Part_Rhin_20>
            <Object_name name="Object name" type="text">Rhin_20</Object_name>
            <File_name name="File name" type="text">Rhin_20021210183320.3db</File_name>
            <Index type="int">54</Index>
         </Part_Rhin_20>
         <Part_Rhin_23>
            <Object_name name="Object name" type="text">Rhin_23</Object_name>
            <File_name name="File name" type="text">Rhin_23021210183320.3db</File_name>
            <Index type="int">55</Index>
         </Part_Rhin_23>
         <Part_Ship_frame01maps10 name="Part_Ship frame01maps10">
            <Object_name name="Object name" type="text">Ship frame01maps10</Object_name>
            <File_name name="File name" type="text">Ship frame01maps10021210183320.3db</File_name>
            <Index type="int">56</Index>
         </Part_Ship_frame01maps10>
         <Part_Ship_frame01maps11 name="Part_Ship frame01maps11">
            <Object_name name="Object name" type="text">Ship frame01maps11</Object_name>
            <File_name name="File name" type="text">Ship frame01maps11021210183320.3db</File_name>
            <Index type="int">57</Index>
         </Part_Ship_frame01maps11>
         <Part_Ship_frame01maps12 name="Part_Ship frame01maps12">
            <Object_name name="Object name" type="text">Ship frame01maps12</Object_name>
            <File_name name="File name" type="text">Ship frame01maps12021210183320.3db</File_name>
            <Index type="int">58</Index>
         </Part_Ship_frame01maps12>
         <Part_Ship_frame01maps13 name="Part_Ship frame01maps13">
            <Object_name name="Object name" type="text">Ship frame01maps13</Object_name>
            <File_name name="File name" type="text">Ship frame01maps13021210183320.3db</File_name>
            <Index type="int">59</Index>
         </Part_Ship_frame01maps13>
         <Part_Ship_frame01maps14 name="Part_Ship frame01maps14">
            <Object_name name="Object name" type="text">Ship frame01maps14</Object_name>
            <File_name name="File name" type="text">Ship frame01maps14021210183320.3db</File_name>
            <Index type="int">60</Index>
         </Part_Ship_frame01maps14>
         <Part_Ship_frame01maps15 name="Part_Ship frame01maps15">
            <Object_name name="Object name" type="text">Ship frame01maps15</Object_name>
            <File_name name="File name" type="text">Ship frame01maps15021210183320.3db</File_name>
            <Index type="int">61</Index>
         </Part_Ship_frame01maps15>
         <Part_Ship_frame01maps17 name="Part_Ship frame01maps17">
            <Object_name name="Object name" type="text">Ship frame01maps17</Object_name>
            <File_name name="File name" type="text">Ship frame01maps17021210183320.3db</File_name>
            <Index type="int">62</Index>
         </Part_Ship_frame01maps17>
         <Part_Ship_frame01maps18 name="Part_Ship frame01maps18">
            <Object_name name="Object name" type="text">Ship frame01maps18</Object_name>
            <File_name name="File name" type="text">Ship frame01maps18021210183320.3db</File_name>
            <Index type="int">63</Index>
         </Part_Ship_frame01maps18>
         <Part_Ship_frame44maps14 name="Part_Ship frame44maps14">
            <Object_name name="Object name" type="text">Ship frame44maps14</Object_name>
            <File_name name="File name" type="text">Ship frame44maps14021210183320.3db</File_name>
            <Index type="int">64</Index>
         </Part_Ship_frame44maps14>
         <Part_Ship_frame44maps15 name="Part_Ship frame44maps15">
            <Object_name name="Object name" type="text">Ship frame44maps15</Object_name>
            <File_name name="File name" type="text">Ship frame44maps15021210183320.3db</File_name>
            <Index type="int">65</Index>
         </Part_Ship_frame44maps15>
         <Part_Ship_frame44maps16 name="Part_Ship frame44maps16">
            <Object_name name="Object name" type="text">Ship frame44maps16</Object_name>
            <File_name name="File name" type="text">Ship frame44maps16021210183320.3db</File_name>
            <Index type="int">66</Index>
         </Part_Ship_frame44maps16>
         <Part_Ship_frame44maps17 name="Part_Ship frame44maps17">
            <Object_name name="Object name" type="text">Ship frame44maps17</Object_name>
            <File_name name="File name" type="text">Ship frame44maps17021210183320.3db</File_name>
            <Index type="int">67</Index>
         </Part_Ship_frame44maps17>
         <Part_Ship_frame44maps20 name="Part_Ship frame44maps20">
            <Object_name name="Object name" type="text">Ship frame44maps20</Object_name>
            <File_name name="File name" type="text">Ship frame44maps20021210183320.3db</File_name>
            <Index type="int">68</Index>
         </Part_Ship_frame44maps20>
         <Part_Ship_frame44maps21 name="Part_Ship frame44maps21">
            <Object_name name="Object name" type="text">Ship frame44maps21</Object_name>
            <File_name name="File name" type="text">Ship frame44maps21021210183320.3db</File_name>
            <Index type="int">69</Index>
         </Part_Ship_frame44maps21>
         <Part_Ship_frame44maps22 name="Part_Ship frame44maps22">
            <Object_name name="Object name" type="text">Ship frame44maps22</Object_name>
            <File_name name="File name" type="text">Ship frame44maps22021210183320.3db</File_name>
            <Index type="int">70</Index>
         </Part_Ship_frame44maps22>
         <Part_Ship_frame44maps23 name="Part_Ship frame44maps23">
            <Object_name name="Object name" type="text">Ship frame44maps23</Object_name>
            <File_name name="File name" type="text">Ship frame44maps23021210183320.3db</File_name>
            <Index type="int">71</Index>
         </Part_Ship_frame44maps23>
         <Part_Skylptyr02>
            <Object_name name="Object name" type="text">Skylptyr02</Object_name>
            <File_name name="File name" type="text">Skylptyr02021210183320.3db</File_name>
            <Index type="int">72</Index>
         </Part_Skylptyr02>
         <Part_Starke_B_11>
            <Object_name name="Object name" type="text">Starke_B_11</Object_name>
            <File_name name="File name" type="text">Starke_B_11021210183320.3db</File_name>
            <Index type="int">73</Index>
         </Part_Starke_B_11>
         <Part_Starke_leftt>
            <Object_name name="Object name" type="text">Starke_leftt</Object_name>
            <File_name name="File name" type="text">Starke_leftt021210183320.3db</File_name>
            <Index type="int">74</Index>
         </Part_Starke_leftt>
         <Part_booth>
            <Object_name name="Object name" type="text">booth</Object_name>
            <File_name name="File name" type="text">booth021210183320.3db</File_name>
            <Index type="int">75</Index>
         </Part_booth>
         <Part_dome>
            <Object_name name="Object name" type="text">dome</Object_name>
            <File_name name="File name" type="text">dome021210183320.3db</File_name>
            <Index type="int">76</Index>
         </Part_dome>
         <Part_dome_end>
            <Object_name name="Object name" type="text">dome_end</Object_name>
            <File_name name="File name" type="text">dome_end021210183320.3db</File_name>
            <Index type="int">77</Index>
         </Part_dome_end>
         <Part_Mesh01>
            <Object_name name="Object name" type="text">Mesh01</Object_name>
            <File_name name="File name" type="text">Mesh01021210183320.3db</File_name>
            <Index type="int">78</Index>
         </Part_Mesh01>
         <Part_Object01>
            <Object_name name="Object name" type="text">Object01</Object_name>
            <File_name name="File name" type="text">Object01021210183320.3db</File_name>
            <Index type="int">79</Index>
         </Part_Object01>
         <Part_missionVendor>
            <Object_name name="Object name" type="text">missionVendor</Object_name>
            <File_name name="File name" type="text">missionVendor021210183320.3db</File_name>
            <Index type="int">80</Index>
         </Part_missionVendor>
         <Part_Object14>
            <Object_name name="Object name" type="text">Object14</Object_name>
            <File_name name="File name" type="text">Object14021210183320.3db</File_name>
            <Index type="int">81</Index>
         </Part_Object14>
         <Part_Object15>
            <Object_name name="Object name" type="text">Object15</Object_name>
            <File_name name="File name" type="text">Object15021210183320.3db</File_name>
            <Index type="int">82</Index>
         </Part_Object15>
         <Part_Object16>
            <Object_name name="Object name" type="text">Object16</Object_name>
            <File_name name="File name" type="text">Object16021210183320.3db</File_name>
            <Index type="int">83</Index>
         </Part_Object16>
         <Cons>
            <Fix type="Fix" count="83">
               <part>
                  <!-- parent      --> "Root",
                  <!-- child       --> " lift 1maps",
                  <!-- position    --> 2.5037408, -0.65521449, -4.7060795,
                  <!-- orientation -->   1.0000000000,  197.65982e-24,  423.51647e-24,
                                       -197.65982e-24,   1.0000000000, -2.4286023e-21,
                                       -423.51647e-24,  2.4286023e-21,   1.0000000000
               </part>
               <part>
                  <!-- parent      --> "Root",
                  <!-- child       --> " lift 1maps01",
                  <!-- position    --> 2.5039058, -0.65521419, 4.7758479,
                  <!-- orientation -->   1.0000000000,  197.65982e-24,  423.51647e-24,
                                       -197.65982e-24,   1.0000000000, -2.4286023e-21,
                                       -423.51647e-24,  2.4286023e-21,   1.0000000000
               </part>
               <part>
                  <!-- parent      --> "Root",
                  <!-- child       --> " Lift3maps01",
                  <!-- position    --> 3.422997, -2.1352932, 3.887207,
                  <!-- orientation -->   1.0000000000,  197.65982e-24,  423.51647e-24,
                                       -197.65982e-24,   1.0000000000, -2.4286023e-21,
                                       -423.51647e-24,  2.4286023e-21,   1.0000000000
               </part>
               <part>
                  <!-- parent      --> "Root",
                  <!-- child       --> "Bridge seat 2meps01",
                  <!-- position    --> -6.7587857, 1.4623522, 0.01152106,
                  <!-- orientation -->   1.0000000000,  197.65982e-24,  423.51647e-24,
                                       -197.65982e-24,   1.0000000000, -2.4286023e-21,
                                       -423.51647e-24,  2.4286023e-21,   1.0000000000
               </part>
               <part>
                  <!-- parent      --> "Root",
                  <!-- child       --> "Bridge seat 2meps02",
                  <!-- position    --> -6.7587857, 1.4623522, 0.084010862,
                  <!-- orientation -->   1.0000000000,  197.65982e-24,  423.51647e-24,
                                       -197.65982e-24,   1.0000000000, -2.4286023e-21,
                                       -423.51647e-24,  2.4286023e-21,   1.0000000000
               </part>
               <part>
                  <!-- parent      --> "Root",
                  <!-- child       --> "Bridge seat 2meps05",
                  <!-- position    --> 6.9207664, 1.4623507, -5.5206084,
                  <!-- orientation -->   1.0000000000,  197.65982e-24,  423.51647e-24,
                                       -197.65982e-24,   1.0000000000, -2.4286023e-21,
                                       -423.51647e-24,  2.4286023e-21,   1.0000000000
               </part>
               <part>
                  <!-- parent      --> "Root",
                  <!-- child       --> "Detal-ot",
                  <!-- position    --> -6.7587848, 1.4623522, -6.1312833,
                  <!-- orientation -->   1.0000000000,  197.65982e-24,  423.51647e-24,
                                       -197.65982e-24,   1.0000000000, -2.4286023e-21,
                                       -423.51647e-24,  2.4286023e-21,   1.0000000000
               </part>
               <part>
                  <!-- parent      --> "Root",
                  <!-- child       --> "diagram board03",
                  <!-- position    --> -4.9690604, 1.2330905, 7.5736032,
                  <!-- orientation -->   1.0000000000,  197.65982e-24,  423.51647e-24,
                                       -197.65982e-24,   1.0000000000, -2.4286023e-21,
                                       -423.51647e-24,  2.4286023e-21,   1.0000000000
               </part>
               <part>
                  <!-- parent      --> "Root",
                  <!-- child       --> "Elbows 11",
                  <!-- position    --> 0.1310593, 2.0896122, -1.3805436,
                  <!-- orientation -->   1.0000000000,  197.65982e-24,  423.51647e-24,
                                       -197.65982e-24,   1.0000000000, -2.4286023e-21,
                                       -423.51647e-24,  2.4286023e-21,   1.0000000000
               </part>
               <part>
                  <!-- parent      --> "Root",
                  <!-- child       --> "Electrical tube  1",
                  <!-- position    --> 0.49599811, -0.27300102, 8.4224224,
                  <!-- orientation -->   1.0000000000,  197.65982e-24,  423.51647e-24,
                                       -197.65982e-24,   1.0000000000, -2.4286023e-21,
                                       -423.51647e-24,  2.4286023e-21,   1.0000000000
               </part>
               <part>
                  <!-- parent      --> "Root",
                  <!-- child       --> "Electrical tube  2",
                  <!-- position    --> -0.18719082, -0.18381786, 8.5345697,
                  <!-- orientation -->   1.0000000000,  197.65982e-24,  423.51647e-24,
                                       -197.65982e-24,   1.0000000000, -2.4286023e-21,
                                       -423.51647e-24,  2.4286023e-21,   1.0000000000
               </part>
               <part>
                  <!-- parent      --> "Root",
                  <!-- child       --> "Electrical tube  3",
                  <!-- position    --> 0.49600112, -0.27300537, -0.14182296,
                  <!-- orientation -->   1.0000000000,  197.65982e-24,  423.51647e-24,
                                       -197.65982e-24,   1.0000000000, -2.4286023e-21,
                                       -423.51647e-24,  2.4286023e-21,   1.0000000000
               </part>
               <part>
                  <!-- parent      --> "Root",
                  <!-- child       --> "Electrical tube  4",
                  <!-- position    --> -0.16782741, -0.27382541, -0.16199352,
                  <!-- orientation -->   1.0000000000,  197.65982e-24,  423.51647e-24,
                                       -197.65982e-24,   1.0000000000, -2.4286023e-21,
                                       -423.51647e-24,  2.4286023e-21,   1.0000000000
               </part>
               <part>
                  <!-- parent      --> "Root",
                  <!-- child       --> "Holder 1maps01",
                  <!-- position    --> 1.0119417, -0.43055487, 8.9498587,
                  <!-- orientation -->   1.0000000000,  197.65982e-24,  423.51647e-24,
                                       -197.65982e-24,   1.0000000000, -2.4286023e-21,
                                       -423.51647e-24,  2.4286023e-21,   1.0000000000
               </part>
               <part>
                  <!-- parent      --> "Root",
                  <!-- child       --> "Holder07",
                  <!-- position    --> 4.1569362, 0.25071818, -12.178587,
                  <!-- orientation -->   1.0000000000,  197.65982e-24,  423.51647e-24,
                                       -197.65982e-24,   1.0000000000, -2.4286023e-21,
                                       -423.51647e-24,  2.4286023e-21,   1.0000000000
               </part>
               <part>
                  <!-- parent      --> "Root",
                  <!-- child       --> "Holder08",
                  <!-- position    --> 4.1569333, 0.25071853, 1.1746429,
                  <!-- orientation -->   1.0000000000,  197.65982e-24,  423.51647e-24,
                                       -197.65982e-24,   1.0000000000, -2.4286023e-21,
                                       -423.51647e-24,  2.4286023e-21,   1.0000000000
               </part>
               <part>
                  <!-- parent      --> "Root",
                  <!-- child       --> "Holder09",
                  <!-- position    --> 4.1569352, 0.25071818, -10.10996,
                  <!-- orientation -->   1.0000000000,  197.65982e-24,  423.51647e-24,
                                       -197.65982e-24,   1.0000000000, -2.4286023e-21,
                                       -423.51647e-24,  2.4286023e-21,   1.0000000000
               </part>
               <part>
                  <!-- parent      --> "Root",
                  <!-- child       --> "Holder10",
                  <!-- position    --> 4.1569338, 0.25071853, -1.1580052,
                  <!-- orientation -->   1.0000000000,  197.65982e-24,  423.51647e-24,
                                       -197.65982e-24,   1.0000000000, -2.4286023e-21,
                                       -423.51647e-24,  2.4286023e-21,   1.0000000000
               </part>
               <part>
                  <!-- parent      --> "Root",
                  <!-- child       --> "Key01",
                  <!-- position    --> -3.914489, -0.18992788, 2.8834138,
                  <!-- orientation -->   1.0000000000,  197.65982e-24,  423.51647e-24,
                                       -197.65982e-24,   1.0000000000, -2.4286023e-21,
                                       -423.51647e-24,  2.4286023e-21,   1.0000000000
               </part>
               <part>
                  <!-- parent      --> "Root",
                  <!-- child       --> "Line79",
                  <!-- position    --> 4.034687, -0.14490968, 0.9479965,
                  <!-- orientation -->   1.0000000000,  197.65982e-24,  423.51647e-24,
                                       -197.65982e-24,   1.0000000000, -2.4286023e-21,
                                       -423.51647e-24,  2.4286023e-21,   1.0000000000
               </part>
               <part>
                  <!-- parent      --> "Root",
                  <!-- child       --> "Line81Maps01",
                  <!-- position    --> -5.1773806, 0.43565029, 7.5806203,
                  <!-- orientation -->   1.0000000000,  197.65982e-24,  423.51647e-24,
                                       -197.65982e-24,   1.0000000000, -2.4286023e-21,
                                       -423.51647e-24,  2.4286023e-21,   1.0000000000
               </part>
               <part>
                  <!-- parent      --> "Root",
                  <!-- child       --> "Line82",
                  <!-- position    --> 4.034687, -0.14490974, -1.1245646,
                  <!-- orientation -->   1.0000000000,  197.65982e-24,  423.51647e-24,
                                       -197.65982e-24,   1.0000000000, -2.4286023e-21,
                                       -423.51647e-24,  2.4286023e-21,   1.0000000000
               </part>
               <part>
                  <!-- parent      --> "Root",
                  <!-- child       --> "Line83",
                  <!-- position    --> -3.7080169, -0.13206273, 0.94799531,
                  <!-- orientation -->   1.0000000000,  197.65982e-24,  423.51647e-24,
                                       -197.65982e-24,   1.0000000000, -2.4286023e-21,
                                       -423.51647e-24,  2.4286023e-21,   1.0000000000
               </part>
               <part>
                  <!-- parent      --> "Root",
                  <!-- child       --> "Line84",
                  <!-- position    --> -3.7080166, -0.13206279, -1.0532709,
                  <!-- orientation -->   1.0000000000,  197.65982e-24,  423.51647e-24,
                                       -197.65982e-24,   1.0000000000, -2.4286023e-21,
                                       -423.51647e-24,  2.4286023e-21,   1.0000000000
               </part>
               <part>
                  <!-- parent      --> "Root",
                  <!-- child       --> "miros Geit",
                  <!-- position    --> 0.25514677, -0.057769235, 0.0098419823,
                  <!-- orientation -->   1.0000000000,  197.65982e-24,  423.51647e-24,
                                       -197.65982e-24,   1.0000000000, -2.4286023e-21,
                                       -423.51647e-24,  2.4286023e-21,   1.0000000000
               </part>
               <part>
                  <!-- parent      --> "Root",
                  <!-- child       --> "Not visibl _m1",
                  <!-- position    --> 0.7244857, 0.33739632, 10.015871,
                  <!-- orientation -->   1.0000000000,  197.65982e-24,  423.51647e-24,
                                       -197.65982e-24,   1.0000000000, -2.4286023e-21,
                                       -423.51647e-24,  2.4286023e-21,   1.0000000000
               </part>
               <part>
                  <!-- parent      --> "Root",
                  <!-- child       --> "Not visual Be",
                  <!-- position    --> -7.5047841, 1.2074989, 8.3567867,
                  <!-- orientation -->   1.0000000000,  197.65982e-24,  423.51647e-24,
                                       -197.65982e-24,   1.0000000000, -2.4286023e-21,
                                       -423.51647e-24,  2.4286023e-21,   1.0000000000
               </part>
               <part>
                  <!-- parent      --> "Root",
                  <!-- child       --> "Not visual Behind top 2",
                  <!-- position    --> 0.074840233, 6.678597, 0.049942542,
                  <!-- orientation -->   1.0000000000,  197.65982e-24,  423.51647e-24,
                                       -197.65982e-24,   1.0000000000, -2.4286023e-21,
                                       -423.51647e-24,  2.4286023e-21,   1.0000000000
               </part>
               <part>
                  <!-- parent      --> "Root",
                  <!-- child       --> "Not visual Behind3",
                  <!-- position    --> -7.5047851, 1.2074991, 13.894684,
                  <!-- orientation -->   1.0000000000,  197.65982e-24,  423.51647e-24,
                                       -197.65982e-24,   1.0000000000, -2.4286023e-21,
                                       -423.51647e-24,  2.4286023e-21,   1.0000000000
               </part>
               <part>
                  <!-- parent      --> "Root",
                  <!-- child       --> "Not visual Behind4",
                  <!-- position    --> -7.6897192, 1.2074989, 11.125736,
                  <!-- orientation -->   1.0000000000,  197.65982e-24,  423.51647e-24,
                                       -197.65982e-24,   1.0000000000, -2.4286023e-21,
                                       -423.51647e-24,  2.4286023e-21,   1.0000000000
               </part>
               <part>
                  <!-- parent      --> "Root",
                  <!-- child       --> "Not visual Behind05",
                  <!-- position    --> 4.3812976, -0.39600271, -9.2714481,
