<?xml version="1.0" encoding="ISO-8859-1"?>
<!-- XML generated by UTFXML Version 2.2 built 19-Aug-2010 -->
<UTFXML filename="ku_honshu_bar.cmp" path="BASES\KUSARI">
   <UTF_ROOT>
      <VMeshLibrary>
         <data.bases.kusari.ku_honshu_bar.lod0-112.vms include="ku_honshu_bar_cmp\lod0-112.vms.xml"/>
         <data.bases.kusari.ku_honshu_bar.lod0-212.vms include="ku_honshu_bar_cmp\lod0-212.vms.xml"/>
      </VMeshLibrary>
      <Exporter_Version name="Exporter Version" type="text">Nov  5 2002 11:41:55</Exporter_Version>
      <Cmpnd>
         <Root>
            <Object_name name="Object name" type="text">Root</Object_name>
            <File_name name="File name" type="text">Root_bar030116102122.3db</File_name>
            <Index type="int">0</Index>
         </Root>
         <Part_Fan01>
            <Object_name name="Object name" type="text">Fan01</Object_name>
            <File_name name="File name" type="text">Fan01030116102122.3db</File_name>
            <Index type="int">1</Index>
         </Part_Fan01>
         <Part_Mission_Vendor>
            <Object_name name="Object name" type="text">Mission_Vendor</Object_name>
            <File_name name="File name" type="text">Mission_Vendor030116102122.3db</File_name>
            <Index type="int">2</Index>
         </Part_Mission_Vendor>
         <Part_Room>
            <Object_name name="Object name" type="text">Room</Object_name>
            <File_name name="File name" type="text">Room030116102122.3db</File_name>
            <Index type="int">3</Index>
         </Part_Room>
         <Part_Fan02>
            <Object_name name="Object name" type="text">Fan02</Object_name>
            <File_name name="File name" type="text">Fan02030116102122.3db</File_name>
            <Index type="int">4</Index>
         </Part_Fan02>
         <Part_cap>
            <Object_name name="Object name" type="text">cap</Object_name>
            <File_name name="File name" type="text">cap030116102122.3db</File_name>
            <Index type="int">5</Index>
         </Part_cap>
         <Part_News_Vendor>
            <Object_name name="Object name" type="text">News_Vendor</Object_name>
            <File_name name="File name" type="text">News_Vendor030116102122.3db</File_name>
            <Index type="int">6</Index>
         </Part_News_Vendor>
         <Part_table__bar>
            <Object_name name="Object name" type="text">table__bar</Object_name>
            <File_name name="File name" type="text">table__bar030116102122.3db</File_name>
            <Index type="int">7</Index>
         </Part_table__bar>
         <Cons>
            <Fix type="Fix" count="5">
               <part>
                  <!-- parent      --> "Root",
                  <!-- child       --> "Mission_Vendor",
                  <!-- position    --> -8.1338406, 1.6140583, -1.1220273,
                  <!-- orientation -->   1.0000000000,  9.3767504e-15, -3.2007169e-15,
                                       -9.3767504e-15,   1.0000000000,  2.8095761e-15,
                                        3.2007169e-15, -2.8095761e-15,   1.0000000000
               </part>
               <part>
                  <!-- parent      --> "Root",
                  <!-- child       --> "Room",
                  <!-- position    --> -2.7039981, 4.397521, -1.9249382,
                  <!-- orientation -->   1.0000000000,  9.3767504e-15, -3.2007169e-15,
                                       -9.3767504e-15,   1.0000000000,  2.8095761e-15,
                                        3.2007169e-15, -2.8095761e-15,   1.0000000000
               </part>
               <part>
                  <!-- parent      --> "Root",
                  <!-- child       --> "cap",
                  <!-- position    --> 0.261383, 8.7897234, -0.30872452,
                  <!-- orientation --> -119.19378e-09, -11.984902e-09,   1.0000000000,
                                       -40.870912e-09,   1.0000000000,  11.984898e-09,
                                        -1.0000000000, -40.870912e-09, -119.19378e-09
               </part>
               <part>
                  <!-- parent      --> "Root",
                  <!-- child       --> "News_Vendor",
                  <!-- position    --> -8.1487312, 3.8687453, -1.1220272,
                  <!-- orientation -->   1.0000000000,  9.3767504e-15, -3.2007169e-15,
                                       -9.3767504e-15,   1.0000000000,  2.8095761e-15,
                                        3.2007169e-15, -2.8095761e-15,   1.0000000000
               </part>
               <part>
                  <!-- parent      --> "Root",
                  <!-- child       --> "table__bar",
                  <!-- position    --> -2.7039981, 4.397521, -1.9249382,
                  <!-- orientation -->   1.0000000000, -18.950226e-15, -3.4675454e-15,
                                        18.950226e-15,   1.0000000000, -899.64375e-12,
                                        3.4675454e-15,  899.64375e-12,   1.0000000000
               </part>
            </Fix>
            <Rev type="Rev" count="2">
               <part>
                  <!-- parent      --> "Root",
                  <!-- child       --> "Fan01",
                  <!-- position    --> 2.1040552, 4.8967566, -6.2630157,
                  <!-- offset      --> 0, 0, 0,
                  <!-- orientation -->   1.0000000000,  42.146876e-09,  3.7018461e-15,
                                       -42.146876e-09,   1.0000000000, -683.97982e-12,
                                       -3.7306736e-15,  683.97982e-12,   1.0000000000,
                  <!-- axis        -->  362.45840e-12,  161.42289e-12,   1.0000000000,
                  <!-- min, max    --> -6.2831855, 6.2831855
               </part>
               <part>
                  <!-- parent      --> "Root",
                  <!-- child       --> "Fan02",
                  <!-- position    --> -5.2678566, 4.8967581, -6.2630153,
                  <!-- offset      --> 0, 0, 0,
                  <!-- orientation -->   1.0000000000,  42.146876e-09,  3.7018461e-15,
                                       -42.146876e-09,   1.0000000000, -683.97982e-12,
                                       -3.7306736e-15,  683.97982e-12,   1.0000000000,
                  <!-- axis        -->  362.45840e-12,  161.42289e-12,   1.0000000000,
                  <!-- min, max    --> -6.2831855, 6.2831855
               </part>
            </Rev>
         </Cons>
      </Cmpnd>
      <Animation>
         <Script>
            <Sc_ku_honshu_bar>
               <Joint_map_0 name="Joint map 0">
                  <Parent_name name="Parent name" type="text">Root</Parent_name>
                  <Child_name name="Child name" type="text">Fan01</Child_name>
                  <Channel>
                     <Header type="Header">
                        <!-- count    --> 3,
                        <!-- interval --> Explicit,
                        <!-- flags    --> 0x1
                     </Header>
                     <Frames type="Frames" count="3">
                          0.0000000000:   0.0000000000
                          3.2666669000:   3.0787656000
                          3.3333335000:  -3.1415899000
                     </Frames>
                  </Channel>
               </Joint_map_0>
               <Joint_map_1 name="Joint map 1">
                  <Parent_name name="Parent name" type="text">Root</Parent_name>
                  <Child_name name="Child name" type="text">Fan02</Child_name>
                  <Channel>
                     <Header type="Header">
                        <!-- count    --> 3,
                        <!-- interval --> Explicit,
                        <!-- flags    --> 0x1
                     </Header>
                     <Frames type="Frames" count="3">
                          0.0000000000:   0.0000000000
                          3.2666669000:   3.0787656000
                          3.3333335000:  -3.1415899000
                     </Frames>
                  </Channel>
               </Joint_map_1>
            </Sc_ku_honshu_bar>
         </Script>
      </Animation>
      <Material_library name="Material library">
         <Material_count name="Material count" type="int">36</Material_count>
         <detailmap_kusari_floor>
            <Type type="text">DcDtBt</Type>
            <Dt_name type="text">kusari_bars-31.tga</Dt_name>
            <Dt_flags type="int">0x40</Dt_flags>
            <Bt_name type="text">dtl_tile11.tga</Bt_name>
            <Bt_flags type="int">0x50</Bt_flags>
         </detailmap_kusari_floor>
         <detailmap_Kusari_Bars-04.tga>
            <Type type="text">DcDtBtEc</Type>
            <Dt_name type="text">kusari_bars-04.tga</Dt_name>
            <Dt_flags type="int">0x40</Dt_flags>
            <Bt_name type="text">dtl_tile11.tga</Bt_name>
            <Bt_flags type="int">0x50</Bt_flags>
            <Ec type="RGB">0.4, 0.4, 0.4</Ec>
         </detailmap_Kusari_Bars-04.tga>
         <Kusari_Bars-05.tga>
            <Dt_name type="text">kusari_bars-05.tga</Dt_name>
            <Ec type="RGB">0.4, 0.4, 0.4</Ec>
            <Dm1_name type="text">dtl_tile11.tga</Dm1_name>
            <Dm1_flags type="int">0x40</Dm1_flags>
            <Dm0_flags type="int">0x40</Dm0_flags>
            <TileRate0 type="float">10</TileRate0>
            <TileRate1 type="float">10</TileRate1>
            <Type type="text">Masked2DetailMapMaterial</Type>
            <Dm0_name type="text">dtl_tile11.tga</Dm0_name>
            <Dt_flags type="int">0x40</Dt_flags>
         </Kusari_Bars-05.tga>
         <Kusari_Bars-06.tga>
            <Dt_name type="text">kusari_bars-06.tga</Dt_name>
            <Ec type="RGB">0.65, 0.65, 0.65</Ec>
            <Dm0_name type="text">dtl_tile11.tga</Dm0_name>
            <Dm1_name type="text">dtl_tile11.tga</Dm1_name>
            <Dt_flags type="int">0x40</Dt_flags>
            <Type type="text">Masked2DetailMapMaterial</Type>
            <TileRate1 type="float">10</TileRate1>
            <TileRate0 type="float">10</TileRate0>
            <Dm0_flags type="int">0x40</Dm0_flags>
            <Dm1_flags type="int">0x40</Dm1_flags>
         </Kusari_Bars-06.tga>
         <Kusari_Bars-02.tga>
            <Dt_name type="text">kusari_bars-02.tga</Dt_name>
            <Ec type="RGB">0.5, 0.5, 0.5</Ec>
            <Dm0_name type="text">dtl_tile11.tga</Dm0_name>
            <Dm1_name type="text">dtl_tile11.tga</Dm1_name>
            <Dm1_flags type="int">0x40</Dm1_flags>
            <Dm0_flags type="int">0x40</Dm0_flags>
            <TileRate0 type="float">10</TileRate0>
            <TileRate1 type="float">10</TileRate1>
            <Type type="text">Masked2DetailMapMaterial</Type>
            <Dt_flags type="int">0x40</Dt_flags>
         </Kusari_Bars-02.tga>
         <Jap_News>
            <Type type="text">DcDtEc</Type>
            <Dt_name type="text">news02.tga</Dt_name>
            <Dt_flags type="int">0x40</Dt_flags>
            <Ec type="RGB">0.85, 0.85, 0.85</Ec>
         </Jap_News>
         <Kusari_Bars-23.tga>
            <Dt_name type="text">kusari_bars-23.tga</Dt_name>
            <Dm0_name type="text">dtl_tile11.tga</Dm0_name>
            <Dm1_name type="text">dtl_tile11.tga</Dm1_name>
            <Dm1_flags type="int">0x40</Dm1_flags>
            <Dm0_flags type="int">0x40</Dm0_flags>
            <TileRate0 type="float">10</TileRate0>
            <TileRate1 type="float">10</TileRate1>
            <Type type="text">Masked2DetailMapMaterial</Type>
            <Dt_flags type="int">0x40</Dt_flags>
         </Kusari_Bars-23.tga>
         <Kusari_Bars-25.tga>
            <Type type="text">DcDtEc</Type>
            <Dt_name type="text">kusari_bars-25.tga</Dt_name>
            <Dt_flags type="int">0x40</Dt_flags>
            <Ec type="RGB">0.6, 0.6, 0.6</Ec>
         </Kusari_Bars-25.tga>
         <Kusari_Bars-10.tga>
            <Dt_name type="text">kusari_bars-10.tga</Dt_name>
            <Dm0_name type="text">dtl_tile11.tga</Dm0_name>
            <Dm1_name type="text">dtl_tile11.tga</Dm1_name>
            <Dm1_flags type="int">0x40</Dm1_flags>
            <Dm0_flags type="int">0x40</Dm0_flags>
            <TileRate0 type="float">10</TileRate0>
            <TileRate1 type="float">10</TileRate1>
            <Type type="text">Masked2DetailMapMaterial</Type>
            <Dt_flags type="int">0x40</Dt_flags>
         </Kusari_Bars-10.tga>
         <kusari_bars-29>
            <Type type="text">DcDtEc</Type>
            <Dt_name type="text">kusari_bars-29.tga</Dt_name>
            <Dt_flags type="int">0x40</Dt_flags>
            <Ec type="RGB">0.4, 0.4, 0.4</Ec>
         </kusari_bars-29>
         <Kusari_Bars-09.tga>
            <Dt_name type="text">kusari_bars-09.tga</Dt_name>
            <Dm0_name type="text">dtl_tile11.tga</Dm0_name>
            <Dm1_name type="text">dtl_tile11.tga</Dm1_name>
            <Dm1_flags type="int">0x40</Dm1_flags>
            <Dm0_flags type="int">0x40</Dm0_flags>
            <TileRate0 type="float">10</TileRate0>
            <TileRate1 type="float">10</TileRate1>
            <Type type="text">Masked2DetailMapMaterial</Type>
            <Dt_flags type="int">0x40</Dt_flags>
         </Kusari_Bars-09.tga>
         <Kusari_Bars-12.tga>
            <Dt_name type="text">kusari_bars-12.tga</Dt_name>
            <Dm0_name type="text">dtl_tile11.tga</Dm0_name>
            <Dm1_name type="text">dtl_tile11.tga</Dm1_name>
            <Dm1_flags type="int">0x40</Dm1_flags>
            <Dm0_flags type="int">0x40</Dm0_flags>
            <TileRate0 type="float">10</TileRate0>
            <TileRate1 type="float">10</TileRate1>
            <Type type="text">Masked2DetailMapMaterial</Type>
            <Dt_flags type="int">0x40</Dt_flags>
         </Kusari_Bars-12.tga>
         <Kusari_Bars-11.tga>
            <Type type="text">DcDt</Type>
            <Dt_name type="text">kusari_bars-11.tga</Dt_name>
            <Dt_flags type="int">0x40</Dt_flags>
         </Kusari_Bars-11.tga>
         <Kusari_Bars-30.tga>
            <Dt_name type="text">kusari_bars-30.tga</Dt_name>
            <Dm0_name type="text">dtl_tile11.tga</Dm0_name>
            <Dm1_name type="text">dtl_tile11.tga</Dm1_name>
            <Dm1_flags type="int">0x40</Dm1_flags>
            <Dm0_flags type="int">0x40</Dm0_flags>
            <TileRate0 type="float">10</TileRate0>
            <TileRate1 type="float">10</TileRate1>
            <Type type="text">Masked2DetailMapMaterial</Type>
            <Dt_flags type="int">0x40</Dt_flags>
         </Kusari_Bars-30.tga>
         <Kusari_Bars-08.tga>
            <Dt_name type="text">kusari_bars-08.tga</Dt_name>
            <Dm0_name type="text">dtl_tile11.tga</Dm0_name>
            <Dm1_name type="text">dtl_tile11.tga</Dm1_name>
            <Dm1_flags type="int">0x40</Dm1_flags>
            <Dm0_flags type="int">0x40</Dm0_flags>
            <TileRate0 type="float">10</TileRate0>
            <TileRate1 type="float">10</TileRate1>
            <Type type="text">Masked2DetailMapMaterial</Type>
            <Dt_flags type="int">0x40</Dt_flags>
         </Kusari_Bars-08.tga>
         <Kusari_Bars-07.tga>
            <Dt_name type="text">kusari_bars-07.tga</Dt_name>
            <Dm0_name type="text">dtl_tile11.tga</Dm0_name>
            <Dm1_name type="text">dtl_tile11.tga</Dm1_name>
            <Dm1_flags type="int">0x40</Dm1_flags>
            <Dm0_flags type="int">0x40</Dm0_flags>
            <TileRate0 type="float">10</TileRate0>
            <TileRate1 type="float">10</TileRate1>
            <Type type="text">Masked2DetailMapMaterial</Type>
            <Dt_flags type="int">0x40</Dt_flags>
         </Kusari_Bars-07.tga>
         <Kusari_Bars-15.tga>
            <Dt_name type="text">kusari_bars-15.tga</Dt_name>
            <Ec type="RGB">0.4, 0.4, 0.4</Ec>
            <Dm1_name type="text">dtl_tile11.tga</Dm1_name>
            <Dm0_name type="text">dtl_tile11.tga</Dm0_name>
            <Dm1_flags type="int">0x40</Dm1_flags>
            <TileRate1 type="float">10</TileRate1>
            <Dm0_flags type="int">0x40</Dm0_flags>
            <TileRate0 type="float">10</TileRate0>
            <Dt_flags type="int">0x40</Dt_flags>
            <Type type="text">Masked2DetailMapMaterial</Type>
         </Kusari_Bars-15.tga>
         <detailmap_Kusari_Bars-16.tga>
            <Type type="text">DcDtBtEc</Type>
            <Dt_name type="text">kusari_bars-16.tga</Dt_name>
            <Dt_flags type="int">0x40</Dt_flags>
            <Bt_name type="text">dtl_tile11.tga</Bt_name>
            <Bt_flags type="int">0x50</Bt_flags>
            <Ec type="RGB">0.9, 0.9, 0.9</Ec>
         </detailmap_Kusari_Bars-16.tga>
         <Kusari_Bars-14.tga>
            <Type type="text">DcDt</Type>
            <Dt_name type="text">kusari_bars-14.tga</Dt_name>
            <Dt_flags type="int">0x40</Dt_flags>
         </Kusari_Bars-14.tga>
         <Kusari_Bars-13.tga>
            <Type type="text">DcDt</Type>
            <Dt_name type="text">kusari_bars-13.tga</Dt_name>
            <Dt_flags type="int">0x40</Dt_flags>
         </Kusari_Bars-13.tga>
         <Kusari_Bars-26.tga>
            <Type type="text">DcDtEcOcOt</Type>
            <Dt_name type="text">kusari_bars-26.tgakusari_bars-28.tga</Dt_name>
            <Dt_flags type="int">0x40</Dt_flags>
            <Ec type="RGB">0.85, 0.85, 0.85</Ec>
            <Oc type="float">0.9</Oc>
         </Kusari_Bars-26.tga>
         <Kusari_Bars-27.tga>
            <Type type="text">DcDtEcOcOt</Type>
            <Dt_name type="text">kusari_bars-27.tgakusari_bars-28.tga</Dt_name>
            <Dt_flags type="int">0x40</Dt_flags>
            <Ec type="RGB">0.85, 0.85, 0.85</Ec>
            <Oc type="float">0.9</Oc>
         </Kusari_Bars-27.tga>
         <Kusari_Bars-17.tga>
            <Dt_name type="text">kusari_bars-17.tga</Dt_name>
            <Dm1_name type="text">dtl_tile11.tga</Dm1_name>
            <Dm0_name type="text">dtl_tile11.tga</Dm0_name>
            <Dm1_flags type="int">0x40</Dm1_flags>
            <TileRate1 type="float">10</TileRate1>
            <Dm0_flags type="int">0x40</Dm0_flags>
            <TileRate0 type="float">10</TileRate0>
            <Dt_flags type="int">0x40</Dt_flags>
            <Type type="text">Masked2DetailMapMaterial</Type>
         </Kusari_Bars-17.tga>
         <Kusari_Bars-20.tga>
            <Dt_name type="text">kusari_bars-20.tga</Dt_name>
            <Dm1_name type="text">dtl_tile11.tga</Dm1_name>
            <Dm0_name type="text">dtl_tile11.tga</Dm0_name>
            <Dm1_flags type="int">0x40</Dm1_flags>
            <TileRate1 type="float">10</TileRate1>
            <Dm0_flags type="int">0x40</Dm0_flags>
            <TileRate0 type="float">10</TileRate0>
            <Dt_flags type="int">0x40</Dt_flags>
            <Type type="text">Masked2DetailMapMaterial</Type>
         </Kusari_Bars-20.tga>
         <detailmap_Kusari_Bars-03.tga>
            <Type type="text">DcDtBtEc</Type>
            <Dt_name type="text">kusari_bars-03.tga</Dt_name>
            <Dt_flags type="int">0x40</Dt_flags>
            <Bt_name type="text">dtl_tile11.tga</Bt_name>
            <Bt_flags type="int">0x50</Bt_flags>
            <Ec type="RGB">0.4, 0.4, 0.4</Ec>
         </detailmap_Kusari_Bars-03.tga>
         <Jap_Exit>
            <Type type="text">DcDtEcOcOt</Type>
            <Dt_name type="text">jap_exit.tga</Dt_name>
            <Dt_flags type="int">0x40</Dt_flags>
            <Ec type="RGB">1, 1, 1</Ec>
            <Oc type="float">0.8</Oc>
         </Jap_Exit>
         <Kusari_Bars-24.tga>
            <Dt_name type="text">kusari_bars-24.tga</Dt_name>
            <Dm1_name type="text">dtl_tile11.tga</Dm1_name>
            <Dm0_name type="text">dtl_tile11.tga</Dm0_name>
            <Dm1_flags type="int">0x40</Dm1_flags>
            <TileRate1 type="float">10</TileRate1>
            <Dm0_flags type="int">0x40</Dm0_flags>
            <TileRate0 type="float">10</TileRate0>
            <Dt_flags type="int">0x40</Dt_flags>
            <Type type="text">Masked2DetailMapMaterial</Type>
         </Kusari_Bars-24.tga>
         <Material__206 name="Material #206">
            <Type type="text">DcDt</Type>
            <Dt_name type="text">ceiling_cap.tga</Dt_name>
            <Dt_flags type="int">0x40</Dt_flags>
         </Material__206>
         <Jap_Mission>
            <Type type="text">DcDtEcOcOt</Type>
            <Dt_name type="text">jap_mission.tga</Dt_name>
            <Dt_flags type="int">0x40</Dt_flags>
            <Ec type="RGB">1, 1, 1</Ec>
            <Oc type="float">0.8</Oc>
         </Jap_Mission>
         <Kusari_Bars-18.tga>
            <Type type="text">DcDt</Type>
            <Dt_name type="text">kusari_bars-18.tga</Dt_name>
            <Dt_flags type="int">0x40</Dt_flags>
         </Kusari_Bars-18.tga>
         <Kusari_Bars-31.tga>
            <Type type="text">DcDtEc</Type>
            <Dt_name type="text">kusari_bars-31.tga</Dt_name>
            <Dt_flags type="int">0x40</Dt_flags>
            <Ec type="RGB">0.4, 0.4, 0.4</Ec>
         </Kusari_Bars-31.tga>
         <detailmap_Kusari_Bars-22.tga>
            <Type type="text">DcDtBtEc</Type>
            <Dt_name type="text">kusari_bars-22.tga</Dt_name>
            <Dt_flags type="int">0x40</Dt_flags>
            <Bt_name type="text">detailmap_ground01.tga</Bt_name>
            <Bt_flags type="int">0x50</Bt_flags>
            <Ec type="RGB">0.35, 0.35, 0.35</Ec>
         </detailmap_Kusari_Bars-22.tga>
         <Kusari_Bars-01.tga>
            <Type type="text">DcDtEc</Type>
            <Dt_name type="text">kusari_bars-01.tga</Dt_name>
            <Dt_flags type="int">0x40</Dt_flags>
            <Ec type="RGB">0.5, 0.5, 0.5</Ec>
         </Kusari_Bars-01.tga>
         <kusari_bars-32.tga>
            <Dt_name type="text">kusari_bars-32.tga</Dt_name>
            <Dm1_name type="text">dtl_tile11.tga</Dm1_name>
            <Dm0_name type="text">dtl_tile11.tga</Dm0_name>
            <Dm1_flags type="int">0x40</Dm1_flags>
            <Dm0_flags type="int">0x40</Dm0_flags>
            <TileRate1 type="float">10</TileRate1>
            <TileRate0 type="float">10</TileRate0>
            <Dt_flags type="int">0x40</Dt_flags>
            <Type type="text">Masked2DetailMapMaterial</Type>
         </kusari_bars-32.tga>
         <kusari_bars-32_dark.tga>
            <Type type="text">DcDt</Type>
            <Dt_name type="text">kusari_bars-32_dark.tga</Dt_name>
            <Dt_flags type="int">0x40</Dt_flags>
         </kusari_bars-32_dark.tga>
         <detailmap_kusari_bars-01.tga>
            <Type type="text">DcDtBt</Type>
            <Dt_name type="text">kusari_bars-01.tga</Dt_name>
            <Dt_flags type="int">0x40</Dt_flags>
            <Bt_name type="text">dtl_tile06.tga</Bt_name>
            <Bt_flags type="int">0x50</Bt_flags>
         </detailmap_kusari_bars-01.tga>
      </Material_library>
      <Texture_library name="Texture library">
         <dtl_tile06.tga>
            <MIPS type="file" filename="ku_honshu_bar_cmp\dtl_tile06.dds"/>
         </dtl_tile06.tga>
         <kusari_bars-32_dark.tga>
            <MIPS type="file" filename="ku_honshu_bar_cmp\kusari_bars-32_dark.dds"/>
         </kusari_bars-32_dark.tga>
         <kusari_bars-32.tga>
            <MIPS type="file" filename="ku_honshu_bar_cmp\kusari_bars-32.dds"/>
         </kusari_bars-32.tga>
         <kusari_bars-01.tga>
            <MIPS type="file" filename="ku_honshu_bar_cmp\kusari_bars-01.dds"/>
         </kusari_bars-01.tga>
         <detailmap_ground01.tga>
            <MIPS type="file" filename="ku_honshu_bar_cmp\detailmap_ground01.dds"/>
         </detailmap_ground01.tga>
         <kusari_bars-22.tga>
            <MIPS type="file" filename="ku_honshu_bar_cmp\kusari_bars-22.dds"/>
         </kusari_bars-22.tga>
         <kusari_bars-18.tga>
            <MIPS type="file" filename="ku_honshu_bar_cmp\kusari_bars-18.dds"/>
         </kusari_bars-18.tga>
         <jap_mission.tga>
            <MIPS type="file" filename="ku_honshu_bar_cmp\jap_mission.dds"/>
         </jap_mission.tga>
         <ceiling_cap.tga>
            <MIPS type="file" filename="ku_honshu_bar_cmp\ceiling_cap.dds"/>
         </ceiling_cap.tga>
         <kusari_bars-24.tga>
            <MIPS type="file" filename="ku_honshu_bar_cmp\kusari_bars-24.dds"/>
         </kusari_bars-24.tga>
         <jap_exit.tga>
            <MIPS type="file" filename="ku_honshu_bar_cmp\jap_exit.dds"/>
         </jap_exit.tga>
         <kusari_bars-03.tga>
            <MIPS type="file" filename="ku_honshu_bar_cmp\kusari_bars-03.dds"/>
         </kusari_bars-03.tga>
         <kusari_bars-20.tga>
            <MIPS type="file" filename="ku_honshu_bar_cmp\kusari_bars-20.dds"/>
         </kusari_bars-20.tga>
         <kusari_bars-17.tga>
            <MIPS type="file" filename="ku_honshu_bar_cmp\kusari_bars-17.dds"/>
         </kusari_bars-17.tga>
         <kusari_bars-27.tgakusari_bars-28.tga>
            <MIPS type="file" filename="ku_honshu_bar_cmp\kusari_bars-27.tgakusari_bars-28.dds"/>
         </kusari_bars-27.tgakusari_bars-28.tga>
         <kusari_bars-26.tgakusari_bars-28.tga>
            <MIPS type="file" filename="ku_honshu_bar_cmp\kusari_bars-26.tgakusari_bars-28.dds"/>
         </kusari_bars-26.tgakusari_bars-28.tga>
         <kusari_bars-13.tga>
            <MIPS type="file" filename="ku_honshu_bar_cmp\kusari_bars-13.dds"/>
         </kusari_bars-13.tga>
         <kusari_bars-14.tga>
            <MIPS type="file" filename="ku_honshu_bar_cmp\kusari_bars-14.dds"/>
         </kusari_bars-14.tga>
         <kusari_bars-16.tga>
            <MIPS type="file" filename="ku_honshu_bar_cmp\kusari_bars-16.dds"/>
         </kusari_bars-16.tga>
         <kusari_bars-15.tga>
            <MIPS type="file" filename="ku_honshu_bar_cmp\kusari_bars-15.dds"/>
         </kusari_bars-15.tga>
         <kusari_bars-07.tga>
            <MIPS type="file" filename="ku_honshu_bar_cmp\kusari_bars-07.dds"/>
         </kusari_bars-07.tga>
         <kusari_bars-08.tga>
            <MIPS type="file" filename="ku_honshu_bar_cmp\kusari_bars-08.dds"/>
         </kusari_bars-08.tga>
         <kusari_bars-30.tga>
            <MIPS type="file" filename="ku_honshu_bar_cmp\kusari_bars-30.dds"/>
         </kusari_bars-30.tga>
         <kusari_bars-11.tga>
            <MIPS type="file" filename="ku_honshu_bar_cmp\kusari_bars-11.dds"/>
         </kusari_bars-11.tga>
         <kusari_bars-12.tga>
            <MIPS type="file" filename="ku_honshu_bar_cmp\kusari_bars-12.dds"/>
         </kusari_bars-12.tga>
         <kusari_bars-09.tga>
            <MIPS type="file" filename="ku_honshu_bar_cmp\kusari_bars-09.dds"/>
         </kusari_bars-09.tga>
         <kusari_bars-29.tga>
            <MIPS type="file" filename="ku_honshu_bar_cmp\kusari_bars-29.dds"/>
         </kusari_bars-29.tga>
         <kusari_bars-10.tga>
            <MIPS type="file" filename="ku_honshu_bar_cmp\kusari_bars-10.dds"/>
         </kusari_bars-10.tga>
         <kusari_bars-25.tga>
            <MIPS type="file" filename="ku_honshu_bar_cmp\kusari_bars-25.dds"/>
         </kusari_bars-25.tga>
         <kusari_bars-23.tga>
            <MIPS type="file" filename="ku_honshu_bar_cmp\kusari_bars-23.dds"/>
         </kusari_bars-23.tga>
         <news02.tga>
            <MIPS type="file" filename="ku_honshu_bar_cmp\news02.dds"/>
         </news02.tga>
         <kusari_bars-02.tga>
            <MIPS type="file" filename="ku_honshu_bar_cmp\kusari_bars-02.dds"/>
         </kusari_bars-02.tga>
         <kusari_bars-06.tga>
            <MIPS type="file" filename="ku_honshu_bar_cmp\kusari_bars-06.dds"/>
         </kusari_bars-06.tga>
         <kusari_bars-05.tga>
            <MIPS type="file" filename="ku_honshu_bar_cmp\kusari_bars-05.dds"/>
         </kusari_bars-05.tga>
         <kusari_bars-04.tga>
            <MIPS type="file" filename="ku_honshu_bar_cmp\kusari_bars-04.dds"/>
         </kusari_bars-04.tga>
         <dtl_tile11.tga>
            <MIPS type="file" filename="ku_honshu_bar_cmp\dtl_tile11.dds"/>
         </dtl_tile11.tga>
         <kusari_bars-31.tga>
            <MIPS type="file" filename="ku_honshu_bar_cmp\kusari_bars-31.dds"/>
         </kusari_bars-31.tga>
      </Texture_library>
      <Root_bar030116102122.3db>
         <VMeshPart>
            <VMeshRef type="VMeshRef">
               <!-- header size  --> 60,
               <!-- vmesh lib    --> data.bases.kusari.ku_honshu_bar.lod0-212.vms,
               <!-- start vert   --> 0,
               <!-- num verts    --> 39,
               <!-- start index  --> 0,
               <!-- num indices  --> 81,
               <!-- start mesh   --> 0,
               <!-- num meshes   --> 4,
               <!-- bounding box -->  8.8164892, 283.16994e-6,   7.2167211,
                                     -8.8164902, -77.852965e-6, -7.2167206,
               <!-- center       --> -1.2912639, 113.2726e-6,    0.4143208,
               <!-- radius       --> 10.71736
            </VMeshRef>
         </VMeshPart>
         <VMeshWire include="ku_honshu_bar_cmp\Root_bar.vwd.xml"/>
         <Hardpoints>
            <Fixed>
               <HpBarman>
                  <Position type="Vector">-1.068118, 0.20211266, -1.566677</Position>
                  <Orientation type="Matrix">
                      -0.9848077300,  257.40729e-09,  -0.1736483600,
                      219.55498e-09,   1.0000000000,  237.19116e-09,
                       0.1736483600,  195.46232e-09,  -0.9848077300
                  </Orientation>
               </HpBarman>
               <HpBarProp01>
                  <Position type="Vector">-3.053648, 1.3814682, -0.51106775</Position>
                  <Orientation type="Matrix">
                      -0.9396926200,  259.20397e-09,  -0.3420201200,
                      182.23666e-09,   1.0000000000,  257.17060e-09,
                       0.3420201200,  179.33270e-09,  -0.9396926200
                  </Orientation>
               </HpBarProp01>
               <HpBarProp02>
                  <Position type="Vector">-0.61184335, 1.3814676, -0.06931667</Position>
                  <Orientation type="Matrix">
                      -0.9961946600,  249.63745e-09,   0.0871559750,
                      267.65574e-09,   1.0000000000,  195.05018e-09,
                      -0.0871559750,  217.63576e-09,  -0.9961946600
                  </Orientation>
               </HpBarProp02>
               <HpBarProp03>
                  <Position type="Vector">0.084497221, 1.3814677, -0.2974205</Position>
                  <Orientation type="Matrix">
                      -0.9848077300,  257.56154e-09,  -0.1736481600,
                      219.73855e-09,   1.0000000000,  237.03848e-09,
                       0.1736481600,  195.28014e-09,  -0.9848077300
                  </Orientation>
               </HpBarProp03>
               <HpCharacter01>
                  <Position type="Vector">-4.5547175, 0.0096544223, 1.9091469</Position>
                  <Orientation type="Matrix">
                      -0.8191520000,  257.27999e-09,  -0.5735764500,
                      121.88717e-09,   1.0000000000,  274.48104e-09,
                       0.5735764500,  154.93009e-09,  -0.8191520000
                  </Orientation>
               </HpCharacter01>
               <HpCharacter02>
                  <Position type="Vector">0.11301653, 0.19818716, 0.7655338</Position>
                  <Orientation type="Matrix">
                       0.9396926200,  64.316254e-09,   0.3420201500,
                     -6.9945378e-09,   1.0000000000, -168.83081e-09,
                      -0.3420201500,  156.25679e-09,   0.9396926200
                  </Orientation>
               </HpCharacter02>
               <HpCharacter04>
                  <Position type="Vector">-3.1984336, 0.0096539157, 1.8998337</Position>
                  <Orientation type="Matrix">
                      -0.7660443200,  209.90878e-09,   0.6427877500,
                      328.89011e-09,   1.0000000000,  65.395810e-09,
                      -0.6427877500,  261.50263e-09,  -0.7660443200
                  </Orientation>
               </HpCharacter04>
               <HpCharacter05>
                  <Position type="Vector">-2.323281, 0.20211262, 0.63555783</Position>
                  <Orientation type="Matrix">
                       0.9659258100,  94.909289e-09,  -0.2588189800,
                     -118.30390e-09,   1.0000000000, -74.814871e-09,
                       0.2588189800,  102.88492e-09,   0.9659258100
                  </Orientation>
               </HpCharacter05>
               <HpCharacter06>
                  <Position type="Vector">0.1763874, 0.013579446, 1.9170285</Position>
                  <Orientation type="Matrix">
                      -0.7660444400,  256.78065e-09,  -0.6427876400,
                      101.25139e-09,   1.0000000000,  278.81308e-09,
                       0.6427876400,  148.50006e-09,  -0.7660444400
                  </Orientation>
               </HpCharacter06>
               <HpCharacter07>
                  <Position type="Vector">3.5144298, -0.0063137761, 1.067179</Position>
                  <Orientation type="Matrix">
                       0.6427877500,  71.395156e-09,   0.7660443200,
                      117.05730e-09,   1.0000000000, -191.42254e-09,
                      -0.7660443200,  212.71515e-09,   0.6427877500
                  </Orientation>
               </HpCharacter07>
               <HpCharacter08>
                  <Position type="Vector">1.50696, 0.0090509402, 1.9166489</Position>
                  <Orientation type="Matrix">
                      -0.7071068300,  201.73121e-09,   0.7071067700,
                      329.43490e-09,   1.0000000000,  44.143910e-09,
                      -0.7071067700,  264.16009e-09,  -0.7071068300
                  </Orientation>
               </HpCharacter08>
               <HpCharacter09>
                  <Position type="Vector">-4.5716395, 0.20350739, -0.94566035</Position>
                  <Orientation type="Matrix">
                       0.4226182100,  172.89283e-09,  -0.9063078200,
                     -144.04787e-09,   1.0000000000,  123.59550e-09,
                       0.9063078200,  78.318003e-09,   0.4226182100
                  </Orientation>
               </HpCharacter09>
               <HpCharacter10>
                  <Position type="Vector">0.14822252, 0.0066534705, 4.9982281</Position>
                  <Orientation type="Matrix">
                      -0.7071068300,  253.64218e-09,  -0.7071067100,
                      79.069366e-09,   1.0000000000,  279.63483e-09,
                       0.7071067100,  141.82123e-09,  -0.7071068300
                  </Orientation>
               </HpCharacter10>
               <HpCharacter11>
                  <Position type="Vector">-2.1667485, 0.006653761, 4.833168</Position>
                  <Orientation type="Matrix">
                       0.7660443200,  132.64730e-09,  -0.6427878100,
                     -153.81507e-09,   1.0000000000,  23.052960e-09,
                       0.6427878100,  81.210857e-09,   0.7660443200
                  </Orientation>
               </HpCharacter11>
               <HpCharacter12>
                  <Position type="Vector">-1.6306789, 0.19958134, 1.1451911</Position>
                  <Orientation type="Matrix">
                       1.0000000000,  78.035548e-09, -16.190894e-09,
                     -78.035548e-09,   1.0000000000, -124.05482e-09,
                      16.190885e-09,  124.05482e-09,   1.0000000000
                  </Orientation>
               </HpCharacter12>
               <HpCharacter13>
                  <Position type="Vector">-0.86594874, 0.19990392, 0.49459958</Position>
                  <Orientation type="Matrix">
                       0.9659258700,  67.262761e-09,   0.2588189200,
                     -26.822601e-09,   1.0000000000, -159.78011e-09,
                      -0.2588189200,  147.39355e-09,   0.9659258700
                  </Orientation>
               </HpCharacter13>
               <HpCharacter14>
                  <Position type="Vector">-0.83478773, 0.0066538351, 3.4790127</Position>
                  <Orientation type="Matrix">
                      -0.7071068900,  200.12334e-09,   0.7071067100,
                      326.79802e-09,   1.0000000000,  43.780922e-09,
                      -0.7071067100,  262.03887e-09,  -0.7071068900
                  </Orientation>
               </HpCharacter14>
               <HpCharacter15>
                  <Position type="Vector">-3.1112344, 0.006654297, 3.262569</Position>
                  <Orientation type="Matrix">
                       0.8191520600,  64.379243e-09,   0.5735763900,
                      53.229723e-09,   1.0000000000, -188.26171e-09,
                      -0.5735763900,  184.74630e-09,   0.8191520600
                  </Orientation>
               </HpCharacter15>
               <HpPlayer>
                  <Position type="Vector">2.3236358, -0.0063130385, 1.2362157</Position>
                  <Orientation type="Matrix">
                      -0.6427874600,  237.59310e-09,  -0.7660446200,
                      58.142160e-09,   1.0000000000,  261.36868e-09,
                       0.7660446200,  123.46501e-09,  -0.6427874600
                  </Orientation>
               </HpPlayer>
               <HpPlayer02>
                  <Position type="Vector">-7.4535041, 0.013580482, -0.28302985</Position>
                  <Orientation type="Matrix">
                       0.5735766900,  74.196286e-09,   0.8191518800,
                      137.25884e-09,   1.0000000000, -186.68669e-09,
                      -0.8191518800,  219.51497e-09,   0.5735766900
                  </Orientation>
               </HpPlayer02>
               <HpPlayerStart>
                  <Position type="Vector">6.292346, 0.20600656, -5.249958</Position>
                  <Orientation type="Matrix">
                      -1.0000000000,  252.88119e-09, -149.01165e-09,
                      252.88116e-09,   1.0000000000,  210.66442e-09,
                      149.01171e-09,  210.66438e-09,  -1.0000000000
                  </Orientation>
               </HpPlayerStart>
               <HpNVend>
                  <Position type="Vector">-8.1487312, 3.8687449, -1.1220278</Position>
                  <Orientation type="Matrix">
                       1.0000000000, -149.01167e-09,  165.45830e-09,
                     -165.45827e-09,  166.00852e-09,   1.0000000000,
                     -149.01170e-09,  -1.0000000000,  166.00849e-09
                  </Orientation>
               </HpNVend>
               <HpMVend>
                  <Position type="Vector">-8.1487322, 1.6140584, -1.1220285</Position>
                  <Orientation type="Matrix">
                       1.0000000000, -149.01167e-09,  165.45830e-09,
                     -165.45827e-09,  166.00852e-09,   1.0000000000,
                     -149.01170e-09,  -1.0000000000,  166.00849e-09
                  </Orientation>
               </HpMVend>
            </Fixed>
         </Hardpoints>
      </Root_bar030116102122.3db>
      <Fan01030116102122.3db>
         <VMeshPart>
            <VMeshRef type="VMeshRef">
               <!-- header size  --> 60,
               <!-- vmesh lib    --> data.bases.kusari.ku_honshu_bar.lod0-112.vms,
               <!-- start vert   --> 0,
               <!-- num verts    --> 81,
               <!-- start index  --> 0,
               <!-- num indices  --> 174,
               <!-- start mesh   --> 0,
               <!-- num meshes   --> 1,
               <!-- bounding box -->  0.64822555,      0.66906363,  1.2672701,
                                     -0.64822489,     -0.6690641,  -1.2672695,
               <!-- center       -->  0.0019445085, -455.19642e-6, -0.01117105,
               <!-- radius       --> 1.2786297
            </VMeshRef>
         </VMeshPart>
         <VMeshWire include="ku_honshu_bar_cmp\Fan01.vwd.xml"/>
