<?xml version="1.0" encoding="ISO-8859-1"?>
<!-- XML generated by UTFXML Version 2.2 built 19-Aug-2010 -->
<UTFXML filename="ku_junyo_waterscape.cmp" path="BASES\KUSARI">
   <UTF_ROOT>
      <VMeshLibrary>
         <data.bases.kusari.ku_junyo_waterscape.lod0-112.vms include="ku_junyo_waterscape_cmp\lod0-112.vms.xml"/>
         <data.bases.kusari.ku_junyo_waterscape.lod0-212.vms include="ku_junyo_waterscape_cmp\lod0-212.vms.xml"/>
      </VMeshLibrary>
      <Exporter_Version name="Exporter Version" type="text">Nov  5 2002 11:41:55</Exporter_Version>
      <Cmpnd>
         <Root>
            <Object_name name="Object name" type="text">Root</Object_name>
            <File_name name="File name" type="text">Root_base021114155608.3db</File_name>
            <Index type="int">0</Index>
         </Root>
         <Part_base_piston02>
            <Object_name name="Object name" type="text">base_piston02</Object_name>
            <File_name name="File name" type="text">base_piston02021114155608.3db</File_name>
            <Index type="int">1</Index>
         </Part_base_piston02>
         <Part_base_piston01>
            <Object_name name="Object name" type="text">base_piston01</Object_name>
            <File_name name="File name" type="text">base_piston01021114155608.3db</File_name>
            <Index type="int">2</Index>
         </Part_base_piston01>
         <Part_LightMount01>
            <Object_name name="Object name" type="text">LightMount01</Object_name>
            <File_name name="File name" type="text">LightMount01021114155608.3db</File_name>
            <Index type="int">3</Index>
         </Part_LightMount01>
         <Part_LightMount02>
            <Object_name name="Object name" type="text">LightMount02</Object_name>
            <File_name name="File name" type="text">LightMount02021114155608.3db</File_name>
            <Index type="int">4</Index>
         </Part_LightMount02>
         <Part_LightMount03>
            <Object_name name="Object name" type="text">LightMount03</Object_name>
            <File_name name="File name" type="text">LightMount03021114155608.3db</File_name>
            <Index type="int">5</Index>
         </Part_LightMount03>
         <Part_LightMount04>
            <Object_name name="Object name" type="text">LightMount04</Object_name>
            <File_name name="File name" type="text">LightMount04021114155608.3db</File_name>
            <Index type="int">6</Index>
         </Part_LightMount04>
         <Part_LightMount05>
            <Object_name name="Object name" type="text">LightMount05</Object_name>
            <File_name name="File name" type="text">LightMount05021114155608.3db</File_name>
            <Index type="int">7</Index>
         </Part_LightMount05>
         <Part_LightMount06>
            <Object_name name="Object name" type="text">LightMount06</Object_name>
            <File_name name="File name" type="text">LightMount06021114155608.3db</File_name>
            <Index type="int">8</Index>
         </Part_LightMount06>
         <Part_LightMount07>
            <Object_name name="Object name" type="text">LightMount07</Object_name>
            <File_name name="File name" type="text">LightMount07021114155608.3db</File_name>
            <Index type="int">9</Index>
         </Part_LightMount07>
         <Part_LightMount08>
            <Object_name name="Object name" type="text">LightMount08</Object_name>
            <File_name name="File name" type="text">LightMount08021114155608.3db</File_name>
            <Index type="int">10</Index>
         </Part_LightMount08>
         <Part_LightMount09>
            <Object_name name="Object name" type="text">LightMount09</Object_name>
            <File_name name="File name" type="text">LightMount09021114155608.3db</File_name>
            <Index type="int">11</Index>
         </Part_LightMount09>
         <Part_LightMount10>
            <Object_name name="Object name" type="text">LightMount10</Object_name>
            <File_name name="File name" type="text">LightMount10021114155608.3db</File_name>
            <Index type="int">12</Index>
         </Part_LightMount10>
         <Part_LightMount11>
            <Object_name name="Object name" type="text">LightMount11</Object_name>
            <File_name name="File name" type="text">LightMount11021114155608.3db</File_name>
            <Index type="int">13</Index>
         </Part_LightMount11>
         <Part_LightMount12>
            <Object_name name="Object name" type="text">LightMount12</Object_name>
            <File_name name="File name" type="text">LightMount12021114155608.3db</File_name>
            <Index type="int">14</Index>
         </Part_LightMount12>
         <Part_LightMount13>
            <Object_name name="Object name" type="text">LightMount13</Object_name>
            <File_name name="File name" type="text">LightMount13021114155608.3db</File_name>
            <Index type="int">15</Index>
         </Part_LightMount13>
         <Part_LightMount14>
            <Object_name name="Object name" type="text">LightMount14</Object_name>
            <File_name name="File name" type="text">LightMount14021114155608.3db</File_name>
            <Index type="int">16</Index>
         </Part_LightMount14>
         <Part_LightMount15>
            <Object_name name="Object name" type="text">LightMount15</Object_name>
            <File_name name="File name" type="text">LightMount15021114155608.3db</File_name>
            <Index type="int">17</Index>
         </Part_LightMount15>
         <Part_LightMount16>
            <Object_name name="Object name" type="text">LightMount16</Object_name>
            <File_name name="File name" type="text">LightMount16021114155608.3db</File_name>
            <Index type="int">18</Index>
         </Part_LightMount16>
         <Part_LightMount17>
            <Object_name name="Object name" type="text">LightMount17</Object_name>
            <File_name name="File name" type="text">LightMount17021114155608.3db</File_name>
            <Index type="int">19</Index>
         </Part_LightMount17>
         <Part_LightMount18>
            <Object_name name="Object name" type="text">LightMount18</Object_name>
            <File_name name="File name" type="text">LightMount18021114155608.3db</File_name>
            <Index type="int">20</Index>
         </Part_LightMount18>
         <Part_LightMount19>
            <Object_name name="Object name" type="text">LightMount19</Object_name>
            <File_name name="File name" type="text">LightMount19021114155608.3db</File_name>
            <Index type="int">21</Index>
         </Part_LightMount19>
         <Part_LightMount20>
            <Object_name name="Object name" type="text">LightMount20</Object_name>
            <File_name name="File name" type="text">LightMount20021114155608.3db</File_name>
            <Index type="int">22</Index>
         </Part_LightMount20>
         <Part_LightMount21>
            <Object_name name="Object name" type="text">LightMount21</Object_name>
            <File_name name="File name" type="text">LightMount21021114155608.3db</File_name>
            <Index type="int">23</Index>
         </Part_LightMount21>
         <Part_LightMount22>
            <Object_name name="Object name" type="text">LightMount22</Object_name>
            <File_name name="File name" type="text">LightMount22021114155608.3db</File_name>
            <Index type="int">24</Index>
         </Part_LightMount22>
         <Part_LightMount25>
            <Object_name name="Object name" type="text">LightMount25</Object_name>
            <File_name name="File name" type="text">LightMount25021114155608.3db</File_name>
            <Index type="int">25</Index>
         </Part_LightMount25>
         <Part_LightMount26>
            <Object_name name="Object name" type="text">LightMount26</Object_name>
            <File_name name="File name" type="text">LightMount26021114155608.3db</File_name>
            <Index type="int">26</Index>
         </Part_LightMount26>
         <Part_LightMount27>
            <Object_name name="Object name" type="text">LightMount27</Object_name>
            <File_name name="File name" type="text">LightMount27021114155608.3db</File_name>
            <Index type="int">27</Index>
         </Part_LightMount27>
         <Part_LightMount28>
            <Object_name name="Object name" type="text">LightMount28</Object_name>
            <File_name name="File name" type="text">LightMount28021114155608.3db</File_name>
            <Index type="int">28</Index>
         </Part_LightMount28>
         <Part_LightMount29>
            <Object_name name="Object name" type="text">LightMount29</Object_name>
            <File_name name="File name" type="text">LightMount29021114155608.3db</File_name>
            <Index type="int">29</Index>
         </Part_LightMount29>
         <Part_LightMount30>
            <Object_name name="Object name" type="text">LightMount30</Object_name>
            <File_name name="File name" type="text">LightMount30021114155608.3db</File_name>
            <Index type="int">30</Index>
         </Part_LightMount30>
         <Part_LightMount31>
            <Object_name name="Object name" type="text">LightMount31</Object_name>
            <File_name name="File name" type="text">LightMount31021114155608.3db</File_name>
            <Index type="int">31</Index>
         </Part_LightMount31>
         <Part_LightMount32>
            <Object_name name="Object name" type="text">LightMount32</Object_name>
            <File_name name="File name" type="text">LightMount32021114155608.3db</File_name>
            <Index type="int">32</Index>
         </Part_LightMount32>
         <Part_LightMount37>
            <Object_name name="Object name" type="text">LightMount37</Object_name>
            <File_name name="File name" type="text">LightMount37021114155608.3db</File_name>
            <Index type="int">33</Index>
         </Part_LightMount37>
         <Part_LightMount38>
            <Object_name name="Object name" type="text">LightMount38</Object_name>
            <File_name name="File name" type="text">LightMount38021114155608.3db</File_name>
            <Index type="int">34</Index>
         </Part_LightMount38>
         <Part_LightMount39>
            <Object_name name="Object name" type="text">LightMount39</Object_name>
            <File_name name="File name" type="text">LightMount39021114155608.3db</File_name>
            <Index type="int">35</Index>
         </Part_LightMount39>
         <Part_LightMount40>
            <Object_name name="Object name" type="text">LightMount40</Object_name>
            <File_name name="File name" type="text">LightMount40021114155608.3db</File_name>
            <Index type="int">36</Index>
         </Part_LightMount40>
         <Cons>
            <Fix type="Fix" count="34">
               <part>
                  <!-- parent      --> "Root",
                  <!-- child       --> "LightMount01",
                  <!-- position    --> -34.962776, -0.0034065943, 104.38399,
                  <!-- orientation -->   0.5807029000,  -0.8141155200,  44.744208e-09,
                                        12.292801e-09,  63.728884e-09,   1.0000000000,
                                        -0.8141155200,  -0.5807029000,  47.015309e-09
               </part>
               <part>
                  <!-- parent      --> "Root",
                  <!-- child       --> "LightMount02",
                  <!-- position    --> -48.900036, -0.0034065254, 94.225449,
                  <!-- orientation -->   0.5807029000,  -0.8141155200,  44.744208e-09,
                                        12.292801e-09,  63.728884e-09,   1.0000000000,
                                        -0.8141155200,  -0.5807029000,  47.015309e-09
               </part>
               <part>
                  <!-- parent      --> "Root",
                  <!-- child       --> "LightMount03",
                  <!-- position    --> -62.493053, -0.0034064604, 84.390549,
                  <!-- orientation -->   0.5807029000,  -0.8141155200,  44.744208e-09,
                                        12.292801e-09,  63.728884e-09,   1.0000000000,
                                        -0.8141155200,  -0.5807029000,  47.015309e-09
               </part>
               <part>
                  <!-- parent      --> "Root",
                  <!-- child       --> "LightMount04",
                  <!-- position    --> -75.872475, -0.0034140246, 74.675453,
                  <!-- orientation -->   0.5807029000,  -0.8141155200,  44.744208e-09,
                                        12.292801e-09,  63.728884e-09,   1.0000000000,
                                        -0.8141155200,  -0.5807029000,  47.015309e-09
               </part>
               <part>
                  <!-- parent      --> "Root",
                  <!-- child       --> "LightMount05",
                  <!-- position    --> -89.640854, -0.0034063051, 63.89782,
                  <!-- orientation -->   0.9483236100,  -0.3173048200,  5.7642291e-09,
                                        26.000366e-09,  95.873077e-09,   1.0000000000,
                                        -0.3173048200,  -0.9483236100,  99.168744e-09
               </part>
               <part>
                  <!-- parent      --> "Root",
                  <!-- child       --> "LightMount06",
                  <!-- position    --> -94.94529, -0.0034059051, 47.487267,
                  <!-- orientation -->   0.9483236100,  -0.3173048200,  5.7642291e-09,
                                        26.000366e-09,  95.873077e-09,   1.0000000000,
                                        -0.3173048200,  -0.9483236100,  99.168744e-09
               </part>
               <part>
                  <!-- parent      --> "Root",
                  <!-- child       --> "LightMount07",
                  <!-- position    --> -100.16147, -0.0034055172, 31.540897,
                  <!-- orientation -->   0.9483236100,  -0.3173048200,  5.7642291e-09,
                                        26.000366e-09,  95.873077e-09,   1.0000000000,
                                        -0.3173048200,  -0.9483236100,  99.168744e-09
               </part>
               <part>
                  <!-- parent      --> "Root",
                  <!-- child       --> "LightMount08",
                  <!-- position    --> -105.27525, -0.0034127638, 15.816978,
                  <!-- orientation -->   0.9483236100,  -0.3173048200,  5.7642291e-09,
                                        26.000366e-09,  95.873077e-09,   1.0000000000,
                                        -0.3173048200,  -0.9483236100,  99.168744e-09
               </part>
               <part>
                  <!-- parent      --> "Root",
                  <!-- child       --> "LightMount09",
                  <!-- position    --> -110.07918, -0.0034047139, -0.99515522,
                  <!-- orientation -->   0.9537169900,   0.3007057300, -45.983356e-09,
                                       -2.7580822e-09,  161.66565e-09,   1.0000000000,
                                         0.3007057300,  -0.9537169900,  155.01264e-09
               </part>
               <part>
                  <!-- parent      --> "Root",
                  <!-- child       --> "LightMount10",
                  <!-- position    --> -104.72467, -0.0034041356, -17.389441,
                  <!-- orientation -->   0.9537169900,   0.3007057300, -45.983356e-09,
                                       -2.7580822e-09,  161.66565e-09,   1.0000000000,
                                         0.3007057300,  -0.9537169900,  155.01264e-09
               </part>
               <part>
                  <!-- parent      --> "Root",
                  <!-- child       --> "LightMount11",
                  <!-- position    --> -99.571594, -0.0034035733, -33.356316,
                  <!-- orientation -->   0.9537169900,   0.3007057300, -45.983356e-09,
                                       -2.7580822e-09,  161.66565e-09,   1.0000000000,
                                         0.3007057300,  -0.9537169900,  155.01264e-09
               </part>
               <part>
                  <!-- parent      --> "Root",
                  <!-- child       --> "LightMount12",
                  <!-- position    --> -94.466446, -0.0034106483, -49.083038,
                  <!-- orientation -->   0.9537169900,   0.3007057300, -45.983356e-09,
                                       -2.7580822e-09,  161.66565e-09,   1.0000000000,
                                         0.3007057300,  -0.9537169900,  155.01264e-09
               </part>
               <part>
                  <!-- parent      --> "Root",
                  <!-- child       --> "LightMount13",
                  <!-- position    --> -88.470985, -0.0034024289, -65.508018,
                  <!-- orientation -->   0.5948228800,   0.8038567900, -116.77996e-09,
                                        7.4437225e-09,  139.76651e-09,   1.0000000000,
                                         0.8038567900,  -0.5948228800,  77.152635e-09
               </part>
               <part>
                  <!-- parent      --> "Root",
                  <!-- child       --> "LightMount14",
                  <!-- position    --> -74.502785, -0.003401893, -75.62397,
                  <!-- orientation -->   0.5948228800,   0.8038567900, -116.77996e-09,
                                        7.4437225e-09,  139.76651e-09,   1.0000000000,
                                         0.8038567900,  -0.5948228800,  77.152635e-09
               </part>
               <part>
                  <!-- parent      --> "Root",
                  <!-- child       --> "LightMount15",
                  <!-- position    --> -60.948753, -0.003401371, -85.51255,
                  <!-- orientation -->   0.5948228800,   0.8038567900, -116.77996e-09,
                                        7.4437225e-09,  139.76651e-09,   1.0000000000,
                                         0.8038567900,  -0.5948228800,  77.152635e-09
               </part>
               <part>
                  <!-- parent      --> "Root",
                  <!-- child       --> "LightMount16",
                  <!-- position    --> -47.574673, -0.0034084863, -95.235001,
                  <!-- orientation -->   0.5948228800,   0.8038567900, -116.77996e-09,
                                        7.4437225e-09,  139.76651e-09,   1.0000000000,
                                         0.8038567900,  -0.5948228800,  77.152635e-09
               </part>
               <part>
                  <!-- parent      --> "Root",
                  <!-- child       --> "LightMount17",
                  <!-- position    --> -33.069889, -0.0034003225, -104.99904,
                  <!-- orientation -->   0.0087267011,   0.9999619100, -99.906252e-09,
                                        33.661038e-09,  99.616294e-09,   1.0000000000,
                                         0.9999619100,  -0.0087267011, -32.790435e-09
               </part>
               <part>
                  <!-- parent      --> "Root",
                  <!-- child       --> "LightMount18",
                  <!-- position    --> -15.823354, -0.0034000338, -104.97272,
                  <!-- orientation -->   0.0087267011,   0.9999619100, -99.906252e-09,
                                        33.661038e-09,  99.616294e-09,   1.0000000000,
                                         0.9999619100,  -0.0087267011, -32.790435e-09
               </part>
               <part>
                  <!-- parent      --> "Root",
                  <!-- child       --> "LightMount19",
                  <!-- position    --> 0.95444125, -0.0033997514, -105.0059,
                  <!-- orientation -->   0.0087267011,   0.9999619100, -99.906252e-09,
                                        33.661038e-09,  99.616294e-09,   1.0000000000,
                                         0.9999619100,  -0.0087267011, -32.790435e-09
               </part>
               <part>
                  <!-- parent      --> "Root",
                  <!-- child       --> "LightMount20",
                  <!-- position    --> 17.489017, -0.0034147326, -105.01042,
                  <!-- orientation -->   0.0087267011,   0.9999619100, -99.906252e-09,
                                        33.661038e-09,  99.616294e-09,   1.0000000000,
                                         0.9999619100,  -0.0087267011, -32.790435e-09
               </part>
               <part>
                  <!-- parent      --> "Root",
                  <!-- child       --> "LightMount21",
                  <!-- position    --> 34.962784, -0.0034068287, -104.38401,
                  <!-- orientation -->  -0.5807027800,   0.8141156400,  6.0453638e-09,
                                        12.962064e-09,  1.8200644e-09,   1.0000000000,
                                         0.8141156400,   0.5807027800, -11.609536e-09
               </part>
               <part>
                  <!-- parent      --> "Root",
                  <!-- child       --> "LightMount22",
                  <!-- position    --> 48.900059, -0.0034068977, -94.225464,
                  <!-- orientation -->  -0.5807027800,   0.8141156400,  6.0453638e-09,
                                        12.962064e-09,  1.8200644e-09,   1.0000000000,
                                         0.8141156400,   0.5807027800, -11.609536e-09
               </part>
               <part>
                  <!-- parent      --> "Root",
                  <!-- child       --> "LightMount25",
                  <!-- position    --> 89.640869, -0.0034071179, -63.897839,
                  <!-- orientation -->  -0.9483236100,   0.3173048500,  27.952515e-09,
                                        59.545442e-09,  89.868884e-09,   1.0000000000,
                                         0.3173048500,   0.9483236100, -104.11884e-09
               </part>
               <part>
                  <!-- parent      --> "Root",
                  <!-- child       --> "LightMount26",
                  <!-- position    --> 94.945313, -0.0034075179, -47.487267,
                  <!-- orientation -->  -0.9483236100,   0.3173048500,  27.952515e-09,
                                        59.545442e-09,  89.868884e-09,   1.0000000000,
                                         0.3173048500,   0.9483236100, -104.11884e-09
               </part>
               <part>
                  <!-- parent      --> "Root",
                  <!-- child       --> "LightMount27",
                  <!-- position    --> 100.16148, -0.0034079058, -31.540869,
                  <!-- orientation -->  -0.9483236100,   0.3173048500,  27.952515e-09,
                                        59.545442e-09,  89.868884e-09,   1.0000000000,
                                         0.3173048500,   0.9483236100, -104.11884e-09
               </part>
               <part>
                  <!-- parent      --> "Root",
                  <!-- child       --> "LightMount28",
                  <!-- position    --> 105.27526, -0.003415918, -15.816962,
                  <!-- orientation -->  -0.9483236100,   0.3173048500,  27.952515e-09,
                                        59.545442e-09,  89.868884e-09,   1.0000000000,
                                         0.3173048500,   0.9483236100, -104.11884e-09
               </part>
               <part>
                  <!-- parent      --> "Root",
                  <!-- child       --> "LightMount29",
                  <!-- position    --> 110.0792, -0.0034087091, 0.99514872,
                  <!-- orientation -->  -0.9537169900,  -0.3007055800,  72.166301e-09,
                                        64.620828e-09,  35.038656e-09,   1.0000000000,
                                        -0.3007055800,   0.9537169900, -13.985120e-09
               </part>
               <part>
                  <!-- parent      --> "Root",
                  <!-- child       --> "LightMount30",
                  <!-- position    --> 104.72469, -0.0034092874, 17.389456,
                  <!-- orientation -->  -0.9537169900,  -0.3007055800,  72.166301e-09,
                                        64.620828e-09,  35.038656e-09,   1.0000000000,
                                        -0.3007055800,   0.9537169900, -13.985120e-09
               </part>
               <part>
                  <!-- parent      --> "Root",
                  <!-- child       --> "LightMount31",
                  <!-- position    --> 99.571594, -0.0034098497, 33.356346,
                  <!-- orientation -->  -0.9537169900,  -0.3007055800,  72.166301e-09,
                                        64.620828e-09,  35.038656e-09,   1.0000000000,
                                        -0.3007055800,   0.9537169900, -13.985120e-09
               </part>
               <part>
                  <!-- parent      --> "Root",
                  <!-- child       --> "LightMount32",
                  <!-- position    --> 94.466454, -0.0034180335, 49.083061,
                  <!-- orientation -->  -0.9537169900,  -0.3007055800,  72.166301e-09,
                                        64.620828e-09,  35.038656e-09,   1.0000000000,
                                        -0.3007055800,   0.9537169900, -13.985120e-09
               </part>
               <part>
                  <!-- parent      --> "Root",
                  <!-- child       --> "LightMount37",
                  <!-- position    --> 33.069904, -0.0034054711, 104.99906,
                  <!-- orientation -->  -0.0087266425,  -0.9999619100,  99.403351e-09,
                                        27.569895e-09,  99.166535e-09,   1.0000000000,
                                        -0.9999619100,   0.0087266425,  26.703454e-09
               </part>
               <part>
                  <!-- parent      --> "Root",
                  <!-- child       --> "LightMount38",
                  <!-- position    --> 15.823338, -0.0034057598, 104.97274,
                  <!-- orientation -->  -0.0087266425,  -0.9999619100,  99.403351e-09,
                                        27.569895e-09,  99.166535e-09,   1.0000000000,
                                        -0.9999619100,   0.0087266425,  26.703454e-09
               </part>
               <part>
                  <!-- parent      --> "Root",
                  <!-- child       --> "LightMount39",
                  <!-- position    --> -0.95446533, -0.0034060422, 105.00591,
                  <!-- orientation -->  -0.0087266425,  -0.9999619100,  99.403351e-09,
                                        27.569895e-09,  99.166535e-09,   1.0000000000,
                                        -0.9999619100,   0.0087266425,  26.703454e-09
               </part>
               <part>
                  <!-- parent      --> "Root",
                  <!-- child       --> "LightMount40",
                  <!-- position    --> -17.489038, -0.0034139492, 105.01043,
                  <!-- orientation -->  -0.0087266425,  -0.9999619100,  99.403351e-09,
                                        27.569895e-09,  99.166535e-09,   1.0000000000,
                                        -0.9999619100,   0.0087266425,  26.703454e-09
               </part>
            </Fix>
            <Pris type="Rev" count="2">
               <part>
                  <!-- parent      --> "Root",
                  <!-- child       --> "base_piston02",
                  <!-- position    --> 76.285721, -4.5839233, 36.465549,
                  <!-- offset      --> 0, 0, 0,
                  <!-- orientation -->   1.0000000000, -2.2543456e-15,  29.349554e-09,
                                       -1.2443939e-15,   1.0000000000,  119.20929e-09,
                                       -29.349554e-09, -119.20929e-09,   1.0000000000,
                  <!-- axis        -->  303.46158e-09,  -1.0000000000, -18.863201e-09,
                  <!-- min, max    --> -0.029487666, 7.7967606
               </part>
               <part>
                  <!-- parent      --> "Root",
                  <!-- child       --> "base_piston01",
                  <!-- position    --> 83.025475, -12.332725, 15.090494,
                  <!-- offset      --> 0, 0, 0,
                  <!-- orientation -->   1.0000000000, -2.2543456e-15,  29.349554e-09,
                                       -1.2443939e-15,   1.0000000000,  119.20929e-09,
                                       -29.349554e-09, -119.20929e-09,   1.0000000000,
                  <!-- axis        --> -20.751166e-09,   1.0000000000,  5.9658118e-09,
                  <!-- min, max    --> -0.047958482, 7.828125
               </part>
            </Pris>
         </Cons>
      </Cmpnd>
      <Animation>
         <Script>
            <Sc_loop>
               <Joint_map_0 name="Joint map 0">
                  <Parent_name name="Parent name" type="text">Root</Parent_name>
                  <Child_name name="Child name" type="text">base_piston02</Child_name>
                  <Channel>
                     <Header type="Header">
                        <!-- count    --> 401,
                        <!-- interval --> 1,
                        <!-- flags    --> 0x1
                     </Header>
                     <Frames type="Frames" count="401">
                            0.0000000000
                            2.8040543000
                            4.9843216000
                            6.5408173000
                            7.4735336000
                            7.7174988000
                            6.6359329000
                            4.6186981000
                            2.3675461000
                            0.5842360900
                           -0.0294876660
                            1.0106201000
                            3.1501770000
                            5.5329819000
                            7.3028488000
                            7.6098099000
                            6.2019958000
                            3.8838043000
                            1.5656128000
                            0.1577758200
                            0.4822692300
                            2.3168945000
                            4.7578430000
                            6.8896332000
                            7.7967606000
                            6.8657455000
                            4.7072067000
                            2.2417908000
                            0.3901519200
                            0.0566024180
                            1.4222336000
                            3.6947708000
                            6.0154572000
                            7.5255432000
                            7.4651566000
                            6.0164261000
                            3.8706589000
                            1.7232285000
                            0.2695006700
                            0.2000731800
                            1.6905823000
                            3.9864197000
                            6.2375565000
                            7.5939560000
                            7.2887573000
                            5.5305023000
                            3.1611557000
                            1.0334167000
                            0.0000000000
                            0.6138686500
                            2.3928146000
                            4.6367874000
                            6.6457443000
                            7.7196350000
                            7.2148819000
                            5.3370056000
                            2.9306870000
                            0.8553695100
                           -0.0294876660
                            0.8821334200
                            3.0142517000
                            5.4533386000
                            7.2858582000
                            7.6098099000
                            6.2019958000
                            3.8838043000
                            1.5656128000
                            0.1577758200
                            0.4822692300
                            2.3168945000
                            4.7578430000
                            6.8896332000
                            7.7967606000
                            6.9008102000
                            4.8092041000
                            2.3852310000
                            0.4921492900
                           -0.0217819770
                            1.0478592000
                            3.0558701000
                            5.3012695000
                            7.0830841000
                            7.7003479000
                            6.6719055000
                            4.5513153000
                            2.1896057000
                            0.4378432600
                            0.1410216700
                            1.5507965000
                            3.8665543000
                            6.1816406000
                            7.5894165000
                            7.2718353000
                            5.4511795000
                            3.0257797000
                            0.9054488500
                            0.0000000000
                            0.9187926700
                            3.0549927000
                            5.4941254000
                            7.3217316000
                            7.6390610000
                            6.2616501000
                            3.9804230000
                            1.6548157000
                            0.1443023100
                            0.2104415300
                            1.6729889000
                            3.8370590000
                            6.0033493000
                            7.4725571000
                            7.5503006000
                            6.0611420000
                            3.7630234000
                            1.5092621000
                            0.1531981800
                            0.4822692300
                            2.3168945000
                            4.7578430000
                            6.8896332000
                            7.7967606000
                            6.9008102000
                            4.8092041000
                            2.3852310000
                            0.4921492900
                           -0.0217819770
                            1.0478592000
                            3.0558701000
                            5.3012695000
                            7.0830841000
                            7.7003479000
                            6.6719055000
                            4.5513153000
                            2.1896057000
                            0.4378432600
                            0.1410216700
                            1.5507965000
                            3.8665543000
                            6.1816406000
                            7.5894165000
                            7.2887573000
                            5.5305023000
                            3.1611557000
                            1.0334167000
                            0.0000000000
                            0.6138686500
                            2.3928146000
                            4.6367874000
                            6.6457443000
                            7.7196350000
                            7.1922760000
                            5.2310104000
                            2.7497940000
                            0.6843718900
                           -0.0294876660
                            1.2819901000
                            3.8396835000
                            6.4000168000
                            7.7194290000
                            7.0226822000
                            4.9831924000
                            2.5303802000
                            0.5936355000
                            0.0812148530
                            1.1644821000
                            3.1786270000
                            5.4226990000
                            7.1957321000
                            7.7967606000
                            6.7371902000
                            4.5712128000
                            2.1621017000
                            0.3731460000
                            0.0566024180
                            1.4222336000
                            3.6947708000
                            6.0154572000
                            7.5255432000
                            7.4651566000
                            6.0164261000
                            3.8706589000
                            1.7232285000
                            0.2695006700
                            0.1954650300
                            1.6338196000
                            3.8647308000
                            6.0956497000
                            7.5340042000
                            7.4606171000
                            6.0094223000
                            3.8647308000
                            1.7200470000
                            0.2688521700
                            0.1955184300
                            1.6345139000
                            3.8662186000
                            6.0973816000
                            7.5347366000
                            7.4576035000
                            5.9983978000
                            3.8442612000
                            1.6917877000
                            0.2375716600
                            0.1693038300
                            1.6245270000
                            3.8784180000
                            6.1308289000
                            7.5816345000
                            7.4840088000
                            5.9335022000
                            3.6747742000
                            1.4680634000
                            0.0735930870
                            0.2509536100
                            2.1812820000
                            4.8390274000
                            7.0586853000
                            7.6936874000
                            6.4459076000
                            4.1653748000
                            1.7814102000
                            0.2233428400
                            0.2956466100
                            1.7671051000
                            3.9357681000
                            6.1006851000
                            7.5609131000
                            7.6197968000
                            6.0954971000
                            3.7525558000
                            1.4542465000
                            0.0638503510
                            0.3748549800
                            2.2002258000
                            4.6399460000
                            6.7784882000
                            7.7003479000
                            6.7997055000
                            4.6865005000
                            2.2688217000
                            0.4547423700
                            0.1364592900
                            1.4947281000
                            3.7463608000
                            6.0414734000
                            7.5301895000
                            7.4576035000
                            5.9983978000
                            3.8442612000
                            1.6917877000
                            0.2375716600
                            0.1693038300
                            1.6245117000
                            3.8783798000
                            6.1307907000
                            7.5816193000
                            7.5042572000
                            6.0328293000
                            3.8596497000
                            1.6864777000
                            0.2150573100
