<?xml version="1.0" encoding="ISO-8859-1"?>
<!-- XML generated by UTFXML Version 2.2 built 19-Aug-2010 -->
<UTFXML filename="ku_kyushu_bar.cmp" path="BASES\KUSARI">
   <UTF_ROOT>
      <VMeshLibrary>
         <data.bases.kusari.ku_kyushu_bar.lod0-112.vms include="ku_kyushu_bar_cmp\lod0-112.vms.xml"/>
         <data.bases.kusari.ku_kyushu_bar.lod0-212.vms include="ku_kyushu_bar_cmp\lod0-212.vms.xml"/>
      </VMeshLibrary>
      <Exporter_Version name="Exporter Version" type="text">Nov  5 2002 11:41:55</Exporter_Version>
      <Cmpnd>
         <Root>
            <Object_name name="Object name" type="text">Root</Object_name>
            <File_name name="File name" type="text">Root_bar021209210151.3db</File_name>
            <Index type="int">0</Index>
         </Root>
         <Part_Fan02>
            <Object_name name="Object name" type="text">Fan02</Object_name>
            <File_name name="File name" type="text">Fan02021209210151.3db</File_name>
            <Index type="int">1</Index>
         </Part_Fan02>
         <Part_Mission_Vendor>
            <Object_name name="Object name" type="text">Mission_Vendor</Object_name>
            <File_name name="File name" type="text">Mission_Vendor021209210151.3db</File_name>
            <Index type="int">2</Index>
         </Part_Mission_Vendor>
         <Part_MVend_Star>
            <Object_name name="Object name" type="text">MVend_Star</Object_name>
            <File_name name="File name" type="text">MVend_Star021209210151.3db</File_name>
            <Index type="int">3</Index>
         </Part_MVend_Star>
         <Part_cap>
            <Object_name name="Object name" type="text">cap</Object_name>
            <File_name name="File name" type="text">cap021209210151.3db</File_name>
            <Index type="int">4</Index>
         </Part_cap>
         <Part_BarStool_Tops name="Part_BarStool Tops">
            <Object_name name="Object name" type="text">BarStool Tops</Object_name>
            <File_name name="File name" type="text">BarStool Tops021209210151.3db</File_name>
            <Index type="int">5</Index>
         </Part_BarStool_Tops>
         <Part_GreenFloor_Illum name="Part_GreenFloor Illum">
            <Object_name name="Object name" type="text">GreenFloor Illum</Object_name>
            <File_name name="File name" type="text">GreenFloor Illum021209210151.3db</File_name>
            <Index type="int">6</Index>
         </Part_GreenFloor_Illum>
         <Part_LampShade_Illum name="Part_LampShade Illum">
            <Object_name name="Object name" type="text">LampShade Illum</Object_name>
            <File_name name="File name" type="text">LampShade Illum021209210151.3db</File_name>
            <Index type="int">7</Index>
         </Part_LampShade_Illum>
         <Part_Mask_Illum name="Part_Mask Illum">
            <Object_name name="Object name" type="text">Mask Illum</Object_name>
            <File_name name="File name" type="text">Mask Illum021209210151.3db</File_name>
            <Index type="int">8</Index>
         </Part_Mask_Illum>
         <Part_StrawLight_Illum name="Part_StrawLight Illum">
            <Object_name name="Object name" type="text">StrawLight Illum</Object_name>
            <File_name name="File name" type="text">StrawLight Illum021209210151.3db</File_name>
            <Index type="int">9</Index>
         </Part_StrawLight_Illum>
         <Part_TableStool_Illum name="Part_TableStool Illum">
            <Object_name name="Object name" type="text">TableStool Illum</Object_name>
            <File_name name="File name" type="text">TableStool Illum021209210151.3db</File_name>
            <Index type="int">10</Index>
         </Part_TableStool_Illum>
         <Part_TableTop_Illum name="Part_TableTop Illum">
            <Object_name name="Object name" type="text">TableTop Illum</Object_name>
            <File_name name="File name" type="text">TableTop Illum021209210151.3db</File_name>
            <Index type="int">11</Index>
         </Part_TableTop_Illum>
         <Part_mission>
            <Object_name name="Object name" type="text">mission</Object_name>
            <File_name name="File name" type="text">mission021209210151.3db</File_name>
            <Index type="int">12</Index>
         </Part_mission>
         <Part_news>
            <Object_name name="Object name" type="text">news</Object_name>
            <File_name name="File name" type="text">news021209210151.3db</File_name>
            <Index type="int">13</Index>
         </Part_news>
         <Part_mission2>
            <Object_name name="Object name" type="text">mission2</Object_name>
            <File_name name="File name" type="text">mission2021209210151.3db</File_name>
            <Index type="int">14</Index>
         </Part_mission2>
         <Part_Fan01>
            <Object_name name="Object name" type="text">Fan01</Object_name>
            <File_name name="File name" type="text">Fan01021209210151.3db</File_name>
            <Index type="int">15</Index>
         </Part_Fan01>
         <Cons>
            <Fix type="Fix" count="12">
               <part>
                  <!-- parent      --> "Root",
                  <!-- child       --> "Mission_Vendor",
                  <!-- position    --> 8.8179293, 2.468822, -2.4764864,
                  <!-- orientation -->   1.0000000000, -4.9730871e-15, -3.5515450e-15,
                                        4.9730871e-15,   1.0000000000, -4.9739566e-15,
                                        3.5515450e-15,  4.9739566e-15,   1.0000000000
               </part>
               <part>
                  <!-- parent      --> "Root",
                  <!-- child       --> "cap",
                  <!-- position    --> 0.26138437, 8.3997087, -0.30872545,
                  <!-- orientation -->   1.0000000000, -4.9730871e-15, -3.5515450e-15,
                                        4.9730871e-15,   1.0000000000, -4.9739566e-15,
                                        3.5515450e-15,  4.9739566e-15,   1.0000000000
               </part>
               <part>
                  <!-- parent      --> "Root",
                  <!-- child       --> "BarStool Tops",
                  <!-- position    --> -1.5499291, 0.67752469, 0.63971144,
                  <!-- orientation -->   1.0000000000, -4.9730871e-15, -3.5515450e-15,
                                        4.9730871e-15,   1.0000000000, -4.9739566e-15,
                                        3.5515450e-15,  4.9739566e-15,   1.0000000000
               </part>
               <part>
                  <!-- parent      --> "Root",
                  <!-- child       --> "GreenFloor Illum",
                  <!-- position    --> 6.3118653, 8.4266039e-6, -6.4376693,
                  <!-- orientation -->   1.0000000000, -4.9730871e-15, -3.5515450e-15,
                                        4.9730871e-15,   1.0000000000, -4.9739566e-15,
                                        3.5515450e-15,  4.9739566e-15,   1.0000000000
               </part>
               <part>
                  <!-- parent      --> "Root",
                  <!-- child       --> "LampShade Illum",
                  <!-- position    --> -0.064616755, 1.0589579, 3.2344463,
                  <!-- orientation -->   1.0000000000, -4.9730871e-15, -3.5515450e-15,
                                        4.9730871e-15,   1.0000000000, -4.9739566e-15,
                                        3.5515450e-15,  4.9739566e-15,   1.0000000000
               </part>
               <part>
                  <!-- parent      --> "Root",
                  <!-- child       --> "Mask Illum",
                  <!-- position    --> -1.6087236, 5.4065251, -5.9704704,
                  <!-- orientation -->   1.0000000000, -4.9730871e-15, -3.5515450e-15,
                                        4.9730871e-15,   1.0000000000, -4.9739566e-15,
                                        3.5515450e-15,  4.9739566e-15,   1.0000000000
               </part>
               <part>
                  <!-- parent      --> "Root",
                  <!-- child       --> "StrawLight Illum",
                  <!-- position    --> 527.83726e-6, 0.91869724, 2.8486736,
                  <!-- orientation -->   1.0000000000, -4.9730871e-15, -3.5515450e-15,
                                        4.9730871e-15,   1.0000000000, -4.9739566e-15,
                                        3.5515450e-15,  4.9739566e-15,   1.0000000000
               </part>
               <part>
                  <!-- parent      --> "Root",
                  <!-- child       --> "TableStool Illum",
                  <!-- position    --> -0.064617179, 0.46000776, 4.5896602,
                  <!-- orientation -->   1.0000000000, -4.9730871e-15, -3.5515450e-15,
                                        4.9730871e-15,   1.0000000000, -4.9739566e-15,
                                        3.5515450e-15,  4.9739566e-15,   1.0000000000
               </part>
               <part>
                  <!-- parent      --> "Root",
                  <!-- child       --> "TableTop Illum",
                  <!-- position    --> -0.064616702, 0.79700792, 4.5910125,
                  <!-- orientation -->   1.0000000000, -4.9730871e-15, -3.5515450e-15,
                                        4.9730871e-15,   1.0000000000, -4.9739566e-15,
                                        3.5515450e-15,  4.9739566e-15,   1.0000000000
               </part>
               <part>
                  <!-- parent      --> "Root",
                  <!-- child       --> "mission",
                  <!-- position    --> 8.8058844, 4.1978898, -2.4847119,
                  <!-- orientation -->   1.0000000000, -4.9730871e-15, -3.5515450e-15,
                                        4.9730871e-15,   1.0000000000, -4.9739566e-15,
                                        3.5515450e-15,  4.9739566e-15,   1.0000000000
               </part>
               <part>
                  <!-- parent      --> "Root",
                  <!-- child       --> "news",
                  <!-- position    --> -1.5499291, 0.67752469, 0.63971144,
                  <!-- orientation -->   1.0000000000, -4.9730871e-15, -3.5515450e-15,
                                        4.9730871e-15,   1.0000000000, -4.9739566e-15,
                                        3.5515450e-15,  4.9739566e-15,   1.0000000000
               </part>
               <part>
                  <!-- parent      --> "Root",
                  <!-- child       --> "mission2",
                  <!-- position    --> -1.5499291, 0.67752469, 0.63971144,
                  <!-- orientation -->   1.0000000000, -4.9730871e-15, -3.5515450e-15,
                                        4.9730871e-15,   1.0000000000, -4.9739566e-15,
                                        3.5515450e-15,  4.9739566e-15,   1.0000000000
               </part>
            </Fix>
            <Rev type="Rev" count="3">
               <part>
                  <!-- parent      --> "Root",
                  <!-- child       --> "Fan02",
                  <!-- position    --> 2.1040566, 4.6914907, -7.8743973,
                  <!-- offset      --> 0, 0, 0,
                  <!-- orientation -->   1.0000000000, -194.70720e-09,  24.363947e-09,
                                       -24.363953e-09, -31.920298e-09,   1.0000000000,
                                       -194.70720e-09,  -1.0000000000, -31.920301e-09,
                  <!-- axis        -->   0.0135114910, -107.81736e-09,   0.9999087500,
                  <!-- min, max    --> -6.2831855, 6.2831855
               </part>
               <part>
                  <!-- parent      --> "Root",
                  <!-- child       --> "MVend_Star",
                  <!-- position    --> 8.6625566, 2.468822, -2.4764864,
                  <!-- offset      --> 0, 0, 0,
                  <!-- orientation -->  72.171055e-09,   1.0000000000, -370.12958e-09,
                                        91.292826e-09, -370.12958e-09,  -1.0000000000,
                                        -1.0000000000,  72.171019e-09, -91.292854e-09,
                  <!-- axis        -->   1.0000000000, -294.00638e-09, -197.97791e-09,
                  <!-- min, max    --> -6.2831855, 6.2831855
               </part>
               <part>
                  <!-- parent      --> "Root",
                  <!-- child       --> "Fan01",
                  <!-- position    --> -5.2758336, 4.6914902, -7.8743968,
                  <!-- offset      --> 0, 0, 0,
                  <!-- orientation -->   1.0000000000, -194.70723e-09,  24.363905e-09,
                                       -24.363910e-09, -31.920340e-09,   1.0000000000,
                                       -194.70723e-09,  -1.0000000000, -31.920344e-09,
                  <!-- axis        -->   0.0135114760, -107.89873e-09,   0.9999087500,
                  <!-- min, max    --> -6.2831855, 6.2831855
               </part>
            </Rev>
         </Cons>
      </Cmpnd>
      <Animation>
         <Script>
            <Sc_loop>
               <Joint_map_0 name="Joint map 0">
                  <Parent_name name="Parent name" type="text">Root</Parent_name>
                  <Child_name name="Child name" type="text">Fan02</Child_name>
                  <Channel>
                     <Header type="Header">
                        <!-- count    --> 4,
                        <!-- interval --> Explicit,
                        <!-- flags    --> 0x1
                     </Header>
                     <Frames type="Frames" count="4">
                          0.0000000000:   0.0000000000
                          2.4666667000:   3.0994227000
                          2.5333335000:  -3.0994172000
                          5.0000000000:   0.0000000000
                     </Frames>
                  </Channel>
               </Joint_map_0>
               <Joint_map_1 name="Joint map 1">
                  <Parent_name name="Parent name" type="text">Root</Parent_name>
                  <Child_name name="Child name" type="text">MVend_Star</Child_name>
                  <Channel>
                     <Header type="Header">
                        <!-- count    --> 4,
                        <!-- interval --> Explicit,
                        <!-- flags    --> 0x1
                     </Header>
                     <Frames type="Frames" count="4">
                          0.0000000000:   0.0000000000
                          2.4666667000:   3.1205156000
                          2.5333335000:  -3.0783300000
                          4.9333334000:  -0.0421600000
                     </Frames>
                  </Channel>
               </Joint_map_1>
               <Joint_map_2 name="Joint map 2">
                  <Parent_name name="Parent name" type="text">Root</Parent_name>
                  <Child_name name="Child name" type="text">Fan01</Child_name>
                  <Channel>
                     <Header type="Header">
                        <!-- count    --> 4,
                        <!-- interval --> Explicit,
                        <!-- flags    --> 0x1
                     </Header>
                     <Frames type="Frames" count="4">
                          0.0000000000:   0.0000000000
                          2.4666667000:   3.0994227000
                          2.5333335000:  -3.0994172000
                          5.0000000000:   0.0000000000
                     </Frames>
                  </Channel>
               </Joint_map_2>
            </Sc_loop>
         </Script>
      </Animation>
      <Material_library name="Material library">
         <Material_count name="Material count" type="int">40</Material_count>
         <detailmap_KB_2_Floor-1.tga name="detailmap_KB#2_Floor-1.tga">
            <Type type="text">DcDtBt</Type>
            <Dt_name type="text">kb#2_floor-1.tga</Dt_name>
            <Dt_flags type="int">0x40</Dt_flags>
            <Bt_name type="text">dtl_tile11.tga2</Bt_name>
            <Bt_flags type="int">0x50</Bt_flags>
         </detailmap_KB_2_Floor-1.tga>
         <detailmap_b_2_floor.tga name="detailmap_b#2_floor.tga">
            <Type type="text">DcDtBt</Type>
            <Dt_name type="text">kb#2_floor.tga</Dt_name>
            <Dt_flags type="int">0x40</Dt_flags>
            <Bt_name type="text">dtl_tile11.tga2</Bt_name>
            <Bt_flags type="int">0x50</Bt_flags>
         </detailmap_b_2_floor.tga>
         <detailmap_B_2_Floor-2.tga name="detailmap_B#2_Floor-2.tga">
            <Type type="text">DcDtBt</Type>
            <Dt_name type="text">kb#2_floor-2.tga</Dt_name>
            <Dt_flags type="int">0x40</Dt_flags>
            <Bt_name type="text">dtl_tile11.tga2</Bt_name>
            <Bt_flags type="int">0x50</Bt_flags>
         </detailmap_B_2_Floor-2.tga>
         <detailmap_kb_2_bar.tga name="detailmap_kb#2_bar.tga">
            <Type type="text">DcDtBtEc</Type>
            <Dt_name type="text">kb#2_bar.tga</Dt_name>
            <Dt_flags type="int">0x40</Dt_flags>
            <Bt_name type="text">dtl_tile11.tga3</Bt_name>
            <Bt_flags type="int">0x50</Bt_flags>
            <Ec type="RGB">0.5, 0.5, 0.5</Ec>
         </detailmap_kb_2_bar.tga>
         <detailmap_KB_2_Bar-1.tga name="detailmap_KB#2_Bar-1.tga">
            <Type type="text">DcDtBt</Type>
            <Dt_name type="text">kb#2_bar-1.tga</Dt_name>
            <Dt_flags type="int">0x40</Dt_flags>
            <Bt_name type="text">dtl_tile11.tga3</Bt_name>
            <Bt_flags type="int">0x50</Bt_flags>
         </detailmap_KB_2_Bar-1.tga>
         <KB_2_Lamp-2.tga name="KB#2_Lamp-2.tga">
            <Type type="text">DcDt</Type>
            <Dt_name type="text">kb#2_lamp-2.tga</Dt_name>
            <Dt_flags type="int">0x40</Dt_flags>
         </KB_2_Lamp-2.tga>
         <MVend2.tga>
            <Type type="text">DcDtEc</Type>
            <Dt_name type="text">mvend2.tga</Dt_name>
            <Dt_flags type="int">0x40</Dt_flags>
            <Ec type="RGB">0.35, 0.35, 0.35</Ec>
         </MVend2.tga>
         <KB_2_Wall-6.tga name="KB#2_Wall-6.tga">
            <Type type="text">DcDt</Type>
            <Dt_name type="text">kb#2_wall-6.tga</Dt_name>
            <Dt_flags type="int">0x40</Dt_flags>
         </KB_2_Wall-6.tga>
         <bar_refl.tga>
            <Type type="text">DcDtOcOt</Type>
            <Dt_name type="text">bar_refl.tga</Dt_name>
            <Dt_flags type="int">0x40</Dt_flags>
            <Oc type="float">0.45</Oc>
         </bar_refl.tga>
         <ku_ceiling_cap>
            <Type type="text">DcDt</Type>
            <Dt_name type="text">ceiling_cap.tga</Dt_name>
            <Dt_flags type="int">0x40</Dt_flags>
         </ku_ceiling_cap>
         <detailmap_B_2_Wall-2.tga name="detailmap_B#2_Wall-2.tga">
            <Type type="text">DcDtBtEc</Type>
            <Dt_name type="text">kb#2_wall-2.tga</Dt_name>
            <Dt_flags type="int">0x40</Dt_flags>
            <Bt_name type="text">dtl_tile11.tga</Bt_name>
            <Bt_flags type="int">0x50</Bt_flags>
            <Ec type="RGB">0.5, 0.5, 0.5</Ec>
         </detailmap_B_2_Wall-2.tga>
         <KB_2_Wall-5.tga name="KB#2_Wall-5.tga">
            <Type type="text">DcDt</Type>
            <Dt_name type="text">kb#2_wall-5.tga</Dt_name>
            <Dt_flags type="int">0x40</Dt_flags>
         </KB_2_Wall-5.tga>
         <Jap_Exit>
            <Type type="text">DcDtEc</Type>
            <Dt_name type="text">news02.tga</Dt_name>
            <Dt_flags type="int">0x40</Dt_flags>
            <Ec type="RGB">1, 1, 1</Ec>
         </Jap_Exit>
         <Jap_Mission>
            <Type type="text">DcDtEc</Type>
            <Dt_name type="text">jap_mission.tga</Dt_name>
            <Dt_flags type="int">0x40</Dt_flags>
            <Ec type="RGB">1, 1, 1</Ec>
         </Jap_Mission>
         <KB_2_Dragon.tga name="KB#2_Dragon.tga">
            <Type type="text">DcDtEc</Type>
            <Dt_name type="text">kb#2_dragon.tga</Dt_name>
            <Dt_flags type="int">0x40</Dt_flags>
            <Ec type="RGB">0.4, 0.4, 0.4</Ec>
         </KB_2_Dragon.tga>
         <KB_2_Banners.tga name="KB#2_Banners.tga">
            <Type type="text">DcDtEc</Type>
            <Dt_name type="text">kb#2_banners.tga</Dt_name>
            <Dt_flags type="int">0x40</Dt_flags>
            <Ec type="RGB">0.5, 0.5, 0.5</Ec>
         </KB_2_Banners.tga>
         <detailmap_KB_2_Bar-2.tga name="detailmap_KB#2_Bar-2.tga">
            <Type type="text">DcDtBtEc</Type>
            <Dt_name type="text">kb#2_bar-2.tga</Dt_name>
            <Dt_flags type="int">0x40</Dt_flags>
            <Bt_name type="text">dtl_tile11.tga3</Bt_name>
            <Bt_flags type="int">0x50</Bt_flags>
            <Ec type="RGB">0.25, 0.25, 0.25</Ec>
         </detailmap_KB_2_Bar-2.tga>
         <KB_2_Lamp-4.tga name="KB#2_Lamp-4.tga">
            <Type type="text">DcDt</Type>
            <Dt_name type="text">kb#2_lamp-4.tga</Dt_name>
            <Dt_flags type="int">0x40</Dt_flags>
         </KB_2_Lamp-4.tga>
         <KB_2_Bar-4.tga name="KB#2_Bar-4.tga">
            <Type type="text">DcDtEcOcOt</Type>
            <Dt_name type="text">kb#2_bar-4.tgakb#2_bar-4-op.tga</Dt_name>
            <Dt_flags type="int">0x40</Dt_flags>
            <Ec type="RGB">0.3, 0.3, 0.3</Ec>
         </KB_2_Bar-4.tga>
         <detailmap_B_2_Wall-4.tga name="detailmap_B#2_Wall-4.tga">
            <Type type="text">DcDtBt</Type>
            <Dt_name type="text">kb#2_wall-4.tga</Dt_name>
            <Dt_flags type="int">0x40</Dt_flags>
            <Bt_name type="text">dtl_tile11.tga</Bt_name>
            <Bt_flags type="int">0x50</Bt_flags>
         </detailmap_B_2_Wall-4.tga>
         <detailmap_kb_2_bar-3 name="detailmap_kb#2_bar-3">
            <Type type="text">DcDtBtEc</Type>
            <Dt_name type="text">kb#2_bar-3.tga</Dt_name>
            <Dt_flags type="int">0x40</Dt_flags>
            <Bt_name type="text">dtl_tile11.tga3</Bt_name>
            <Bt_flags type="int">0x50</Bt_flags>
            <Ec type="RGB">0.5, 0.5, 0.5</Ec>
         </detailmap_kb_2_bar-3>
         <detailmap_B_2_Wall-1.tga name="detailmap_B#2_Wall-1.tga">
            <Type type="text">DcDtBt</Type>
            <Dt_name type="text">kb#2_wall-1.tga</Dt_name>
            <Dt_flags type="int">0x40</Dt_flags>
            <Bt_name type="text">dtl_tile11.tga</Bt_name>
            <Bt_flags type="int">0x50</Bt_flags>
         </detailmap_B_2_Wall-1.tga>
         <detailmap_KB_2_Pic-3.tga name="detailmap_KB#2_Pic-3.tga">
            <Type type="text">DcDtBtEc</Type>
            <Dt_name type="text">kb#2_pic-3.tga</Dt_name>
            <Dt_flags type="int">0x40</Dt_flags>
            <Bt_name type="text">dtl_tile11.tga</Bt_name>
            <Bt_flags type="int">0x50</Bt_flags>
            <Ec type="RGB">0.25, 0.25, 0.25</Ec>
         </detailmap_KB_2_Pic-3.tga>
         <KB_2_Pic-1.tga name="KB#2_Pic-1.tga">
            <Type type="text">DcDtEc</Type>
            <Dt_name type="text">kb#2_pic-1.tga</Dt_name>
            <Dt_flags type="int">0x40</Dt_flags>
            <Ec type="RGB">0.25, 0.25, 0.25</Ec>
         </KB_2_Pic-1.tga>
         <detailmap_KB_2_Pic-2.tga name="detailmap_KB#2_Pic-2.tga">
            <Type type="text">DcDtBtEc</Type>
            <Dt_name type="text">kb#2_pic-2.tga</Dt_name>
            <Dt_flags type="int">0x40</Dt_flags>
            <Bt_name type="text">dtl_tile11.tga</Bt_name>
            <Bt_flags type="int">0x50</Bt_flags>
            <Ec type="RGB">0.25, 0.25, 0.25</Ec>
         </detailmap_KB_2_Pic-2.tga>
         <Red_wall_light name="Red wall light">
            <Type type="text">DcDt</Type>
            <Dt_name type="text">kb#2_wall red-light.tga</Dt_name>
            <Dt_flags type="int">0x40</Dt_flags>
         </Red_wall_light>
         <KB_2_Lamp-1.tga name="KB#2_Lamp-1.tga">
            <Type type="text">DcDtOcOt</Type>
            <Dt_name type="text">kb#2_lamp-1.tgakb#2_lamp-1-op.tga</Dt_name>
            <Dt_flags type="int">0x40</Dt_flags>
         </KB_2_Lamp-1.tga>
         <KB_2_Lamp.tga name="KB#2_Lamp.tga">
            <Type type="text">DcDtEcOcOt</Type>
            <Dt_name type="text">kb#2_lamp.tgakb#2_lamp-op.tga</Dt_name>
            <Dt_flags type="int">0x40</Dt_flags>
            <Ec type="RGB">1, 1, 1</Ec>
         </KB_2_Lamp.tga>
         <KB_2_Lamp-3.tga name="KB#2_Lamp-3.tga">
            <Type type="text">DcDt</Type>
            <Dt_name type="text">kb#2_lamp-3.tga</Dt_name>
            <Dt_flags type="int">0x40</Dt_flags>
         </KB_2_Lamp-3.tga>
         <KB_2_Bar-3.tga name="KB#2_Bar-3.tga">
            <Type type="text">DcDtEcOcOt</Type>
            <Dt_name type="text">kb#2_bar-3.tgakb#2_bar-3-op.tga</Dt_name>
            <Dt_flags type="int">0x40</Dt_flags>
            <Ec type="RGB">0.5, 0.5, 0.5</Ec>
         </KB_2_Bar-3.tga>
         <KB_2_Table.tga name="KB#2_Table.tga">
            <Type type="text">DcDt</Type>
            <Dt_name type="text">kb#2_table.tga</Dt_name>
            <Dt_flags type="int">0x40</Dt_flags>
         </KB_2_Table.tga>
         <KB_2_Warrior-1.tga name="KB#2_Warrior-1.tga">
            <Type type="text">DcDt</Type>
            <Dt_name type="text">kb#2_warrior-1.tga</Dt_name>
            <Dt_flags type="int">0x40</Dt_flags>
         </KB_2_Warrior-1.tga>
         <KB_2_Warrior-2.tga name="KB#2_Warrior-2.tga">
            <Type type="text">DcDt</Type>
            <Dt_name type="text">kb#2_warrior-2.tga</Dt_name>
            <Dt_flags type="int">0x40</Dt_flags>
         </KB_2_Warrior-2.tga>
         <detailmap_KB_2_Wall-3.tga name="detailmap_KB#2_Wall-3.tga">
            <Type type="text">DcDtBtEc</Type>
            <Dt_name type="text">kb#2_wall-3.tga</Dt_name>
            <Dt_flags type="int">0x40</Dt_flags>
            <Bt_name type="text">dtl_tile11.tga</Bt_name>
            <Bt_flags type="int">0x50</Bt_flags>
            <Ec type="RGB">0.5, 0.5, 0.5</Ec>
         </detailmap_KB_2_Wall-3.tga>
         <Green_Floor_Illum name="Green Floor Illum">
            <Type type="text">DcDtEc</Type>
            <Dt_name type="text">kb#2_wall-2.tga</Dt_name>
            <Dt_flags type="int">0x40</Dt_flags>
            <Ec type="RGB">0.5, 0.5, 0.5</Ec>
         </Green_Floor_Illum>
         <LampShade_Illum name="LampShade Illum">
            <Type type="text">DcDtEcOcOtTwo</Type>
            <Dt_name type="text">kb#2_lamp-2.tga</Dt_name>
            <Dt_flags type="int">0x40</Dt_flags>
            <Ec type="RGB">0.7, 0.7, 0.7</Ec>
            <Oc type="float">0.8</Oc>
         </LampShade_Illum>
         <Mask_Illum name="Mask Illum">
            <Type type="text">DcDtEt</Type>
            <Dt_name type="text">kb#2_warrior.tga</Dt_name>
            <Dt_flags type="int">0x40</Dt_flags>
            <Et_name type="text">kb#2_warrior_illum.tga</Et_name>
            <Et_flags type="int">0x40</Et_flags>
         </Mask_Illum>
         <StrawLight_Illum name="StrawLight Illum">
            <Type type="text">DcDtEcOcOt</Type>
            <Dt_name type="text">kb#2_lamp-1.tgakb#2_lamp-1-op.tga</Dt_name>
            <Dt_flags type="int">0x40</Dt_flags>
            <Ec type="RGB">0.75, 0.75, 0.75</Ec>
         </StrawLight_Illum>
         <detailmap_TableTop>
            <Type type="text">DcDtBtEc</Type>
            <Dt_name type="text">kb#2_table.tga</Dt_name>
            <Dt_flags type="int">0x40</Dt_flags>
            <Bt_name type="text">dtl_tile11.tga3</Bt_name>
            <Bt_flags type="int">0x50</Bt_flags>
            <Ec type="RGB">0.5, 0.5, 0.5</Ec>
         </detailmap_TableTop>
         <Jap_News>
            <Type type="text">DcDtEc</Type>
            <Dt_name type="text">news02.tga</Dt_name>
            <Dt_flags type="int">0x40</Dt_flags>
            <Ec type="RGB">1, 1, 1</Ec>
         </Jap_News>
      </Material_library>
      <Texture_library name="Texture library">
         <kb_2_warrior_illum.tga name="kb#2_warrior_illum.tga">
            <MIPS type="file" filename="ku_kyushu_bar_cmp\kb#2_warrior_illum.dds"/>
         </kb_2_warrior_illum.tga>
         <kb_2_warrior.tga name="kb#2_warrior.tga">
            <MIPS type="file" filename="ku_kyushu_bar_cmp\kb#2_warrior.dds"/>
         </kb_2_warrior.tga>
         <kb_2_wall-3.tga name="kb#2_wall-3.tga">
            <MIPS type="file" filename="ku_kyushu_bar_cmp\kb#2_wall-3.dds"/>
         </kb_2_wall-3.tga>
         <kb_2_warrior-2.tga name="kb#2_warrior-2.tga">
            <MIPS type="file" filename="ku_kyushu_bar_cmp\kb#2_warrior-2.dds"/>
         </kb_2_warrior-2.tga>
         <kb_2_warrior-1.tga name="kb#2_warrior-1.tga">
            <MIPS type="file" filename="ku_kyushu_bar_cmp\kb#2_warrior-1.dds"/>
         </kb_2_warrior-1.tga>
         <kb_2_table.tga name="kb#2_table.tga">
            <MIPS type="file" filename="ku_kyushu_bar_cmp\kb#2_table.dds"/>
         </kb_2_table.tga>
         <kb_2_bar-3.tgakb_2_bar-3-op.tga name="kb#2_bar-3.tgakb#2_bar-3-op.tga">
            <MIPS type="file" filename="ku_kyushu_bar_cmp\kb#2_bar-3.tgakb#2_bar-3-op.dds"/>
         </kb_2_bar-3.tgakb_2_bar-3-op.tga>
         <kb_2_lamp-3.tga name="kb#2_lamp-3.tga">
            <MIPS type="file" filename="ku_kyushu_bar_cmp\kb#2_lamp-3.dds"/>
         </kb_2_lamp-3.tga>
         <kb_2_lamp.tgakb_2_lamp-op.tga name="kb#2_lamp.tgakb#2_lamp-op.tga">
            <MIPS type="file" filename="ku_kyushu_bar_cmp\kb#2_lamp.tgakb#2_lamp-op.dds"/>
         </kb_2_lamp.tgakb_2_lamp-op.tga>
         <kb_2_lamp-1.tgakb_2_lamp-1-op.tga name="kb#2_lamp-1.tgakb#2_lamp-1-op.tga">
            <MIPS type="file" filename="ku_kyushu_bar_cmp\kb#2_lamp-1.tgakb#2_lamp-1-op.dds"/>
         </kb_2_lamp-1.tgakb_2_lamp-1-op.tga>
         <kb_2_wall_red-light.tga name="kb#2_wall red-light.tga">
            <MIPS type="file" filename="ku_kyushu_bar_cmp\kb#2_wall red-light.dds"/>
         </kb_2_wall_red-light.tga>
         <kb_2_pic-2.tga name="kb#2_pic-2.tga">
            <MIPS type="file" filename="ku_kyushu_bar_cmp\kb#2_pic-2.dds"/>
         </kb_2_pic-2.tga>
         <kb_2_pic-1.tga name="kb#2_pic-1.tga">
            <MIPS type="file" filename="ku_kyushu_bar_cmp\kb#2_pic-1.dds"/>
         </kb_2_pic-1.tga>
         <kb_2_pic-3.tga name="kb#2_pic-3.tga">
            <MIPS type="file" filename="ku_kyushu_bar_cmp\kb#2_pic-3.dds"/>
         </kb_2_pic-3.tga>
         <kb_2_wall-1.tga name="kb#2_wall-1.tga">
            <MIPS type="file" filename="ku_kyushu_bar_cmp\kb#2_wall-1.dds"/>
         </kb_2_wall-1.tga>
         <kb_2_bar-3.tga name="kb#2_bar-3.tga">
            <MIPS type="file" filename="ku_kyushu_bar_cmp\kb#2_bar-3.dds"/>
         </kb_2_bar-3.tga>
         <kb_2_wall-4.tga name="kb#2_wall-4.tga">
            <MIPS type="file" filename="ku_kyushu_bar_cmp\kb#2_wall-4.dds"/>
         </kb_2_wall-4.tga>
         <kb_2_bar-4.tgakb_2_bar-4-op.tga name="kb#2_bar-4.tgakb#2_bar-4-op.tga">
            <MIPS type="file" filename="ku_kyushu_bar_cmp\kb#2_bar-4.tgakb#2_bar-4-op.dds"/>
         </kb_2_bar-4.tgakb_2_bar-4-op.tga>
         <kb_2_lamp-4.tga name="kb#2_lamp-4.tga">
            <MIPS type="file" filename="ku_kyushu_bar_cmp\kb#2_lamp-4.dds"/>
         </kb_2_lamp-4.tga>
         <kb_2_bar-2.tga name="kb#2_bar-2.tga">
            <MIPS type="file" filename="ku_kyushu_bar_cmp\kb#2_bar-2.dds"/>
         </kb_2_bar-2.tga>
         <kb_2_banners.tga name="kb#2_banners.tga">
            <MIPS type="file" filename="ku_kyushu_bar_cmp\kb#2_banners.dds"/>
         </kb_2_banners.tga>
         <kb_2_dragon.tga name="kb#2_dragon.tga">
            <MIPS type="file" filename="ku_kyushu_bar_cmp\kb#2_dragon.dds"/>
         </kb_2_dragon.tga>
         <jap_mission.tga>
            <MIPS type="file" filename="ku_kyushu_bar_cmp\jap_mission.dds"/>
         </jap_mission.tga>
         <news02.tga>
            <MIPS type="file" filename="ku_kyushu_bar_cmp\news02.dds"/>
         </news02.tga>
         <kb_2_wall-5.tga name="kb#2_wall-5.tga">
            <MIPS type="file" filename="ku_kyushu_bar_cmp\kb#2_wall-5.dds"/>
         </kb_2_wall-5.tga>
         <kb_2_wall-2.tga name="kb#2_wall-2.tga">
            <MIPS type="file" filename="ku_kyushu_bar_cmp\kb#2_wall-2.dds"/>
         </kb_2_wall-2.tga>
         <ceiling_cap.tga>
            <MIPS type="file" filename="ku_kyushu_bar_cmp\ceiling_cap.dds"/>
         </ceiling_cap.tga>
         <bar_refl.tga>
            <MIPS type="file" filename="ku_kyushu_bar_cmp\bar_refl.dds"/>
         </bar_refl.tga>
         <kb_2_wall-6.tga name="kb#2_wall-6.tga">
            <MIPS type="file" filename="ku_kyushu_bar_cmp\kb#2_wall-6.dds"/>
         </kb_2_wall-6.tga>
         <mvend2.tga>
            <MIPS type="file" filename="ku_kyushu_bar_cmp\mvend2.dds"/>
         </mvend2.tga>
         <kb_2_lamp-2.tga name="kb#2_lamp-2.tga">
            <MIPS type="file" filename="ku_kyushu_bar_cmp\kb#2_lamp-2.dds"/>
         </kb_2_lamp-2.tga>
         <kb_2_bar-1.tga name="kb#2_bar-1.tga">
            <MIPS type="file" filename="ku_kyushu_bar_cmp\kb#2_bar-1.dds"/>
         </kb_2_bar-1.tga>
         <kb_2_bar.tga name="kb#2_bar.tga">
            <MIPS type="file" filename="ku_kyushu_bar_cmp\kb#2_bar.dds"/>
         </kb_2_bar.tga>
         <kb_2_floor-2.tga name="kb#2_floor-2.tga">
            <MIPS type="file" filename="ku_kyushu_bar_cmp\kb#2_floor-2.dds"/>
         </kb_2_floor-2.tga>
         <kb_2_floor.tga name="kb#2_floor.tga">
            <MIPS type="file" filename="ku_kyushu_bar_cmp\kb#2_floor.dds"/>
         </kb_2_floor.tga>
         <dtl_tile11.tga>
            <MIPS type="file" filename="ku_kyushu_bar_cmp\dtl_tile11.dds"/>
         </dtl_tile11.tga>
         <kb_2_floor-1.tga name="kb#2_floor-1.tga">
            <MIPS type="file" filename="ku_kyushu_bar_cmp\kb#2_floor-1.dds"/>
         </kb_2_floor-1.tga>
         <dtl_tile11.tga2>
            <MIPS type="file" filename="ku_kyushu_bar_cmp\dtl_tile11.tga2.dds"/>
         </dtl_tile11.tga2>
         <dtl_tile11.tga3>
            <MIPS type="file" filename="ku_kyushu_bar_cmp\dtl_tile11.tga3.dds"/>
         </dtl_tile11.tga3>
      </Texture_library>
      <Root_bar021209210151.3db>
         <VMeshPart>
            <VMeshRef type="VMeshRef">
               <!-- header size  --> 60,
               <!-- vmesh lib    --> data.bases.kusari.ku_kyushu_bar.lod0-212.vms,
               <!-- start vert   --> 9167,
               <!-- num verts    --> 982,
               <!-- start index  --> 15744,
               <!-- num indices  --> 1290,
               <!-- start mesh   --> 43,
               <!-- num meshes   --> 7,
               <!-- bounding box -->  8.8164921,  1.3692539,     9.1416655,
                                     -8.8164911,  7.1150594e-6, -9.1416645,
               <!-- center       --> -0.63484854, 0.53422493,    1.617945,
               <!-- radius       --> 12.116875
            </VMeshRef>
         </VMeshPart>
         <VMeshWire include="ku_kyushu_bar_cmp\Root_bar.vwd.xml"/>
         <Hardpoints>
            <Fixed>
               <Hp_AVI>
                  <Position type="Vector">-8.6832418, 5.3369255, -1.7262409</Position>
                  <Orientation type="Matrix">
                      129.77266e-09,  159.80470e-09,  -1.0000000000,
                     -61.154218e-09,   1.0000000000,  159.80469e-09,
                       1.0000000000,  61.154196e-09,  129.77267e-09
                  </Orientation>
               </Hp_AVI>
               <HpBarman>
                  <Position type="Vector">-1.9587921, -0.19250089, 0.30894274</Position>
                  <Orientation type="Matrix">
                      -0.9848077900,  157.42033e-09,   0.1736479600,
                      177.88888e-09,   1.0000000000,  102.31059e-09,
                      -0.1736479600,  131.64630e-09,  -0.9848077900
                  </Orientation>
               </HpBarman>
               <HpBarProp01>
                  <Position type="Vector">-3.4883404, 0.97642875, 0.56402856</Position>
                  <Orientation type="Matrix">
                      -0.8191520000,  169.14686e-09,   0.5735765100,
                      216.13963e-09,   1.0000000000,  13.780818e-09,
                      -0.5735765100,  135.26120e-09,  -0.8191520000
                  </Orientation>
               </HpBarProp01>
               <HpBarProp02>
                  <Position type="Vector">-1.1515826, 0.97642839, 1.1739194</Position>
                  <Orientation type="Matrix">
                      -0.9848077900,  175.91276e-09,  -0.1736479400,
                      165.75171e-09,   1.0000000000,  73.016622e-09,
                       0.1736479400,  43.124896e-09,  -0.9848077900
                  </Orientation>
               </HpBarProp02>
               <HpBarProp03>
                  <Position type="Vector">-0.45524165, 0.97642851, 0.94581568</Position>
                  <Orientation type="Matrix">
                      -0.9063078200,  195.38214e-09,  -0.4226182700,
                      146.26636e-09,   1.0000000000,  148.64436e-09,
                       0.4226182700,  72.902701e-09,  -0.9063078200
                  </Orientation>
               </HpBarProp03>
               <HpCharacter01>
                  <Position type="Vector">-3.8095906, -0.19642602, 1.2344723</Position>
                  <Orientation type="Matrix">
                       0.8191520600,  32.766895e-09,  -0.5735764500,
                      16.235697e-09,   1.0000000000,  80.314315e-09,
                       0.5735764500, -75.102051e-09,   0.8191520600
                  </Orientation>
               </HpCharacter01>
               <HpCharacter02>
                  <Position type="Vector">1.4093336, -0.19642615, 0.81825393</Position>
                  <Orientation type="Matrix">
                       0.6427875800, -24.954369e-09,   0.7660445000,
                      93.711840e-09,   1.0000000000, -46.057949e-09,
                      -0.7660445000,  101.39291e-09,   0.6427875800
                  </Orientation>
               </HpCharacter02>
               <HpCharacter04>
                  <Position type="Vector">-3.2330174, -0.19642638, 1.8500929</Position>
                  <Orientation type="Matrix">
                       0.9063078200,  31.988495e-09,  -0.4226182400,
                     -14.945131e-09,   1.0000000000,  43.641293e-09,
                       0.4226182400, -33.236361e-09,   0.9063078200
                  </Orientation>
               </HpCharacter04>
               <HpCharacter05>
                  <Position type="Vector">-1.0554672, -0.19250095, 1.8862581</Position>
                  <Orientation type="Matrix">
                       0.9848077300,  12.824583e-09,   0.1736481500,
                      9.8694244e-09,   1.0000000000, -129.82613e-09,
                      -0.1736481500,  129.56760e-09,   0.9848077300
                  </Orientation>
               </HpCharacter05>
               <HpCharacter06>
                  <Position type="Vector">0.055049591, -0.19250056, 1.8405215</Position>
                  <Orientation type="Matrix">
                       0.9396926200, -30.136764e-09,   0.3420202100,
                      15.944853e-09,   1.0000000000,  44.305875e-09,
                      -0.3420202100, -36.180442e-09,   0.9396926200
                  </Orientation>
               </HpCharacter06>
               <HpCharacter07>
                  <Position type="Vector">4.0275755, 0.0065161437, 0.803523</Position>
                  <Orientation type="Matrix">
                      -0.7660444400,  146.11670e-09,   0.6427876400,
                      188.60665e-09,   1.0000000000, -2.5445999e-09,
                      -0.6427876400,  119.28475e-09,  -0.7660444400
                  </Orientation>
               </HpCharacter07>
               <HpCharacter08>
                  <Position type="Vector">2.5620525, 0.0065162927, 1.2616979</Position>
                  <Orientation type="Matrix">
                       0.1736481000,  129.25807e-09,  -0.9848077900,
                      46.368157e-09,   1.0000000000,  139.42802e-09,
