<?xml version="1.0" encoding="ISO-8859-1"?>
<!-- XML generated by UTFXML Version 2.2 built 19-Aug-2010 -->
<UTFXML filename="ku_kyushu_trader.cmp" path="BASES\KUSARI">
   <UTF_ROOT>
      <VMeshLibrary>
         <data.bases.kusari.ku_kyushu_trader.lod0-12.vms include="ku_kyushu_trader_cmp\lod0-12.vms.xml"/>
         <data.bases.kusari.ku_kyushu_trader.lod0-112.vms include="ku_kyushu_trader_cmp\lod0-112.vms.xml"/>
         <data.bases.kusari.ku_kyushu_trader.lod0-212.vms include="ku_kyushu_trader_cmp\lod0-212.vms.xml"/>
      </VMeshLibrary>
      <Exporter_Version name="Exporter Version" type="text">Nov  5 2002 11:41:55</Exporter_Version>
      <Cmpnd>
         <Root>
            <Object_name name="Object name" type="text">Root</Object_name>
            <File_name name="File name" type="text">Root_trade021209160308.3db</File_name>
            <Index type="int">0</Index>
         </Root>
         <Part_cap>
            <Object_name name="Object name" type="text">cap</Object_name>
            <File_name name="File name" type="text">cap021209160308.3db</File_name>
            <Index type="int">1</Index>
         </Part_cap>
         <Part_ExitDoor01>
            <Object_name name="Object name" type="text">ExitDoor01</Object_name>
            <File_name name="File name" type="text">ExitDoor01021209160308.3db</File_name>
            <Index type="int">2</Index>
         </Part_ExitDoor01>
         <Part_Trader>
            <Object_name name="Object name" type="text">Trader</Object_name>
            <File_name name="File name" type="text">Trader021209160308.3db</File_name>
            <Index type="int">3</Index>
         </Part_Trader>
         <Cons>
            <Fix type="Fix" count="3">
               <part>
                  <!-- parent      --> "Root",
                  <!-- child       --> "cap",
                  <!-- position    --> 2.4692032, 28.399548, -0.11745417,
                  <!-- orientation -->   1.0000000000,  6.3946460e-15,  12.078526e-15,
                                       -6.3946460e-15,   1.0000000000, -5.7320541e-15,
                                       -12.078526e-15,  5.7320541e-15,   1.0000000000
               </part>
               <part>
                  <!-- parent      --> "Root",
                  <!-- child       --> "ExitDoor01",
                  <!-- position    --> -0.023362137, -0.0014948946, -1.5645708,
                  <!-- orientation -->   1.0000000000,  6.3946460e-15,  12.078526e-15,
                                       -6.3946460e-15,   1.0000000000, -5.7320541e-15,
                                       -12.078526e-15,  5.7320541e-15,   1.0000000000
               </part>
               <part>
                  <!-- parent      --> "Root",
                  <!-- child       --> "Trader",
                  <!-- position    --> -9.3905725, 1.5159199, -4.2442708,
                  <!-- orientation -->   1.0000000000,  6.3946460e-15,  4.9730990e-15,
                                       -6.3946460e-15,   1.0000000000, -5.7320553e-15,
                                       -4.9730990e-15,  5.7320553e-15,   1.0000000000
               </part>
            </Fix>
         </Cons>
      </Cmpnd>
      <Material_library name="Material library">
         <Material_count name="Material count" type="int">36</Material_count>
         <detailmap_ku_comm05021209160308>
            <Type type="text">DcDtBtEc</Type>
            <Dc type="RGB">0.99215692, 0.99215692, 0.99215692</Dc>
            <Dt_name type="text">kusari-comm-40.tga021209160308</Dt_name>
            <Dt_flags type="int">0x40</Dt_flags>
            <Bt_name type="text">dtl_tile15.tga021209160308</Bt_name>
            <Bt_flags type="int">0x50</Bt_flags>
            <Ec type="RGB">0.29764706, 0.29764706, 0.29764706</Ec>
         </detailmap_ku_comm05021209160308>
         <kusari-comm-39.tga021209160308>
            <Dt_name type="text">kusari-comm-39.tga021209160308</Dt_name>
            <Dm0_name type="text">kyutraderdtl1</Dm0_name>
            <Dm1_name type="text">kyutraderdtl1</Dm1_name>
            <Dm0_flags type="int">0x40</Dm0_flags>
            <Dm1_flags type="int">0x40</Dm1_flags>
            <TileRate0 type="float">2</TileRate0>
            <TileRate1 type="float">2</TileRate1>
            <Dt_flags type="int">0x40</Dt_flags>
            <Type type="text">Masked2DetailMapMaterial</Type>
         </kusari-comm-39.tga021209160308>
         <detailmap_kusari-comm-42.tga021209160308>
            <Type type="text">DcDt</Type>
            <Dt_name type="text">kusari-comm-42.tga021209160308</Dt_name>
            <Dt_flags type="int">0x40</Dt_flags>
         </detailmap_kusari-comm-42.tga021209160308>
         <Material__206021209160308 name="Material #206021209160308">
            <Type type="text">DcDt</Type>
            <Dt_name type="text">ceiling_cap.tga021209160308</Dt_name>
            <Dt_flags type="int">0x40</Dt_flags>
         </Material__206021209160308>
         <invis_exit021209160308 name="invis exit021209160308">
            <Type type="text">DcDtOcOt</Type>
            <Oc type="float">0</Oc>
         </invis_exit021209160308>
         <kusari-comm-01.tga021209160308>
            <Dc type="RGB">0.99215692, 0.99215692, 0.99215692</Dc>
            <Dt_name type="text">kusari-comm-01.tga021209160308</Dt_name>
            <Dm0_name type="text">kyutraderdtl1</Dm0_name>
            <Dm1_name type="text">kyutraderdtl1</Dm1_name>
            <Dm0_flags type="int">0x40</Dm0_flags>
            <Dm1_flags type="int">0x40</Dm1_flags>
            <TileRate0 type="float">2</TileRate0>
            <TileRate1 type="float">2</TileRate1>
            <Dt_flags type="int">0x40</Dt_flags>
            <Type type="text">Masked2DetailMapMaterial</Type>
         </kusari-comm-01.tga021209160308>
         <kusari-comm-04.tga021209160308>
            <Dc type="RGB">0.99215692, 0.99215692, 0.99215692</Dc>
            <Dt_name type="text">kusari-comm-04.tga021209160308</Dt_name>
            <Dm0_name type="text">kyutraderdtl1</Dm0_name>
            <Dm1_name type="text">kyutraderdtl1</Dm1_name>
            <Dm0_flags type="int">0x40</Dm0_flags>
            <Dm1_flags type="int">0x40</Dm1_flags>
            <TileRate0 type="float">2</TileRate0>
            <TileRate1 type="float">2</TileRate1>
            <Dt_flags type="int">0x40</Dt_flags>
            <Type type="text">Masked2DetailMapMaterial</Type>
         </kusari-comm-04.tga021209160308>
         <kusari-comm-02.tga021209160308>
            <Dc type="RGB">0.99215692, 0.99215692, 0.99215692</Dc>
            <Dt_name type="text">kusari-comm-02.tga021209160308</Dt_name>
            <Dm0_name type="text">kyutraderdtl1</Dm0_name>
            <Dm1_name type="text">kyutraderdtl1</Dm1_name>
            <Dm0_flags type="int">0x40</Dm0_flags>
            <Dm1_flags type="int">0x40</Dm1_flags>
            <TileRate0 type="float">1</TileRate0>
            <TileRate1 type="float">1</TileRate1>
            <Dt_flags type="int">0x40</Dt_flags>
            <Type type="text">Masked2DetailMapMaterial</Type>
         </kusari-comm-02.tga021209160308>
         <kusari-comm-03.tga021209160308>
            <Dc type="RGB">0.99215692, 0.99215692, 0.99215692</Dc>
            <Dt_name type="text">kusari-comm-03.tga021209160308</Dt_name>
            <Dm0_name type="text">kyutraderdtl1</Dm0_name>
            <Dm1_name type="text">kyutraderdtl1</Dm1_name>
            <Dm0_flags type="int">0x40</Dm0_flags>
            <Dm1_flags type="int">0x40</Dm1_flags>
            <TileRate0 type="float">1</TileRate0>
            <TileRate1 type="float">1</TileRate1>
            <Dt_flags type="int">0x40</Dt_flags>
            <Type type="text">Masked2DetailMapMaterial</Type>
         </kusari-comm-03.tga021209160308>
         <kusari-comm-24.tga021209160308>
            <Dt_name type="text">kusari-comm-24.tga021209160308</Dt_name>
            <Dm0_name type="text">kyutraderdtl1</Dm0_name>
            <Dm1_name type="text">kyutraderdtl1</Dm1_name>
            <Dm0_flags type="int">0x40</Dm0_flags>
            <Dm1_flags type="int">0x40</Dm1_flags>
            <TileRate0 type="float">2</TileRate0>
            <TileRate1 type="float">2</TileRate1>
            <Dt_flags type="int">0x40</Dt_flags>
            <Type type="text">Masked2DetailMapMaterial</Type>
         </kusari-comm-24.tga021209160308>
         <kusari-comm-23.tga021209160308>
            <Dt_name type="text">kusari-comm-23.tga021209160308</Dt_name>
            <Dm0_name type="text">kyutraderdtl1</Dm0_name>
            <Dm1_name type="text">kyutraderdtl1</Dm1_name>
            <Dm0_flags type="int">0x40</Dm0_flags>
            <Dm1_flags type="int">0x40</Dm1_flags>
            <TileRate0 type="float">2</TileRate0>
            <TileRate1 type="float">2</TileRate1>
            <Dt_flags type="int">0x40</Dt_flags>
            <Type type="text">Masked2DetailMapMaterial</Type>
         </kusari-comm-23.tga021209160308>
         <water021209160308>
            <Type type="text">DcDtEcOcOt</Type>
            <Dt_name type="text">waterkk.tga021209160308</Dt_name>
            <Dt_flags type="int">0x40</Dt_flags>
            <Ec type="RGB">0.2, 0.2, 0.2</Ec>
            <Oc type="float">0.8</Oc>
         </water021209160308>
         <kusari-comm-13.tga021209160308>
            <Dt_name type="text">kusari-comm-13.tga021209160308</Dt_name>
            <Dm0_name type="text">kyutraderdtl1</Dm0_name>
            <Dm1_name type="text">kyutraderdtl1</Dm1_name>
            <Dm0_flags type="int">0x40</Dm0_flags>
            <Dm1_flags type="int">0x40</Dm1_flags>
            <TileRate0 type="float">2</TileRate0>
            <TileRate1 type="float">2</TileRate1>
            <Dt_flags type="int">0x40</Dt_flags>
            <Type type="text">Masked2DetailMapMaterial</Type>
         </kusari-comm-13.tga021209160308>
         <kusari-comm-33.tga021209160308>
            <Dt_name type="text">kusari-comm-33.tga021209160308</Dt_name>
            <Ec type="RGB">0.3, 0.3, 0.3</Ec>
            <Dm0_name type="text">kyutraderdtl1</Dm0_name>
            <Dm1_name type="text">kyutraderdtl1</Dm1_name>
            <Dm0_flags type="int">0x40</Dm0_flags>
            <Dm1_flags type="int">0x40</Dm1_flags>
            <TileRate0 type="float">2</TileRate0>
            <TileRate1 type="float">2</TileRate1>
            <Dt_flags type="int">0x40</Dt_flags>
            <Type type="text">Masked2DetailMapMaterial</Type>
         </kusari-comm-33.tga021209160308>
         <kusari-comm-30.tga021209160308>
            <Dt_name type="text">kusari-comm-30.tga021209160308</Dt_name>
            <Ec type="RGB">0.3, 0.3, 0.3</Ec>
            <Dm0_name type="text">kyutraderdtl1</Dm0_name>
            <Dm1_name type="text">kyutraderdtl1</Dm1_name>
            <Dm0_flags type="int">0x40</Dm0_flags>
            <Dm1_flags type="int">0x40</Dm1_flags>
            <TileRate0 type="float">2</TileRate0>
            <TileRate1 type="float">2</TileRate1>
            <Dt_flags type="int">0x40</Dt_flags>
            <Type type="text">Masked2DetailMapMaterial</Type>
         </kusari-comm-30.tga021209160308>
         <kusari-comm-06.tga021209160308>
            <Dt_name type="text">kusari-comm-06.tga021209160308</Dt_name>
            <Ec type="RGB">0.3, 0.3, 0.3</Ec>
            <Dm0_name type="text">kyutraderdtl1</Dm0_name>
            <Dm1_name type="text">kyutraderdtl1</Dm1_name>
            <Dm0_flags type="int">0x40</Dm0_flags>
            <Dm1_flags type="int">0x40</Dm1_flags>
            <TileRate0 type="float">2</TileRate0>
            <TileRate1 type="float">2</TileRate1>
            <Dt_flags type="int">0x40</Dt_flags>
            <Type type="text">Masked2DetailMapMaterial</Type>
         </kusari-comm-06.tga021209160308>
         <kusari-comm-37.tga021209160308>
            <Dt_name type="text">kusari-comm-37.tga021209160308</Dt_name>
            <Ec type="RGB">0.3, 0.3, 0.3</Ec>
            <Dm0_name type="text">kyutraderdtl1</Dm0_name>
            <Dm1_name type="text">kyutraderdtl1</Dm1_name>
            <Dm0_flags type="int">0x40</Dm0_flags>
            <Dm1_flags type="int">0x40</Dm1_flags>
            <TileRate0 type="float">2</TileRate0>
            <TileRate1 type="float">2</TileRate1>
            <Dt_flags type="int">0x40</Dt_flags>
            <Type type="text">Masked2DetailMapMaterial</Type>
         </kusari-comm-37.tga021209160308>
         <kusari-comm-05.tga021209160308>
            <Dt_name type="text">kusari-comm-05.tga021209160308</Dt_name>
            <Ec type="RGB">0.3, 0.3, 0.3</Ec>
            <Dm0_name type="text">kyutraderdtl1</Dm0_name>
            <Dm1_name type="text">kyutraderdtl1</Dm1_name>
            <Dm0_flags type="int">0x40</Dm0_flags>
            <Dm1_flags type="int">0x40</Dm1_flags>
            <TileRate0 type="float">2</TileRate0>
            <TileRate1 type="float">2</TileRate1>
            <Dt_flags type="int">0x40</Dt_flags>
            <Type type="text">Masked2DetailMapMaterial</Type>
         </kusari-comm-05.tga021209160308>
         <kusari-comm-36.tga021209160308>
            <Dt_name type="text">kusari-comm-36.tga021209160308</Dt_name>
            <Ec type="RGB">0.3, 0.3, 0.3</Ec>
            <Dm0_name type="text">kyutraderdtl1</Dm0_name>
            <Dm1_name type="text">kyutraderdtl1</Dm1_name>
            <Dm0_flags type="int">0x40</Dm0_flags>
            <Dm1_flags type="int">0x40</Dm1_flags>
            <TileRate0 type="float">2</TileRate0>
            <TileRate1 type="float">2</TileRate1>
            <Dt_flags type="int">0x40</Dt_flags>
            <Type type="text">Masked2DetailMapMaterial</Type>
         </kusari-comm-36.tga021209160308>
         <kusari-comm-15.tga021209160308>
            <Dt_name type="text">kusari-comm-15.tga021209160308</Dt_name>
            <Ec type="RGB">0.3, 0.3, 0.3</Ec>
            <Dm0_name type="text">kyutraderdtl1</Dm0_name>
            <Dm1_name type="text">kyutraderdtl1</Dm1_name>
            <Dm0_flags type="int">0x40</Dm0_flags>
            <Dm1_flags type="int">0x40</Dm1_flags>
            <TileRate0 type="float">2</TileRate0>
            <TileRate1 type="float">2</TileRate1>
            <Dt_flags type="int">0x40</Dt_flags>
            <Type type="text">Masked2DetailMapMaterial</Type>
         </kusari-comm-15.tga021209160308>
         <kusari-comm-27.tga021209160308>
            <Dc type="RGB">0.99215692, 0.99215692, 0.99215692</Dc>
            <Dt_name type="text">kusari-comm-27.tga021209160308</Dt_name>
            <Ec type="RGB">0.29764706, 0.29764706, 0.29764706</Ec>
            <Dm0_name type="text">kyutraderdtl1</Dm0_name>
            <Dm1_name type="text">kyutraderdtl1</Dm1_name>
            <Dm0_flags type="int">0x40</Dm0_flags>
            <Dm1_flags type="int">0x40</Dm1_flags>
            <TileRate0 type="float">2</TileRate0>
            <TileRate1 type="float">2</TileRate1>
            <Dt_flags type="int">0x40</Dt_flags>
            <Type type="text">Masked2DetailMapMaterial</Type>
         </kusari-comm-27.tga021209160308>
         <kusari-comm-38.tga021209160308>
            <Dt_name type="text">kusari-comm-38.tga021209160308</Dt_name>
            <Dm0_name type="text">kyutraderdtl1</Dm0_name>
            <Dm1_name type="text">kyutraderdtl1</Dm1_name>
            <Dm0_flags type="int">0x40</Dm0_flags>
            <Dm1_flags type="int">0x40</Dm1_flags>
            <TileRate0 type="float">2</TileRate0>
            <TileRate1 type="float">2</TileRate1>
            <Dt_flags type="int">0x40</Dt_flags>
            <Type type="text">Masked2DetailMapMaterial</Type>
         </kusari-comm-38.tga021209160308>
         <kusari-comm-12.tga021209160308>
            <Dt_name type="text">kusari-comm-12.tga021209160308</Dt_name>
            <Ec type="RGB">0.3, 0.3, 0.3</Ec>
            <Dm0_name type="text">kyutraderdtl1</Dm0_name>
            <Dm1_name type="text">kyutraderdtl1</Dm1_name>
            <Dm0_flags type="int">0x40</Dm0_flags>
            <Dm1_flags type="int">0x40</Dm1_flags>
            <TileRate0 type="float">2</TileRate0>
            <TileRate1 type="float">2</TileRate1>
            <Dt_flags type="int">0x40</Dt_flags>
            <Type type="text">Masked2DetailMapMaterial</Type>
         </kusari-comm-12.tga021209160308>
         <detailmap_kuc_omm09.tga021209160308>
            <Type type="text">DcDtBtEc</Type>
            <Dt_name type="text">kusari-comm-09.tga021209160308</Dt_name>
            <Dt_flags type="int">0x40</Dt_flags>
            <Bt_name type="text">dtl_tile08.tga021209160308</Bt_name>
            <Bt_flags type="int">0x50</Bt_flags>
            <Ec type="RGB">0.3, 0.3, 0.3</Ec>
         </detailmap_kuc_omm09.tga021209160308>
         <kusari-comm-35.tga021209160308>
            <Dt_name type="text">kusari-comm-35.tga021209160308</Dt_name>
            <Dm0_name type="text">kyutraderdtl1</Dm0_name>
            <Dm1_name type="text">kyutraderdtl1</Dm1_name>
            <Dm0_flags type="int">0x40</Dm0_flags>
            <Dm1_flags type="int">0x40</Dm1_flags>
            <TileRate1 type="float">2</TileRate1>
            <TileRate0 type="float">2</TileRate0>
            <Dt_flags type="int">0x40</Dt_flags>
            <Type type="text">Masked2DetailMapMaterial</Type>
         </kusari-comm-35.tga021209160308>
         <kusari-comm-26.tga021209160308>
            <Dt_name type="text">kusari-comm-26.tga021209160308</Dt_name>
            <Dm0_name type="text">kyutraderdtl1</Dm0_name>
            <Dm1_name type="text">kyutraderdtl1</Dm1_name>
            <Dm0_flags type="int">0x40</Dm0_flags>
            <Dm1_flags type="int">0x40</Dm1_flags>
            <TileRate1 type="float">2</TileRate1>
            <TileRate0 type="float">2</TileRate0>
            <Dt_flags type="int">0x40</Dt_flags>
            <Type type="text">Masked2DetailMapMaterial</Type>
         </kusari-comm-26.tga021209160308>
         <kusari-comm-34.tga021209160308>
            <Dt_name type="text">kusari-comm-34.tga021209160308</Dt_name>
            <Ec type="RGB">0.15, 0.15, 0.15</Ec>
            <Dm0_name type="text">kyutraderdtl1</Dm0_name>
            <Dm1_name type="text">kyutraderdtl1</Dm1_name>
            <Dm0_flags type="int">0x40</Dm0_flags>
            <Dm1_flags type="int">0x40</Dm1_flags>
            <TileRate0 type="float">2</TileRate0>
            <TileRate1 type="float">2</TileRate1>
            <Dt_flags type="int">0x40</Dt_flags>
            <Type type="text">Masked2DetailMapMaterial</Type>
         </kusari-comm-34.tga021209160308>
         <kusari-comm-22.tga021209160308>
            <Dt_name type="text">kusari-comm-22.tga021209160308</Dt_name>
            <Ec type="RGB">0.3, 0.3, 0.3</Ec>
            <Dm0_name type="text">kyutraderdtl1</Dm0_name>
            <Dm1_name type="text">kyutraderdtl1</Dm1_name>
            <Dm0_flags type="int">0x40</Dm0_flags>
            <Dm1_flags type="int">0x40</Dm1_flags>
            <TileRate0 type="float">2</TileRate0>
            <TileRate1 type="float">2</TileRate1>
            <Dt_flags type="int">0x40</Dt_flags>
            <Type type="text">Masked2DetailMapMaterial</Type>
         </kusari-comm-22.tga021209160308>
         <kusari-comm-21.tga021209160308>
            <Dt_name type="text">kusari-comm-21.tga021209160308</Dt_name>
            <Ec type="RGB">0.3, 0.3, 0.3</Ec>
            <Dm0_name type="text">kyutraderdtl1</Dm0_name>
            <Dm1_name type="text">kyutraderdtl1</Dm1_name>
            <Dm0_flags type="int">0x40</Dm0_flags>
            <Dm1_flags type="int">0x40</Dm1_flags>
            <TileRate0 type="float">2</TileRate0>
            <TileRate1 type="float">2</TileRate1>
            <Dt_flags type="int">0x40</Dt_flags>
            <Type type="text">Masked2DetailMapMaterial</Type>
         </kusari-comm-21.tga021209160308>
         <kusari-comm-28.tga021209160308>
            <Dc type="RGB">0.99215692, 0.99215692, 0.99215692</Dc>
            <Dt_name type="text">kusari-comm-28.tga021209160308</Dt_name>
            <Dm0_name type="text">kyutraderdtl1</Dm0_name>
            <Dm1_name type="text">kyutraderdtl1</Dm1_name>
            <Dm0_flags type="int">0x40</Dm0_flags>
            <Dm1_flags type="int">0x40</Dm1_flags>
            <TileRate0 type="float">2</TileRate0>
            <TileRate1 type="float">2</TileRate1>
            <Dt_flags type="int">0x40</Dt_flags>
            <Type type="text">Masked2DetailMapMaterial</Type>
         </kusari-comm-28.tga021209160308>
         <kusari-comm-14.tga021209160308>
            <Dt_name type="text">kusari-comm-14.tga021209160308</Dt_name>
            <Ec type="RGB">0.35, 0.35, 0.35</Ec>
            <Dm0_name type="text">kyutraderdtl1</Dm0_name>
            <Dm1_name type="text">kyutraderdtl1</Dm1_name>
            <Dm0_flags type="int">0x40</Dm0_flags>
            <Dm1_flags type="int">0x40</Dm1_flags>
            <TileRate0 type="float">2</TileRate0>
            <TileRate1 type="float">2</TileRate1>
            <Dt_flags type="int">0x40</Dt_flags>
            <Type type="text">Masked2DetailMapMaterial</Type>
         </kusari-comm-14.tga021209160308>
         <kusari-comm-07.tga021209160308>
            <Dt_name type="text">kusari-comm-07.tga021209160308</Dt_name>
            <Ec type="RGB">0.35, 0.35, 0.35</Ec>
            <Dm0_name type="text">kyutraderdtl1</Dm0_name>
            <Dm1_name type="text">kyutraderdtl1</Dm1_name>
            <Dm0_flags type="int">0x40</Dm0_flags>
            <Dm1_flags type="int">0x40</Dm1_flags>
            <TileRate0 type="float">2</TileRate0>
            <TileRate1 type="float">2</TileRate1>
            <Dt_flags type="int">0x40</Dt_flags>
            <Type type="text">Masked2DetailMapMaterial</Type>
         </kusari-comm-07.tga021209160308>
         <kusari-comm-08.tga021209160308>
            <Dt_name type="text">kusari-comm-08.tga021209160308</Dt_name>
            <Ec type="RGB">0.35, 0.35, 0.35</Ec>
            <Dm0_name type="text">kyutraderdtl1</Dm0_name>
            <Dm1_name type="text">kyutraderdtl1</Dm1_name>
            <Dm0_flags type="int">0x40</Dm0_flags>
            <Dm1_flags type="int">0x40</Dm1_flags>
            <TileRate0 type="float">2</TileRate0>
            <TileRate1 type="float">2</TileRate1>
            <Dt_flags type="int">0x40</Dt_flags>
            <Type type="text">Masked2DetailMapMaterial</Type>
         </kusari-comm-08.tga021209160308>
         <kusari-comm-16.tga021209160308>
            <Dt_name type="text">kusari-comm-16.tga021209160308</Dt_name>
            <Ec type="RGB">0.35, 0.35, 0.35</Ec>
            <Dm0_name type="text">kyutraderdtl1</Dm0_name>
            <Dm1_name type="text">kyutraderdtl1</Dm1_name>
            <Dm0_flags type="int">0x40</Dm0_flags>
            <Dm1_flags type="int">0x40</Dm1_flags>
            <TileRate0 type="float">2</TileRate0>
            <TileRate1 type="float">2</TileRate1>
            <Dt_flags type="int">0x40</Dt_flags>
            <Type type="text">Masked2DetailMapMaterial</Type>
         </kusari-comm-16.tga021209160308>
         <kusari-comm-17.tga021209160308>
            <Dt_name type="text">kusari-comm-17.tga021209160308</Dt_name>
            <Ec type="RGB">0.35, 0.35, 0.35</Ec>
            <Dm0_name type="text">kyutraderdtl1</Dm0_name>
            <Dm1_name type="text">kyutraderdtl1</Dm1_name>
            <Dm0_flags type="int">0x40</Dm0_flags>
            <Dm1_flags type="int">0x40</Dm1_flags>
            <TileRate0 type="float">2</TileRate0>
            <TileRate1 type="float">2</TileRate1>
            <Dt_flags type="int">0x40</Dt_flags>
            <Type type="text">Masked2DetailMapMaterial</Type>
         </kusari-comm-17.tga021209160308>
         <kusari-comm-41_test.tga021209160308 name="kusari-comm-41 test.tga021209160308">
            <Type type="text">DcDtEc</Type>
            <Dt_name type="text">kusari-comm-41.tga021209160308</Dt_name>
            <Dt_flags type="int">0x40</Dt_flags>
            <Ec type="RGB">0.53, 0.53, 0.53</Ec>
         </kusari-comm-41_test.tga021209160308>
      </Material_library>
      <Texture_library name="Texture library">
         <kusari-comm-41.tga021209160308>
            <MIPS type="file" filename="ku_kyushu_trader_cmp\kusari-comm-41.dds"/>
         </kusari-comm-41.tga021209160308>
         <kusari-comm-17.tga021209160308>
            <MIPS type="file" filename="ku_kyushu_trader_cmp\kusari-comm-17.dds"/>
         </kusari-comm-17.tga021209160308>
         <kusari-comm-16.tga021209160308>
            <MIPS type="file" filename="ku_kyushu_trader_cmp\kusari-comm-16.dds"/>
         </kusari-comm-16.tga021209160308>
         <kusari-comm-08.tga021209160308>
            <MIPS type="file" filename="ku_kyushu_trader_cmp\kusari-comm-08.dds"/>
         </kusari-comm-08.tga021209160308>
         <kusari-comm-07.tga021209160308>
            <MIPS type="file" filename="ku_kyushu_trader_cmp\kusari-comm-07.dds"/>
         </kusari-comm-07.tga021209160308>
         <kusari-comm-14.tga021209160308>
            <MIPS type="file" filename="ku_kyushu_trader_cmp\kusari-comm-14.dds"/>
         </kusari-comm-14.tga021209160308>
         <kusari-comm-28.tga021209160308>
            <MIPS type="file" filename="ku_kyushu_trader_cmp\kusari-comm-28.dds"/>
         </kusari-comm-28.tga021209160308>
         <kusari-comm-21.tga021209160308>
            <MIPS type="file" filename="ku_kyushu_trader_cmp\kusari-comm-21.dds"/>
         </kusari-comm-21.tga021209160308>
         <kusari-comm-22.tga021209160308>
            <MIPS type="file" filename="ku_kyushu_trader_cmp\kusari-comm-22.dds"/>
         </kusari-comm-22.tga021209160308>
         <kusari-comm-34.tga021209160308>
            <MIPS type="file" filename="ku_kyushu_trader_cmp\kusari-comm-34.dds"/>
         </kusari-comm-34.tga021209160308>
         <kusari-comm-26.tga021209160308>
            <MIPS type="file" filename="ku_kyushu_trader_cmp\kusari-comm-26.dds"/>
         </kusari-comm-26.tga021209160308>
         <kusari-comm-35.tga021209160308>
            <MIPS type="file" filename="ku_kyushu_trader_cmp\kusari-comm-35.dds"/>
         </kusari-comm-35.tga021209160308>
         <dtl_tile08.tga021209160308>
            <MIPS type="file" filename="ku_kyushu_trader_cmp\dtl_tile08.dds"/>
         </dtl_tile08.tga021209160308>
         <kusari-comm-09.tga021209160308>
            <MIPS type="file" filename="ku_kyushu_trader_cmp\kusari-comm-09.dds"/>
         </kusari-comm-09.tga021209160308>
         <kusari-comm-12.tga021209160308>
            <MIPS type="file" filename="ku_kyushu_trader_cmp\kusari-comm-12.dds"/>
         </kusari-comm-12.tga021209160308>
         <kusari-comm-38.tga021209160308>
            <MIPS type="file" filename="ku_kyushu_trader_cmp\kusari-comm-38.dds"/>
         </kusari-comm-38.tga021209160308>
         <kusari-comm-27.tga021209160308>
            <MIPS type="file" filename="ku_kyushu_trader_cmp\kusari-comm-27.dds"/>
         </kusari-comm-27.tga021209160308>
         <kusari-comm-15.tga021209160308>
            <MIPS type="file" filename="ku_kyushu_trader_cmp\kusari-comm-15.dds"/>
         </kusari-comm-15.tga021209160308>
         <kusari-comm-36.tga021209160308>
            <MIPS type="file" filename="ku_kyushu_trader_cmp\kusari-comm-36.dds"/>
         </kusari-comm-36.tga021209160308>
         <kusari-comm-05.tga021209160308>
            <MIPS type="file" filename="ku_kyushu_trader_cmp\kusari-comm-05.dds"/>
         </kusari-comm-05.tga021209160308>
         <kusari-comm-37.tga021209160308>
            <MIPS type="file" filename="ku_kyushu_trader_cmp\kusari-comm-37.dds"/>
         </kusari-comm-37.tga021209160308>
         <kusari-comm-06.tga021209160308>
            <MIPS type="file" filename="ku_kyushu_trader_cmp\kusari-comm-06.dds"/>
         </kusari-comm-06.tga021209160308>
         <kusari-comm-30.tga021209160308>
            <MIPS type="file" filename="ku_kyushu_trader_cmp\kusari-comm-30.dds"/>
         </kusari-comm-30.tga021209160308>
         <kusari-comm-33.tga021209160308>
            <MIPS type="file" filename="ku_kyushu_trader_cmp\kusari-comm-33.dds"/>
         </kusari-comm-33.tga021209160308>
         <kusari-comm-13.tga021209160308>
            <MIPS type="file" filename="ku_kyushu_trader_cmp\kusari-comm-13.dds"/>
         </kusari-comm-13.tga021209160308>
         <waterkk.tga021209160308>
            <MIPS type="file" filename="ku_kyushu_trader_cmp\waterkk.dds"/>
         </waterkk.tga021209160308>
         <kusari-comm-23.tga021209160308>
            <MIPS type="file" filename="ku_kyushu_trader_cmp\kusari-comm-23.dds"/>
         </kusari-comm-23.tga021209160308>
         <kusari-comm-24.tga021209160308>
            <MIPS type="file" filename="ku_kyushu_trader_cmp\kusari-comm-24.dds"/>
         </kusari-comm-24.tga021209160308>
         <kusari-comm-03.tga021209160308>
            <MIPS type="file" filename="ku_kyushu_trader_cmp\kusari-comm-03.dds"/>
         </kusari-comm-03.tga021209160308>
         <kusari-comm-02.tga021209160308>
            <MIPS type="file" filename="ku_kyushu_trader_cmp\kusari-comm-02.dds"/>
         </kusari-comm-02.tga021209160308>
         <kusari-comm-04.tga021209160308>
            <MIPS type="file" filename="ku_kyushu_trader_cmp\kusari-comm-04.dds"/>
         </kusari-comm-04.tga021209160308>
         <kusari-comm-01.tga021209160308>
            <MIPS type="file" filename="ku_kyushu_trader_cmp\kusari-comm-01.dds"/>
         </kusari-comm-01.tga021209160308>
         <ceiling_cap.tga021209160308>
            <MIPS type="file" filename="ku_kyushu_trader_cmp\ceiling_cap.dds"/>
         </ceiling_cap.tga021209160308>
         <kusari-comm-42.tga021209160308>
            <MIPS type="file" filename="ku_kyushu_trader_cmp\kusari-comm-42.dds"/>
         </kusari-comm-42.tga021209160308>
         <kusari-comm-39.tga021209160308>
            <MIPS type="file" filename="ku_kyushu_trader_cmp\kusari-comm-39.dds"/>
         </kusari-comm-39.tga021209160308>
         <dtl_tile15.tga021209160308>
            <MIPS type="file" filename="ku_kyushu_trader_cmp\dtl_tile15.dds"/>
         </dtl_tile15.tga021209160308>
         <kusari-comm-40.tga021209160308>
            <MIPS type="file" filename="ku_kyushu_trader_cmp\kusari-comm-40.dds"/>
         </kusari-comm-40.tga021209160308>
         <kyutraderdtl1>
            <MIPS type="file" filename="ku_kyushu_trader_cmp\kyutraderdtl1.dds"/>
         </kyutraderdtl1>
      </Texture_library>
      <Root_trade021209160308.3db>
         <VMeshPart>
            <VMeshRef type="VMeshRef">
               <!-- header size  --> 60,
               <!-- vmesh lib    --> data.bases.kusari.ku_kyushu_trader.lod0-212.vms,
               <!-- start vert   --> 8637,
               <!-- num verts    --> 249,
               <!-- start index  --> 19647,
               <!-- num indices  --> 483,
               <!-- start mesh   --> 32,
               <!-- num meshes   --> 3,
               <!-- bounding box -->  20.492655,   93.819173e-6,  17.271715,
                                     -20.494942,   -0.011476112,  -2.1166439,
               <!-- center       -->   0.10811733, -0.0052840505,  8.1899166,
               <!-- radius       --> 22.095362
            </VMeshRef>
         </VMeshPart>
         <Hardpoints>
            <Fixed>
               <HPCan01>
                  <Position type="Vector">-24.10614, -0.0017009025, 12.853922</Position>
                  <Orientation type="Matrix">
                      -0.0871556920, -115.82219e-09,  -0.9961947200,
                     -140.77985e-09,   1.0000000000, -103.94798e-09,
                       0.9961947200,  131.18448e-09,  -0.0871556920
                  </Orientation>
               </HPCan01>
               <HPCan02>
                  <Position type="Vector">-21.397186, -0.0016996862, 5.371614</Position>
                  <Orientation type="Matrix">
                      -0.5735765100, -178.28721e-09,  -0.8191520000,
                     -209.81582e-09,   1.0000000000, -70.733854e-09,
                       0.8191520000,  131.29977e-09,  -0.5735765100
                  </Orientation>
               </HPCan02>
               <HPCan03>
                  <Position type="Vector">-16.151665, -0.0016969547, -0.72333628</Position>
                  <Orientation type="Matrix">
                      -0.8191520000, -163.33428e-09,  -0.5735764500,
                     -249.29034e-09,   1.0000000000,  71.258889e-09,
                       0.5735764500,  201.35894e-09,  -0.8191520000
                  </Orientation>
               </HPCan03>
               <HPCan04>
                  <Position type="Vector">-9.2424326, -0.0016948206, -4.9247866</Position>
                  <Orientation type="Matrix">
                      -0.9659258100, -152.37586e-09,  -0.2588190100,
                     -229.50724e-09,   1.0000000000,  267.79762e-09,
                       0.2588190100,  318.07349e-09,  -0.9659258100
                  </Orientation>
               </HPCan04>
               <HPCan05>
                  <Position type="Vector">9.0499563, -0.0016910193, -4.7685027</Position>
                  <Orientation type="Matrix">
                      -0.9396926200, -217.06396e-09,   0.3420201500,
                     -123.94447e-09,   1.0000000000,  294.11791e-09,
                      -0.3420201500,  233.98891e-09,  -0.9396926200
                  </Orientation>
               </HPCan05>
               <HPCan06>
                  <Position type="Vector">16.081161, -0.0016898331, -0.91263586</Position>
                  <Orientation type="Matrix">
                      -0.7660443800, -234.87340e-09,   0.6427876400,
                     -49.581818e-09,   1.0000000000,  306.30881e-09,
                      -0.6427876400,  202.77557e-09,  -0.7660443800
                  </Orientation>
               </HPCan06>
               <HPCan07>
                  <Position type="Vector">21.364853, -0.00168978, 5.3325539</Position>
                  <Orientation type="Matrix">
                      -0.5000000000, -272.18809e-09,   0.8660253900,
                      68.268676e-09,   1.0000000000,  353.71067e-09,
                      -0.8660253900,  235.97777e-09,  -0.5000000000
                  </Orientation>
               </HPCan07>
               <HPCan08>
                  <Position type="Vector">24.322266, -0.0016907152, 12.730932</Position>
                  <Orientation type="Matrix">
                      -0.0871559310, -270.00368e-09,   0.9961946600,
                      127.06947e-09,   1.0000000000,  282.15220e-09,
                      -0.9961946600,  151.17718e-09,  -0.0871559310
                  </Orientation>
               </HPCan08>
               <HpCharacter01>
                  <Position type="Vector">-11.365411, -0.024203768, 6.0139194</Position>
                  <Orientation type="Matrix">
                       0.7071068300, -139.17084e-09,  -0.7071067100,
                      44.936112e-09,   1.0000000000, -151.88117e-09,
                       0.7071067100,  75.621593e-09,   0.7071068300
                  </Orientation>
               </HpCharacter01>
               <HpCharacter02>
                  <Position type="Vector">-9.7435846, -0.024202429, 5.0461097</Position>
                  <Orientation type="Matrix">
                      -0.2588192200, -323.25568e-09,   0.9659257500,
                      108.95491e-09,   1.0000000000,  363.85330e-09,
                      -0.9659257500,  199.41460e-09,  -0.2588192200
                  </Orientation>
               </HpCharacter02>
               <HpCharacter03>
                  <Position type="Vector">6.1705923, -0.020827916, 1.0642737</Position>
                  <Orientation type="Matrix">
                       0.9063078200, -190.69562e-09,  -0.4226181800,
                      182.32491e-09,   1.0000000000, -60.227237e-09,
                       0.4226181800, -22.469408e-09,   0.9063078200
                  </Orientation>
               </HpCharacter03>
               <HpCharacter04>
                  <Position type="Vector">-4.7099919, -0.020831442, 7.4772229</Position>
                  <Orientation type="Matrix">
                       0.8191521800, -203.15782e-09,  -0.5735762100,
                      94.834228e-09,   1.0000000000, -218.75759e-09,
                       0.5735762100,  124.80112e-09,   0.8191521800
                  </Orientation>
               </HpCharacter04>
               <HpComo01>
                  <Position type="Vector">-7.4239445, 7.0435429, -0.43592185</Position>
                  <Orientation type="Matrix">
                       1.0000000000, -22.027063e-15,  8.5258127e-15,
                      22.027063e-15,   1.0000000000, -5.7320549e-15,
                     -8.5258127e-15,  5.7320549e-15,   1.0000000000
                  </Orientation>
               </HpComo01>
               <HpComo02>
                  <Position type="Vector">-13.085817, 7.0435405, 2.9104843</Position>
                  <Orientation type="Matrix">
                       1.0000000000, -22.027063e-15,  8.5258127e-15,
                      22.027063e-15,   1.0000000000, -5.7320549e-15,
                     -8.5258127e-15,  5.7320549e-15,   1.0000000000
                  </Orientation>
               </HpComo02>
               <HpComo03>
                  <Position type="Vector">-17.273623, 7.043539, 8.0725431</Position>
                  <Orientation type="Matrix">
                       1.0000000000, -22.027063e-15,  8.5258127e-15,
                      22.027063e-15,   1.0000000000, -5.7320549e-15,
                     -8.5258127e-15,  5.7320549e-15,   1.0000000000
                  </Orientation>
               </HpComo03>
               <HpComo04>
                  <Position type="Vector">-19.254946, 7.0435357, 13.712513</Position>
                  <Orientation type="Matrix">
                       1.0000000000, -22.027063e-15,  8.5258127e-15,
                      22.027063e-15,   1.0000000000, -5.7320549e-15,
                     -8.5258127e-15,  5.7320549e-15,   1.0000000000
                  </Orientation>
               </HpComo04>
               <HpComo05>
                  <Position type="Vector">17.263807, 7.0435452, 8.0725451</Position>
                  <Orientation type="Matrix">
                       1.0000000000, -22.027063e-15,  8.5258127e-15,
                      22.027063e-15,   1.0000000000, -5.7320549e-15,
                     -8.5258127e-15,  5.7320549e-15,   1.0000000000
                  </Orientation>
               </HpComo05>
               <HpComo06>
                  <Position type="Vector">19.245131, 7.0435448, 13.712511</Position>
                  <Orientation type="Matrix">
                       1.0000000000, -22.027063e-15,  8.5258127e-15,
                      22.027063e-15,   1.0000000000, -5.7320549e-15,
                     -8.5258127e-15,  5.7320549e-15,   1.0000000000
                  </Orientation>
               </HpComo06>
               <HpComo07>
                  <Position type="Vector">13.076002, 7.0435438, 2.9104824</Position>
                  <Orientation type="Matrix">
                       1.0000000000, -22.027063e-15,  8.5258127e-15,
                      22.027063e-15,   1.0000000000, -5.7320549e-15,
                     -8.5258127e-15,  5.7320549e-15,   1.0000000000
                  </Orientation>
               </HpComo07>
               <HpComo08>
                  <Position type="Vector">7.4141216, 7.0435448, -0.43592343</Position>
                  <Orientation type="Matrix">
                       1.0000000000, -22.027063e-15,  8.5258127e-15,
                      22.027063e-15,   1.0000000000, -5.7320549e-15,
                     -8.5258127e-15,  5.7320549e-15,   1.0000000000
                  </Orientation>
               </HpComo08>
               <HpPlayer01>
                  <Position type="Vector">-0.84271282, 0.0087854369, 10.056142</Position>
                  <Orientation type="Matrix">
                      -0.5000000000, -126.11541e-09,  -0.8660253900,
