<?xml version="1.0" encoding="ISO-8859-1"?>
<!-- XML generated by UTFXML Version 2.2 built 19-Aug-2010 -->
<UTFXML filename="ku_sigma_waterscape.cmp" path="BASES\KUSARI">
   <UTF_ROOT>
      <VMeshLibrary>
         <data.bases.kusari.ku_sigma_waterscape.lod0-112.vms include="ku_sigma_waterscape_cmp\lod0-112.vms.xml"/>
         <data.bases.kusari.ku_sigma_waterscape.lod0-212.vms include="ku_sigma_waterscape_cmp\lod0-212.vms.xml"/>
      </VMeshLibrary>
      <Exporter_Version name="Exporter Version" type="text">Nov  5 2002 11:41:55</Exporter_Version>
      <Cmpnd>
         <Root>
            <Object_name name="Object name" type="text">Root</Object_name>
            <File_name name="File name" type="text">Root_base021114152601.3db</File_name>
            <Index type="int">0</Index>
         </Root>
         <Part_base_piston02>
            <Object_name name="Object name" type="text">base_piston02</Object_name>
            <File_name name="File name" type="text">base_piston02021114152601.3db</File_name>
            <Index type="int">1</Index>
         </Part_base_piston02>
         <Part_base_piston01>
            <Object_name name="Object name" type="text">base_piston01</Object_name>
            <File_name name="File name" type="text">base_piston01021114152601.3db</File_name>
            <Index type="int">2</Index>
         </Part_base_piston01>
         <Part_base_lod01>
            <Object_name name="Object name" type="text">base_lod01</Object_name>
            <File_name name="File name" type="text">base_lod01021114152601.3db</File_name>
            <Index type="int">3</Index>
         </Part_base_lod01>
         <Part_base_lod02>
            <Object_name name="Object name" type="text">base_lod02</Object_name>
            <File_name name="File name" type="text">base_lod02021114152601.3db</File_name>
            <Index type="int">4</Index>
         </Part_base_lod02>
         <Part_base_lod03>
            <Object_name name="Object name" type="text">base_lod03</Object_name>
            <File_name name="File name" type="text">base_lod03021114152601.3db</File_name>
            <Index type="int">5</Index>
         </Part_base_lod03>
         <Part_base_lod04>
            <Object_name name="Object name" type="text">base_lod04</Object_name>
            <File_name name="File name" type="text">base_lod04021114152601.3db</File_name>
            <Index type="int">6</Index>
         </Part_base_lod04>
         <Part_base_lod05>
            <Object_name name="Object name" type="text">base_lod05</Object_name>
            <File_name name="File name" type="text">base_lod05021114152601.3db</File_name>
            <Index type="int">7</Index>
         </Part_base_lod05>
         <Part_base_lod06>
            <Object_name name="Object name" type="text">base_lod06</Object_name>
            <File_name name="File name" type="text">base_lod06021114152601.3db</File_name>
            <Index type="int">8</Index>
         </Part_base_lod06>
         <Part_LightMount02>
            <Object_name name="Object name" type="text">LightMount02</Object_name>
            <File_name name="File name" type="text">LightMount02021114152601.3db</File_name>
            <Index type="int">9</Index>
         </Part_LightMount02>
         <Part_LightMount01>
            <Object_name name="Object name" type="text">LightMount01</Object_name>
            <File_name name="File name" type="text">LightMount01021114152601.3db</File_name>
            <Index type="int">10</Index>
         </Part_LightMount01>
         <Part_LightMount05>
            <Object_name name="Object name" type="text">LightMount05</Object_name>
            <File_name name="File name" type="text">LightMount05021114152601.3db</File_name>
            <Index type="int">11</Index>
         </Part_LightMount05>
         <Part_LightMount06>
            <Object_name name="Object name" type="text">LightMount06</Object_name>
            <File_name name="File name" type="text">LightMount06021114152601.3db</File_name>
            <Index type="int">12</Index>
         </Part_LightMount06>
         <Part_LightMount07>
            <Object_name name="Object name" type="text">LightMount07</Object_name>
            <File_name name="File name" type="text">LightMount07021114152601.3db</File_name>
            <Index type="int">13</Index>
         </Part_LightMount07>
         <Part_LightMount08>
            <Object_name name="Object name" type="text">LightMount08</Object_name>
            <File_name name="File name" type="text">LightMount08021114152601.3db</File_name>
            <Index type="int">14</Index>
         </Part_LightMount08>
         <Part_LightMount09>
            <Object_name name="Object name" type="text">LightMount09</Object_name>
            <File_name name="File name" type="text">LightMount09021114152601.3db</File_name>
            <Index type="int">15</Index>
         </Part_LightMount09>
         <Part_LightMount10>
            <Object_name name="Object name" type="text">LightMount10</Object_name>
            <File_name name="File name" type="text">LightMount10021114152601.3db</File_name>
            <Index type="int">16</Index>
         </Part_LightMount10>
         <Part_LightMount11>
            <Object_name name="Object name" type="text">LightMount11</Object_name>
            <File_name name="File name" type="text">LightMount11021114152601.3db</File_name>
            <Index type="int">17</Index>
         </Part_LightMount11>
         <Part_LightMount12>
            <Object_name name="Object name" type="text">LightMount12</Object_name>
            <File_name name="File name" type="text">LightMount12021114152601.3db</File_name>
            <Index type="int">18</Index>
         </Part_LightMount12>
         <Part_LightMount13>
            <Object_name name="Object name" type="text">LightMount13</Object_name>
            <File_name name="File name" type="text">LightMount13021114152601.3db</File_name>
            <Index type="int">19</Index>
         </Part_LightMount13>
         <Part_LightMount14>
            <Object_name name="Object name" type="text">LightMount14</Object_name>
            <File_name name="File name" type="text">LightMount14021114152601.3db</File_name>
            <Index type="int">20</Index>
         </Part_LightMount14>
         <Part_LightMount15>
            <Object_name name="Object name" type="text">LightMount15</Object_name>
            <File_name name="File name" type="text">LightMount15021114152601.3db</File_name>
            <Index type="int">21</Index>
         </Part_LightMount15>
         <Part_LightMount16>
            <Object_name name="Object name" type="text">LightMount16</Object_name>
            <File_name name="File name" type="text">LightMount16021114152601.3db</File_name>
            <Index type="int">22</Index>
         </Part_LightMount16>
         <Part_LightMount17>
            <Object_name name="Object name" type="text">LightMount17</Object_name>
            <File_name name="File name" type="text">LightMount17021114152601.3db</File_name>
            <Index type="int">23</Index>
         </Part_LightMount17>
         <Part_LightMount18>
            <Object_name name="Object name" type="text">LightMount18</Object_name>
            <File_name name="File name" type="text">LightMount18021114152601.3db</File_name>
            <Index type="int">24</Index>
         </Part_LightMount18>
         <Part_LightMount19>
            <Object_name name="Object name" type="text">LightMount19</Object_name>
            <File_name name="File name" type="text">LightMount19021114152601.3db</File_name>
            <Index type="int">25</Index>
         </Part_LightMount19>
         <Part_LightMount20>
            <Object_name name="Object name" type="text">LightMount20</Object_name>
            <File_name name="File name" type="text">LightMount20021114152601.3db</File_name>
            <Index type="int">26</Index>
         </Part_LightMount20>
         <Part_LightMount21>
            <Object_name name="Object name" type="text">LightMount21</Object_name>
            <File_name name="File name" type="text">LightMount21021114152601.3db</File_name>
            <Index type="int">27</Index>
         </Part_LightMount21>
         <Part_LightMount22>
            <Object_name name="Object name" type="text">LightMount22</Object_name>
            <File_name name="File name" type="text">LightMount22021114152601.3db</File_name>
            <Index type="int">28</Index>
         </Part_LightMount22>
         <Part_LightMount25>
            <Object_name name="Object name" type="text">LightMount25</Object_name>
            <File_name name="File name" type="text">LightMount25021114152601.3db</File_name>
            <Index type="int">29</Index>
         </Part_LightMount25>
         <Part_LightMount26>
            <Object_name name="Object name" type="text">LightMount26</Object_name>
            <File_name name="File name" type="text">LightMount26021114152601.3db</File_name>
            <Index type="int">30</Index>
         </Part_LightMount26>
         <Part_LightMount27>
            <Object_name name="Object name" type="text">LightMount27</Object_name>
            <File_name name="File name" type="text">LightMount27021114152601.3db</File_name>
            <Index type="int">31</Index>
         </Part_LightMount27>
         <Part_LightMount28>
            <Object_name name="Object name" type="text">LightMount28</Object_name>
            <File_name name="File name" type="text">LightMount28021114152601.3db</File_name>
            <Index type="int">32</Index>
         </Part_LightMount28>
         <Part_LightMount29>
            <Object_name name="Object name" type="text">LightMount29</Object_name>
            <File_name name="File name" type="text">LightMount29021114152601.3db</File_name>
            <Index type="int">33</Index>
         </Part_LightMount29>
         <Part_LightMount30>
            <Object_name name="Object name" type="text">LightMount30</Object_name>
            <File_name name="File name" type="text">LightMount30021114152601.3db</File_name>
            <Index type="int">34</Index>
         </Part_LightMount30>
         <Part_LightMount31>
            <Object_name name="Object name" type="text">LightMount31</Object_name>
            <File_name name="File name" type="text">LightMount31021114152601.3db</File_name>
            <Index type="int">35</Index>
         </Part_LightMount31>
         <Part_LightMount32>
            <Object_name name="Object name" type="text">LightMount32</Object_name>
            <File_name name="File name" type="text">LightMount32021114152601.3db</File_name>
            <Index type="int">36</Index>
         </Part_LightMount32>
         <Part_LightMount37>
            <Object_name name="Object name" type="text">LightMount37</Object_name>
            <File_name name="File name" type="text">LightMount37021114152601.3db</File_name>
            <Index type="int">37</Index>
         </Part_LightMount37>
         <Part_LightMount38>
            <Object_name name="Object name" type="text">LightMount38</Object_name>
            <File_name name="File name" type="text">LightMount38021114152601.3db</File_name>
            <Index type="int">38</Index>
         </Part_LightMount38>
         <Part_LightMount39>
            <Object_name name="Object name" type="text">LightMount39</Object_name>
            <File_name name="File name" type="text">LightMount39021114152601.3db</File_name>
            <Index type="int">39</Index>
         </Part_LightMount39>
         <Part_LightMount40>
            <Object_name name="Object name" type="text">LightMount40</Object_name>
            <File_name name="File name" type="text">LightMount40021114152601.3db</File_name>
            <Index type="int">40</Index>
         </Part_LightMount40>
         <Cons>
            <Fix type="Fix" count="38">
               <part>
                  <!-- parent      --> "Root",
                  <!-- child       --> "base_lod01",
                  <!-- position    --> -5476.9038, 13.848764, -5407.4468,
                  <!-- orientation -->   0.7604060800,  28.497350e-09,   0.6494479200,
                                        13.907679e-09,   1.0000000000, -60.163153e-09,
                                        -0.6494479200,  54.780742e-09,   0.7604060800
               </part>
               <part>
                  <!-- parent      --> "Root",
                  <!-- child       --> "base_lod02",
                  <!-- position    --> 5776.2261, 48.764671, -4363.2002,
                  <!-- orientation -->   0.9510565400, -2.4172921e-09,  -0.3090170000,
                                       -10.522085e-09,   1.0000000000, -40.206171e-09,
                                         0.3090170000,  41.489844e-09,   0.9510565400
               </part>
               <part>
                  <!-- parent      --> "Root",
                  <!-- child       --> "base_lod03",
                  <!-- position    --> 5776.2261, 48.764317, 1611.3884,
                  <!-- orientation -->   0.8480481500, -18.421577e-09,  -0.5299191500,
                                       -29.960919e-09,   1.0000000000, -82.710500e-09,
                                         0.5299191500,  86.019355e-09,   0.8480481500
               </part>
               <part>
                  <!-- parent      --> "Root",
                  <!-- child       --> "base_lod04",
                  <!-- position    --> -1543.6499, 48.763916, 8324.3398,
                  <!-- orientation -->  -0.9335804000,  4.7545732e-09,  -0.3583679800,
                                       -21.768836e-09,   1.0000000000,  69.977041e-09,
                                         0.3583679800,  73.130458e-09,  -0.9335804000
               </part>
               <part>
                  <!-- parent      --> "Root",
                  <!-- child       --> "base_lod05",
                  <!-- position    --> -5926.6265, 48.764278, 2230.0996,
                  <!-- orientation -->  -0.6560589100, -8.2883043e-09,   0.7547096600,
                                        51.123010e-09,   1.0000000000,  55.422650e-09,
                                        -0.7547096600,  74.943557e-09,  -0.6560589100
               </part>
               <part>
                  <!-- parent      --> "Root",
                  <!-- child       --> "base_lod06",
                  <!-- position    --> -11301.241, 13.848764, -5407.4468,
                  <!-- orientation -->   0.5224986100,  13.572087e-09,   0.8526401500,
                                        56.008925e-09,   1.0000000000, -50.240036e-09,
                                        -0.8526401500,  74.005804e-09,   0.5224986100
               </part>
               <part>
                  <!-- parent      --> "Root",
                  <!-- child       --> "LightMount02",
                  <!-- position    --> -48.947193, -0.0034160428, 94.015465,
                  <!-- orientation -->   0.5807028400,  -0.8141155800,  29.802326e-09,
                                        6.9562427e-09,  41.568832e-09,   1.0000000000,
                                        -0.8141155800,  -0.5807028400,  29.802326e-09
               </part>
               <part>
                  <!-- parent      --> "Root",
                  <!-- child       --> "LightMount01",
                  <!-- position    --> -34.913544, -0.0034090343, 104.43304,
                  <!-- orientation -->   0.5807028400,  -0.8141155800,  29.802326e-09,
                                        6.9562427e-09,  41.568832e-09,   1.0000000000,
                                        -0.8141155800,  -0.5807028400,  29.802326e-09
               </part>
               <part>
                  <!-- parent      --> "Root",
                  <!-- child       --> "LightMount05",
                  <!-- position    --> -89.62986, -0.0034142518, 63.966446,
                  <!-- orientation -->   0.9483236100,  -0.3173048500, -15.830576e-09,
                                        35.299536e-09,  55.608375e-09,   1.0000000000,
                                        -0.3173048500,  -0.9483236100,  63.935445e-09
               </part>
               <part>
                  <!-- parent      --> "Root",
                  <!-- child       --> "LightMount06",
                  <!-- position    --> -94.860023, -0.003420887, 47.289669,
                  <!-- orientation -->   0.9483236100,  -0.3173048500, -15.830576e-09,
                                        35.299536e-09,  55.608375e-09,   1.0000000000,
                                        -0.3173048500,  -0.9483236100,  63.935445e-09
               </part>
               <part>
                  <!-- parent      --> "Root",
                  <!-- child       --> "LightMount07",
                  <!-- position    --> -100.09019, -0.0034275225, 30.612898,
                  <!-- orientation -->   0.9483236100,  -0.3173048500, -15.830576e-09,
                                        35.299536e-09,  55.608375e-09,   1.0000000000,
                                        -0.3173048500,  -0.9483236100,  63.935445e-09
               </part>
               <part>
                  <!-- parent      --> "Root",
                  <!-- child       --> "LightMount08",
                  <!-- position    --> -105.32037, -0.0034341579, 13.936126,
                  <!-- orientation -->   0.9483236100,  -0.3173048500, -15.830576e-09,
                                        35.299536e-09,  55.608375e-09,   1.0000000000,
                                        -0.3173048500,  -0.9483236100,  63.935445e-09
               </part>
               <part>
                  <!-- parent      --> "Root",
                  <!-- child       --> "LightMount09",
                  <!-- position    --> -110.11061, -0.0034103834, -0.9331724,
                  <!-- orientation -->   0.9537169900,   0.3007057000, -57.815928e-09,
                                        23.835840e-09,  116.66983e-09,   1.0000000000,
                                         0.3007057000,  -0.9537169900,  104.10243e-09
               </part>
               <part>
                  <!-- parent      --> "Root",
                  <!-- child       --> "LightMount10",
                  <!-- position    --> -104.53954, -0.0034170253, -17.49918,
                  <!-- orientation -->   0.9537169900,   0.3007057000, -57.815928e-09,
                                        23.835840e-09,  116.66983e-09,   1.0000000000,
                                         0.3007057000,  -0.9537169900,  104.10243e-09
               </part>
               <part>
                  <!-- parent      --> "Root",
                  <!-- child       --> "LightMount11",
                  <!-- position    --> -98.968483, -0.0034236675, -34.065186,
                  <!-- orientation -->   0.9537169900,   0.3007057000, -57.815928e-09,
                                        23.835840e-09,  116.66983e-09,   1.0000000000,
                                         0.3007057000,  -0.9537169900,  104.10243e-09
               </part>
               <part>
                  <!-- parent      --> "Root",
                  <!-- child       --> "LightMount12",
                  <!-- position    --> -93.397408, -0.0034303095, -50.631199,
                  <!-- orientation -->   0.9537169900,   0.3007057000, -57.815928e-09,
                                        23.835840e-09,  116.66983e-09,   1.0000000000,
                                         0.3007057000,  -0.9537169900,  104.10243e-09
               </part>
               <part>
                  <!-- parent      --> "Root",
                  <!-- child       --> "LightMount13",
                  <!-- position    --> -88.532852, -0.0034141657, -65.476341,
                  <!-- orientation -->   0.5948228200,   0.8038568500, -110.48110e-09,
                                        42.080408e-09,  106.30092e-09,   1.0000000000,
                                         0.8038568500,  -0.5948228200,  29.403587e-09
               </part>
               <part>
                  <!-- parent      --> "Root",
                  <!-- child       --> "LightMount14",
                  <!-- position    --> -74.288506, -0.0034211916, -75.603928,
                  <!-- orientation -->   0.5948228200,   0.8038568500, -110.48110e-09,
                                        42.080408e-09,  106.30092e-09,   1.0000000000,
                                         0.8038568500,  -0.5948228200,  29.403587e-09
               </part>
               <part>
                  <!-- parent      --> "Root",
                  <!-- child       --> "LightMount15",
                  <!-- position    --> -60.04417, -0.0034282173, -85.731529,
                  <!-- orientation -->   0.5948228200,   0.8038568500, -110.48110e-09,
                                        42.080408e-09,  106.30092e-09,   1.0000000000,
                                         0.8038568500,  -0.5948228200,  29.403587e-09
               </part>
               <part>
                  <!-- parent      --> "Root",
                  <!-- child       --> "LightMount16",
                  <!-- position    --> -45.799812, -0.0034352429, -95.859116,
                  <!-- orientation -->   0.5948228200,   0.8038568500, -110.48110e-09,
                                        42.080408e-09,  106.30092e-09,   1.0000000000,
                                         0.8038568500,  -0.5948228200,  29.403587e-09
               </part>
               <part>
                  <!-- parent      --> "Root",
                  <!-- child       --> "LightMount17",
                  <!-- position    --> -33.138554, -0.0034118094, -105.00978,
                  <!-- orientation -->   0.0087267151,   0.9999619100, -81.294537e-09,
                                        86.549683e-09,  80.542307e-09,   1.0000000000,
                                         0.9999619100,  -0.0087267151, -85.843517e-09
               </part>
               <part>
                  <!-- parent      --> "Root",
                  <!-- child       --> "LightMount18",
                  <!-- position    --> -15.661787, -0.0034194496, -104.83054,
                  <!-- orientation -->   0.0087267151,   0.9999619100, -81.294537e-09,
                                        86.549683e-09,  80.542307e-09,   1.0000000000,
                                         0.9999619100,  -0.0087267151, -85.843517e-09
               </part>
               <part>
                  <!-- parent      --> "Root",
                  <!-- child       --> "LightMount19",
                  <!-- position    --> 1.8149757, -0.0034270894, -104.65135,
                  <!-- orientation -->   0.0087267151,   0.9999619100, -81.294537e-09,
                                        86.549683e-09,  80.542307e-09,   1.0000000000,
                                         0.9999619100,  -0.0087267151, -85.843517e-09
               </part>
               <part>
                  <!-- parent      --> "Root",
                  <!-- child       --> "LightMount20",
                  <!-- position    --> 19.291746, -0.0034347295, -104.47211,
                  <!-- orientation -->   0.0087267151,   0.9999619100, -81.294537e-09,
                                        86.549683e-09,  80.542307e-09,   1.0000000000,
                                         0.9999619100,  -0.0087267151, -85.843517e-09
               </part>
               <part>
                  <!-- parent      --> "Root",
                  <!-- child       --> "LightMount21",
                  <!-- position    --> 34.913544, -0.0034118437, -104.43306,
                  <!-- orientation -->  -0.5807027200,   0.8141156400,  17.388045e-09,
                                        43.115023e-09,  9.3954320e-09,   1.0000000000,
                                         0.8141156400,   0.5807027200, -40.556571e-09
               </part>
               <part>
                  <!-- parent      --> "Root",
                  <!-- child       --> "LightMount22",
                  <!-- position    --> 48.947197, -0.003420094, -94.015457,
                  <!-- orientation -->  -0.5807027200,   0.8141156400,  17.388045e-09,
                                        43.115023e-09,  9.3954320e-09,   1.0000000000,
                                         0.8141156400,   0.5807027200, -40.556571e-09
               </part>
               <part>
                  <!-- parent      --> "Root",
                  <!-- child       --> "LightMount25",
                  <!-- position    --> 89.62986, -0.0034142558, -63.966454,
                  <!-- orientation -->  -0.9483236100,   0.3173048500,  35.016939e-09,
                                        88.545754e-09,  154.27779e-09,   1.0000000000,
                                         0.3173048500,   0.9483236100, -174.40126e-09
               </part>
               <part>
                  <!-- parent      --> "Root",
                  <!-- child       --> "LightMount26",
                  <!-- position    --> 94.86, -0.0034152498, -47.289661,
                  <!-- orientation -->  -0.9483236100,   0.3173048500,  35.016939e-09,
                                        88.545754e-09,  154.27779e-09,   1.0000000000,
                                         0.3173048500,   0.9483236100, -174.40126e-09
               </part>
               <part>
                  <!-- parent      --> "Root",
                  <!-- child       --> "LightMount27",
                  <!-- position    --> 100.09021, -0.0034238731, -30.612904,
                  <!-- orientation -->  -0.9483236100,   0.3173048500,  35.016939e-09,
                                        88.545754e-09,  154.27779e-09,   1.0000000000,
                                         0.3173048500,   0.9483236100, -174.40126e-09
               </part>
               <part>
                  <!-- parent      --> "Root",
                  <!-- child       --> "LightMount28",
                  <!-- position    --> 105.32036, -0.0034324967, -13.936121,
                  <!-- orientation -->  -0.9483236100,   0.3173048500,  35.016939e-09,
                                        88.545754e-09,  154.27779e-09,   1.0000000000,
                                         0.3173048500,   0.9483236100, -174.40126e-09
               </part>
               <part>
                  <!-- parent      --> "Root",
                  <!-- child       --> "LightMount29",
                  <!-- position    --> 110.11062, -0.0034104947, 0.93316102,
                  <!-- orientation -->  -0.9537169900,  -0.3007056400,  104.26388e-09,
                                        83.452136e-09,  82.054207e-09,   1.0000000000,
                                        -0.3007056400,   0.9537169900, -53.161962e-09
               </part>
               <part>
                  <!-- parent      --> "Root",
                  <!-- child       --> "LightMount30",
                  <!-- position    --> 104.53954, -0.0034191115, 17.499174,
                  <!-- orientation -->  -0.9537169900,  -0.3007056400,  104.26388e-09,
                                        83.452136e-09,  82.054207e-09,   1.0000000000,
                                        -0.3007056400,   0.9537169900, -53.161962e-09
               </part>
               <part>
                  <!-- parent      --> "Root",
                  <!-- child       --> "LightMount31",
                  <!-- position    --> 98.968506, -0.0034277283, 34.065193,
                  <!-- orientation -->  -0.9537169900,  -0.3007056400,  104.26388e-09,
                                        83.452136e-09,  82.054207e-09,   1.0000000000,
                                        -0.3007056400,   0.9537169900, -53.161962e-09
               </part>
               <part>
                  <!-- parent      --> "Root",
                  <!-- child       --> "LightMount32",
                  <!-- position    --> 93.397408, -0.0034287157, 50.631199,
                  <!-- orientation -->  -0.9537169900,  -0.3007056400,  104.26388e-09,
                                        83.452136e-09,  82.054207e-09,   1.0000000000,
                                        -0.3007056400,   0.9537169900, -53.161962e-09
               </part>
               <part>
                  <!-- parent      --> "Root",
                  <!-- child       --> "LightMount37",
                  <!-- position    --> 33.138569, -0.0034090688, 105.0098,
                  <!-- orientation -->  -0.0087267142,  -0.9999619100,  162.53037e-09,
                                        21.522709e-09,  162.34873e-09,   1.0000000000,
                                        -0.9999619100,   0.0087267142,  20.105119e-09
               </part>
               <part>
                  <!-- parent      --> "Root",
                  <!-- child       --> "LightMount38",
                  <!-- position    --> 15.661793, -0.0034166875, 104.83054,
                  <!-- orientation -->  -0.0087267142,  -0.9999619100,  162.53037e-09,
                                        21.522709e-09,  162.34873e-09,   1.0000000000,
                                        -0.9999619100,   0.0087267142,  20.105119e-09
               </part>
               <part>
                  <!-- parent      --> "Root",
                  <!-- child       --> "LightMount39",
                  <!-- position    --> -1.8149755, -0.0034243062, 104.65137,
                  <!-- orientation -->  -0.0087267142,  -0.9999619100,  162.53037e-09,
                                        21.522709e-09,  162.34873e-09,   1.0000000000,
                                        -0.9999619100,   0.0087267142,  20.105119e-09
               </part>
               <part>
                  <!-- parent      --> "Root",
                  <!-- child       --> "LightMount40",
                  <!-- position    --> -19.29174, -0.0034319249, 104.47212,
                  <!-- orientation -->  -0.0087267142,  -0.9999619100,  162.53037e-09,
                                        21.522709e-09,  162.34873e-09,   1.0000000000,
                                        -0.9999619100,   0.0087267142,  20.105119e-09
               </part>
            </Fix>
            <Pris type="Rev" count="2">
               <part>
                  <!-- parent      --> "Root",
                  <!-- child       --> "base_piston02",
                  <!-- position    --> 76.285713, -4.5885491, 36.465546,
                  <!-- offset      --> 0, 0, 0,
                  <!-- orientation -->   1.0000000000,   0.0000000000,   0.0000000000,
                                        -0.0000000000,   1.0000000000,  119.20929e-09,
                                         0.0000000000, -119.20929e-09,   1.0000000000,
                  <!-- axis        -->  145.76693e-09,  -1.0000000000,  176.15777e-09,
                  <!-- min, max    --> -0.029487666, 7.7967525
               </part>
               <part>
                  <!-- parent      --> "Root",
                  <!-- child       --> "base_piston01",
                  <!-- position    --> 83.025475, -12.33735, 15.090494,
                  <!-- offset      --> 0, 0, 0,
                  <!-- orientation -->   1.0000000000,   0.0000000000,   0.0000000000,
                                        -0.0000000000,   1.0000000000,  119.20929e-09,
                                         0.0000000000, -119.20929e-09,   1.0000000000,
                  <!-- axis        --> -48.548078e-09,   1.0000000000, -9.5414512e-09,
                  <!-- min, max    --> -0.047950853, 7.8281326
               </part>
            </Pris>
         </Cons>
      </Cmpnd>
      <Animation>
         <Script>
            <Sc_loop>
               <Joint_map_0 name="Joint map 0">
                  <Parent_name name="Parent name" type="text">Root</Parent_name>
                  <Child_name name="Child name" type="text">base_piston02</Child_name>
                  <Channel>
                     <Header type="Header">
                        <!-- count    --> 401,
                        <!-- interval --> 1,
                        <!-- flags    --> 0x1
                     </Header>
                     <Frames type="Frames" count="401">
                            0.0000000000
                            2.8040466000
                            4.9843211000
                            6.5408168000
                            7.4735332000
                            7.7174907000
                            6.6359248000
                            4.6186900000
                            2.3675461000
                            0.5842284600
                           -0.0294876660
                            1.0106201000
                            3.1501694000
                            5.5329814000
                            7.3028483000
                            7.6098094000
                            6.2019954000
                            3.8838038000
                            1.5656052000
                            0.1577681900
                            0.4822692300
                            2.3168869000
                            4.7578425000
                            6.8896251000
                            7.7967525000
                            6.8657374000
                            4.7071986000
                            2.2417831000
                            0.3901442900
                            0.0565947930
                            1.4222260000
                            3.6947703000
                            6.0154567000
                            7.5255351000
                            7.4651484000
                            6.0164180000
                            3.8706508000
                            1.7232208000
                            0.2694930400
                            0.2000731800
                            1.6905746000
                            3.9864116000
                            6.2375484000
                            7.5939479000
                            7.2887492000
                            5.5304942000
                            3.1611481000
                            1.0334091000
                            0.0000000000
                            0.6138686500
                            2.3928146000
                            4.6367869000
                            6.6457438000
                            7.7196269000
                            7.2148814000
                            5.3369975000
                            2.9306793000
                            0.8553695100
                           -0.0294876660
                            0.8821257900
                            3.0142441000
                            5.4533305000
                            7.2858577000
                            7.6098094000
                            6.2019954000
                            3.8838038000
                            1.5656052000
                            0.1577681900
                            0.4822692300
                            2.3168869000
                            4.7578425000
                            6.8896251000
                            7.7967525000
                            6.9008021000
                            4.8091960000
                            2.3852234000
                            0.4921416600
                           -0.0217896070
                            1.0478592000
                            3.0558624000
                            5.3012614000
                            7.0830760000
                            7.7003398000
                            6.6718974000
                            4.5513072000
                            2.1896057000
                            0.4378356300
                            0.1410140400
                            1.5507965000
                            3.8665462000
                            6.1816325000
                            7.5894084000
                            7.2718272000
                            5.4511714000
                            3.0257721000
                            0.9054412200
                            0.0000000000
                            0.9187850400
                            3.0549850000
                            5.4941173000
                            7.3217235000
                            7.6390605000
                            6.2616420000
                            3.9804149000
                            1.6548157000
                            0.1442946800
                            0.2104339000
                            1.6729889000
                            3.8370509000
                            6.0033412000
                            7.4725490000
                            7.5502925000
                            6.0611339000
                            3.7630153000
                            1.5092621000
                            0.1531905500
                            0.4822692300
                            2.3168869000
                            4.7578425000
                            6.8896251000
                            7.7967525000
                            6.9008021000
                            4.8091960000
                            2.3852234000
                            0.4921416600
                           -0.0217896070
                            1.0478592000
                            3.0558624000
                            5.3012614000
                            7.0830760000
                            7.7003398000
                            6.6718974000
                            4.5513072000
                            2.1896057000
                            0.4378356300
                            0.1410140400
                            1.5507965000
                            3.8665462000
                            6.1816325000
                            7.5894084000
                            7.2887492000
                            5.5304942000
                            3.1611481000
                            1.0334091000
                            0.0000000000
                            0.6138686500
                            2.3928146000
                            4.6367869000
                            6.6457438000
                            7.7196269000
                            7.1922679000
                            5.2310100000
                            2.7497864000
                            0.6843718900
                           -0.0294876660
                            1.2819824000
                            3.8396754000
                            6.4000163000
                            7.7194285000
                            7.0226817000
                            4.9831920000
                            2.5303726000
                            0.5936278700
                            0.0812148530
                            1.1644745000
                            3.1786270000
                            5.4226909000
                            7.1957240000
                            7.7967525000
                            6.7371821000
                            4.5712047000
                            2.1621017000
                            0.3731460000
                            0.0565947930
                            1.4222260000
                            3.6947703000
                            6.0154567000
                            7.5255351000
                            7.4651484000
                            6.0164180000
                            3.8706508000
                            1.7232208000
                            0.2694930400
                            0.1954574000
                            1.6338120000
                            3.8647304000
                            6.0956416000
                            7.5339961000
                            7.4606090000
