<?xml version="1.0" encoding="ISO-8859-1"?>
<!-- XML generated by UTFXML Version 2.2 built 19-Aug-2010 -->
<UTFXML filename="ku_sanctum.cmp" path="BASES\KUSARI">
   <UTF_ROOT>
      <VMeshLibrary>
         <data.bases.kusari.ku_sanctum.lod0-112.vms include="ku_sanctum_cmp\lod0-112.vms.xml"/>
         <data.bases.kusari.ku_sanctum.lod0-212.vms include="ku_sanctum_cmp\lod0-212.vms.xml"/>
      </VMeshLibrary>
      <MaterialAnim>
         <forse_f.tga021024123923>
            <MACount type="int">1</MACount>
            <MAFlags type="int">0x2</MAFlags>
            <MADeltas type="float array" count="5">
                  9.3750000000:   0.1599831600,  -0.3200501800,  476.83716e-09,  417.23251e-09
            </MADeltas>
         </forse_f.tga021024123923>
      </MaterialAnim>
      <Exporter_Version name="Exporter Version" type="text">Aug 24 2002 12:33:14</Exporter_Version>
      <Cmpnd>
         <Root>
            <Object_name name="Object name" type="text">Root</Object_name>
            <File_name name="File name" type="text">Root_sanctum021024123923.3db</File_name>
            <Index type="int">0</Index>
         </Root>
         <Part_Balkony_L>
            <Object_name name="Object name" type="text">Balkony_L</Object_name>
            <File_name name="File name" type="text">Balkony_L021024123923.3db</File_name>
            <Index type="int">1</Index>
         </Part_Balkony_L>
         <Part_Balkony_L01>
            <Object_name name="Object name" type="text">Balkony_L01</Object_name>
            <File_name name="File name" type="text">Balkony_L01021024123923.3db</File_name>
            <Index type="int">2</Index>
         </Part_Balkony_L01>
         <Part_Big_Kornice01>
            <Object_name name="Object name" type="text">Big_Kornice01</Object_name>
            <File_name name="File name" type="text">Big_Kornice01021024123923.3db</File_name>
            <Index type="int">3</Index>
         </Part_Big_Kornice01>
         <Part_Big_Kornice02>
            <Object_name name="Object name" type="text">Big_Kornice02</Object_name>
            <File_name name="File name" type="text">Big_Kornice02021024123923.3db</File_name>
            <Index type="int">4</Index>
         </Part_Big_Kornice02>
         <Part_Big_Kornice03>
            <Object_name name="Object name" type="text">Big_Kornice03</Object_name>
            <File_name name="File name" type="text">Big_Kornice03021024123923.3db</File_name>
            <Index type="int">5</Index>
         </Part_Big_Kornice03>
         <Part_Big_Kornice04>
            <Object_name name="Object name" type="text">Big_Kornice04</Object_name>
            <File_name name="File name" type="text">Big_Kornice04021024123923.3db</File_name>
            <Index type="int">6</Index>
         </Part_Big_Kornice04>
         <Part_Big_Kornice05>
            <Object_name name="Object name" type="text">Big_Kornice05</Object_name>
            <File_name name="File name" type="text">Big_Kornice05021024123923.3db</File_name>
            <Index type="int">7</Index>
         </Part_Big_Kornice05>
         <Part_Big_Kornice06>
            <Object_name name="Object name" type="text">Big_Kornice06</Object_name>
            <File_name name="File name" type="text">Big_Kornice06021024123923.3db</File_name>
            <Index type="int">8</Index>
         </Part_Big_Kornice06>
         <Part_Big_Kornice07>
            <Object_name name="Object name" type="text">Big_Kornice07</Object_name>
            <File_name name="File name" type="text">Big_Kornice07021024123923.3db</File_name>
            <Index type="int">9</Index>
         </Part_Big_Kornice07>
         <Part_Big_Kornice08>
            <Object_name name="Object name" type="text">Big_Kornice08</Object_name>
            <File_name name="File name" type="text">Big_Kornice08021024123923.3db</File_name>
            <Index type="int">10</Index>
         </Part_Big_Kornice08>
         <Part_Big_Kornice09>
            <Object_name name="Object name" type="text">Big_Kornice09</Object_name>
            <File_name name="File name" type="text">Big_Kornice09021024123923.3db</File_name>
            <Index type="int">11</Index>
         </Part_Big_Kornice09>
         <Part_Big_Kornice10>
            <Object_name name="Object name" type="text">Big_Kornice10</Object_name>
            <File_name name="File name" type="text">Big_Kornice10021024123923.3db</File_name>
            <Index type="int">12</Index>
         </Part_Big_Kornice10>
         <Part_Box01>
            <Object_name name="Object name" type="text">Box01</Object_name>
            <File_name name="File name" type="text">Box01021024123923.3db</File_name>
            <Index type="int">13</Index>
         </Part_Box01>
         <Part_Br>
            <Object_name name="Object name" type="text">Br</Object_name>
            <File_name name="File name" type="text">Br021024123923.3db</File_name>
            <Index type="int">14</Index>
         </Part_Br>
         <Part_Br01>
            <Object_name name="Object name" type="text">Br01</Object_name>
            <File_name name="File name" type="text">Br01021024123923.3db</File_name>
            <Index type="int">15</Index>
         </Part_Br01>
         <Part_Brige>
            <Object_name name="Object name" type="text">Brige</Object_name>
            <File_name name="File name" type="text">Brige021024123923.3db</File_name>
            <Index type="int">16</Index>
         </Part_Brige>
         <Part_C_Force>
            <Object_name name="Object name" type="text">C_Force</Object_name>
            <File_name name="File name" type="text">C_Force021024123923.3db</File_name>
            <Index type="int">17</Index>
         </Part_C_Force>
         <Part_Centr_Star name="Part_Centr Star">
            <Object_name name="Object name" type="text">Centr Star</Object_name>
            <File_name name="File name" type="text">Centr Star021024123923.3db</File_name>
            <Index type="int">18</Index>
         </Part_Centr_Star>
         <Part_Floor01>
            <Object_name name="Object name" type="text">Floor01</Object_name>
            <File_name name="File name" type="text">Floor01021024123923.3db</File_name>
            <Index type="int">19</Index>
         </Part_Floor01>
         <Part_Mesh11>
            <Object_name name="Object name" type="text">Mesh11</Object_name>
            <File_name name="File name" type="text">Mesh11021024123923.3db</File_name>
            <Index type="int">20</Index>
         </Part_Mesh11>
         <Part_Mesh12>
            <Object_name name="Object name" type="text">Mesh12</Object_name>
            <File_name name="File name" type="text">Mesh12021024123923.3db</File_name>
            <Index type="int">21</Index>
         </Part_Mesh12>
         <Part_Mesh13>
            <Object_name name="Object name" type="text">Mesh13</Object_name>
            <File_name name="File name" type="text">Mesh13021024123923.3db</File_name>
            <Index type="int">22</Index>
         </Part_Mesh13>
         <Part_Mesh14>
            <Object_name name="Object name" type="text">Mesh14</Object_name>
            <File_name name="File name" type="text">Mesh14021024123923.3db</File_name>
            <Index type="int">23</Index>
         </Part_Mesh14>
         <Part_Mesh15>
            <Object_name name="Object name" type="text">Mesh15</Object_name>
            <File_name name="File name" type="text">Mesh15021024123923.3db</File_name>
            <Index type="int">24</Index>
         </Part_Mesh15>
         <Part_Mesh16>
            <Object_name name="Object name" type="text">Mesh16</Object_name>
            <File_name name="File name" type="text">Mesh16021024123923.3db</File_name>
            <Index type="int">25</Index>
         </Part_Mesh16>
         <Part_Mesh17>
            <Object_name name="Object name" type="text">Mesh17</Object_name>
            <File_name name="File name" type="text">Mesh17021024123923.3db</File_name>
            <Index type="int">26</Index>
         </Part_Mesh17>
         <Part_Mesh18>
            <Object_name name="Object name" type="text">Mesh18</Object_name>
            <File_name name="File name" type="text">Mesh18021024123923.3db</File_name>
            <Index type="int">27</Index>
         </Part_Mesh18>
         <Part_Mesh19>
            <Object_name name="Object name" type="text">Mesh19</Object_name>
            <File_name name="File name" type="text">Mesh19021024123923.3db</File_name>
            <Index type="int">28</Index>
         </Part_Mesh19>
         <Part_Mesh20>
            <Object_name name="Object name" type="text">Mesh20</Object_name>
            <File_name name="File name" type="text">Mesh20021024123923.3db</File_name>
            <Index type="int">29</Index>
         </Part_Mesh20>
         <Part_Nerv01>
            <Object_name name="Object name" type="text">Nerv01</Object_name>
            <File_name name="File name" type="text">Nerv01021024123923.3db</File_name>
            <Index type="int">30</Index>
         </Part_Nerv01>
         <Part_Nerv02>
            <Object_name name="Object name" type="text">Nerv02</Object_name>
            <File_name name="File name" type="text">Nerv02021024123923.3db</File_name>
            <Index type="int">31</Index>
         </Part_Nerv02>
         <Part_Nerv03>
            <Object_name name="Object name" type="text">Nerv03</Object_name>
            <File_name name="File name" type="text">Nerv03021024123923.3db</File_name>
            <Index type="int">32</Index>
         </Part_Nerv03>
         <Part_Nerv04>
            <Object_name name="Object name" type="text">Nerv04</Object_name>
            <File_name name="File name" type="text">Nerv04021024123923.3db</File_name>
            <Index type="int">33</Index>
         </Part_Nerv04>
         <Part_Nerv05>
            <Object_name name="Object name" type="text">Nerv05</Object_name>
            <File_name name="File name" type="text">Nerv05021024123923.3db</File_name>
            <Index type="int">34</Index>
         </Part_Nerv05>
         <Part_Nerv06>
            <Object_name name="Object name" type="text">Nerv06</Object_name>
            <File_name name="File name" type="text">Nerv06021024123923.3db</File_name>
            <Index type="int">35</Index>
         </Part_Nerv06>
         <Part_Nerv07>
            <Object_name name="Object name" type="text">Nerv07</Object_name>
            <File_name name="File name" type="text">Nerv07021024123923.3db</File_name>
            <Index type="int">36</Index>
         </Part_Nerv07>
         <Part_Nerv08>
            <Object_name name="Object name" type="text">Nerv08</Object_name>
            <File_name name="File name" type="text">Nerv08021024123923.3db</File_name>
            <Index type="int">37</Index>
         </Part_Nerv08>
         <Part_Nerv09>
            <Object_name name="Object name" type="text">Nerv09</Object_name>
            <File_name name="File name" type="text">Nerv09021024123923.3db</File_name>
            <Index type="int">38</Index>
         </Part_Nerv09>
         <Part_Nerv10>
            <Object_name name="Object name" type="text">Nerv10</Object_name>
            <File_name name="File name" type="text">Nerv10021024123923.3db</File_name>
            <Index type="int">39</Index>
         </Part_Nerv10>
         <Part_Object03>
            <Object_name name="Object name" type="text">Object03</Object_name>
            <File_name name="File name" type="text">Object03021024123923.3db</File_name>
            <Index type="int">40</Index>
         </Part_Object03>
         <Part_Object04>
            <Object_name name="Object name" type="text">Object04</Object_name>
            <File_name name="File name" type="text">Object04021024123923.3db</File_name>
            <Index type="int">41</Index>
         </Part_Object04>
         <Part_Object05>
            <Object_name name="Object name" type="text">Object05</Object_name>
            <File_name name="File name" type="text">Object05021024123923.3db</File_name>
            <Index type="int">42</Index>
         </Part_Object05>
         <Part_Object06>
            <Object_name name="Object name" type="text">Object06</Object_name>
            <File_name name="File name" type="text">Object06021024123923.3db</File_name>
            <Index type="int">43</Index>
         </Part_Object06>
         <Part_Object07>
            <Object_name name="Object name" type="text">Object07</Object_name>
            <File_name name="File name" type="text">Object07021024123923.3db</File_name>
            <Index type="int">44</Index>
         </Part_Object07>
         <Part_Object09>
            <Object_name name="Object name" type="text">Object09</Object_name>
            <File_name name="File name" type="text">Object09021024123923.3db</File_name>
            <Index type="int">45</Index>
         </Part_Object09>
         <Part_Object10>
            <Object_name name="Object name" type="text">Object10</Object_name>
            <File_name name="File name" type="text">Object10021024123923.3db</File_name>
            <Index type="int">46</Index>
         </Part_Object10>
         <Part_Object11>
            <Object_name name="Object name" type="text">Object11</Object_name>
            <File_name name="File name" type="text">Object11021024123923.3db</File_name>
            <Index type="int">47</Index>
         </Part_Object11>
         <Part_Object12>
            <Object_name name="Object name" type="text">Object12</Object_name>
            <File_name name="File name" type="text">Object12021024123923.3db</File_name>
            <Index type="int">48</Index>
         </Part_Object12>
         <Part_Object13>
            <Object_name name="Object name" type="text">Object13</Object_name>
            <File_name name="File name" type="text">Object13021024123923.3db</File_name>
            <Index type="int">49</Index>
         </Part_Object13>
         <Part_Object14>
            <Object_name name="Object name" type="text">Object14</Object_name>
            <File_name name="File name" type="text">Object14021024123923.3db</File_name>
            <Index type="int">50</Index>
         </Part_Object14>
         <Part_Object15>
            <Object_name name="Object name" type="text">Object15</Object_name>
            <File_name name="File name" type="text">Object15021024123923.3db</File_name>
            <Index type="int">51</Index>
         </Part_Object15>
         <Part_Object16>
            <Object_name name="Object name" type="text">Object16</Object_name>
            <File_name name="File name" type="text">Object16021024123923.3db</File_name>
            <Index type="int">52</Index>
         </Part_Object16>
         <Part_Object17>
            <Object_name name="Object name" type="text">Object17</Object_name>
            <File_name name="File name" type="text">Object17021024123923.3db</File_name>
            <Index type="int">53</Index>
         </Part_Object17>
         <Part_Object20>
            <Object_name name="Object name" type="text">Object20</Object_name>
            <File_name name="File name" type="text">Object20021024123923.3db</File_name>
            <Index type="int">54</Index>
         </Part_Object20>
         <Part_Object21>
            <Object_name name="Object name" type="text">Object21</Object_name>
            <File_name name="File name" type="text">Object21021024123923.3db</File_name>
            <Index type="int">55</Index>
         </Part_Object21>
         <Part_Pill_02_ name="Part_Pill(02)">
            <Object_name name="Object name" type="text">Pill(02)</Object_name>
            <File_name name="File name" type="text">Pill(02)021024123923.3db</File_name>
            <Index type="int">56</Index>
         </Part_Pill_02_>
         <Part_Pill01>
            <Object_name name="Object name" type="text">Pill01</Object_name>
            <File_name name="File name" type="text">Pill01021024123923.3db</File_name>
            <Index type="int">57</Index>
         </Part_Pill01>
         <Part_Pill02>
            <Object_name name="Object name" type="text">Pill02</Object_name>
            <File_name name="File name" type="text">Pill02021024123923.3db</File_name>
            <Index type="int">58</Index>
         </Part_Pill02>
         <Part_Pill03>
            <Object_name name="Object name" type="text">Pill03</Object_name>
            <File_name name="File name" type="text">Pill03021024123923.3db</File_name>
            <Index type="int">59</Index>
         </Part_Pill03>
         <Part_Pill04>
            <Object_name name="Object name" type="text">Pill04</Object_name>
            <File_name name="File name" type="text">Pill04021024123923.3db</File_name>
            <Index type="int">60</Index>
         </Part_Pill04>
         <Part_Pill05>
            <Object_name name="Object name" type="text">Pill05</Object_name>
            <File_name name="File name" type="text">Pill05021024123923.3db</File_name>
            <Index type="int">61</Index>
         </Part_Pill05>
         <Part_Pill06>
            <Object_name name="Object name" type="text">Pill06</Object_name>
            <File_name name="File name" type="text">Pill06021024123923.3db</File_name>
            <Index type="int">62</Index>
         </Part_Pill06>
         <Part_Pill07>
            <Object_name name="Object name" type="text">Pill07</Object_name>
            <File_name name="File name" type="text">Pill07021024123923.3db</File_name>
            <Index type="int">63</Index>
         </Part_Pill07>
         <Part_Pill09>
            <Object_name name="Object name" type="text">Pill09</Object_name>
            <File_name name="File name" type="text">Pill09021024123923.3db</File_name>
            <Index type="int">64</Index>
         </Part_Pill09>
         <Part_Pill10>
            <Object_name name="Object name" type="text">Pill10</Object_name>
            <File_name name="File name" type="text">Pill10021024123923.3db</File_name>
            <Index type="int">65</Index>
         </Part_Pill10>
         <Part_top_ring>
            <Object_name name="Object name" type="text">top_ring</Object_name>
            <File_name name="File name" type="text">top_ring021024123923.3db</File_name>
            <Index type="int">66</Index>
         </Part_top_ring>
         <Part_Torch01>
            <Object_name name="Object name" type="text">Torch01</Object_name>
            <File_name name="File name" type="text">Torch01021024123923.3db</File_name>
            <Index type="int">67</Index>
         </Part_Torch01>
         <Part_Torch06>
            <Object_name name="Object name" type="text">Torch06</Object_name>
            <File_name name="File name" type="text">Torch06021024123923.3db</File_name>
            <Index type="int">68</Index>
         </Part_Torch06>
         <Part_Torch07>
            <Object_name name="Object name" type="text">Torch07</Object_name>
            <File_name name="File name" type="text">Torch07021024123923.3db</File_name>
            <Index type="int">69</Index>
         </Part_Torch07>
         <Part_Torch08>
            <Object_name name="Object name" type="text">Torch08</Object_name>
            <File_name name="File name" type="text">Torch08021024123923.3db</File_name>
            <Index type="int">70</Index>
         </Part_Torch08>
         <Part_Wall_02_ name="Part_Wall(02)">
            <Object_name name="Object name" type="text">Wall(02)</Object_name>
            <File_name name="File name" type="text">Wall(02)021024123923.3db</File_name>
            <Index type="int">71</Index>
         </Part_Wall_02_>
         <Part_Wall_02_01 name="Part_Wall(02)01">
            <Object_name name="Object name" type="text">Wall(02)01</Object_name>
            <File_name name="File name" type="text">Wall(02)01021024123923.3db</File_name>
            <Index type="int">72</Index>
         </Part_Wall_02_01>
         <Part_Wall_03_ name="Part_Wall(03)">
            <Object_name name="Object name" type="text">Wall(03)</Object_name>
            <File_name name="File name" type="text">Wall(03)021024123923.3db</File_name>
            <Index type="int">73</Index>
         </Part_Wall_03_>
         <Part_Wall_03_01 name="Part_Wall(03)01">
            <Object_name name="Object name" type="text">Wall(03)01</Object_name>
            <File_name name="File name" type="text">Wall(03)01021024123923.3db</File_name>
            <Index type="int">74</Index>
         </Part_Wall_03_01>
         <Cons>
            <Fix type="Fix" count="74">
               <part>
                  <!-- parent      --> "Root",
                  <!-- child       --> "Balkony_L",
                  <!-- position    --> 58.400753, 7.5240154, -8.096441e-6,
                  <!-- orientation -->   1.0000000000,  6.3946515e-15,  4.9730960e-15,
                                       -6.3946515e-15,   1.0000000000,  4.6895513e-15,
                                       -4.9730960e-15, -4.6895513e-15,   1.0000000000
               </part>
               <part>
                  <!-- parent      --> "Root",
                  <!-- child       --> "Balkony_L01",
                  <!-- position    --> -58.400753, 7.5240145, -7.7592595e-6,
                  <!-- orientation -->  -1.0000000000,  43.711371e-09,  107.28443e-09,
                                        107.28442e-09, -189.04045e-09,   1.0000000000,
                                        43.711392e-09,   1.0000000000,  189.04045e-09
               </part>
               <part>
                  <!-- parent      --> "Root",
                  <!-- child       --> "Big_Kornice01",
                  <!-- position    --> 74.487633, 22.837893, 0.59525752,
                  <!-- orientation -->   1.0000000000,  6.3946515e-15,  4.9730960e-15,
                                       -6.3946515e-15,   1.0000000000,  4.6895513e-15,
                                       -4.9730960e-15, -4.6895513e-15,   1.0000000000
               </part>
               <part>
                  <!-- parent      --> "Root",
                  <!-- child       --> "Big_Kornice02",
                  <!-- position    --> 60.611637, 22.837894, -43.301163,
                  <!-- orientation -->   1.0000000000,  6.3946515e-15,  4.9730960e-15,
                                       -6.3946515e-15,   1.0000000000,  4.6895513e-15,
                                       -4.9730960e-15, -4.6895513e-15,   1.0000000000
               </part>
               <part>
                  <!-- parent      --> "Root",
                  <!-- child       --> "Big_Kornice03",
                  <!-- position    --> 23.584061, 22.837896, -70.658005,
                  <!-- orientation -->   1.0000000000,  6.3946515e-15,  4.9730960e-15,
                                       -6.3946515e-15,   1.0000000000,  4.6895513e-15,
                                       -4.9730960e-15, -4.6895513e-15,   1.0000000000
               </part>
               <part>
                  <!-- parent      --> "Root",
                  <!-- child       --> "Big_Kornice04",
                  <!-- position    --> -22.45182, 22.837896, -71.025887,
                  <!-- orientation -->   1.0000000000,  6.3946515e-15,  4.9730960e-15,
                                       -6.3946515e-15,   1.0000000000,  4.6895513e-15,
                                       -4.9730960e-15, -4.6895513e-15,   1.0000000000
               </part>
               <part>
                  <!-- parent      --> "Root",
                  <!-- child       --> "Big_Kornice05",
                  <!-- position    --> -59.911877, 22.837894, -44.264305,
                  <!-- orientation -->   1.0000000000,  6.3946515e-15,  4.9730960e-15,
                                       -6.3946515e-15,   1.0000000000,  4.6895513e-15,
                                       -4.9730960e-15, -4.6895513e-15,   1.0000000000
               </part>
               <part>
                  <!-- parent      --> "Root",
                  <!-- child       --> "Big_Kornice06",
                  <!-- position    --> -74.487633, 22.837894, -0.59526169,
                  <!-- orientation -->   1.0000000000,  6.3946515e-15,  4.9730960e-15,
                                       -6.3946515e-15,   1.0000000000,  4.6895513e-15,
                                       -4.9730960e-15, -4.6895513e-15,   1.0000000000
               </part>
               <part>
                  <!-- parent      --> "Root",
                  <!-- child       --> "Big_Kornice07",
                  <!-- position    --> -60.611645, 22.837896, 43.301155,
                  <!-- orientation -->   1.0000000000,  6.3946515e-15,  4.9730960e-15,
                                       -6.3946515e-15,   1.0000000000,  4.6895513e-15,
                                       -4.9730960e-15, -4.6895513e-15,   1.0000000000
               </part>
               <part>
                  <!-- parent      --> "Root",
                  <!-- child       --> "Big_Kornice08",
                  <!-- position    --> -23.584068, 22.837894, 70.658005,
                  <!-- orientation -->   1.0000000000,  6.3946515e-15,  4.9730960e-15,
                                       -6.3946515e-15,   1.0000000000,  4.6895513e-15,
                                       -4.9730960e-15, -4.6895513e-15,   1.0000000000
               </part>
               <part>
                  <!-- parent      --> "Root",
                  <!-- child       --> "Big_Kornice09",
                  <!-- position    --> 22.451818, 22.837893, 71.025894,
                  <!-- orientation -->   1.0000000000,  6.3946515e-15,  4.9730960e-15,
                                       -6.3946515e-15,   1.0000000000,  4.6895513e-15,
                                       -4.9730960e-15, -4.6895513e-15,   1.0000000000
               </part>
               <part>
                  <!-- parent      --> "Root",
                  <!-- child       --> "Big_Kornice10",
                  <!-- position    --> 59.911877, 22.837894, 44.264301,
                  <!-- orientation -->   1.0000000000,  6.3946515e-15,  4.9730960e-15,
                                       -6.3946515e-15,   1.0000000000,  4.6895513e-15,
                                       -4.9730960e-15, -4.6895513e-15,   1.0000000000
               </part>
               <part>
                  <!-- parent      --> "Root",
                  <!-- child       --> "Box01",
                  <!-- position    --> -1.1450284e-6, -33.813801, -4.3523723e-6,
                  <!-- orientation -->   1.0000000000,  6.3946519e-15,  4.9730943e-15,
                                       -6.3946519e-15,   1.0000000000, -9.5213034e-15,
                                       -4.9730943e-15,  9.5213034e-15,   1.0000000000
               </part>
               <part>
                  <!-- parent      --> "Root",
                  <!-- child       --> "Br",
                  <!-- position    --> 39.415249, 3.3052635, 31.792494,
                  <!-- orientation -->   1.0000000000,  6.3946515e-15,  4.9730960e-15,
                                       -6.3946515e-15,   1.0000000000,  4.6895513e-15,
                                       -4.9730960e-15, -4.6895513e-15,   1.0000000000
               </part>
               <part>
                  <!-- parent      --> "Root",
                  <!-- child       --> "Br01",
                  <!-- position    --> -39.415253, 3.3052645, 31.792494,
                  <!-- orientation -->   1.0000000000,  6.3946515e-15,  4.9730960e-15,
                                       -6.3946515e-15,   1.0000000000,  4.6895513e-15,
                                       -4.9730960e-15, -4.6895513e-15,   1.0000000000
               </part>
               <part>
                  <!-- parent      --> "Root",
                  <!-- child       --> "Brige",
                  <!-- position    --> -1.1450275e-6, 0.068998292, 24.239656,
                  <!-- orientation -->   1.0000000000,  6.3946515e-15,  4.9730960e-15,
                                       -6.3946515e-15,   1.0000000000,  4.6895513e-15,
                                       -4.9730960e-15, -4.6895513e-15,   1.0000000000
               </part>
               <part>
                  <!-- parent      --> "Root",
                  <!-- child       --> "C_Force",
                  <!-- position    --> -2.6136131e-6, -17.780176, -1.0084997e-6,
                  <!-- orientation -->   1.0000000000,  6.3946515e-15,  4.9730960e-15,
                                       -6.3946515e-15,   1.0000000000,  4.6895513e-15,
                                       -4.9730960e-15, -4.6895513e-15,   1.0000000000
               </part>
               <part>
                  <!-- parent      --> "Root",
                  <!-- child       --> "Centr Star",
                  <!-- position    --> -1.1450267e-6, -0.9065727, 55.204151,
                  <!-- orientation -->   1.0000000000,  6.3946515e-15,  4.9730960e-15,
                                       -6.3946515e-15,   1.0000000000,  4.6895513e-15,
                                       -4.9730960e-15, -4.6895513e-15,   1.0000000000
               </part>
               <part>
                  <!-- parent      --> "Root",
                  <!-- child       --> "Floor01",
                  <!-- position    --> -1.1450268e-6, -2.6286368, 54.301819,
                  <!-- orientation -->   1.0000000000,  6.3946515e-15,  4.9730960e-15,
                                       -6.3946515e-15,   1.0000000000,  4.6895513e-15,
                                       -4.9730960e-15, -4.6895513e-15,   1.0000000000
               </part>
               <part>
                  <!-- parent      --> "Root",
                  <!-- child       --> "Mesh11",
                  <!-- position    --> 20.362398, -24.302158, -0.41030335,
                  <!-- orientation -->   1.0000000000,  6.3946515e-15,  4.9730960e-15,
                                       -6.3946515e-15,   1.0000000000,  4.6895513e-15,
                                       -4.9730960e-15, -4.6895513e-15,   1.0000000000
               </part>
               <part>
                  <!-- parent      --> "Root",
                  <!-- child       --> "Mesh12",
                  <!-- position    --> 16.232361, -24.302156, -12.300663,
                  <!-- orientation -->   1.0000000000,  6.3946515e-15,  4.9730960e-15,
                                       -6.3946515e-15,   1.0000000000,  4.6895513e-15,
                                       -4.9730960e-15, -4.6895513e-15,   1.0000000000
               </part>
               <part>
                  <!-- parent      --> "Root",
                  <!-- child       --> "Mesh13",
                  <!-- position    --> 5.9021096, -24.302158, -19.492588,
                  <!-- orientation -->   1.0000000000,  6.3946515e-15,  4.9730960e-15,
                                       -6.3946515e-15,   1.0000000000,  4.6895513e-15,
                                       -4.9730960e-15, -4.6895513e-15,   1.0000000000
               </part>
               <part>
                  <!-- parent      --> "Root",
                  <!-- child       --> "Mesh14",
                  <!-- position    --> -6.682548, -24.302158, -19.23901,
                  <!-- orientation -->   1.0000000000,  6.3946515e-15,  4.9730960e-15,
                                       -6.3946515e-15,   1.0000000000,  4.6895513e-15,
                                       -4.9730960e-15, -4.6895513e-15,   1.0000000000
               </part>
               <part>
                  <!-- parent      --> "Root",
                  <!-- child       --> "Mesh15",
                  <!-- position    --> -16.714699, -24.302158, -11.636782,
                  <!-- orientation -->   1.0000000000,  6.3946515e-15,  4.9730960e-15,
                                       -6.3946515e-15,   1.0000000000,  4.6895513e-15,
                                       -4.9730960e-15, -4.6895513e-15,   1.0000000000
               </part>
               <part>
                  <!-- parent      --> "Root",
                  <!-- child       --> "Mesh16",
                  <!-- position    --> -20.362404, -24.302158, 0.41029808,
                  <!-- orientation -->   1.0000000000,  6.3946515e-15,  4.9730960e-15,
                                       -6.3946515e-15,   1.0000000000,  4.6895513e-15,
                                       -4.9730960e-15, -4.6895513e-15,   1.0000000000
               </part>
               <part>
                  <!-- parent      --> "Root",
                  <!-- child       --> "Mesh17",
                  <!-- position    --> -16.232365, -24.302158, 12.300655,
                  <!-- orientation -->   1.0000000000,  6.3946515e-15,  4.9730960e-15,
                                       -6.3946515e-15,   1.0000000000,  4.6895513e-15,
                                       -4.9730960e-15, -4.6895513e-15,   1.0000000000
               </part>
               <part>
                  <!-- parent      --> "Root",
                  <!-- child       --> "Mesh18",
                  <!-- position    --> -5.9021115, -24.302156, 19.492586,
                  <!-- orientation -->   1.0000000000,  6.3946515e-15,  4.9730960e-15,
                                       -6.3946515e-15,   1.0000000000,  4.6895513e-15,
                                       -4.9730960e-15, -4.6895513e-15,   1.0000000000
               </part>
               <part>
                  <!-- parent      --> "Root",
                  <!-- child       --> "Mesh19",
                  <!-- position    --> 6.6825457, -24.302158, 19.239004,
                  <!-- orientation -->   1.0000000000,  6.3946515e-15,  4.9730960e-15,
                                       -6.3946515e-15,   1.0000000000,  4.6895513e-15,
                                       -4.9730960e-15, -4.6895513e-15,   1.0000000000
               </part>
               <part>
                  <!-- parent      --> "Root",
                  <!-- child       --> "Mesh20",
                  <!-- position    --> 16.714695, -24.302156, 11.636778,
                  <!-- orientation -->   1.0000000000,  6.3946515e-15,  4.9730960e-15,
                                       -6.3946515e-15,   1.0000000000,  4.6895513e-15,
                                       -4.9730960e-15, -4.6895513e-15,   1.0000000000
               </part>
               <part>
                  <!-- parent      --> "Root",
                  <!-- child       --> "Nerv01",
                  <!-- position    --> 43.586178, 27.958715, -14.162,
                  <!-- orientation -->   1.0000000000,  6.3946515e-15,  4.9730960e-15,
                                       -6.3946515e-15,   1.0000000000,  4.6895513e-15,
                                       -4.9730960e-15, -4.6895513e-15,   1.0000000000
               </part>
               <part>
                  <!-- parent      --> "Root",
                  <!-- child       --> "Nerv02",
                  <!-- position    --> 26.937742, 27.958717, -37.076618,
                  <!-- orientation -->   1.0000000000,  6.3946515e-15,  4.9730960e-15,
                                       -6.3946515e-15,   1.0000000000,  4.6895513e-15,
                                       -4.9730960e-15, -4.6895513e-15,   1.0000000000
               </part>
               <part>
                  <!-- parent      --> "Root",
                  <!-- child       --> "Nerv03",
                  <!-- position    --> 5.4013035e-6, 27.958717, -45.829224,
                  <!-- orientation -->   1.0000000000,  6.3946515e-15,  4.9730960e-15,
                                       -6.3946515e-15,   1.0000000000,  4.6895513e-15,
                                       -4.9730960e-15, -4.6895513e-15,   1.0000000000
               </part>
               <part>
                  <!-- parent      --> "Root",
                  <!-- child       --> "Nerv04",
                  <!-- position    --> -26.937737, 27.958715, -37.076622,
                  <!-- orientation -->   1.0000000000,  6.3946515e-15,  4.9730960e-15,
                                       -6.3946515e-15,   1.0000000000,  4.6895513e-15,
                                       -4.9730960e-15, -4.6895513e-15,   1.0000000000
               </part>
               <part>
                  <!-- parent      --> "Root",
                  <!-- child       --> "Nerv05",
                  <!-- position    --> -43.586178, 27.958717, -14.162017,
                  <!-- orientation -->   1.0000000000,  6.3946515e-15,  4.9730960e-15,
                                       -6.3946515e-15,   1.0000000000,  4.6895513e-15,
                                       -4.9730960e-15, -4.6895513e-15,   1.0000000000
               </part>
               <part>
                  <!-- parent      --> "Root",
                  <!-- child       --> "Nerv06",
                  <!-- position    --> -43.586178, 27.958719, 14.161999,
                  <!-- orientation -->   1.0000000000,  6.3946515e-15,  4.9730960e-15,
                                       -6.3946515e-15,   1.0000000000,  4.6895513e-15,
                                       -4.9730960e-15, -4.6895513e-15,   1.0000000000
               </part>
               <part>
                  <!-- parent      --> "Root",
                  <!-- child       --> "Nerv07",
                  <!-- position    --> -26.93775, 27.958717, 37.076611,
                  <!-- orientation -->   1.0000000000,  6.3946515e-15,  4.9730960e-15,
                                       -6.3946515e-15,   1.0000000000,  4.6895513e-15,
                                       -4.9730960e-15, -4.6895513e-15,   1.0000000000
               </part>
               <part>
                  <!-- parent      --> "Root",
                  <!-- child       --> "Nerv08",
                  <!-- position    --> -9.0571775e-6, 27.958715, 45.829216,
                  <!-- orientation -->   1.0000000000,  6.3946515e-15,  4.9730960e-15,
                                       -6.3946515e-15,   1.0000000000,  4.6895513e-15,
                                       -4.9730960e-15, -4.6895513e-15,   1.0000000000
               </part>
               <part>
                  <!-- parent      --> "Root",
                  <!-- child       --> "Nerv09",
                  <!-- position    --> 26.937729, 27.958719, 37.076618,
                  <!-- orientation -->   1.0000000000,  6.3946515e-15,  4.9730960e-15,
                                       -6.3946515e-15,   1.0000000000,  4.6895513e-15,
                                       -4.9730960e-15, -4.6895513e-15,   1.0000000000
               </part>
               <part>
                  <!-- parent      --> "Root",
                  <!-- child       --> "Nerv10",
                  <!-- position    --> 43.586174, 27.958717, 14.162014,
                  <!-- orientation -->   1.0000000000,  6.3946515e-15,  4.9730960e-15,
                                       -6.3946515e-15,   1.0000000000,  4.6895513e-15,
                                       -4.9730960e-15, -4.6895513e-15,   1.0000000000
               </part>
               <part>
                  <!-- parent      --> "Root",
                  <!-- child       --> "Object03",
                  <!-- position    --> 52.339901, -2.625659, -38.134808,
                  <!-- orientation -->   1.0000000000,  6.3946515e-15,  4.9730960e-15,
                                       -6.3946515e-15,   1.0000000000,  4.6895513e-15,
                                       -4.9730960e-15, -4.6895513e-15,   1.0000000000
               </part>
               <part>
                  <!-- parent      --> "Root",
                  <!-- child       --> "Object04",
                  <!-- position    --> 60.041573, 10.892419, -44.253036,
                  <!-- orientation -->   1.0000000000,  6.3946515e-15,  4.9730960e-15,
                                       -6.3946515e-15,   1.0000000000,  4.6895513e-15,
