<?xml version="1.0" encoding="ISO-8859-1"?>
<!-- XML generated by UTFXML Version 2.2 built 19-Aug-2010 -->
<UTFXML filename="hunterstrl.cmp" path="SHIPS\CUSTOM">
   <UTF_ROOT>
      <VMeshLibrary>
         <dktlr1.lod0.vms include="hunterstrl_cmp\lod0.vms.xml"/>
      </VMeshLibrary>
      <Cmpnd>
         <Root>
            <File_name name="File name" type="text">dktlr1.3db</File_name>
            <Index type="int">0</Index>
            <Object_name name="Object name" type="text">Root</Object_name>
         </Root>
      </Cmpnd>
      <dktlr1.3db>
         <MultiLevel>
            <Level0>
               <VMeshPart>
                  <VMeshRef type="VMeshRef">
                     <!-- header size  --> 60,
                     <!-- vmesh lib    --> dktlr1.lod0.vms,
                     <!-- start vert   --> 0,
                     <!-- num verts    --> 4358,
                     <!-- start index  --> 0,
                     <!-- num indices  --> 7392,
                     <!-- start mesh   --> 0,
                     <!-- num meshes   --> 2,
                     <!-- bounding box -->  215.56335,    467.46741,    19.177366,
                                           -218.80531,   -469.90134,   -21.341496,
                     <!-- center       -->   -1.6209793,   -1.2169647,  -1.0820646,
                     <!-- radius       --> 469.90134
                  </VMeshRef>
               </VMeshPart>
            </Level0>
         </MultiLevel>
         <Hardpoints>
            <Fixed>
               <HpFX01>
                  <Orientation type="Matrix">
                      -0.7071067100,  -0.7071067700,  -0.0000000000,
                       0.7071067700,  -0.7071067100,   0.0000000000,
                       0.0000000000,  -0.0000000000,   1.0000000000
                  </Orientation>
                  <Position type="Vector">148.18298, 399.52002, -0.278934</Position>
               </HpFX01>
               <HpFX02>
                  <Orientation type="Matrix">
                       0.7071068300,  -0.7071067700,  -0.0000000000,
                       0.7071067700,   0.7071068300,   0.0000000000,
                       0.0000000000,  -0.0000000000,   1.0000000000
                  </Orientation>
                  <Position type="Vector">147.08582, 104.7653, -0.279026</Position>
               </HpFX02>
               <HpFX03>
                  <Orientation type="Matrix">
                       0.7193397900,   0.6946584000,   0.0000000000,
                      -0.6946584000,   0.7193397900,   0.0000000000,
                       0.0000000000,   0.0000000000,   1.0000000000
                  </Orientation>
                  <Position type="Vector">-146.20239, 105.21916, -0.278965</Position>
               </HpFX03>
               <HpFX04>
                  <Orientation type="Matrix">
                      -0.6946581600,   0.7193399100,   0.0000000000,
                      -0.7193399100,  -0.6946581600,   0.0000000000,
                       0.0000000000,   0.0000000000,   1.0000000000
                  </Orientation>
                  <Position type="Vector">-147.60889, 401.06787, -0.278934</Position>
               </HpFX04>
               <HpFX05>
                  <Orientation type="Matrix">
                       0.7071068300,  -0.7071067700,  -0.0000000000,
                       0.7071067700,   0.7071068300,   0.0000000000,
                       0.0000000000,  -0.0000000000,   1.0000000000
                  </Orientation>
                  <Position type="Vector">148.0542, -399.2334, -0.27917799</Position>
               </HpFX05>
               <HpFX06>
                  <Orientation type="Matrix">
                      -0.6946581600,   0.7193399100,   0.0000000000,
                      -0.7193399100,  -0.6946581600,   0.0000000000,
                       0.0000000000,   0.0000000000,   1.0000000000
                  </Orientation>
                  <Position type="Vector">-145.94678, -105.87323, -0.27908701</Position>
               </HpFX06>
               <HpFX07>
                  <Orientation type="Matrix">
                      -0.7071067100,  -0.7071067700,  -0.0000000000,
                       0.7071067700,  -0.7071067100,   0.0000000000,
                       0.0000000000,  -0.0000000000,   1.0000000000
                  </Orientation>
                  <Position type="Vector">148.54639, -105.06467, -0.27908701</Position>
               </HpFX07>
               <HpFX08>
                  <Orientation type="Matrix">
                       0.7193397900,   0.6946584000,   0.0000000000,
                      -0.6946584000,   0.7193397900,   0.0000000000,
                       0.0000000000,   0.0000000000,   1.0000000000
                  </Orientation>
                  <Position type="Vector">-145.11682, -408.88287, -0.27914801</Position>
               </HpFX08>
               <HpGreenLight01>
                  <Orientation type="Matrix">
                       1.0000000000, -165.00296e-09,  411.85558e-09,
                      165.00290e-09,   1.0000000000,  138.92404e-09,
                     -411.85561e-09, -138.92397e-09,   1.0000000000
                  </Orientation>
                  <Position type="Vector">151.19568, 400.83154, -32.059864</Position>
               </HpGreenLight01>
               <HpGreenLight02>
                  <Orientation type="Matrix">
                       1.0000000000, -165.00296e-09,  411.85558e-09,
                      165.00290e-09,   1.0000000000,  138.92404e-09,
                     -411.85561e-09, -138.92397e-09,   1.0000000000
                  </Orientation>
                  <Position type="Vector">-149.01404, 400.83145, -32.05975</Position>
               </HpGreenLight02>
               <HpGreenLight03>
                  <Orientation type="Matrix">
                       1.0000000000, -165.00296e-09,  411.85558e-09,
                      165.00290e-09,   1.0000000000,  138.92404e-09,
                     -411.85561e-09, -138.92397e-09,   1.0000000000
                  </Orientation>
                  <Position type="Vector">-149.01392, 103.60345, -32.059666</Position>
               </HpGreenLight03>
               <HpGreenLight04>
                  <Orientation type="Matrix">
                       1.0000000000, -165.00296e-09,  411.85558e-09,
                      165.00290e-09,   1.0000000000,  138.92404e-09,
                     -411.85561e-09, -138.92397e-09,   1.0000000000
                  </Orientation>
                  <Position type="Vector">151.1958, 103.60355, -32.059776</Position>
               </HpGreenLight04>
               <HpGreenLight05>
                  <Orientation type="Matrix">
                      -1.0000000000, -176.81747e-09, -255.05551e-09,
                     -176.81737e-09,   1.0000000000, -404.13778e-09,
                      255.05560e-09, -404.13772e-09,  -1.0000000000
                  </Orientation>
                  <Position type="Vector">151.1958, -102.62487, 33.260456</Position>
               </HpGreenLight05>
               <HpGreenLight06>
                  <Orientation type="Matrix">
                      -1.0000000000, -176.81747e-09, -255.05551e-09,
                     -176.81737e-09,   1.0000000000, -404.13778e-09,
                      255.05560e-09, -404.13772e-09,  -1.0000000000
                  </Orientation>
                  <Position type="Vector">-149.01392, -102.62496, 33.260567</Position>
               </HpGreenLight06>
               <HpGreenLight07>
                  <Orientation type="Matrix">
                      -1.0000000000, -176.81747e-09, -255.05551e-09,
                     -176.81737e-09,   1.0000000000, -404.13778e-09,
                      255.05560e-09, -404.13772e-09,  -1.0000000000
                  </Orientation>
                  <Position type="Vector">-149.01392, -399.85294, 33.260651</Position>
               </HpGreenLight07>
               <HpGreenLight08>
                  <Orientation type="Matrix">
                      -1.0000000000, -176.81747e-09, -255.05551e-09,
                     -176.81737e-09,   1.0000000000, -404.13778e-09,
                      255.05560e-09, -404.13772e-09,  -1.0000000000
                  </Orientation>
                  <Position type="Vector">151.1958, -399.85284, 33.26054</Position>
               </HpGreenLight08>
               <HpLeftAnim>
                  <Orientation type="Matrix">
                     -337.68708e-09,  -1.0000000000, -178.80653e-09,
                       1.0000000000, -337.68708e-09,  68.477881e-09,
                     -68.477938e-09, -178.80650e-09,   1.0000000000
                  </Orientation>
                  <Position type="Vector">1.4499512, -254.51915, -0.27914774</Position>
               </HpLeftAnim>
               <HpLeftLane>
                  <Orientation type="Matrix">
                      -1.0000000000,  9.0000520e-15, -150.99582e-09,
                     -9.0000546e-15,   1.0000000000,  119.20930e-09,
                      150.99582e-09,  119.20930e-09,  -1.0000000000
                  </Orientation>
                  <Position type="Vector">1.4605713, -254.50851, -0.27914774</Position>
               </HpLeftLane>
               <HpMount>
                  <Orientation type="Matrix">
                       1.0000000000,   0.0000000000,   0.0000000000,
                       0.0000000000,   1.0000000000,   0.0000000000,
                       0.0000000000,   0.0000000000,   1.0000000000
                  </Orientation>
                  <Position type="Vector">0.93066406, 1.0410335, -0.27899668</Position>
               </HpMount>
               <HpRedLight01>
                  <Orientation type="Matrix">
                       1.0000000000, -165.00296e-09,  411.85558e-09,
                      165.00290e-09,   1.0000000000,  138.92404e-09,
                     -411.85561e-09, -138.92397e-09,   1.0000000000
                  </Orientation>
                  <Position type="Vector">151.1958, -102.72528, -32.059719</Position>
               </HpRedLight01>
               <HpRedLight02>
                  <Orientation type="Matrix">
                       1.0000000000, -165.00296e-09,  411.85558e-09,
                      165.00290e-09,   1.0000000000,  138.92404e-09,
                     -411.85561e-09, -138.92397e-09,   1.0000000000
                  </Orientation>
                  <Position type="Vector">-149.66223, -102.72537, -32.059605</Position>
               </HpRedLight02>
               <HpRedLight03>
                  <Orientation type="Matrix">
                       1.0000000000, -165.00296e-09,  411.85558e-09,
                      165.00290e-09,   1.0000000000,  138.92404e-09,
                     -411.85561e-09, -138.92397e-09,   1.0000000000
                  </Orientation>
                  <Position type="Vector">-149.66223, -401.23184, -32.059521</Position>
               </HpRedLight03>
               <HpRedLight04>
                  <Orientation type="Matrix">
                       1.0000000000, -165.00296e-09,  411.85558e-09,
                      165.00290e-09,   1.0000000000,  138.92404e-09,
                     -411.85561e-09, -138.92397e-09,   1.0000000000
                  </Orientation>
                  <Position type="Vector">151.1958, -401.23175, -32.059631</Position>
               </HpRedLight04>
               <HpRedLight05>
                  <Orientation type="Matrix">
                      -1.0000000000, -176.81747e-09, -255.05551e-09,
                     -176.81737e-09,   1.0000000000, -404.13778e-09,
                      255.05560e-09, -404.13772e-09,  -1.0000000000
                  </Orientation>
                  <Position type="Vector">151.1958, 400.82385, 33.290554</Position>
               </HpRedLight05>
               <HpRedLight06>
                  <Orientation type="Matrix">
                      -1.0000000000, -176.81747e-09, -255.05551e-09,
                     -176.81737e-09,   1.0000000000, -404.13778e-09,
                      255.05560e-09, -404.13772e-09,  -1.0000000000
                  </Orientation>
                  <Position type="Vector">-149.66223, 400.82376, 33.290665</Position>
               </HpRedLight06>
               <HpRedLight07>
                  <Orientation type="Matrix">
                      -1.0000000000, -176.81747e-09, -255.05551e-09,
                     -176.81737e-09,   1.0000000000, -404.13778e-09,
                      255.05560e-09, -404.13772e-09,  -1.0000000000
                  </Orientation>
                  <Position type="Vector">-149.66223, 102.31725, 33.290752</Position>
               </HpRedLight07>
               <HpRedLight08>
                  <Orientation type="Matrix">
                      -1.0000000000, -176.81747e-09, -255.05551e-09,
                     -176.81737e-09,   1.0000000000, -404.13778e-09,
                      255.05560e-09, -404.13772e-09,  -1.0000000000
                  </Orientation>
                  <Position type="Vector">151.1958, 102.31734, 33.290638</Position>
               </HpRedLight08>
               <HpRightAnim>
                  <Orientation type="Matrix">
                       1.0000000000, -246.70925e-09,  42.518145e-09,
                      246.70925e-09,   1.0000000000,  313.64664e-09,
                     -42.518224e-09, -313.64664e-09,   1.0000000000
                  </Orientation>
                  <Position type="Vector">-0.041503906, 252.00436, -0.27896467</Position>
               </HpRightAnim>
               <HpRightLane>
                  <Orientation type="Matrix">
                       1.0000000000, -246.70925e-09,  42.518145e-09,
                      246.70925e-09,   1.0000000000,  313.64664e-09,
                     -42.518224e-09, -313.64664e-09,   1.0000000000
                  </Orientation>
                  <Position type="Vector">-0.030883789, 251.99377, -0.27896467</Position>
               </HpRightLane>
               <HpRunningLight01>
                  <Orientation type="Matrix">
                       0.7071068900,   0.7071067100,  385.58781e-09,
                      -0.7071067100,   0.7071068900,  135.34972e-09,
                     -176.94509e-09, -368.35846e-09,   1.0000000000
                  </Orientation>
                  <Position type="Vector">199.18567, 453.46579, 1.0851406</Position>
               </HpRunningLight01>
               <HpRunningLight02>
                  <Orientation type="Matrix">
                       0.7071068900,   0.7071067100,  385.58781e-09,
                      -0.7071067100,   0.7071068900,  135.34972e-09,
                     -176.94509e-09, -368.35846e-09,   1.0000000000
                  </Orientation>
                  <Position type="Vector">-197.2981, 453.46579, 1.0851406</Position>
               </HpRunningLight02>
               <HpRunningLight03>
                  <Orientation type="Matrix">
                       0.7071068900,   0.7071067100,  385.58781e-09,
                      -0.7071067100,   0.7071068900,  135.34972e-09,
                     -176.94509e-09, -368.35846e-09,   1.0000000000
                  </Orientation>
                  <Position type="Vector">196.1394, 51.325291, 1.0851099</Position>
               </HpRunningLight03>
               <HpRunningLight04>
                  <Orientation type="Matrix">
                       0.7071068900,   0.7071067100,  385.58781e-09,
                      -0.7071067100,   0.7071068900,  135.34972e-09,
                     -176.94509e-09, -368.35846e-09,   1.0000000000
                  </Orientation>
                  <Position type="Vector">-196.87219, 51.325291, 1.0851099</Position>
               </HpRunningLight04>
               <HpRunningLight05>
                  <Orientation type="Matrix">
                       0.7071068900,   0.7071067100,  385.58781e-09,
                      -0.7071067100,   0.7071068900,  135.34972e-09,
                     -176.94509e-09, -368.35846e-09,   1.0000000000
                  </Orientation>
                  <Position type="Vector">-197.62219, -50.707573, 1.0850794</Position>
               </HpRunningLight05>
               <HpRunningLight06>
                  <Orientation type="Matrix">
                       0.7071068900,   0.7071067100,  385.58781e-09,
                      -0.7071067100,   0.7071068900,  135.34972e-09,
                     -176.94509e-09, -368.35846e-09,   1.0000000000
                  </Orientation>
                  <Position type="Vector">197.5271, -50.436211, 1.0850796</Position>
               </HpRunningLight06>
               <HpRunningLight07>
                  <Orientation type="Matrix">
                       0.7071068900,   0.7071067100,  385.58781e-09,
                      -0.7071067100,   0.7071068900,  135.34972e-09,
                     -176.94509e-09, -368.35846e-09,   1.0000000000
                  </Orientation>
                  <Position type="Vector">196.97314, -453.93604, 1.0850489</Position>
               </HpRunningLight07>
               <HpRunningLight08>
                  <Orientation type="Matrix">
                       0.7071068900,   0.7071067100,  385.58781e-09,
                      -0.7071067100,   0.7071068900,  135.34972e-09,
                     -176.94509e-09, -368.35846e-09,   1.0000000000
                  </Orientation>
                  <Position type="Vector">-197.40686, -453.93604, 1.0850489</Position>
               </HpRunningLight08>
               <HpShield01>
                  <Orientation type="Matrix">
                       1.0000000000,   0.0000000000,   0.0000000000,
                      -0.0000000000,   1.0000000000,  59.604652e-09,
                       0.0000000000, -59.604652e-09,   1.0000000000
                  </Orientation>
                  <Position type="Vector">152.33191, 104.66731, -0.27898592</Position>
               </HpShield01>
            </Fixed>
            <Revolute>
               <HpTurret_S1_01>
                  <Axis type="Vector">0, 1, 0</Axis>
                  <Max type="float">6.2831855</Max>
                  <Min type="float">-6.2831855</Min>
                  <Orientation type="Matrix">
                      -0.7071071900,  148.30286e-09,   0.7071063500,
                       0.7071063500, -104.42195e-09,   0.7071071900,
                      178.70343e-09,   1.0000000000, -31.028375e-09
                  </Orientation>
                  <Position type="Vector">152.32898, -101.12542, 16.130669</Position>
               </HpTurret_S1_01>
               <HpTurret_S1_02>
                  <Axis type="Vector">0, 1, 0</Axis>
                  <Max type="float">6.2831855</Max>
                  <Min type="float">-6.2831855</Min>
                  <Orientation type="Matrix">
                       0.7071071900,  1.7432673e-09,   0.7071064100,
                      -0.7071064100,  25.368157e-09,   0.7071071900,
                     -16.705309e-09,  -1.0000000000,  19.170681e-09
                  </Orientation>
                  <Position type="Vector">-151.21741, 101.5815, -15.939214</Position>
               </HpTurret_S1_02>
            </Revolute>
         </Hardpoints>
      </dktlr1.3db>
      <Material_library name="Material library">
         <dktlrmat>
            <Dt_flags type="int">0x40</Dt_flags>
            <Dt_name type="text">dktlrmat.tga</Dt_name>
            <Type type="text">DcDt</Type>
         </dktlrmat>
         <Material_count name="Material count" type="int">1</Material_count>
      </Material_library>
      <Texture_library name="Texture library">
         <dktlrmat.tga>
            <MIPS type="file" filename="hunterstrl_cmp\dktlrmat.dds"/>
         </dktlrmat.tga>
      </Texture_library>
   </UTF_ROOT>
</UTFXML>
