<?xml version="1.0" encoding="ISO-8859-1"?>
<!-- XML generated by UTFXML Version 2.2 built 19-Aug-2010 -->
<UTFXML filename="rh_02_berlin_cityscape.cmp" path="BASES\RHEINLAND">
   <UTF_ROOT>
      <VMeshLibrary>
         <data.bases.rheinland.rh_02_berlin_cityscape.lod0-112.vms include="rh_02_berlin_cityscape_cmp\lod0-112.vms.xml"/>
         <data.bases.rheinland.rh_02_berlin_cityscape.lod0-212.vms include="rh_02_berlin_cityscape_cmp\lod0-212.vms.xml"/>
      </VMeshLibrary>
      <MaterialAnim>
         <banners.avi>
            <MACount type="int">1</MACount>
            <MAFlags type="int">0x2</MAFlags>
            <MADeltas type="float array" count="5">
                 20.0000000000:   0.0000000000,  -0.0995725390,   0.0000000000,   0.0000000000
            </MADeltas>
         </banners.avi>
      </MaterialAnim>
      <Exporter_Version name="Exporter Version" type="text">Nov  5 2002 11:41:55</Exporter_Version>
      <Cmpnd>
         <Root>
            <Object_name name="Object name" type="text">Root</Object_name>
            <File_name name="File name" type="text">Root_Berlin021211170851.3db</File_name>
            <Index type="int">0</Index>
         </Root>
         <Part_Building01>
            <Object_name name="Object name" type="text">Building01</Object_name>
            <File_name name="File name" type="text">Building01021211170851.3db</File_name>
            <Index type="int">1</Index>
         </Part_Building01>
         <Part_Building02>
            <Object_name name="Object name" type="text">Building02</Object_name>
            <File_name name="File name" type="text">Building02021211170851.3db</File_name>
            <Index type="int">2</Index>
         </Part_Building02>
         <Part_Dirty_Ground name="Part_Dirty Ground">
            <Object_name name="Object name" type="text">Dirty Ground</Object_name>
            <File_name name="File name" type="text">Dirty Ground021211170851.3db</File_name>
            <Index type="int">3</Index>
         </Part_Dirty_Ground>
         <Part_Elevator01>
            <Object_name name="Object name" type="text">Elevator01</Object_name>
            <File_name name="File name" type="text">Elevator01021211170851.3db</File_name>
            <Index type="int">4</Index>
         </Part_Elevator01>
         <Part_Elevator02>
            <Object_name name="Object name" type="text">Elevator02</Object_name>
            <File_name name="File name" type="text">Elevator02021211170851.3db</File_name>
            <Index type="int">5</Index>
         </Part_Elevator02>
         <Part_Elevator03>
            <Object_name name="Object name" type="text">Elevator03</Object_name>
            <File_name name="File name" type="text">Elevator03021211170851.3db</File_name>
            <Index type="int">6</Index>
         </Part_Elevator03>
         <Part_Elevator04>
            <Object_name name="Object name" type="text">Elevator04</Object_name>
            <File_name name="File name" type="text">Elevator04021211170851.3db</File_name>
            <Index type="int">7</Index>
         </Part_Elevator04>
         <Part_Spin_Thing-01 name="Part_Spin Thing-01">
            <Object_name name="Object name" type="text">Spin Thing-01</Object_name>
            <File_name name="File name" type="text">Spin Thing-01021211170851.3db</File_name>
            <Index type="int">8</Index>
         </Part_Spin_Thing-01>
         <Part_Spin_Thing-02 name="Part_Spin Thing-02">
            <Object_name name="Object name" type="text">Spin Thing-02</Object_name>
            <File_name name="File name" type="text">Spin Thing-02021211170851.3db</File_name>
            <Index type="int">9</Index>
         </Part_Spin_Thing-02>
         <Part_Spin_Thing-03 name="Part_Spin Thing-03">
            <Object_name name="Object name" type="text">Spin Thing-03</Object_name>
            <File_name name="File name" type="text">Spin Thing-03021211170851.3db</File_name>
            <Index type="int">10</Index>
         </Part_Spin_Thing-03>
         <Part_fade_back>
            <Object_name name="Object name" type="text">fade_back</Object_name>
            <File_name name="File name" type="text">fade_back021211170851.3db</File_name>
            <Index type="int">11</Index>
         </Part_fade_back>
         <Part_Fade_Mid name="Part_Fade Mid">
            <Object_name name="Object name" type="text">Fade Mid</Object_name>
            <File_name name="File name" type="text">Fade Mid021211170851.3db</File_name>
            <Index type="int">12</Index>
         </Part_Fade_Mid>
         <Part_Traffic01>
            <Object_name name="Object name" type="text">Traffic01</Object_name>
            <File_name name="File name" type="text">Traffic01021211170851.3db</File_name>
            <Index type="int">13</Index>
         </Part_Traffic01>
         <Part_Traffic02>
            <Object_name name="Object name" type="text">Traffic02</Object_name>
            <File_name name="File name" type="text">Traffic02021211170851.3db</File_name>
            <Index type="int">14</Index>
         </Part_Traffic02>
         <Part_Traffic03>
            <Object_name name="Object name" type="text">Traffic03</Object_name>
            <File_name name="File name" type="text">Traffic03021211170851.3db</File_name>
            <Index type="int">15</Index>
         </Part_Traffic03>
         <Part_Traffic07>
            <Object_name name="Object name" type="text">Traffic07</Object_name>
            <File_name name="File name" type="text">Traffic07021211170851.3db</File_name>
            <Index type="int">16</Index>
         </Part_Traffic07>
         <Part_Traffic08>
            <Object_name name="Object name" type="text">Traffic08</Object_name>
            <File_name name="File name" type="text">Traffic08021211170851.3db</File_name>
            <Index type="int">17</Index>
         </Part_Traffic08>
         <Part_Traffic09>
            <Object_name name="Object name" type="text">Traffic09</Object_name>
            <File_name name="File name" type="text">Traffic09021211170851.3db</File_name>
            <Index type="int">18</Index>
         </Part_Traffic09>
         <Part_Traffic10>
            <Object_name name="Object name" type="text">Traffic10</Object_name>
            <File_name name="File name" type="text">Traffic10021211170851.3db</File_name>
            <Index type="int">19</Index>
         </Part_Traffic10>
         <Part_Traffic11>
            <Object_name name="Object name" type="text">Traffic11</Object_name>
            <File_name name="File name" type="text">Traffic11021211170851.3db</File_name>
            <Index type="int">20</Index>
         </Part_Traffic11>
         <Part_Traffic12>
            <Object_name name="Object name" type="text">Traffic12</Object_name>
            <File_name name="File name" type="text">Traffic12021211170851.3db</File_name>
            <Index type="int">21</Index>
         </Part_Traffic12>
         <Part_Traffic13>
            <Object_name name="Object name" type="text">Traffic13</Object_name>
            <File_name name="File name" type="text">Traffic13021211170851.3db</File_name>
            <Index type="int">22</Index>
         </Part_Traffic13>
         <Part_Traffic14>
            <Object_name name="Object name" type="text">Traffic14</Object_name>
            <File_name name="File name" type="text">Traffic14021211170851.3db</File_name>
            <Index type="int">23</Index>
         </Part_Traffic14>
         <Part_Traffic15>
            <Object_name name="Object name" type="text">Traffic15</Object_name>
            <File_name name="File name" type="text">Traffic15021211170851.3db</File_name>
            <Index type="int">24</Index>
         </Part_Traffic15>
         <Part_Traffic16>
            <Object_name name="Object name" type="text">Traffic16</Object_name>
            <File_name name="File name" type="text">Traffic16021211170851.3db</File_name>
            <Index type="int">25</Index>
         </Part_Traffic16>
         <Part_Traffic17>
            <Object_name name="Object name" type="text">Traffic17</Object_name>
            <File_name name="File name" type="text">Traffic17021211170851.3db</File_name>
            <Index type="int">26</Index>
         </Part_Traffic17>
         <Part_Traffic18>
            <Object_name name="Object name" type="text">Traffic18</Object_name>
            <File_name name="File name" type="text">Traffic18021211170851.3db</File_name>
            <Index type="int">27</Index>
         </Part_Traffic18>
         <Part_Traffic19>
            <Object_name name="Object name" type="text">Traffic19</Object_name>
            <File_name name="File name" type="text">Traffic19021211170851.3db</File_name>
            <Index type="int">28</Index>
         </Part_Traffic19>
         <Part_Traffic20>
            <Object_name name="Object name" type="text">Traffic20</Object_name>
            <File_name name="File name" type="text">Traffic20021211170851.3db</File_name>
            <Index type="int">29</Index>
         </Part_Traffic20>
         <Part_Traffic21>
            <Object_name name="Object name" type="text">Traffic21</Object_name>
            <File_name name="File name" type="text">Traffic21021211170851.3db</File_name>
            <Index type="int">30</Index>
         </Part_Traffic21>
         <Part_Traffic22>
            <Object_name name="Object name" type="text">Traffic22</Object_name>
            <File_name name="File name" type="text">Traffic22021211170851.3db</File_name>
            <Index type="int">31</Index>
         </Part_Traffic22>
         <Part_Traffic23>
            <Object_name name="Object name" type="text">Traffic23</Object_name>
            <File_name name="File name" type="text">Traffic23021211170851.3db</File_name>
            <Index type="int">32</Index>
         </Part_Traffic23>
         <Part_Traffic24>
            <Object_name name="Object name" type="text">Traffic24</Object_name>
            <File_name name="File name" type="text">Traffic24021211170851.3db</File_name>
            <Index type="int">33</Index>
         </Part_Traffic24>
         <Part_Building05>
            <Object_name name="Object name" type="text">Building05</Object_name>
            <File_name name="File name" type="text">Building05021211170851.3db</File_name>
            <Index type="int">34</Index>
         </Part_Building05>
         <Part_Fan>
            <Object_name name="Object name" type="text">Fan</Object_name>
            <File_name name="File name" type="text">Fan021211170851.3db</File_name>
            <Index type="int">35</Index>
         </Part_Fan>
         <Part_billboards>
            <Object_name name="Object name" type="text">billboards</Object_name>
            <File_name name="File name" type="text">billboards021211170851.3db</File_name>
            <Index type="int">36</Index>
         </Part_billboards>
         <Part_Sat-01>
            <Object_name name="Object name" type="text">Sat-01</Object_name>
            <File_name name="File name" type="text">Sat-01021211170851.3db</File_name>
            <Index type="int">37</Index>
         </Part_Sat-01>
         <Part_Sat-02>
            <Object_name name="Object name" type="text">Sat-02</Object_name>
            <File_name name="File name" type="text">Sat-02021211170851.3db</File_name>
            <Index type="int">38</Index>
         </Part_Sat-02>
         <Part_Weather-01>
            <Object_name name="Object name" type="text">Weather-01</Object_name>
            <File_name name="File name" type="text">Weather-01021211170851.3db</File_name>
            <Index type="int">39</Index>
         </Part_Weather-01>
         <Part_Weather-02>
            <Object_name name="Object name" type="text">Weather-02</Object_name>
            <File_name name="File name" type="text">Weather-02021211170851.3db</File_name>
            <Index type="int">40</Index>
         </Part_Weather-02>
         <Part_Weather-03>
            <Object_name name="Object name" type="text">Weather-03</Object_name>
            <File_name name="File name" type="text">Weather-03021211170851.3db</File_name>
            <Index type="int">41</Index>
         </Part_Weather-03>
         <Part_Cityscape>
            <Object_name name="Object name" type="text">Cityscape</Object_name>
            <File_name name="File name" type="text">Cityscape021211170851.3db</File_name>
            <Index type="int">42</Index>
         </Part_Cityscape>
         <Part_ground>
            <Object_name name="Object name" type="text">ground</Object_name>
            <File_name name="File name" type="text">ground021211170851.3db</File_name>
            <Index type="int">43</Index>
         </Part_ground>
         <Part_banner2>
            <Object_name name="Object name" type="text">banner2</Object_name>
            <File_name name="File name" type="text">banner2021211170851.3db</File_name>
            <Index type="int">44</Index>
         </Part_banner2>
         <Part_banner3>
            <Object_name name="Object name" type="text">banner3</Object_name>
            <File_name name="File name" type="text">banner3021211170851.3db</File_name>
            <Index type="int">45</Index>
         </Part_banner3>
         <Cons>
            <Fix type="Fix" count="11">
               <part>
                  <!-- parent      --> "Root",
                  <!-- child       --> "Building01",
                  <!-- position    --> 61.491257, 24.714804, 21.496115,
                  <!-- orientation -->   1.0000000000,  2.5955470e-15, -13.454626e-09,
                                       -1.7935889e-15,   1.0000000000,  59.604645e-09,
                                        13.454626e-09, -59.604645e-09,   1.0000000000
               </part>
               <part>
                  <!-- parent      --> "Root",
                  <!-- child       --> "Building02",
                  <!-- position    --> -43.171341, 36.259541, -36.45079,
                  <!-- orientation -->   1.0000000000,  6.1482606e-15,  2.1159569e-15,
                                       -6.1482606e-15,   1.0000000000,  59.604645e-09,
                                       -2.1159565e-15, -59.604645e-09,   1.0000000000
               </part>
               <part>
                  <!-- parent      --> "Root",
                  <!-- child       --> "Dirty Ground",
                  <!-- position    --> 53.124092, 0.32292351, -421.05661,
                  <!-- orientation -->   1.0000000000,  6.1482606e-15, -1.4367568e-15,
                                       -6.1482606e-15,   1.0000000000,  59.604645e-09,
                                        1.4367571e-15, -59.604645e-09,   1.0000000000
               </part>
               <part>
                  <!-- parent      --> "Root",
                  <!-- child       --> "fade_back",
                  <!-- position    --> 0.064039089, 22.104118, -562.41357,
                  <!-- orientation -->   1.0000000000, -478.58336e-18,  1.0579785e-15,
                                        478.58336e-18,   1.0000000000,  2.1586713e-15,
                                       -1.0579785e-15, -2.1586713e-15,   1.0000000000
               </part>
               <part>
                  <!-- parent      --> "Root",
                  <!-- child       --> "Fade Mid",
                  <!-- position    --> 27.524965, 12.275339, -318.32822,
                  <!-- orientation -->   1.0000000000,  6.1482606e-15,  2.1159569e-15,
                                       -6.1482606e-15,   1.0000000000,  59.604645e-09,
                                       -2.1159565e-15, -59.604645e-09,   1.0000000000
               </part>
               <part>
                  <!-- parent      --> "Root",
                  <!-- child       --> "Building05",
                  <!-- position    --> 24.800831, 42.306454, -118.25095,
                  <!-- orientation -->   1.0000000000,  6.1482606e-15,  2.1159569e-15,
                                       -6.1482606e-15,   1.0000000000,  59.604645e-09,
                                       -2.1159565e-15, -59.604645e-09,   1.0000000000
               </part>
               <part>
                  <!-- parent      --> "Root",
                  <!-- child       --> "billboards",
                  <!-- position    --> 24.800831, 42.306454, -118.25095,
                  <!-- orientation -->   1.0000000000,  16.327819e-15, -378.77889e-18,
                                       -16.327819e-15,   1.0000000000,  119.20930e-09,
                                        378.78085e-18, -119.20930e-09,   1.0000000000
               </part>
               <part>
                  <!-- parent      --> "Root",
                  <!-- child       --> "Cityscape",
                  <!-- position    --> 28.513725, -19.516298, -108.26756,
                  <!-- orientation -->   1.0000000000,  6.1482606e-15,  2.1159569e-15,
                                       -6.1482606e-15,   1.0000000000,  59.604645e-09,
                                       -2.1159565e-15, -59.604645e-09,   1.0000000000
               </part>
               <part>
                  <!-- parent      --> "Root",
                  <!-- child       --> "ground",
                  <!-- position    --> 139.77936, -35.956772, -351.29733,
                  <!-- orientation -->   1.0000000000,  16.327819e-15, -378.77889e-18,
                                       -16.327819e-15,   1.0000000000,  119.20930e-09,
                                        378.78085e-18, -119.20930e-09,   1.0000000000
               </part>
               <part>
                  <!-- parent      --> "Root",
                  <!-- child       --> "banner2",
                  <!-- position    --> -47.25972, 22.706593, -27.189926,
                  <!-- orientation -->   1.0000000000,  51.575356e-09, -41.854719e-09,
                                        41.854712e-09,  119.20929e-09,   1.0000000000,
                                        51.575359e-09,  -1.0000000000,  119.20929e-09
               </part>
               <part>
                  <!-- parent      --> "Root",
                  <!-- child       --> "banner3",
                  <!-- position    --> 10.538135, 50.894924, -95.412086,
                  <!-- orientation -->   0.8910064700,   0.4539906100, -29.802326e-09,
                                       -25.874582e-09,  116.42696e-09,   1.0000000000,
                                         0.4539906100,  -0.8910064700,  115.48399e-09
               </part>
            </Fix>
            <Pris type="Rev" count="25">
               <part>
                  <!-- parent      --> "Root",
                  <!-- child       --> "Elevator01",
                  <!-- position    --> -24.385685, 45.941135, -257.79794,
                  <!-- offset      --> 0, 0, 0,
                  <!-- orientation -->   0.8910065300,  -0.4539904600,  51.708501e-09,
                                       -64.012951e-09, -11.734743e-09,   1.0000000000,
                                        -0.4539904600,  -0.8910065300, -39.517005e-09,
                  <!-- axis        --> -108.27458e-09,   1.0000000000, -2.8656498e-06,
                  <!-- min, max    --> -22.351591, 20.246128
               </part>
               <part>
                  <!-- parent      --> "Root",
                  <!-- child       --> "Elevator02",
                  <!-- position    --> -22.945744, 49.752842, -258.57272,
                  <!-- offset      --> 0, 0, 0,
                  <!-- orientation -->   0.8870109900,  -0.4617482400,  43.749608e-09,
                                       -24.052053e-09,  48.544138e-09,   1.0000000000,
                                        -0.4617482400,  -0.8870109900,  31.953192e-09,
                  <!-- axis        -->  52.869911e-09,  -1.0000000000,  3.9469228e-06,
                  <!-- min, max    --> -10.34369, 43.780212
               </part>
               <part>
                  <!-- parent      --> "Root",
                  <!-- child       --> "Elevator03",
                  <!-- position    --> 0.79156154, 46.856022, -260.92136,
                  <!-- offset      --> 0, 0, 0,
                  <!-- orientation -->   0.8949344200,  -0.4461977800,  45.344876e-09,
                                        34.329290e-09,  170.47898e-09,   1.0000000000,
                                        -0.4461977800,  -0.8949344200,  167.88515e-09,
                  <!-- axis        -->  49.183736e-09,  -1.0000000000,  393.02716e-09,
                  <!-- min, max    --> 0, 40.786678
               </part>
               <part>
                  <!-- parent      --> "Root",
                  <!-- child       --> "Elevator04",
                  <!-- position    --> 2.1250577, 47.860355, -261.60825,
                  <!-- offset      --> 0, 0, 0,
                  <!-- orientation -->   0.8746196600,  -0.4848097600, -30.449335e-09,
                                        67.626985e-09,  59.195493e-09,   1.0000000000,
                                        -0.4848097600,  -0.8746196600,  84.559758e-09,
                  <!-- axis        -->  55.085458e-09,  -1.0000000000, -138.16135e-09,
                  <!-- min, max    --> 0, 43.238216
               </part>
               <part>
                  <!-- parent      --> "Root",
                  <!-- child       --> "Traffic01",
                  <!-- position    --> -952.26404, 101.88718, -1407.5958,
                  <!-- offset      --> 0, 0, 0,
                  <!-- orientation -->   0.8460650400,  -0.0451294110,   0.5311659600,
                                         0.0410380850,   0.9989671100,   0.0195078570,
                                        -0.5314977200,   0.0052931174,   0.8470432200,
                  <!-- axis        -->  -1.0000000000, -2.3846873e-09, -188.19544e-06,
                  <!-- min, max    --> -1498.4517, 32.105523e-6
               </part>
               <part>
                  <!-- parent      --> "Root",
                  <!-- child       --> "Traffic02",
                  <!-- position    --> -827.6554, 167.61707, -1299.5004,
                  <!-- offset      --> 0, 0, 0,
                  <!-- orientation -->   0.8460650400,  -0.0451294110,   0.5311659600,
                                         0.0410380850,   0.9989671100,   0.0195078570,
                                        -0.5314977200,   0.0052931174,   0.8470432200,
                  <!-- axis        -->  -1.0000000000,  7.9977731e-09, -201.72623e-06,
                  <!-- min, max    --> -1391.8484, 52.525651e-6
               </part>
               <part>
                  <!-- parent      --> "Root",
                  <!-- child       --> "Traffic03",
                  <!-- position    --> -692.64075, 60.593239, -1278.2399,
                  <!-- offset      --> 0, 0, 0,
                  <!-- orientation -->   0.8460650400,  -0.0451294110,   0.5311659600,
                                         0.0410380850,   0.9989671100,   0.0195078570,
                                        -0.5314977200,   0.0052931174,   0.8470432200,
                  <!-- axis        -->   1.0000000000, -2.1331081e-09,  202.55607e-06,
                  <!-- min, max    --> 0, 1391.8484
               </part>
               <part>
                  <!-- parent      --> "Root",
                  <!-- child       --> "Traffic07",
                  <!-- position    --> 685.41077, 124.16696, -1234.2562,
                  <!-- offset      --> 0, 0, 0,
                  <!-- orientation -->   0.8313409700,  -0.0511484890,   0.5534040300,
                                         0.0443723570,   0.9986858400,   0.0256461990,
                                        -0.5539885200,   0.0032351061,   0.8325180400,
                  <!-- axis        -->  -0.9999684700,  -0.0077397097,   0.0017821225,
                  <!-- min, max    --> 0, 1501.6328
               </part>
               <part>
                  <!-- parent      --> "Root",
                  <!-- child       --> "Traffic08",
                  <!-- position    --> 918.75061, 53.352444, -1009.1817,
                  <!-- offset      --> 0, 0, 0,
                  <!-- orientation -->   0.8313409700,  -0.0511484890,   0.5534040300,
                                         0.0443723570,   0.9986858400,   0.0256461990,
                                        -0.5539885200,   0.0032351061,   0.8325180400,
                  <!-- axis        -->  -0.9998723900,   0.0158750340,   0.0017826799,
                  <!-- min, max    --> 0, 1501.7776
               </part>
               <part>
                  <!-- parent      --> "Root",
                  <!-- child       --> "Traffic09",
                  <!-- position    --> 696.4718, 7.3637276, -1026.3322,
                  <!-- offset      --> 0, 0, 0,
                  <!-- orientation -->   0.8313409700,  -0.0511484890,   0.5534040300,
                                         0.0443723570,   0.9986858400,   0.0256461990,
                                        -0.5539885200,   0.0032351061,   0.8325180400,
                  <!-- axis        -->   0.9995917700,  -0.0285156000,  -0.0017822708,
                  <!-- min, max    --> -1502.1989, 51.479241e-6
               </part>
               <part>
                  <!-- parent      --> "Root",
                  <!-- child       --> "Traffic10",
                  <!-- position    --> 463.13242, 116.51554, -1005.3148,
                  <!-- offset      --> 0, 0, 0,
                  <!-- orientation -->   0.8413018000,  -0.0505752410,   0.5381946000,
                                         0.0439442100,   0.9987171900,   0.0251582230,
                                        -0.5387765800,   0.0024848783,   0.8424450200,
                  <!-- axis        -->  -0.9998910400,  -0.0146540650,   0.0017826742,
                  <!-- min, max    --> 0, 1501.7496
               </part>
               <part>
                  <!-- parent      --> "Root",
                  <!-- child       --> "Traffic11",
                  <!-- position    --> 801.19641, 73.778244, -939.98883,
                  <!-- offset      --> 0, 0, 0,
                  <!-- orientation -->   0.8313409700,  -0.0511484890,   0.5534040300,
                                         0.0443723570,   0.9986858400,   0.0256461990,
                                        -0.5539885200,   0.0032351061,   0.8325180400,
                  <!-- axis        -->  -0.9997909100,   0.0203712860,   0.0017823757,
                  <!-- min, max    --> 0, 1501.8998
               </part>
               <part>
                  <!-- parent      --> "Root",
                  <!-- child       --> "Traffic12",
                  <!-- position    --> 553.63049, 18.208357, -1023.1797,
                  <!-- offset      --> 0, 0, 0,
                  <!-- orientation -->   0.8313409700,  -0.0511484890,   0.5534040300,
                                         0.0443723570,   0.9986858400,   0.0256461990,
                                        -0.5539885200,   0.0032351061,   0.8325180400,
                  <!-- axis        -->  -0.9998654100,   0.0163102240,   0.0017826777,
                  <!-- min, max    --> 0, 1501.7876
               </part>
               <part>
                  <!-- parent      --> "Root",
                  <!-- child       --> "Traffic13",
                  <!-- position    --> -555.33002, 120.67232, -791.93494,
                  <!-- offset      --> 0, 0, 0,
                  <!-- orientation -->   0.8460648100,  -0.0451296160,   0.5311663200,
                                         0.0410382710,   0.9989671100,   0.0195079460,
                                        -0.5314980700,   0.0052931602,   0.8470429800,
                  <!-- axis        -->   1.0000000000, -22.583812e-09,  275.17779e-06,
                  <!-- min, max    --> 0, 1034.2618
               </part>
               <part>
                  <!-- parent      --> "Root",
                  <!-- child       --> "Traffic14",
                  <!-- position    --> -562.78558, 77.906021, -786.14807,
                  <!-- offset      --> 0, 0, 0,
                  <!-- orientation -->   0.8460648100,  -0.0451296160,   0.5311663200,
                                         0.0410382710,   0.9989671100,   0.0195079460,
                                        -0.5314980700,   0.0052931602,   0.8470429800,
                  <!-- axis        -->   1.0000000000,  1.9930886e-09,  291.14090e-06,
                  <!-- min, max    --> 0, 973.49664
               </part>
               <part>
                  <!-- parent      --> "Root",
                  <!-- child       --> "Traffic15",
                  <!-- position    --> -615.216, 157.93523, -854.78149,
                  <!-- offset      --> 0, 0, 0,
                  <!-- orientation -->   0.8486900300,  -0.0447561520,   0.5269934500,
                                         0.0407343770,   0.9989847500,   0.0192409440,
                                        -0.5273195500,   0.0051371525,   0.8496515200,
                  <!-- axis        -->  -1.0000000000, -77.583465e-09, -296.25412e-06,
                  <!-- min, max    --> -964.97638, 32.25758e-6
               </part>
               <part>
                  <!-- parent      --> "Root",
                  <!-- child       --> "Traffic16",
                  <!-- position    --> -545.34418, 47.48811, -718.15967,
                  <!-- offset      --> 0, 0, 0,
                  <!-- orientation -->   0.8460648100,  -0.0451296160,   0.5311663200,
                                         0.0410382710,   0.9989671100,   0.0195079460,
                                        -0.5314980700,   0.0052931602,   0.8470429800,
                  <!-- axis        -->  -1.0000000000, -38.462758e-09, -281.78276e-06,
                  <!-- min, max    --> -1006.1606, 29.272729e-6
               </part>
               <part>
                  <!-- parent      --> "Root",
                  <!-- child       --> "Traffic17",
                  <!-- position    --> 775.89954, 44.74575, -1019.2603,
                  <!-- offset      --> 0, 0, 0,
                  <!-- orientation -->   0.8313409700,  -0.0511484890,   0.5534040300,
                                         0.0443723570,   0.9986858400,   0.0256461990,
                                        -0.5539885200,   0.0032351061,   0.8325180400,
                  <!-- axis        -->  -0.9999135700,  -0.0130246720,   0.0017826085,
                  <!-- min, max    --> 0, 1501.7156
               </part>
               <part>
                  <!-- parent      --> "Root",
                  <!-- child       --> "Traffic18",
                  <!-- position    --> -774.96088, 34.724373, -825.68848,
                  <!-- offset      --> 0, 0, 0,
                  <!-- orientation -->  -0.8313408500,   0.0511483960,  -0.5534042100,
                                         0.0443721750,   0.9986858400,   0.0256463070,
                                         0.5539887000,  -0.0032349264,  -0.8325178600,
                  <!-- axis        -->  -0.9997630100,  -0.0216349530,  -0.0024296662,
                  <!-- min, max    --> -1101.9618, 42.734951e-6
               </part>
               <part>
                  <!-- parent      --> "Root",
                  <!-- child       --> "Traffic19",
                  <!-- position    --> -552.68207, -11.264359, -808.53809,
                  <!-- offset      --> 0, 0, 0,
                  <!-- orientation -->  -0.8313408500,   0.0511483960,  -0.5534042100,
                                         0.0443721750,   0.9986858400,   0.0256463070,
                                         0.5539887000,  -0.0032349264,  -0.8325178600,
                  <!-- axis        -->   0.9992420100,   0.0388524530,   0.0024283724,
                  <!-- min, max    --> 0, 1102.5364
               </part>
               <part>
                  <!-- parent      --> "Root",
                  <!-- child       --> "Traffic20",
                  <!-- position    --> -319.34268, 97.887505, -829.55554,
                  <!-- offset      --> 0, 0, 0,
                  <!-- orientation -->  -0.8413016800,   0.0505751330,  -0.5381947800,
                                         0.0439440120,   0.9987171900,   0.0251583270,
                                         0.5387767600,  -0.0024846951,  -0.8424449000,
                  <!-- axis        -->   0.9997975800,  -0.0199711580,   0.0024297577,
                  <!-- min, max    --> 0, 1101.9237
               </part>
               <part>
                  <!-- parent      --> "Root",
                  <!-- child       --> "Traffic21",
                  <!-- position    --> -657.40692, 55.150223, -894.88123,
                  <!-- offset      --> 0, 0, 0,
                  <!-- orientation -->  -0.8313408500,   0.0511483960,  -0.5534042100,
                                         0.0443721750,   0.9986858400,   0.0256463070,
                                         0.5539887000,  -0.0032349264,  -0.8325178600,
                  <!-- axis        -->  -0.9996116800,  -0.0277605260,  -0.0024292406,
                  <!-- min, max    --> -1102.1289, 58.650163e-6
               </part>
               <part>
                  <!-- parent      --> "Root",
                  <!-- child       --> "Traffic22",
                  <!-- position    --> -409.84122, -0.41971785, -811.69043,
                  <!-- offset      --> 0, 0, 0,
                  <!-- orientation -->  -0.8313408500,   0.0511483960,  -0.5534042100,
                                         0.0443721750,   0.9986858400,   0.0256463070,
                                         0.5539887000,  -0.0032349264,  -0.8325178600,
                  <!-- axis        -->  -0.9997499600,  -0.0222278760,  -0.0024295938,
                  <!-- min, max    --> -1101.9767, 23.128339e-6
               </part>
               <part>
                  <!-- parent      --> "Root",
                  <!-- child       --> "Traffic23",
                  <!-- position    --> 737.00305, 151.29448, -1042.9353,
                  <!-- offset      --> 0, 0, 0,
                  <!-- orientation -->  -0.8460647500,   0.0451294820,  -0.5311664300,
                                         0.0410380210,   0.9989671100,   0.0195080990,
                                         0.5314981900,  -0.0052929041,  -0.8470429200,
                  <!-- axis        -->  -1.0000000000, -93.815544e-09,  263.42430e-06,
                  <!-- min, max    --> 0, 1080.2443
               </part>
               <part>
                  <!-- parent      --> "Root",
                  <!-- child       --> "Traffic24",
                  <!-- position    --> 744.45813, 108.52816, -1048.722,
                  <!-- offset      --> 0, 0, 0,
                  <!-- orientation -->  -0.8460647500,   0.0451294820,  -0.5311664300,
                                         0.0410380210,   0.9989671100,   0.0195080990,
                                         0.5314981900,  -0.0052929041,  -0.8470429200,
                  <!-- axis        -->  -1.0000000000, -44.434671e-09,  248.24010e-06,
                  <!-- min, max    --> 0, 1141.0099
               </part>
            </Pris>
            <Rev type="Rev" count="9">
               <part>
                  <!-- parent      --> "Root",
                  <!-- child       --> "Spin Thing-01",
                  <!-- position    --> 115.08501, -27.699987, -4.0108442,
                  <!-- offset      --> 0, 0, 0,
                  <!-- orientation -->   0.2334452700,  -0.9723699700, -1.0833461e-09,
                                       -21.055779e-09, -6.1691727e-09,   1.0000000000,
                                        -0.9723699700,  -0.2334452700, -21.914170e-09,
                  <!-- axis        -->   0.9729124900, -15.728254e-09,   0.2311735900,
                  <!-- min, max    --> -6.2831855, 6.2831855
               </part>
               <part>
                  <!-- parent      --> "Root",
                  <!-- child       --> "Spin Thing-02",
                  <!-- position    --> 119.85307, -27.699986, -22.394266,
                  <!-- offset      --> 0, 0, 0,
                  <!-- orientation -->   0.2334452700,  -0.9723699700, -1.0833461e-09,
                                       -21.055779e-09, -6.1691727e-09,   1.0000000000,
                                        -0.9723699700,  -0.2334452700, -21.914170e-09,
                  <!-- axis        -->   0.9733402700, -36.797051e-09,   0.2293658100,
                  <!-- min, max    --> -6.2831855, 6.2831855
               </part>
               <part>
                  <!-- parent      --> "Root",
                  <!-- child       --> "Spin Thing-03",
                  <!-- position    --> 116.12798, -27.700014, -63.592876,
                  <!-- offset      --> 0, 0, 0,
                  <!-- orientation -->   0.9743700600,   0.2249511200, -108.94722e-09,
                                        103.16275e-09,  37.468237e-09,   1.0000000000,
                                         0.2249511200,  -0.9743700600,  13.301349e-09,
                  <!-- axis        -->   0.9752230000,  25.682096e-09,   0.2212240100,
                  <!-- min, max    --> -6.2831855, 6.2831855
               </part>
               <part>
                  <!-- parent      --> "Root",
                  <!-- child       --> "Fan",
                  <!-- position    --> 15.360891, 3.151547, -106.71202,
                  <!-- offset      --> 0, 0, 0,
                  <!-- orientation -->   0.5000001200,   0.8660253300, -127.10539e-09,
                                       -52.933785e-09,  177.33002e-09,   1.0000000000,
                                         0.8660253300,  -0.5000001200,  134.50703e-09,
                  <!-- axis        -->   0.4437688300,  224.27523e-09,  -0.8961412900,
                  <!-- min, max    --> -6.2831855, 6.2831855
               </part>
               <part>
                  <!-- parent      --> "Root",
                  <!-- child       --> "Sat-01",
                  <!-- position    --> -0.69330949, 19.351435, -88.246201,
                  <!-- offset      --> 0, 0, 0,
                  <!-- orientation -->   1.0000000000,  51.575352e-09, -41.854712e-09,
                                        41.854701e-09,  178.81395e-09,   1.0000000000,
                                        51.575359e-09,  -1.0000000000,  178.81395e-09,
                  <!-- axis        -->  -0.0033438727,   0.9999944000,  175.06453e-09,
                  <!-- min, max    --> -6.2831855, 6.2831855
               </part>
               <part>
                  <!-- parent      --> "Root",
                  <!-- child       --> "Sat-02",
                  <!-- position    --> -16.639599, 19.541313, -66.738266,
                  <!-- offset      --> 0, 0, 0,
                  <!-- orientation -->   1.0000000000,  51.575359e-09, -41.854719e-09,
                                        41.854708e-09,  178.81395e-09,   1.0000000000,
                                        51.575366e-09,  -1.0000000000,  178.81395e-09,
                  <!-- axis        -->  -1.0000000000, -41.854694e-09, -51.575352e-09,
                  <!-- min, max    --> 0, 1.39626
               </part>
               <part>
                  <!-- parent      --> "Root",
                  <!-- child       --> "Weather-01",
                  <!-- position    --> 0.97661328, 1.8200024, -90.710312,
                  <!-- offset      --> 0, 0, 0,
                  <!-- orientation -->   0.9743700600,   0.2249511200, -108.94722e-09,
                                        103.16275e-09,  37.468237e-09,   1.0000000000,
                                         0.2249511200,  -0.9743700600,  13.301349e-09,
