<?xml version="1.0" encoding="ISO-8859-1"?>
<!-- XML generated by UTFXML Version 2.2 built 19-Aug-2010 -->
<UTFXML filename="rh_battleship_bar.cmp" path="BASES\RHEINLAND">
   <UTF_ROOT>
      <VMeshLibrary>
         <data.bases.rheinland.rh_battleship_bar.lod0-112.vms include="rh_battleship_bar_cmp\lod0-112.vms.xml"/>
      </VMeshLibrary>
      <Exporter_Version name="Exporter Version" type="text">Nov  5 2002 11:41:55</Exporter_Version>
      <Cmpnd>
         <Root>
            <Object_name name="Object name" type="text">Root</Object_name>
            <File_name name="File name" type="text">Root_bar021124184643.3db</File_name>
            <Index type="int">0</Index>
         </Root>
         <Part_Bar>
            <Object_name name="Object name" type="text">Bar</Object_name>
            <File_name name="File name" type="text">Bar021124184643.3db</File_name>
            <Index type="int">1</Index>
         </Part_Bar>
         <Part_Fan04>
            <Object_name name="Object name" type="text">Fan04</Object_name>
            <File_name name="File name" type="text">Fan04021124184643.3db</File_name>
            <Index type="int">2</Index>
         </Part_Fan04>
         <Part_Fan03>
            <Object_name name="Object name" type="text">Fan03</Object_name>
            <File_name name="File name" type="text">Fan03021124184643.3db</File_name>
            <Index type="int">3</Index>
         </Part_Fan03>
         <Part_Fan01>
            <Object_name name="Object name" type="text">Fan01</Object_name>
            <File_name name="File name" type="text">Fan01021124184643.3db</File_name>
            <Index type="int">4</Index>
         </Part_Fan01>
         <Part_Fan02>
            <Object_name name="Object name" type="text">Fan02</Object_name>
            <File_name name="File name" type="text">Fan02021124184643.3db</File_name>
            <Index type="int">5</Index>
         </Part_Fan02>
         <Part_MissionVendor>
            <Object_name name="Object name" type="text">MissionVendor</Object_name>
            <File_name name="File name" type="text">MissionVendor021124184643.3db</File_name>
            <Index type="int">6</Index>
         </Part_MissionVendor>
         <Part_cap>
            <Object_name name="Object name" type="text">cap</Object_name>
            <File_name name="File name" type="text">cap021124184643.3db</File_name>
            <Index type="int">7</Index>
         </Part_cap>
         <Part_NewsVendor>
            <Object_name name="Object name" type="text">NewsVendor</Object_name>
            <File_name name="File name" type="text">NewsVendor021124184643.3db</File_name>
            <Index type="int">8</Index>
         </Part_NewsVendor>
         <Cons>
            <Fix type="Fix" count="4">
               <part>
                  <!-- parent      --> "Root",
                  <!-- child       --> "Bar",
                  <!-- position    --> -0.062876634, 3.1293457, -0.013893258,
                  <!-- orientation -->   1.0000000000,  1.6887406e-15, -1.6887402e-15,
                                       -1.6887406e-15,   1.0000000000,  977.95544e-18,
                                        1.6887402e-15, -977.95544e-18,   1.0000000000
               </part>
               <part>
                  <!-- parent      --> "Root",
                  <!-- child       --> "MissionVendor",
                  <!-- position    --> -3.7509153, 2.1503265, 2.2797067,
                  <!-- orientation -->   1.0000000000,  1.6887406e-15, -1.6887402e-15,
                                       -1.6887406e-15,   1.0000000000,  977.95544e-18,
                                        1.6887402e-15, -977.95544e-18,   1.0000000000
               </part>
               <part>
                  <!-- parent      --> "Root",
                  <!-- child       --> "cap",
                  <!-- position    --> 0.085527405, 6.258831, -0.032384701,
                  <!-- orientation -->  119.20929e-09, -249.43722e-09,   1.0000000000,
                                       -117.28305e-09,   1.0000000000,  249.43722e-09,
                                        -1.0000000000, -117.28308e-09,  119.20926e-09
               </part>
               <part>
                  <!-- parent      --> "Root",
                  <!-- child       --> "NewsVendor",
                  <!-- position    --> -0.062879555, 3.1293459, -0.013906788,
                  <!-- orientation -->   1.0000000000,  1.6887406e-15, -1.6887402e-15,
                                       -1.6887406e-15,   1.0000000000,  977.95544e-18,
                                        1.6887402e-15, -977.95544e-18,   1.0000000000
               </part>
            </Fix>
            <Rev type="Rev" count="4">
               <part>
                  <!-- parent      --> "Root",
                  <!-- child       --> "Fan04",
                  <!-- position    --> -3.0243583, 4.5758824, 4.7549047,
                  <!-- offset      --> 0, 0, 0,
                  <!-- orientation -->  215.22200e-09,  -1.0000000000, -368.57816e-09,
                                       -510.90456e-09, -368.57827e-09,   1.0000000000,
                                        -1.0000000000, -215.22182e-09, -510.90461e-09,
                  <!-- axis        --> -168.57105e-09,  472.55864e-09,   1.0000000000,
                  <!-- min, max    --> -6.2831855, 6.2831855
               </part>
               <part>
                  <!-- parent      --> "Root",
                  <!-- child       --> "Fan03",
                  <!-- position    --> 3.0008876, 4.5758834, 4.7549047,
                  <!-- offset      --> 0, 0, 0,
                  <!-- orientation -->  215.22200e-09,  -1.0000000000, -368.57816e-09,
                                       -510.90456e-09, -368.57827e-09,   1.0000000000,
                                        -1.0000000000, -215.22182e-09, -510.90461e-09,
                  <!-- axis        --> -168.57105e-09,  472.55864e-09,   1.0000000000,
                  <!-- min, max    --> -6.2831855, 6.2831855
               </part>
               <part>
                  <!-- parent      --> "Root",
                  <!-- child       --> "Fan01",
                  <!-- position    --> -3.0203996, 4.5758796, -4.7685313,
                  <!-- offset      --> 0, 0, 0,
                  <!-- orientation -->  215.22200e-09,  -1.0000000000, -368.57816e-09,
                                       -510.90456e-09, -368.57827e-09,   1.0000000000,
                                        -1.0000000000, -215.22182e-09, -510.90461e-09,
                  <!-- axis        --> -168.57105e-09,  472.55864e-09,   1.0000000000,
                  <!-- min, max    --> -6.2831855, 6.2831855
               </part>
               <part>
                  <!-- parent      --> "Root",
                  <!-- child       --> "Fan02",
                  <!-- position    --> 3.0068002, 4.575881, -4.7685318,
                  <!-- offset      --> 0, 0, 0,
                  <!-- orientation -->  215.22200e-09,  -1.0000000000, -368.57816e-09,
                                       -510.90456e-09, -368.57827e-09,   1.0000000000,
                                        -1.0000000000, -215.22182e-09, -510.90461e-09,
                  <!-- axis        --> -168.57105e-09,  472.55864e-09,   1.0000000000,
                  <!-- min, max    --> -6.2831855, 6.2831855
               </part>
            </Rev>
         </Cons>
      </Cmpnd>
      <Animation>
         <Script>
            <Sc_rh_battleship_bar>
               <Joint_map_0 name="Joint map 0">
                  <Parent_name name="Parent name" type="text">Root</Parent_name>
                  <Child_name name="Child name" type="text">Fan04</Child_name>
                  <Channel>
                     <Header type="Header">
                        <!-- count    --> 4,
                        <!-- interval --> Explicit,
                        <!-- flags    --> 0x1
                     </Header>
                     <Frames type="Frames" count="4">
                          0.0000000000:   0.0000000000
                          4.9333334000:   3.1100755000
                          5.0000000000:  -3.1310799000
                          9.9333334000:  -0.0210100000
                     </Frames>
                  </Channel>
               </Joint_map_0>
               <Joint_map_1 name="Joint map 1">
                  <Parent_name name="Parent name" type="text">Root</Parent_name>
                  <Child_name name="Child name" type="text">Fan03</Child_name>
                  <Channel>
                     <Header type="Header">
                        <!-- count    --> 4,
                        <!-- interval --> Explicit,
                        <!-- flags    --> 0x1
                     </Header>
                     <Frames type="Frames" count="4">
                          0.0000000000:   0.0000000000
                          4.9333334000:   3.1100755000
                          5.0000000000:  -3.1310799000
                          9.9333334000:  -0.0210100000
                     </Frames>
                  </Channel>
               </Joint_map_1>
               <Joint_map_2 name="Joint map 2">
                  <Parent_name name="Parent name" type="text">Root</Parent_name>
                  <Child_name name="Child name" type="text">Fan01</Child_name>
                  <Channel>
                     <Header type="Header">
                        <!-- count    --> 4,
                        <!-- interval --> Explicit,
                        <!-- flags    --> 0x1
                     </Header>
                     <Frames type="Frames" count="4">
                          0.0000000000:   0.0000000000
                          4.9333334000:   3.1100755000
                          5.0000000000:  -3.1310799000
                          9.9333334000:  -0.0210100000
                     </Frames>
                  </Channel>
               </Joint_map_2>
               <Joint_map_3 name="Joint map 3">
                  <Parent_name name="Parent name" type="text">Root</Parent_name>
                  <Child_name name="Child name" type="text">Fan02</Child_name>
                  <Channel>
                     <Header type="Header">
                        <!-- count    --> 4,
                        <!-- interval --> Explicit,
                        <!-- flags    --> 0x1
                     </Header>
                     <Frames type="Frames" count="4">
                          0.0000000000:   0.0000000000
                          4.9333334000:   3.1100755000
                          5.0000000000:  -3.1310799000
                          9.9333334000:  -0.0210100000
                     </Frames>
                  </Channel>
               </Joint_map_3>
            </Sc_rh_battleship_bar>
         </Script>
      </Animation>
      <Material_library name="Material library">
         <Material_count name="Material count" type="int">28</Material_count>
         <RhSh_b_14.tga021124184643>
            <Dt_name type="text">rhsh_b_14.tga021124184643</Dt_name>
            <Ec type="RGB">0.25, 0.25, 0.25</Ec>
            <Dm0_name type="text">rhbatbardtl3</Dm0_name>
            <Dm1_name type="text">rhbatbardtl3</Dm1_name>
            <Dm0_flags type="int">0x40</Dm0_flags>
            <Dm1_flags type="int">0x40</Dm1_flags>
            <TileRate1 type="float">2</TileRate1>
            <TileRate0 type="float">2</TileRate0>
            <Type type="text">Masked2DetailMapMaterial</Type>
            <Dt_flags type="int">0x40</Dt_flags>
         </RhSh_b_14.tga021124184643>
         <RhSh_b_16.TGA021124184643>
            <Dt_name type="text">rhsh_b_16.tga021124184643</Dt_name>
            <Ec type="RGB">0.25, 0.25, 0.25</Ec>
            <Dm0_name type="text">rhbatbardtl3</Dm0_name>
            <Dm1_name type="text">rhbatbardtl3</Dm1_name>
            <Dm0_flags type="int">0x40</Dm0_flags>
            <Dm1_flags type="int">0x40</Dm1_flags>
            <TileRate1 type="float">2</TileRate1>
            <TileRate0 type="float">2</TileRate0>
            <Type type="text">Masked2DetailMapMaterial</Type>
            <Dt_flags type="int">0x40</Dt_flags>
         </RhSh_b_16.TGA021124184643>
         <RhSh_b_15.tga021124184643>
            <Dt_name type="text">rhsh_b_15.tga021124184643</Dt_name>
            <Ec type="RGB">0.25, 0.25, 0.25</Ec>
            <Dm0_name type="text">rhbatbardtl3</Dm0_name>
            <Dm1_name type="text">rhbatbardtl3</Dm1_name>
            <Dm0_flags type="int">0x40</Dm0_flags>
            <Dm1_flags type="int">0x40</Dm1_flags>
            <TileRate1 type="float">2</TileRate1>
            <TileRate0 type="float">2</TileRate0>
            <Type type="text">Masked2DetailMapMaterial</Type>
            <Dt_flags type="int">0x40</Dt_flags>
         </RhSh_b_15.tga021124184643>
         <RhSh_b_06.TGA021124184643>
            <Dt_name type="text">rhsh_b_06.tga021124184643</Dt_name>
            <Ec type="RGB">0.9, 0.9, 0.9</Ec>
            <Dm0_name type="text">rhbatbardtl2</Dm0_name>
            <Dm1_name type="text">rhbatbardtl2</Dm1_name>
            <Dm0_flags type="int">0x40</Dm0_flags>
            <Dm1_flags type="int">0x40</Dm1_flags>
            <TileRate1 type="float">2</TileRate1>
            <TileRate0 type="float">2</TileRate0>
            <Type type="text">Masked2DetailMapMaterial</Type>
            <Dt_flags type="int">0x40</Dt_flags>
         </RhSh_b_06.TGA021124184643>
         <RhSh_b_19.tga021124184643>
            <Dt_name type="text">rhsh_b_19.tga021124184643</Dt_name>
            <Dm0_name type="text">rhbatbardtl1</Dm0_name>
            <Dm1_name type="text">rhbatbardtl1</Dm1_name>
            <Dm0_flags type="int">0x40</Dm0_flags>
            <Dm1_flags type="int">0x40</Dm1_flags>
            <TileRate1 type="float">2</TileRate1>
            <TileRate0 type="float">2</TileRate0>
            <Type type="text">Masked2DetailMapMaterial</Type>
            <Dt_flags type="int">0x40</Dt_flags>
         </RhSh_b_19.tga021124184643>
         <RhSh_b_20.tga021124184643>
            <Dt_name type="text">rhsh_b_20.tga021124184643</Dt_name>
            <Dm0_name type="text">rhbatbardtl1</Dm0_name>
            <Dm1_name type="text">rhbatbardtl1</Dm1_name>
            <Dm0_flags type="int">0x40</Dm0_flags>
            <Dm1_flags type="int">0x40</Dm1_flags>
            <TileRate1 type="float">2</TileRate1>
            <TileRate0 type="float">2</TileRate0>
            <Type type="text">Masked2DetailMapMaterial</Type>
            <Dt_flags type="int">0x40</Dt_flags>
         </RhSh_b_20.tga021124184643>
         <RhSh_b_12.tga021124184643>
            <Dt_name type="text">rhsh_b_12.tga021124184643</Dt_name>
            <Dm0_name type="text">rhbatbardtl1</Dm0_name>
            <Dm1_name type="text">rhbatbardtl1</Dm1_name>
            <Dm0_flags type="int">0x40</Dm0_flags>
            <Dm1_flags type="int">0x40</Dm1_flags>
            <TileRate1 type="float">2</TileRate1>
            <TileRate0 type="float">2</TileRate0>
            <Type type="text">Masked2DetailMapMaterial</Type>
            <Dt_flags type="int">0x40</Dt_flags>
         </RhSh_b_12.tga021124184643>
         <RhSh_b_01.TGA021124184643>
            <Dt_name type="text">rhsh_b_01.tga021124184643</Dt_name>
            <Dm0_name type="text">rhbatbardtl1</Dm0_name>
            <Dm1_name type="text">rhbatbardtl1</Dm1_name>
            <Dm0_flags type="int">0x40</Dm0_flags>
            <Dm1_flags type="int">0x40</Dm1_flags>
            <TileRate1 type="float">2</TileRate1>
            <TileRate0 type="float">2</TileRate0>
            <Type type="text">Masked2DetailMapMaterial</Type>
            <Dt_flags type="int">0x40</Dt_flags>
         </RhSh_b_01.TGA021124184643>
         <RhSh_b_02.tga021124184643>
            <Dt_name type="text">rhsh_b_02.tga021124184643</Dt_name>
            <Dm0_name type="text">rhbatbardtl1</Dm0_name>
            <Dm1_name type="text">rhbatbardtl1</Dm1_name>
            <Dm0_flags type="int">0x40</Dm0_flags>
            <Dm1_flags type="int">0x40</Dm1_flags>
            <TileRate1 type="float">2</TileRate1>
            <TileRate0 type="float">2</TileRate0>
            <Type type="text">Masked2DetailMapMaterial</Type>
            <Dt_flags type="int">0x40</Dt_flags>
         </RhSh_b_02.tga021124184643>
         <RhSh_b_17.tga021124184643>
            <Dt_name type="text">rhsh_b_17.tga021124184643</Dt_name>
            <Ec type="RGB">0.9, 0.9, 0.9</Ec>
            <Dm0_name type="text">rhbatbardtl2</Dm0_name>
            <Dm1_name type="text">rhbatbardtl2</Dm1_name>
            <Dm0_flags type="int">0x40</Dm0_flags>
            <Dm1_flags type="int">0x40</Dm1_flags>
            <TileRate1 type="float">2</TileRate1>
            <TileRate0 type="float">2</TileRate0>
            <Type type="text">Masked2DetailMapMaterial</Type>
            <Dt_flags type="int">0x40</Dt_flags>
         </RhSh_b_17.tga021124184643>
         <RhSh_b_04.tga021124184643>
            <Dt_name type="text">rhsh_b_04.tga021124184643</Dt_name>
            <Ec type="RGB">0.9, 0.9, 0.9</Ec>
            <Dm0_name type="text">rhbatbardtl2</Dm0_name>
            <Dm1_name type="text">rhbatbardtl2</Dm1_name>
            <Dm0_flags type="int">0x40</Dm0_flags>
            <Dm1_flags type="int">0x40</Dm1_flags>
            <TileRate1 type="float">2</TileRate1>
            <TileRate0 type="float">2</TileRate0>
            <Type type="text">Masked2DetailMapMaterial</Type>
            <Dt_flags type="int">0x40</Dt_flags>
         </RhSh_b_04.tga021124184643>
         <RhSh_b_13.tga021124184643>
            <Dt_name type="text">rhsh_b_13.tga021124184643rhsh_b_13op.tga</Dt_name>
            <Ec type="RGB">0.4, 0.4, 0.4</Ec>
            <Dm0_name type="text">rhbatbardtl1</Dm0_name>
            <Dm1_name type="text">rhbatbardtl1</Dm1_name>
            <Dm0_flags type="int">0x40</Dm0_flags>
            <Dm1_flags type="int">0x40</Dm1_flags>
            <TileRate1 type="float">2</TileRate1>
            <TileRate0 type="float">2</TileRate0>
            <Type type="text">Masked2DetailMapMaterial</Type>
            <Dt_flags type="int">0x40</Dt_flags>
         </RhSh_b_13.tga021124184643>
         <RhSh_b_08.tga021124184643>
            <Dt_name type="text">rhsh_b_08.tga021124184643</Dt_name>
            <Ec type="RGB">0.4, 0.4, 0.4</Ec>
            <Dm0_name type="text">rhbatbardtl1</Dm0_name>
            <Dm1_name type="text">rhbatbardtl1</Dm1_name>
            <Dm0_flags type="int">0x40</Dm0_flags>
            <Dm1_flags type="int">0x40</Dm1_flags>
            <TileRate1 type="float">2</TileRate1>
            <TileRate0 type="float">2</TileRate0>
            <Type type="text">Masked2DetailMapMaterial</Type>
            <Dt_flags type="int">0x40</Dt_flags>
         </RhSh_b_08.tga021124184643>
         <RhSh_b_18.tga021124184643>
            <Dt_name type="text">rhsh_b_18.tga021124184643</Dt_name>
            <Ec type="RGB">0.4, 0.4, 0.4</Ec>
            <Dm0_name type="text">rhbatbardtl1</Dm0_name>
            <Dm1_name type="text">rhbatbardtl1</Dm1_name>
            <Dm0_flags type="int">0x40</Dm0_flags>
            <Dm1_flags type="int">0x40</Dm1_flags>
            <TileRate1 type="float">2</TileRate1>
            <TileRate0 type="float">2</TileRate0>
            <Type type="text">Masked2DetailMapMaterial</Type>
            <Dt_flags type="int">0x40</Dt_flags>
         </RhSh_b_18.tga021124184643>
         <RhSh_b_05.TGA021124184643>
            <Dt_name type="text">rhsh_b_05.tga021124184643</Dt_name>
            <Ec type="RGB">0.3, 0.3, 0.3</Ec>
            <Dm0_name type="text">rhbatbardtl1</Dm0_name>
            <Dm1_name type="text">rhbatbardtl1</Dm1_name>
            <Dm0_flags type="int">0x40</Dm0_flags>
            <Dm1_flags type="int">0x40</Dm1_flags>
            <TileRate1 type="float">2</TileRate1>
            <TileRate0 type="float">2</TileRate0>
            <Type type="text">Masked2DetailMapMaterial</Type>
            <Dt_flags type="int">0x40</Dt_flags>
         </RhSh_b_05.TGA021124184643>
         <RhSh_b_09.tga021124184643>
            <Dt_name type="text">rhsh_b_09.tga021124184643</Dt_name>
            <Dm0_name type="text">rhbatbardtl1</Dm0_name>
            <Dm1_name type="text">rhbatbardtl1</Dm1_name>
            <Dm0_flags type="int">0x40</Dm0_flags>
            <Dm1_flags type="int">0x40</Dm1_flags>
            <TileRate1 type="float">2</TileRate1>
            <TileRate0 type="float">2</TileRate0>
            <Type type="text">Masked2DetailMapMaterial</Type>
            <Dt_flags type="int">0x40</Dt_flags>
         </RhSh_b_09.tga021124184643>
         <News_031021124184643>
            <Type type="text">DcDtEc</Type>
            <Dt_name type="text">news_031.tga021124184643</Dt_name>
            <Dt_flags type="int">0x40</Dt_flags>
            <Ec type="RGB">1, 1, 1</Ec>
         </News_031021124184643>
         <News_01021124184643>
            <Type type="text">DcDtEc</Type>
            <Dt_name type="text">rh_barnews.tga021124184643</Dt_name>
            <Dt_flags type="int">0x40</Dt_flags>
            <Ec type="RGB">1, 1, 1</Ec>
         </News_01021124184643>
         <News_02021124184643>
            <Type type="text">DcDtEc</Type>
            <Dt_name type="text">news_02.tga021124184643</Dt_name>
            <Dt_flags type="int">0x40</Dt_flags>
            <Ec type="RGB">1, 1, 1</Ec>
         </News_02021124184643>
         <RhSh_b_03.TGA021124184643>
            <Dt_name type="text">rhsh_b_03.tga021124184643</Dt_name>
            <Ec type="RGB">0.3, 0.3, 0.3</Ec>
            <Dm0_name type="text">rhbatbardtl1</Dm0_name>
            <Dm1_name type="text">rhbatbardtl1</Dm1_name>
            <Dm0_flags type="int">0x40</Dm0_flags>
            <Dm1_flags type="int">0x40</Dm1_flags>
            <TileRate1 type="float">2</TileRate1>
            <TileRate0 type="float">2</TileRate0>
            <Type type="text">Masked2DetailMapMaterial</Type>
            <Dt_flags type="int">0x40</Dt_flags>
         </RhSh_b_03.TGA021124184643>
         <RhSh_b_07.tga021124184643>
            <Dt_name type="text">rhsh_b_07.tga021124184643</Dt_name>
            <Dm0_name type="text">rhbatbardtl1</Dm0_name>
            <Dm1_name type="text">rhbatbardtl1</Dm1_name>
            <Dm0_flags type="int">0x40</Dm0_flags>
            <Dm1_flags type="int">0x40</Dm1_flags>
            <TileRate1 type="float">2</TileRate1>
            <TileRate0 type="float">2</TileRate0>
            <Type type="text">Masked2DetailMapMaterial</Type>
            <Dt_flags type="int">0x40</Dt_flags>
         </RhSh_b_07.tga021124184643>
         <RhSh_b_10.TGA021124184643>
            <Dt_name type="text">rhsh_b_10.tga021124184643</Dt_name>
            <Ec type="RGB">0.9, 0.9, 0.9</Ec>
            <Dm0_name type="text">rhbatbardtl1</Dm0_name>
            <Dm1_name type="text">rhbatbardtl1</Dm1_name>
            <Dm0_flags type="int">0x40</Dm0_flags>
            <Dm1_flags type="int">0x40</Dm1_flags>
            <TileRate1 type="float">2</TileRate1>
            <TileRate0 type="float">2</TileRate0>
            <Type type="text">Masked2DetailMapMaterial</Type>
            <Dt_flags type="int">0x40</Dt_flags>
         </RhSh_b_10.TGA021124184643>
         <RhSh_b_11.tga021124184643>
            <Dt_name type="text">rhsh_b_11.tga021124184643</Dt_name>
            <Ec type="RGB">0.3, 0.3, 0.3</Ec>
            <Dm0_name type="text">rhbatbardtl1</Dm0_name>
            <Dm1_name type="text">rhbatbardtl1</Dm1_name>
            <Dm0_flags type="int">0x40</Dm0_flags>
            <Dm1_flags type="int">0x40</Dm1_flags>
            <TileRate1 type="float">2</TileRate1>
            <TileRate0 type="float">2</TileRate0>
            <Type type="text">Masked2DetailMapMaterial</Type>
            <Dt_flags type="int">0x40</Dt_flags>
         </RhSh_b_11.tga021124184643>
         <Exit_01.avi021124184643>
            <Type type="text">DcDtEc</Type>
            <Dt_name type="text">exit_01.tga021124184643</Dt_name>
            <Dt_flags type="int">0x40</Dt_flags>
            <Ec type="RGB">0.68, 0.68, 0.68</Ec>
         </Exit_01.avi021124184643>
         <FAN021124184643>
            <Type type="text">DcDt</Type>
            <Dt_name type="text">rhsh_b_08.tga021124184643</Dt_name>
            <Dt_flags type="int">0x40</Dt_flags>
         </FAN021124184643>
         <Mission_01.avi021124184643>
            <Type type="text">DcDtEc</Type>
            <Dt_name type="text">rh_bar_mission.tga021124184643</Dt_name>
            <Dt_flags type="int">0x40</Dt_flags>
            <Ec type="RGB">1, 1, 1</Ec>
         </Mission_01.avi021124184643>
         <Material__206021124184643 name="Material #206021124184643">
            <Type type="text">DcDt</Type>
            <Dt_name type="text">ceiling_cap.tga021124184643</Dt_name>
            <Dt_flags type="int">0x40</Dt_flags>
         </Material__206021124184643>
         <RhSh_b_21.tga021124184643>
            <Type type="text">DcDtEcOcOt</Type>
            <Dt_name type="text">rhsh_b_21.tga021124184643rhsh_b_21op.tga</Dt_name>
            <Dt_flags type="int">0x40</Dt_flags>
            <Ec type="RGB">1, 1, 1</Ec>
         </RhSh_b_21.tga021124184643>
      </Material_library>
      <Texture_library name="Texture library">
         <ceiling_cap.tga021124184643>
            <MIPS type="file" filename="rh_battleship_bar_cmp\ceiling_cap.dds"/>
         </ceiling_cap.tga021124184643>
         <rh_bar_mission.tga021124184643>
            <MIPS type="file" filename="rh_battleship_bar_cmp\rh_bar_mission.dds"/>
         </rh_bar_mission.tga021124184643>
         <exit_01.tga021124184643>
            <MIPS type="file" filename="rh_battleship_bar_cmp\exit_01.dds"/>
         </exit_01.tga021124184643>
         <rhsh_b_11.tga021124184643>
            <MIPS type="file" filename="rh_battleship_bar_cmp\rhsh_b_11.dds"/>
         </rhsh_b_11.tga021124184643>
         <rhsh_b_10.tga021124184643>
            <MIPS type="file" filename="rh_battleship_bar_cmp\rhsh_b_10.dds"/>
         </rhsh_b_10.tga021124184643>
         <rhsh_b_07.tga021124184643>
            <MIPS type="file" filename="rh_battleship_bar_cmp\rhsh_b_07.dds"/>
         </rhsh_b_07.tga021124184643>
         <rhsh_b_03.tga021124184643>
            <MIPS type="file" filename="rh_battleship_bar_cmp\rhsh_b_03.dds"/>
         </rhsh_b_03.tga021124184643>
         <news_02.tga021124184643>
            <MIPS type="file" filename="rh_battleship_bar_cmp\news_02.dds"/>
         </news_02.tga021124184643>
         <rh_barnews.tga021124184643>
            <MIPS type="file" filename="rh_battleship_bar_cmp\rh_barnews.dds"/>
         </rh_barnews.tga021124184643>
         <news_031.tga021124184643>
            <MIPS type="file" filename="rh_battleship_bar_cmp\news_031.dds"/>
         </news_031.tga021124184643>
         <rhsh_b_09.tga021124184643>
            <MIPS type="file" filename="rh_battleship_bar_cmp\rhsh_b_09.dds"/>
         </rhsh_b_09.tga021124184643>
         <rhsh_b_05.tga021124184643>
            <MIPS type="file" filename="rh_battleship_bar_cmp\rhsh_b_05.dds"/>
         </rhsh_b_05.tga021124184643>
         <rhsh_b_18.tga021124184643>
            <MIPS type="file" filename="rh_battleship_bar_cmp\rhsh_b_18.dds"/>
         </rhsh_b_18.tga021124184643>
         <rhsh_b_08.tga021124184643>
            <MIPS type="file" filename="rh_battleship_bar_cmp\rhsh_b_08.dds"/>
         </rhsh_b_08.tga021124184643>
         <rhsh_b_13.tga021124184643rhsh_b_13op.tga>
            <MIPS type="file" filename="rh_battleship_bar_cmp\rhsh_b_13.tga021124184643rhsh_b_13op.dds"/>
         </rhsh_b_13.tga021124184643rhsh_b_13op.tga>
         <rhsh_b_04.tga021124184643>
            <MIPS type="file" filename="rh_battleship_bar_cmp\rhsh_b_04.dds"/>
         </rhsh_b_04.tga021124184643>
         <rhsh_b_17.tga021124184643>
            <MIPS type="file" filename="rh_battleship_bar_cmp\rhsh_b_17.dds"/>
         </rhsh_b_17.tga021124184643>
         <rhsh_b_21.tga021124184643rhsh_b_21op.tga>
            <MIPS type="file" filename="rh_battleship_bar_cmp\rhsh_b_21.tga021124184643rhsh_b_21op.dds"/>
         </rhsh_b_21.tga021124184643rhsh_b_21op.tga>
         <rhsh_b_02.tga021124184643>
            <MIPS type="file" filename="rh_battleship_bar_cmp\rhsh_b_02.dds"/>
         </rhsh_b_02.tga021124184643>
         <rhsh_b_01.tga021124184643>
            <MIPS type="file" filename="rh_battleship_bar_cmp\rhsh_b_01.dds"/>
         </rhsh_b_01.tga021124184643>
         <rhsh_b_12.tga021124184643>
            <MIPS type="file" filename="rh_battleship_bar_cmp\rhsh_b_12.dds"/>
         </rhsh_b_12.tga021124184643>
         <rhsh_b_20.tga021124184643>
            <MIPS type="file" filename="rh_battleship_bar_cmp\rhsh_b_20.dds"/>
         </rhsh_b_20.tga021124184643>
         <rhsh_b_19.tga021124184643>
            <MIPS type="file" filename="rh_battleship_bar_cmp\rhsh_b_19.dds"/>
         </rhsh_b_19.tga021124184643>
         <rhsh_b_06.tga021124184643>
            <MIPS type="file" filename="rh_battleship_bar_cmp\rhsh_b_06.dds"/>
         </rhsh_b_06.tga021124184643>
         <rhsh_b_15.tga021124184643>
            <MIPS type="file" filename="rh_battleship_bar_cmp\rhsh_b_15.dds"/>
         </rhsh_b_15.tga021124184643>
         <rhsh_b_16.tga021124184643>
            <MIPS type="file" filename="rh_battleship_bar_cmp\rhsh_b_16.dds"/>
         </rhsh_b_16.tga021124184643>
         <rhsh_b_14.tga021124184643>
            <MIPS type="file" filename="rh_battleship_bar_cmp\rhsh_b_14.dds"/>
         </rhsh_b_14.tga021124184643>
         <rhbatbardtl1>
            <MIPS type="file" filename="rh_battleship_bar_cmp\rhbatbardtl1.dds"/>
         </rhbatbardtl1>
         <rhbatbardtl2>
            <MIPS type="file" filename="rh_battleship_bar_cmp\rhbatbardtl2.dds"/>
         </rhbatbardtl2>
         <rhbatbardtl3>
            <MIPS type="file" filename="rh_battleship_bar_cmp\rhbatbardtl3.dds"/>
         </rhbatbardtl3>
      </Texture_library>
      <Root_bar021124184643.3db>
         <VMeshPart>
            <VMeshRef type="VMeshRef">
               <!-- header size  --> 60,
               <!-- vmesh lib    --> data.bases.rheinland.rh_battleship_bar.lod0-112.vms,
               <!-- start vert   --> 0,
               <!-- num verts    --> 86,
               <!-- start index  --> 0,
               <!-- num indices  --> 234,
               <!-- start mesh   --> 0,
               <!-- num meshes   --> 3,
               <!-- bounding box -->  5.5361376,    8.8457455e-6,  4.5432796,
                                     -5.5361366,  -20.098327e-6,  -4.5432739,
               <!-- center       --> -0.13393795,  -6.2548488e-6, -0.12785046,
               <!-- radius       --> 6.4704466
            </VMeshRef>
         </VMeshPart>
         <VMeshWire include="rh_battleship_bar_cmp\Root_bar.vwd.xml"/>
         <Hardpoints>
            <Fixed>
               <HpBarman>
                  <Position type="Vector">0.13195166, 0.0010775403, -2.1165881</Position>
                  <Orientation type="Matrix">
                      -0.9961947200,  1.2788679e-09,  -0.0871556250,
                     -9.8691642e-09,   1.0000000000,  127.47860e-09,
                       0.0871556250,  127.85367e-09,  -0.9961947200
                  </Orientation>
               </HpBarman>
               <HpBarProp01>
                  <Position type="Vector">-0.97097147, 1.2228757, -1.8850212</Position>
                  <Orientation type="Matrix">
                      -0.6427873400, -43.283020e-09,   0.7660446800,
                      128.76109e-09,   1.0000000000,  164.54526e-09,
                      -0.7660446800,  204.40436e-09,  -0.6427873400
                  </Orientation>
               </HpBarProp01>
               <HpBarProp02>
                  <Position type="Vector">0.93065006, 1.222876, -2.0659811</Position>
                  <Orientation type="Matrix">
                      -0.9063080500, -1.4361328e-09,  -0.4226177600,
                     -48.731319e-09,   1.0000000000,  101.10662e-09,
                       0.4226177600,  112.22846e-09,  -0.9063080500
                  </Orientation>
               </HpBarProp02>
               <HpBarProp03>
                  <Position type="Vector">1.2108102, 1.222876, -1.9079747</Position>
                  <Orientation type="Matrix">
                      -0.8191523000, -6.8335306e-09,  -0.5735760900,
                     -42.638781e-09,   1.0000000000,  48.980642e-09,
                       0.5735760900,  64.579190e-09,  -0.8191523000
                  </Orientation>
               </HpBarProp03>
               <HpCharacter01>
                  <Position type="Vector">-1.8320186, -602.5224e-6, -1.2801754</Position>
                  <Orientation type="Matrix">
                       0.7660442600, -103.35785e-09,  -0.6427878100,
                      71.552115e-09,   1.0000000000, -75.523772e-09,
                       0.6427878100,  11.861724e-09,   0.7660442600
                  </Orientation>
               </HpCharacter01>
               <HpCharacter02>
                  <Position type="Vector">-0.67389458, -0.0011574497, -0.84214646</Position>
                  <Orientation type="Matrix">
                       0.8191519400, -111.96565e-09,  -0.5735766300,
                      81.142915e-09,   1.0000000000, -79.322056e-09,
                       0.5735766300,  18.435136e-09,   0.8191519400
                  </Orientation>
               </HpCharacter02>
               <HpCharacter04>
                  <Position type="Vector">-0.74164551, -602.85354e-6, 1.527723</Position>
                  <Orientation type="Matrix">
                      297.74688e-09, -133.97086e-09,   1.0000000000,
                      202.12565e-09,   1.0000000000,  133.97080e-09,
                      -1.0000000000,  202.12561e-09,  297.74691e-09
                  </Orientation>
               </HpCharacter04>
               <HpCharacter05>
                  <Position type="Vector">1.2564828, 0.0011048142, -0.6870892</Position>
                  <Orientation type="Matrix">
                       0.8660255100, -207.91497e-09,   0.4999997600,
                      229.54924e-09,   1.0000000000,  18.238916e-09,
                      -0.4999997600,  98.979207e-09,   0.8660255100
                  </Orientation>
               </HpCharacter05>
               <HpCharacter06>
                  <Position type="Vector">-3.2186592, 0.0016597776, -0.18991791</Position>
                  <Orientation type="Matrix">
                      -0.7071069500, -3.7092978e-09,  -0.7071066500,
                     -55.387506e-09,   1.0000000000,  50.141789e-09,
                       0.7071066500,  74.620480e-09,  -0.7071069500
                  </Orientation>
               </HpCharacter06>
               <HpCharacter07>
                  <Position type="Vector">-3.0055456, -0.0053164074, 0.10859074</Position>
                  <Orientation type="Matrix">
                       0.9063080500, -197.12846e-09,   0.4226177600,
                      219.59170e-09,   1.0000000000, -4.4703401e-09,
                      -0.4226177600,  96.854841e-09,   0.9063080500
                  </Orientation>
               </HpCharacter07>
               <HpCharacter08>
                  <Position type="Vector">1.8262782, -949.41742e-6, -1.7356068</Position>
                  <Orientation type="Matrix">
                       0.4226185100, -175.07531e-09,   0.9063076400,
                      226.42195e-09,   1.0000000000,  87.591879e-09,
                      -0.9063076400,  168.19000e-09,   0.4226185100
                  </Orientation>
               </HpCharacter08>
               <HpCharacter09>
                  <Position type="Vector">-2.5755887, 0.0018808555, -2.728986</Position>
                  <Orientation type="Matrix">
                       0.0871554170, -53.493299e-09,  -0.9961947200,
                     -9.4287991e-09,   1.0000000000, -54.522545e-09,
                       0.9961947200,  14.144855e-09,   0.0871554170
                  </Orientation>
               </HpCharacter09>
               <HpCharacter10>
                  <Position type="Vector">0.767371, 972.71719e-6, 2.2425983</Position>
                  <Orientation type="Matrix">
                     -286.55666e-09, -37.176800e-09,  -1.0000000000,
                     -28.861999e-09,   1.0000000000, -37.176793e-09,
                       1.0000000000,  28.861988e-09, -286.55666e-09
                  </Orientation>
               </HpCharacter10>
               <HpCharacter11>
                  <Position type="Vector">-2.4823623, 972.47376e-6, 1.515849</Position>
                  <Orientation type="Matrix">
                     -371.90105e-09, -47.065271e-09,  -1.0000000000,
                     -43.133777e-09,   1.0000000000, -47.065253e-09,
                       1.0000000000,  43.133760e-09, -371.90105e-09
                  </Orientation>
               </HpCharacter11>
               <HpCharacter12>
                  <Position type="Vector">-0.36055195, -354.066e-6, -0.57055527</Position>
                  <Orientation type="Matrix">
                       0.9848076700, -159.99900e-09,  -0.1736484800,
                      151.26949e-09,   1.0000000000, -63.505489e-09,
                       0.1736484800,  36.272979e-09,   0.9848076700
                  </Orientation>
               </HpCharacter12>
               <HpCharacter13>
                  <Position type="Vector">1.6358569, -167.90451e-6, -1.1042014</Position>
                  <Orientation type="Matrix">
                       0.5735768700, -173.97846e-09,   0.8191517600,
                      222.63546e-09,   1.0000000000,  56.497356e-09,
                      -0.8191517600,  149.96665e-09,   0.5735768700
                  </Orientation>
               </HpCharacter13>
               <HpCharacter14>
                  <Position type="Vector">0.76858437, 0.0021963788, 1.5124741</Position>
                  <Orientation type="Matrix">
                     -216.52447e-09, -47.046857e-09,  -1.0000000000,
                     -18.534807e-09,   1.0000000000, -47.046854e-09,
                       1.0000000000,  18.534797e-09, -216.52447e-09
                  </Orientation>
               </HpCharacter14>
               <HpCharacter15>
                  <Position type="Vector">-0.7471965, 0.0021962069, 2.2547612</Position>
                  <Orientation type="Matrix">
                      298.10283e-09, -129.02218e-09,   1.0000000000,
                      182.53874e-09,   1.0000000000,  129.02213e-09,
                      -1.0000000000,  182.53870e-09,  298.10286e-09
                  </Orientation>
               </HpCharacter15>
               <HpMVend>
                  <Position type="Vector">-3.6505475, 2.145617, 2.2748425</Position>
                  <Orientation type="Matrix">
                     -357.62793e-09, -44.475605e-09,  -1.0000000000,
                     -9.5690895e-09,   1.0000000000, -44.475602e-09,
                       1.0000000000,  9.5690735e-09, -357.62793e-09
                  </Orientation>
               </HpMVend>
               <HpPlayer>
                  <Position type="Vector">-0.45415255, -0.0053158849, 0.26492953</Position>
                  <Orientation type="Matrix">
                      -0.5735765700, -18.642179e-09,  -0.8191519400,
                     -54.561792e-09,   1.0000000000,  15.446689e-09,
                       0.8191519400,  53.554256e-09,  -0.5735765700
                  </Orientation>
               </HpPlayer>
               <HpPlayer02>
                  <Position type="Vector">-3.2840917, -0.0029160602, -2.8213282</Position>
                  <Orientation type="Matrix">
                      -0.7071064100, -56.904163e-09,   0.7071071900,
                      96.955610e-09,   1.0000000000,  177.43010e-09,
                      -0.7071071900,  194.01996e-09,  -0.7071064100
