<?xml version="1.0" encoding="ISO-8859-1"?>
<!-- XML generated by UTFXML Version 2.2 built 19-Aug-2010 -->
<UTFXML filename="rh_berlin_equip.cmp" path="BASES\RHEINLAND">
   <UTF_ROOT>
      <VMeshLibrary>
         <data.bases.rheinland.rh_berlin_equip.lod0-112.vms include="rh_berlin_equip_cmp\lod0-112.vms.xml"/>
         <data.bases.rheinland.rh_berlin_equip.lod0-212.vms include="rh_berlin_equip_cmp\lod0-212.vms.xml"/>
      </VMeshLibrary>
      <Exporter_Version name="Exporter Version" type="text">Nov  5 2002 11:41:55</Exporter_Version>
      <Cmpnd>
         <Root>
            <Object_name name="Object name" type="text">Root</Object_name>
            <File_name name="File name" type="text">Root_equip021120171804.3db</File_name>
            <Index type="int">0</Index>
         </Root>
         <Part_Ark-01>
            <Object_name name="Object name" type="text">Ark-01</Object_name>
            <File_name name="File name" type="text">Ark-01021120171804.3db</File_name>
            <Index type="int">1</Index>
         </Part_Ark-01>
         <Part_Ark-07>
            <Object_name name="Object name" type="text">Ark-07</Object_name>
            <File_name name="File name" type="text">Ark-07021120171804.3db</File_name>
            <Index type="int">2</Index>
         </Part_Ark-07>
         <Part_Ark-08>
            <Object_name name="Object name" type="text">Ark-08</Object_name>
            <File_name name="File name" type="text">Ark-08021120171804.3db</File_name>
            <Index type="int">3</Index>
         </Part_Ark-08>
         <Part_Ark-09>
            <Object_name name="Object name" type="text">Ark-09</Object_name>
            <File_name name="File name" type="text">Ark-09021120171804.3db</File_name>
            <Index type="int">4</Index>
         </Part_Ark-09>
         <Part_Bolt-01>
            <Object_name name="Object name" type="text">Bolt-01</Object_name>
            <File_name name="File name" type="text">Bolt-01021120171804.3db</File_name>
            <Index type="int">5</Index>
         </Part_Bolt-01>
         <Part_Bolt-02>
            <Object_name name="Object name" type="text">Bolt-02</Object_name>
            <File_name name="File name" type="text">Bolt-02021120171804.3db</File_name>
            <Index type="int">6</Index>
         </Part_Bolt-02>
         <Part_Bolt-03>
            <Object_name name="Object name" type="text">Bolt-03</Object_name>
            <File_name name="File name" type="text">Bolt-03021120171804.3db</File_name>
            <Index type="int">7</Index>
         </Part_Bolt-03>
         <Part_Bolt-04>
            <Object_name name="Object name" type="text">Bolt-04</Object_name>
            <File_name name="File name" type="text">Bolt-04021120171804.3db</File_name>
            <Index type="int">8</Index>
         </Part_Bolt-04>
         <Part_Box01>
            <Object_name name="Object name" type="text">Box01</Object_name>
            <File_name name="File name" type="text">Box01021120171804.3db</File_name>
            <Index type="int">9</Index>
         </Part_Box01>
         <Part_Box02>
            <Object_name name="Object name" type="text">Box02</Object_name>
            <File_name name="File name" type="text">Box02021120171804.3db</File_name>
            <Index type="int">10</Index>
         </Part_Box02>
         <Part_Box08>
            <Object_name name="Object name" type="text">Box08</Object_name>
            <File_name name="File name" type="text">Box08021120171804.3db</File_name>
            <Index type="int">11</Index>
         </Part_Box08>
         <Part_Box09>
            <Object_name name="Object name" type="text">Box09</Object_name>
            <File_name name="File name" type="text">Box09021120171804.3db</File_name>
            <Index type="int">12</Index>
         </Part_Box09>
         <Part_Box10>
            <Object_name name="Object name" type="text">Box10</Object_name>
            <File_name name="File name" type="text">Box10021120171804.3db</File_name>
            <Index type="int">13</Index>
         </Part_Box10>
         <Part_Box11>
            <Object_name name="Object name" type="text">Box11</Object_name>
            <File_name name="File name" type="text">Box11021120171804.3db</File_name>
            <Index type="int">14</Index>
         </Part_Box11>
         <Part_Box12>
            <Object_name name="Object name" type="text">Box12</Object_name>
            <File_name name="File name" type="text">Box12021120171804.3db</File_name>
            <Index type="int">15</Index>
         </Part_Box12>
         <Part_Box13>
            <Object_name name="Object name" type="text">Box13</Object_name>
            <File_name name="File name" type="text">Box13021120171804.3db</File_name>
            <Index type="int">16</Index>
         </Part_Box13>
         <Part_Cylinder01>
            <Object_name name="Object name" type="text">Cylinder01</Object_name>
            <File_name name="File name" type="text">Cylinder01021120171804.3db</File_name>
            <Index type="int">17</Index>
         </Part_Cylinder01>
         <Part_Cylinder02>
            <Object_name name="Object name" type="text">Cylinder02</Object_name>
            <File_name name="File name" type="text">Cylinder02021120171804.3db</File_name>
            <Index type="int">18</Index>
         </Part_Cylinder02>
         <Part_Floor-07>
            <Object_name name="Object name" type="text">Floor-07</Object_name>
            <File_name name="File name" type="text">Floor-07021120171804.3db</File_name>
            <Index type="int">19</Index>
         </Part_Floor-07>
         <Part_Floor-08>
            <Object_name name="Object name" type="text">Floor-08</Object_name>
            <File_name name="File name" type="text">Floor-08021120171804.3db</File_name>
            <Index type="int">20</Index>
         </Part_Floor-08>
         <Part_Floor_Smal-01>
            <Object_name name="Object name" type="text">Floor_Smal-01</Object_name>
            <File_name name="File name" type="text">Floor_Smal-01021120171804.3db</File_name>
            <Index type="int">21</Index>
         </Part_Floor_Smal-01>
         <Part_Floor_Smal-3>
            <Object_name name="Object name" type="text">Floor_Smal-3</Object_name>
            <File_name name="File name" type="text">Floor_Smal-3021120171804.3db</File_name>
            <Index type="int">22</Index>
         </Part_Floor_Smal-3>
         <Part_Floor_Smal-04>
            <Object_name name="Object name" type="text">Floor_Smal-04</Object_name>
            <File_name name="File name" type="text">Floor_Smal-04021120171804.3db</File_name>
            <Index type="int">23</Index>
         </Part_Floor_Smal-04>
         <Part_Floor_Smal-14>
            <Object_name name="Object name" type="text">Floor_Smal-14</Object_name>
            <File_name name="File name" type="text">Floor_Smal-14021120171804.3db</File_name>
            <Index type="int">24</Index>
         </Part_Floor_Smal-14>
         <Part_Floor_Smal-15>
            <Object_name name="Object name" type="text">Floor_Smal-15</Object_name>
            <File_name name="File name" type="text">Floor_Smal-15021120171804.3db</File_name>
            <Index type="int">25</Index>
         </Part_Floor_Smal-15>
         <Part_Floor_Smal-16>
            <Object_name name="Object name" type="text">Floor_Smal-16</Object_name>
            <File_name name="File name" type="text">Floor_Smal-16021120171804.3db</File_name>
            <Index type="int">26</Index>
         </Part_Floor_Smal-16>
         <Part_Floor_Smal-17>
            <Object_name name="Object name" type="text">Floor_Smal-17</Object_name>
            <File_name name="File name" type="text">Floor_Smal-17021120171804.3db</File_name>
            <Index type="int">27</Index>
         </Part_Floor_Smal-17>
         <Part_Floor_Smal-18>
            <Object_name name="Object name" type="text">Floor_Smal-18</Object_name>
            <File_name name="File name" type="text">Floor_Smal-18021120171804.3db</File_name>
            <Index type="int">28</Index>
         </Part_Floor_Smal-18>
         <Part_Floor_Smal-21>
            <Object_name name="Object name" type="text">Floor_Smal-21</Object_name>
            <File_name name="File name" type="text">Floor_Smal-21021120171804.3db</File_name>
            <Index type="int">29</Index>
         </Part_Floor_Smal-21>
         <Part_Floor_Smal-22>
            <Object_name name="Object name" type="text">Floor_Smal-22</Object_name>
            <File_name name="File name" type="text">Floor_Smal-22021120171804.3db</File_name>
            <Index type="int">30</Index>
         </Part_Floor_Smal-22>
         <Part_Floor_Smal-23>
            <Object_name name="Object name" type="text">Floor_Smal-23</Object_name>
            <File_name name="File name" type="text">Floor_Smal-23021120171804.3db</File_name>
            <Index type="int">31</Index>
         </Part_Floor_Smal-23>
         <Part_Mesh01>
            <Object_name name="Object name" type="text">Mesh01</Object_name>
            <File_name name="File name" type="text">Mesh01021120171804.3db</File_name>
            <Index type="int">32</Index>
         </Part_Mesh01>
         <Part_Object01>
            <Object_name name="Object name" type="text">Object01</Object_name>
            <File_name name="File name" type="text">Object01021120171804.3db</File_name>
            <Index type="int">33</Index>
         </Part_Object01>
         <Part_Object05>
            <Object_name name="Object name" type="text">Object05</Object_name>
            <File_name name="File name" type="text">Object05021120171804.3db</File_name>
            <Index type="int">34</Index>
         </Part_Object05>
         <Part_Object06>
            <Object_name name="Object name" type="text">Object06</Object_name>
            <File_name name="File name" type="text">Object06021120171804.3db</File_name>
            <Index type="int">35</Index>
         </Part_Object06>
         <Part_Object07>
            <Object_name name="Object name" type="text">Object07</Object_name>
            <File_name name="File name" type="text">Object07021120171804.3db</File_name>
            <Index type="int">36</Index>
         </Part_Object07>
         <Part_Shpangout-01>
            <Object_name name="Object name" type="text">Shpangout-01</Object_name>
            <File_name name="File name" type="text">Shpangout-01021120171804.3db</File_name>
            <Index type="int">37</Index>
         </Part_Shpangout-01>
         <Part_Shpangout-02>
            <Object_name name="Object name" type="text">Shpangout-02</Object_name>
            <File_name name="File name" type="text">Shpangout-02021120171804.3db</File_name>
            <Index type="int">38</Index>
         </Part_Shpangout-02>
         <Part_Shpangout-03>
            <Object_name name="Object name" type="text">Shpangout-03</Object_name>
            <File_name name="File name" type="text">Shpangout-03021120171804.3db</File_name>
            <Index type="int">39</Index>
         </Part_Shpangout-03>
         <Part_Shpangout-04>
            <Object_name name="Object name" type="text">Shpangout-04</Object_name>
            <File_name name="File name" type="text">Shpangout-04021120171804.3db</File_name>
            <Index type="int">40</Index>
         </Part_Shpangout-04>
         <Part_Shpangout-06>
            <Object_name name="Object name" type="text">Shpangout-06</Object_name>
            <File_name name="File name" type="text">Shpangout-06021120171804.3db</File_name>
            <Index type="int">41</Index>
         </Part_Shpangout-06>
         <Part_Shpangout-07>
            <Object_name name="Object name" type="text">Shpangout-07</Object_name>
            <File_name name="File name" type="text">Shpangout-07021120171804.3db</File_name>
            <Index type="int">42</Index>
         </Part_Shpangout-07>
         <Part_Shpangout-09>
            <Object_name name="Object name" type="text">Shpangout-09</Object_name>
            <File_name name="File name" type="text">Shpangout-09021120171804.3db</File_name>
            <Index type="int">43</Index>
         </Part_Shpangout-09>
         <Part_Shpangout-11>
            <Object_name name="Object name" type="text">Shpangout-11</Object_name>
            <File_name name="File name" type="text">Shpangout-11021120171804.3db</File_name>
            <Index type="int">44</Index>
         </Part_Shpangout-11>
         <Part_Shpangout-12>
            <Object_name name="Object name" type="text">Shpangout-12</Object_name>
            <File_name name="File name" type="text">Shpangout-12021120171804.3db</File_name>
            <Index type="int">45</Index>
         </Part_Shpangout-12>
         <Part_Shpangout-13>
            <Object_name name="Object name" type="text">Shpangout-13</Object_name>
            <File_name name="File name" type="text">Shpangout-13021120171804.3db</File_name>
            <Index type="int">46</Index>
         </Part_Shpangout-13>
         <Part_Shpangout-14>
            <Object_name name="Object name" type="text">Shpangout-14</Object_name>
            <File_name name="File name" type="text">Shpangout-14021120171804.3db</File_name>
            <Index type="int">47</Index>
         </Part_Shpangout-14>
         <Part_Shpangout-15>
            <Object_name name="Object name" type="text">Shpangout-15</Object_name>
            <File_name name="File name" type="text">Shpangout-15021120171804.3db</File_name>
            <Index type="int">48</Index>
         </Part_Shpangout-15>
         <Part_Tube-01>
            <Object_name name="Object name" type="text">Tube-01</Object_name>
            <File_name name="File name" type="text">Tube-01021120171804.3db</File_name>
            <Index type="int">49</Index>
         </Part_Tube-01>
         <Part_Tube-02>
            <Object_name name="Object name" type="text">Tube-02</Object_name>
            <File_name name="File name" type="text">Tube-02021120171804.3db</File_name>
            <Index type="int">50</Index>
         </Part_Tube-02>
         <Part_TV-01>
            <Object_name name="Object name" type="text">TV-01</Object_name>
            <File_name name="File name" type="text">TV-01021120171804.3db</File_name>
            <Index type="int">51</Index>
         </Part_TV-01>
         <Part_TV-02>
            <Object_name name="Object name" type="text">TV-02</Object_name>
            <File_name name="File name" type="text">TV-02021120171804.3db</File_name>
            <Index type="int">52</Index>
         </Part_TV-02>
         <Part_TV-03>
            <Object_name name="Object name" type="text">TV-03</Object_name>
            <File_name name="File name" type="text">TV-03021120171804.3db</File_name>
            <Index type="int">53</Index>
         </Part_TV-03>
         <Part_TV-04>
            <Object_name name="Object name" type="text">TV-04</Object_name>
            <File_name name="File name" type="text">TV-04021120171804.3db</File_name>
            <Index type="int">54</Index>
         </Part_TV-04>
         <Part_Vxod-01>
            <Object_name name="Object name" type="text">Vxod-01</Object_name>
            <File_name name="File name" type="text">Vxod-01021120171804.3db</File_name>
            <Index type="int">55</Index>
         </Part_Vxod-01>
         <Part_Vxod-09>
            <Object_name name="Object name" type="text">Vxod-09</Object_name>
            <File_name name="File name" type="text">Vxod-09021120171804.3db</File_name>
            <Index type="int">56</Index>
         </Part_Vxod-09>
         <Part_Vxod-10>
            <Object_name name="Object name" type="text">Vxod-10</Object_name>
            <File_name name="File name" type="text">Vxod-10021120171804.3db</File_name>
            <Index type="int">57</Index>
         </Part_Vxod-10>
         <Part_Vxod-11>
            <Object_name name="Object name" type="text">Vxod-11</Object_name>
            <File_name name="File name" type="text">Vxod-11021120171804.3db</File_name>
            <Index type="int">58</Index>
         </Part_Vxod-11>
         <Part_Windoy-01>
            <Object_name name="Object name" type="text">Windoy-01</Object_name>
            <File_name name="File name" type="text">Windoy-01021120171804.3db</File_name>
            <Index type="int">59</Index>
         </Part_Windoy-01>
         <Part_Windoy-05>
            <Object_name name="Object name" type="text">Windoy-05</Object_name>
            <File_name name="File name" type="text">Windoy-05021120171804.3db</File_name>
            <Index type="int">60</Index>
         </Part_Windoy-05>
         <Part_Windoy-06>
            <Object_name name="Object name" type="text">Windoy-06</Object_name>
            <File_name name="File name" type="text">Windoy-06021120171804.3db</File_name>
            <Index type="int">61</Index>
         </Part_Windoy-06>
         <Part_Windoy-07>
            <Object_name name="Object name" type="text">Windoy-07</Object_name>
            <File_name name="File name" type="text">Windoy-07021120171804.3db</File_name>
            <Index type="int">62</Index>
         </Part_Windoy-07>
         <Part_Wool-01>
            <Object_name name="Object name" type="text">Wool-01</Object_name>
            <File_name name="File name" type="text">Wool-01021120171804.3db</File_name>
            <Index type="int">63</Index>
         </Part_Wool-01>
         <Part_Wool-02>
            <Object_name name="Object name" type="text">Wool-02</Object_name>
            <File_name name="File name" type="text">Wool-02021120171804.3db</File_name>
            <Index type="int">64</Index>
         </Part_Wool-02>
         <Part_Wool-03>
            <Object_name name="Object name" type="text">Wool-03</Object_name>
            <File_name name="File name" type="text">Wool-03021120171804.3db</File_name>
            <Index type="int">65</Index>
         </Part_Wool-03>
         <Part_Wool-04>
            <Object_name name="Object name" type="text">Wool-04</Object_name>
            <File_name name="File name" type="text">Wool-04021120171804.3db</File_name>
            <Index type="int">66</Index>
         </Part_Wool-04>
         <Part_Wool_Z-01>
            <Object_name name="Object name" type="text">Wool_Z-01</Object_name>
            <File_name name="File name" type="text">Wool_Z-01021120171804.3db</File_name>
            <Index type="int">67</Index>
         </Part_Wool_Z-01>
         <Part_Wool_Z-05>
            <Object_name name="Object name" type="text">Wool_Z-05</Object_name>
            <File_name name="File name" type="text">Wool_Z-05021120171804.3db</File_name>
            <Index type="int">68</Index>
         </Part_Wool_Z-05>
         <Part_Wool_Z-06>
            <Object_name name="Object name" type="text">Wool_Z-06</Object_name>
            <File_name name="File name" type="text">Wool_Z-06021120171804.3db</File_name>
            <Index type="int">69</Index>
         </Part_Wool_Z-06>
         <Part_Wool_Z-07>
            <Object_name name="Object name" type="text">Wool_Z-07</Object_name>
            <File_name name="File name" type="text">Wool_Z-07021120171804.3db</File_name>
            <Index type="int">70</Index>
         </Part_Wool_Z-07>
         <Part_Floor-01>
            <Object_name name="Object name" type="text">Floor-01</Object_name>
            <File_name name="File name" type="text">Floor-01021120171804.3db</File_name>
            <Index type="int">71</Index>
         </Part_Floor-01>
         <Part_Floor-10>
            <Object_name name="Object name" type="text">Floor-10</Object_name>
            <File_name name="File name" type="text">Floor-10021120171804.3db</File_name>
            <Index type="int">72</Index>
         </Part_Floor-10>
         <Part_Floor-09>
            <Object_name name="Object name" type="text">Floor-09</Object_name>
            <File_name name="File name" type="text">Floor-09021120171804.3db</File_name>
            <Index type="int">73</Index>
         </Part_Floor-09>
         <Cons>
            <Fix type="Fix" count="73">
               <part>
                  <!-- parent      --> "Root",
                  <!-- child       --> "Ark-01",
                  <!-- position    --> 28.178484, 14.439506, -8.7561913,
                  <!-- orientation -->   1.0000000000,  197.65982e-24,  423.51647e-24,
                                       -197.65982e-24,   1.0000000000, -2.4286023e-21,
                                       -423.51647e-24,  2.4286023e-21,   1.0000000000
               </part>
               <part>
                  <!-- parent      --> "Root",
                  <!-- child       --> "Ark-07",
                  <!-- position    --> 28.178482, 14.43951, 8.7562017,
                  <!-- orientation -->   1.0000000000,  197.65982e-24,  423.51647e-24,
                                       -197.65982e-24,   1.0000000000, -2.4286023e-21,
                                       -423.51647e-24,  2.4286023e-21,   1.0000000000
               </part>
               <part>
                  <!-- parent      --> "Root",
                  <!-- child       --> "Ark-08",
                  <!-- position    --> -28.178484, 14.4395, -8.7562027,
                  <!-- orientation -->   1.0000000000,  197.65982e-24,  423.51647e-24,
                                       -197.65982e-24,   1.0000000000, -2.4286023e-21,
                                       -423.51647e-24,  2.4286023e-21,   1.0000000000
               </part>
               <part>
                  <!-- parent      --> "Root",
                  <!-- child       --> "Ark-09",
                  <!-- position    --> -28.178484, 14.439505, 8.7561922,
                  <!-- orientation -->   1.0000000000,  197.65982e-24,  423.51647e-24,
                                       -197.65982e-24,   1.0000000000, -2.4286023e-21,
                                       -423.51647e-24,  2.4286023e-21,   1.0000000000
               </part>
               <part>
                  <!-- parent      --> "Root",
                  <!-- child       --> "Bolt-01",
                  <!-- position    --> -22.012436, 21.293291, -36.345383,
                  <!-- orientation -->   1.0000000000,  197.65982e-24,  423.51647e-24,
                                       -197.65982e-24,   1.0000000000, -2.4286023e-21,
                                       -423.51647e-24,  2.4286023e-21,   1.0000000000
               </part>
               <part>
                  <!-- parent      --> "Root",
                  <!-- child       --> "Bolt-02",
                  <!-- position    --> 22.012447, 21.293297, -36.345371,
                  <!-- orientation -->   1.0000000000,  197.65982e-24,  423.51647e-24,
                                       -197.65982e-24,   1.0000000000, -2.4286023e-21,
                                       -423.51647e-24,  2.4286023e-21,   1.0000000000
               </part>
               <part>
                  <!-- parent      --> "Root",
                  <!-- child       --> "Bolt-03",
                  <!-- position    --> 22.01243, 21.293308, 36.345383,
                  <!-- orientation -->   1.0000000000,  197.65982e-24,  423.51647e-24,
                                       -197.65982e-24,   1.0000000000, -2.4286023e-21,
                                       -423.51647e-24,  2.4286023e-21,   1.0000000000
               </part>
               <part>
                  <!-- parent      --> "Root",
                  <!-- child       --> "Bolt-04",
                  <!-- position    --> -22.012451, 21.293304, 36.34536,
                  <!-- orientation -->   1.0000000000,  197.65982e-24,  423.51647e-24,
                                       -197.65982e-24,   1.0000000000, -2.4286023e-21,
                                       -423.51647e-24,  2.4286023e-21,   1.0000000000
               </part>
               <part>
                  <!-- parent      --> "Root",
                  <!-- child       --> "Box01",
                  <!-- position    --> -3.1596485e-6, 28.87995, -1.3423572e-6,
                  <!-- orientation -->   1.0000000000,  197.65982e-24,  423.51647e-24,
                                       -197.65982e-24,   1.0000000000, -2.4286023e-21,
                                       -423.51647e-24,  2.4286023e-21,   1.0000000000
               </part>
               <part>
                  <!-- parent      --> "Root",
                  <!-- child       --> "Box02",
                  <!-- position    --> 27.734316, 14.439506, -27.655685,
                  <!-- orientation -->   1.0000000000,  197.65982e-24,  423.51647e-24,
                                       -197.65982e-24,   1.0000000000, -2.4286023e-21,
                                       -423.51647e-24,  2.4286023e-21,   1.0000000000
               </part>
               <part>
                  <!-- parent      --> "Root",
                  <!-- child       --> "Box08",
                  <!-- position    --> 46.688412, 9.5812788, 6.5240602e-6,
                  <!-- orientation -->   1.0000000000,  197.65982e-24,  423.51647e-24,
                                       -197.65982e-24,   1.0000000000, -2.4286023e-21,
                                       -423.51647e-24,  2.4286023e-21,   1.0000000000
               </part>
               <part>
                  <!-- parent      --> "Root",
                  <!-- child       --> "Box09",
                  <!-- position    --> 27.734308, 14.439515, 27.655693,
                  <!-- orientation -->   1.0000000000,  197.65982e-24,  423.51647e-24,
                                       -197.65982e-24,   1.0000000000, -2.4286023e-21,
                                       -423.51647e-24,  2.4286023e-21,   1.0000000000
               </part>
               <part>
                  <!-- parent      --> "Root",
                  <!-- child       --> "Box10",
                  <!-- position    --> -27.73431, 14.439498, -27.655697,
                  <!-- orientation -->   1.0000000000,  197.65982e-24,  423.51647e-24,
                                       -197.65982e-24,   1.0000000000, -2.4286023e-21,
                                       -423.51647e-24,  2.4286023e-21,   1.0000000000
               </part>
               <part>
                  <!-- parent      --> "Root",
                  <!-- child       --> "Box11",
                  <!-- position    --> -27.734318, 14.439509, 27.655684,
                  <!-- orientation -->   1.0000000000,  197.65982e-24,  423.51647e-24,
                                       -197.65982e-24,   1.0000000000, -2.4286023e-21,
                                       -423.51647e-24,  2.4286023e-21,   1.0000000000
               </part>
               <part>
                  <!-- parent      --> "Root",
                  <!-- child       --> "Box12",
                  <!-- position    --> -46.073994, 9.5812693, -12.05733e-6,
                  <!-- orientation -->   1.0000000000,  197.65982e-24,  423.51647e-24,
                                       -197.65982e-24,   1.0000000000, -2.4286023e-21,
                                       -423.51647e-24,  2.4286023e-21,   1.0000000000
               </part>
               <part>
                  <!-- parent      --> "Root",
                  <!-- child       --> "Box13",
                  <!-- position    --> 59.001636e-9, -1.0808665, 15.984718e-9,
                  <!-- orientation -->   1.0000000000,  197.65982e-24,  423.51647e-24,
                                       -197.65982e-24,   1.0000000000, -2.4286023e-21,
                                       -423.51647e-24,  2.4286023e-21,   1.0000000000
               </part>
               <part>
                  <!-- parent      --> "Root",
                  <!-- child       --> "Cylinder01",
                  <!-- position    --> 27.734318, 7.0804448, -30.71768,
                  <!-- orientation -->   1.0000000000,  197.65982e-24,  423.51647e-24,
                                       -197.65982e-24,   1.0000000000, -2.4286023e-21,
                                       -423.51647e-24,  2.4286023e-21,   1.0000000000
               </part>
               <part>
                  <!-- parent      --> "Root",
                  <!-- child       --> "Cylinder02",
                  <!-- position    --> 27.734304, 7.0804548, 30.717688,
                  <!-- orientation -->   1.0000000000,  197.65982e-24,  423.51647e-24,
                                       -197.65982e-24,   1.0000000000, -2.4286023e-21,
                                       -423.51647e-24,  2.4286023e-21,   1.0000000000
               </part>
               <part>
                  <!-- parent      --> "Root",
                  <!-- child       --> "Floor-07",
                  <!-- position    --> -43.439823, -863.44487e-6, 24.202618e-6,
                  <!-- orientation -->   1.0000000000,  197.65982e-24,  423.51647e-24,
                                       -197.65982e-24,   1.0000000000, -2.4286023e-21,
                                       -423.51647e-24,  2.4286023e-21,   1.0000000000
               </part>
               <part>
                  <!-- parent      --> "Root",
                  <!-- child       --> "Floor-08",
                  <!-- position    --> 445.21634e-6, -0.7002511, -365.36754e-6,
                  <!-- orientation -->   1.0000000000,  197.65982e-24,  423.51647e-24,
                                       -197.65982e-24,   1.0000000000, -2.4286023e-21,
                                       -423.51647e-24,  2.4286023e-21,   1.0000000000
               </part>
               <part>
                  <!-- parent      --> "Root",
                  <!-- child       --> "Floor_Smal-01",
                  <!-- position    --> -17.685822, -0.31116146, -4.277864,
                  <!-- orientation -->   1.0000000000,  197.65982e-24,  423.51647e-24,
                                       -197.65982e-24,   1.0000000000, -2.4286023e-21,
                                       -423.51647e-24,  2.4286023e-21,   1.0000000000
               </part>
               <part>
                  <!-- parent      --> "Root",
                  <!-- child       --> "Floor_Smal-3",
                  <!-- position    --> 17.208982, -0.57290107, 7.0703904e-6,
                  <!-- orientation -->   1.0000000000,  197.65982e-24,  423.51647e-24,
                                       -197.65982e-24,   1.0000000000, -2.4286023e-21,
                                       -423.51647e-24,  2.4286023e-21,   1.0000000000
               </part>
               <part>
                  <!-- parent      --> "Root",
                  <!-- child       --> "Floor_Smal-04",
                  <!-- position    --> 34.094913, -850.74909e-6, 40.141967e-6,
                  <!-- orientation -->   1.0000000000,  197.65982e-24,  423.51647e-24,
                                       -197.65982e-24,   1.0000000000, -2.4286023e-21,
                                       -423.51647e-24,  2.4286023e-21,   1.0000000000
               </part>
               <part>
                  <!-- parent      --> "Root",
                  <!-- child       --> "Floor_Smal-14",
                  <!-- position    --> -17.685822, -0.31116033, 4.2778583,
                  <!-- orientation -->   1.0000000000,  197.65982e-24,  423.51647e-24,
                                       -197.65982e-24,   1.0000000000, -2.4286023e-21,
                                       -423.51647e-24,  2.4286023e-21,   1.0000000000
               </part>
               <part>
                  <!-- parent      --> "Root",
                  <!-- child       --> "Floor_Smal-15",
                  <!-- position    --> -33.721531, -0.31116322, -4.2778668,
                  <!-- orientation -->   1.0000000000,  197.65982e-24,  423.51647e-24,
                                       -197.65982e-24,   1.0000000000, -2.4286023e-21,
                                       -423.51647e-24,  2.4286023e-21,   1.0000000000
               </part>
               <part>
                  <!-- parent      --> "Root",
                  <!-- child       --> "Floor_Smal-16",
                  <!-- position    --> -33.721531, -0.31116208, 4.2778549,
                  <!-- orientation -->   1.0000000000,  197.65982e-24,  423.51647e-24,
                                       -197.65982e-24,   1.0000000000, -2.4286023e-21,
                                       -423.51647e-24,  2.4286023e-21,   1.0000000000
               </part>
               <part>
                  <!-- parent      --> "Root",
                  <!-- child       --> "Floor_Smal-17",
                  <!-- position    --> -49.75724, -0.31116489, -4.2778707,
                  <!-- orientation -->   1.0000000000,  197.65982e-24,  423.51647e-24,
                                       -197.65982e-24,   1.0000000000, -2.4286023e-21,
                                       -423.51647e-24,  2.4286023e-21,   1.0000000000
               </part>
               <part>
                  <!-- parent      --> "Root",
                  <!-- child       --> "Floor_Smal-18",
                  <!-- position    --> -49.75724, -0.31116375, 4.2778516,
                  <!-- orientation -->   1.0000000000,  197.65982e-24,  423.51647e-24,
                                       -197.65982e-24,   1.0000000000, -2.4286023e-21,
                                       -423.51647e-24,  2.4286023e-21,   1.0000000000
               </part>
               <part>
                  <!-- parent      --> "Root",
                  <!-- child       --> "Floor_Smal-21",
                  <!-- position    --> 52.784733, -848.78213e-6, 44.096541e-6,
                  <!-- orientation -->   1.0000000000,  197.65982e-24,  423.51647e-24,
                                       -197.65982e-24,   1.0000000000, -2.4286023e-21,
                                       -423.51647e-24,  2.4286023e-21,   1.0000000000
               </part>
               <part>
                  <!-- parent      --> "Root",
                  <!-- child       --> "Floor_Smal-22",
                  <!-- position    --> 34.09491, -0.57289916, 10.20124e-6,
                  <!-- orientation -->   1.0000000000,  197.65982e-24,  423.51647e-24,
                                       -197.65982e-24,   1.0000000000, -2.4286023e-21,
                                       -423.51647e-24,  2.4286023e-21,   1.0000000000
               </part>
               <part>
                  <!-- parent      --> "Root",
                  <!-- child       --> "Floor_Smal-23",
                  <!-- position    --> 52.784733, -0.5728972, 14.155813e-6,
                  <!-- orientation -->   1.0000000000,  197.65982e-24,  423.51647e-24,
                                       -197.65982e-24,   1.0000000000, -2.4286023e-21,
                                       -423.51647e-24,  2.4286023e-21,   1.0000000000
               </part>
               <part>
                  <!-- parent      --> "Root",
                  <!-- child       --> "Mesh01",
                  <!-- position    --> 88.80378e-9, -1.4107268, 1.1735152e-6,
                  <!-- orientation -->   1.0000000000,  197.65982e-24,  423.51647e-24,
                                       -197.65982e-24,   1.0000000000, -2.4286023e-21,
                                       -423.51647e-24,  2.4286023e-21,   1.0000000000
               </part>
               <part>
                  <!-- parent      --> "Root",
                  <!-- child       --> "Object01",
                  <!-- position    --> -15.494047, 15.34836, -28.265387,
                  <!-- orientation -->   1.0000000000,  197.65982e-24,  423.51647e-24,
                                       -197.65982e-24,   1.0000000000, -2.4286023e-21,
                                       -423.51647e-24,  2.4286023e-21,   1.0000000000
               </part>
               <part>
                  <!-- parent      --> "Root",
                  <!-- child       --> "Object05",
                  <!-- position    --> 15.494058, 15.348362, -28.265381,
                  <!-- orientation -->   1.0000000000,  197.65982e-24,  423.51647e-24,
                                       -197.65982e-24,   1.0000000000, -2.4286023e-21,
                                       -423.51647e-24,  2.4286023e-21,   1.0000000000
               </part>
               <part>
                  <!-- parent      --> "Root",
                  <!-- child       --> "Object06",
                  <!-- position    --> -15.494061, 15.348371, 28.265379,
                  <!-- orientation -->   1.0000000000,  197.65982e-24,  423.51647e-24,
                                       -197.65982e-24,   1.0000000000, -2.4286023e-21,
                                       -423.51647e-24,  2.4286023e-21,   1.0000000000
               </part>
               <part>
                  <!-- parent      --> "Root",
                  <!-- child       --> "Object07",
                  <!-- position    --> 15.494045, 15.348374, 28.265385,
                  <!-- orientation -->   1.0000000000,  197.65982e-24,  423.51647e-24,
                                       -197.65982e-24,   1.0000000000, -2.4286023e-21,
                                       -423.51647e-24,  2.4286023e-21,   1.0000000000
               </part>
               <part>
                  <!-- parent      --> "Root",
                  <!-- child       --> "Shpangout-01",
                  <!-- position    --> -23.944687, 6.3139243, -23.207415,
                  <!-- orientation -->   1.0000000000,  197.65982e-24,  423.51647e-24,
                                       -197.65982e-24,   1.0000000000, -2.4286023e-21,
                                       -423.51647e-24,  2.4286023e-21,   1.0000000000
               </part>
               <part>
                  <!-- parent      --> "Root",
                  <!-- child       --> "Shpangout-02",
                  <!-- position    --> -15.5551, 6.3139248, -23.207411,
                  <!-- orientation -->   1.0000000000,  197.65982e-24,  423.51647e-24,
                                       -197.65982e-24,   1.0000000000, -2.4286023e-21,
                                       -423.51647e-24,  2.4286023e-21,   1.0000000000
               </part>
               <part>
                  <!-- parent      --> "Root",
                  <!-- child       --> "Shpangout-03",
                  <!-- position    --> -6.3848586, 6.3139267, -23.207411,
                  <!-- orientation -->   1.0000000000,  197.65982e-24,  423.51647e-24,
                                       -197.65982e-24,   1.0000000000, -2.4286023e-21,
                                       -423.51647e-24,  2.4286023e-21,   1.0000000000
               </part>
               <part>
                  <!-- parent      --> "Root",
                  <!-- child       --> "Shpangout-04",
                  <!-- position    --> 15.555107, 6.3139272, -23.207407,
                  <!-- orientation -->   1.0000000000,  197.65982e-24,  423.51647e-24,
                                       -197.65982e-24,   1.0000000000, -2.4286023e-21,
                                       -423.51647e-24,  2.4286023e-21,   1.0000000000
               </part>
               <part>
                  <!-- parent      --> "Root",
                  <!-- child       --> "Shpangout-06",
                  <!-- position    --> 23.944693, 6.3139281, -23.207405,
                  <!-- orientation -->   1.0000000000,  197.65982e-24,  423.51647e-24,
                                       -197.65982e-24,   1.0000000000, -2.4286023e-21,
                                       -423.51647e-24,  2.4286023e-21,   1.0000000000
               </part>
               <part>
                  <!-- parent      --> "Root",
                  <!-- child       --> "Shpangout-07",
                  <!-- position    --> -15.555109, 6.3139319, 23.207407,
                  <!-- orientation -->   1.0000000000,  197.65982e-24,  423.51647e-24,
