<?xml version="1.0" encoding="ISO-8859-1"?>
<!-- XML generated by UTFXML Version 2.2 built 19-Aug-2010 -->
<UTFXML filename="rh_holstein_waterscape.cmp" path="BASES\RHEINLAND">
   <UTF_ROOT>
      <VMeshLibrary>
         <data.bases.rheinland.rh_holstein_waterscape.lod0-112.vms include="rh_holstein_waterscape_cmp\lod0-112.vms.xml"/>
         <data.bases.rheinland.rh_holstein_waterscape.lod0-212.vms include="rh_holstein_waterscape_cmp\lod0-212.vms.xml"/>
      </VMeshLibrary>
      <Exporter_Version name="Exporter Version" type="text">Nov  5 2002 11:41:55</Exporter_Version>
      <Cmpnd>
         <Root>
            <Object_name name="Object name" type="text">Root</Object_name>
            <File_name name="File name" type="text">Root_base021114154724.3db</File_name>
            <Index type="int">0</Index>
         </Root>
         <Part_base_piston02>
            <Object_name name="Object name" type="text">base_piston02</Object_name>
            <File_name name="File name" type="text">base_piston02021114154724.3db</File_name>
            <Index type="int">1</Index>
         </Part_base_piston02>
         <Part_base_piston01>
            <Object_name name="Object name" type="text">base_piston01</Object_name>
            <File_name name="File name" type="text">base_piston01021114154724.3db</File_name>
            <Index type="int">2</Index>
         </Part_base_piston01>
         <Part_LightMount05>
            <Object_name name="Object name" type="text">LightMount05</Object_name>
            <File_name name="File name" type="text">LightMount05021114154724.3db</File_name>
            <Index type="int">3</Index>
         </Part_LightMount05>
         <Part_LightMount06>
            <Object_name name="Object name" type="text">LightMount06</Object_name>
            <File_name name="File name" type="text">LightMount06021114154724.3db</File_name>
            <Index type="int">4</Index>
         </Part_LightMount06>
         <Part_LightMount07>
            <Object_name name="Object name" type="text">LightMount07</Object_name>
            <File_name name="File name" type="text">LightMount07021114154724.3db</File_name>
            <Index type="int">5</Index>
         </Part_LightMount07>
         <Part_LightMount11>
            <Object_name name="Object name" type="text">LightMount11</Object_name>
            <File_name name="File name" type="text">LightMount11021114154724.3db</File_name>
            <Index type="int">6</Index>
         </Part_LightMount11>
         <Part_LightMount12>
            <Object_name name="Object name" type="text">LightMount12</Object_name>
            <File_name name="File name" type="text">LightMount12021114154724.3db</File_name>
            <Index type="int">7</Index>
         </Part_LightMount12>
         <Part_LightMount13>
            <Object_name name="Object name" type="text">LightMount13</Object_name>
            <File_name name="File name" type="text">LightMount13021114154724.3db</File_name>
            <Index type="int">8</Index>
         </Part_LightMount13>
         <Part_LightMount14>
            <Object_name name="Object name" type="text">LightMount14</Object_name>
            <File_name name="File name" type="text">LightMount14021114154724.3db</File_name>
            <Index type="int">9</Index>
         </Part_LightMount14>
         <Part_LightMount15>
            <Object_name name="Object name" type="text">LightMount15</Object_name>
            <File_name name="File name" type="text">LightMount15021114154724.3db</File_name>
            <Index type="int">10</Index>
         </Part_LightMount15>
         <Part_LightMount16>
            <Object_name name="Object name" type="text">LightMount16</Object_name>
            <File_name name="File name" type="text">LightMount16021114154724.3db</File_name>
            <Index type="int">11</Index>
         </Part_LightMount16>
         <Part_LightMount17>
            <Object_name name="Object name" type="text">LightMount17</Object_name>
            <File_name name="File name" type="text">LightMount17021114154724.3db</File_name>
            <Index type="int">12</Index>
         </Part_LightMount17>
         <Part_LightMount18>
            <Object_name name="Object name" type="text">LightMount18</Object_name>
            <File_name name="File name" type="text">LightMount18021114154724.3db</File_name>
            <Index type="int">13</Index>
         </Part_LightMount18>
         <Part_LightMount19>
            <Object_name name="Object name" type="text">LightMount19</Object_name>
            <File_name name="File name" type="text">LightMount19021114154724.3db</File_name>
            <Index type="int">14</Index>
         </Part_LightMount19>
         <Part_LightMount20>
            <Object_name name="Object name" type="text">LightMount20</Object_name>
            <File_name name="File name" type="text">LightMount20021114154724.3db</File_name>
            <Index type="int">15</Index>
         </Part_LightMount20>
         <Part_LightMount21>
            <Object_name name="Object name" type="text">LightMount21</Object_name>
            <File_name name="File name" type="text">LightMount21021114154724.3db</File_name>
            <Index type="int">16</Index>
         </Part_LightMount21>
         <Part_LightMount22>
            <Object_name name="Object name" type="text">LightMount22</Object_name>
            <File_name name="File name" type="text">LightMount22021114154724.3db</File_name>
            <Index type="int">17</Index>
         </Part_LightMount22>
         <Part_LightMount23>
            <Object_name name="Object name" type="text">LightMount23</Object_name>
            <File_name name="File name" type="text">LightMount23021114154724.3db</File_name>
            <Index type="int">18</Index>
         </Part_LightMount23>
         <Part_LightMount24>
            <Object_name name="Object name" type="text">LightMount24</Object_name>
            <File_name name="File name" type="text">LightMount24021114154724.3db</File_name>
            <Index type="int">19</Index>
         </Part_LightMount24>
         <Part_LightMount25>
            <Object_name name="Object name" type="text">LightMount25</Object_name>
            <File_name name="File name" type="text">LightMount25021114154724.3db</File_name>
            <Index type="int">20</Index>
         </Part_LightMount25>
         <Part_LightMount26>
            <Object_name name="Object name" type="text">LightMount26</Object_name>
            <File_name name="File name" type="text">LightMount26021114154724.3db</File_name>
            <Index type="int">21</Index>
         </Part_LightMount26>
         <Part_LightMount27>
            <Object_name name="Object name" type="text">LightMount27</Object_name>
            <File_name name="File name" type="text">LightMount27021114154724.3db</File_name>
            <Index type="int">22</Index>
         </Part_LightMount27>
         <Part_LightMount28>
            <Object_name name="Object name" type="text">LightMount28</Object_name>
            <File_name name="File name" type="text">LightMount28021114154724.3db</File_name>
            <Index type="int">23</Index>
         </Part_LightMount28>
         <Part_LightMount29>
            <Object_name name="Object name" type="text">LightMount29</Object_name>
            <File_name name="File name" type="text">LightMount29021114154724.3db</File_name>
            <Index type="int">24</Index>
         </Part_LightMount29>
         <Part_LightMount30>
            <Object_name name="Object name" type="text">LightMount30</Object_name>
            <File_name name="File name" type="text">LightMount30021114154724.3db</File_name>
            <Index type="int">25</Index>
         </Part_LightMount30>
         <Part_LightMount31>
            <Object_name name="Object name" type="text">LightMount31</Object_name>
            <File_name name="File name" type="text">LightMount31021114154724.3db</File_name>
            <Index type="int">26</Index>
         </Part_LightMount31>
         <Part_LightMount32>
            <Object_name name="Object name" type="text">LightMount32</Object_name>
            <File_name name="File name" type="text">LightMount32021114154724.3db</File_name>
            <Index type="int">27</Index>
         </Part_LightMount32>
         <Part_LightMount33>
            <Object_name name="Object name" type="text">LightMount33</Object_name>
            <File_name name="File name" type="text">LightMount33021114154724.3db</File_name>
            <Index type="int">28</Index>
         </Part_LightMount33>
         <Part_LightMount34>
            <Object_name name="Object name" type="text">LightMount34</Object_name>
            <File_name name="File name" type="text">LightMount34021114154724.3db</File_name>
            <Index type="int">29</Index>
         </Part_LightMount34>
         <Part_LightMount35>
            <Object_name name="Object name" type="text">LightMount35</Object_name>
            <File_name name="File name" type="text">LightMount35021114154724.3db</File_name>
            <Index type="int">30</Index>
         </Part_LightMount35>
         <Part_LightMount36>
            <Object_name name="Object name" type="text">LightMount36</Object_name>
            <File_name name="File name" type="text">LightMount36021114154724.3db</File_name>
            <Index type="int">31</Index>
         </Part_LightMount36>
         <Part_LightMount37>
            <Object_name name="Object name" type="text">LightMount37</Object_name>
            <File_name name="File name" type="text">LightMount37021114154724.3db</File_name>
            <Index type="int">32</Index>
         </Part_LightMount37>
         <Part_LightMount38>
            <Object_name name="Object name" type="text">LightMount38</Object_name>
            <File_name name="File name" type="text">LightMount38021114154724.3db</File_name>
            <Index type="int">33</Index>
         </Part_LightMount38>
         <Part_LightMount39>
            <Object_name name="Object name" type="text">LightMount39</Object_name>
            <File_name name="File name" type="text">LightMount39021114154724.3db</File_name>
            <Index type="int">34</Index>
         </Part_LightMount39>
         <Part_LightMount40>
            <Object_name name="Object name" type="text">LightMount40</Object_name>
            <File_name name="File name" type="text">LightMount40021114154724.3db</File_name>
            <Index type="int">35</Index>
         </Part_LightMount40>
         <Cons>
            <Fix type="Fix" count="33">
               <part>
                  <!-- parent      --> "Root",
                  <!-- child       --> "LightMount05",
                  <!-- position    --> -89.640854, -0.0034142477, 63.89782,
                  <!-- orientation -->   0.9483236700,  -0.3173046400,  19.787397e-09,
                                        2.4427245e-09,  69.661418e-09,   1.0000000000,
                                        -0.3173046400,  -0.9483236700,  66.836655e-09
               </part>
               <part>
                  <!-- parent      --> "Root",
                  <!-- child       --> "LightMount06",
                  <!-- position    --> -94.94529, -0.0034132695, 47.487259,
                  <!-- orientation -->   0.9483236700,  -0.3173046400,  19.787397e-09,
                                        2.4427245e-09,  69.661418e-09,   1.0000000000,
                                        -0.3173046400,  -0.9483236700,  66.836655e-09
               </part>
               <part>
                  <!-- parent      --> "Root",
                  <!-- child       --> "LightMount07",
                  <!-- position    --> -100.16147, -0.0034123191, 31.540888,
                  <!-- orientation -->   0.9483236700,  -0.3173046400,  19.787397e-09,
                                        2.4427245e-09,  69.661418e-09,   1.0000000000,
                                        -0.3173046400,  -0.9483236700,  66.836655e-09
               </part>
               <part>
                  <!-- parent      --> "Root",
                  <!-- child       --> "LightMount11",
                  <!-- position    --> -99.571609, -0.0034084509, -33.356316,
                  <!-- orientation -->   0.9537169300,   0.3007058500, -30.346538e-09,
                                       -9.3711705e-09,  130.63924e-09,   1.0000000000,
                                         0.3007058500,  -0.9537169300,  127.41081e-09
               </part>
               <part>
                  <!-- parent      --> "Root",
                  <!-- child       --> "LightMount12",
                  <!-- position    --> -94.466454, -0.0034151429, -49.083031,
                  <!-- orientation -->   0.9537169300,   0.3007058500, -30.346538e-09,
                                       -9.3711705e-09,  130.63924e-09,   1.0000000000,
                                         0.3007058500,  -0.9537169300,  127.41081e-09
               </part>
               <part>
                  <!-- parent      --> "Root",
                  <!-- child       --> "LightMount13",
                  <!-- position    --> -88.471001, -0.0034141638, -65.508011,
                  <!-- orientation -->   0.5948227000,   0.8038569100, -104.24006e-09,
                                        12.695254e-09,  120.28090e-09,   1.0000000000,
                                         0.8038569100,  -0.5948227000,  61.340643e-09
               </part>
               <part>
                  <!-- parent      --> "Root",
                  <!-- child       --> "LightMount14",
                  <!-- position    --> -74.502769, -0.0034135608, -75.623962,
                  <!-- orientation -->   0.5948227000,   0.8038569100, -104.24006e-09,
                                        12.695254e-09,  120.28090e-09,   1.0000000000,
                                         0.8038569100,  -0.5948227000,  61.340643e-09
               </part>
               <part>
                  <!-- parent      --> "Root",
                  <!-- child       --> "LightMount15",
                  <!-- position    --> -60.948765, -0.0034129715, -85.51255,
                  <!-- orientation -->   0.5948227000,   0.8038569100, -104.24006e-09,
                                        12.695254e-09,  120.28090e-09,   1.0000000000,
                                         0.8038569100,  -0.5948227000,  61.340643e-09
               </part>
               <part>
                  <!-- parent      --> "Root",
                  <!-- child       --> "LightMount16",
                  <!-- position    --> -47.574677, -0.0034200214, -95.234993,
                  <!-- orientation -->   0.5948227000,   0.8038569100, -104.24006e-09,
                                        12.695254e-09,  120.28090e-09,   1.0000000000,
                                         0.8038569100,  -0.5948227000,  61.340643e-09
               </part>
               <part>
                  <!-- parent      --> "Root",
                  <!-- child       --> "LightMount17",
                  <!-- position    --> -33.069897, -0.0034118099, -104.99905,
                  <!-- orientation -->   0.0087265773,   0.9999619100, -99.643550e-09,
                                        60.060493e-09,  99.123199e-09,   1.0000000000,
                                         0.9999619100,  -0.0087265773, -59.193198e-09
               </part>
               <part>
                  <!-- parent      --> "Root",
                  <!-- child       --> "LightMount18",
                  <!-- position    --> -15.823359, -0.0034118115, -104.9727,
                  <!-- orientation -->   0.0087265773,   0.9999619100, -99.643550e-09,
                                        60.060493e-09,  99.123199e-09,   1.0000000000,
                                         0.9999619100,  -0.0087265773, -59.193198e-09
               </part>
               <part>
                  <!-- parent      --> "Root",
                  <!-- child       --> "LightMount19",
                  <!-- position    --> 0.95442581, -0.0034118097, -105.00589,
                  <!-- orientation -->   0.0087265773,   0.9999619100, -99.643550e-09,
                                        60.060493e-09,  99.123199e-09,   1.0000000000,
                                         0.9999619100,  -0.0087265773, -59.193198e-09
               </part>
               <part>
                  <!-- parent      --> "Root",
                  <!-- child       --> "LightMount20",
                  <!-- position    --> 17.489004, -0.0034194388, -105.01041,
                  <!-- orientation -->   0.0087265773,   0.9999619100, -99.643550e-09,
                                        60.060493e-09,  99.123199e-09,   1.0000000000,
                                         0.9999619100,  -0.0087265773, -59.193198e-09
               </part>
               <part>
                  <!-- parent      --> "Root",
                  <!-- child       --> "LightMount21",
                  <!-- position    --> 34.96278, -0.0034118467, -104.38401,
                  <!-- orientation -->  -0.5807029000,   0.8141155200, -249.58621e-12,
                                        28.760574e-09,  20.821290e-09,   1.0000000000,
                                         0.8141155200,   0.5807029000, -35.505415e-09
               </part>
               <part>
                  <!-- parent      --> "Root",
                  <!-- child       --> "LightMount22",
                  <!-- position    --> 48.900043, -0.0034124523, -94.225441,
                  <!-- orientation -->  -0.5807029000,   0.8141155200, -249.58621e-12,
                                        28.760574e-09,  20.821290e-09,   1.0000000000,
                                         0.8141155200,   0.5807029000, -35.505415e-09
               </part>
               <part>
                  <!-- parent      --> "Root",
                  <!-- child       --> "LightMount23",
                  <!-- position    --> 62.493069, -0.0034130383, -84.390556,
                  <!-- orientation -->  -0.5807029000,   0.8141155200, -249.58621e-12,
                                        28.760574e-09,  20.821290e-09,   1.0000000000,
                                         0.8141155200,   0.5807029000, -35.505415e-09
               </part>
               <part>
                  <!-- parent      --> "Root",
                  <!-- child       --> "LightMount24",
                  <!-- position    --> 75.872475, -0.0034212468, -74.67543,
                  <!-- orientation -->  -0.5807029000,   0.8141155200, -249.58621e-12,
                                        28.760574e-09,  20.821290e-09,   1.0000000000,
                                         0.8141155200,   0.5807029000, -35.505415e-09
               </part>
               <part>
                  <!-- parent      --> "Root",
                  <!-- child       --> "LightMount25",
                  <!-- position    --> 89.640854, -0.0034142598, -63.897835,
                  <!-- orientation -->  -0.9483236700,   0.3173046400,  10.337866e-09,
                                        74.524600e-09,  190.15032e-09,   1.0000000000,
                                         0.3173046400,   0.9483236700, -203.97104e-09
               </part>
               <part>
                  <!-- parent      --> "Root",
                  <!-- child       --> "LightMount26",
                  <!-- position    --> 94.94529, -0.0034076085, -47.487259,
                  <!-- orientation -->  -0.9483236700,   0.3173046400,  10.337866e-09,
                                        74.524600e-09,  190.15032e-09,   1.0000000000,
                                         0.3173046400,   0.9483236700, -203.97104e-09
               </part>
               <part>
                  <!-- parent      --> "Root",
                  <!-- child       --> "LightMount27",
                  <!-- position    --> 100.16146, -0.0034085591, -31.540895,
                  <!-- orientation -->  -0.9483236700,   0.3173046400,  10.337866e-09,
                                        74.524600e-09,  190.15032e-09,   1.0000000000,
                                         0.3173046400,   0.9483236700, -203.97104e-09
               </part>
               <part>
                  <!-- parent      --> "Root",
                  <!-- child       --> "LightMount28",
                  <!-- position    --> 105.27524, -0.0034171257, -15.816967,
                  <!-- orientation -->  -0.9483236700,   0.3173046400,  10.337866e-09,
                                        74.524600e-09,  190.15032e-09,   1.0000000000,
                                         0.3173046400,   0.9483236700, -203.97104e-09
               </part>
               <part>
                  <!-- parent      --> "Root",
                  <!-- child       --> "LightMount29",
                  <!-- position    --> 110.07919, -0.0034104984, 0.99513674,
                  <!-- orientation -->  -0.9537169300,  -0.3007058200,  105.08546e-09,
                                        68.856004e-09,  131.07932e-09,   1.0000000000,
                                        -0.3007058200,   0.9537169300, -104.30717e-09
               </part>
               <part>
                  <!-- parent      --> "Root",
                  <!-- child       --> "LightMount30",
                  <!-- position    --> 104.72467, -0.0034114756, 17.389439,
                  <!-- orientation -->  -0.9537169300,  -0.3007058200,  105.08546e-09,
                                        68.856004e-09,  131.07932e-09,   1.0000000000,
                                        -0.3007058200,   0.9537169300, -104.30717e-09
               </part>
               <part>
                  <!-- parent      --> "Root",
                  <!-- child       --> "LightMount31",
                  <!-- position    --> 99.571594, -0.0034124271, 33.356308,
                  <!-- orientation -->  -0.9537169300,  -0.3007058200,  105.08546e-09,
                                        68.856004e-09,  131.07932e-09,   1.0000000000,
                                        -0.3007058200,   0.9537169300, -104.30717e-09
               </part>
               <part>
                  <!-- parent      --> "Root",
                  <!-- child       --> "LightMount32",
                  <!-- position    --> 94.466438, -0.0034209939, 49.083042,
                  <!-- orientation -->  -0.9537169300,  -0.3007058200,  105.08546e-09,
                                        68.856004e-09,  131.07932e-09,   1.0000000000,
                                        -0.3007058200,   0.9537169300, -104.30717e-09
               </part>
               <part>
                  <!-- parent      --> "Root",
                  <!-- child       --> "LightMount33",
                  <!-- position    --> 88.471008, -0.0034143436, 65.508011,
                  <!-- orientation -->  -0.5948227000,  -0.8038569100,  189.97675e-09,
                                        98.480825e-09,  163.45957e-09,   1.0000000000,
                                        -0.8038569100,   0.5948227000, -18.064974e-09
               </part>
               <part>
                  <!-- parent      --> "Root",
                  <!-- child       --> "LightMount34",
                  <!-- position    --> 74.502785, -0.0034149466, 75.623978,
                  <!-- orientation -->  -0.5948227000,  -0.8038569100,  189.97675e-09,
                                        98.480825e-09,  163.45957e-09,   1.0000000000,
                                        -0.8038569100,   0.5948227000, -18.064974e-09
               </part>
               <part>
                  <!-- parent      --> "Root",
                  <!-- child       --> "LightMount35",
                  <!-- position    --> 60.948772, -0.0034079065, 85.512535,
                  <!-- orientation -->  -0.5948227000,  -0.8038569100,  189.97675e-09,
                                        98.480825e-09,  163.45957e-09,   1.0000000000,
                                        -0.8038569100,   0.5948227000, -18.064974e-09
               </part>
               <part>
                  <!-- parent      --> "Root",
                  <!-- child       --> "LightMount36",
                  <!-- position    --> 47.574669, -0.0034161154, 95.234993,
                  <!-- orientation -->  -0.5948227000,  -0.8038569100,  189.97675e-09,
                                        98.480825e-09,  163.45957e-09,   1.0000000000,
                                        -0.8038569100,   0.5948227000, -18.064974e-09
               </part>
               <part>
                  <!-- parent      --> "Root",
                  <!-- child       --> "LightMount37",
                  <!-- position    --> 33.069908, -0.0034090681, 104.99905,
                  <!-- orientation -->  -0.0087265261,  -0.9999619100,  210.24097e-09,
                                       -5.8168488e-09,  210.29973e-09,   1.0000000000,
                                        -0.9999619100,   0.0087265261, -7.6518134e-09
               </part>
               <part>
                  <!-- parent      --> "Root",
                  <!-- child       --> "LightMount38",
                  <!-- position    --> 15.823364, -0.0034090665, 104.97272,
                  <!-- orientation -->  -0.0087265261,  -0.9999619100,  210.24097e-09,
                                       -5.8168488e-09,  210.29973e-09,   1.0000000000,
                                        -0.9999619100,   0.0087265261, -7.6518134e-09
               </part>
               <part>
                  <!-- parent      --> "Root",
                  <!-- child       --> "LightMount39",
                  <!-- position    --> -0.95441437, -0.0034090686, 105.00588,
                  <!-- orientation -->  -0.0087265261,  -0.9999619100,  210.24097e-09,
                                       -5.8168488e-09,  210.29973e-09,   1.0000000000,
                                        -0.9999619100,   0.0087265261, -7.6518134e-09
               </part>
               <part>
                  <!-- parent      --> "Root",
                  <!-- child       --> "LightMount40",
                  <!-- position    --> -17.48901, -0.0034166982, 105.01041,
                  <!-- orientation -->  -0.0087265261,  -0.9999619100,  210.24097e-09,
                                       -5.8168488e-09,  210.29973e-09,   1.0000000000,
                                        -0.9999619100,   0.0087265261, -7.6518134e-09
               </part>
            </Fix>
            <Pris type="Rev" count="2">
               <part>
                  <!-- parent      --> "Root",
                  <!-- child       --> "base_piston02",
                  <!-- position    --> 76.285713, -4.5999093, 36.465546,
                  <!-- offset      --> 0, 0, 0,
                  <!-- orientation -->   1.0000000000,   0.0000000000,   0.0000000000,
                                        -0.0000000000,   1.0000000000,  119.20929e-09,
                                         0.0000000000, -119.20929e-09,   1.0000000000,
                  <!-- axis        -->  145.76685e-09,  -1.0000000000,  176.17278e-09,
                  <!-- min, max    --> -0.029487666, 7.7967601
               </part>
               <part>
                  <!-- parent      --> "Root",
                  <!-- child       --> "base_piston01",
                  <!-- position    --> 83.025475, -12.34871, 15.090494,
                  <!-- offset      --> 0, 0, 0,
                  <!-- orientation -->   1.0000000000,   0.0000000000,   0.0000000000,
                                        -0.0000000000,   1.0000000000,  119.20929e-09,
                                         0.0000000000, -119.20929e-09,   1.0000000000,
                  <!-- axis        --> -48.548078e-09,   1.0000000000, -9.5306802e-09,
                  <!-- min, max    --> -0.047958482, 7.828125
               </part>
            </Pris>
         </Cons>
      </Cmpnd>
      <Animation>
         <Script>
            <Sc_loop>
               <Joint_map_0 name="Joint map 0">
                  <Parent_name name="Parent name" type="text">Root</Parent_name>
                  <Child_name name="Child name" type="text">base_piston02</Child_name>
                  <Channel>
                     <Header type="Header">
                        <!-- count    --> 401,
                        <!-- interval --> 1,
                        <!-- flags    --> 0x1
                     </Header>
                     <Frames type="Frames" count="401">
                            0.0000000000
                            2.8040543000
                            4.9843211000
                            6.5408168000
                            7.4735332000
                            7.7174983000
                            6.6359324000
                            4.6186976000
                            2.3675461000
                            0.5842360900
                           -0.0294876660
                            1.0106201000
                            3.1501770000
                            5.5329814000
                            7.3028483000
                            7.6098094000
                            6.2019954000
                            3.8838038000
                            1.5656052000
                            0.1577681900
                            0.4822692300
                            2.3168869000
                            4.7578425000
                            6.8896327000
                            7.7967601000
                            6.8657451000
                            4.7071986000
                            2.2417908000
                            0.3901442900
                            0.0565947930
                            1.4222336000
                            3.6947703000
                            6.0154567000
                            7.5255427000
                            7.4651484000
                            6.0164180000
                            3.8706584000
                            1.7232285000
                            0.2694930400
                            0.2000731800
                            1.6905746000
                            3.9864116000
                            6.2375484000
                            7.5939555000
                            7.2887568000
                            5.5304942000
                            3.1611481000
                            1.0334167000
                            0.0000000000
                            0.6138686500
                            2.3928146000
                            4.6367869000
                            6.6457438000
                            7.7196269000
                            7.2148814000
                            5.3370051000
                            2.9306870000
                            0.8553695100
                           -0.0294876660
                            0.8821257900
                            3.0142517000
                            5.4533381000
                            7.2858577000
                            7.6098094000
                            6.2019954000
                            3.8838038000
                            1.5656052000
                            0.1577681900
                            0.4822692300
                            2.3168869000
                            4.7578425000
                            6.8896327000
                            7.7967601000
                            6.9008021000
                            4.8092036000
                            2.3852234000
                            0.4921492900
                           -0.0217819770
                            1.0478592000
                            3.0558701000
                            5.3012614000
                            7.0830760000
                            7.7003398000
                            6.6719050000
                            4.5513072000
                            2.1896057000
                            0.4378432600
                            0.1410140400
                            1.5507965000
                            3.8665538000
                            6.1816401000
                            7.5894084000
                            7.2718349000
                            5.4511790000
                            3.0257797000
                            0.9054488500
                            0.0000000000
                            0.9187926700
                            3.0549927000
                            5.4941249000
                            7.3217311000
                            7.6390605000
                            6.2616496000
                            3.9804149000
                            1.6548157000
                            0.1442946800
                            0.2104415300
                            1.6729889000
                            3.8370585000
                            6.0033488000
                            7.4725566000
                            7.5503001000
                            6.0611339000
                            3.7630153000
                            1.5092621000
                            0.1531905500
                            0.4822692300
                            2.3168869000
                            4.7578425000
                            6.8896327000
                            7.7967601000
                            6.9008021000
                            4.8092036000
                            2.3852234000
                            0.4921492900
                           -0.0217819770
                            1.0478592000
                            3.0558701000
                            5.3012614000
                            7.0830760000
                            7.7003398000
                            6.6719050000
                            4.5513072000
                            2.1896057000
                            0.4378432600
                            0.1410140400
                            1.5507965000
                            3.8665538000
                            6.1816401000
                            7.5894084000
                            7.2887568000
                            5.5304942000
                            3.1611481000
                            1.0334167000
                            0.0000000000
                            0.6138686500
                            2.3928146000
                            4.6367869000
                            6.6457438000
                            7.7196269000
                            7.1922679000
                            5.2310100000
                            2.7497940000
                            0.6843718900
                           -0.0294876660
                            1.2819901000
                            3.8396831000
                            6.4000163000
                            7.7194285000
                            7.0226817000
                            4.9831920000
                            2.5303726000
                            0.5936278700
                            0.0812148530
                            1.1644821000
                            3.1786270000
                            5.4226909000
                            7.1957240000
                            7.7967601000
                            6.7371821000
                            4.5712047000
                            2.1621017000
                            0.3731460000
                            0.0565947930
                            1.4222336000
                            3.6947703000
                            6.0154567000
                            7.5255427000
                            7.4651484000
                            6.0164180000
                            3.8706584000
                            1.7232285000
                            0.2694930400
                            0.1954650300
                            1.6338196000
                            3.8647304000
                            6.0956416000
                            7.5339961000
                            7.4606166000
                            6.0094218000
                            3.8647304000
                            1.7200470000
                            0.2688445400
                            0.1955184300
                            1.6345062000
                            3.8662181000
                            6.0973811000
                            7.5347285000
                            7.4576030000
                            5.9983974000
                            3.8442607000
                            1.6917877000
                            0.2375640300
                            0.1693038300
                            1.6245270000
                            3.8784175000
                            6.1308284000
                            7.5816340000
                            7.4840083000
                            5.9335017000
                            3.6747737000
                            1.4680557000
                            0.0735930870
                            0.2509536100
                            2.1812820000
                            4.8390269000
                            7.0586772000
                            7.6936870000
                            6.4459071000
                            4.1653743000
                            1.7814102000
                            0.2233428400
                            0.2956389800
                            1.7671051000
                            3.9357677000
                            6.1006846000
                            7.5609126000
                            7.6197886000
                            6.0954967000
                            3.7525554000
                            1.4542465000
                            0.0638503510
                            0.3748549800
                            2.2002258000
                            4.6399455000
                            6.7784877000
                            7.7003398000
                            6.7996974000
                            4.6865001000
                            2.2688141000
                            0.4547423700
                            0.1364592900
                            1.4947281000
                            3.7463527000
                            6.0414653000
                            7.5301890000
                            7.4576030000
                            5.9983974000
                            3.8442607000
                            1.6917877000
                            0.2375640300
                            0.1692962100
                            1.6245117000
                            3.8783793000
                            6.1307902000
                            7.5816188000
                            7.5042567000
                            6.0328288000
                            3.8596492000
                            1.6864777000
                            0.2150496800
                            0.1482772200
                            1.7186508000
                            4.1198878000
                            6.4201350000
                            7.6875453000
                            7.0717158000
                            4.8745036000
                            2.2385330000
                            0.3248519300
                            0.1554793700
                            1.5507889000
                            3.7527003000
                            6.0023570000
                            7.5408931000
                            7.6243968000
                            6.1521602000
                            3.8740382000
                            1.5959167000
