<?xml version="1.0" encoding="ISO-8859-1"?>
<!-- XML generated by UTFXML Version 2.2 built 19-Aug-2010 -->
<UTFXML filename="rh_stuttgart_trader.cmp" path="BASES\RHEINLAND">
   <UTF_ROOT>
      <VMeshLibrary>
         <data.bases.rheinland.rh_stuttgart_trader.lod0-12.vms include="rh_stuttgart_trader_cmp\lod0-12.vms.xml"/>
         <data.bases.rheinland.rh_stuttgart_trader.lod0-112.vms include="rh_stuttgart_trader_cmp\lod0-112.vms.xml"/>
         <data.bases.rheinland.rh_stuttgart_trader.lod0-212.vms include="rh_stuttgart_trader_cmp\lod0-212.vms.xml"/>
      </VMeshLibrary>
      <Exporter_Version name="Exporter Version" type="text">Nov  5 2002 11:41:55</Exporter_Version>
      <Cmpnd>
         <Root>
            <Object_name name="Object name" type="text">Root</Object_name>
            <File_name name="File name" type="text">Root_trade021120173353.3db</File_name>
            <Index type="int">0</Index>
         </Root>
         <Part_Fan01>
            <Object_name name="Object name" type="text">Fan01</Object_name>
            <File_name name="File name" type="text">Fan01021120173353.3db</File_name>
            <Index type="int">1</Index>
         </Part_Fan01>
         <Part_ExitDoor01>
            <Object_name name="Object name" type="text">ExitDoor01</Object_name>
            <File_name name="File name" type="text">ExitDoor01021120173353.3db</File_name>
            <Index type="int">2</Index>
         </Part_ExitDoor01>
         <Part_ExitDoor02>
            <Object_name name="Object name" type="text">ExitDoor02</Object_name>
            <File_name name="File name" type="text">ExitDoor02021120173353.3db</File_name>
            <Index type="int">3</Index>
         </Part_ExitDoor02>
         <Part_cap>
            <Object_name name="Object name" type="text">cap</Object_name>
            <File_name name="File name" type="text">cap021120173353.3db</File_name>
            <Index type="int">4</Index>
         </Part_cap>
         <Part_Fan02>
            <Object_name name="Object name" type="text">Fan02</Object_name>
            <File_name name="File name" type="text">Fan02021120173353.3db</File_name>
            <Index type="int">5</Index>
         </Part_Fan02>
         <Part_Fan03>
            <Object_name name="Object name" type="text">Fan03</Object_name>
            <File_name name="File name" type="text">Fan03021120173353.3db</File_name>
            <Index type="int">6</Index>
         </Part_Fan03>
         <Part_Fan04>
            <Object_name name="Object name" type="text">Fan04</Object_name>
            <File_name name="File name" type="text">Fan04021120173353.3db</File_name>
            <Index type="int">7</Index>
         </Part_Fan04>
         <Part_fans>
            <Object_name name="Object name" type="text">fans</Object_name>
            <File_name name="File name" type="text">fans021120173353.3db</File_name>
            <Index type="int">8</Index>
         </Part_fans>
         <Cons>
            <Fix type="Fix" count="4">
               <part>
                  <!-- parent      --> "Root",
                  <!-- child       --> "ExitDoor01",
                  <!-- position    --> 21.238543, 3.9683003, -20.758638,
                  <!-- orientation -->   1.0000000000, -18.687066e-15, -7.6759904e-15,
                                        18.687066e-15,   1.0000000000,  7.9936058e-15,
                                        7.6759904e-15, -7.9936058e-15,   1.0000000000
               </part>
               <part>
                  <!-- parent      --> "Root",
                  <!-- child       --> "ExitDoor02",
                  <!-- position    --> -21.419748, 3.9682772, 20.654064,
                  <!-- orientation -->   1.0000000000, -18.687066e-15, -7.6759904e-15,
                                        18.687066e-15,   1.0000000000,  7.9936058e-15,
                                        7.6759904e-15, -7.9936058e-15,   1.0000000000
               </part>
               <part>
                  <!-- parent      --> "Root",
                  <!-- child       --> "cap",
                  <!-- position    --> -0.48445162, 20.676792, -0.97745228,
                  <!-- orientation -->  98.402943e-09, -388.27361e-09,   1.0000000000,
                                        356.95913e-09,   1.0000000000,  388.27358e-09,
                                        -1.0000000000,  356.95911e-09,  98.403085e-09
               </part>
               <part>
                  <!-- parent      --> "Root",
                  <!-- child       --> "fans",
                  <!-- position    --> -43.501167e-9, 439.67322e-9, 3.7302223e-6,
                  <!-- orientation -->   1.0000000000, -15.656800e-09, -4.8409738e-09,
                                        15.656800e-09,   1.0000000000, -22.425432e-09,
                                        4.8409743e-09,  22.425432e-09,   1.0000000000
               </part>
            </Fix>
            <Rev type="Rev" count="4">
               <part>
                  <!-- parent      --> "Root",
                  <!-- child       --> "Fan01",
                  <!-- position    --> 12.370599, 16.469109, -31.2078,
                  <!-- offset      --> 0, 0, 0,
                  <!-- orientation -->  95.370197e-09, -190.10405e-09,  -1.0000000000,
                                        -0.3826836900,   0.9238794400, -212.12983e-09,
                                         0.9238794400,   0.3826836900,  15.360843e-09,
                  <!-- axis        -->   0.0204033570,   0.3826043600,  -0.9236869800,
                  <!-- min, max    --> -6.2831855, 6.2831855
               </part>
               <part>
                  <!-- parent      --> "Root",
                  <!-- child       --> "Fan02",
                  <!-- position    --> -31.211327, 16.469086, 3.4665608,
                  <!-- offset      --> 0, 0, 0,
                  <!-- orientation -->   0.9238796200,   0.3826831600, -19.408398e-09,
                                        -0.3826831600,   0.9238796200, -211.26888e-09,
                                       -62.918019e-09,  202.61429e-09,   1.0000000000,
                  <!-- axis        -->  -0.9267855900,   0.3755908000, -136.61366e-09,
                  <!-- min, max    --> -6.2831855, 6.2831855
               </part>
               <part>
                  <!-- parent      --> "Root",
                  <!-- child       --> "Fan03",
                  <!-- position    --> -4.4802876, 16.469084, 31.209368,
                  <!-- offset      --> 0, 0, 0,
                  <!-- orientation --> -39.536864e-09, -367.96934e-09,   1.0000000000,
                                        -0.3826830700,   0.9238796800,  324.82930e-09,
                                        -0.9238796800,  -0.3826830700, -177.34294e-09,
                  <!-- axis        -->  -0.0204036780,   0.3826037000,   0.9236872200,
                  <!-- min, max    --> -6.2831855, 6.2831855
               </part>
               <part>
                  <!-- parent      --> "Root",
                  <!-- child       --> "Fan04",
                  <!-- position    --> 31.220808, 16.469109, -11.315427,
                  <!-- offset      --> 0, 0, 0,
                  <!-- orientation -->  -0.9238794400,  -0.3826836000, -171.05687e-09,
                                        -0.3826836000,   0.9238794400,  289.02858e-09,
                                        47.429427e-09,  332.48821e-09,  -1.0000000000,
                  <!-- axis        -->   0.9267854100,   0.3755913400,  430.31901e-09,
                  <!-- min, max    --> -6.2831855, 6.2831855
               </part>
            </Rev>
         </Cons>
      </Cmpnd>
      <Animation>
         <Script>
            <Sc_loop>
               <Joint_map_0 name="Joint map 0">
                  <Parent_name name="Parent name" type="text">Root</Parent_name>
                  <Child_name name="Child name" type="text">Fan01</Child_name>
                  <Channel>
                     <Header type="Header">
                        <!-- count    --> 4,
                        <!-- interval --> Explicit,
                        <!-- flags    --> 0x1
                     </Header>
                     <Frames type="Frames" count="4">
                          0.0000000000:   0.0000000000
                          1.6666667000:   3.1409359000
                          1.7333335000:  -3.0153079000
                          3.3333335000:   0.0000000000
                     </Frames>
                  </Channel>
               </Joint_map_0>
               <Joint_map_1 name="Joint map 1">
                  <Parent_name name="Parent name" type="text">Root</Parent_name>
                  <Child_name name="Child name" type="text">Fan02</Child_name>
                  <Channel>
                     <Header type="Header">
                        <!-- count    --> 4,
                        <!-- interval --> Explicit,
                        <!-- flags    --> 0x1
                     </Header>
                     <Frames type="Frames" count="4">
                          0.0000000000:   0.0000000000
                          1.6666667000:   3.1414976000
                          1.7333335000:  -3.0158470000
                          3.3333335000:  -0.0000000000
                     </Frames>
                  </Channel>
               </Joint_map_1>
               <Joint_map_2 name="Joint map 2">
                  <Parent_name name="Parent name" type="text">Root</Parent_name>
                  <Child_name name="Child name" type="text">Fan03</Child_name>
                  <Channel>
                     <Header type="Header">
                        <!-- count    --> 4,
                        <!-- interval --> Explicit,
                        <!-- flags    --> 0x1
                     </Header>
                     <Frames type="Frames" count="4">
                          0.0000000000:   0.0000000000
                          1.6000000000:   3.0153079000
                          1.6666667000:  -3.1409359000
                          3.3333335000:  -0.0000000000
                     </Frames>
                  </Channel>
               </Joint_map_2>
               <Joint_map_3 name="Joint map 3">
                  <Parent_name name="Parent name" type="text">Root</Parent_name>
                  <Child_name name="Child name" type="text">Fan04</Child_name>
                  <Channel>
                     <Header type="Header">
                        <!-- count    --> 4,
                        <!-- interval --> Explicit,
                        <!-- flags    --> 0x1
                     </Header>
                     <Frames type="Frames" count="4">
                          0.0000000000:   0.0000000000
                          1.6000000000:   3.0158472000
                          1.6666667000:  -3.1414976000
                          3.3333335000:   0.0000000000
                     </Frames>
                  </Channel>
               </Joint_map_3>
            </Sc_loop>
         </Script>
      </Animation>
      <Material_library name="Material library">
         <Material_count name="Material count" type="int">26</Material_count>
         <rhinecomm-012.tga021120173353>
            <Dt_name type="text">rhinecomm-012.tga021120173353</Dt_name>
            <Ec type="RGB">0.8, 0.8, 0.8</Ec>
            <Dm1_name type="text">rhstutttraderdtl1</Dm1_name>
            <Dm0_name type="text">rhstutttraderdtl1</Dm0_name>
            <Dm0_flags type="int">0x40</Dm0_flags>
            <Dm1_flags type="int">0x40</Dm1_flags>
            <Type type="text">Masked2DetailMapMaterial</Type>
            <Dt_flags type="int">0x40</Dt_flags>
            <TileRate0 type="float">3</TileRate0>
            <TileRate1 type="float">3</TileRate1>
         </rhinecomm-012.tga021120173353>
         <rhinecomm-013.tga021120173353>
            <Dt_name type="text">rhinecomm-013.tga021120173353</Dt_name>
            <Ec type="RGB">0.5, 0.5, 0.5</Ec>
            <Dm1_name type="text">rhstutttraderdtl1</Dm1_name>
            <Dm0_name type="text">rhstutttraderdtl1</Dm0_name>
            <Dm0_flags type="int">0x40</Dm0_flags>
            <Dm1_flags type="int">0x40</Dm1_flags>
            <Type type="text">Masked2DetailMapMaterial</Type>
            <Dt_flags type="int">0x40</Dt_flags>
            <TileRate0 type="float">3</TileRate0>
            <TileRate1 type="float">3</TileRate1>
         </rhinecomm-013.tga021120173353>
         <rhinecomm-016.tga021120173353>
            <Dc type="RGB">0.99215692, 0.99215692, 0.99215692</Dc>
            <Dt_name type="text">rhinecomm-016.tga021120173353</Dt_name>
            <Ec type="RGB">0.49607846, 0.49607846, 0.49607846</Ec>
            <Dm1_name type="text">rhstutttraderdtl1</Dm1_name>
            <Dm0_name type="text">rhstutttraderdtl1</Dm0_name>
            <Dm0_flags type="int">0x40</Dm0_flags>
            <Dm1_flags type="int">0x40</Dm1_flags>
            <Type type="text">Masked2DetailMapMaterial</Type>
            <Dt_flags type="int">0x40</Dt_flags>
            <TileRate0 type="float">3</TileRate0>
            <TileRate1 type="float">3</TileRate1>
         </rhinecomm-016.tga021120173353>
         <rhinecomm-027.tga021120173353>
            <Dt_name type="text">rhinecomm-027.tga021120173353</Dt_name>
            <Ec type="RGB">0.9, 0.9, 0.9</Ec>
            <Dm1_name type="text">rhstutttraderdtl1</Dm1_name>
            <Dm0_name type="text">rhstutttraderdtl1</Dm0_name>
            <Dm0_flags type="int">0x40</Dm0_flags>
            <Dm1_flags type="int">0x40</Dm1_flags>
            <Type type="text">Masked2DetailMapMaterial</Type>
            <Dt_flags type="int">0x40</Dt_flags>
            <TileRate0 type="float">3</TileRate0>
            <TileRate1 type="float">3</TileRate1>
         </rhinecomm-027.tga021120173353>
         <rhinecomm-023.tga021120173353>
            <Dt_name type="text">rhinecomm-023.tga021120173353</Dt_name>
            <Dm1_name type="text">rhstutttraderdtl1</Dm1_name>
            <Dm0_name type="text">rhstutttraderdtl1</Dm0_name>
            <Dm0_flags type="int">0x40</Dm0_flags>
            <Dm1_flags type="int">0x40</Dm1_flags>
            <Type type="text">Masked2DetailMapMaterial</Type>
            <Dt_flags type="int">0x40</Dt_flags>
            <TileRate1 type="float">3</TileRate1>
            <TileRate0 type="float">3</TileRate0>
         </rhinecomm-023.tga021120173353>
         <rhinecomm-010.tga021120173353>
            <Dt_name type="text">rhinecomm-010.tga021120173353</Dt_name>
            <Ec type="RGB">0.9, 0.9, 0.9</Ec>
            <Dm1_name type="text">rhstutttraderdtl1</Dm1_name>
            <Dm0_name type="text">rhstutttraderdtl1</Dm0_name>
            <Dm0_flags type="int">0x40</Dm0_flags>
            <Dm1_flags type="int">0x40</Dm1_flags>
            <Type type="text">Masked2DetailMapMaterial</Type>
            <Dt_flags type="int">0x40</Dt_flags>
            <TileRate1 type="float">3</TileRate1>
            <TileRate0 type="float">3</TileRate0>
         </rhinecomm-010.tga021120173353>
         <rhinecomm-014.tga021120173353>
            <Dc type="RGB">0.99215692, 0.99215692, 0.99215692</Dc>
            <Dt_name type="text">rhinecomm-014.tga021120173353</Dt_name>
            <Ec type="RGB">0.79372549, 0.79372549, 0.79372549</Ec>
            <Dm1_name type="text">rhstutttraderdtl1</Dm1_name>
            <Dm0_name type="text">rhstutttraderdtl1</Dm0_name>
            <Dm0_flags type="int">0x40</Dm0_flags>
            <Dm1_flags type="int">0x40</Dm1_flags>
            <Type type="text">Masked2DetailMapMaterial</Type>
            <Dt_flags type="int">0x40</Dt_flags>
            <TileRate1 type="float">3</TileRate1>
            <TileRate0 type="float">3</TileRate0>
         </rhinecomm-014.tga021120173353>
         <rhinecomm-03.tga021120173353>
            <Dt_name type="text">rhinecomm-03.tga021120173353</Dt_name>
            <Dm1_name type="text">rhstutttraderdtl1</Dm1_name>
            <Dm0_name type="text">rhstutttraderdtl1</Dm0_name>
            <Dm0_flags type="int">0x40</Dm0_flags>
            <Dm1_flags type="int">0x40</Dm1_flags>
            <Type type="text">Masked2DetailMapMaterial</Type>
            <Dt_flags type="int">0x40</Dt_flags>
            <TileRate1 type="float">3</TileRate1>
            <TileRate0 type="float">3</TileRate0>
         </rhinecomm-03.tga021120173353>
         <rhinecomm-02.tga021120173353>
            <Dt_name type="text">rhinecomm-02.tga021120173353</Dt_name>
            <Ec type="RGB">0.6, 0.6, 0.6</Ec>
            <Dm1_name type="text">rhstutttraderdtl1</Dm1_name>
            <Dm0_name type="text">rhstutttraderdtl1</Dm0_name>
            <Dm0_flags type="int">0x40</Dm0_flags>
            <Dm1_flags type="int">0x40</Dm1_flags>
            <Type type="text">Masked2DetailMapMaterial</Type>
            <TileRate1 type="float">3</TileRate1>
            <TileRate0 type="float">3</TileRate0>
            <Dt_flags type="int">0x40</Dt_flags>
         </rhinecomm-02.tga021120173353>
         <rhinecomm-01.tga021120173353>
            <Dt_name type="text">rhinecomm-01.tga021120173353</Dt_name>
            <Ec type="RGB">0.6, 0.6, 0.6</Ec>
            <Dm1_name type="text">rhstutttraderdtl1</Dm1_name>
            <Dm0_name type="text">rhstutttraderdtl1</Dm0_name>
            <Dm0_flags type="int">0x40</Dm0_flags>
            <Dm1_flags type="int">0x40</Dm1_flags>
            <Type type="text">Masked2DetailMapMaterial</Type>
            <Dt_flags type="int">0x40</Dt_flags>
            <TileRate1 type="float">3</TileRate1>
            <TileRate0 type="float">3</TileRate0>
         </rhinecomm-01.tga021120173353>
         <rhinecomm-024.tga021120173353>
            <Dt_name type="text">rhinecomm-024.tga021120173353</Dt_name>
            <Ec type="RGB">0.4, 0.4, 0.4</Ec>
            <Dm1_name type="text">rhstutttraderdtl1</Dm1_name>
            <Dm0_name type="text">rhstutttraderdtl1</Dm0_name>
            <Dm0_flags type="int">0x40</Dm0_flags>
            <Dm1_flags type="int">0x40</Dm1_flags>
            <Type type="text">Masked2DetailMapMaterial</Type>
            <Dt_flags type="int">0x40</Dt_flags>
            <TileRate1 type="float">3</TileRate1>
            <TileRate0 type="float">3</TileRate0>
         </rhinecomm-024.tga021120173353>
         <detailmap_rhinecomm-09.tga021120173353>
            <Type type="text">DcDtBtEc</Type>
            <Dt_name type="text">rhinecomm-09.tga021120173353</Dt_name>
            <Dt_flags type="int">0x40</Dt_flags>
            <Bt_name type="text">dtl_tile02.tga021120173353</Bt_name>
            <Bt_flags type="int">0x50</Bt_flags>
            <Ec type="RGB">0.6, 0.6, 0.6</Ec>
         </detailmap_rhinecomm-09.tga021120173353>
         <rhinecomm-05.tga021120173353>
            <Dt_name type="text">rhinecomm-05.tga021120173353</Dt_name>
            <Ec type="RGB">0.6, 0.6, 0.6</Ec>
            <Dm1_name type="text">rhstutttraderdtl1</Dm1_name>
            <Dm0_name type="text">rhstutttraderdtl1</Dm0_name>
            <Dm0_flags type="int">0x40</Dm0_flags>
            <Dm1_flags type="int">0x40</Dm1_flags>
            <Type type="text">Masked2DetailMapMaterial</Type>
            <Dt_flags type="int">0x40</Dt_flags>
            <TileRate1 type="float">3</TileRate1>
            <TileRate0 type="float">3</TileRate0>
         </rhinecomm-05.tga021120173353>
         <rhinecomm-017.tga021120173353>
            <Dt_name type="text">rhinecomm-017.tga021120173353</Dt_name>
            <Dm1_name type="text">rhstutttraderdtl1</Dm1_name>
            <Dm0_name type="text">rhstutttraderdtl1</Dm0_name>
            <Dm0_flags type="int">0x40</Dm0_flags>
            <Dm1_flags type="int">0x40</Dm1_flags>
            <Type type="text">Masked2DetailMapMaterial</Type>
            <Dt_flags type="int">0x40</Dt_flags>
            <TileRate1 type="float">3</TileRate1>
            <TileRate0 type="float">3</TileRate0>
         </rhinecomm-017.tga021120173353>
         <rhinecomm-020.tga021120173353>
            <Dt_name type="text">rhinecomm-020.tga021120173353</Dt_name>
            <Ec type="RGB">0.9, 0.9, 0.9</Ec>
            <Dm1_name type="text">rhstutttraderdtl1</Dm1_name>
            <Dm0_name type="text">rhstutttraderdtl1</Dm0_name>
            <Dm0_flags type="int">0x40</Dm0_flags>
            <Dm1_flags type="int">0x40</Dm1_flags>
            <Type type="text">Masked2DetailMapMaterial</Type>
            <Dt_flags type="int">0x40</Dt_flags>
            <TileRate1 type="float">3</TileRate1>
            <TileRate0 type="float">3</TileRate0>
         </rhinecomm-020.tga021120173353>
         <rhinecomm-022.tga021120173353>
            <Dt_name type="text">rhinecomm-022.tga021120173353</Dt_name>
            <Dm1_name type="text">rhstutttraderdtl1</Dm1_name>
            <Dm0_name type="text">rhstutttraderdtl1</Dm0_name>
            <Dm0_flags type="int">0x40</Dm0_flags>
            <Dm1_flags type="int">0x40</Dm1_flags>
            <Type type="text">Masked2DetailMapMaterial</Type>
            <Dt_flags type="int">0x40</Dt_flags>
            <TileRate1 type="float">3</TileRate1>
            <TileRate0 type="float">3</TileRate0>
         </rhinecomm-022.tga021120173353>
         <rhinecomm-021.tga021120173353>
            <Dt_name type="text">rhinecomm-021.tga021120173353</Dt_name>
            <Dm1_name type="text">rhstutttraderdtl1</Dm1_name>
            <Dm0_name type="text">rhstutttraderdtl1</Dm0_name>
            <Dm0_flags type="int">0x40</Dm0_flags>
            <Dm1_flags type="int">0x40</Dm1_flags>
            <Type type="text">Masked2DetailMapMaterial</Type>
            <Dt_flags type="int">0x40</Dt_flags>
            <TileRate1 type="float">3</TileRate1>
            <TileRate0 type="float">3</TileRate0>
         </rhinecomm-021.tga021120173353>
         <rhinecomm-018.tga021120173353>
            <Dt_name type="text">rhinecomm-018.tga021120173353</Dt_name>
            <Dm1_name type="text">rhstutttraderdtl1</Dm1_name>
            <Dm0_name type="text">rhstutttraderdtl1</Dm0_name>
            <Dm0_flags type="int">0x40</Dm0_flags>
            <Dm1_flags type="int">0x40</Dm1_flags>
            <Type type="text">Masked2DetailMapMaterial</Type>
            <Dt_flags type="int">0x40</Dt_flags>
            <TileRate1 type="float">3</TileRate1>
            <TileRate0 type="float">3</TileRate0>
         </rhinecomm-018.tga021120173353>
         <rhinecomm-015.tga021120173353>
            <Dt_name type="text">rhinecomm-015.tga021120173353</Dt_name>
            <Dm1_name type="text">rhstutttraderdtl1</Dm1_name>
            <Dm0_name type="text">rhstutttraderdtl1</Dm0_name>
            <Dm0_flags type="int">0x40</Dm0_flags>
            <Dm1_flags type="int">0x40</Dm1_flags>
            <Type type="text">Masked2DetailMapMaterial</Type>
            <Dt_flags type="int">0x40</Dt_flags>
            <TileRate1 type="float">3</TileRate1>
            <TileRate0 type="float">3</TileRate0>
         </rhinecomm-015.tga021120173353>
         <rhinecomm-04.tga021120173353>
            <Dt_name type="text">rhinecomm-04.tga021120173353</Dt_name>
            <Dm1_name type="text">rhstutttraderdtl1</Dm1_name>
            <Dm0_name type="text">rhstutttraderdtl1</Dm0_name>
            <Dm0_flags type="int">0x40</Dm0_flags>
            <Dm1_flags type="int">0x40</Dm1_flags>
            <Type type="text">Masked2DetailMapMaterial</Type>
            <Dt_flags type="int">0x40</Dt_flags>
            <TileRate1 type="float">3</TileRate1>
            <TileRate0 type="float">3</TileRate0>
         </rhinecomm-04.tga021120173353>
         <rhinecomm-07.tga021120173353>
            <Dt_name type="text">rhinecomm-07.tga021120173353rhinecomm-08.tga</Dt_name>
            <Dm1_name type="text">rhstutttraderdtl1</Dm1_name>
            <Dm0_name type="text">rhstutttraderdtl1</Dm0_name>
            <Dm0_flags type="int">0x40</Dm0_flags>
            <Dm1_flags type="int">0x40</Dm1_flags>
            <Type type="text">Masked2DetailMapMaterial</Type>
            <Dt_flags type="int">0x40</Dt_flags>
            <TileRate1 type="float">3</TileRate1>
            <TileRate0 type="float">3</TileRate0>
         </rhinecomm-07.tga021120173353>
         <rhinecomm-011.tga021120173353>
            <Dt_name type="text">rhinecomm-011.tga021120173353</Dt_name>
            <Ec type="RGB">0.9, 0.9, 0.9</Ec>
            <Dm1_name type="text">rhstutttraderdtl1</Dm1_name>
            <Dm0_name type="text">rhstutttraderdtl1</Dm0_name>
            <Dm0_flags type="int">0x40</Dm0_flags>
            <Dm1_flags type="int">0x40</Dm1_flags>
            <Type type="text">Masked2DetailMapMaterial</Type>
            <Dt_flags type="int">0x40</Dt_flags>
            <TileRate1 type="float">3</TileRate1>
            <TileRate0 type="float">3</TileRate0>
         </rhinecomm-011.tga021120173353>
         <rhinecomm-025.tga021120173353>
            <Dt_name type="text">rhinecomm-025.tga021120173353</Dt_name>
            <Ec type="RGB">0.4, 0.4, 0.4</Ec>
            <Dm1_name type="text">rhstutttraderdtl1</Dm1_name>
            <Dm0_name type="text">rhstutttraderdtl1</Dm0_name>
            <Dm0_flags type="int">0x40</Dm0_flags>
            <Dm1_flags type="int">0x40</Dm1_flags>
            <Type type="text">Masked2DetailMapMaterial</Type>
            <Dt_flags type="int">0x40</Dt_flags>
            <TileRate1 type="float">3</TileRate1>
            <TileRate0 type="float">3</TileRate0>
         </rhinecomm-025.tga021120173353>
         <rh_tile_G021120173353>
            <Type type="text">DcDtEc</Type>
            <Dt_name type="text">rh_tile2.tga021120173353</Dt_name>
            <Dt_flags type="int">0x40</Dt_flags>
            <Ec type="RGB">0.8, 0.8, 0.8</Ec>
         </rh_tile_G021120173353>
         <rhinecomm-026.tga021120173353>
            <Dt_name type="text">rhinecomm-026.tga021120173353</Dt_name>
            <Dm1_name type="text">rhstutttraderdtl1</Dm1_name>
            <Dm0_name type="text">rhstutttraderdtl1</Dm0_name>
            <Dm0_flags type="int">0x40</Dm0_flags>
            <Dm1_flags type="int">0x40</Dm1_flags>
            <Type type="text">Masked2DetailMapMaterial</Type>
            <Dt_flags type="int">0x40</Dt_flags>
            <TileRate1 type="float">3</TileRate1>
            <TileRate0 type="float">3</TileRate0>
         </rhinecomm-026.tga021120173353>
         <exit-invis021120173353>
            <Type type="text">DcDtOcOt</Type>
            <Oc type="float">0</Oc>
         </exit-invis021120173353>
      </Material_library>
      <Texture_library name="Texture library">
         <rhinecomm-026.tga021120173353>
            <MIPS type="file" filename="rh_stuttgart_trader_cmp\rhinecomm-026.dds"/>
         </rhinecomm-026.tga021120173353>
         <rh_tile2.tga021120173353>
            <MIPS type="file" filename="rh_stuttgart_trader_cmp\rh_tile2.dds"/>
         </rh_tile2.tga021120173353>
         <rhinecomm-025.tga021120173353>
            <MIPS type="file" filename="rh_stuttgart_trader_cmp\rhinecomm-025.dds"/>
         </rhinecomm-025.tga021120173353>
         <rhinecomm-011.tga021120173353>
            <MIPS type="file" filename="rh_stuttgart_trader_cmp\rhinecomm-011.dds"/>
         </rhinecomm-011.tga021120173353>
         <rhinecomm-07.tga021120173353rhinecomm-08.tga>
            <MIPS type="file" filename="rh_stuttgart_trader_cmp\rhinecomm-07.tga021120173353rhinecomm-08.dds"/>
         </rhinecomm-07.tga021120173353rhinecomm-08.tga>
         <rhinecomm-04.tga021120173353>
            <MIPS type="file" filename="rh_stuttgart_trader_cmp\rhinecomm-04.dds"/>
         </rhinecomm-04.tga021120173353>
         <rhinecomm-015.tga021120173353>
            <MIPS type="file" filename="rh_stuttgart_trader_cmp\rhinecomm-015.dds"/>
         </rhinecomm-015.tga021120173353>
         <rhinecomm-018.tga021120173353>
            <MIPS type="file" filename="rh_stuttgart_trader_cmp\rhinecomm-018.dds"/>
         </rhinecomm-018.tga021120173353>
         <rhinecomm-021.tga021120173353>
            <MIPS type="file" filename="rh_stuttgart_trader_cmp\rhinecomm-021.dds"/>
         </rhinecomm-021.tga021120173353>
         <rhinecomm-022.tga021120173353>
            <MIPS type="file" filename="rh_stuttgart_trader_cmp\rhinecomm-022.dds"/>
         </rhinecomm-022.tga021120173353>
         <rhinecomm-020.tga021120173353>
            <MIPS type="file" filename="rh_stuttgart_trader_cmp\rhinecomm-020.dds"/>
         </rhinecomm-020.tga021120173353>
         <rhinecomm-017.tga021120173353>
            <MIPS type="file" filename="rh_stuttgart_trader_cmp\rhinecomm-017.dds"/>
         </rhinecomm-017.tga021120173353>
         <rhinecomm-05.tga021120173353>
            <MIPS type="file" filename="rh_stuttgart_trader_cmp\rhinecomm-05.dds"/>
         </rhinecomm-05.tga021120173353>
         <dtl_tile02.tga021120173353>
            <MIPS type="file" filename="rh_stuttgart_trader_cmp\dtl_tile02.dds"/>
         </dtl_tile02.tga021120173353>
         <rhinecomm-09.tga021120173353>
            <MIPS type="file" filename="rh_stuttgart_trader_cmp\rhinecomm-09.dds"/>
         </rhinecomm-09.tga021120173353>
         <rhinecomm-024.tga021120173353>
            <MIPS type="file" filename="rh_stuttgart_trader_cmp\rhinecomm-024.dds"/>
         </rhinecomm-024.tga021120173353>
         <rhinecomm-01.tga021120173353>
            <MIPS type="file" filename="rh_stuttgart_trader_cmp\rhinecomm-01.dds"/>
         </rhinecomm-01.tga021120173353>
         <rhinecomm-02.tga021120173353>
            <MIPS type="file" filename="rh_stuttgart_trader_cmp\rhinecomm-02.dds"/>
         </rhinecomm-02.tga021120173353>
         <rhinecomm-03.tga021120173353>
            <MIPS type="file" filename="rh_stuttgart_trader_cmp\rhinecomm-03.dds"/>
         </rhinecomm-03.tga021120173353>
         <rhinecomm-014.tga021120173353>
            <MIPS type="file" filename="rh_stuttgart_trader_cmp\rhinecomm-014.dds"/>
         </rhinecomm-014.tga021120173353>
         <rhinecomm-010.tga021120173353>
            <MIPS type="file" filename="rh_stuttgart_trader_cmp\rhinecomm-010.dds"/>
         </rhinecomm-010.tga021120173353>
         <rhinecomm-023.tga021120173353>
            <MIPS type="file" filename="rh_stuttgart_trader_cmp\rhinecomm-023.dds"/>
         </rhinecomm-023.tga021120173353>
         <rhinecomm-027.tga021120173353>
            <MIPS type="file" filename="rh_stuttgart_trader_cmp\rhinecomm-027.dds"/>
         </rhinecomm-027.tga021120173353>
         <rhinecomm-016.tga021120173353>
            <MIPS type="file" filename="rh_stuttgart_trader_cmp\rhinecomm-016.dds"/>
         </rhinecomm-016.tga021120173353>
         <rhinecomm-013.tga021120173353>
            <MIPS type="file" filename="rh_stuttgart_trader_cmp\rhinecomm-013.dds"/>
         </rhinecomm-013.tga021120173353>
         <rhinecomm-012.tga021120173353>
            <MIPS type="file" filename="rh_stuttgart_trader_cmp\rhinecomm-012.dds"/>
         </rhinecomm-012.tga021120173353>
         <rhstutttraderdtl1>
            <MIPS type="file" filename="rh_stuttgart_trader_cmp\rhstutttraderdtl1.dds"/>
         </rhstutttraderdtl1>
      </Texture_library>
      <Root_trade021120173353.3db>
         <VMeshPart>
            <VMeshRef type="VMeshRef">
               <!-- header size  --> 60,
               <!-- vmesh lib    --> data.bases.rheinland.rh_stuttgart_trader.lod0-212.vms,
               <!-- start vert   --> 0,
               <!-- num verts    --> 11777,
               <!-- start index  --> 0,
               <!-- num indices  --> 26172,
               <!-- start mesh   --> 0,
               <!-- num meshes   --> 24,
               <!-- bounding box -->  36.325367,  20.686325,    36.325371,
                                     -36.325367,  -0.25331283, -36.325371,
               <!-- center       -->   0.1204067, 10.34686,     -0.17037998,
               <!-- radius       --> 40.216412
            </VMeshRef>
         </VMeshPart>
         <VMeshWire include="rh_stuttgart_trader_cmp\Root_trade.vwd.xml"/>
         <Hardpoints>
            <Fixed>
               <HpAdvert03>
                  <Position type="Vector">-4.5570102, 11.846143, 22.394028</Position>
                  <Orientation type="Matrix">
                       1.0000000000,  9.7346439e-15, -570.56303e-18,
                     -9.7346439e-15,   1.0000000000,  7.9936075e-15,
                      570.56303e-18, -7.9936075e-15,   1.0000000000
                  </Orientation>
               </HpAdvert03>
               <HpAdvert02>
                  <Position type="Vector">3.3342643, 11.846145, 22.394028</Position>
                  <Orientation type="Matrix">
                       1.0000000000,  9.7346439e-15, -570.56303e-18,
                     -9.7346439e-15,   1.0000000000,  7.9936075e-15,
                      570.56303e-18, -7.9936075e-15,   1.0000000000
                  </Orientation>
               </HpAdvert02>
               <HpAdvert01>
                  <Position type="Vector">11.25382, 11.846147, 22.394028</Position>
                  <Orientation type="Matrix">
                       1.0000000000,  9.7346439e-15, -570.56303e-18,
                     -9.7346439e-15,   1.0000000000,  7.9936075e-15,
                      570.56303e-18, -7.9936075e-15,   1.0000000000
                  </Orientation>
               </HpAdvert01>
               <HpComo10>
                  <Position type="Vector">-22.501324, 11.844827, 11.25505</Position>
                  <Orientation type="Matrix">
                      89.407003e-09, -52.693139e-09,  -1.0000000000,
                     -442.03423e-09,   1.0000000000, -52.693178e-09,
                       1.0000000000,  442.03423e-09,  89.406981e-09
                  </Orientation>
               </HpComo10>
               <HpComo09>
                  <Position type="Vector">-22.501322, 11.844836, -12.414124</Position>
                  <Orientation type="Matrix">
                      89.407003e-09, -52.693139e-09,  -1.0000000000,
                     -442.03423e-09,   1.0000000000, -52.693178e-09,
                       1.0000000000,  442.03423e-09,  89.406981e-09
                  </Orientation>
               </HpComo09>
               <HpComo05>
                  <Position type="Vector">22.519745, 11.844835, 12.410897</Position>
                  <Orientation type="Matrix">
                      29.802237e-09, -384.42096e-09,   1.0000000000,
                      4.9203459e-09,   1.0000000000,  384.42096e-09,
                      -1.0000000000,  4.9203344e-09,  29.802239e-09
                  </Orientation>
               </HpComo05>
               <HpComo04>
                  <Position type="Vector">12.423894, 11.844844, -22.523277</Position>
                  <Orientation type="Matrix">
                      -1.0000000000, -437.11393e-09,  150.99573e-09,
                     -437.11387e-09,   1.0000000000,  331.72776e-09,
                     -150.99587e-09,  331.72770e-09,  -1.0000000000
                  </Orientation>
               </HpComo04>
               <HpComo08>
                  <Position type="Vector">-11.287659, 11.844841, -22.523285</Position>
                  <Orientation type="Matrix">
                      -1.0000000000, -437.11393e-09,  150.99573e-09,
                     -437.11387e-09,   1.0000000000,  331.72776e-09,
                     -150.99587e-09,  331.72770e-09,  -1.0000000000
                  </Orientation>
               </HpComo08>
               <HpComo07>
                  <Position type="Vector">-3.3932908, 11.844843, -22.523285</Position>
                  <Orientation type="Matrix">
                      -1.0000000000, -437.11393e-09,  150.99573e-09,
                     -437.11387e-09,   1.0000000000,  331.72776e-09,
                     -150.99587e-09,  331.72770e-09,  -1.0000000000
                  </Orientation>
               </HpComo07>
               <HpComo06>
                  <Position type="Vector">4.5105577, 11.844841, -22.523285</Position>
                  <Orientation type="Matrix">
                      -1.0000000000, -437.11393e-09,  150.99573e-09,
                     -437.11387e-09,   1.0000000000,  331.72776e-09,
                     -150.99587e-09,  331.72770e-09,  -1.0000000000
                  </Orientation>
               </HpComo06>
               <HpComo11>
                  <Position type="Vector">-12.434561, 11.844824, 22.528397</Position>
                  <Orientation type="Matrix">
                       1.0000000000,  9.7346439e-15, -570.56303e-18,
                     -9.7346439e-15,   1.0000000000,  7.9936075e-15,
                      570.56303e-18, -7.9936075e-15,   1.0000000000
                  </Orientation>
               </HpComo11>
               <HpComo03>
                  <Position type="Vector">22.519745, 11.844835, 4.5589147</Position>
                  <Orientation type="Matrix">
                      29.802237e-09, -384.42096e-09,   1.0000000000,
                      4.9203459e-09,   1.0000000000,  384.42096e-09,
                      -1.0000000000,  4.9203344e-09,  29.802239e-09
                  </Orientation>
               </HpComo03>
               <HpComo02>
                  <Position type="Vector">22.519747, 11.844838, -3.3449395</Position>
                  <Orientation type="Matrix">
                      29.802237e-09, -384.42096e-09,   1.0000000000,
                      4.9203459e-09,   1.0000000000,  384.42096e-09,
                      -1.0000000000,  4.9203344e-09,  29.802239e-09
                  </Orientation>
               </HpComo02>
               <HpComo01>
                  <Position type="Vector">22.519749, 11.844843, -11.258269</Position>
                  <Orientation type="Matrix">
                      29.802237e-09, -384.42096e-09,   1.0000000000,
                      4.9203459e-09,   1.0000000000,  384.42096e-09,
                      -1.0000000000,  4.9203344e-09,  29.802239e-09
                  </Orientation>
               </HpComo01>
               <HpCan11>
                  <Position type="Vector">-26.870605, 0.37027362, 11.328914</Position>
                  <Orientation type="Matrix">
                      89.407003e-09, -52.693139e-09,  -1.0000000000,
                     -442.03423e-09,   1.0000000000, -52.693178e-09,
                       1.0000000000,  442.03423e-09,  89.406981e-09
                  </Orientation>
               </HpCan11>
               <HpCan10>
                  <Position type="Vector">-26.870602, 0.37028232, -12.386456</Position>
                  <Orientation type="Matrix">
                      89.407003e-09, -52.693139e-09,  -1.0000000000,
                     -442.03423e-09,   1.0000000000, -52.693178e-09,
                       1.0000000000,  442.03423e-09,  89.406981e-09
                  </Orientation>
               </HpCan10>
               <HpCan09>
                  <Position type="Vector">-11.392577, 0.37029114, -26.755756</Position>
                  <Orientation type="Matrix">
                      -1.0000000000, -437.11393e-09,  150.99573e-09,
                     -437.11387e-09,   1.0000000000,  331.72776e-09,
                     -150.99587e-09,  331.72770e-09,  -1.0000000000
                  </Orientation>
               </HpCan09>
               <HpCan08>
                  <Position type="Vector">-3.5238445, 0.37029135, -26.755756</Position>
                  <Orientation type="Matrix">
                      -1.0000000000, -437.11393e-09,  150.99573e-09,
                     -437.11387e-09,   1.0000000000,  331.72776e-09,
                     -150.99587e-09,  331.72770e-09,  -1.0000000000
                  </Orientation>
               </HpCan08>
               <HpCan07>
                  <Position type="Vector">4.397891, 0.37029254, -26.755756</Position>
                  <Orientation type="Matrix">
                      -1.0000000000, -437.11393e-09,  150.99573e-09,
