<?xml version="1.0" encoding="ISO-8859-1"?>
<!-- XML generated by UTFXML Version 2.2 built 19-Aug-2010 -->
<UTFXML filename="Scrapland19.cmp" path="SHIPS\new\Scrapland">
   <UTF_ROOT>
      <VMeshLibrary>
         <Scrapland19_1.lod0.vms include="Scrapland19_cmp\lod0.vms.xml"/>
      </VMeshLibrary>
      <Cmpnd>
         <Cons>
            <Rev type="Rev" count="2">
               <part>
                  <!-- parent      --> "Root",
                  <!-- child       --> "Scrapland19_2_lod1",
                  <!-- position    --> 0, 0, 0,
                  <!-- offset      --> 0, 0, 0,
                  <!-- orientation -->   1.0000000000,   0.0000000000,   0.0000000000,
                                         0.0000000000,   1.0000000000,   0.0000000000,
                                         0.0000000000,   0.0000000000,   1.0000000000,
                  <!-- axis        -->   1.0000000000,   0.0000000000,   0.0000000000,
                  <!-- min, max    --> 0, 0.78538001
               </part>
               <part>
                  <!-- parent      --> "Root",
                  <!-- child       --> "Scrapland19_3_lod1",
                  <!-- position    --> 0, 0, 0,
                  <!-- offset      --> 0, 0, 0,
                  <!-- orientation -->   1.0000000000,   0.0000000000,   0.0000000000,
                                         0.0000000000,   1.0000000000,   0.0000000000,
                                         0.0000000000,   0.0000000000,   1.0000000000,
                  <!-- axis        -->   1.0000000000,   0.0000000000,   0.0000000000,
                  <!-- min, max    --> 0, 0.78538001
               </part>
            </Rev>
         </Cons>
         <Root>
            <File_name name="File name" type="text">Scrapland19_1_lod1.3db</File_name>
            <Index type="int">0</Index>
            <Object_name name="Object name" type="text">Root</Object_name>
         </Root>
         <Part_Scrapland19_2_lod1>
            <File_name name="File name" type="text">Scrapland19_2_lod1.3db</File_name>
            <Index type="int">1</Index>
            <Object_name name="Object name" type="text">Scrapland19_2_lod1</Object_name>
         </Part_Scrapland19_2_lod1>
         <Part_Scrapland19_3_lod1>
            <File_name name="File name" type="text">Scrapland19_3_lod1.3db</File_name>
            <Index type="int">2</Index>
            <Object_name name="Object name" type="text">Scrapland19_3_lod1</Object_name>
         </Part_Scrapland19_3_lod1>
      </Cmpnd>
      <Scrapland19_1_lod1.3db>
         <MultiLevel>
            <Level0>
               <VMeshPart>
                  <VMeshRef type="VMeshRef">
                     <!-- header size  --> 60,
                     <!-- vmesh lib    --> Scrapland19_1.lod0.vms,
                     <!-- start vert   --> 0,
                     <!-- num verts    --> 20,
                     <!-- start index  --> 0,
                     <!-- num indices  --> 36,
                     <!-- start mesh   --> 0,
                     <!-- num meshes   --> 1,
                     <!-- bounding box -->  33.716999,     22.905226,   62.020187,
                                           -33.609772,    -24.020517,  -67.085655,
                     <!-- center       -->   0.053613663,  -0.5576458,  -2.5327339,
                     <!-- radius       --> 98.538589
                  </VMeshRef>
               </VMeshPart>
            </Level0>
         </MultiLevel>
         <Hardpoints>
            <Fixed>
               <HpMount>
                  <Orientation type="Matrix">
                       1.0000000000,   0.0000000000,   0.0000000000,
                       0.0000000000,   1.0000000000,   0.0000000000,
                       0.0000000000,   0.0000000000,   1.0000000000
                  </Orientation>
                  <Position type="Vector">0, -27, -25</Position>
               </HpMount>
               <HpBayDoor01>
                  <Orientation type="Matrix">
                       1.0000000000,   0.0000000000,   0.0000000000,
                       0.0000000000,   1.0000000000,   0.0000000000,
                       0.0000000000,   0.0000000000,   1.0000000000
                  </Orientation>
                  <Position type="Vector">0, -30, 0</Position>
               </HpBayDoor01>
               <HpBayDoor02>
                  <Orientation type="Matrix">
                       1.0000000000,   0.0000000000,   0.0000000000,
                       0.0000000000,   1.0000000000,   0.0000000000,
                       0.0000000000,   0.0000000000,   1.0000000000
                  </Orientation>
                  <Position type="Vector">0, -35, 0</Position>
               </HpBayDoor02>
               <HpCloak01>
                  <Orientation type="Matrix">
                       1.0000000000,   0.0000000000,   0.0000000000,
                       0.0000000000,   1.0000000000,   0.0000000000,
                       0.0000000000,   0.0000000000,   1.0000000000
                  </Orientation>
                  <Position type="Vector">0, 0, 0</Position>
               </HpCloak01>
               <HpShield01>
                  <Orientation type="Matrix">
                       1.0000000000,   0.0000000000,   0.0000000000,
                       0.0000000000,   1.0000000000,   0.0000000000,
                       0.0000000000,   0.0000000000,   1.0000000000
                  </Orientation>
                  <Position type="Vector">0, 0, 0</Position>
               </HpShield01>
               <HpFX01>
                  <Orientation type="Matrix">
                       1.0000000000,   0.0000000000,   0.0000000000,
                       0.0000000000,   1.0000000000,   0.0000000000,
                       0.0000000000,   0.0000000000,   1.0000000000
                  </Orientation>
                  <Position type="Vector">0, 0, 0</Position>
               </HpFX01>
               <HpFX02>
                  <Orientation type="Matrix">
                      59.604645e-09,   0.9999998800,   0.0000000000,
                      -0.9999998800,  59.604645e-09,   0.0000000000,
                       0.0000000000,   0.0000000000,   1.0000000000
                  </Orientation>
                  <Position type="Vector">0, 0, 0</Position>
               </HpFX02>
               <HpFX03>
                  <Orientation type="Matrix">
                       1.0000000000,   0.0000000000,   0.0000000000,
                       0.0000000000,  59.604645e-09,   0.9999998800,
                       0.0000000000,  -0.9999998800,  59.604645e-09
                  </Orientation>
                  <Position type="Vector">0, 0, 0</Position>
               </HpFX03>
            </Fixed>
         </Hardpoints>
      </Scrapland19_1_lod1.3db>
      <Scrapland19_2_lod1.3db>
         <MultiLevel>
            <Level0>
               <VMeshPart>
                  <VMeshRef type="VMeshRef">
                     <!-- header size  --> 60,
                     <!-- vmesh lib    --> Scrapland19_1.lod0.vms,
                     <!-- start vert   --> 20,
                     <!-- num verts    --> 298,
                     <!-- start index  --> 36,
                     <!-- num indices  --> 828,
                     <!-- start mesh   --> 1,
                     <!-- num meshes   --> 1,
                     <!-- bounding box -->  33.716999,     22.905226,   62.020187,
                                           -33.609772,    -24.020517,  -67.085655,
                     <!-- center       -->   0.053613663,  -0.5576458,  -2.5327339,
                     <!-- radius       --> 98.538589
                  </VMeshRef>
               </VMeshPart>
            </Level0>
         </MultiLevel>
         <Hardpoints>
            <Fixed>
               <HpThruster01>
                  <Orientation type="Matrix">
                      59.604645e-09,  -0.9999998800,  -0.0000000000,
                       0.9999998800,  59.604645e-09,   0.0000000000,
                       0.0000000000,  -0.0000000000,   1.0000000000
                  </Orientation>
                  <Position type="Vector">-1.016214, -0.64600998, 40.814152</Position>
               </HpThruster01>
               <HpDocklight01>
                  <Orientation type="Matrix">
                       1.0000000000,   0.0000000000,   0.0000000000,
                       0.0000000000,   1.0000000000,   0.0000000000,
                       0.0000000000,   0.0000000000,   1.0000000000
                  </Orientation>
                  <Position type="Vector">0.092164002, 13.748208, 62.013149</Position>
               </HpDocklight01>
               <HpDocklight02>
                  <Orientation type="Matrix">
                       1.0000000000,   0.0000000000,   0.0000000000,
                       0.0000000000,   1.0000000000,   0.0000000000,
                       0.0000000000,   0.0000000000,   1.0000000000
                  </Orientation>
                  <Position type="Vector">0.17429499, -14.945296, 61.960678</Position>
               </HpDocklight02>
               <HpCM03>
                  <Orientation type="Matrix">
                      -0.1330218900,  -0.9848073700,  -0.1116187900,
                       0.6427873400,  298.02322e-09,  -0.7660442600,
                       0.7544063300,  -0.1736481500,   0.6330223100
                  </Orientation>
                  <Position type="Vector">-0.021245999, -23.067221, 41.614906</Position>
               </HpCM03>
               <HpCM04>
                  <Orientation type="Matrix">
                      -0.1330218900,   0.9848073700,   0.1116187900,
                      -0.6427873400,  298.02322e-09,  -0.7660442600,
                      -0.7544063300,  -0.1736481500,   0.6330223100
                  </Orientation>
                  <Position type="Vector">0.33644101, -23.119684, 41.596161</Position>
               </HpCM04>
               <HpRunningLight01>
                  <Orientation type="Matrix">
                       1.0000000000,   0.0000000000,   0.0000000000,
                       0.0000000000,   1.0000000000,   0.0000000000,
                       0.0000000000,   0.0000000000,   1.0000000000
                  </Orientation>
                  <Position type="Vector">0.027062999, 19.616537, 27.431286</Position>
               </HpRunningLight01>
               <HpRunningLight02>
                  <Orientation type="Matrix">
                       1.0000000000,   0.0000000000,   0.0000000000,
                       0.0000000000,   1.0000000000,   0.0000000000,
                       0.0000000000,   0.0000000000,   1.0000000000
                  </Orientation>
                  <Position type="Vector">0.142886, -20.682636, 27.362181</Position>
               </HpRunningLight02>
            </Fixed>
            <Revolute>
               <HpTurret11>
                  <Axis type="Vector">0, 1, 0</Axis>
                  <Max type="float">1.5707964</Max>
                  <Min type="float">-1.7278759</Min>
                  <Orientation type="Matrix">
                      238.41858e-09,  -0.9999997600,  59.604645e-09,
                     -59.604645e-09,  178.81393e-09,  -0.9999997600,
                       0.9999997600,   0.0000000000,  178.81393e-09
                  </Orientation>
                  <Position type="Vector">-1.725759, 17.960938, 34.160442</Position>
               </HpTurret11>
               <HpTurret12>
                  <Axis type="Vector">0, 1, 0</Axis>
                  <Max type="float">1.7278759</Max>
                  <Min type="float">-1.5707964</Min>
                  <Orientation type="Matrix">
                      238.41858e-09,   0.9999997600, -59.604645e-09,
                      59.604645e-09,  178.81393e-09,  -0.9999997600,
                      -0.9999997600,   0.0000000000,  178.81393e-09
                  </Orientation>
                  <Position type="Vector">1.85699, 17.955122, 34.140652</Position>
               </HpTurret12>
               <HpTurret13>
                  <Axis type="Vector">0, 1, 0</Axis>
                  <Max type="float">1.7278759</Max>
                  <Min type="float">-1.5707964</Min>
                  <Orientation type="Matrix">
                      238.41858e-09,  -0.9999997600, -59.604645e-09,
                     -59.604645e-09,  178.81393e-09,   0.9999997600,
                      -0.9999997600,   0.0000000000,  178.81393e-09
                  </Orientation>
                  <Position type="Vector">-1.623258, -19.046528, 34.086639</Position>
               </HpTurret13>
               <HpTurret14>
                  <Axis type="Vector">0, 1, 0</Axis>
                  <Max type="float">1.5707964</Max>
                  <Min type="float">-1.7278759</Min>
                  <Orientation type="Matrix">
                      238.41858e-09,   0.9999997600,  59.604645e-09,
                      59.604645e-09,  178.81393e-09,   0.9999997600,
                       0.9999997600,   0.0000000000,  178.81393e-09
                  </Orientation>
                  <Position type="Vector">1.9627351, -19.038946, 34.085884</Position>
               </HpTurret14>
            </Revolute>
         </Hardpoints>
      </Scrapland19_2_lod1.3db>
      <Scrapland19_3_lod1.3db>
         <MultiLevel>
            <Level0>
               <VMeshPart>
                  <VMeshRef type="VMeshRef">
                     <!-- header size  --> 60,
                     <!-- vmesh lib    --> Scrapland19_1.lod0.vms,
                     <!-- start vert   --> 318,
                     <!-- num verts    --> 1828,
                     <!-- start index  --> 864,
                     <!-- num indices  --> 5142,
                     <!-- start mesh   --> 2,
                     <!-- num meshes   --> 1,
                     <!-- bounding box -->  33.716999,     22.905226,   62.020187,
                                           -33.609772,    -24.020517,  -67.085655,
                     <!-- center       -->   0.053613663,  -0.5576458,  -2.5327339,
                     <!-- radius       --> 98.538589
                  </VMeshRef>
               </VMeshPart>
            </Level0>
         </MultiLevel>
         <Hardpoints>
            <Fixed>
               <HpTractor_Source>
                  <Orientation type="Matrix">
                       1.0000000000,   0.0000000000,   0.0000000000,
                       0.0000000000,   1.0000000000,   0.0000000000,
                       0.0000000000,   0.0000000000,   1.0000000000
                  </Orientation>
                  <Position type="Vector">0, -0.29167101, -66.796402</Position>
               </HpTractor_Source>
               <HpEngine01>
                  <Orientation type="Matrix">
                       1.0000000000,   0.0000000000,   0.0000000000,
                       0.0000000000,   1.0000000000,   0.0000000000,
                       0.0000000000,   0.0000000000,   1.0000000000
                  </Orientation>
                  <Position type="Vector">-17.095257, -0.896496, 23.779615</Position>
               </HpEngine01>
               <HpEngine02>
                  <Orientation type="Matrix">
                       1.0000000000,   0.0000000000,   0.0000000000,
                       0.0000000000,   1.0000000000,   0.0000000000,
                       0.0000000000,   0.0000000000,   1.0000000000
                  </Orientation>
                  <Position type="Vector">-13.723953, -0.88007599, 26.13088</Position>
               </HpEngine02>
               <HpEngine03>
                  <Orientation type="Matrix">
                       1.0000000000,   0.0000000000,   0.0000000000,
                       0.0000000000,   1.0000000000,   0.0000000000,
                       0.0000000000,   0.0000000000,   1.0000000000
                  </Orientation>
                  <Position type="Vector">17.412718, -0.87342799, 23.592075</Position>
               </HpEngine03>
               <HpEngine04>
                  <Orientation type="Matrix">
                       1.0000000000,   0.0000000000,   0.0000000000,
                       0.0000000000,   1.0000000000,   0.0000000000,
                       0.0000000000,   0.0000000000,   1.0000000000
                  </Orientation>
                  <Position type="Vector">13.951657, -0.92953998, 26.025852</Position>
               </HpEngine04>
               <HpEngine05>
                  <Orientation type="Matrix">
                       1.0000000000,   0.0000000000,   0.0000000000,
                       0.0000000000,   1.0000000000,   0.0000000000,
                       0.0000000000,   0.0000000000,   1.0000000000
                  </Orientation>
                  <Position type="Vector">5.49826, -0.462437, 35.566425</Position>
               </HpEngine05>
               <HpEngine06>
                  <Orientation type="Matrix">
                       1.0000000000,   0.0000000000,   0.0000000000,
                       0.0000000000,   1.0000000000,   0.0000000000,
                       0.0000000000,   0.0000000000,   1.0000000000
                  </Orientation>
                  <Position type="Vector">-5.190176, -0.44409701, 35.587044</Position>
               </HpEngine06>
               <HpCM01>
                  <Orientation type="Matrix">
                      119.20929e-09,  -0.8660252700,  -0.5000000000,
                       0.9999998200,  119.20929e-09, -29.802322e-09,
                       0.0000000000,  -0.5000000000,   0.8660254500
                  </Orientation>
                  <Position type="Vector">-32.349411, -0.579916, 26.167765</Position>
               </HpCM01>
               <HpCM02>
                  <Orientation type="Matrix">
                      119.20929e-09,   0.8660252700,   0.5000000000,
                      -0.9999998200,  119.20929e-09, -29.802322e-09,
                       0.0000000000,  -0.5000000000,   0.8660254500
                  </Orientation>
                  <Position type="Vector">32.508179, -0.50792402, 25.996983</Position>
               </HpCM02>
            </Fixed>
            <Revolute>
               <HpTorpedo01>
                  <Axis type="Vector">0, 1, 0</Axis>
                  <Max type="float">0.78539819</Max>
                  <Min type="float">-0.78539819</Min>
                  <Orientation type="Matrix">
                      -1.0000000000, -87.422777e-09,   0.0000000000,
                      87.422777e-09,  -1.0000000000,  -0.0000000000,
                       0.0000000000,   0.0000000000,   1.0000000000
                  </Orientation>
                  <Position type="Vector">0.04659, -7.6075711, 9.6428347</Position>
               </HpTorpedo01>
               <HpA01>
                  <Axis type="Vector">0, 1, 0</Axis>
                  <Max type="float">3.1415927</Max>
                  <Min type="float">-3.1415927</Min>
                  <Orientation type="Matrix">
                      119.20929e-09,  -0.9945216200,   0.1045284500,
                       0.9999997600,  119.20929e-09,  11.175871e-09,
                       0.0000000000,   0.1045284600,   0.9945218600
                  </Orientation>
                  <Position type="Vector">-33.123337, -0.56505001, 23.93314</Position>
               </HpA01>
               <HpA02>
                  <Axis type="Vector">0, 1, 0</Axis>
                  <Max type="float">3.1415927</Max>
                  <Min type="float">-3.1415927</Min>
                  <Orientation type="Matrix">
                      119.20929e-09,   0.9945216200,  -0.1045284500,
                      -0.9999997600,  119.20929e-09,  11.175871e-09,
                       0.0000000000,   0.1045284600,   0.9945218600
                  </Orientation>
                  <Position type="Vector">33.280964, -0.52431798, 23.686834</Position>
               </HpA02>
               <HpA03>
                  <Axis type="Vector">0, 1, 0</Axis>
                  <Max type="float">3.1415927</Max>
                  <Min type="float">-3.1415927</Min>
                  <Orientation type="Matrix">
                      119.20929e-09,  -0.9945216200,   0.1045284500,
                       0.9999997600,  119.20929e-09,  11.175871e-09,
                       0.0000000000,   0.1045284600,   0.9945218600
                  </Orientation>
                  <Position type="Vector">-33.131016, -0.53613001, 23.862236</Position>
               </HpA03>
               <HpA04>
                  <Axis type="Vector">0, 1, 0</Axis>
                  <Max type="float">3.1415927</Max>
                  <Min type="float">-3.1415927</Min>
                  <Orientation type="Matrix">
                      119.20929e-09,   0.9945216200,  -0.1045284500,
                      -0.9999997600,  119.20929e-09,  11.175871e-09,
                       0.0000000000,   0.1045284600,   0.9945218600
                  </Orientation>
                  <Position type="Vector">33.277058, -0.573668, 23.724424</Position>
               </HpA04>
               <HpTurret01>
                  <Axis type="Vector">0, 1, 0</Axis>
                  <Max type="float">3.1415927</Max>
                  <Min type="float">-3.1415927</Min>
                  <Orientation type="Matrix">
                      119.20929e-09,  -0.9945216200,   0.1045284500,
                       0.9999997600,  119.20929e-09,  11.175871e-09,
                       0.0000000000,   0.1045284600,   0.9945218600
                  </Orientation>
                  <Position type="Vector">-33.13266, -0.51397002, 23.847155</Position>
               </HpTurret01>
               <HpTurret02>
                  <Axis type="Vector">0, 1, 0</Axis>
                  <Max type="float">3.1415927</Max>
                  <Min type="float">-3.1415927</Min>
                  <Orientation type="Matrix">
                      119.20929e-09,   0.9945216200,  -0.1045284500,
                      -0.9999997600,  119.20929e-09,  11.175871e-09,
                       0.0000000000,   0.1045284600,   0.9945218600
                  </Orientation>
                  <Position type="Vector">33.281937, -0.51412499, 23.677448</Position>
               </HpTurret02>
               <HpTurret03>
                  <Axis type="Vector">0, 1, 0</Axis>
                  <Max type="float">1.6057029</Max>
                  <Min type="float">-1.6057029</Min>
                  <Orientation type="Matrix">
                      59.604645e-09,   0.0000000000,   0.9999998800,
                      -0.0000000000,   1.0000000000,   0.0000000000,
                      -0.9999998800,  -0.0000000000,  59.604645e-09
                  </Orientation>
                  <Position type="Vector">-27.33353, 2.185431, -1.875084</Position>
               </HpTurret03>
               <HpTurret04>
                  <Axis type="Vector">0, 1, 0</Axis>
                  <Max type="float">1.6057029</Max>
                  <Min type="float">-1.6057029</Min>
                  <Orientation type="Matrix">
                      59.604645e-09,   0.0000000000,  -0.9999998800,
                       0.0000000000,   1.0000000000,   0.0000000000,
                       0.9999998800,   0.0000000000,  59.604645e-09
                  </Orientation>
                  <Position type="Vector">27.416904, 2.2025311, -1.99113</Position>
               </HpTurret04>
               <HpTurret05>
                  <Axis type="Vector">0, 1, 0</Axis>
                  <Max type="float">1.6057029</Max>
                  <Min type="float">-1.6057029</Min>
                  <Orientation type="Matrix">
                      178.81393e-09, -87.422769e-09,   0.9999998800,
                     -7.1054274e-15,  -0.9999997600, -87.422769e-09,
                       0.9999998800,   0.0000000000,  59.604641e-09
                  </Orientation>
                  <Position type="Vector">-27.378372, -3.1963651, -1.893555</Position>
               </HpTurret05>
               <HpTurret06>
                  <Axis type="Vector">0, 1, 0</Axis>
                  <Max type="float">1.6057029</Max>
                  <Min type="float">-1.6057029</Min>
                  <Orientation type="Matrix">
                      178.81393e-09, -87.422769e-09,  -0.9999998800,
                     -7.1054274e-15,  -0.9999997600,  87.422769e-09,
                      -0.9999998800,   0.0000000000,  59.604641e-09
                  </Orientation>
                  <Position type="Vector">27.42411, -3.1788521, -2.0024381</Position>
               </HpTurret06>
               <HpTurret07>
                  <Axis type="Vector">0, 1, 0</Axis>
                  <Max type="float">1.5707964</Max>
                  <Min type="float">-1.5707964</Min>
                  <Orientation type="Matrix">
                       1.0000000000,   0.0000000000,   0.0000000000,
                       0.0000000000,   1.0000000000,   0.0000000000,
                       0.0000000000,   0.0000000000,   1.0000000000
                  </Orientation>
                  <Position type="Vector">-10.65945, 6.0688329, -1.9292099</Position>
               </HpTurret07>
               <HpTurret08>
                  <Axis type="Vector">0, 1, 0</Axis>
                  <Max type="float">1.5707964</Max>
                  <Min type="float">-1.5707964</Min>
                  <Orientation type="Matrix">
                       1.0000000000,   0.0000000000,   0.0000000000,
                       0.0000000000,   1.0000000000,   0.0000000000,
                       0.0000000000,   0.0000000000,   1.0000000000
                  </Orientation>
                  <Position type="Vector">10.690793, 6.0839739, -1.96648</Position>
               </HpTurret08>
               <HpTurret09>
                  <Axis type="Vector">0, 1, 0</Axis>
                  <Max type="float">1.5707964</Max>
                  <Min type="float">-1.5707964</Min>
                  <Orientation type="Matrix">
                      -1.0000000000, -87.422777e-09,   0.0000000000,
                      87.422777e-09,  -1.0000000000,  -0.0000000000,
                       0.0000000000,   0.0000000000,   1.0000000000
                  </Orientation>
                  <Position type="Vector">-7.5474529, -7.0733471, 1.141364</Position>
               </HpTurret09>
               <HpTurret10>
                  <Axis type="Vector">0, 1, 0</Axis>
                  <Max type="float">1.5707964</Max>
                  <Min type="float">-1.5707964</Min>
                  <Orientation type="Matrix">
                      -1.0000000000, -87.422777e-09,   0.0000000000,
                      87.422777e-09,  -1.0000000000,  -0.0000000000,
                       0.0000000000,   0.0000000000,   1.0000000000
                  </Orientation>
                  <Position type="Vector">7.598825, -7.0687242, 1.094803</Position>
               </HpTurret10>
               <HpTurret15>
                  <Axis type="Vector">0, 1, 0</Axis>
                  <Max type="float">3.1415927</Max>
                  <Min type="float">-3.1415927</Min>
                  <Orientation type="Matrix">
                      119.20929e-09,  -0.9945216200,   0.1045284500,
                       0.9999997600,  119.20929e-09,  11.175871e-09,
                       0.0000000000,   0.1045284600,   0.9945218600
                  </Orientation>
                  <Position type="Vector">-33.125175, -0.57190698, 23.9161</Position>
               </HpTurret15>
               <HpTurret16>
                  <Axis type="Vector">0, 1, 0</Axis>
                  <Max type="float">3.1415927</Max>
                  <Min type="float">-3.1415927</Min>
                  <Orientation type="Matrix">
                      119.20929e-09,   0.9945216200,  -0.1045284500,
                      -0.9999997600,  119.20929e-09,  11.175871e-09,
                       0.0000000000,   0.1045284600,   0.9945218600
                  </Orientation>
                  <Position type="Vector">33.283566, -0.54792398, 23.661825</Position>
               </HpTurret16>
               <HpTurret17>
                  <Axis type="Vector">0, 1, 0</Axis>
                  <Max type="float">3.1415927</Max>
                  <Min type="float">-3.1415927</Min>
                  <Orientation type="Matrix">
                      119.20929e-09,  -0.9945216200,   0.1045284500,
                       0.9999997600,  119.20929e-09,  11.175871e-09,
                       0.0000000000,   0.1045284600,   0.9945218600
                  </Orientation>
                  <Position type="Vector">-33.12373, -0.51888102, 23.929749</Position>
               </HpTurret17>
               <HpTurret18>
                  <Axis type="Vector">0, 1, 0</Axis>
                  <Max type="float">3.1415927</Max>
                  <Min type="float">-3.1415927</Min>
                  <Orientation type="Matrix">
                      119.20929e-09,   0.9945216200,  -0.1045284500,
                      -0.9999997600,  119.20929e-09,  11.175871e-09,
                       0.0000000000,   0.1045284600,   0.9945218600
                  </Orientation>
                  <Position type="Vector">33.279678, -0.501526, 23.699139</Position>
               </HpTurret18>
               <HpTurret19>
                  <Axis type="Vector">0, 1, 0</Axis>
                  <Max type="float">3.1415927</Max>
                  <Min type="float">-3.1415927</Min>
                  <Orientation type="Matrix">
                      119.20929e-09,  -0.9945216200,   0.1045284500,
                       0.9999997600,  119.20929e-09,  11.175871e-09,
                       0.0000000000,   0.1045284600,   0.9945218600
                  </Orientation>
                  <Position type="Vector">-33.126896, -0.55000699, 23.900286</Position>
               </HpTurret19>
               <HpTurret20>
                  <Axis type="Vector">0, 1, 0</Axis>
                  <Max type="float">3.1415927</Max>
                  <Min type="float">-3.1415927</Min>
                  <Orientation type="Matrix">
                      119.20929e-09,   0.9945216200,  -0.1045284500,
                      -0.9999997600,  119.20929e-09,  11.175871e-09,
                       0.0000000000,   0.1045284600,   0.9945218600
                  </Orientation>
                  <Position type="Vector">33.284904, -0.54134798, 23.648947</Position>
               </HpTurret20>
               <HpTurret21>
                  <Axis type="Vector">0, 1, 0</Axis>
                  <Max type="float">3.1415927</Max>
                  <Min type="float">-3.1415927</Min>
                  <Orientation type="Matrix">
                      119.20929e-09,  -0.9945216200,   0.1045284500,
                       0.9999997600,  119.20929e-09,  11.175871e-09,
                       0.0000000000,   0.1045284600,   0.9945218600
                  </Orientation>
                  <Position type="Vector">-33.123684, -0.60526401, 23.92971</Position>
               </HpTurret21>
               <HpTurret22>
                  <Axis type="Vector">0, 1, 0</Axis>
                  <Max type="float">3.1415927</Max>
                  <Min type="float">-3.1415927</Min>
                  <Orientation type="Matrix">
                      119.20929e-09,   0.9945216200,  -0.1045284500,
                      -0.9999997600,  119.20929e-09,  11.175871e-09,
                       0.0000000000,   0.1045284600,   0.9945218600
                  </Orientation>
                  <Position type="Vector">33.279015, -0.537521, 23.705585</Position>
               </HpTurret22>
               <HpTurret23>
                  <Axis type="Vector">0, 1, 0</Axis>
                  <Max type="float">3.1415927</Max>
                  <Min type="float">-3.1415927</Min>
                  <Orientation type="Matrix">
                      119.20929e-09,  -0.9945216200,   0.1045284500,
                       0.9999997600,  119.20929e-09,  11.175871e-09,
                       0.0000000000,   0.1045284600,   0.9945218600
                  </Orientation>
                  <Position type="Vector">-33.131458, -0.55220699, 23.85803</Position>
               </HpTurret23>
               <HpTurret24>
                  <Axis type="Vector">0, 1, 0</Axis>
                  <Max type="float">3.1415927</Max>
                  <Min type="float">-3.1415927</Min>
                  <Orientation type="Matrix">
                      119.20929e-09,   0.9945216200,  -0.1045284500,
                      -0.9999997600,  119.20929e-09,  11.175871e-09,
                       0.0000000000,   0.1045284600,   0.9945218600
                  </Orientation>
                  <Position type="Vector">33.281406, -0.529015, 23.68259</Position>
               </HpTurret24>
               <HpTurret25>
                  <Axis type="Vector">0, 1, 0</Axis>
                  <Max type="float">3.1415927</Max>
                  <Min type="float">-3.1415927</Min>
                  <Orientation type="Matrix">
                      119.20929e-09,  -0.9945216200,   0.1045284500,
                       0.9999997600,  119.20929e-09,  11.175871e-09,
                       0.0000000000,   0.1045284600,   0.9945218600
                  </Orientation>
                  <Position type="Vector">-33.129143, -0.549362, 23.879482</Position>
               </HpTurret25>
               <HpTurret26>
                  <Axis type="Vector">0, 1, 0</Axis>
                  <Max type="float">3.1415927</Max>
                  <Min type="float">-3.1415927</Min>
                  <Orientation type="Matrix">
                      119.20929e-09,   0.9945216200,  -0.1045284500,
                      -0.9999997600,  119.20929e-09,  11.175871e-09,
                       0.0000000000,   0.1045284600,   0.9945218600
                  </Orientation>
                  <Position type="Vector">33.275719, -0.58151698, 23.737328</Position>
               </HpTurret26>
            </Revolute>
         </Hardpoints>
      </Scrapland19_3_lod1.3db>
   </UTF_ROOT>
</UTFXML>
