<?xml version="1.0" encoding="ISO-8859-1"?>
<!-- XML generated by UTFXML Version 2.2 built 19-Aug-2010 -->
<UTFXML filename="br_gunship.cmp" path="SHIPS\BRETONIA\BR_GUNSHIP">
   <UTF_ROOT>
      <VMeshLibrary>
         <data.ships.bretonia.br_gunship.br_gunship.lod0-112.vms include="br_gunship_cmp\lod0-112.vms.xml"/>
         <data.ships.bretonia.br_gunship.br_gunship.lod1-112.vms include="br_gunship_cmp\lod1-112.vms.xml"/>
         <data.ships.bretonia.br_gunship.br_gunship.lod2-112.vms include="br_gunship_cmp\lod2-112.vms.xml"/>
      </VMeshLibrary>
      <br_cntrl_twr_lod1020917162701.3db>
         <VMeshWire include="br_gunship_cmp\br_cntrl_twr_lod1.vwd.xml"/>
         <MultiLevel>
            <Level0>
               <VMeshPart>
                  <VMeshRef type="VMeshRef">
                     <!-- header size  --> 60,
                     <!-- vmesh lib    --> data.ships.bretonia.br_gunship.br_gunship.lod0-112.vms,
                     <!-- start vert   --> 2547,
                     <!-- num verts    --> 317,
                     <!-- start index  --> 3969,
                     <!-- num indices  --> 396,
                     <!-- start mesh   --> 23,
                     <!-- num meshes   --> 5,
                     <!-- bounding box -->  5.2345204,    3.3243587,    7.2286272,
                                           -5.2344851,   -3.3244116,   -7.2292762,
                     <!-- center       --> -0.070346199,  0.018239407,  0.16877401,
                     <!-- radius       --> 7.5259833
                  </VMeshRef>
               </VMeshPart>
            </Level0>
            <Level1>
               <VMeshPart>
                  <VMeshRef type="VMeshRef">
                     <!-- header size  --> 60,
                     <!-- vmesh lib    --> data.ships.bretonia.br_gunship.br_gunship.lod1-112.vms,
                     <!-- start vert   --> 403,
                     <!-- num verts    --> 42,
                     <!-- start index  --> 657,
                     <!-- num indices  --> 72,
                     <!-- start mesh   --> 2,
                     <!-- num meshes   --> 1,
                     <!-- bounding box -->  5.2345204,    3.3243587,    7.2286272,
                                           -5.2344851,   -3.3244116,   -7.2292762,
                     <!-- center       --> -0.070346199,  0.018239407,  0.16877401,
                     <!-- radius       --> 7.5259833
                  </VMeshRef>
               </VMeshPart>
            </Level1>
            <Level2>
               <VMeshPart>
                  <VMeshRef type="VMeshRef">
                     <!-- header size  --> 60,
                     <!-- vmesh lib    --> data.ships.bretonia.br_gunship.br_gunship.lod2-112.vms,
                     <!-- start vert   --> 206,
                     <!-- num verts    --> 12,
                     <!-- start index  --> 291,
                     <!-- num indices  --> 30,
                     <!-- start mesh   --> 2,
                     <!-- num meshes   --> 1,
                     <!-- bounding box -->  5.2345204,    3.3243587,    7.2286272,
                                           -5.2344851,   -3.3244116,   -7.2292762,
                     <!-- center       --> -0.070346199,  0.018239407,  0.16877401,
                     <!-- radius       --> 7.5259833
                  </VMeshRef>
               </VMeshPart>
            </Level2>
            <Switch2 type="float array" count="4">
               0,
               100,
               1000,
               1000000
            </Switch2>
         </MultiLevel>
         <Hardpoints>
            <Fixed>
               <HpCloak01>
                  <Orientation type="Matrix">
                       1.0000000000,   0.0000000000,   0.0000000000,
                       0.0000000000,   1.0000000000,   0.0000000000,
                       0.0000000000,   0.0000000000,   1.0000000000
                  </Orientation>
                  <Position type="Vector">0, -10, 15</Position>
               </HpCloak01>
            </Fixed>
         </Hardpoints>
      </br_cntrl_twr_lod1020917162701.3db>
      <br_gunship_lod1020917162701.3db>
         <Hardpoints>
            <Fixed>
               <DpCntrltwr>
                  <Orientation type="Matrix">
                      -1.0000000000,  130.20245e-09,  213.83163e-09,
                      130.20249e-09,   1.0000000000,  189.52382e-09,
                     -213.83160e-09,  189.52385e-09,  -1.0000000000
                  </Orientation>
                  <Position type="Vector">-0.0049524554, 16.934528, -19.22086</Position>
               </DpCntrltwr>
               <DpPortengine>
                  <Orientation type="Matrix">
                       1.0000000000,  37.252903e-09, -111.75871e-09,
                     -37.252910e-09,   1.0000000000, -74.505806e-09,
                      111.75871e-09,  74.505813e-09,   1.0000000000
                  </Orientation>
                  <Position type="Vector">-7.6505847, 5.1878901, 10.921547</Position>
               </DpPortengine>
               <DpStarboardengine>
                  <Orientation type="Matrix">
                       1.0000000000,  37.252903e-09, -111.75871e-09,
                     -37.252910e-09,   1.0000000000, -74.505806e-09,
                      111.75871e-09,  74.505813e-09,   1.0000000000
                  </Orientation>
                  <Position type="Vector">6.258718, 7.053864, 9.401351</Position>
               </DpStarboardengine>
               <DpTail>
                  <Orientation type="Matrix">
                       1.0000000000,  37.252903e-09, -111.75871e-09,
                     -37.252910e-09,   1.0000000000, -74.505806e-09,
                      111.75871e-09,  74.505813e-09,   1.0000000000
                  </Orientation>
                  <Position type="Vector">0.027168114, 17.777775, 5.1557584</Position>
               </DpTail>
               <HpBayDoor01>
                  <Orientation type="Matrix">
                       1.0000000000,  33.584278e-09, -90.244853e-09,
                     -33.584282e-09,   1.0000000000, -41.841147e-09,
                      90.244853e-09,  41.841151e-09,   1.0000000000
                  </Orientation>
                  <Position type="Vector">0.014619262, -0.25427556, -6.8206501</Position>
               </HpBayDoor01>
               <HpBayDoor02>
                  <Orientation type="Matrix">
                       1.0000000000,  33.584278e-09, -90.244853e-09,
                     -33.584282e-09,   1.0000000000, -41.841147e-09,
                      90.244853e-09,  41.841151e-09,   1.0000000000
                  </Orientation>
                  <Position type="Vector">0.014619655, -9.249856, -6.8206501</Position>
               </HpBayDoor02>
               <HpHeadlight01>
                  <Orientation type="Matrix">
                       1.0000000000,  91.558782e-09, -142.68085e-09,
                     -91.558775e-09,   1.0000000000,  53.140965e-09,
                      142.68085e-09, -53.140951e-09,   1.0000000000
                  </Orientation>
                  <Position type="Vector">0.014614863, 8.0621252, -32.353626</Position>
               </HpHeadlight01>
               <HpMount>
                  <Orientation type="Matrix">
                       1.0000000000,   0.0000000000,   0.0000000000,
                       0.0000000000,   1.0000000000,   0.0000000000,
                       0.0000000000,   0.0000000000,   1.0000000000
                  </Orientation>
                  <Position type="Vector">-0.007392, -28.732611, -36.631901</Position>
               </HpMount>
               <HpRadar>
                  <Orientation type="Matrix">
                       1.0000000000, -13.641325e-09, -31.651478e-09,
                     -22.527752e-09,  -0.9537168700,  -0.3007059700,
                     -26.084523e-09,   0.3007059700,  -0.9537168700
                  </Orientation>
                  <Position type="Vector">0.014622832, -4.8211136, -19.983057</Position>
               </HpRadar>
               <HpRunningLight02>
                  <Orientation type="Matrix">
                       1.0000000000,  296.02739e-09,  108.06476e-09,
                      108.06473e-09,  130.26327e-09,  -1.0000000000,
                     -296.02739e-09,   1.0000000000,  130.26325e-09
                  </Orientation>
                  <Position type="Vector">0.014613792, 20.316387, -22.791309</Position>
               </HpRunningLight02>
               <HpRunningLight04>
                  <Orientation type="Matrix">
                       1.0000000000,  591.09868e-09,  1.0707923e-06,
                     -835.72485e-09,  -0.3090166400,   0.9510566000,
                      893.06104e-09,  -0.9510566000,  -0.3090166400
                  </Orientation>
                  <Position type="Vector">0.014614235, -4.0111771, -15.843729</Position>
               </HpRunningLight04>
               <HpRunningLight05>
                  <Orientation type="Matrix">
                       1.0000000000,  536.54486e-09,  1.2062857e-06,
                     -917.45568e-09,  -0.3746063100,   0.9271839900,
                      949.35803e-09,  -0.9271839900,  -0.3746063100
                  </Orientation>
                  <Position type="Vector">0.014612377, 2.1977966, 1.8994061</Position>
               </HpRunningLight05>
               <HpRunningLight07>
                  <Orientation type="Matrix">
                       0.4067362000, -784.91405e-09,   0.9135456700,
                       0.9135456700,  438.07762e-09,  -0.4067362000,
                     -80.950961e-09,   1.0000000000,  895.23684e-09
                  </Orientation>
                  <Position type="Vector">-16.154581, 1.0497004, -20.393137</Position>
               </HpRunningLight07>
               <HpRunningLight08>
                  <Orientation type="Matrix">
                      -0.4067361700,  643.58539e-09,  -0.9135456700,
                       0.9135456700,  186.81729e-09,  -0.4067361700,
                     -91.103331e-09,  -1.0000000000, -663.93000e-09
                  </Orientation>
                  <Position type="Vector">16.240694, 1.0776354, -20.393131</Position>
               </HpRunningLight08>
               <HpShield02>
                  <Orientation type="Matrix">
                       1.0000000000,  324.20519e-09,  80.641136e-09,
                      333.75767e-09,  -0.9588196900,  -0.2840154200,
                     -14.758964e-09,   0.2840154200,  -0.9588196900
                  </Orientation>
                  <Position type="Vector">-0.0075259386, 3.5785594, 4.6129293</Position>
               </HpShield02>
               <HpTractor_Source>
                  <Orientation type="Matrix">
                       1.0000000000,  91.558782e-09, -142.68085e-09,
                     -91.558775e-09,   1.0000000000,  53.140965e-09,
                      142.68085e-09, -53.140951e-09,   1.0000000000
                  </Orientation>
                  <Position type="Vector">0.014614863, 8.0621252, -32.353626</Position>
               </HpTractor_Source>
               <HpCM01>
                  <Orientation type="Matrix">
                      -0.9999998800, -84.041091e-09,  24.098398e-09,
                      87.427907e-09,  -0.9612616300,   0.2756373600,
                      888.17842e-18,   0.2756373600,   0.9612616900
                  </Orientation>
                  <Position type="Vector">0, 3.76, 5.25</Position>
               </HpCM01>
               <HpPilot>
                  <Orientation type="Matrix">
                       1.0000000000,   0.0000000000,   0.0000000000,
                       0.0000000000,   1.0000000000,   0.0000000000,
                       0.0000000000,   0.0000000000,   1.0000000000
                  </Orientation>
                  <Position type="Vector">0, 14, -18</Position>
               </HpPilot>
               <HpNew01>
                  <Orientation type="Matrix">
                       1.0000000000,   0.0000000000,   0.0000000000,
                       0.0000000000,   1.0000000000,   0.0000000000,
                       0.0000000000,   0.0000000000,   1.0000000000
                  </Orientation>
                  <Position type="Vector">0, 5, 0</Position>
               </HpNew01>
               <HpNew02>
                  <Orientation type="Matrix">
                       1.0000000000,   0.0000000000,   0.0000000000,
                       0.0000000000,   1.0000000000,   0.0000000000,
                       0.0000000000,   0.0000000000,   1.0000000000
                  </Orientation>
                  <Position type="Vector">0, 5, 0</Position>
               </HpNew02>
               <HpNew03>
                  <Orientation type="Matrix">
                       1.0000000000,   0.0000000000,   0.0000000000,
                       0.0000000000,   1.0000000000,   0.0000000000,
                       0.0000000000,   0.0000000000,   1.0000000000
                  </Orientation>
                  <Position type="Vector">0, 5, 0</Position>
               </HpNew03>
            </Fixed>
            <Revolute>
               <HpTurret_B3_01>
                  <Axis type="Vector">0, 1, 0</Axis>
                  <Max type="float">0.2617994</Max>
                  <Min type="float">-0.2617994</Min>
                  <Orientation type="Matrix">
                       1.0000000000,   0.0000000000,   0.0000000000,
                       0.0000000000,   1.0000000000,   0.0000000000,
                       0.0000000000,   0.0000000000,   1.0000000000
                  </Orientation>
                  <Position type="Vector">-0.006732, 21.1124, -1.71083</Position>
               </HpTurret_B3_01>
               <HpTurret_B4_01>
                  <Axis type="Vector">0, 1, 0</Axis>
                  <Max type="float">6.2831855</Max>
                  <Min type="float">-6.2831855</Min>
                  <Orientation type="Matrix">
                      -0.9998476500,   0.0166899520,  -0.0051026307,
                      -0.0174525450,  -0.9561591100,   0.2923271700,
                     -232.83064e-12,   0.2923716900,   0.9563047300
                  </Orientation>
                  <Position type="Vector">-9.6542196, -4.5439701, -19.0534</Position>
               </HpTurret_B4_01>
               <HpTurret_B4_02>
                  <Axis type="Vector">0, 1, 0</Axis>
                  <Max type="float">6.2831855</Max>
                  <Min type="float">-6.2831855</Min>
                  <Orientation type="Matrix">
                      -0.9998476500,   0.0166899520,  -0.0051026307,
                      -0.0174525450,  -0.9561591100,   0.2923271700,
                     -232.83064e-12,   0.2923716900,   0.9563047300
                  </Orientation>
                  <Position type="Vector">9.5884104, -4.5439701, -19.0534</Position>
               </HpTurret_B4_02>
               <HpTorpedo01>
                  <Axis type="Vector">0, 1, 0</Axis>
                  <Max type="float">0.78539819</Max>
                  <Min type="float">-0.78539819</Min>
                  <Orientation type="Matrix">
                      -1.0000000000, -87.422777e-09,   0.0000000000,
                      87.422777e-09,  -1.0000000000,  -0.0000000000,
                       0.0000000000,   0.0000000000,   1.0000000000
                  </Orientation>
                  <Position type="Vector">-0.0271, -5.6541228, -22.689705</Position>
               </HpTorpedo01>
            </Revolute>
         </Hardpoints>
         <VMeshWire include="br_gunship_cmp\br_gunship_lod1.vwd.xml"/>
         <MultiLevel>
            <Level0>
               <VMeshPart>
                  <VMeshRef type="VMeshRef">
                     <!-- header size  --> 60,
                     <!-- vmesh lib    --> data.ships.bretonia.br_gunship.br_gunship.lod0-112.vms,
                     <!-- start vert   --> 0,
                     <!-- num verts    --> 1895,
                     <!-- start index  --> 0,
                     <!-- num indices  --> 2820,
                     <!-- start mesh   --> 0,
                     <!-- num meshes   --> 16,
                     <!-- bounding box -->  26.803896,   22.451782,   10.633576,
                                           -20.802675,  -10.022304,  -32.690506,
                     <!-- center       -->   3.3041737,   4.1973491, -12.764688,
                     <!-- radius       --> 28.744549
                  </VMeshRef>
               </VMeshPart>
            </Level0>
            <Level1>
               <VMeshPart>
                  <VMeshRef type="VMeshRef">
                     <!-- header size  --> 60,
                     <!-- vmesh lib    --> data.ships.bretonia.br_gunship.br_gunship.lod1-112.vms,
                     <!-- start vert   --> 0,
                     <!-- num verts    --> 304,
                     <!-- start index  --> 0,
                     <!-- num indices  --> 489,
                     <!-- start mesh   --> 0,
                     <!-- num meshes   --> 1,
                     <!-- bounding box -->  26.803896,   22.451782,   10.633576,
                                           -20.802675,  -10.022304,  -32.690506,
                     <!-- center       -->   3.3041737,   4.1973491, -12.764688,
                     <!-- radius       --> 28.744549
                  </VMeshRef>
               </VMeshPart>
            </Level1>
            <Level2>
               <VMeshPart>
                  <VMeshRef type="VMeshRef">
                     <!-- header size  --> 60,
                     <!-- vmesh lib    --> data.ships.bretonia.br_gunship.br_gunship.lod2-112.vms,
                     <!-- start vert   --> 0,
                     <!-- num verts    --> 176,
                     <!-- start index  --> 0,
                     <!-- num indices  --> 237,
                     <!-- start mesh   --> 0,
                     <!-- num meshes   --> 1,
                     <!-- bounding box -->  26.803896,   22.451782,   10.633576,
                                           -20.802675,  -10.022304,  -32.690506,
                     <!-- center       -->   3.3041737,   4.1973491, -12.764688,
                     <!-- radius       --> 28.744549
                  </VMeshRef>
               </VMeshPart>
            </Level2>
            <Switch2 type="float array" count="4">
               0,
               100,
               1000,
               1000000
            </Switch2>
         </MultiLevel>
      </br_gunship_lod1020917162701.3db>
      <br_port_eng_lod1020917162701.3db>
         <Hardpoints>
            <Fixed>
               <HpEngine01>
                  <Orientation type="Matrix">
                       1.0000000000, -444.08921e-18,  44.703484e-09,
                     -2.2204460e-15,   1.0000000000,  59.604645e-09,
                     -44.703484e-09, -59.604645e-09,   1.0000000000
                  </Orientation>
                  <Position type="Vector">-2.5533795, -0.83634514, 8.9732065</Position>
               </HpEngine01>
               <HpThruster01>
                  <Orientation type="Matrix">
                       1.0000000000,   0.0000000000,   0.0000000000,
                       0.0000000000,   1.0000000000,   0.0000000000,
                       0.0000000000,   0.0000000000,   1.0000000000
                  </Orientation>
                  <Position type="Vector">-2.55338, -0.836348, 8.9732103</Position>
               </HpThruster01>
            </Fixed>
         </Hardpoints>
         <VMeshWire include="br_gunship_cmp\br_port_eng_lod1.vwd.xml"/>
         <MultiLevel>
            <Level0>
               <VMeshPart>
                  <VMeshRef type="VMeshRef">
                     <!-- header size  --> 60,
                     <!-- vmesh lib    --> data.ships.bretonia.br_gunship.br_gunship.lod0-112.vms,
                     <!-- start vert   --> 1895,
                     <!-- num verts    --> 652,
                     <!-- start index  --> 2820,
                     <!-- num indices  --> 1149,
                     <!-- start mesh   --> 16,
                     <!-- num meshes   --> 7,
                     <!-- bounding box -->  7.1127205,   5.4596095,   9.8713236,
                                           -7.1118274,  -5.4597549,  -9.8710127,
                     <!-- center       -->  0.49515843,  0.49730799, -0.80349463,
                     <!-- radius       --> 11.68822
                  </VMeshRef>
               </VMeshPart>
            </Level0>
            <Level1>
               <VMeshPart>
                  <VMeshRef type="VMeshRef">
                     <!-- header size  --> 60,
                     <!-- vmesh lib    --> data.ships.bretonia.br_gunship.br_gunship.lod1-112.vms,
                     <!-- start vert   --> 304,
                     <!-- num verts    --> 99,
                     <!-- start index  --> 489,
                     <!-- num indices  --> 168,
                     <!-- start mesh   --> 1,
                     <!-- num meshes   --> 1,
                     <!-- bounding box -->  7.1127205,   5.4596095,   9.8713236,
                                           -7.1118274,  -5.4597549,  -9.8710127,
                     <!-- center       -->  0.49515843,  0.49730799, -0.80349463,
                     <!-- radius       --> 11.68822
                  </VMeshRef>
               </VMeshPart>
            </Level1>
            <Level2>
               <VMeshPart>
                  <VMeshRef type="VMeshRef">
                     <!-- header size  --> 60,
                     <!-- vmesh lib    --> data.ships.bretonia.br_gunship.br_gunship.lod2-112.vms,
                     <!-- start vert   --> 176,
                     <!-- num verts    --> 30,
                     <!-- start index  --> 237,
                     <!-- num indices  --> 54,
                     <!-- start mesh   --> 1,
                     <!-- num meshes   --> 1,
                     <!-- bounding box -->  7.1127205,   5.4596095,   9.8713236,
                                           -7.1118274,  -5.4597549,  -9.8710127,
                     <!-- center       -->  0.49515843,  0.49730799, -0.80349463,
                     <!-- radius       --> 11.68822
                  </VMeshRef>
               </VMeshPart>
            </Level2>
            <Switch2 type="float array" count="4">
               0,
               100,
               1000,
               1000000
            </Switch2>
         </MultiLevel>
      </br_port_eng_lod1020917162701.3db>
      <br_port_wing_lod1020917162701.3db>
         <Hardpoints>
            <Fixed>
               <DpPortwing>
                  <Orientation type="Matrix">
                       1.0000000000,  156.58655e-09, -147.41248e-09,
                      147.41246e-09,  126.28041e-09,   1.0000000000,
                      156.58657e-09,  -1.0000000000,  126.28038e-09
                  </Orientation>
                  <Position type="Vector">5.8714352, 8.645895, -4.3541036</Position>
               </DpPortwing>
               <HpRunningLight03>
                  <Orientation type="Matrix">
                       1.0000000000,  648.43698e-09,  248.15151e-09,
                     -648.43692e-09,   1.0000000000, -133.62994e-09,
                     -248.15159e-09,  133.62978e-09,   1.0000000000
                  </Orientation>
                  <Position type="Vector">-10.37446, -13.319754, -17.486347</Position>
               </HpRunningLight03>
               <HpRunningLight13>
                  <Orientation type="Matrix">
                       1.0000000000,  347.38599e-09,  1.3256989e-06,
                     -1.0772260e-06,  -0.3987488700,   0.9170601400,
                      847.19488e-09,  -0.9170601400,  -0.3987488700
                  </Orientation>
                  <Position type="Vector">-11.504696, -17.031546, -11.96531</Position>
               </HpRunningLight13>
            </Fixed>
            <Revolute>
               <HpTurret_B3_02>
                  <Axis type="Vector">0, 1, 0</Axis>
                  <Max type="float">6.2831855</Max>
                  <Min type="float">-6.2831855</Min>
                  <Orientation type="Matrix">
                       0.3583680400,  -0.9335803400,  -0.0000000000,
                       0.9335803400,   0.3583680400,   0.0000000000,
                       0.0000000000,  -0.0000000000,   1.0000000000
                  </Orientation>
                  <Position type="Vector">-10.8566, -11.0694, -11.9249</Position>
               </HpTurret_B3_02>
               <HpTurret01>
                  <Axis type="Vector">0, 1, 0</Axis>
                  <Max type="float">1.5707964</Max>
                  <Min type="float">-2.5307274</Min>
                  <Orientation type="Matrix">
                      -0.4226181500,   0.9063078200,   0.0000000000,
                      -0.9063078200,  -0.4226181500,   0.0000000000,
                       0.0000000000,   0.0000000000,   1.0000000000
                  </Orientation>
                  <Position type="Vector">-7.8, -11.0694, -11.9249</Position>
               </HpTurret01>
            </Revolute>
         </Hardpoints>
         <VMeshWire include="br_gunship_cmp\br_port_wing_lod1.vwd.xml"/>
         <MultiLevel>
            <Level0>
               <VMeshPart>
                  <VMeshRef type="VMeshRef">
                     <!-- header size  --> 60,
                     <!-- vmesh lib    --> data.ships.bretonia.br_gunship.br_gunship.lod0-112.vms,
                     <!-- start vert   --> 2864,
                     <!-- num verts    --> 226,
                     <!-- start index  --> 4365,
                     <!-- num indices  --> 288,
                     <!-- start mesh   --> 28,
                     <!-- num meshes   --> 9,
                     <!-- bounding box -->  12.734447,    15.647687,  20.372578,
                                           -12.734475,   -16.961285, -17.029692,
                     <!-- center       -->  -0.66128677,  -1.530092,   1.6577395,
                     <!-- radius       --> 25.476898
                  </VMeshRef>
               </VMeshPart>
            </Level0>
            <Level1>
               <VMeshPart>
                  <VMeshRef type="VMeshRef">
                     <!-- header size  --> 60,
                     <!-- vmesh lib    --> data.ships.bretonia.br_gunship.br_gunship.lod1-112.vms,
                     <!-- start vert   --> 445,
                     <!-- num verts    --> 110,
                     <!-- start index  --> 729,
                     <!-- num indices  --> 171,
                     <!-- start mesh   --> 3,
                     <!-- num meshes   --> 1,
                     <!-- bounding box -->  12.734447,    15.647687,  20.372578,
                                           -12.734475,   -16.961285, -17.029692,
                     <!-- center       -->  -0.66128677,  -1.530092,   1.6577395,
                     <!-- radius       --> 25.476898
                  </VMeshRef>
               </VMeshPart>
            </Level1>
            <Level2>
               <VMeshPart>
                  <VMeshRef type="VMeshRef">
                     <!-- header size  --> 60,
                     <!-- vmesh lib    --> data.ships.bretonia.br_gunship.br_gunship.lod2-112.vms,
                     <!-- start vert   --> 218,
                     <!-- num verts    --> 91,
                     <!-- start index  --> 321,
                     <!-- num indices  --> 114,
                     <!-- start mesh   --> 3,
                     <!-- num meshes   --> 1,
                     <!-- bounding box -->  12.734447,    15.647687,  20.372578,
                                           -12.734475,   -16.961285, -17.029692,
                     <!-- center       -->  -0.66128677,  -1.530092,   1.6577395,
                     <!-- radius       --> 25.476898
                  </VMeshRef>
               </VMeshPart>
            </Level2>
            <Switch2 type="float array" count="4">
               0,
               100,
               1000,
               1000000
            </Switch2>
         </MultiLevel>
      </br_port_wing_lod1020917162701.3db>
      <br_star_eng_lod1020917162701.3db>
         <Hardpoints>
            <Fixed>
               <HpEngine02>
                  <Orientation type="Matrix">
                       1.0000000000, -444.08921e-18,  44.703484e-09,
                     -2.2204460e-15,   1.0000000000,  59.604645e-09,
                     -44.703484e-09, -59.604645e-09,   1.0000000000
                  </Orientation>
                  <Position type="Vector">2.5279756, -0.84987754, 8.9732065</Position>
               </HpEngine02>
            </Fixed>
         </Hardpoints>
         <VMeshWire include="br_gunship_cmp\br_star_eng_lod1.vwd.xml"/>
         <MultiLevel>
            <Level0>
               <VMeshPart>
                  <VMeshRef type="VMeshRef">
                     <!-- header size  --> 60,
                     <!-- vmesh lib    --> data.ships.bretonia.br_gunship.br_gunship.lod0-112.vms,
                     <!-- start vert   --> 3212,
                     <!-- num verts    --> 652,
                     <!-- start index  --> 4797,
                     <!-- num indices  --> 1149,
                     <!-- start mesh   --> 45,
                     <!-- num meshes   --> 7,
                     <!-- bounding box -->  7.1118665,  5.4596071,   9.8713198,
                                           -7.1126795, -5.4597588,  -9.8710079,
                     <!-- center       --> -0.4951179,  0.49730507, -0.80349344,
                     <!-- radius       --> 11.688217
                  </VMeshRef>
               </VMeshPart>
            </Level0>
            <Level1>
               <VMeshPart>
                  <VMeshRef type="VMeshRef">
                     <!-- header size  --> 60,
                     <!-- vmesh lib    --> data.ships.bretonia.br_gunship.br_gunship.lod1-112.vms,
                     <!-- start vert   --> 616,
                     <!-- num verts    --> 102,
                     <!-- start index  --> 996,
                     <!-- num indices  --> 168,
                     <!-- start mesh   --> 5,
                     <!-- num meshes   --> 1,
                     <!-- bounding box -->  7.1118665,  5.4596071,   9.8713198,
                                           -7.1126795, -5.4597588,  -9.8710079,
                     <!-- center       --> -0.4951179,  0.49730507, -0.80349344,
                     <!-- radius       --> 11.688217
                  </VMeshRef>
               </VMeshPart>
            </Level1>
            <Level2>
               <VMeshPart>
                  <VMeshRef type="VMeshRef">
                     <!-- header size  --> 60,
                     <!-- vmesh lib    --> data.ships.bretonia.br_gunship.br_gunship.lod2-112.vms,
                     <!-- start vert   --> 365,
                     <!-- num verts    --> 30,
                     <!-- start index  --> 495,
                     <!-- num indices  --> 54,
                     <!-- start mesh   --> 5,
                     <!-- num meshes   --> 1,
                     <!-- bounding box -->  7.1118665,  5.4596071,   9.8713198,
                                           -7.1126795, -5.4597588,  -9.8710079,
                     <!-- center       --> -0.4951179,  0.49730507, -0.80349344,
                     <!-- radius       --> 11.688217
                  </VMeshRef>
               </VMeshPart>
            </Level2>
            <Switch2 type="float array" count="4">
               0,
               100,
               1000,
               1000000
            </Switch2>
         </MultiLevel>
      </br_star_eng_lod1020917162701.3db>
      <br_star_wing_lod1020917162701.3db>
         <Hardpoints>
            <Fixed>
               <DpStarboardwing>
                  <Orientation type="Matrix">
                       1.0000000000,  90.848822e-09, -161.56629e-09,
                      161.56628e-09,  142.56651e-09,   1.0000000000,
                      90.848843e-09,  -1.0000000000,  142.56649e-09
                  </Orientation>
                  <Position type="Vector">0.60801435, 3.2463462, -6.3494644</Position>
               </DpStarboardwing>
               <HpRunningLight14>
                  <Orientation type="Matrix">
                       1.0000000000,  503.20870e-09,  198.11091e-09,
                     -503.20864e-09,   1.0000000000, -161.56824e-09,
                     -198.11100e-09,  161.56814e-09,   1.0000000000
                  </Orientation>
                  <Position type="Vector">10.326061, -13.319754, -17.486341</Position>
               </HpRunningLight14>
               <HpRunningLight15>
                  <Orientation type="Matrix">
                       1.0000000000,  452.42095e-09,  1.0645033e-06,
                     -795.81093e-09,  -0.3987491700,   0.9170600200,
                      839.36698e-09,  -0.9170600200,  -0.3987491700
                  </Orientation>
                  <Position type="Vector">11.38385, -17.031542, -11.965304</Position>
               </HpRunningLight15>
            </Fixed>
            <Revolute>
               <HpTurret_B3_03>
                  <Axis type="Vector">0, 1, 0</Axis>
                  <Max type="float">6.2831855</Max>
                  <Min type="float">-6.2831855</Min>
                  <Orientation type="Matrix">
                       0.3746067300,   0.9271838100,   0.0000000000,
                      -0.9271838100,   0.3746067300,   0.0000000000,
                       0.0000000000,   0.0000000000,   1.0000000000
                  </Orientation>
                  <Position type="Vector">10.8347, -11.0694, -11.9249</Position>
               </HpTurret_B3_03>
               <HpTurret02>
                  <Axis type="Vector">0, 1, 0</Axis>
                  <Max type="float">2.5307274</Max>
                  <Min type="float">-1.5707964</Min>
                  <Orientation type="Matrix">
                      -0.4226181500,  -0.9063078200,  -0.0000000000,
                       0.9063078200,  -0.4226181500,   0.0000000000,
                       0.0000000000,  -0.0000000000,   1.0000000000
                  </Orientation>
                  <Position type="Vector">7.8, -11.0694, -11.9249</Position>
               </HpTurret02>
            </Revolute>
         </Hardpoints>
         <VMeshWire include="br_gunship_cmp\br_star_wing_lod1.vwd.xml"/>
         <MultiLevel>
            <Level0>
               <VMeshPart>
                  <VMeshRef type="VMeshRef">
                     <!-- header size  --> 60,
                     <!-- vmesh lib    --> data.ships.bretonia.br_gunship.br_gunship.lod0-112.vms,
                     <!-- start vert   --> 3090,
                     <!-- num verts    --> 122,
                     <!-- start index  --> 4653,
                     <!-- num indices  --> 144,
                     <!-- start mesh   --> 37,
                     <!-- num meshes   --> 8,
                     <!-- bounding box --> 12.730517,    5.5380268,  17.736866,
                                           -8.3263788, -16.961287,  -17.029694,
                     <!-- center       -->  2.1250467,  -5.3765516,   1.0108128,
                     <!-- radius       --> 22.536112
                  </VMeshRef>
               </VMeshPart>
            </Level0>
            <Level1>
               <VMeshPart>
                  <VMeshRef type="VMeshRef">
                     <!-- header size  --> 60,
                     <!-- vmesh lib    --> data.ships.bretonia.br_gunship.br_gunship.lod1-112.vms,
                     <!-- start vert   --> 555,
                     <!-- num verts    --> 61,
                     <!-- start index  --> 900,
                     <!-- num indices  --> 96,
                     <!-- start mesh   --> 4,
                     <!-- num meshes   --> 1,
                     <!-- bounding box --> 12.730517,    5.5380268,  17.736866,
                                           -8.3263788, -16.961287,  -17.029694,
                     <!-- center       -->  2.1250467,  -5.3765516,   1.0108128,
                     <!-- radius       --> 22.536112
                  </VMeshRef>
               </VMeshPart>
            </Level1>
            <Level2>
               <VMeshPart>
                  <VMeshRef type="VMeshRef">
                     <!-- header size  --> 60,
                     <!-- vmesh lib    --> data.ships.bretonia.br_gunship.br_gunship.lod2-112.vms,
                     <!-- start vert   --> 309,
                     <!-- num verts    --> 56,
                     <!-- start index  --> 435,
                     <!-- num indices  --> 60,
                     <!-- start mesh   --> 4,
                     <!-- num meshes   --> 1,
                     <!-- bounding box --> 12.730517,    5.5380268,  17.736866,
                                           -8.3263788, -16.961287,  -17.029694,
                     <!-- center       -->  2.1250467,  -5.3765516,   1.0108128,
                     <!-- radius       --> 22.536112
                  </VMeshRef>
               </VMeshPart>
            </Level2>
            <Switch2 type="float array" count="4">
               0,
               100,
               1000,
               1000000
            </Switch2>
         </MultiLevel>
      </br_star_wing_lod1020917162701.3db>
      <br_tail_lod1020917162701.3db>
         <Hardpoints>
            <Fixed>
               <HpRunningLight01>
                  <Orientation type="Matrix">
                       1.0000000000,  269.88229e-09,  288.36925e-09,
                      288.36919e-09,  180.49197e-09,  -1.0000000000,
                     -269.88235e-09,   1.0000000000,  180.49190e-09
                  </Orientation>
                  <Position type="Vector">0.0057631796, 5.8689966, -10.156383</Position>
               </HpRunningLight01>
               <HpRunningLight09>
                  <Orientation type="Matrix">
                       1.0000000000, -342.54529e-09,  878.14453e-09,
                     -342.54549e-09,  -1.0000000000,  220.90371e-09,
                      878.14448e-09, -220.90401e-09,  -1.0000000000
                  </Orientation>
                  <Position type="Vector">11.29148, -1.4075449, 15.087848</Position>
               </HpRunningLight09>
               <HpRunningLight10>
                  <Orientation type="Matrix">
                     -1.1045468e-06, -64.542640e-09,   1.0000000000,
                     -910.96752e-12,  -1.0000000000, -64.542640e-09,
                       1.0000000000, -911.03880e-12,  1.1045468e-06
                  </Orientation>
                  <Position type="Vector">-11.828403, -2.4938047, 8.0528021</Position>
               </HpRunningLight10>
               <HpRunningLight11>
                  <Orientation type="Matrix">
                       1.0000000000, -333.76378e-09,  1.0245856e-06,
                     -333.76395e-09,  -1.0000000000,  173.60098e-09,
                      1.0245855e-06, -173.60132e-09,  -1.0000000000
                  </Orientation>
                  <Position type="Vector">-11.27282, -1.4075468, 15.087846</Position>
               </HpRunningLight11>
               <HpRunningLight12>
                  <Orientation type="Matrix">
                      861.86316e-09, -260.26024e-09,  -1.0000000000,
                     -25.998562e-09,  -1.0000000000,  260.26021e-09,
                      -1.0000000000,  25.998338e-09, -861.86316e-09
                  </Orientation>
                  <Position type="Vector">11.870832, -2.4938114, 8.0528288</Position>
               </HpRunningLight12>
               <HpShield01>
                  <Orientation type="Matrix">
                       1.0000000000,  105.39904e-09, -234.94435e-09,
