<?xml version="1.0" encoding="ISO-8859-1"?>
<!-- XML generated by UTFXML Version 2.2 built 19-Aug-2010 -->
<UTFXML filename="Xaak_scout.cmp" path="SHIPS\new\X3_terran_conflict_ships\Xaak\Xaak_fighter">
   <UTF_ROOT>
      <VMeshLibrary>
         <Xaak_scout.lod0.vms include="Xaak_scout_cmp\lod0.vms.xml"/>
      </VMeshLibrary>
      <Cmpnd>
         <Root>
            <File_name name="File name" type="text">Xaak_scout.3db</File_name>
            <Index type="int">0</Index>
            <Object_name name="Object name" type="text">Root</Object_name>
         </Root>
      </Cmpnd>
      <Xaak_scout.3db>
         <Hardpoints>
            <Fixed>
               <HpCockpit>
                  <Orientation type="Matrix">
                       1.0000000000,   0.0000000000,   0.0000000000,
                       0.0000000000,   1.0000000000,   0.0000000000,
                       0.0000000000,   0.0000000000,   1.0000000000
                  </Orientation>
                  <Position type="Vector">0.055810999, -2.0791581, -7.3315692</Position>
               </HpCockpit>
               <HpMount>
                  <Orientation type="Matrix">
                       1.0000000000,   0.0000000000,   0.0000000000,
                       0.0000000000,   1.0000000000,   0.0000000000,
                       0.0000000000,   0.0000000000,   1.0000000000
                  </Orientation>
                  <Position type="Vector">0, -8, 0</Position>
               </HpMount>
               <HpThruster01>
                  <Orientation type="Matrix">
                       0.5000000000,  -0.8137975900,  -0.2961981000,
                       0.8660253300,   0.4698463700,   0.1710100600,
                       0.0000000000,  -0.3420200900,   0.9396926200
                  </Orientation>
                  <Position type="Vector">-1.189513, 3.4152181, 2.6426809</Position>
               </HpThruster01>
               <HpThruster02>
                  <Orientation type="Matrix">
                       0.5000000000,   0.8137975900,   0.2961981000,
                      -0.8660253300,   0.4698463700,   0.1710100600,
                       0.0000000000,  -0.3420200900,   0.9396926200
                  </Orientation>
                  <Position type="Vector">1.395303, 3.37274, 2.685941</Position>
               </HpThruster02>
               <HpMine01>
                  <Orientation type="Matrix">
                      -0.4999998800,   0.8137975900,  -0.2961981000,
                      -0.8660253300,  -0.4698462500,   0.1710100600,
                       0.0000000000,   0.3420200900,   0.9396926200
                  </Orientation>
                  <Position type="Vector">2.832377, -3.5747349, 2.6235261</Position>
               </HpMine01>
               <HpMine02>
                  <Orientation type="Matrix">
                      -0.4999998800,  -0.8137975900,   0.2961981000,
                       0.8660253300,  -0.4698462500,   0.1710100600,
                       0.0000000000,   0.3420200900,   0.9396926200
                  </Orientation>
                  <Position type="Vector">-2.590435, -3.5768991, 2.691952</Position>
               </HpMine02>
               <HpShield01>
                  <Orientation type="Matrix">
                       1.0000000000,   0.0000000000,  -0.0000000000,
                      -0.0000000000, -119.20929e-09,  -0.9999996400,
                       0.0000000000,   0.9999996400, -119.20929e-09
                  </Orientation>
                  <Position type="Vector">0.150254, -1.982872, 4.8803558</Position>
               </HpShield01>
               <HpEngine01>
                  <Orientation type="Matrix">
                       1.0000000000,   0.0000000000,   0.0000000000,
                       0.0000000000,   1.0000000000,   0.0000000000,
                       0.0000000000,   0.0000000000,   1.0000000000
                  </Orientation>
                  <Position type="Vector">0.078005999, 2.6870511, 4.0205331</Position>
               </HpEngine01>
               <HpDocklight01>
                  <Orientation type="Matrix">
                       1.0000000000,   0.0000000000,   0.0000000000,
                       0.0000000000,   1.0000000000,   0.0000000000,
                       0.0000000000,   0.0000000000,   1.0000000000
                  </Orientation>
                  <Position type="Vector">-3.538125, 0.61413902, 4.7099552</Position>
               </HpDocklight01>
               <HpDocklight02>
                  <Orientation type="Matrix">
                       1.0000000000,   0.0000000000,   0.0000000000,
                       0.0000000000,   1.0000000000,   0.0000000000,
                       0.0000000000,   0.0000000000,   1.0000000000
                  </Orientation>
                  <Position type="Vector">3.717406, 0.63926798, 4.5089321</Position>
               </HpDocklight02>
               <HpContrail01>
                  <Orientation type="Matrix">
                       1.0000000000,   0.0000000000,   0.0000000000,
                       0.0000000000,   1.0000000000,   0.0000000000,
                       0.0000000000,   0.0000000000,   1.0000000000
                  </Orientation>
                  <Position type="Vector">-3.537293, 0.59288102, 4.7257161</Position>
               </HpContrail01>
               <HpContrail02>
                  <Orientation type="Matrix">
                       1.0000000000,   0.0000000000,   0.0000000000,
                       0.0000000000,   1.0000000000,   0.0000000000,
                       0.0000000000,   0.0000000000,   1.0000000000
                  </Orientation>
                  <Position type="Vector">3.717406, 0.63926798, 4.5089321</Position>
               </HpContrail02>
               <HpContrail03>
                  <Orientation type="Matrix">
                       1.0000000000,   0.0000000000,   0.0000000000,
                       0.0000000000,   1.0000000000,   0.0000000000,
                       0.0000000000,   0.0000000000,   1.0000000000
                  </Orientation>
                  <Position type="Vector">0.131156, -5.702127, 4.2073078</Position>
               </HpContrail03>
               <HpContrail04>
                  <Orientation type="Matrix">
                       1.0000000000,   0.0000000000,   0.0000000000,
                       0.0000000000,   1.0000000000,   0.0000000000,
                       0.0000000000,   0.0000000000,   1.0000000000
                  </Orientation>
                  <Position type="Vector">0.065194003, 6.7593589, 4.800333</Position>
               </HpContrail04>
               <HpRunningLight01>
                  <Orientation type="Matrix">
                       1.0000000000,   0.0000000000,   0.0000000000,
                       0.0000000000,   1.0000000000,   0.0000000000,
                       0.0000000000,   0.0000000000,   1.0000000000
                  </Orientation>
                  <Position type="Vector">0.066914998, 6.8234282, 4.7146258</Position>
               </HpRunningLight01>
               <HpRunningLight02>
                  <Orientation type="Matrix">
                      -1.0000000000,   0.0000000000,  87.427907e-09,
                       0.0000000000,   1.0000000000,  -0.0000000000,
                     -87.427907e-09,   0.0000000000,  -1.0000000000
                  </Orientation>
                  <Position type="Vector">0.066914998, 6.8234282, 4.7146258</Position>
               </HpRunningLight02>
               <HpCM01>
                  <Orientation type="Matrix">
                       1.0000000000,   0.0000000000,  -0.0000000000,
                      -0.0000000000,   0.9396926200,  -0.3420200900,
                       0.0000000000,   0.3420200900,   0.9396926200
                  </Orientation>
                  <Position type="Vector">0.102373, -5.1445069, 0.47738901</Position>
               </HpCM01>
               <Hpnew01>
                  <Orientation type="Matrix">
                       1.0000000000,   0.0000000000,   0.0000000000,
                       0.0000000000,   1.0000000000,   0.0000000000,
                       0.0000000000,   0.0000000000,   1.0000000000
                  </Orientation>
                  <Position type="Vector">0, 0, 0</Position>
               </Hpnew01>
               <Hpnew02>
                  <Orientation type="Matrix">
                       1.0000000000,   0.0000000000,   0.0000000000,
                       0.0000000000,   1.0000000000,   0.0000000000,
                       0.0000000000,   0.0000000000,   1.0000000000
                  </Orientation>
                  <Position type="Vector">0, 0, 0</Position>
               </Hpnew02>
               <Hpnew03>
                  <Orientation type="Matrix">
                       1.0000000000,   0.0000000000,   0.0000000000,
                       0.0000000000,   1.0000000000,   0.0000000000,
                       0.0000000000,   0.0000000000,   1.0000000000
                  </Orientation>
                  <Position type="Vector">0, 0, 0</Position>
               </Hpnew03>
               <HpCloak01>
                  <Orientation type="Matrix">
                       1.0000000000,   0.0000000000,   0.0000000000,
                       0.0000000000,   1.0000000000,   0.0000000000,
                       0.0000000000,   0.0000000000,   1.0000000000
                  </Orientation>
                  <Position type="Vector">0, 0, 0</Position>
               </HpCloak01>
            </Fixed>
            <Revolute>
               <HpWeapon01>
                  <Axis type="Vector">0, 1, 0</Axis>
                  <Max type="float">0.78539819</Max>
                  <Min type="float">-0.78539819</Min>
                  <Orientation type="Matrix">
                       1.0000000000,   0.0000000000,   0.0000000000,
                       0.0000000000,   1.0000000000,   0.0000000000,
                       0.0000000000,   0.0000000000,   1.0000000000
                  </Orientation>
                  <Position type="Vector">0.060835999, 2.657901, 0.060268</Position>
               </HpWeapon01>
               <HpWeapon02>
                  <Axis type="Vector">0, 1, 0</Axis>
                  <Max type="float">0.78539819</Max>
                  <Min type="float">-0.78539819</Min>
                  <Orientation type="Matrix">
                       0.5000000000,  -0.8660253900,  -0.0000000000,
                       0.8660253900,   0.5000000000,   0.0000000000,
                       0.0000000000,  -0.0000000000,   1.0000000000
                  </Orientation>
                  <Position type="Vector">-2.6095419, -0.37042001, 0.424261</Position>
               </HpWeapon02>
               <HpWeapon03>
                  <Axis type="Vector">0, 1, 0</Axis>
                  <Max type="float">0.78539819</Max>
                  <Min type="float">-0.78539819</Min>
                  <Orientation type="Matrix">
                       0.5000000000,   0.8660253900,   0.0000000000,
                      -0.8660253900,   0.5000000000,   0.0000000000,
                       0.0000000000,   0.0000000000,   1.0000000000
                  </Orientation>
                  <Position type="Vector">2.7722681, -0.3379, 0.35248601</Position>
               </HpWeapon03>
            </Revolute>
         </Hardpoints>
         <MultiLevel>
            <Level0>
               <VMeshPart>
                  <VMeshRef type="VMeshRef">
                     <!-- header size  --> 60,
                     <!-- vmesh lib    --> Xaak_scout.lod0.vms,
                     <!-- start vert   --> 0,
                     <!-- num verts    --> 1318,
                     <!-- start index  --> 0,
                     <!-- num indices  --> 2868,
                     <!-- start mesh   --> 0,
                     <!-- num meshes   --> 14,
                     <!-- bounding box -->  3.8118188,   6.8565016,   4.8848567,
                                           -3.6040485,  -5.7495584,  -7.3561182,
                     <!-- center       -->  0.10388517,  0.55347157, -1.2356308,
                     <!-- radius       --> 13.442822
                  </VMeshRef>
               </VMeshPart>
            </Level0>
         </MultiLevel>
      </Xaak_scout.3db>
   </UTF_ROOT>
</UTFXML>
