<?xml version="1.0" encoding="ISO-8859-1"?>
<!-- XML generated by UTFXML Version 2.2 built 19-Aug-2010 -->
<UTFXML filename="freight_trainx3.cmp" path="SHIPS\UTILITY\FREIGHT_TRAIN">
   <UTF_ROOT>
      <VMeshLibrary>
         <data.ships.utility.freight_train.freight_trainx3.lod0-112.vms include="freight_trainx3_cmp\lod0-112.vms.xml"/>
         <data.ships.utility.freight_train.freight_trainx3.lod1-112.vms include="freight_trainx3_cmp\lod1-112.vms.xml"/>
         <data.ships.utility.freight_train.freight_trainx3.lod2-112.vms include="freight_trainx3_cmp\lod2-112.vms.xml"/>
         <data.ships.utility.freight_train.freight_trainx3.lod3-112.vms include="freight_trainx3_cmp\lod3-112.vms.xml"/>
         <data.ships.utility.freight_train.freight_trainx3.lod4-112.vms include="freight_trainx3_cmp\lod4-112.vms.xml"/>
      </VMeshLibrary>
      <Cmpnd>
         <Cons>
            <Fix type="Fix" count="2">
               <part>
                  <!-- parent      --> "Root",
                  <!-- child       --> "Engine01_lod1",
                  <!-- position    --> 16.692699, -14.050058, -80.547752,
                  <!-- orientation -->   1.0000000000, -59.542967e-15, -35.527140e-15,
                                        59.542987e-15,   1.0000000000,  533.44655e-09,
                                        35.527110e-15, -533.44655e-09,   1.0000000000
               </part>
               <part>
                  <!-- parent      --> "Root",
                  <!-- child       --> "Engine02_lod1",
                  <!-- position    --> -16.895046, -14.050052, -80.54776,
                  <!-- orientation -->  178.81381e-09, -63.058785e-09,  -1.0000000000,
                                        476.83722e-09,   1.0000000000, -63.058700e-09,
                                         1.0000000000, -476.83722e-09,  178.81383e-09
               </part>
            </Fix>
         </Cons>
         <Part_Engine01_lod1>
            <File_name name="File name" type="text">Engine01_lod1020813123941.3db</File_name>
            <Index type="int">1</Index>
            <Object_name name="Object name" type="text">Engine01_lod1</Object_name>
         </Part_Engine01_lod1>
         <Part_Engine02_lod1>
            <File_name name="File name" type="text">Engine02_lod1020813123941.3db</File_name>
            <Index type="int">2</Index>
            <Object_name name="Object name" type="text">Engine02_lod1</Object_name>
         </Part_Engine02_lod1>
         <Root>
            <File_name name="File name" type="text">train_lod1020813123941.3db</File_name>
            <Index type="int">0</Index>
            <Object_name name="Object name" type="text">Root</Object_name>
         </Root>
      </Cmpnd>
      <Engine01_lod1020813123941.3db>
         <Hardpoints>
            <Fixed>
               <HpDocklight03>
                  <Orientation type="Matrix">
                       0.7071072500, -456.75415e-09,  -0.7071063500,
                      162.65052e-09,   1.0000000000, -483.29758e-09,
                       0.7071063500,  226.73200e-09,   0.7071072500
                  </Orientation>
                  <Position type="Vector">8.7076168, -2.1145058, -5.8563409</Position>
               </HpDocklight03>
               <HpEngine01>
                  <Orientation type="Matrix">
                       1.0000000000, -336.56735e-09,  199.93267e-09,
                      336.56727e-09,   1.0000000000,  467.06657e-09,
                     -199.93283e-09, -467.06651e-09,   1.0000000000
                  </Orientation>
                  <Position type="Vector">3.2272296, -0.29404178, 5.9848099</Position>
               </HpEngine01>
               <HpRunningLight01>
                  <Orientation type="Matrix">
                      657.01232e-09,   1.0000000000,  410.27926e-09,
                      -1.0000000000,  657.01244e-09, -220.57311e-09,
                     -220.57338e-09, -410.27911e-09,   1.0000000000
                  </Orientation>
                  <Position type="Vector">3.0442584, -6.0737438, -6.5383172</Position>
               </HpRunningLight01>
            </Fixed>
         </Hardpoints>
         <VMeshWire include="freight_trainx3_cmp\Engine01_lod1.vwd.xml"/>
         <MultiLevel>
            <Level0>
               <VMeshPart>
                  <VMeshRef type="VMeshRef">
                     <!-- header size  --> 60,
                     <!-- vmesh lib    --> data.ships.utility.freight_train.freight_trainx3.lod0-112.vms,
                     <!-- start vert   --> 4104,
                     <!-- num verts    --> 171,
                     <!-- start index  --> 6618,
                     <!-- num indices  --> 363,
                     <!-- start mesh   --> 11,
                     <!-- num meshes   --> 3,
                     <!-- bounding box -->  8.3848658,   6.0540056,   6.5275493,
                                           -8.3848648,  -6.0540032,  -6.5275517,
                     <!-- center       --> -0.37912673,  0.39666563, -0.95658517,
                     <!-- radius       --> 10.289672
                  </VMeshRef>
               </VMeshPart>
            </Level0>
            <Level1>
               <VMeshPart>
                  <VMeshRef type="VMeshRef">
                     <!-- header size  --> 60,
                     <!-- vmesh lib    --> data.ships.utility.freight_train.freight_trainx3.lod1-112.vms,
                     <!-- start vert   --> 2901,
                     <!-- num verts    --> 109,
                     <!-- start index  --> 4521,
                     <!-- num indices  --> 192,
                     <!-- start mesh   --> 11,
                     <!-- num meshes   --> 3,
                     <!-- bounding box -->  8.3848658,   6.0540056,   6.5275493,
                                           -8.3848648,  -6.0540032,  -6.5275517,
                     <!-- center       --> -0.37912673,  0.39666563, -0.95658517,
                     <!-- radius       --> 10.289672
                  </VMeshRef>
               </VMeshPart>
            </Level1>
            <Level2>
               <VMeshPart>
                  <VMeshRef type="VMeshRef">
                     <!-- header size  --> 60,
                     <!-- vmesh lib    --> data.ships.utility.freight_train.freight_trainx3.lod2-112.vms,
                     <!-- start vert   --> 2138,
                     <!-- num verts    --> 81,
                     <!-- start index  --> 3165,
                     <!-- num indices  --> 129,
                     <!-- start mesh   --> 10,
                     <!-- num meshes   --> 3,
                     <!-- bounding box -->  8.3848658,   6.0540056,   6.5275493,
                                           -8.3848648,  -6.0540032,  -6.5275517,
                     <!-- center       --> -0.37912673,  0.39666563, -0.95658517,
                     <!-- radius       --> 10.289672
                  </VMeshRef>
               </VMeshPart>
            </Level2>
            <Level3>
               <VMeshPart>
                  <VMeshRef type="VMeshRef">
                     <!-- header size  --> 60,
                     <!-- vmesh lib    --> data.ships.utility.freight_train.freight_trainx3.lod3-112.vms,
                     <!-- start vert   --> 1393,
                     <!-- num verts    --> 65,
                     <!-- start index  --> 1941,
                     <!-- num indices  --> 93,
                     <!-- start mesh   --> 10,
                     <!-- num meshes   --> 3,
                     <!-- bounding box -->  8.3848658,   6.0540056,   6.5275493,
                                           -8.3848648,  -6.0540032,  -6.5275517,
                     <!-- center       --> -0.37912673,  0.39666563, -0.95658517,
                     <!-- radius       --> 10.289672
                  </VMeshRef>
               </VMeshPart>
            </Level3>
            <Level4>
               <VMeshPart>
                  <VMeshRef type="VMeshRef">
                     <!-- header size  --> 60,
                     <!-- vmesh lib    --> data.ships.utility.freight_train.freight_trainx3.lod4-112.vms,
                     <!-- start vert   --> 792,
                     <!-- num verts    --> 28,
                     <!-- start index  --> 1038,
                     <!-- num indices  --> 36,
                     <!-- start mesh   --> 9,
                     <!-- num meshes   --> 3,
                     <!-- bounding box -->  8.3848658,   6.0540056,   6.5275493,
                                           -8.3848648,  -6.0540032,  -6.5275517,
                     <!-- center       --> -0.37912673,  0.39666563, -0.95658517,
                     <!-- radius       --> 10.289672
                  </VMeshRef>
               </VMeshPart>
            </Level4>
            <Switch2 type="float array" count="6">
               0,
               100,
               1000,
               10000,
               100000,
               1000000
            </Switch2>
         </MultiLevel>
      </Engine01_lod1020813123941.3db>
      <Engine02_lod1020813123941.3db>
         <Hardpoints>
            <Fixed>
               <HpDocklight02>
                  <Orientation type="Matrix">
                      -0.9238796800,  279.06154e-09,   0.3826830100,
                      631.07404e-09,   1.0000000000,  794.32579e-09,
                      -0.3826830100,  975.36292e-09,  -0.9238796800
                  </Orientation>
                  <Position type="Vector">-5.8563266, -2.1145132, 8.5489302</Position>
               </HpDocklight02>
               <HpEngine02>
                  <Orientation type="Matrix">
                     -83.182805e-09, -236.52889e-09,   1.0000000000,
                      223.31074e-09,   1.0000000000,  236.52890e-09,
                      -1.0000000000,  223.31075e-09, -83.182755e-09
                  </Orientation>
                  <Position type="Vector">5.9848218, -0.29404849, 3.1743486</Position>
               </HpEngine02>
               <HpRunningLight02>
                  <Orientation type="Matrix">
                     -89.599929e-09, -249.45146e-09,   1.0000000000,
                      -1.0000000000,  628.48358e-09, -89.599773e-09,
                     -628.48358e-09,  -1.0000000000, -249.45152e-09
                  </Orientation>
                  <Position type="Vector">-6.5383005, -6.073751, 2.9511194</Position>
               </HpRunningLight02>
            </Fixed>
         </Hardpoints>
         <VMeshWire include="freight_trainx3_cmp\Engine02_lod1.vwd.xml"/>
         <MultiLevel>
            <Level0>
               <VMeshPart>
                  <VMeshRef type="VMeshRef">
                     <!-- header size  --> 60,
                     <!-- vmesh lib    --> data.ships.utility.freight_train.freight_trainx3.lod0-112.vms,
                     <!-- start vert   --> 3908,
                     <!-- num verts    --> 196,
                     <!-- start index  --> 6255,
                     <!-- num indices  --> 363,
                     <!-- start mesh   --> 8,
                     <!-- num meshes   --> 3,
                     <!-- bounding box -->  6.5275249,   6.0539904,   8.3848429,
                                           -6.5275774,  -6.0540175,  -8.3848858,
                     <!-- center       --> -0.91577631,  0.51060146, -0.32235152,
                     <!-- radius       --> 10.288812
                  </VMeshRef>
               </VMeshPart>
            </Level0>
            <Level1>
               <VMeshPart>
                  <VMeshRef type="VMeshRef">
                     <!-- header size  --> 60,
                     <!-- vmesh lib    --> data.ships.utility.freight_train.freight_trainx3.lod1-112.vms,
                     <!-- start vert   --> 2762,
                     <!-- num verts    --> 139,
                     <!-- start index  --> 4326,
                     <!-- num indices  --> 195,
                     <!-- start mesh   --> 8,
                     <!-- num meshes   --> 3,
                     <!-- bounding box -->  6.5275249,   6.0539904,   8.3848429,
                                           -6.5275774,  -6.0540175,  -8.3848858,
                     <!-- center       --> -0.91577631,  0.51060146, -0.32235152,
                     <!-- radius       --> 10.288812
                  </VMeshRef>
               </VMeshPart>
            </Level1>
            <Level2>
               <VMeshPart>
                  <VMeshRef type="VMeshRef">
                     <!-- header size  --> 60,
                     <!-- vmesh lib    --> data.ships.utility.freight_train.freight_trainx3.lod2-112.vms,
                     <!-- start vert   --> 2051,
                     <!-- num verts    --> 87,
                     <!-- start index  --> 3036,
                     <!-- num indices  --> 129,
                     <!-- start mesh   --> 7,
                     <!-- num meshes   --> 3,
                     <!-- bounding box -->  6.5275249,   6.0539904,   8.3848429,
                                           -6.5275774,  -6.0540175,  -8.3848858,
                     <!-- center       --> -0.91577631,  0.51060146, -0.32235152,
                     <!-- radius       --> 10.288812
                  </VMeshRef>
               </VMeshPart>
            </Level2>
            <Level3>
               <VMeshPart>
                  <VMeshRef type="VMeshRef">
                     <!-- header size  --> 60,
                     <!-- vmesh lib    --> data.ships.utility.freight_train.freight_trainx3.lod3-112.vms,
                     <!-- start vert   --> 1324,
                     <!-- num verts    --> 69,
                     <!-- start index  --> 1848,
                     <!-- num indices  --> 93,
                     <!-- start mesh   --> 7,
                     <!-- num meshes   --> 3,
                     <!-- bounding box -->  6.5275249,   6.0539904,   8.3848429,
                                           -6.5275774,  -6.0540175,  -8.3848858,
                     <!-- center       --> -0.91577631,  0.51060146, -0.32235152,
                     <!-- radius       --> 10.288812
                  </VMeshRef>
               </VMeshPart>
            </Level3>
            <Level4>
               <VMeshPart>
                  <VMeshRef type="VMeshRef">
                     <!-- header size  --> 60,
                     <!-- vmesh lib    --> data.ships.utility.freight_train.freight_trainx3.lod4-112.vms,
                     <!-- start vert   --> 764,
                     <!-- num verts    --> 28,
                     <!-- start index  --> 1002,
                     <!-- num indices  --> 36,
                     <!-- start mesh   --> 6,
                     <!-- num meshes   --> 3,
                     <!-- bounding box -->  6.5275249,   6.0539904,   8.3848429,
                                           -6.5275774,  -6.0540175,  -8.3848858,
                     <!-- center       --> -0.91577631,  0.51060146, -0.32235152,
                     <!-- radius       --> 10.288812
                  </VMeshRef>
               </VMeshPart>
            </Level4>
            <Switch2 type="float array" count="6">
               0,
               100,
               1000,
               10000,
               100000,
               1000000
            </Switch2>
         </MultiLevel>
      </Engine02_lod1020813123941.3db>
      <Exporter_Version name="Exporter Version" type="text">Aug  8 2002 17:09:32</Exporter_Version>
      <train_lod1020813123941.3db>
         <Hardpoints>
            <Fixed>
               <HpCargo01>
                  <Orientation type="Matrix">
                       1.0000000000, -190.23399e-09,  373.74988e-09,
                      190.23383e-09,   1.0000000000,  400.59390e-09,
                     -373.74997e-09, -400.59382e-09,   1.0000000000
                  </Orientation>
                  <Position type="Vector">-0.050408512, 12.962385, -15.239306</Position>
               </HpCargo01>
               <HpCargo02>
                  <Orientation type="Matrix">
                       1.0000000000, -190.23399e-09,  373.74988e-09,
                      190.23383e-09,   1.0000000000,  400.59390e-09,
                     -373.74997e-09, -400.59382e-09,   1.0000000000
                  </Orientation>
                  <Position type="Vector">-0.050408509, 1.9637545, -15.239302</Position>
               </HpCargo02>
               <HpCargo03>
                  <Orientation type="Matrix">
                       1.0000000000, -190.23399e-09,  373.74988e-09,
                      190.23383e-09,   1.0000000000,  400.59390e-09,
                     -373.74997e-09, -400.59382e-09,   1.0000000000
                  </Orientation>
                  <Position type="Vector">-0.05040662, 12.962409, 28.066349</Position>
               </HpCargo03>
               <HpCargo04>
                  <Orientation type="Matrix">
                       1.0000000000, -190.23399e-09,  373.74988e-09,
                      190.23383e-09,   1.0000000000,  400.59390e-09,
                     -373.74997e-09, -400.59382e-09,   1.0000000000
                  </Orientation>
                  <Position type="Vector">-0.050406616, 1.9637771, 28.066347</Position>
               </HpCargo04>
               <HpCargo05>
                  <Orientation type="Matrix">
                       1.0000000000, -190.23399e-09,  373.74988e-09,
                      190.23383e-09,   1.0000000000,  400.59390e-09,
                     -373.74997e-09, -400.59382e-09,   1.0000000000
                  </Orientation>
                  <Position type="Vector">-0.05040472, 12.962432, 71.606941</Position>
               </HpCargo05>
               <HpCargo06>
                  <Orientation type="Matrix">
                       1.0000000000, -190.23399e-09,  373.74988e-09,
                      190.23383e-09,   1.0000000000,  400.59390e-09,
                     -373.74997e-09, -400.59382e-09,   1.0000000000
                  </Orientation>
                  <Position type="Vector">-0.050404716, 1.9637997, 71.606926</Position>
               </HpCargo06>
               <HpDocklight01>
                  <Orientation type="Matrix">
                      -1.0000000000, -189.44705e-09, -462.52410e-09,
                     -189.44702e-09,   1.0000000000, -73.893801e-09,
                      462.52410e-09, -73.893716e-09,  -1.0000000000
                  </Orientation>
                  <Position type="Vector">-0.050403871, 10.706645, 95.905266</Position>
               </HpDocklight01>
               <HpHeadLight01>
                  <Orientation type="Matrix">
                      -1.0000000000,  92.784450e-15,  87.422769e-09,
                     -20.306671e-15,  -1.0000000000,  829.04921e-09,
                      87.422769e-09,  829.04921e-09,   1.0000000000
                  </Orientation>
                  <Position type="Vector">1.2199696, 4.5130277, -85.739891</Position>
               </HpHeadLight01>
               <HpHeadLight02>
                  <Orientation type="Matrix">
                      -1.0000000000,  34.717810e-15,  87.422784e-09,
                      3.3990793e-15,  -1.0000000000,  436.00636e-09,
                      87.422784e-09,  436.00636e-09,   1.0000000000
                  </Orientation>
                  <Position type="Vector">-1.3774301, 4.5130277, -85.739891</Position>
               </HpHeadLight02>
               <HpMount>
                  <Orientation type="Matrix">
                       1.0000000000, -71.455672e-15,  174.84560e-09,
                     -19.656724e-15,   1.0000000000,  521.10204e-09,
                     -174.84560e-09, -521.10204e-09,   1.0000000000
                  </Orientation>
                  <Position type="Vector">-0.1194208, -6.5135684, -112.21718</Position>
               </HpMount>
               <HpRunningLight03>
                  <Orientation type="Matrix">
                      -1.0000000000, -87.422777e-09,  8.8394766e-15,
                      35.717448e-15, -509.67179e-09,  -1.0000000000,
                      87.422777e-09,  -1.0000000000,  509.67179e-09
                  </Orientation>
                  <Position type="Vector">-0.15539059, 12.572291, -61.207546</Position>
               </HpRunningLight03>
               <HpRunningLight04>
                  <Orientation type="Matrix">
                     -33.708968e-09,  114.85785e-09,   1.0000000000,
                      -1.0000000000, -495.13193e-09, -33.708911e-09,
                      495.13193e-09,  -1.0000000000,  114.85787e-09
                  </Orientation>
                  <Position type="Vector">-8.4581223, 10.268157, -41.778515</Position>
               </HpRunningLight04>
               <HpRunningLight05>
                  <Orientation type="Matrix">
                      125.46549e-09, -184.32401e-09,  -1.0000000000,
                      513.31796e-09,   1.0000000000, -184.32394e-09,
                       1.0000000000, -513.31796e-09,  125.46559e-09
                  </Orientation>
                  <Position type="Vector">8.1127052, 10.268157, -41.778519</Position>
               </HpRunningLight05>
               <HpRunningLight06>
                  <Orientation type="Matrix">
                      -1.0000000000,  87.422784e-09, -61.283444e-15,
                      7.7918112e-15,  790.12875e-09,   1.0000000000,
                      87.422784e-09,   1.0000000000, -790.12875e-09
                  </Orientation>
                  <Position type="Vector">3.0486655, -8.1964102, -105.8661</Position>
               </HpRunningLight06>
               <HpRunningLight07>
                  <Orientation type="Matrix">
                      -1.0000000000,  87.422784e-09, -61.283444e-15,
                      7.7918112e-15,  790.12875e-09,   1.0000000000,
                      87.422784e-09,   1.0000000000, -790.12875e-09
                  </Orientation>
                  <Position type="Vector">-3.2242985, -8.1964102, -105.8661</Position>
               </HpRunningLight07>
               <HpRunningLight08>
                  <Orientation type="Matrix">
                     -505.76824e-09,   1.0000000000,  363.81712e-09,
                      557.09950e-09, -363.81684e-09,   1.0000000000,
                       1.0000000000,  505.76847e-09, -557.09933e-09
                  </Orientation>
                  <Position type="Vector">5.3137321, 12.092119, 1.6946838</Position>
               </HpRunningLight08>
               <HpRunningLight09>
                  <Orientation type="Matrix">
                     -505.76824e-09,   1.0000000000,  363.81712e-09,
                      557.09950e-09, -363.81684e-09,   1.0000000000,
                       1.0000000000,  505.76847e-09, -557.09933e-09
                  </Orientation>
                  <Position type="Vector">-5.1721268, 12.092119, 1.6946847</Position>
               </HpRunningLight09>
               <HpRunningLight10>
                  <Orientation type="Matrix">
                     -505.76824e-09,   1.0000000000,  363.81712e-09,
                      557.09950e-09, -363.81684e-09,   1.0000000000,
                       1.0000000000,  505.76847e-09, -557.09933e-09
                  </Orientation>
                  <Position type="Vector">-5.1721268, -6.6664882, 1.6946937</Position>
               </HpRunningLight10>
               <HpRunningLight11>
                  <Orientation type="Matrix">
                     -505.76824e-09,   1.0000000000,  363.81712e-09,
                      557.09950e-09, -363.81684e-09,   1.0000000000,
                       1.0000000000,  505.76847e-09, -557.09933e-09
                  </Orientation>
                  <Position type="Vector">5.3137321, -6.6664882, 1.6946927</Position>
               </HpRunningLight11>
               <HpRunningLight12>
                  <Orientation type="Matrix">
                     -505.76824e-09,   1.0000000000,  363.81712e-09,
                      557.09950e-09, -363.81684e-09,   1.0000000000,
                       1.0000000000,  505.76847e-09, -557.09933e-09
                  </Orientation>
                  <Position type="Vector">-5.172121, 12.092144, 45.185474</Position>
               </HpRunningLight12>
               <HpRunningLight13>
                  <Orientation type="Matrix">
                     -505.76824e-09,   1.0000000000,  363.81712e-09,
                      557.09950e-09, -363.81684e-09,   1.0000000000,
                       1.0000000000,  505.76847e-09, -557.09933e-09
                  </Orientation>
                  <Position type="Vector">-5.172121, -6.6664653, 45.185486</Position>
               </HpRunningLight13>
               <HpRunningLight14>
                  <Orientation type="Matrix">
                     -505.76824e-09,   1.0000000000,  363.81712e-09,
                      557.09950e-09, -363.81684e-09,   1.0000000000,
                       1.0000000000,  505.76847e-09, -557.09933e-09
                  </Orientation>
                  <Position type="Vector">5.3137379, -6.6664653, 45.185486</Position>
               </HpRunningLight14>
               <HpRunningLight15>
                  <Orientation type="Matrix">
                     -505.76824e-09,   1.0000000000,  363.81712e-09,
                      557.09950e-09, -363.81684e-09,   1.0000000000,
                       1.0000000000,  505.76847e-09, -557.09933e-09
                  </Orientation>
                  <Position type="Vector">5.3137379, 12.092144, 45.185474</Position>
               </HpRunningLight15>
               <HpRunningLight16>
                  <Orientation type="Matrix">
                     -505.76824e-09,   1.0000000000,  363.81712e-09,
                      557.09950e-09, -363.81684e-09,   1.0000000000,
                       1.0000000000,  505.76847e-09, -557.09933e-09
                  </Orientation>
                  <Position type="Vector">-5.1721153, 12.092167, 88.547157</Position>
               </HpRunningLight16>
               <HpRunningLight17>
                  <Orientation type="Matrix">
                     -505.76824e-09,   1.0000000000,  363.81712e-09,
                      557.09950e-09, -363.81684e-09,   1.0000000000,
                       1.0000000000,  505.76847e-09, -557.09933e-09
                  </Orientation>
                  <Position type="Vector">-5.1721153, -6.6664433, 88.547165</Position>
               </HpRunningLight17>
               <HpRunningLight18>
                  <Orientation type="Matrix">
                     -505.76824e-09,   1.0000000000,  363.81712e-09,
                      557.09950e-09, -363.81684e-09,   1.0000000000,
                       1.0000000000,  505.76847e-09, -557.09933e-09
                  </Orientation>
                  <Position type="Vector">5.3137436, -6.6664433, 88.547165</Position>
               </HpRunningLight18>
               <HpRunningLight19>
                  <Orientation type="Matrix">
                     -505.76824e-09,   1.0000000000,  363.81712e-09,
                      557.09950e-09, -363.81684e-09,   1.0000000000,
                       1.0000000000,  505.76847e-09, -557.09933e-09
                  </Orientation>
                  <Position type="Vector">5.3137436, 12.092167, 88.547157</Position>
               </HpRunningLight19>
               <HpTractor_Source>
                  <Orientation type="Matrix">
                      -1.0000000000,  92.784450e-15,  87.422769e-09,
                     -20.306671e-15,  -1.0000000000,  829.04921e-09,
                      87.422769e-09,  829.04921e-09,   1.0000000000
                  </Orientation>
                  <Position type="Vector">1.2199696, 4.5130277, -85.739891</Position>
               </HpTractor_Source>
            </Fixed>
            <Revolute>
               <HpTurret01>
                  <Axis type="Vector">0, 1, 0</Axis>
                  <Max type="float">1.91986</Max>
                  <Min type="float">-1.9198699</Min>
                  <Orientation type="Matrix">
                       1.0000000000, -58.826953e-15, -42.632568e-15,
                      58.826974e-15,   1.0000000000,  550.24640e-09,
                      42.632534e-15, -550.24640e-09,   1.0000000000
                  </Orientation>
                  <Position type="Vector">-0.15539105, -0.50148088, -96.537331</Position>
               </HpTurret01>
               <HpTurret02>
                  <Axis type="Vector">0, 1, 0</Axis>
                  <Max type="float">6.2831855</Max>
                  <Min type="float">-6.2831855</Min>
                  <Orientation type="Matrix">
                       0.3090167900,  -0.9510566000, -35.527140e-15,
                       0.9510566000,   0.3090167900,  550.24634e-09,
                     -523.31541e-09, -170.03539e-09,   1.0000000000
                  </Orientation>
                  <Position type="Vector">-24.248274, -12.98653, -83.256142</Position>
               </HpTurret02>
               <HpTurret03>
                  <Axis type="Vector">0, 1, 0</Axis>
                  <Max type="float">0.26179001</Max>
                  <Min type="float">-3.1398499</Min>
                  <Orientation type="Matrix">
                      -0.7986354800,   0.6018150400, -14.210860e-15,
                      -0.6018150400,  -0.7986354800,  550.24634e-09,
                      331.14651e-09,  439.44627e-09,   1.0000000000
                  </Orientation>
                  <Position type="Vector">-12.156432, -14.816228, -84.303146</Position>
               </HpTurret03>
               <HpTurret04>
                  <Axis type="Vector">0, 1, 0</Axis>
                  <Max type="float">6.2831855</Max>
                  <Min type="float">-6.2831855</Min>
                  <Orientation type="Matrix">
                       0.3090169100,   0.9510565400, -35.527140e-15,
                      -0.9510565400,   0.3090169100,  550.24640e-09,
                      523.31546e-09, -170.03541e-09,   1.0000000000
                  </Orientation>
                  <Position type="Vector">24.063023, -12.98653, -83.256149</Position>
               </HpTurret04>
               <HpTurret05>
                  <Axis type="Vector">0, 1, 0</Axis>
                  <Max type="float">3.1415799</Max>
                  <Min type="float">-0.2618</Min>
                  <Orientation type="Matrix">
                      -0.7986353000,  -0.6018152800, -35.527140e-15,
                       0.6018152800,  -0.7986353000,  550.24640e-09,
                     -331.14671e-09,  439.44618e-09,   1.0000000000
                  </Orientation>
                  <Position type="Vector">11.941583, -14.816228, -84.303154</Position>
               </HpTurret05>
               <HpTurret06>
                  <Axis type="Vector">0, 1, 0</Axis>
                  <Max type="float">6.2831855</Max>
                  <Min type="float">-6.2831855</Min>
                  <Orientation type="Matrix">
                       1.0000000000,  8.6241689e-09, -123.33325e-09,
                     -87.422855e-09,  -0.6560587300,  -0.7547098400,
                     -87.422599e-09,   0.7547098400,  -0.6560587300
                  </Orientation>
                  <Position type="Vector">-0.15538126, -5.7952557, 88.763077</Position>
               </HpTurret06>
            </Revolute>
         </Hardpoints>
         <VMeshWire include="freight_trainx3_cmp\train_lod1.vwd.xml"/>
         <MultiLevel>
            <Level0>
               <VMeshPart>
                  <VMeshRef type="VMeshRef">
                     <!-- header size  --> 60,
                     <!-- vmesh lib    --> data.ships.utility.freight_train.freight_trainx3.lod0-112.vms,
                     <!-- start vert   --> 0,
                     <!-- num verts    --> 3908,
                     <!-- start index  --> 0,
                     <!-- num indices  --> 6255,
                     <!-- start mesh   --> 0,
                     <!-- num meshes   --> 8,
                     <!-- bounding box -->  13.045785,     12.677815,     95.806267,
                                           -13.248129,    -12.039645,   -105.68471,
                     <!-- center       -->  -0.088866092,   0.31986278,   -4.9722133,
                     <!-- radius       --> 101.28516
                  </VMeshRef>
               </VMeshPart>
            </Level0>
            <Level1>
               <VMeshPart>
                  <VMeshRef type="VMeshRef">
                     <!-- header size  --> 60,
                     <!-- vmesh lib    --> data.ships.utility.freight_train.freight_trainx3.lod1-112.vms,
                     <!-- start vert   --> 0,
                     <!-- num verts    --> 2762,
                     <!-- start index  --> 0,
                     <!-- num indices  --> 4326,
                     <!-- start mesh   --> 0,
                     <!-- num meshes   --> 8,
                     <!-- bounding box -->  13.045785,     12.677815,     95.806267,
                                           -13.248129,    -12.039645,   -105.68471,
                     <!-- center       -->  -0.088866092,   0.31986278,   -4.9722133,
                     <!-- radius       --> 101.28516
                  </VMeshRef>
               </VMeshPart>
            </Level1>
            <Level2>
               <VMeshPart>
                  <VMeshRef type="VMeshRef">
                     <!-- header size  --> 60,
                     <!-- vmesh lib    --> data.ships.utility.freight_train.freight_trainx3.lod2-112.vms,
                     <!-- start vert   --> 0,
                     <!-- num verts    --> 2051,
                     <!-- start index  --> 0,
                     <!-- num indices  --> 3036,
                     <!-- start mesh   --> 0,
                     <!-- num meshes   --> 7,
                     <!-- bounding box -->  13.045785,     12.677815,     95.806267,
                                           -13.248129,    -12.039645,   -105.68471,
                     <!-- center       -->  -0.088866092,   0.31986278,   -4.9722133,
                     <!-- radius       --> 101.28516
                  </VMeshRef>
               </VMeshPart>
            </Level2>
            <Level3>
               <VMeshPart>
                  <VMeshRef type="VMeshRef">
                     <!-- header size  --> 60,
                     <!-- vmesh lib    --> data.ships.utility.freight_train.freight_trainx3.lod3-112.vms,
                     <!-- start vert   --> 0,
                     <!-- num verts    --> 1324,
                     <!-- start index  --> 0,
                     <!-- num indices  --> 1848,
                     <!-- start mesh   --> 0,
                     <!-- num meshes   --> 7,
                     <!-- bounding box -->  13.045785,     12.677815,     95.806267,
                                           -13.248129,    -12.039645,   -105.68471,
                     <!-- center       -->  -0.088866092,   0.31986278,   -4.9722133,
                     <!-- radius       --> 101.28516
                  </VMeshRef>
               </VMeshPart>
            </Level3>
            <Level4>
               <VMeshPart>
                  <VMeshRef type="VMeshRef">
                     <!-- header size  --> 60,
                     <!-- vmesh lib    --> data.ships.utility.freight_train.freight_trainx3.lod4-112.vms,
                     <!-- start vert   --> 0,
                     <!-- num verts    --> 764,
                     <!-- start index  --> 0,
                     <!-- num indices  --> 1002,
                     <!-- start mesh   --> 0,
                     <!-- num meshes   --> 6,
                     <!-- bounding box -->  13.045785,     12.677815,     95.806267,
                                           -13.248129,    -12.039645,   -105.68471,
                     <!-- center       -->  -0.088866092,   0.31986278,   -4.9722133,
                     <!-- radius       --> 101.28516
                  </VMeshRef>
               </VMeshPart>
            </Level4>
            <Switch2 type="float array" count="6">
               0,
               100,
               1000,
               10000,
               100000,
               1000000
            </Switch2>
         </MultiLevel>
      </train_lod1020813123941.3db>
   </UTF_ROOT>
</UTFXML>
