<?xml version="1.0" encoding="ISO-8859-1"?>
<!-- XML generated by UTFXML Version 2.2 built 19-Aug-2010 -->
<UTFXML filename="Danger1.cmp" path="SOLAR\new\Danger1">
   <UTF_ROOT>
      <VMeshLibrary>
         <reklama_core.lod0.vms include="Danger1_cmp\lod0.vms.xml"/>
      </VMeshLibrary>
      <Cmpnd>
         <Root>
            <File_name name="File name" type="text">reklama_core.3db</File_name>
            <Index type="int">0</Index>
            <Object_name name="Object name" type="text">Root</Object_name>
         </Root>
      </Cmpnd>
      <reklama_core.3db>
         <Hardpoints>
            <Fixed>
               <HpEngine01>
                  <Orientation type="Matrix">
                      29.802322e-09,   0.5735764500,  -0.8191518800,
                      29.802322e-09,   0.8191520000,   0.5735763900,
                       0.9999998800,   0.0000000000,   0.0000000000
                  </Orientation>
                  <Position type="Vector">89.854401, 61.62, 140.715</Position>
               </HpEngine01>
               <HpEngine02>
                  <Orientation type="Matrix">
                      29.802322e-09,   0.5735764500,  -0.8191518800,
                      29.802322e-09,   0.8191520000,   0.5735763900,
                       0.9999998800,   0.0000000000,   0.0000000000
                  </Orientation>
                  <Position type="Vector">89.318604, 60.751999, -152.431</Position>
               </HpEngine02>
               <HpEngine03>
                  <Orientation type="Matrix">
                      29.802322e-09,   0.5735764500,  -0.8191518800,
                      29.802322e-09,   0.8191520000,   0.5735763900,
                       0.9999998800,   0.0000000000,   0.0000000000
                  </Orientation>
                  <Position type="Vector">89.060295, -118.28201, 141.319</Position>
               </HpEngine03>
               <HpEngine04>
                  <Orientation type="Matrix">
                      29.802322e-09,   0.5735764500,  -0.8191518800,
                      29.802322e-09,   0.8191520000,   0.5735763900,
                       0.9999998800,   0.0000000000,   0.0000000000
                  </Orientation>
                  <Position type="Vector">89.425003, -117.692, -150.347</Position>
               </HpEngine04>
               <HpRunningLight01>
                  <Orientation type="Matrix">
                       1.0000000000,   0.0000000000,   0.0000000000,
                       0.0000000000,   1.0000000000,   0.0000000000,
                       0.0000000000,   0.0000000000,   1.0000000000
                  </Orientation>
                  <Position type="Vector">-37.7593, 73.443596, -150.936</Position>
               </HpRunningLight01>
               <HpRunningLight02>
                  <Orientation type="Matrix">
                       1.0000000000,   0.0000000000,   0.0000000000,
                       0.0000000000,   1.0000000000,   0.0000000000,
                       0.0000000000,   0.0000000000,   1.0000000000
                  </Orientation>
                  <Position type="Vector">-38.203102, 40.127201, -150.72699</Position>
               </HpRunningLight02>
               <HpRunningLight03>
                  <Orientation type="Matrix">
                       1.0000000000,   0.0000000000,   0.0000000000,
                       0.0000000000,   1.0000000000,   0.0000000000,
                       0.0000000000,   0.0000000000,   1.0000000000
                  </Orientation>
                  <Position type="Vector">-38.695499, 6.5996304, -150.474</Position>
               </HpRunningLight03>
               <HpRunningLight04>
                  <Orientation type="Matrix">
                       1.0000000000,   0.0000000000,   0.0000000000,
                       0.0000000000,   1.0000000000,   0.0000000000,
                       0.0000000000,   0.0000000000,   1.0000000000
                  </Orientation>
                  <Position type="Vector">-38.222099, -27.6674, -150.392</Position>
               </HpRunningLight04>
               <HpRunningLight05>
                  <Orientation type="Matrix">
                       1.0000000000,   0.0000000000,   0.0000000000,
                       0.0000000000,   1.0000000000,   0.0000000000,
                       0.0000000000,   0.0000000000,   1.0000000000
                  </Orientation>
                  <Position type="Vector">-38.385399, -60.8839, -150.617</Position>
               </HpRunningLight05>
               <HpRunningLight06>
                  <Orientation type="Matrix">
                       1.0000000000,   0.0000000000,   0.0000000000,
                       0.0000000000,   1.0000000000,   0.0000000000,
                       0.0000000000,   0.0000000000,   1.0000000000
                  </Orientation>
                  <Position type="Vector">-38.191799, 74.0979, 138.73801</Position>
               </HpRunningLight06>
               <HpRunningLight07>
                  <Orientation type="Matrix">
                       1.0000000000,   0.0000000000,   0.0000000000,
                       0.0000000000,   1.0000000000,   0.0000000000,
                       0.0000000000,   0.0000000000,   1.0000000000
                  </Orientation>
                  <Position type="Vector">-37.433399, 39.856102, 139.39801</Position>
               </HpRunningLight07>
               <HpRunningLight08>
                  <Orientation type="Matrix">
                       1.0000000000,   0.0000000000,   0.0000000000,
                       0.0000000000,   1.0000000000,   0.0000000000,
                       0.0000000000,   0.0000000000,   1.0000000000
                  </Orientation>
                  <Position type="Vector">-37.8657, 5.9400601, 138.871</Position>
               </HpRunningLight08>
               <HpRunningLight09>
                  <Orientation type="Matrix">
                       1.0000000000,   0.0000000000,   0.0000000000,
                       0.0000000000,   1.0000000000,   0.0000000000,
                       0.0000000000,   0.0000000000,   1.0000000000
                  </Orientation>
                  <Position type="Vector">-37.864601, -27.631599, 138.869</Position>
               </HpRunningLight09>
               <HpRunningLight10>
                  <Orientation type="Matrix">
                       1.0000000000,   0.0000000000,   0.0000000000,
                       0.0000000000,   1.0000000000,   0.0000000000,
                       0.0000000000,   0.0000000000,   1.0000000000
                  </Orientation>
                  <Position type="Vector">-37.958199, -61.220898, 138.45999</Position>
               </HpRunningLight10>
            </Fixed>
         </Hardpoints>
         <MultiLevel>
            <Level0>
               <VMeshPart>
                  <VMeshRef type="VMeshRef">
                     <!-- header size  --> 60,
                     <!-- vmesh lib    --> reklama_core.lod0.vms,
                     <!-- start vert   --> 0,
                     <!-- num verts    --> 9457,
                     <!-- start index  --> 0,
                     <!-- num indices  --> 21756,
                     <!-- start mesh   --> 0,
                     <!-- num meshes   --> 2,
                     <!-- bounding box --> 113.97928,   141.20805,     242.23535,
                                           -64.113136, -142.7547,     -253.85367,
                     <!-- center       -->  24.933071,   -0.77332306,   -5.8091583,
                     <!-- radius       --> 390.9361
                  </VMeshRef>
               </VMeshPart>
            </Level0>
         </MultiLevel>
      </reklama_core.3db>
   </UTF_ROOT>
</UTFXML>
