<?xml version="1.0" encoding="ISO-8859-1"?>
<!-- XML generated by UTFXML Version 2.2 built 19-Aug-2010 -->
<UTFXML filename="bw_fighter_rtc.cmp" path="SHIPS\BORDER_WORLD\BW_FIGHTER">
   <UTF_ROOT>
      <VMeshLibrary>
         <data.ships.border_world.bw_fighter.bw_fighter_rtc.lod0-112.vms include="bw_fighter_rtc_cmp\lod0-112.vms.xml"/>
      </VMeshLibrary>
      <bw_star_wing01_lod1020911030723.3db>
         <MultiLevel>
            <Level1/>
         </MultiLevel>
      </bw_star_wing01_lod1020911030723.3db>
      <Exporter_Version name="Exporter Version" type="text">Aug 24 2002 12:33:14</Exporter_Version>
      <Cmpnd>
         <Root>
            <Object_name name="Object name" type="text">Root</Object_name>
            <File_name name="File name" type="text">bw_elite_lod1021005111528.3db</File_name>
            <Index type="int">0</Index>
         </Root>
         <Part_baydoor01_lod1>
            <Object_name name="Object name" type="text">baydoor01_lod1</Object_name>
            <File_name name="File name" type="text">baydoor01_lod1021005111528.3db</File_name>
            <Index type="int">1</Index>
         </Part_baydoor01_lod1>
         <Cons>
            <Rev type="Rev" count="1">
               <part>
                  <!-- parent      --> "Root",
                  <!-- child       --> "baydoor01_lod1",
                  <!-- position    --> 0.89306754, 1.4605579, 2.6306045,
                  <!-- offset      --> 0, 0, 0,
                  <!-- orientation -->   1.0000000000,   0.0000000000,   0.0000000000,
                                        -0.0000000000,   1.0000000000,  59.604645e-09,
                                         0.0000000000, -59.604645e-09,   1.0000000000,
                  <!-- axis        --> -150.99569e-09, -178.81372e-09,  -1.0000000000,
                  <!-- min, max    --> 0, 1.22173
               </part>
            </Rev>
         </Cons>
      </Cmpnd>
      <Animation>
         <Script>
            <Sc_open_baydoor name="Sc_open baydoor">
               <Joint_map_0 name="Joint map 0">
                  <Parent_name name="Parent name" type="text">Root</Parent_name>
                  <Child_name name="Child name" type="text">baydoor01_lod1</Child_name>
                  <Channel>
                     <Header type="Header">
                        <!-- count    --> 2,
                        <!-- interval --> Explicit,
                        <!-- flags    --> 0x1
                     </Header>
                     <Frames type="Frames" count="2">
                          0.0000000000:   0.0000000000
                          3.3333335000:   1.2217300000
                     </Frames>
                  </Channel>
               </Joint_map_0>
            </Sc_open_baydoor>
            <Sc_end_anim name="Sc_end anim">
               <Joint_map_0 name="Joint map 0">
                  <Parent_name name="Parent name" type="text">Root</Parent_name>
                  <Child_name name="Child name" type="text">baydoor01_lod1</Child_name>
                  <Channel>
                     <Header type="Header">
                        <!-- count    --> 1,
                        <!-- interval --> 0.033333335,
                        <!-- flags    --> 0x1
                     </Header>
                     <Frames type="Frames" count="1">
                          1.2217300000
                     </Frames>
                  </Channel>
               </Joint_map_0>
            </Sc_end_anim>
         </Script>
      </Animation>
      <bw_elite_lod1021005111528.3db>
         <VMeshPart>
            <VMeshRef type="VMeshRef">
               <!-- header size  --> 60,
               <!-- vmesh lib    --> data.ships.border_world.bw_fighter.bw_fighter_rtc.lod0-112.vms,
               <!-- start vert   --> 134,
               <!-- num verts    --> 1470,
               <!-- start index  --> 156,
               <!-- num indices  --> 1998,
               <!-- start mesh   --> 2,
               <!-- num meshes   --> 7,
               <!-- bounding box -->  6.8275619,     2.2647548,    6.5948215,
                                     -6.8275604,    -1.6246898,  -11.571497,
               <!-- center       --> -0.0026756977,  0.31762972,  -2.4799066,
               <!-- radius       --> 9.1297798
            </VMeshRef>
         </VMeshPart>
         <Hardpoints>
            <Fixed>
               <DpEng01>
                  <Position type="Vector">-0.012313879, -0.077955402, 5.4006958</Position>
                  <Orientation type="Matrix">
                       1.0000000000, -44.703484e-09, -333.06691e-18,
                      44.703484e-09,   1.0000000000,  44.703484e-09,
                     -1.6653345e-15, -44.703484e-09,   1.0000000000
                  </Orientation>
               </DpEng01>
               <HpBayDoor01>
                  <Position type="Vector">-0.021645334, 0.67842805, 2.5550888</Position>
                  <Orientation type="Matrix">
                       1.0000000000, -44.703484e-09, -333.06691e-18,
                      44.703484e-09,   1.0000000000,  44.703484e-09,
                     -1.6653345e-15, -44.703484e-09,   1.0000000000
                  </Orientation>
               </HpBayDoor01>
               <HpBayDoor02>
                  <Position type="Vector">-0.021645647, 3.7080288, 2.5550885</Position>
                  <Orientation type="Matrix">
                       1.0000000000, -44.703484e-09, -333.06691e-18,
                      44.703484e-09,   1.0000000000,  44.703484e-09,
                     -1.6653345e-15, -44.703484e-09,   1.0000000000
                  </Orientation>
               </HpBayDoor02>
               <HpHeadLight>
                  <Position type="Vector">-0.021645108, -1.2897274, -5.0102654</Position>
                  <Orientation type="Matrix">
                       1.0000000000, -44.703484e-09, -333.06691e-18,
                      44.703484e-09,   1.0000000000,  44.703484e-09,
                     -1.6653345e-15, -44.703484e-09,   1.0000000000
                  </Orientation>
               </HpHeadLight>
               <HpMount>
                  <Position type="Vector">-0.021644557, -4.0995102, -0.82712919</Position>
                  <Orientation type="Matrix">
                       1.0000000000, -44.703484e-09, -333.06691e-18,
                      44.703484e-09,   1.0000000000,  44.703484e-09,
                     -1.6653345e-15, -44.703484e-09,   1.0000000000
                  </Orientation>
               </HpMount>
               <HpPilot>
                  <Position type="Vector">-0.016604923, 0.3593336, -2.3152065</Position>
                  <Orientation type="Matrix">
                       1.0000000000, -58.942714e-09, -7.9644043e-15,
                      58.942714e-09,   1.0000000000,  119.20930e-09,
                      937.88443e-18, -119.20930e-09,   1.0000000000
                  </Orientation>
               </HpPilot>
               <HpRunningLight01>
                  <Position type="Vector">-0.0077543478, -0.21576238, -11.836538</Position>
                  <Orientation type="Matrix">
                       1.0000000000, -44.703484e-09, -333.06691e-18,
                      44.703484e-09,   1.0000000000,  44.703484e-09,
                     -1.6653345e-15, -44.703484e-09,   1.0000000000
                  </Orientation>
               </HpRunningLight01>
               <HpMine01>
                  <Position type="Vector">2.7601194, -0.9859345, 2.0009353</Position>
                  <Orientation type="Matrix">
                      -1.0000000000,  132.12626e-09, -333.06691e-18,
                     -132.12626e-09,  -1.0000000000,  44.703484e-09,
                      5.5734370e-15,  44.703484e-09,   1.0000000000
                  </Orientation>
               </HpMine01>
               <HpCM01>
                  <Position type="Vector">-2.7830758, -0.98487598, 2.0009353</Position>
                  <Orientation type="Matrix">
                      -1.0000000000,  132.12626e-09, -333.06691e-18,
                     -132.12626e-09,  -1.0000000000,  44.703484e-09,
                      5.5734370e-15,  44.703484e-09,   1.0000000000
                  </Orientation>
               </HpCM01>
               <HpThruster01>
                  <Position type="Vector">-1.8069221, 1.3527104, 3.5015266</Position>
                  <Orientation type="Matrix">
                       0.9659258100,  -0.2588191000,  444.08921e-18,
                       0.2588191000,   0.9659258100,  44.703484e-09,
                     -11.570116e-09, -43.180247e-09,   1.0000000000
                  </Orientation>
               </HpThruster01>
               <HpThruster02>
                  <Position type="Vector">1.7608993, 1.3527106, 3.5015264</Position>
                  <Orientation type="Matrix">
                       0.9659258100,   0.2588190100,  1.3322678e-15,
                      -0.2588190100,   0.9659258100,  44.703480e-09,
                      11.570109e-09, -43.180247e-09,   1.0000000000
                  </Orientation>
               </HpThruster02>
               <HpCockpit>
                  <Position type="Vector">-0.021912172, 0.53651786, -3.5089192</Position>
                  <Orientation type="Matrix">
                       1.0000000000, -297.65809e-09, -15.773985e-09,
                      297.65809e-09,   1.0000000000,  45.145089e-09,
                      15.773971e-09, -45.145093e-09,   1.0000000000
                  </Orientation>
               </HpCockpit>
               <DpPort_wing01>
                  <Position type="Vector">-3.7467561, -0.46794513, 1.2493395</Position>
                  <Orientation type="Matrix">
                      22.132552e-09,  -1.0000000000, -46.353858e-09,
                       1.0000000000,  22.132550e-09,  40.637193e-09,
                     -40.637193e-09, -46.353858e-09,   1.0000000000
                  </Orientation>
               </DpPort_wing01>
               <DpStar_wing01>
                  <Position type="Vector">3.7738111, -0.46794623, 1.2493395</Position>
                  <Orientation type="Matrix">
                     -205.15415e-09,   1.0000000000, -50.836711e-09,
                      -1.0000000000, -205.15415e-09,  58.124030e-09,
                      58.124019e-09,  50.836721e-09,   1.0000000000
                  </Orientation>
               </DpStar_wing01>
               <HpRunningLight02>
                  <Position type="Vector">-0.00775444, 1.8484279, -1.2823113</Position>
                  <Orientation type="Matrix">
                       1.0000000000, -44.703484e-09, -333.06691e-18,
                      44.703484e-09,   1.0000000000,  44.703484e-09,
                     -1.6653345e-15, -44.703484e-09,   1.0000000000
                  </Orientation>
               </HpRunningLight02>
               <HpRunningLight03>
                  <Position type="Vector">-0.0077544292, 1.6099164, 5.0445766</Position>
                  <Orientation type="Matrix">
                      -1.0000000000, -44.703491e-09,  150.99580e-09,
                     -44.703498e-09,   1.0000000000, -44.703473e-09,
                     -150.99580e-09, -44.703480e-09,  -1.0000000000
                  </Orientation>
               </HpRunningLight03>
               <HpRunningLight08>
                  <Position type="Vector">-0.0077535198, -1.8548598, 0.040976886</Position>
                  <Orientation type="Matrix">
                      -1.0000000000, -150.99579e-09, -44.703491e-09,
                     -44.703487e-09, -29.802315e-09,   1.0000000000,
                     -150.99579e-09,   1.0000000000,  29.802308e-09
                  </Orientation>
               </HpRunningLight08>
               <HpTorpedo01>
                  <Position type="Vector">-0.0077535296, -1.6260142, 0.040976893</Position>
                  <Orientation type="Matrix">
                      -1.0000000000,  44.703498e-09, -150.99580e-09,
                     -44.703498e-09,  -1.0000000000, -23.210905e-15,
                     -150.99580e-09, -16.460864e-15,   1.0000000000
                  </Orientation>
               </HpTorpedo01>
               <HpShield01>
                  <Position type="Vector">-0.007753009, -1.2245572, -3.5267057</Position>
                  <Orientation type="Matrix">
                      -1.0000000000,  44.703498e-09, -150.99580e-09,
                     -44.703498e-09,  -1.0000000000, -23.210905e-15,
                     -150.99580e-09, -16.460864e-15,   1.0000000000
                  </Orientation>
               </HpShield01>
               <HpTractor_Source>
                  <Position type="Vector">-0.0077543478, -0.21576238, -11.836538</Position>
                  <Orientation type="Matrix">
                       1.0000000000, -44.703484e-09, -333.06691e-18,
                      44.703484e-09,   1.0000000000,  44.703484e-09,
                     -1.6653345e-15, -44.703484e-09,   1.0000000000
                  </Orientation>
               </HpTractor_Source>
               <HpCockpitEx>
                  <Position type="Vector">-0.021913057, 9.1065102, 39.152954</Position>
                  <Orientation type="Matrix">
                       1.0000000000, -297.65809e-09, -15.773985e-09,
                      297.65809e-09,   1.0000000000,  45.145089e-09,
                      15.773971e-09, -45.145093e-09,   1.0000000000
                  </Orientation>
               </HpCockpitEx>
               <HpDocklight01>
                  <Position type="Vector">-2.2216487, 1.2277266, 0.69332027</Position>
                  <Orientation type="Matrix">
                       0.7071068300, -44.703480e-09,   0.7071067100,
                     -21.073415e-09,   1.0000000000,  84.293688e-09,
                      -0.7071067100, -74.505806e-09,   0.7071068300
                  </Orientation>
               </HpDocklight01>
               <HpDocklight02>
                  <Position type="Vector">2.2346277, 1.2277268, 0.69332027</Position>
                  <Orientation type="Matrix">
                       0.7071067100, -74.505820e-09,  -0.7071068900,
                      84.293710e-09,   1.0000000000, -21.073440e-09,
                       0.7071068900, -44.703491e-09,   0.7071067100
                  </Orientation>
               </HpDocklight02>
            </Fixed>
            <Revolute>
               <HpTurret01>
                  <Position type="Vector">-0.021645458, 2.2645075, 0.19838323</Position>
                  <Orientation type="Matrix">
                       1.0000000000, -44.703484e-09, -333.06691e-18,
                      44.703484e-09,   1.0000000000,  44.703484e-09,
                     -1.6653345e-15, -44.703484e-09,   1.0000000000
                  </Orientation>
                  <Axis type="Vector">0, 1, 0</Axis>
                  <Min type="float">-6.2831855</Min>
                  <Max type="float">6.2831855</Max>
               </HpTurret01>
               <HpWeapon01>
                  <Position type="Vector">-1.6721443, -0.34431788, -3.7245941</Position>
                  <Orientation type="Matrix">
                      -0.4305112100,  -0.9025852700, -50.677585e-09,
                       0.9025852700,  -0.4305112100,  105.25770e-09,
                     -116.82131e-09, -426.22000e-12,   1.0000000000
                  </Orientation>
                  <Axis type="Vector">0, 1, 0</Axis>
                  <Min type="float">-0.7854</Min>
                  <Max type="float">0.78538001</Max>
               </HpWeapon01>
               <HpWeapon02>
                  <Position type="Vector">1.6382064, -0.34431756, -3.7245941</Position>
                  <Orientation type="Matrix">
                      -0.4226181800,   0.9063078200, -50.677571e-09,
                      -0.9063078200,  -0.4226181800,  105.25770e-09,
                      73.978619e-09,  90.413295e-09,   1.0000000000
                  </Orientation>
                  <Axis type="Vector">0, 1, 0</Axis>
                  <Min type="float">-0.7854</Min>
                  <Max type="float">0.78538001</Max>
               </HpWeapon02>
            </Revolute>
         </Hardpoints>
      </bw_elite_lod1021005111528.3db>
      <baydoor01_lod1021005111528.3db>
         <VMeshPart>
            <VMeshRef type="VMeshRef">
               <!-- header size  --> 60,
               <!-- vmesh lib    --> data.ships.border_world.bw_fighter.bw_fighter_rtc.lod0-112.vms,
               <!-- start vert   --> 0,
               <!-- num verts    --> 134,
               <!-- start index  --> 0,
               <!-- num indices  --> 156,
               <!-- start mesh   --> 0,
               <!-- num meshes   --> 2,
               <!-- bounding box --> 587.91786e-6,  0.9013921,     1.8704212,
                                      -1.816184,   -0.0011854606, -1.8704213,
               <!-- center       -->  -0.83926529,  0.3932696,    -0.0094358986,
               <!-- radius       --> 2.1549513
            </VMeshRef>
         </VMeshPart>
      </baydoor01_lod1021005111528.3db>
   </UTF_ROOT>
</UTFXML>
