<?xml version="1.0" encoding="ISO-8859-1"?>
<!-- XML generated by UTFXML Version 2.2 built 19-Aug-2010 -->
<UTFXML filename="new_moscow_cityscape.cmp" path="BASES\new">
   <UTF_ROOT>
      <VMeshLibrary>
         <cfdata.bases.liberty.li_01_manhattan_cityscape_nosigns.lod0-112.vms include="new_moscow_cityscape_cmp\lod0-112.vms.xml"/>
         <cfdata.bases.liberty.li_01_manhattan_cityscape_nosigns.lod0-212.vms include="new_moscow_cityscape_cmp\lod0-212.vms.xml"/>
      </VMeshLibrary>
      <Exporter_Version name="Exporter Version" type="text">Jan  9 2002 18:51:48</Exporter_Version>
      <Cmpnd>
         <Root>
            <Object_name name="Object name" type="text">Root</Object_name>
            <File_name name="File name" type="text">cfROOT_Manhattan020114111454.3db</File_name>
            <Index type="int">0</Index>
         </Root>
         <Part_bld03>
            <Object_name name="Object name" type="text">bld03</Object_name>
            <File_name name="File name" type="text">cfbld03020114111454.3db</File_name>
            <Index type="int">1</Index>
         </Part_bld03>
         <Part_Building02>
            <Object_name name="Object name" type="text">Building02</Object_name>
            <File_name name="File name" type="text">cfBuilding02020114111454.3db</File_name>
            <Index type="int">2</Index>
         </Part_Building02>
         <Part_Building_main>
            <Object_name name="Object name" type="text">Building_main</Object_name>
            <File_name name="File name" type="text">cfBuilding_main020114111454.3db</File_name>
            <Index type="int">3</Index>
         </Part_Building_main>
         <Part_Elevator01>
            <Object_name name="Object name" type="text">Elevator01</Object_name>
            <File_name name="File name" type="text">cfElevator01020114111454.3db</File_name>
            <Index type="int">4</Index>
         </Part_Elevator01>
         <Part_Elevator02>
            <Object_name name="Object name" type="text">Elevator02</Object_name>
            <File_name name="File name" type="text">cfElevator02020114111454.3db</File_name>
            <Index type="int">5</Index>
         </Part_Elevator02>
         <Part_Elevator03>
            <Object_name name="Object name" type="text">Elevator03</Object_name>
            <File_name name="File name" type="text">cfElevator03020114111454.3db</File_name>
            <Index type="int">6</Index>
         </Part_Elevator03>
         <Part_Elevator04>
            <Object_name name="Object name" type="text">Elevator04</Object_name>
            <File_name name="File name" type="text">cfElevator04020114111454.3db</File_name>
            <Index type="int">7</Index>
         </Part_Elevator04>
         <Part_Elevator05>
            <Object_name name="Object name" type="text">Elevator05</Object_name>
            <File_name name="File name" type="text">cfElevator05020114111454.3db</File_name>
            <Index type="int">8</Index>
         </Part_Elevator05>
         <Part_Elevator06>
            <Object_name name="Object name" type="text">Elevator06</Object_name>
            <File_name name="File name" type="text">cfElevator06020114111454.3db</File_name>
            <Index type="int">9</Index>
         </Part_Elevator06>
         <Part_Fade_Back name="Part_Fade Back">
            <Object_name name="Object name" type="text">Fade Back</Object_name>
            <File_name name="File name" type="text">cfFade Back020114111454.3db</File_name>
            <Index type="int">10</Index>
         </Part_Fade_Back>
         <Part_Fade_Front name="Part_Fade Front">
            <Object_name name="Object name" type="text">Fade Front</Object_name>
            <File_name name="File name" type="text">cfFade Front020114111454.3db</File_name>
            <Index type="int">11</Index>
         </Part_Fade_Front>
         <Part_Fade_Mid name="Part_Fade Mid">
            <Object_name name="Object name" type="text">Fade Mid</Object_name>
            <File_name name="File name" type="text">cfFade Mid020114111454.3db</File_name>
            <Index type="int">12</Index>
         </Part_Fade_Mid>
         <Part_Fade_Mid01 name="Part_Fade Mid01">
            <Object_name name="Object name" type="text">Fade Mid01</Object_name>
            <File_name name="File name" type="text">cfFade Mid01020114111454.3db</File_name>
            <Index type="int">13</Index>
         </Part_Fade_Mid01>
         <Part_SpotLight01>
            <Object_name name="Object name" type="text">SpotLight01</Object_name>
            <File_name name="File name" type="text">cfSpotLight01020114111454.3db</File_name>
            <Index type="int">14</Index>
         </Part_SpotLight01>
         <Part_SpotLight02>
            <Object_name name="Object name" type="text">SpotLight02</Object_name>
            <File_name name="File name" type="text">cfSpotLight02020114111454.3db</File_name>
            <Index type="int">15</Index>
         </Part_SpotLight02>
         <Part_test_cam name="Part_test cam">
            <Object_name name="Object name" type="text">test cam</Object_name>
            <File_name name="File name" type="text">test cam020114111454.cam</File_name>
            <Index type="int">16</Index>
         </Part_test_cam>
         <Part_Traffic01>
            <Object_name name="Object name" type="text">Traffic01</Object_name>
            <File_name name="File name" type="text">cfTraffic01020114111454.3db</File_name>
            <Index type="int">17</Index>
         </Part_Traffic01>
         <Part_Traffic02>
            <Object_name name="Object name" type="text">Traffic02</Object_name>
            <File_name name="File name" type="text">cfTraffic02020114111454.3db</File_name>
            <Index type="int">18</Index>
         </Part_Traffic02>
         <Part_Traffic03>
            <Object_name name="Object name" type="text">Traffic03</Object_name>
            <File_name name="File name" type="text">cfTraffic03020114111454.3db</File_name>
            <Index type="int">19</Index>
         </Part_Traffic03>
         <Part_Traffic04>
            <Object_name name="Object name" type="text">Traffic04</Object_name>
            <File_name name="File name" type="text">cfTraffic04020114111454.3db</File_name>
            <Index type="int">20</Index>
         </Part_Traffic04>
         <Part_Traffic05>
            <Object_name name="Object name" type="text">Traffic05</Object_name>
            <File_name name="File name" type="text">cfTraffic05020114111454.3db</File_name>
            <Index type="int">21</Index>
         </Part_Traffic05>
         <Part_Traffic06>
            <Object_name name="Object name" type="text">Traffic06</Object_name>
            <File_name name="File name" type="text">cfTraffic06020114111454.3db</File_name>
            <Index type="int">22</Index>
         </Part_Traffic06>
         <Part_Traffic07>
            <Object_name name="Object name" type="text">Traffic07</Object_name>
            <File_name name="File name" type="text">cfTraffic07020114111454.3db</File_name>
            <Index type="int">23</Index>
         </Part_Traffic07>
         <Part_Traffic08>
            <Object_name name="Object name" type="text">Traffic08</Object_name>
            <File_name name="File name" type="text">cfTraffic08020114111454.3db</File_name>
            <Index type="int">24</Index>
         </Part_Traffic08>
         <Part_Traffic09>
            <Object_name name="Object name" type="text">Traffic09</Object_name>
            <File_name name="File name" type="text">cfTraffic09020114111454.3db</File_name>
            <Index type="int">25</Index>
         </Part_Traffic09>
         <Part_Traffic10>
            <Object_name name="Object name" type="text">Traffic10</Object_name>
            <File_name name="File name" type="text">cfTraffic10020114111454.3db</File_name>
            <Index type="int">26</Index>
         </Part_Traffic10>
         <Part_Traffic12>
            <Object_name name="Object name" type="text">Traffic12</Object_name>
            <File_name name="File name" type="text">cfTraffic12020114111454.3db</File_name>
            <Index type="int">27</Index>
         </Part_Traffic12>
         <Part_Traffic13>
            <Object_name name="Object name" type="text">Traffic13</Object_name>
            <File_name name="File name" type="text">cfTraffic13020114111454.3db</File_name>
            <Index type="int">28</Index>
         </Part_Traffic13>
         <Part_Traffic14>
            <Object_name name="Object name" type="text">Traffic14</Object_name>
            <File_name name="File name" type="text">cfTraffic14020114111454.3db</File_name>
            <Index type="int">29</Index>
         </Part_Traffic14>
         <Part_Traffic15>
            <Object_name name="Object name" type="text">Traffic15</Object_name>
            <File_name name="File name" type="text">cfTraffic15020114111454.3db</File_name>
            <Index type="int">30</Index>
         </Part_Traffic15>
         <Part_Traffic16>
            <Object_name name="Object name" type="text">Traffic16</Object_name>
            <File_name name="File name" type="text">cfTraffic16020114111454.3db</File_name>
            <Index type="int">31</Index>
         </Part_Traffic16>
         <Part_Traffic17>
            <Object_name name="Object name" type="text">Traffic17</Object_name>
            <File_name name="File name" type="text">cfTraffic17020114111454.3db</File_name>
            <Index type="int">32</Index>
         </Part_Traffic17>
         <Part_Traffic18>
            <Object_name name="Object name" type="text">Traffic18</Object_name>
            <File_name name="File name" type="text">cfTraffic18020114111454.3db</File_name>
            <Index type="int">33</Index>
         </Part_Traffic18>
         <Part_Traffic19>
            <Object_name name="Object name" type="text">Traffic19</Object_name>
            <File_name name="File name" type="text">cfTraffic19020114111454.3db</File_name>
            <Index type="int">34</Index>
         </Part_Traffic19>
         <Part_Traffic20>
            <Object_name name="Object name" type="text">Traffic20</Object_name>
            <File_name name="File name" type="text">cfTraffic20020114111454.3db</File_name>
            <Index type="int">35</Index>
         </Part_Traffic20>
         <Part_Traffic21>
            <Object_name name="Object name" type="text">Traffic21</Object_name>
            <File_name name="File name" type="text">cfTraffic21020114111454.3db</File_name>
            <Index type="int">36</Index>
         </Part_Traffic21>
         <Part_Traffic22>
            <Object_name name="Object name" type="text">Traffic22</Object_name>
            <File_name name="File name" type="text">cfTraffic22020114111454.3db</File_name>
            <Index type="int">37</Index>
         </Part_Traffic22>
         <Part_Traffic24>
            <Object_name name="Object name" type="text">Traffic24</Object_name>
            <File_name name="File name" type="text">cfTraffic24020114111454.3db</File_name>
            <Index type="int">38</Index>
         </Part_Traffic24>
         <Part_cityscape_buildings>
            <Object_name name="Object name" type="text">cityscape_buildings</Object_name>
            <File_name name="File name" type="text">cfcityscape_buildings020114111454.3db</File_name>
            <Index type="int">39</Index>
         </Part_cityscape_buildings>
         <Part_buildings01>
            <Object_name name="Object name" type="text">buildings01</Object_name>
            <File_name name="File name" type="text">cfbuildings01020114111454.3db</File_name>
            <Index type="int">40</Index>
         </Part_buildings01>
         <Part_hangar>
            <Object_name name="Object name" type="text">hangar</Object_name>
            <File_name name="File name" type="text">cfhangar020114111454.3db</File_name>
            <Index type="int">41</Index>
         </Part_hangar>
         <Cons>
            <Fix type="Fix" count="11">
               <part>
                  <!-- parent      --> "Root",
                  <!-- child       --> "bld03",
                  <!-- position    --> 108.94084, 38.315956, -75.908066,
                  <!-- orientation -->   0.9991375200,  -0.0409057700,  -0.0071352231,
                                         0.0410381070,   0.9989671100,   0.0195078330,
                                         0.0063298703,  -0.0197838250,   0.9997842300
               </part>
               <part>
                  <!-- parent      --> "Root",
                  <!-- child       --> "Building02",
                  <!-- position    --> 6.961833, 19.712273, -66.626709,
                  <!-- orientation -->   0.9991375200,  -0.0409057700,  -0.0071352231,
                                         0.0410381070,   0.9989671100,   0.0195078330,
                                         0.0063298703,  -0.0197838250,   0.9997842300
               </part>
               <part>
                  <!-- parent      --> "Root",
                  <!-- child       --> "Building_main",
                  <!-- position    --> 153.42821, 54.005062, -795.8277,
                  <!-- orientation -->   0.9991375200,  -0.0409057700,  -0.0071352231,
                                         0.0410381070,   0.9989671100,   0.0195078330,
                                         0.0063298703,  -0.0197838250,   0.9997842300
               </part>
               <part>
                  <!-- parent      --> "Root",
                  <!-- child       --> "Fade Back",
                  <!-- position    --> 459.53638, -244.99484, -2477.1785,
                  <!-- orientation -->   0.9991375200,  -0.0409057700,  -0.0071352231,
                                         0.0410381070,   0.9989671100,   0.0195078330,
                                         0.0063298703,  -0.0197838250,   0.9997842300
               </part>
               <part>
                  <!-- parent      --> "Root",
                  <!-- child       --> "Fade Front",
                  <!-- position    --> -22.706026, -17.520391, -408.41803,
                  <!-- orientation -->   0.9991375200,  -0.0409057920,  -0.0071351416,
                                         0.0410381260,   0.9989671100,   0.0195078270,
                                         0.0063297888,  -0.0197838150,   0.9997842300
               </part>
               <part>
                  <!-- parent      --> "Root",
                  <!-- child       --> "Fade Mid",
                  <!-- position    --> -229.73122, -108.67146, -872.54755,
                  <!-- orientation -->   0.9991375200,  -0.0409057700,  -0.0071352231,
                                         0.0410381070,   0.9989671100,   0.0195078330,
                                         0.0063298703,  -0.0197838250,   0.9997842300
               </part>
               <part>
                  <!-- parent      --> "Root",
                  <!-- child       --> "Fade Mid01",
                  <!-- position    --> -229.73117, -108.67146, -872.54755,
                  <!-- orientation -->   0.9991375200,  -0.0409057590,  -0.0071354071,
                                         0.0410381000,   0.9989671100,   0.0195078480,
                                         0.0063300538,  -0.0197838470,   0.9997842300
               </part>
               <part>
                  <!-- parent      --> "Root",
                  <!-- child       --> "test cam",
                  <!-- position    --> 50.320091, 53.129902, 106.66055,
                  <!-- orientation -->   0.9988588100,  -0.0017098924,  -0.0477294100,
                                        64.918844e-09,   0.9993589500,  -0.0358003900,
                                         0.0477600280,   0.0357595310,   0.9982185400
               </part>
               <part>
                  <!-- parent      --> "Root",
                  <!-- child       --> "cityscape_buildings",
                  <!-- position    --> -965.17249, 834.98804, -5625.0767,
                  <!-- orientation -->   0.9991375200,  -0.0409057700,  -0.0071352231,
                                         0.0410381070,   0.9989671100,   0.0195078330,
                                         0.0063298703,  -0.0197838250,   0.9997842300
               </part>
               <part>
                  <!-- parent      --> "Root",
                  <!-- child       --> "buildings01",
                  <!-- position    --> 660.28387, -46.702412, -1081.3491,
                  <!-- orientation -->   0.9991375200,  -0.0409057920,  -0.0071351416,
                                         0.0410381260,   0.9989671100,   0.0195078270,
                                         0.0063297888,  -0.0197838150,   0.9997842300
               </part>
               <part>
                  <!-- parent      --> "Root",
                  <!-- child       --> "hangar",
                  <!-- position    --> 121.89991, 0.01681258, 15.334475,
                  <!-- orientation -->   0.9828592500,  -0.0368489060,  -0.1806374600,
                                         0.0410381150,   0.9989671100,   0.0195078310,
                                         0.1797320400,  -0.0265864710,   0.9833563000
               </part>
            </Fix>
            <Pris type="Rev" count="28">
               <part>
                  <!-- parent      --> "Root",
                  <!-- child       --> "Elevator01",
                  <!-- position    --> -8.1489878, 17.163074, -379.57358,
                  <!-- offset      --> 0, 0, 0,
                  <!-- orientation -->   0.8571672400,   0.5150381900,  132.71055e-09,
                                       -202.12829e-09,  78.726572e-09,   1.0000000000,
                                         0.5150381900,  -0.8571672400,  171.58563e-09,
                  <!-- axis        -->   0.0410376750,   0.9989671700,   0.0195064170,
                  <!-- min, max    --> -13.618834, 12.335985
               </part>
               <part>
                  <!-- parent      --> "Root",
                  <!-- child       --> "Elevator02",
                  <!-- position    --> 2.0143764, 22.059681, -373.36688,
                  <!-- offset      --> 0, 0, 0,
                  <!-- orientation -->   0.8616288900,   0.5075388000,  141.77080e-09,
                                       -168.35365e-09,  6.4774883e-09,   1.0000000000,
                                         0.5075388000,  -0.8616288900,  91.027204e-09,
                  <!-- axis        -->  -0.0410367770,  -0.9989671100,  -0.0195128550,
                  <!-- min, max    --> -6.3024073, 41.193794
               </part>
               <part>
                  <!-- parent      --> "Root",
                  <!-- child       --> "Elevator03",
                  <!-- position    --> -14.289948, 25.822529, -383.34537,
                  <!-- offset      --> 0, 0, 0,
                  <!-- orientation -->   0.8480480300,   0.5299193300,  50.671829e-09,
                                       -152.94076e-09,  149.13455e-09,   1.0000000000,
                                         0.5299193300,  -0.8480480300,  207.51953e-09,
                  <!-- axis        -->  -0.0410407600,  -0.9989671100,  -0.0195031590,
                  <!-- min, max    --> 0, 24.851385
               </part>
               <part>
                  <!-- parent      --> "Root",
                  <!-- child       --> "Elevator04",
                  <!-- position    --> 12.696874, 27.220236, -366.78983,
                  <!-- offset      --> 0, 0, 0,
                  <!-- orientation -->   0.8703555500,   0.4924237700,  81.896665e-09,
                                       -140.18380e-09,  81.460499e-09,   1.0000000000,
                                         0.4924237700,  -0.8703555500,  139.92944e-09,
                  <!-- axis        -->  -0.0410383420,  -0.9989669300,  -0.0195186770,
                  <!-- min, max    --> 0, 26.345085
               </part>
               <part>
                  <!-- parent      --> "Root",
                  <!-- child       --> "Elevator05",
                  <!-- position    --> 696.70166, 49.765575, -1044.5486,
                  <!-- offset      --> 0, 0, 0,
                  <!-- orientation -->   0.9991375200,  -0.0409057590,  -0.0071351919,
                                         0.0410380960,   0.9989671100,   0.0195079200,
                                         0.0063298359,  -0.0197839100,   0.9997842300,
                  <!-- axis        -->  -0.0410402860,  -0.9989668700,  -0.0195161350,
                  <!-- min, max    --> -107.7595, 249.29721e-6
               </part>
               <part>
                  <!-- parent      --> "Root",
                  <!-- child       --> "Elevator06",
                  <!-- position    --> 691.30219, 173.31693, -1047.9226,
                  <!-- offset      --> 0, 0, 0,
                  <!-- orientation -->   0.9991375200,  -0.0409057590,  -0.0071351919,
                                         0.0410380960,   0.9989671100,   0.0195079200,
                                         0.0063298359,  -0.0197839100,   0.9997842300,
                  <!-- axis        -->   0.0410412400,   0.9989671100,   0.0195029730,
                  <!-- min, max    --> -108.09268, 202.10585e-6
               </part>
               <part>
                  <!-- parent      --> "Root",
                  <!-- child       --> "Traffic01",
                  <!-- position    --> 679.11237, 65.482834, -749.26147,
                  <!-- offset      --> 0, 0, 0,
                  <!-- orientation -->   0.9991375200,  -0.0409057960,  -0.0071350592,
                                         0.0410381290,   0.9989671100,   0.0195078700,
                                         0.0063297045,  -0.0197838540,   0.9997842300,
                  <!-- axis        -->   0.8506728400,  -0.0451738870,   0.5237509600,
                  <!-- min, max    --> -1689.5946, 1008.4636
               </part>
               <part>
                  <!-- parent      --> "Root",
                  <!-- child       --> "Traffic02",
                  <!-- position    --> -1503.5177, 65.482918, -2085.8772,
                  <!-- offset      --> 0, 0, 0,
                  <!-- orientation -->   0.9991375200,  -0.0409058000,  -0.0071353558,
                                         0.0410381370,   0.9989671100,   0.0195077080,
                                         0.0063300072,  -0.0197837050,   0.9997842300,
                  <!-- axis        -->   0.8576526600,  -0.0452358240,   0.5122358800,
                  <!-- min, max    --> 0, 3089.3101
               </part>
               <part>
                  <!-- parent      --> "Root",
                  <!-- child       --> "Traffic03",
                  <!-- position    --> -1426.9561, 65.482819, -2096.564,
                  <!-- offset      --> 0, 0, 0,
                  <!-- orientation -->   0.9991375200,  -0.0409058000,  -0.0071353558,
                                         0.0410381370,   0.9989671100,   0.0195077080,
                                         0.0063300072,  -0.0197837050,   0.9997842300,
                  <!-- axis        -->  -0.8576530800,   0.0452357830,  -0.5122351600,
                  <!-- min, max    --> -3089.3103, 35.046589e-6
               </part>
               <part>
                  <!-- parent      --> "Root",
                  <!-- child       --> "Traffic04",
                  <!-- position    --> -1235.3735, 65.482819, -1900.2034,
                  <!-- offset      --> 0, 0, 0,
                  <!-- orientation -->   0.9991375200,  -0.0409058000,  -0.0071353558,
                                         0.0410381370,   0.9989671100,   0.0195077080,
                                         0.0063300072,  -0.0197837050,   0.9997842300,
                  <!-- axis        -->   0.8576529600,  -0.0452357870,   0.5122354000,
                  <!-- min, max    --> 0, 3089.3103
               </part>
               <part>
                  <!-- parent      --> "Root",
                  <!-- child       --> "Traffic05",
                  <!-- position    --> -1005.6273, 65.482887, -1855.8285,
                  <!-- offset      --> 0, 0, 0,
                  <!-- orientation -->   0.9991375200,  -0.0409058000,  -0.0071353558,
                                         0.0410381370,   0.9989671100,   0.0195077080,
                                         0.0063300072,  -0.0197837050,   0.9997842300,
                  <!-- axis        -->   0.8576525400,  -0.0452357750,   0.5122361200,
                  <!-- min, max    --> 0, 3089.3103
               </part>
               <part>
                  <!-- parent      --> "Root",
                  <!-- child       --> "Traffic06",
                  <!-- position    --> 566.22321, -353.27203, -87.328911,
                  <!-- offset      --> 0, 0, 0,
                  <!-- orientation -->   0.5639582300,  -0.0392757100,   0.8248688000,
                                         0.0410379210,   0.9989671100,   0.0195079150,
                                        -0.8247829700,   0.0228492510,   0.5649875400,
                  <!-- axis        -->  -0.8261382600,   0.0187543350,  -0.5631552300,
                  <!-- min, max    --> 0, 1486.891
               </part>
               <part>
                  <!-- parent      --> "Root",
                  <!-- child       --> "Traffic07",
                  <!-- position    --> 1244.0574, 65.482895, -260.6051,
                  <!-- offset      --> 0, 0, 0,
                  <!-- orientation -->   0.9991375200,  -0.0409058000,  -0.0071353558,
                                         0.0410381370,   0.9989671100,   0.0195077080,
                                         0.0063300072,  -0.0197837050,   0.9997842300,
                  <!-- axis        -->  -0.8629486000,  -0.0687045900,  -0.5005990900,
                  <!-- min, max    --> 0, 1272.6173
               </part>
               <part>
                  <!-- parent      --> "Root",
                  <!-- child       --> "Traffic08",
                  <!-- position    --> 1297.082, 65.482948, -183.7403,
                  <!-- offset      --> 0, 0, 0,
                  <!-- orientation -->   0.9991375200,  -0.0409058000,  -0.0071353558,
                                         0.0410381370,   0.9989671100,   0.0195077080,
                                         0.0063300072,  -0.0197837050,   0.9997842300,
                  <!-- axis        -->   0.8629488900,   0.0687046800,   0.5005985500,
                  <!-- min, max    --> -1272.6174, 42.58144e-6
               </part>
               <part>
                  <!-- parent      --> "Root",
                  <!-- child       --> "Traffic09",
                  <!-- position    --> 1376.5591, 65.482895, -207.77888,
                  <!-- offset      --> 0, 0, 0,
                  <!-- orientation -->   0.9991375200,  -0.0409058000,  -0.0071353558,
                                         0.0410381370,   0.9989671100,   0.0195077080,
                                         0.0063300072,  -0.0197837050,   0.9997842300,
                  <!-- axis        -->  -0.8629485400,  -0.0687045680,  -0.5005991500,
                  <!-- min, max    --> 0, 1272.6174
               </part>
               <part>
                  <!-- parent      --> "Root",
                  <!-- child       --> "Traffic10",
                  <!-- position    --> 287.44498, 24.65807, -1169.2467,
                  <!-- offset      --> 0, 0, 0,
                  <!-- orientation -->   0.9991375200,  -0.0409057400,  -0.0071351919,
                                         0.0410380770,   0.9989671100,   0.0195079820,
                                         0.0063298335,  -0.0197839720,   0.9997842300,
                  <!-- axis        -->  -0.8506718300,   0.0451738830,  -0.5237525100,
                  <!-- min, max    --> -1224.9575, 1473.788
               </part>
               <part>
                  <!-- parent      --> "Root",
                  <!-- child       --> "Traffic12",
                  <!-- position    --> 671.49213, 24.658066, -993.67407,
                  <!-- offset      --> 0, 0, 0,
                  <!-- orientation -->   0.9991375200,  -0.0409056840,  -0.0071351919,
                                         0.0410380210,   0.9989671100,   0.0195078980,
                                         0.0063298382,  -0.0197838860,   0.9997842300,
                  <!-- axis        -->   0.8529667900,  -0.0451951060,   0.5200048700,
                  <!-- min, max    --> -1001.2747, 1033.8132
               </part>
               <part>
                  <!-- parent      --> "Root",
                  <!-- child       --> "Traffic13",
                  <!-- position    --> 829.79938, 24.658062, -808.07404,
                  <!-- offset      --> 0, 0, 0,
                  <!-- orientation -->   0.9991375200,  -0.0409056840,  -0.0071351919,
                                         0.0410380210,   0.9989671100,   0.0195078980,
                                         0.0063298382,  -0.0197838860,   0.9997842300,
                  <!-- axis        -->  -0.8529667300,   0.0451951140,  -0.5200049300,
                  <!-- min, max    --> -1033.8132, 1001.2744
               </part>
               <part>
                  <!-- parent      --> "Root",
                  <!-- child       --> "Traffic14",
                  <!-- position    --> 290.44034, 24.658062, -1045.3541,
                  <!-- offset      --> 0, 0, 0,
                  <!-- orientation -->   0.9991375200,  -0.0409057400,  -0.0071351919,
                                         0.0410380770,   0.9989671100,   0.0195079820,
                                         0.0063298335,  -0.0197839720,   0.9997842300,
                  <!-- axis        -->  -0.8506695600,   0.0451739060,  -0.5237562700,
                  <!-- min, max    --> -1224.9575, 1473.7877
               </part>
               <part>
                  <!-- parent      --> "Root",
                  <!-- child       --> "Traffic15",
                  <!-- position    --> -93.606506, 24.658066, -1220.9265,
                  <!-- offset      --> 0, 0, 0,
                  <!-- orientation -->   0.9991375200,  -0.0409057400,  -0.0071351919,
                                         0.0410380770,   0.9989671100,   0.0195079820,
                                         0.0063298335,  -0.0197839720,   0.9997842300,
                  <!-- axis        -->  -0.8506709300,   0.0451738720,  -0.5237540000,
                  <!-- min, max    --> -1224.9578, 1473.7878
               </part>
               <part>
                  <!-- parent      --> "Root",
                  <!-- child       --> "Traffic16",
                  <!-- position    --> 448.74789, 24.658134, -859.75372,
                  <!-- offset      --> 0, 0, 0,
                  <!-- orientation -->   0.9991375200,  -0.0409057400,  -0.0071351919,
                                         0.0410380770,   0.9989671100,   0.0195079820,
                                         0.0063298335,  -0.0197839720,   0.9997842300,
                  <!-- axis        -->  -0.8494581000,   0.0463669150,  -0.5256149200,
                  <!-- min, max    --> -1224.9578, 1473.788
               </part>
               <part>
                  <!-- parent      --> "Root",
                  <!-- child       --> "Traffic17",
                  <!-- position    --> 46.328312, 24.658134, -1084.4337,
                  <!-- offset      --> 0, 0, 0,
                  <!-- orientation -->   0.9991375200,  -0.0409057400,  -0.0071351919,
                                         0.0410380770,   0.9989671100,   0.0195079820,
                                         0.0063298335,  -0.0197839720,   0.9997842300,
                  <!-- axis        -->  -0.8506701000,   0.0451739060,  -0.5237553700,
                  <!-- min, max    --> -1224.9576, 1473.7877
               </part>
               <part>
                  <!-- parent      --> "Root",
                  <!-- child       --> "Traffic18",
                  <!-- position    --> 57.786854, 65.482803, -652.8797,
                  <!-- offset      --> 0, 0, 0,
                  <!-- orientation -->   0.9991375200,  -0.0409059150,  -0.0071353558,
                                         0.0410382520,   0.9989671100,   0.0195075650,
                                         0.0063300109,  -0.0197835620,   0.9997842300,
                  <!-- axis        -->   0.8476597100,  -0.0451451800,   0.5286160700,
                  <!-- min, max    --> -1391.3105, 1123.0677
               </part>
               <part>
                  <!-- parent      --> "Root",
                  <!-- child       --> "Traffic19",
                  <!-- position    --> -75.143188, 90.775558, -660.28418,
                  <!-- offset      --> 0, 0, 0,
                  <!-- orientation -->   0.9991375200,  -0.0409059150,  -0.0071353558,
                                         0.0410382520,   0.9989671100,   0.0195075650,
                                         0.0063300109,  -0.0197835620,   0.9997842300,
                  <!-- axis        -->   0.8476600100,  -0.0451451320,   0.5286155300,
                  <!-- min, max    --> -1391.3108, 1123.0677
               </part>
               <part>
                  <!-- parent      --> "Root",
                  <!-- child       --> "Traffic20",
                  <!-- position    --> -144.9601, 65.482841, -824.87268,
                  <!-- offset      --> 0, 0, 0,
                  <!-- orientation -->   0.9991375200,  -0.0409059150,  -0.0071353558,
                                         0.0410382520,   0.9989671100,   0.0195075650,
                                         0.0063300109,  -0.0197835620,   0.9997842300,
                  <!-- axis        -->   0.8476598300,  -0.0451451240,   0.5286158300,
                  <!-- min, max    --> -1391.3109, 1123.0676
               </part>
               <part>
                  <!-- parent      --> "Root",
                  <!-- child       --> "Traffic21",
                  <!-- position    --> 140.19516, 38.152172, -513.29865,
                  <!-- offset      --> 0, 0, 0,
                  <!-- orientation -->   0.9991375200,  -0.0409059150,  -0.0071353558,
                                         0.0410382520,   0.9989671100,   0.0195075650,
                                         0.0063300109,  -0.0197835620,   0.9997842300,
                  <!-- axis        -->   0.8476585700,  -0.0451452170,   0.5286178600,
                  <!-- min, max    --> -1391.3105, 1123.0677
               </part>
               <part>
                  <!-- parent      --> "Root",
                  <!-- child       --> "Traffic22",
                  <!-- position    --> 693.69684, 74.274559, -51.765285,
                  <!-- offset      --> 0, 0, 0,
                  <!-- orientation -->   0.9991375200,  -0.0409058000,  -0.0071353558,
                                         0.0410381370,   0.9989671100,   0.0195077080,
                                         0.0063300072,  -0.0197837050,   0.9997842300,
                  <!-- axis        -->   0.8495591900,  -0.0222103610,   0.5270254600,
                  <!-- min, max    --> -1835.5256, 16.409467e-6
               </part>
               <part>
                  <!-- parent      --> "Root",
                  <!-- child       --> "Traffic24",
                  <!-- position    --> 427.37985, 24.658062, -1032.754,
                  <!-- offset      --> 0, 0, 0,
                  <!-- orientation -->   0.9991375200,  -0.0409057400,  -0.0071351919,
                                         0.0410380770,   0.9989671100,   0.0195079820,
                                         0.0063298335,  -0.0197839720,   0.9997842300,
                  <!-- axis        -->   0.8506718900,  -0.0451739470,   0.5237524500,
                  <!-- min, max    --> -1473.788, 1224.9575
               </part>
            </Pris>
            <Rev type="Rev" count="2">
               <part>
                  <!-- parent      --> "Root",
                  <!-- child       --> "SpotLight01",
                  <!-- position    --> 103.39949, 350.82605, -821.40948,
                  <!-- offset      --> 0, 0, 0,
                  <!-- orientation -->   0.7969044400,   0.5299194500,  -0.2900494900,
                                         0.3420202400, -156.65651e-09,   0.9396926200,
                                         0.4979613400,  -0.8480479700,  -0.1812433000,
                  <!-- axis        -->  -0.5311148200, -142.40217e-09,   0.8472998700,
                  <!-- min, max    --> -1.2888499, 1.13631
               </part>
               <part>
                  <!-- parent      --> "Root",
                  <!-- child       --> "SpotLight02",
                  <!-- position    --> 182.41502, 363.42587, -760.65424,
                  <!-- offset      --> 0, 0, 0,
                  <!-- orientation -->   0.8480480900,   0.5299193300,  109.85831e-09,
                                       -5.2731579e-09, -198.87257e-09,   1.0000000000,
                                         0.5299193300,  -0.8480480900, -165.85915e-09,
                  <!-- axis        -->   0.5308200100,  169.26450e-09,  -0.8474845900,
                  <!-- min, max    --> 0, 1.74532
               </part>
            </Rev>
         </Cons>
      </Cmpnd>
      <Animation>
         <Script>
            <Sc_loop>
               <Joint_map_0 name="Joint map 0">
                  <Parent_name name="Parent name" type="text">Root</Parent_name>
                  <Child_name name="Child name" type="text">Elevator01</Child_name>
                  <Channel>
                     <Header type="Header">
                        <!-- count    --> 6,
                        <!-- interval --> Explicit,
                        <!-- flags    --> 0x1
                     </Header>
                     <Frames type="Frames" count="6">
                          0.0000000000:     0.0000000000
                          5.6000000000:    12.3359840000
                          6.4000000000:    12.3359840000
                         14.9333340000:   -13.6188330000
                         15.7333350000:   -13.6188330000
                         20.0000000000:    -0.0000000000
                     </Frames>
                  </Channel>
               </Joint_map_0>
               <Joint_map_1 name="Joint map 1">
                  <Parent_name name="Parent name" type="text">Root</Parent_name>
                  <Child_name name="Child name" type="text">Elevator02</Child_name>
                  <Channel>
                     <Header type="Header">
                        <!-- count    --> 6,
                        <!-- interval --> Explicit,
                        <!-- flags    --> 0x1
                     </Header>
                     <Frames type="Frames" count="6">
                          0.0000000000:     0.0000000000
                          6.2666669000:    41.1937870000
                          7.0666671000:    41.1937870000
                         16.6000000000:    -6.3024073000
                         17.4000000000:    -6.3024073000
                         20.0000000000:    -0.0000000000
                     </Frames>
                  </Channel>
               </Joint_map_1>
               <Joint_map_2 name="Joint map 2">
                  <Parent_name name="Parent name" type="text">Root</Parent_name>
                  <Child_name name="Child name" type="text">Elevator03</Child_name>
                  <Channel>
                     <Header type="Header">
                        <!-- count    --> 5,
                        <!-- interval --> Explicit,
                        <!-- flags    --> 0x1
                     </Header>
