<?xml version="1.0" encoding="ISO-8859-1"?>
<!-- XML generated by UTFXML Version 2.2 built 19-Aug-2010 -->
<UTFXML filename="sword_of_vengeance.cmp" path="SHIPS\new\other\sword_of_vengeance">
   <UTF_ROOT>
      <VMeshLibrary>
         <crusader01.lod0.vms include="sword_of_vengeance_cmp\lod0.vms.xml"/>
      </VMeshLibrary>
      <Cmpnd>
         <Root>
            <File_name name="File name" type="text">crusader01.3db</File_name>
            <Index type="int">0</Index>
            <Object_name name="Object name" type="text">Root</Object_name>
         </Root>
      </Cmpnd>
      <crusader01.3db>
         <Hardpoints>
            <Fixed>
               <HpCM01>
                  <Orientation type="Matrix">
                       0.4924230600,   0.8703559600,   0.0000000000,
                      -0.8703559600,   0.4924230600,   0.0000000000,
                       0.0000000000,  -0.0000000000,   1.0000000000
                  </Orientation>
                  <Position type="Vector">2.8210893, 1.0753696, 3.640836</Position>
               </HpCM01>
               <HpConTrail01>
                  <Orientation type="Matrix">
                      -0.2382524000,   0.4137127100,   0.0000000000,
                      -0.4137127100,  -0.2382524000,   0.8786794500,
                       0.3635208600,   0.2093474900,   0.2279224100
                  </Orientation>
                  <Position type="Vector">8.6174517, -2.2822051, 0.28999075</Position>
               </HpConTrail01>
               <HpConTrail02>
                  <Orientation type="Matrix">
                      -0.2382532400,  -0.4137122300,   0.0000000000,
                       0.4137122300,  -0.2382532400,   0.8786794500,
                      -0.3635204400,   0.2093482200,   0.2279224100
                  </Orientation>
                  <Position type="Vector">-8.6185894, -2.2822051, 0.28999075</Position>
               </HpConTrail02>
               <HpConTrail03>
                  <Orientation type="Matrix">
                       0.9028961700,   0.4298587400,   0.0000000000,
                      -0.4298587400,   0.9028961700, -10.322666e-09,
                     -4.4372883e-09,  9.3202956e-09,   1.0000000000
                  </Orientation>
                  <Position type="Vector">-572.26617e-6, 5.6302481, -0.81112671</Position>
               </HpConTrail03>
               <HpDockLight01>
                  <Orientation type="Matrix">
                       0.9028961700,   0.4298587400,   0.0000000000,
                      -0.4298587400,   0.9028961700, -10.322666e-09,
                     -4.4372883e-09,  9.3202956e-09,   1.0000000000
                  </Orientation>
                  <Position type="Vector">-572.42269e-6, 5.6307292, -1.0456918</Position>
               </HpDockLight01>
               <HpDockLight02>
                  <Orientation type="Matrix">
                      -0.4002376800,  -0.2168958500,   0.0000000000,
                       0.2168958500,  -0.4002376800,   0.8903740600,
                      -0.1931184400,   0.3563612400,   0.2072340100
                  </Orientation>
                  <Position type="Vector">1.4345897, -3.2572043, 3.6360881</Position>
               </HpDockLight02>
               <HpDockLight03>
                  <Orientation type="Matrix">
                      -0.4002376800,   0.2168958600,   0.0000000000,
                      -0.2168958600,  -0.4002376800,   0.8903740600,
                       0.1931184500,   0.3563612400,   0.2072340100
                  </Orientation>
                  <Position type="Vector">-1.4487994, -3.2572043, 3.6360881</Position>
               </HpDockLight03>
               <HpEngine01>
                  <Orientation type="Matrix">
                       1.0000000000,   0.0000000000,   0.0000000000,
                       0.0000000000,   1.0000000000,   0.0000000000,
                       0.0000000000,   0.0000000000,   1.0000000000
                  </Orientation>
                  <Position type="Vector">2.9426861, -0.41245201, 5.6608362</Position>
               </HpEngine01>
               <HpEngine02>
                  <Orientation type="Matrix">
                       1.0000000000,   0.0000000000,   0.0000000000,
                       0.0000000000,   1.0000000000,   0.0000000000,
                       0.0000000000,   0.0000000000,   1.0000000000
                  </Orientation>
                  <Position type="Vector">-2.942991, -0.403106, 5.6608348</Position>
               </HpEngine02>
               <HpEngine03>
                  <Orientation type="Matrix">
                       1.0000000000,   0.0000000000,   0.0000000000,
                       0.0000000000,   1.0000000000,   0.0000000000,
                       0.0000000000,   0.0000000000,   1.0000000000
                  </Orientation>
                  <Position type="Vector">0.020311, 1.637319, 5.6608362</Position>
               </HpEngine03>
               <HpHeadlight01>
                  <Orientation type="Matrix">
                       1.0000000000,   0.0000000000,   0.0000000000,
                       0.0000000000,   1.0000000000,   0.0000000000,
                       0.0000000000,   0.0000000000,   1.0000000000
                  </Orientation>
                  <Position type="Vector">-0.040621001, -0.623469, -13.940936</Position>
               </HpHeadlight01>
               <HpMine01>
                  <Orientation type="Matrix">
                       0.4924236200,  -0.8703556700,   0.0000000000,
                       0.8703556700,   0.4924236200,  531.22392e-09,
                     -462.35374e-09, -261.58722e-09,   1.0000000000
                  </Orientation>
                  <Position type="Vector">-2.9083605, 1.0753696, 3.640836</Position>
               </HpMine01>
               <HpMount>
                  <Orientation type="Matrix">
                       1.0000000000,   0.0000000000,   0.0000000000,
                       0.0000000000,   1.0000000000,   0.0000000000,
                       0.0000000000,   0.0000000000,   1.0000000000
                  </Orientation>
                  <Position type="Vector">-572.16774e-6, -3.8464952, -5.5880823</Position>
               </HpMount>
               <HpPilot>
                  <Orientation type="Matrix">
                       0.9991508100,   0.0000000000,   0.0000000000,
                      -0.0000000000,   0.9991508100,  -0.0412023400,
                      -0.0000000000,   0.0411673520,   0.9983023400
                  </Orientation>
                  <Position type="Vector">-571.58631e-6, -0.16420677, -9.3549118</Position>
               </HpPilot>
               <HpRunningLight01>
                  <Orientation type="Matrix">
                       0.9063077600,  -0.4226182700,  -0.0000000000,
                       0.4226182700,   0.9063077600,   0.0000000000,
                       0.0000000000,  -0.0000000000,   1.0000000000
                  </Orientation>
                  <Position type="Vector">0.00169, 5.6214051, -3.4276459</Position>
               </HpRunningLight01>
               <HpRunningLight02>
                  <Orientation type="Matrix">
                       1.0000000000,   0.0000000000,   0.0000000000,
                       0.0000000000,   1.0000000000,   0.0000000000,
                       0.0000000000,   0.0000000000,   1.0000000000
                  </Orientation>
                  <Position type="Vector">0, -0.002695, -14.288259</Position>
               </HpRunningLight02>
               <HpRunningLight03>
                  <Orientation type="Matrix">
                      -0.4002376800,  -0.2168958500,   0.0000000000,
                       0.2168958500,  -0.4002376800,   0.8903740600,
                      -0.1931184400,   0.3563612400,   0.2072340100
                  </Orientation>
                  <Position type="Vector">1.1564761, -3.7380743, 2.7532017</Position>
               </HpRunningLight03>
               <HpRunningLight04>
                  <Orientation type="Matrix">
                      -0.4002376800,   0.2168958600,   0.0000000000,
                      -0.2168958600,  -0.4002376800,   0.8903740600,
                       0.1931184500,   0.3563612400,   0.2072340100
                  </Orientation>
                  <Position type="Vector">-1.1437566, -3.7380743, 2.7532017</Position>
               </HpRunningLight04>
               <HpShield01>
                  <Orientation type="Matrix">
                       0.9987223700,   0.0213874080,   0.0000000000,
                      -0.0213874080,   0.9987223700,   0.0457845140,
                      979.21211e-06,  -0.0457260200,   0.9979038200
                  </Orientation>
                  <Position type="Vector">-572.17892e-6, -0.032047529, -1.7866296</Position>
               </HpShield01>
               <HpThruster01>
                  <Orientation type="Matrix">
                       1.0000000000,   0.0000000000,   0.0000000000,
                       0.0000000000,   1.0000000000,   0.0000000000,
                       0.0000000000,   0.0000000000,   1.0000000000
                  </Orientation>
                  <Position type="Vector">-572.42636e-6, -1.36812, 3.7652812</Position>
               </HpThruster01>
               <HpTractor_Source>
                  <Orientation type="Matrix">
                      -1.0000000000,  87.414584e-09, -1.5258272e-09,
                     -87.427900e-09,  -0.9998476500,   0.0174524060,
                     -55.511151e-18,   0.0174524060,   0.9998477100
                  </Orientation>
                  <Position type="Vector">-0.025325, -0.64514899, -13.859573</Position>
               </HpTractor_Source>
               <HpBayDoor01>
                  <Orientation type="Matrix">
                      -0.9998459800,   0.0000000000,   0.0000000000,
                       0.0000000000,  -0.9998459800,  -0.0175589990,
                       0.0000000000,  -0.0175560010,   0.9996920200
                  </Orientation>
                  <Position type="Vector">0, 0, 0</Position>
               </HpBayDoor01>
               <HpRunningLight05>
                  <Orientation type="Matrix">
                       1.0000000000,   0.0000000000,   0.0000000000,
                       0.0000000000,   1.0000000000,   0.0000000000,
                       0.0000000000,   0.0000000000,   1.0000000000
                  </Orientation>
                  <Position type="Vector">5.4469461, -0.38160801, -8.1461802</Position>
               </HpRunningLight05>
               <HpRunningLight06>
                  <Orientation type="Matrix">
                       1.0000000000,   0.0000000000,   0.0000000000,
                       0.0000000000,   1.0000000000,   0.0000000000,
                       0.0000000000,   0.0000000000,   1.0000000000
                  </Orientation>
                  <Position type="Vector">-5.450933, -0.38311401, -8.1339912</Position>
               </HpRunningLight06>
               <Hpnew01>
                  <Orientation type="Matrix">
                       1.0000000000,   0.0000000000,   0.0000000000,
                       0.0000000000,   1.0000000000,   0.0000000000,
                       0.0000000000,   0.0000000000,   1.0000000000
                  </Orientation>
                  <Position type="Vector">0, 0, 0</Position>
               </Hpnew01>
               <Hpnew02>
                  <Orientation type="Matrix">
                       1.0000000000,   0.0000000000,   0.0000000000,
                       0.0000000000,   1.0000000000,   0.0000000000,
                       0.0000000000,   0.0000000000,   1.0000000000
                  </Orientation>
                  <Position type="Vector">0, 0, 0</Position>
               </Hpnew02>
               <Hpnew03>
                  <Orientation type="Matrix">
                       1.0000000000,   0.0000000000,   0.0000000000,
                       0.0000000000,   1.0000000000,   0.0000000000,
                       0.0000000000,   0.0000000000,   1.0000000000
                  </Orientation>
                  <Position type="Vector">0, 0, 0</Position>
               </Hpnew03>
               <Hpnew04>
                  <Orientation type="Matrix">
                       1.0000000000,   0.0000000000,   0.0000000000,
                       0.0000000000,   1.0000000000,   0.0000000000,
                       0.0000000000,   0.0000000000,   1.0000000000
                  </Orientation>
                  <Position type="Vector">0, 0, 0</Position>
               </Hpnew04>
               <HpCloak01>
                  <Orientation type="Matrix">
                       1.0000000000,   0.0000000000,   0.0000000000,
                       0.0000000000,   1.0000000000,   0.0000000000,
                       0.0000000000,   0.0000000000,   1.0000000000
                  </Orientation>
                  <Position type="Vector">0, 0, 0</Position>
               </HpCloak01>
            </Fixed>
            <Revolute>
               <HpTorpedo01>
                  <Axis type="Vector">0, 1, 0</Axis>
                  <Max type="float">0.78538001</Max>
                  <Min type="float">-0.7854</Min>
                  <Orientation type="Matrix">
                      -0.9993908400,   0.0000000000,   0.0000000000,
                      -0.0000000000,  -0.9993908400,  -0.0348990300,
                      -0.0000000000,  -0.0348777700,   0.9987820400
                  </Orientation>
                  <Position type="Vector">-571.79591e-6, -1.1456411, -10.688097</Position>
               </HpTorpedo01>
               <HpTorpedo02>
                  <Axis type="Vector">0, 1, 0</Axis>
                  <Max type="float">0.78538001</Max>
                  <Min type="float">-0.7854</Min>
                  <Orientation type="Matrix">
                       0.0000000000,  -1.0000000000,   0.0000000000,
                       1.0000000000,   0.0000000000,  76.293944e-09,
                     -76.293944e-09,  -0.0000000000,   1.0000000000
                  </Orientation>
                  <Position type="Vector">-0.31934261, -1.8259497, -6.6420312</Position>
               </HpTorpedo02>
               <HpTorpedo03>
                  <Axis type="Vector">0, 1, 0</Axis>
                  <Max type="float">0.78538001</Max>
                  <Min type="float">-0.7854</Min>
                  <Orientation type="Matrix">
                      179.97536e-09,   1.0000000000,   0.0000000000,
                      -1.0000000000,  179.97536e-09,  152.58783e-09,
                      152.58783e-09, -27.462050e-15,   1.0000000000
                  </Orientation>
                  <Position type="Vector">0.32077602, -1.8259497, -6.6420312</Position>
               </HpTorpedo03>
               <HpTurret01>
                  <Axis type="Vector">0, 1, 0</Axis>
                  <Max type="float">0.78538001</Max>
                  <Min type="float">-0.7854</Min>
                  <Orientation type="Matrix">
                       0.9998477100,   0.0000000000,   0.0000000000,
                      -0.0000000000,   0.9998477100,  -0.0174520910,
                      -0.0000000000,   0.0174494330,   0.9996954200
                  </Orientation>
                  <Position type="Vector">-571.9589e-6, 1.3320391, -7.0014977</Position>
               </HpTurret01>
               <HpWeapon03>
                  <Axis type="Vector">0, 1, 0</Axis>
                  <Max type="float">0.78538001</Max>
                  <Min type="float">-0.7854</Min>
                  <Orientation type="Matrix">
                       1.0000000000,  -0.0000000000,   0.0000000000,
                       0.0000000000,   1.0000000000,  228.88182e-09,
                      -0.0000000000, -228.88182e-09,   1.0000000000
                  </Orientation>
                  <Position type="Vector">4.7529063, 0.29811749, -0.47022301</Position>
               </HpWeapon03>
               <HpWeapon04>
                  <Axis type="Vector">0, 1, 0</Axis>
                  <Max type="float">0.78538001</Max>
                  <Min type="float">-0.7854</Min>
                  <Orientation type="Matrix">
                       1.0000000000,  -0.0000000000,   0.0000000000,
                       0.0000000000,   1.0000000000,  228.88182e-09,
                      -0.0000000000, -228.88182e-09,   1.0000000000
                  </Orientation>
                  <Position type="Vector">-4.7540512, 0.29811746, -0.47022307</Position>
               </HpWeapon04>
               <HpWeapon05>
                  <Axis type="Vector">0, 1, 0</Axis>
                  <Max type="float">0.78538001</Max>
                  <Min type="float">-0.7854</Min>
                  <Orientation type="Matrix">
                      -1.0000000000,   0.0000000000,   0.0000000000,
                      -0.0000000000,  -1.0000000000,  305.17577e-09,
                       0.0000000000,  305.17577e-09,   1.0000000000
                  </Orientation>
                  <Position type="Vector">4.7529063, -1.0326251, -0.47022295</Position>
               </HpWeapon05>
               <HpWeapon06>
                  <Axis type="Vector">0, 1, 0</Axis>
                  <Max type="float">0.78538001</Max>
                  <Min type="float">-0.7854</Min>
                  <Orientation type="Matrix">
                      -1.0000000000,   0.0000000000,   0.0000000000,
                      -0.0000000000,  -1.0000000000,  305.17577e-09,
                       0.0000000000,  305.17577e-09,   1.0000000000
                  </Orientation>
                  <Position type="Vector">-4.7540512, -1.0326251, -0.47022295</Position>
               </HpWeapon06>
               <HpWeapon07>
                  <Axis type="Vector">0, 1, 0</Axis>
                  <Max type="float">0.78538001</Max>
                  <Min type="float">-0.7854</Min>
                  <Orientation type="Matrix">
                       0.4924231500,   0.8703559000,   0.0000000000,
                      -0.8703559000,   0.4924231500,   0.0000000000,
                       0.0000000000,  -0.0000000000,   1.0000000000
                  </Orientation>
                  <Position type="Vector">2.8210893, 1.3881506, -0.47022289</Position>
               </HpWeapon07>
               <HpWeapon08>
                  <Axis type="Vector">0, 1, 0</Axis>
                  <Max type="float">0.78538001</Max>
                  <Min type="float">-0.7854</Min>
                  <Orientation type="Matrix">
                       0.4924231500,  -0.8703559000,   0.0000000000,
                       0.8703559000,   0.4924231500,  531.22312e-09,
                     -462.35317e-09, -261.58656e-09,   1.0000000000
                  </Orientation>
                  <Position type="Vector">-2.8256931, 1.3881506, -0.47022289</Position>
               </HpWeapon08>
               <HpWeapon09>
                  <Axis type="Vector">0, 1, 0</Axis>
                  <Max type="float">0.78538001</Max>
                  <Min type="float">-0.7854</Min>
                  <Orientation type="Matrix">
                      -0.4924231500,   0.8703559000,   0.0000000000,
                      -0.8703559000,  -0.4924231500,   0.0000000000,
                       0.0000000000,   0.0000000000,   1.0000000000
                  </Orientation>
                  <Position type="Vector">2.8210893, -2.1757059, -0.47022298</Position>
               </HpWeapon09>
               <HpWeapon10>
                  <Axis type="Vector">0, 1, 0</Axis>
                  <Max type="float">0.78538001</Max>
                  <Min type="float">-0.7854</Min>
                  <Orientation type="Matrix">
                      -0.4924231500,  -0.8703559000,   0.0000000000,
                       0.8703559000,  -0.4924231500,  531.22312e-09,
                     -462.35317e-09,  261.58656e-09,   1.0000000000
                  </Orientation>
                  <Position type="Vector">-2.8222225, -2.1757059, -0.47022295</Position>
               </HpWeapon10>
            </Revolute>
         </Hardpoints>
         <MultiLevel>
            <Level0>
               <VMeshPart>
                  <VMeshRef type="VMeshRef">
                     <!-- header size  --> 60,
                     <!-- vmesh lib    --> crusader01.lod0.vms,
                     <!-- start vert   --> 0,
                     <!-- num verts    --> 0,
                     <!-- start index  --> 0,
                     <!-- num indices  --> 0,
                     <!-- start mesh   --> 0,
                     <!-- num meshes   --> 8,
                     <!-- bounding box --> 0, 0, 0,
                                           0, 0, 0,
                     <!-- center       --> 0, 0, 0,
                     <!-- radius       --> 17.101351
                  </VMeshRef>
               </VMeshPart>
            </Level0>
         </MultiLevel>
      </crusader01.3db>
   </UTF_ROOT>
</UTFXML>
