<?xml version="1.0" encoding="ISO-8859-1"?>
<!-- XML generated by UTFXML Version 2.2 built 19-Aug-2010 -->
<UTFXML filename="starsphere_hi02_stars.cmp" path="SOLAR\STARSPHERE">
   <UTF_ROOT>
      <VMeshLibrary>
         <data.solar.starsphere.starsphere_hi02_stars.lod0-102.vms include="starsphere_hi02_stars_cmp\lod0-102.vms.xml"/>
      </VMeshLibrary>
      <Exporter_Version name="Exporter Version" type="text">Jun 10 2002 16:27:11</Exporter_Version>
      <Cmpnd>
         <Root>
            <Object_name name="Object name" type="text">Root</Object_name>
            <File_name name="File name" type="text">starsphere020721143330.3db</File_name>
            <Index type="int">0</Index>
         </Root>
         <Part_Object28>
            <Object_name name="Object name" type="text">Object28</Object_name>
            <File_name name="File name" type="text">Object28020721143330.3db</File_name>
            <Index type="int">1</Index>
         </Part_Object28>
         <Part_Object31>
            <Object_name name="Object name" type="text">Object31</Object_name>
            <File_name name="File name" type="text">Object31020721143330.3db</File_name>
            <Index type="int">2</Index>
         </Part_Object31>
         <Part_Object07>
            <Object_name name="Object name" type="text">Object07</Object_name>
            <File_name name="File name" type="text">Object07020721143330.3db</File_name>
            <Index type="int">3</Index>
         </Part_Object07>
         <Part_Object01>
            <Object_name name="Object name" type="text">Object01</Object_name>
            <File_name name="File name" type="text">Object01020721143330.3db</File_name>
            <Index type="int">4</Index>
         </Part_Object01>
         <Part_Object10>
            <Object_name name="Object name" type="text">Object10</Object_name>
            <File_name name="File name" type="text">Object10020721143330.3db</File_name>
            <Index type="int">5</Index>
         </Part_Object10>
         <Part_Object18>
            <Object_name name="Object name" type="text">Object18</Object_name>
            <File_name name="File name" type="text">Object18020721143330.3db</File_name>
            <Index type="int">6</Index>
         </Part_Object18>
         <Part_Object16>
            <Object_name name="Object name" type="text">Object16</Object_name>
            <File_name name="File name" type="text">Object16020721143330.3db</File_name>
            <Index type="int">7</Index>
         </Part_Object16>
         <Part_Object15>
            <Object_name name="Object name" type="text">Object15</Object_name>
            <File_name name="File name" type="text">Object15020721143330.3db</File_name>
            <Index type="int">8</Index>
         </Part_Object15>
         <Part_Object17>
            <Object_name name="Object name" type="text">Object17</Object_name>
            <File_name name="File name" type="text">Object17020721143330.3db</File_name>
            <Index type="int">9</Index>
         </Part_Object17>
         <Part_Object19>
            <Object_name name="Object name" type="text">Object19</Object_name>
            <File_name name="File name" type="text">Object19020721143330.3db</File_name>
            <Index type="int">10</Index>
         </Part_Object19>
         <Part_Object29>
            <Object_name name="Object name" type="text">Object29</Object_name>
            <File_name name="File name" type="text">Object29020721143330.3db</File_name>
            <Index type="int">11</Index>
         </Part_Object29>
         <Part_Object04>
            <Object_name name="Object name" type="text">Object04</Object_name>
            <File_name name="File name" type="text">Object04020721143330.3db</File_name>
            <Index type="int">12</Index>
         </Part_Object04>
         <Part_Object03>
            <Object_name name="Object name" type="text">Object03</Object_name>
            <File_name name="File name" type="text">Object03020721143330.3db</File_name>
            <Index type="int">13</Index>
         </Part_Object03>
         <Part_Object30>
            <Object_name name="Object name" type="text">Object30</Object_name>
            <File_name name="File name" type="text">Object30020721143330.3db</File_name>
            <Index type="int">14</Index>
         </Part_Object30>
         <Part_Object27>
            <Object_name name="Object name" type="text">Object27</Object_name>
            <File_name name="File name" type="text">Object27020721143330.3db</File_name>
            <Index type="int">15</Index>
         </Part_Object27>
         <Part_Object05>
            <Object_name name="Object name" type="text">Object05</Object_name>
            <File_name name="File name" type="text">Object05020721143330.3db</File_name>
            <Index type="int">16</Index>
         </Part_Object05>
         <Part_Object06>
            <Object_name name="Object name" type="text">Object06</Object_name>
            <File_name name="File name" type="text">Object06020721143330.3db</File_name>
            <Index type="int">17</Index>
         </Part_Object06>
         <Part_Object26>
            <Object_name name="Object name" type="text">Object26</Object_name>
            <File_name name="File name" type="text">Object26020721143330.3db</File_name>
            <Index type="int">18</Index>
         </Part_Object26>
         <Part_Object22>
            <Object_name name="Object name" type="text">Object22</Object_name>
            <File_name name="File name" type="text">Object22020721143330.3db</File_name>
            <Index type="int">19</Index>
         </Part_Object22>
         <Part_Object11>
            <Object_name name="Object name" type="text">Object11</Object_name>
            <File_name name="File name" type="text">Object11020721143330.3db</File_name>
            <Index type="int">20</Index>
         </Part_Object11>
         <Part_Object13>
            <Object_name name="Object name" type="text">Object13</Object_name>
            <File_name name="File name" type="text">Object13020721143330.3db</File_name>
            <Index type="int">21</Index>
         </Part_Object13>
         <Part_Object12>
            <Object_name name="Object name" type="text">Object12</Object_name>
            <File_name name="File name" type="text">Object12020721143330.3db</File_name>
            <Index type="int">22</Index>
         </Part_Object12>
         <Part_Object20>
            <Object_name name="Object name" type="text">Object20</Object_name>
            <File_name name="File name" type="text">Object20020721143330.3db</File_name>
            <Index type="int">23</Index>
         </Part_Object20>
         <Part_Object23>
            <Object_name name="Object name" type="text">Object23</Object_name>
            <File_name name="File name" type="text">Object23020721143330.3db</File_name>
            <Index type="int">24</Index>
         </Part_Object23>
         <Part_Object14>
            <Object_name name="Object name" type="text">Object14</Object_name>
            <File_name name="File name" type="text">Object14020721143330.3db</File_name>
            <Index type="int">25</Index>
         </Part_Object14>
         <Cons>
            <Fix type="Fix" count="25">
               <part>
                  <!-- parent      --> "Root",
                  <!-- child       --> "Object28",
                  <!-- position    --> 1.2783306, 53.056858e-9, -0.89014626,
                  <!-- orientation -->  -0.7071067700, -541.81055e-09,   0.7071068300,
                                       -202.32503e-09,   1.0000000000,  563.91076e-09,
                                        -0.7071068300,  255.67971e-09,  -0.7071067700
               </part>
               <part>
                  <!-- parent      --> "Root",
                  <!-- child       --> "Object31",
                  <!-- position    --> 1.2783306, 53.056858e-9, -0.89014626,
                  <!-- orientation -->  -0.7071067700, -541.81055e-09,   0.7071068300,
                                       -202.32503e-09,   1.0000000000,  563.91076e-09,
                                        -0.7071068300,  255.67971e-09,  -0.7071067700
               </part>
               <part>
                  <!-- parent      --> "Root",
                  <!-- child       --> "Object07",
                  <!-- position    --> 1.2783306, 53.056858e-9, -0.89014626,
                  <!-- orientation -->  -0.7071067700, -541.81055e-09,   0.7071068300,
                                       -202.32503e-09,   1.0000000000,  563.91076e-09,
                                        -0.7071068300,  255.67971e-09,  -0.7071067700
               </part>
               <part>
                  <!-- parent      --> "Root",
                  <!-- child       --> "Object01",
                  <!-- position    --> 1.2783306, 53.056858e-9, -0.89014626,
                  <!-- orientation -->  -0.7071067700, -541.81055e-09,   0.7071068300,
                                       -202.32503e-09,   1.0000000000,  563.91076e-09,
                                        -0.7071068300,  255.67971e-09,  -0.7071067700
               </part>
               <part>
                  <!-- parent      --> "Root",
                  <!-- child       --> "Object10",
                  <!-- position    --> 1.2783306, 53.056858e-9, -0.89014626,
                  <!-- orientation -->  -0.7071067700, -541.81055e-09,   0.7071068300,
                                       -202.32503e-09,   1.0000000000,  563.91076e-09,
                                        -0.7071068300,  255.67971e-09,  -0.7071067700
               </part>
               <part>
                  <!-- parent      --> "Root",
                  <!-- child       --> "Object18",
                  <!-- position    --> 1.2783306, 53.056858e-9, -0.89014626,
                  <!-- orientation -->  -0.7071067700, -541.81055e-09,   0.7071068300,
                                       -202.32503e-09,   1.0000000000,  563.91076e-09,
                                        -0.7071068300,  255.67971e-09,  -0.7071067700
               </part>
               <part>
                  <!-- parent      --> "Root",
                  <!-- child       --> "Object16",
                  <!-- position    --> 1.2783306, 53.056858e-9, -0.89014626,
                  <!-- orientation -->  -0.7071067700, -541.81055e-09,   0.7071068300,
                                       -202.32503e-09,   1.0000000000,  563.91076e-09,
                                        -0.7071068300,  255.67971e-09,  -0.7071067700
               </part>
               <part>
                  <!-- parent      --> "Root",
                  <!-- child       --> "Object15",
                  <!-- position    --> 1.2783306, 53.056858e-9, -0.89014626,
                  <!-- orientation -->  -0.7071067700, -541.81055e-09,   0.7071068300,
                                       -202.32503e-09,   1.0000000000,  563.91076e-09,
                                        -0.7071068300,  255.67971e-09,  -0.7071067700
               </part>
               <part>
                  <!-- parent      --> "Root",
                  <!-- child       --> "Object17",
                  <!-- position    --> 1.2783306, 53.056858e-9, -0.89014626,
                  <!-- orientation -->  -0.7071067700, -541.81055e-09,   0.7071068300,
                                       -202.32503e-09,   1.0000000000,  563.91076e-09,
                                        -0.7071068300,  255.67971e-09,  -0.7071067700
               </part>
               <part>
                  <!-- parent      --> "Root",
                  <!-- child       --> "Object19",
                  <!-- position    --> 1.2783306, 53.056858e-9, -0.89014626,
                  <!-- orientation -->  -0.7071067700, -541.81055e-09,   0.7071068300,
                                       -202.32503e-09,   1.0000000000,  563.91076e-09,
                                        -0.7071068300,  255.67971e-09,  -0.7071067700
               </part>
               <part>
                  <!-- parent      --> "Root",
                  <!-- child       --> "Object29",
                  <!-- position    --> 1.2783306, 53.056858e-9, -0.89014626,
                  <!-- orientation -->  -0.7071067700, -541.81055e-09,   0.7071068300,
                                       -202.32503e-09,   1.0000000000,  563.91076e-09,
                                        -0.7071068300,  255.67971e-09,  -0.7071067700
               </part>
               <part>
                  <!-- parent      --> "Root",
                  <!-- child       --> "Object04",
                  <!-- position    --> 1.2783306, 53.056858e-9, -0.89014626,
                  <!-- orientation -->  -0.7071067700, -541.81055e-09,   0.7071068300,
                                       -202.32503e-09,   1.0000000000,  563.91076e-09,
                                        -0.7071068300,  255.67971e-09,  -0.7071067700
               </part>
               <part>
                  <!-- parent      --> "Root",
                  <!-- child       --> "Object03",
                  <!-- position    --> 1.2783306, 53.056858e-9, -0.89014626,
                  <!-- orientation -->  -0.7071067700, -541.81055e-09,   0.7071068300,
                                       -202.32503e-09,   1.0000000000,  563.91076e-09,
                                        -0.7071068300,  255.67971e-09,  -0.7071067700
               </part>
               <part>
                  <!-- parent      --> "Root",
                  <!-- child       --> "Object30",
                  <!-- position    --> 1.2783306, 53.056858e-9, -0.89014626,
                  <!-- orientation -->  -0.7071067700, -541.81055e-09,   0.7071068300,
                                       -202.32503e-09,   1.0000000000,  563.91076e-09,
                                        -0.7071068300,  255.67971e-09,  -0.7071067700
               </part>
               <part>
                  <!-- parent      --> "Root",
                  <!-- child       --> "Object27",
                  <!-- position    --> 1.2783306, 53.056858e-9, -0.89014626,
                  <!-- orientation -->  -0.7071067700, -541.81055e-09,   0.7071068300,
                                       -202.32503e-09,   1.0000000000,  563.91076e-09,
                                        -0.7071068300,  255.67971e-09,  -0.7071067700
               </part>
               <part>
                  <!-- parent      --> "Root",
                  <!-- child       --> "Object05",
                  <!-- position    --> 1.2783306, 53.056858e-9, -0.89014626,
                  <!-- orientation -->  -0.7071067700, -541.81055e-09,   0.7071068300,
                                       -202.32503e-09,   1.0000000000,  563.91076e-09,
                                        -0.7071068300,  255.67971e-09,  -0.7071067700
               </part>
               <part>
                  <!-- parent      --> "Root",
                  <!-- child       --> "Object06",
                  <!-- position    --> 1.2783306, 53.056858e-9, -0.89014626,
                  <!-- orientation -->  -0.7071067700, -541.81055e-09,   0.7071068300,
                                       -202.32503e-09,   1.0000000000,  563.91076e-09,
                                        -0.7071068300,  255.67971e-09,  -0.7071067700
               </part>
               <part>
                  <!-- parent      --> "Root",
                  <!-- child       --> "Object26",
                  <!-- position    --> 1.2783306, 53.056858e-9, -0.89014626,
                  <!-- orientation -->  -0.7071067700, -541.81055e-09,   0.7071068300,
                                       -202.32503e-09,   1.0000000000,  563.91076e-09,
                                        -0.7071068300,  255.67971e-09,  -0.7071067700
               </part>
               <part>
                  <!-- parent      --> "Root",
                  <!-- child       --> "Object22",
                  <!-- position    --> 1.2783306, 53.056858e-9, -0.89014626,
                  <!-- orientation -->  -0.7071067700, -541.81055e-09,   0.7071068300,
                                       -202.32503e-09,   1.0000000000,  563.91076e-09,
                                        -0.7071068300,  255.67971e-09,  -0.7071067700
               </part>
               <part>
                  <!-- parent      --> "Root",
                  <!-- child       --> "Object11",
                  <!-- position    --> 1.2783306, 53.056858e-9, -0.89014626,
                  <!-- orientation -->  -0.7071067700, -541.81055e-09,   0.7071068300,
                                       -202.32503e-09,   1.0000000000,  563.91076e-09,
                                        -0.7071068300,  255.67971e-09,  -0.7071067700
               </part>
               <part>
                  <!-- parent      --> "Root",
                  <!-- child       --> "Object13",
                  <!-- position    --> 1.2783306, 53.056858e-9, -0.89014626,
                  <!-- orientation -->  -0.7071067700, -541.81055e-09,   0.7071068300,
                                       -202.32503e-09,   1.0000000000,  563.91076e-09,
                                        -0.7071068300,  255.67971e-09,  -0.7071067700
               </part>
               <part>
                  <!-- parent      --> "Root",
                  <!-- child       --> "Object12",
                  <!-- position    --> 1.2783306, 53.056858e-9, -0.89014626,
                  <!-- orientation -->  -0.7071067700, -541.81055e-09,   0.7071068300,
                                       -202.32503e-09,   1.0000000000,  563.91076e-09,
                                        -0.7071068300,  255.67971e-09,  -0.7071067700
               </part>
               <part>
                  <!-- parent      --> "Root",
                  <!-- child       --> "Object20",
                  <!-- position    --> 1.2783306, 53.056858e-9, -0.89014626,
                  <!-- orientation -->  -0.7071067700, -541.81055e-09,   0.7071068300,
                                       -202.32503e-09,   1.0000000000,  563.91076e-09,
                                        -0.7071068300,  255.67971e-09,  -0.7071067700
               </part>
               <part>
                  <!-- parent      --> "Root",
                  <!-- child       --> "Object23",
                  <!-- position    --> 1.2783306, 53.056858e-9, -0.89014626,
                  <!-- orientation -->  -0.7071067700, -541.81055e-09,   0.7071068300,
                                       -202.32503e-09,   1.0000000000,  563.91076e-09,
                                        -0.7071068300,  255.67971e-09,  -0.7071067700
               </part>
               <part>
                  <!-- parent      --> "Root",
                  <!-- child       --> "Object14",
                  <!-- position    --> 1.2783306, 53.056858e-9, -0.89014626,
                  <!-- orientation -->  -0.7071067700, -541.81055e-09,   0.7071068300,
                                       -202.32503e-09,   1.0000000000,  563.91076e-09,
                                        -0.7071068300,  255.67971e-09,  -0.7071067700
               </part>
            </Fix>
         </Cons>
      </Cmpnd>
      <Material_library name="Material library">
         <Material_count name="Material count" type="int">2</Material_count>
         <stars.tga>
            <Type type="text">DcDtEc</Type>
            <Dt_name type="text">stars.tga</Dt_name>
            <Dt_flags type="int">0x40</Dt_flags>
            <Ec type="RGB">1, 1, 1</Ec>
         </stars.tga>
         <stars_large01.tga>
            <Type type="text">DcDtEc</Type>
            <Dt_name type="text">stars_large01.tga</Dt_name>
            <Dt_flags type="int">0x40</Dt_flags>
            <Ec type="RGB">1, 1, 1</Ec>
         </stars_large01.tga>
      </Material_library>
      <Texture_library name="Texture library">
         <stars_large01.tga>
            <MIPS type="file" filename="starsphere_hi02_stars_cmp\stars_large01.dds"/>
         </stars_large01.tga>
         <stars.tga>
            <MIPS type="file" filename="starsphere_hi02_stars_cmp\stars.dds"/>
         </stars.tga>
      </Texture_library>
      <starsphere020721143330.3db>
         <VMeshPart>
            <VMeshRef type="VMeshRef">
               <!-- header size  --> 60,
               <!-- vmesh lib    --> data.solar.starsphere.starsphere_hi02_stars.lod0-102.vms,
               <!-- start vert   --> 2094,
               <!-- num verts    --> 6,
               <!-- start index  --> 2094,
               <!-- num indices  --> 6,
               <!-- start mesh   --> 31,
               <!-- num meshes   --> 1,
               <!-- bounding box --> -55.548931, -41.451534, -65.070038,
                                     -58.532135, -43.810806, -70.740646,
               <!-- center       --> -57.024864, -42.627964, -67.921494,
               <!-- radius       --> 3.3340011
            </VMeshRef>
         </VMeshPart>
      </starsphere020721143330.3db>
      <Object28020721143330.3db>
         <VMeshPart>
            <VMeshRef type="VMeshRef">
               <!-- header size  --> 60,
               <!-- vmesh lib    --> data.solar.starsphere.starsphere_hi02_stars.lod0-102.vms,
               <!-- start vert   --> 2019,
               <!-- num verts    --> 69,
               <!-- start index  --> 2019,
               <!-- num indices  --> 69,
               <!-- start mesh   --> 29,
               <!-- num meshes   --> 1,
               <!-- bounding box --> 69.24234,  -69.106216,  -1.8970062,
                                     26.983973, -95.117653, -33.936977,
               <!-- center       --> 48.348824, -81.867966, -17.567837,
               <!-- radius       --> 26.420517
            </VMeshRef>
         </VMeshPart>
      </Object28020721143330.3db>
      <Object31020721143330.3db>
         <VMeshPart>
            <VMeshRef type="VMeshRef">
               <!-- header size  --> 60,
               <!-- vmesh lib    --> data.solar.starsphere.starsphere_hi02_stars.lod0-102.vms,
               <!-- start vert   --> 1644,
               <!-- num verts    --> 78,
               <!-- start index  --> 1644,
               <!-- num indices  --> 78,
               <!-- start mesh   --> 25,
               <!-- num meshes   --> 1,
               <!-- bounding box -->  -1.5363657, -74.799034, 62.891823,
                                     -44.776005,  -97.834908, 15.717826,
               <!-- center       --> -19.436056,  -86.289024, 39.783997,
               <!-- radius       --> 30.391041
            </VMeshRef>
         </VMeshPart>
      </Object31020721143330.3db>
      <Object07020721143330.3db>
         <VMeshPart>
            <VMeshRef type="VMeshRef">
               <!-- header size  --> 60,
               <!-- vmesh lib    --> data.solar.starsphere.starsphere_hi02_stars.lod0-102.vms,
               <!-- start vert   --> 2088,
               <!-- num verts    --> 6,
               <!-- start index  --> 2088,
               <!-- num indices  --> 6,
               <!-- start mesh   --> 30,
               <!-- num meshes   --> 1,
               <!-- bounding box --> 91.361145, -33.969505,  -8.6837549,
                                     83.61853,  -44.047806, -17.955757,
               <!-- center       --> 87.461365, -39.068466, -13.246572,
               <!-- radius       --> 7.7708755
            </VMeshRef>
         </VMeshPart>
      </Object07020721143330.3db>
      <Object01020721143330.3db>
         <VMeshPart>
            <VMeshRef type="VMeshRef">
               <!-- header size  --> 60,
               <!-- vmesh lib    --> data.solar.starsphere.starsphere_hi02_stars.lod0-102.vms,
               <!-- start vert   --> 60,
               <!-- num verts    --> 120,
               <!-- start index  --> 60,
               <!-- num indices  --> 120,
               <!-- start mesh   --> 2,
               <!-- num meshes   --> 1,
               <!-- bounding box --> 74.663002, -63.235973, 49.90583,
                                     26.983887, -95.657829,  0.78221381,
               <!-- center       --> 53.232742, -77.41909,  21.817394,
               <!-- radius       --> 34.540451
            </VMeshRef>
         </VMeshPart>
      </Object01020721143330.3db>
      <Object10020721143330.3db>
         <VMeshPart>
            <VMeshRef type="VMeshRef">
               <!-- header size  --> 60,
               <!-- vmesh lib    --> data.solar.starsphere.starsphere_hi02_stars.lod0-102.vms,
               <!-- start vert   --> 792,
               <!-- num verts    --> 108,
               <!-- start index  --> 792,
               <!-- num indices  --> 108,
               <!-- start mesh   --> 10,
               <!-- num meshes   --> 2,
               <!-- bounding box -->   0.39486483, -48.90926,  -15.717777,
                                     -40.565933,   -97.834923, -87.1185,
               <!-- center       --> -16.657904,   -72.868561, -52.212505,
               <!-- radius       --> 45.752563
            </VMeshRef>
         </VMeshPart>
      </Object10020721143330.3db>
      <Object18020721143330.3db>
         <VMeshPart>
            <VMeshRef type="VMeshRef">
               <!-- header size  --> 60,
               <!-- vmesh lib    --> data.solar.starsphere.starsphere_hi02_stars.lod0-102.vms,
               <!-- start vert   --> 411,
               <!-- num verts    --> 69,
               <!-- start index  --> 411,
               <!-- num indices  --> 69,
               <!-- start mesh   --> 5,
               <!-- num meshes   --> 1,
               <!-- bounding box --> -26.983931, -67.649437,  -1.8970057,
                                     -65.372154, -95.117668, -49.905754,
               <!-- center       --> -46.502289, -80.750465, -25.906752,
               <!-- radius       --> 29.299786
            </VMeshRef>
         </VMeshPart>
      </Object18020721143330.3db>
      <Object16020721143330.3db>
         <VMeshPart>
            <VMeshRef type="VMeshRef">
               <!-- header size  --> 60,
               <!-- vmesh lib    --> data.solar.starsphere.starsphere_hi02_stars.lod0-102.vms,
               <!-- start vert   --> 1032,
               <!-- num verts    --> 102,
               <!-- start index  --> 1032,
               <!-- num indices  --> 102,
               <!-- start mesh   --> 17,
               <!-- num meshes   --> 1,
               <!-- bounding box -->  -9.111598,  -76.227058, 39.167343,
                                     -61.094322, -101.21024,   0.30787009,
               <!-- center       --> -34.605701,  -88.964546, 16.850586,
               <!-- radius       --> 32.765347
            </VMeshRef>
         </VMeshPart>
      </Object16020721143330.3db>
      <Object15020721143330.3db>
         <VMeshPart>
            <VMeshRef type="VMeshRef">
               <!-- header size  --> 60,
               <!-- vmesh lib    --> data.solar.starsphere.starsphere_hi02_stars.lod0-102.vms,
               <!-- start vert   --> 708,
               <!-- num verts    --> 84,
               <!-- start index  --> 708,
               <!-- num indices  --> 84,
               <!-- start mesh   --> 9,
               <!-- num meshes   --> 1,
               <!-- bounding box --> 39.890648,  -65.403389, -15.717781,
                                      1.5363719, -97.834915, -73.630394,
               <!-- center       --> 17.542545,  -81.155586, -45.532856,
               <!-- radius       --> 36.425606
            </VMeshRef>
         </VMeshPart>
      </Object15020721143330.3db>
      <Object17020721143330.3db>
         <VMeshPart>
            <VMeshRef type="VMeshRef">
               <!-- header size  --> 60,
               <!-- vmesh lib    --> data.solar.starsphere.starsphere_hi02_stars.lod0-102.vms,
               <!-- start vert   --> 327,
               <!-- num verts    --> 84,
               <!-- start index  --> 327,
               <!-- num indices  --> 84,
               <!-- start mesh   --> 4,
               <!-- num meshes   --> 1,
               <!-- bounding box --> 40.565929,   -65.975006, 68.246078,
                                      1.5363668, -101.45245,   1.2088984,
               <!-- center       --> 19.830597,   -84.166313, 34.225414,
               <!-- radius       --> 39.97303
            </VMeshRef>
         </VMeshPart>
      </Object17020721143330.3db>
      <Object19020721143330.3db>
         <VMeshPart>
            <VMeshRef type="VMeshRef">
               <!-- header size  --> 60,
               <!-- vmesh lib    --> data.solar.starsphere.starsphere_hi02_stars.lod0-102.vms,
               <!-- start vert   --> 1287,
               <!-- num verts    --> 117,
               <!-- start index  --> 1287,
               <!-- num indices  --> 117,
               <!-- start mesh   --> 20,
               <!-- num meshes   --> 1,
               <!-- bounding box --> 73.407089, 95.117668, 52.217976,
                                     25.75692,  50.040752,  2.1195621,
               <!-- center       --> 52.176189, 72.325531, 24.281624,
               <!-- radius       --> 36.858307
            </VMeshRef>
         </VMeshPart>
      </Object19020721143330.3db>
      <Object29020721143330.3db>
         <VMeshPart>
            <VMeshRef type="VMeshRef">
               <!-- header size  --> 60,
               <!-- vmesh lib    --> data.solar.starsphere.starsphere_hi02_stars.lod0-102.vms,
               <!-- start vert   --> 990,
               <!-- num verts    --> 36,
               <!-- start index  --> 990,
               <!-- num indices  --> 36,
               <!-- start mesh   --> 14,
               <!-- num meshes   --> 2,
               <!-- bounding box --> 65.940216, 48.423939, 80.247131,
                                     29.023109, 26.653761, 63.409096,
               <!-- center       --> 47.452179, 37.323006, 72.044846,
               <!-- radius       --> 20.438597
            </VMeshRef>
         </VMeshPart>
      </Object29020721143330.3db>
      <Object04020721143330.3db>
         <VMeshPart>
            <VMeshRef type="VMeshRef">
               <!-- header size  --> 60,
               <!-- vmesh lib    --> data.solar.starsphere.starsphere_hi02_stars.lod0-102.vms,
               <!-- start vert   --> 0,
               <!-- num verts    --> 60,
               <!-- start index  --> 0,
               <!-- num indices  --> 60,
               <!-- start mesh   --> 0,
               <!-- num meshes   --> 2,
               <!-- bounding box --> 67.094093,  47.153076, -67.345688,
                                      2.6677701, 30.956146, -94.533157,
               <!-- center       --> 35.332695,  38.640759, -80.74485,
               <!-- radius       --> 35.351879
            </VMeshRef>
         </VMeshPart>
      </Object04020721143330.3db>
      <Object03020721143330.3db>
         <VMeshPart>
            <VMeshRef type="VMeshRef">
               <!-- header size  --> 60,
               <!-- vmesh lib    --> data.solar.starsphere.starsphere_hi02_stars.lod0-102.vms,
               <!-- start vert   --> 900,
               <!-- num verts    --> 87,
               <!-- start index  --> 900,
               <!-- num indices  --> 87,
               <!-- start mesh   --> 12,
               <!-- num meshes   --> 1,
               <!-- bounding box --> 95.403763, 47.153156,  -3.0870848,
                                     67.345688, 26.163179, -67.094086,
               <!-- center       --> 80.779816, 36.475468, -36.209034,
               <!-- radius       --> 34.141209
            </VMeshRef>
         </VMeshPart>
      </Object03020721143330.3db>
      <Object30020721143330.3db>
         <VMeshPart>
            <VMeshRef type="VMeshRef">
               <!-- header size  --> 60,
               <!-- vmesh lib    --> data.solar.starsphere.starsphere_hi02_stars.lod0-102.vms,
               <!-- start vert   --> 702,
               <!-- num verts    --> 6,
               <!-- start index  --> 702,
               <!-- num indices  --> 6,
               <!-- start mesh   --> 8,
               <!-- num meshes   --> 1,
               <!-- bounding box --> -75.719284, 45.156357, -29.023081,
                                     -80.247238, 40.190685, -32.226864,
               <!-- center       --> -77.97715,  42.698055, -30.608057,
               <!-- radius       --> 3.6376541
            </VMeshRef>
         </VMeshPart>
      </Object30020721143330.3db>
      <Object27020721143330.3db>
         <VMeshPart>
            <VMeshRef type="VMeshRef">
               <!-- header size  --> 60,
               <!-- vmesh lib    --> data.solar.starsphere.starsphere_hi02_stars.lod0-102.vms,
               <!-- start vert   --> 1521,
               <!-- num verts    --> 9,
               <!-- start index  --> 1521,
               <!-- num indices  --> 9,
               <!-- start mesh   --> 22,
               <!-- num meshes   --> 1,
               <!-- bounding box -->  -2.6282163, 45.156315,  -75.719193,
                                     -32.226898,   6.5039845, -97.92321,
               <!-- center       --> -17.460323,  25.757519,  -86.853561,
               <!-- radius       --> 26.706352
            </VMeshRef>
         </VMeshPart>
      </Object27020721143330.3db>
      <Object05020721143330.3db>
         <VMeshPart>
            <VMeshRef type="VMeshRef">
               <!-- header size  --> 60,
               <!-- vmesh lib    --> data.solar.starsphere.starsphere_hi02_stars.lod0-102.vms,
               <!-- start vert   --> 1026,
               <!-- num verts    --> 6,
               <!-- start index  --> 1026,
               <!-- num indices  --> 6,
               <!-- start mesh   --> 16,
               <!-- num meshes   --> 1,
               <!-- bounding box --> -16.50843,  47.153111, 85.637962,
                                     -24.455963, 45.197399, 85.151245,
               <!-- center       --> -20.457836, 46.183628, 85.393448,
               <!-- radius       --> 4.064096
            </VMeshRef>
         </VMeshPart>
      </Object05020721143330.3db>
      <Object06020721143330.3db>
         <VMeshPart>
            <VMeshRef type="VMeshRef">
               <!-- header size  --> 60,
               <!-- vmesh lib    --> data.solar.starsphere.starsphere_hi02_stars.lod0-102.vms,
               <!-- start vert   --> 987,
               <!-- num verts    --> 3,
               <!-- start index  --> 987,
               <!-- num indices  --> 3,
               <!-- start mesh   --> 13,
               <!-- num meshes   --> 1,
               <!-- bounding box --> -85.151306, 45.526131, 24.45599,
                                     -85.43692,  45.197433, 23.997335,
               <!-- center       --> -85.278496, 45.386089, 24.24037,
               <!-- radius       --> 0.28185785
            </VMeshRef>
         </VMeshPart>
      </Object06020721143330.3db>
      <Object26020721143330.3db>
         <VMeshPart>
            <VMeshRef type="VMeshRef">
               <!-- header size  --> 60,
               <!-- vmesh lib    --> data.solar.starsphere.starsphere_hi02_stars.lod0-102.vms,
               <!-- start vert   --> 591,
               <!-- num verts    --> 111,
               <!-- start index  --> 591,
               <!-- num indices  --> 111,
               <!-- start mesh   --> 7,
               <!-- num meshes   --> 1,
               <!-- bounding box --> 94.133018, 48.423992, 59.810436,
                                     64.179962, 13.767209,  0.88184422,
               <!-- center       --> 78.872314, 31.717131, 30.950449,
               <!-- radius       --> 34.393631
            </VMeshRef>
         </VMeshPart>
      </Object26020721143330.3db>
      <Object22020721143330.3db>
         <VMeshPart>
            <VMeshRef type="VMeshRef">
               <!-- header size  --> 60,
               <!-- vmesh lib    --> data.solar.starsphere.starsphere_hi02_stars.lod0-102.vms,
               <!-- start vert   --> 1530,
               <!-- num verts    --> 114,
               <!-- start index  --> 1530,
               <!-- num indices  --> 114,
               <!-- start mesh   --> 23,
               <!-- num meshes   --> 2,
               <!-- bounding box --> 52.218086,  98.491264, 73.877831,
                                      2.1196287, 50.040695,  3.1388378,
               <!-- center       --> 25.203648,  74.397003, 40.256138,
               <!-- radius       --> 45.423771
            </VMeshRef>
         </VMeshPart>
      </Object22020721143330.3db>
      <Object11020721143330.3db>
         <VMeshPart>
            <VMeshRef type="VMeshRef">
               <!-- header size  --> 60,
               <!-- vmesh lib    --> data.solar.starsphere.starsphere_hi02_stars.lod0-102.vms,
               <!-- start vert   --> 1722,
               <!-- num verts    --> 150,
               <!-- start index  --> 1722,
               <!-- num indices  --> 150,
               <!-- start mesh   --> 26,
               <!-- num meshes   --> 2,
               <!-- bounding box --> 81.548706, 97.834923,  -7.1221004,
                                     14.55689,  48.909245, -60.515137,
               <!-- center       --> 47.406719, 73.528419, -30.841425,
               <!-- radius       --> 46.970833
            </VMeshRef>
         </VMeshPart>
      </Object11020721143330.3db>
      <Object13020721143330.3db>
         <VMeshPart>
            <VMeshRef type="VMeshRef">
               <!-- header size  --> 60,
               <!-- vmesh lib    --> data.solar.starsphere.starsphere_hi02_stars.lod0-102.vms,
               <!-- start vert   --> 1134,
               <!-- num verts    --> 153,
               <!-- start index  --> 1134,
               <!-- num indices  --> 153,
               <!-- start mesh   --> 18,
               <!-- num meshes   --> 2,
               <!-- bounding box -->   0.96997237, 97.8349,   81.548698,
                                     -60.515175,   48.909225,  8.732173,
               <!-- center       --> -27.362701,   74.340309, 43.186577,
               <!-- radius       --> 49.362732
            </VMeshRef>
         </VMeshPart>
      </Object13020721143330.3db>
      <Object12020721143330.3db>
         <VMeshPart>
            <VMeshRef type="VMeshRef">
               <!-- header size  --> 60,
               <!-- vmesh lib    --> data.solar.starsphere.starsphere_hi02_stars.lod0-102.vms,
               <!-- start vert   --> 180,
               <!-- num verts    --> 147,
               <!-- start index  --> 180,
               <!-- num indices  --> 147,
               <!-- start mesh   --> 3,
               <!-- num meshes   --> 1,
               <!-- bounding box --> 60.515152,  97.8349,   -14.556949,
                                      7.1220555, 48.909218, -81.548706,
               <!-- center       --> 30.762014,  73.528175, -47.432079,
               <!-- radius       --> 46.949501
            </VMeshRef>
         </VMeshPart>
      </Object12020721143330.3db>
      <Object20020721143330.3db>
         <VMeshPart>
            <VMeshRef type="VMeshRef">
               <!-- header size  --> 60,
               <!-- vmesh lib    --> data.solar.starsphere.starsphere_hi02_stars.lod0-102.vms,
               <!-- start vert   --> 1404,
               <!-- num verts    --> 117,
               <!-- start index  --> 1404,
               <!-- num indices  --> 117,
               <!-- start mesh   --> 21,
               <!-- num meshes   --> 1,
               <!-- bounding box -->   1.0975834, 101.89234,  -11.402909,
                                     -52.218094,   51.929623, -73.370407,
               <!-- center       --> -20.933479,   78.177246, -43.22813,
               <!-- radius       --> 40.950474
            </VMeshRef>
         </VMeshPart>
      </Object20020721143330.3db>
