<?xml version="1.0" encoding="ISO-8859-1"?>
<!-- XML generated by UTFXML Version 2.2 built 19-Aug-2010 -->
<UTFXML filename="starsphere_rh04_stars.cmp" path="SOLAR\STARSPHERE">
   <UTF_ROOT>
      <VMeshLibrary>
         <data.solar.starsphere.starsphere_rh04_stars.lod0-102.vms include="starsphere_rh04_stars_cmp\lod0-102.vms.xml"/>
      </VMeshLibrary>
      <Exporter_Version name="Exporter Version" type="text">Jun 10 2002 16:27:11</Exporter_Version>
      <Cmpnd>
         <Root>
            <Object_name name="Object name" type="text">Root</Object_name>
            <File_name name="File name" type="text">starsphere020721151657.3db</File_name>
            <Index type="int">0</Index>
         </Root>
         <Part_Object28>
            <Object_name name="Object name" type="text">Object28</Object_name>
            <File_name name="File name" type="text">Object28020721151657.3db</File_name>
            <Index type="int">1</Index>
         </Part_Object28>
         <Part_Object09>
            <Object_name name="Object name" type="text">Object09</Object_name>
            <File_name name="File name" type="text">Object09020721151657.3db</File_name>
            <Index type="int">2</Index>
         </Part_Object09>
         <Part_Object31>
            <Object_name name="Object name" type="text">Object31</Object_name>
            <File_name name="File name" type="text">Object31020721151657.3db</File_name>
            <Index type="int">3</Index>
         </Part_Object31>
         <Part_Object07>
            <Object_name name="Object name" type="text">Object07</Object_name>
            <File_name name="File name" type="text">Object07020721151657.3db</File_name>
            <Index type="int">4</Index>
         </Part_Object07>
         <Part_Object01>
            <Object_name name="Object name" type="text">Object01</Object_name>
            <File_name name="File name" type="text">Object01020721151657.3db</File_name>
            <Index type="int">5</Index>
         </Part_Object01>
         <Part_Object21>
            <Object_name name="Object name" type="text">Object21</Object_name>
            <File_name name="File name" type="text">Object21020721151657.3db</File_name>
            <Index type="int">6</Index>
         </Part_Object21>
         <Part_Object10>
            <Object_name name="Object name" type="text">Object10</Object_name>
            <File_name name="File name" type="text">Object10020721151657.3db</File_name>
            <Index type="int">7</Index>
         </Part_Object10>
         <Part_Object18>
            <Object_name name="Object name" type="text">Object18</Object_name>
            <File_name name="File name" type="text">Object18020721151657.3db</File_name>
            <Index type="int">8</Index>
         </Part_Object18>
         <Part_Object16>
            <Object_name name="Object name" type="text">Object16</Object_name>
            <File_name name="File name" type="text">Object16020721151657.3db</File_name>
            <Index type="int">9</Index>
         </Part_Object16>
         <Part_Object15>
            <Object_name name="Object name" type="text">Object15</Object_name>
            <File_name name="File name" type="text">Object15020721151657.3db</File_name>
            <Index type="int">10</Index>
         </Part_Object15>
         <Part_Object17>
            <Object_name name="Object name" type="text">Object17</Object_name>
            <File_name name="File name" type="text">Object17020721151657.3db</File_name>
            <Index type="int">11</Index>
         </Part_Object17>
         <Part_Object19>
            <Object_name name="Object name" type="text">Object19</Object_name>
            <File_name name="File name" type="text">Object19020721151657.3db</File_name>
            <Index type="int">12</Index>
         </Part_Object19>
         <Part_Object29>
            <Object_name name="Object name" type="text">Object29</Object_name>
            <File_name name="File name" type="text">Object29020721151657.3db</File_name>
            <Index type="int">13</Index>
         </Part_Object29>
         <Part_Object04>
            <Object_name name="Object name" type="text">Object04</Object_name>
            <File_name name="File name" type="text">Object04020721151657.3db</File_name>
            <Index type="int">14</Index>
         </Part_Object04>
         <Part_Object03>
            <Object_name name="Object name" type="text">Object03</Object_name>
            <File_name name="File name" type="text">Object03020721151657.3db</File_name>
            <Index type="int">15</Index>
         </Part_Object03>
         <Part_Object26>
            <Object_name name="Object name" type="text">Object26</Object_name>
            <File_name name="File name" type="text">Object26020721151657.3db</File_name>
            <Index type="int">16</Index>
         </Part_Object26>
         <Part_Object22>
            <Object_name name="Object name" type="text">Object22</Object_name>
            <File_name name="File name" type="text">Object22020721151657.3db</File_name>
            <Index type="int">17</Index>
         </Part_Object22>
         <Part_Object11>
            <Object_name name="Object name" type="text">Object11</Object_name>
            <File_name name="File name" type="text">Object11020721151657.3db</File_name>
            <Index type="int">18</Index>
         </Part_Object11>
         <Part_Object13>
            <Object_name name="Object name" type="text">Object13</Object_name>
            <File_name name="File name" type="text">Object13020721151657.3db</File_name>
            <Index type="int">19</Index>
         </Part_Object13>
         <Part_Object12>
            <Object_name name="Object name" type="text">Object12</Object_name>
            <File_name name="File name" type="text">Object12020721151657.3db</File_name>
            <Index type="int">20</Index>
         </Part_Object12>
         <Part_Object20>
            <Object_name name="Object name" type="text">Object20</Object_name>
            <File_name name="File name" type="text">Object20020721151657.3db</File_name>
            <Index type="int">21</Index>
         </Part_Object20>
         <Part_Object23>
            <Object_name name="Object name" type="text">Object23</Object_name>
            <File_name name="File name" type="text">Object23020721151657.3db</File_name>
            <Index type="int">22</Index>
         </Part_Object23>
         <Part_Object14>
            <Object_name name="Object name" type="text">Object14</Object_name>
            <File_name name="File name" type="text">Object14020721151657.3db</File_name>
            <Index type="int">23</Index>
         </Part_Object14>
         <Cons>
            <Fix type="Fix" count="23">
               <part>
                  <!-- parent      --> "Root",
                  <!-- child       --> "Object28",
                  <!-- position    --> 1.2783306, 53.056858e-9, -0.89014626,
                  <!-- orientation -->  -0.7071067700, -541.81055e-09,   0.7071068300,
                                       -202.32503e-09,   1.0000000000,  563.91076e-09,
                                        -0.7071068300,  255.67971e-09,  -0.7071067700
               </part>
               <part>
                  <!-- parent      --> "Root",
                  <!-- child       --> "Object09",
                  <!-- position    --> 1.2783306, 53.056858e-9, -0.89014626,
                  <!-- orientation -->  -0.7071067700, -541.81055e-09,   0.7071068300,
                                       -202.32503e-09,   1.0000000000,  563.91076e-09,
                                        -0.7071068300,  255.67971e-09,  -0.7071067700
               </part>
               <part>
                  <!-- parent      --> "Root",
                  <!-- child       --> "Object31",
                  <!-- position    --> 1.2783306, 53.056858e-9, -0.89014626,
                  <!-- orientation -->  -0.7071067700, -541.81055e-09,   0.7071068300,
                                       -202.32503e-09,   1.0000000000,  563.91076e-09,
                                        -0.7071068300,  255.67971e-09,  -0.7071067700
               </part>
               <part>
                  <!-- parent      --> "Root",
                  <!-- child       --> "Object07",
                  <!-- position    --> 1.2783306, 53.056858e-9, -0.89014626,
                  <!-- orientation -->  -0.7071067700, -541.81055e-09,   0.7071068300,
                                       -202.32503e-09,   1.0000000000,  563.91076e-09,
                                        -0.7071068300,  255.67971e-09,  -0.7071067700
               </part>
               <part>
                  <!-- parent      --> "Root",
                  <!-- child       --> "Object01",
                  <!-- position    --> 1.2783306, 53.056858e-9, -0.89014626,
                  <!-- orientation -->  -0.7071067700, -541.81055e-09,   0.7071068300,
                                       -202.32503e-09,   1.0000000000,  563.91076e-09,
                                        -0.7071068300,  255.67971e-09,  -0.7071067700
               </part>
               <part>
                  <!-- parent      --> "Root",
                  <!-- child       --> "Object21",
                  <!-- position    --> 1.2783306, 53.056858e-9, -0.89014626,
                  <!-- orientation -->  -0.7071067700, -541.81055e-09,   0.7071068300,
                                       -202.32503e-09,   1.0000000000,  563.91076e-09,
                                        -0.7071068300,  255.67971e-09,  -0.7071067700
               </part>
               <part>
                  <!-- parent      --> "Root",
                  <!-- child       --> "Object10",
                  <!-- position    --> 1.2783306, 53.056858e-9, -0.89014626,
                  <!-- orientation -->  -0.7071067700, -541.81055e-09,   0.7071068300,
                                       -202.32503e-09,   1.0000000000,  563.91076e-09,
                                        -0.7071068300,  255.67971e-09,  -0.7071067700
               </part>
               <part>
                  <!-- parent      --> "Root",
                  <!-- child       --> "Object18",
                  <!-- position    --> 1.2783306, 53.056858e-9, -0.89014626,
                  <!-- orientation -->  -0.7071067700, -541.81055e-09,   0.7071068300,
                                       -202.32503e-09,   1.0000000000,  563.91076e-09,
                                        -0.7071068300,  255.67971e-09,  -0.7071067700
               </part>
               <part>
                  <!-- parent      --> "Root",
                  <!-- child       --> "Object16",
                  <!-- position    --> 1.2783306, 53.056858e-9, -0.89014626,
                  <!-- orientation -->  -0.7071067700, -541.81055e-09,   0.7071068300,
                                       -202.32503e-09,   1.0000000000,  563.91076e-09,
                                        -0.7071068300,  255.67971e-09,  -0.7071067700
               </part>
               <part>
                  <!-- parent      --> "Root",
                  <!-- child       --> "Object15",
                  <!-- position    --> 1.2783306, 53.056858e-9, -0.89014626,
                  <!-- orientation -->  -0.7071067700, -541.81055e-09,   0.7071068300,
                                       -202.32503e-09,   1.0000000000,  563.91076e-09,
                                        -0.7071068300,  255.67971e-09,  -0.7071067700
               </part>
               <part>
                  <!-- parent      --> "Root",
                  <!-- child       --> "Object17",
                  <!-- position    --> 1.2783306, 53.056858e-9, -0.89014626,
                  <!-- orientation -->  -0.7071067700, -541.81055e-09,   0.7071068300,
                                       -202.32503e-09,   1.0000000000,  563.91076e-09,
                                        -0.7071068300,  255.67971e-09,  -0.7071067700
               </part>
               <part>
                  <!-- parent      --> "Root",
                  <!-- child       --> "Object19",
                  <!-- position    --> 1.2783306, 53.056858e-9, -0.89014626,
                  <!-- orientation -->  -0.7071067700, -541.81055e-09,   0.7071068300,
                                       -202.32503e-09,   1.0000000000,  563.91076e-09,
                                        -0.7071068300,  255.67971e-09,  -0.7071067700
               </part>
               <part>
                  <!-- parent      --> "Root",
                  <!-- child       --> "Object29",
                  <!-- position    --> 1.2783306, 53.056858e-9, -0.89014626,
                  <!-- orientation -->  -0.7071067700, -541.81055e-09,   0.7071068300,
                                       -202.32503e-09,   1.0000000000,  563.91076e-09,
                                        -0.7071068300,  255.67971e-09,  -0.7071067700
               </part>
               <part>
                  <!-- parent      --> "Root",
                  <!-- child       --> "Object04",
                  <!-- position    --> 1.2783306, 53.056858e-9, -0.89014626,
                  <!-- orientation -->  -0.7071067700, -541.81055e-09,   0.7071068300,
                                       -202.32503e-09,   1.0000000000,  563.91076e-09,
                                        -0.7071068300,  255.67971e-09,  -0.7071067700
               </part>
               <part>
                  <!-- parent      --> "Root",
                  <!-- child       --> "Object03",
                  <!-- position    --> 1.2783306, 53.056858e-9, -0.89014626,
                  <!-- orientation -->  -0.7071067700, -541.81055e-09,   0.7071068300,
                                       -202.32503e-09,   1.0000000000,  563.91076e-09,
                                        -0.7071068300,  255.67971e-09,  -0.7071067700
               </part>
               <part>
                  <!-- parent      --> "Root",
                  <!-- child       --> "Object26",
                  <!-- position    --> 1.2783306, 53.056858e-9, -0.89014626,
                  <!-- orientation -->  -0.7071067700, -541.81055e-09,   0.7071068300,
                                       -202.32503e-09,   1.0000000000,  563.91076e-09,
                                        -0.7071068300,  255.67971e-09,  -0.7071067700
               </part>
               <part>
                  <!-- parent      --> "Root",
                  <!-- child       --> "Object22",
                  <!-- position    --> 1.2783306, 53.056858e-9, -0.89014626,
                  <!-- orientation -->  -0.7071067700, -541.81055e-09,   0.7071068300,
                                       -202.32503e-09,   1.0000000000,  563.91076e-09,
                                        -0.7071068300,  255.67971e-09,  -0.7071067700
               </part>
               <part>
                  <!-- parent      --> "Root",
                  <!-- child       --> "Object11",
                  <!-- position    --> 1.2783306, 53.056858e-9, -0.89014626,
                  <!-- orientation -->  -0.7071067700, -541.81055e-09,   0.7071068300,
                                       -202.32503e-09,   1.0000000000,  563.91076e-09,
                                        -0.7071068300,  255.67971e-09,  -0.7071067700
               </part>
               <part>
                  <!-- parent      --> "Root",
                  <!-- child       --> "Object13",
                  <!-- position    --> 1.2783306, 53.056858e-9, -0.89014626,
                  <!-- orientation -->  -0.7071067700, -541.81055e-09,   0.7071068300,
                                       -202.32503e-09,   1.0000000000,  563.91076e-09,
                                        -0.7071068300,  255.67971e-09,  -0.7071067700
               </part>
               <part>
                  <!-- parent      --> "Root",
                  <!-- child       --> "Object12",
                  <!-- position    --> 1.2783306, 53.056858e-9, -0.89014626,
                  <!-- orientation -->  -0.7071067700, -541.81055e-09,   0.7071068300,
                                       -202.32503e-09,   1.0000000000,  563.91076e-09,
                                        -0.7071068300,  255.67971e-09,  -0.7071067700
               </part>
               <part>
                  <!-- parent      --> "Root",
                  <!-- child       --> "Object20",
                  <!-- position    --> 1.2783306, 53.056858e-9, -0.89014626,
                  <!-- orientation -->  -0.7071067700, -541.81055e-09,   0.7071068300,
                                       -202.32503e-09,   1.0000000000,  563.91076e-09,
                                        -0.7071068300,  255.67971e-09,  -0.7071067700
               </part>
               <part>
                  <!-- parent      --> "Root",
                  <!-- child       --> "Object23",
                  <!-- position    --> 1.2783306, 53.056858e-9, -0.89014626,
                  <!-- orientation -->  -0.7071067700, -541.81055e-09,   0.7071068300,
                                       -202.32503e-09,   1.0000000000,  563.91076e-09,
                                        -0.7071068300,  255.67971e-09,  -0.7071067700
               </part>
               <part>
                  <!-- parent      --> "Root",
                  <!-- child       --> "Object14",
                  <!-- position    --> 1.2783306, 53.056858e-9, -0.89014626,
                  <!-- orientation -->  -0.7071067700, -541.81055e-09,   0.7071068300,
                                       -202.32503e-09,   1.0000000000,  563.91076e-09,
                                        -0.7071068300,  255.67971e-09,  -0.7071067700
               </part>
            </Fix>
         </Cons>
      </Cmpnd>
      <Material_library name="Material library">
         <Material_count name="Material count" type="int">2</Material_count>
         <stars.tga>
            <Type type="text">DcDtEc</Type>
            <Dt_name type="text">stars.tga</Dt_name>
            <Dt_flags type="int">0x40</Dt_flags>
            <Ec type="RGB">1, 1, 1</Ec>
         </stars.tga>
         <stars_large01.tga>
            <Type type="text">DcDtEc</Type>
            <Dt_name type="text">stars_large01.tga</Dt_name>
            <Dt_flags type="int">0x40</Dt_flags>
            <Ec type="RGB">1, 1, 1</Ec>
         </stars_large01.tga>
      </Material_library>
      <Texture_library name="Texture library">
         <stars_large01.tga>
            <MIPS type="file" filename="starsphere_rh04_stars_cmp\stars_large01.dds"/>
         </stars_large01.tga>
         <stars.tga>
            <MIPS type="file" filename="starsphere_rh04_stars_cmp\stars.dds"/>
         </stars.tga>
      </Texture_library>
      <starsphere020721151657.3db>
         <VMeshPart>
            <VMeshRef type="VMeshRef">
               <!-- header size  --> 60,
               <!-- vmesh lib    --> data.solar.starsphere.starsphere_rh04_stars.lod0-102.vms,
               <!-- start vert   --> 1503,
               <!-- num verts    --> 936,
               <!-- start index  --> 1503,
               <!-- num indices  --> 936,
               <!-- start mesh   --> 12,
               <!-- num meshes   --> 1,
               <!-- bounding box -->   1.0722424,   0.56219959, -64.157211,
                                     -68.876526,  -48.423973,   -99.234688,
               <!-- center       --> -32.408764,  -20.866133,   -82.827118,
               <!-- radius       --> 42.703094
            </VMeshRef>
         </VMeshPart>
      </starsphere020721151657.3db>
      <Object28020721151657.3db>
         <VMeshPart>
            <VMeshRef type="VMeshRef">
               <!-- header size  --> 60,
               <!-- vmesh lib    --> data.solar.starsphere.starsphere_rh04_stars.lod0-102.vms,
               <!-- start vert   --> 504,
               <!-- num verts    --> 105,
               <!-- start index  --> 504,
               <!-- num indices  --> 105,
               <!-- start mesh   --> 8,
               <!-- num meshes   --> 2,
               <!-- bounding box --> 83.366638, -50.040703,  -0.50015253,
                                     26.983973, -95.117653, -49.90575,
               <!-- center       --> 55.011169, -72.855728, -22.680271,
               <!-- radius       --> 38.582687
            </VMeshRef>
         </VMeshPart>
      </Object28020721151657.3db>
      <Object09020721151657.3db>
         <VMeshPart>
            <VMeshRef type="VMeshRef">
               <!-- header size  --> 60,
               <!-- vmesh lib    --> data.solar.starsphere.starsphere_rh04_stars.lod0-102.vms,
               <!-- start vert   --> 4719,
               <!-- num verts    --> 30,
               <!-- start index  --> 4719,
               <!-- num indices  --> 30,
               <!-- start mesh   --> 25,
               <!-- num meshes   --> 1,
               <!-- bounding box --> 69.975182,  -4.9487882, 71.986336,
                                     53.879482, -48.319824,  61.433754,
               <!-- center       --> 62.126751, -26.320992,  66.665657,
               <!-- radius       --> 22.755339
            </VMeshRef>
         </VMeshPart>
      </Object09020721151657.3db>
      <Object31020721151657.3db>
         <VMeshPart>
            <VMeshRef type="VMeshRef">
               <!-- header size  --> 60,
               <!-- vmesh lib    --> data.solar.starsphere.starsphere_rh04_stars.lod0-102.vms,
               <!-- start vert   --> 366,
               <!-- num verts    --> 24,
               <!-- start index  --> 366,
               <!-- num indices  --> 24,
               <!-- start mesh   --> 5,
               <!-- num meshes   --> 1,
               <!-- bounding box -->  -2.9179299, -90.592995, 37.336552,
                                     -23.45602,   -97.834908, 15.717826,
               <!-- center       --> -13.67417,   -94.154434, 26.726439,
               <!-- radius       --> 14.576516
            </VMeshRef>
         </VMeshPart>
      </Object31020721151657.3db>
      <Object07020721151657.3db>
         <VMeshPart>
            <VMeshRef type="VMeshRef">
               <!-- header size  --> 60,
               <!-- vmesh lib    --> data.solar.starsphere.starsphere_rh04_stars.lod0-102.vms,
               <!-- start vert   --> 609,
               <!-- num verts    --> 894,
               <!-- start index  --> 609,
               <!-- num indices  --> 894,
               <!-- start mesh   --> 10,
               <!-- num meshes   --> 2,
               <!-- bounding box --> 100.89856,    0.31142431,   0.033463869,
                                      66.164444, -47.153103,   -70.964432,
               <!-- center       -->  83.663071, -19.838488,   -36.045509,
               <!-- radius       --> 42.662418
            </VMeshRef>
         </VMeshPart>
      </Object07020721151657.3db>
      <Object01020721151657.3db>
         <VMeshPart>
            <VMeshRef type="VMeshRef">
               <!-- header size  --> 60,
               <!-- vmesh lib    --> data.solar.starsphere.starsphere_rh04_stars.lod0-102.vms,
               <!-- start vert   --> 3246,
               <!-- num verts    --> 141,
               <!-- start index  --> 3246,
               <!-- num indices  --> 141,
               <!-- start mesh   --> 20,
               <!-- num meshes   --> 1,
               <!-- bounding box --> 83.36657,  -50.040733, 49.90583,
                                     26.983887, -95.657829,  0.78221381,
               <!-- center       --> 54.341862, -73.597214, 23.093328,
               <!-- radius       --> 37.937664
            </VMeshRef>
         </VMeshPart>
      </Object01020721151657.3db>
      <Object21020721151657.3db>
         <VMeshPart>
            <VMeshRef type="VMeshRef">
               <!-- header size  --> 60,
               <!-- vmesh lib    --> data.solar.starsphere.starsphere_rh04_stars.lod0-102.vms,
               <!-- start vert   --> 3387,
               <!-- num verts    --> 327,
               <!-- start index  --> 3387,
               <!-- num indices  --> 327,
               <!-- start mesh   --> 21,
               <!-- num meshes   --> 1,
               <!-- bounding box --> 69.085823,  -0.030703161, -64.697182,
                                     28.321703, -48.423962,    -89.499733,
               <!-- center       --> 49.305126, -22.607151,    -77.10907,
               <!-- radius       --> 29.524794
            </VMeshRef>
         </VMeshPart>
      </Object21020721151657.3db>
      <Object10020721151657.3db>
         <VMeshPart>
            <VMeshRef type="VMeshRef">
               <!-- header size  --> 60,
               <!-- vmesh lib    --> data.solar.starsphere.starsphere_rh04_stars.lod0-102.vms,
               <!-- start vert   --> 5904,
               <!-- num verts    --> 36,
               <!-- start index  --> 5904,
               <!-- num indices  --> 36,
               <!-- start mesh   --> 30,
               <!-- num meshes   --> 2,
               <!-- bounding box -->   0.39486483, -81.944763, -15.717777,
                                     -26.241661,   -97.834923, -50.965401,
               <!-- center       --> -11.339697,   -89.566788, -34.091892,
               <!-- radius       --> 21.151007
            </VMeshRef>
         </VMeshPart>
      </Object10020721151657.3db>
      <Object18020721151657.3db>
         <VMeshPart>
            <VMeshRef type="VMeshRef">
               <!-- header size  --> 60,
               <!-- vmesh lib    --> data.solar.starsphere.starsphere_rh04_stars.lod0-102.vms,
               <!-- start vert   --> 3714,
               <!-- num verts    --> 15,
               <!-- start index  --> 3714,
               <!-- num indices  --> 15,
               <!-- start mesh   --> 22,
               <!-- num meshes   --> 1,
               <!-- bounding box --> -26.983931, -88.559418,  -9.4418058,
                                     -41.631184, -95.117668, -26.121971,
               <!-- center       --> -33.598656, -92.153969, -16.778254,
               <!-- radius       --> 10.313174
            </VMeshRef>
         </VMeshPart>
      </Object18020721151657.3db>
      <Object16020721151657.3db>
         <VMeshPart>
            <VMeshRef type="VMeshRef">
               <!-- header size  --> 60,
               <!-- vmesh lib    --> data.solar.starsphere.starsphere_rh04_stars.lod0-102.vms,
               <!-- start vert   --> 0,
               <!-- num verts    --> 33,
               <!-- start index  --> 0,
               <!-- num indices  --> 33,
               <!-- start mesh   --> 0,
               <!-- num meshes   --> 1,
               <!-- bounding box -->  -9.111598,  -91.464867, 21.927986,
                                     -33.982071, -101.21024,   0.30787009,
               <!-- center       --> -21.363047,  -96.447235, 11.058737,
               <!-- radius       --> 16.981323
            </VMeshRef>
         </VMeshPart>
      </Object16020721151657.3db>
      <Object15020721151657.3db>
         <VMeshPart>
            <VMeshRef type="VMeshRef">
               <!-- header size  --> 60,
               <!-- vmesh lib    --> data.solar.starsphere.starsphere_rh04_stars.lod0-102.vms,
               <!-- start vert   --> 5769,
               <!-- num verts    --> 135,
               <!-- start index  --> 5769,
               <!-- num indices  --> 135,
               <!-- start mesh   --> 29,
               <!-- num meshes   --> 1,
               <!-- bounding box --> 49.339607,  -50.688015, -15.717781,
                                      1.5363719, -97.834915, -82.02874,
               <!-- center       --> 21.753391,  -75.356194, -47.935883,
               <!-- radius       --> 42.745041
            </VMeshRef>
         </VMeshPart>
      </Object15020721151657.3db>
      <Object17020721151657.3db>
         <VMeshPart>
            <VMeshRef type="VMeshRef">
               <!-- header size  --> 60,
               <!-- vmesh lib    --> data.solar.starsphere.starsphere_rh04_stars.lod0-102.vms,
               <!-- start vert   --> 2835,
               <!-- num verts    --> 42,
               <!-- start index  --> 2835,
               <!-- num indices  --> 42,
               <!-- start mesh   --> 17,
               <!-- num meshes   --> 1,
               <!-- bounding box --> 55.145359,   -50.688011, 70.018654,
                                      2.9179149, -101.45245,   1.2088984,
               <!-- center       --> 28.693066,   -77.092796, 35.663414,
               <!-- radius       --> 48.209988
            </VMeshRef>
         </VMeshPart>
      </Object17020721151657.3db>
      <Object19020721151657.3db>
         <VMeshPart>
            <VMeshRef type="VMeshRef">
               <!-- header size  --> 60,
               <!-- vmesh lib    --> data.solar.starsphere.starsphere_rh04_stars.lod0-102.vms,
               <!-- start vert   --> 249,
               <!-- num verts    --> 117,
               <!-- start index  --> 249,
               <!-- num indices  --> 117,
               <!-- start mesh   --> 4,
               <!-- num meshes   --> 1,
               <!-- bounding box --> 73.407089, 95.117668, 52.217976,
                                     25.75692,  50.040752,  2.1195621,
               <!-- center       --> 52.176189, 72.325531, 24.281624,
               <!-- radius       --> 36.858307
            </VMeshRef>
         </VMeshPart>
      </Object19020721151657.3db>
      <Object29020721151657.3db>
         <VMeshPart>
            <VMeshRef type="VMeshRef">
               <!-- header size  --> 60,
               <!-- vmesh lib    --> data.solar.starsphere.starsphere_rh04_stars.lod0-102.vms,
               <!-- start vert   --> 5733,
               <!-- num verts    --> 36,
               <!-- start index  --> 5733,
               <!-- num indices  --> 36,
               <!-- start mesh   --> 27,
               <!-- num meshes   --> 2,
               <!-- bounding box --> 67.225021, 48.423939, 86.245628,
                                     29.023109, 12.132666, 63.409096,
               <!-- center       --> 46.026279, 29.121534, 75.900452,
               <!-- radius       --> 24.335835
            </VMeshRef>
         </VMeshPart>
      </Object29020721151657.3db>
      <Object04020721151657.3db>
         <VMeshPart>
            <VMeshRef type="VMeshRef">
               <!-- header size  --> 60,
               <!-- vmesh lib    --> data.solar.starsphere.starsphere_rh04_stars.lod0-102.vms,
               <!-- start vert   --> 2877,
               <!-- num verts    --> 369,
               <!-- start index  --> 2877,
               <!-- num indices  --> 369,
               <!-- start mesh   --> 18,
               <!-- num meshes   --> 2,
               <!-- bounding box --> 69.763084, 47.153076,     -67.345688,
                                      7.219985, -0.0060884636, -90.776039,
               <!-- center       --> 38.704128, 22.943489,     -78.981003,
               <!-- radius       --> 38.200325
            </VMeshRef>
         </VMeshPart>
      </Object04020721151657.3db>
      <Object03020721151657.3db>
         <VMeshPart>
            <VMeshRef type="VMeshRef">
               <!-- header size  --> 60,
               <!-- vmesh lib    --> data.solar.starsphere.starsphere_rh04_stars.lod0-102.vms,
               <!-- start vert   --> 4749,
               <!-- num verts    --> 984,
               <!-- start index  --> 4749,
               <!-- num indices  --> 984,
               <!-- start mesh   --> 26,
               <!-- num meshes   --> 1,
               <!-- bounding box --> 100.79095,  47.153156,   -0.10895947,
                                      67.345688, -0.7791971, -71.009789,
               <!-- center       -->  84.249489, 19.857697,  -35.864304,
               <!-- radius       --> 42.628826
            </VMeshRef>
         </VMeshPart>
      </Object03020721151657.3db>
      <Object26020721151657.3db>
         <VMeshPart>
            <VMeshRef type="VMeshRef">
               <!-- header size  --> 60,
               <!-- vmesh lib    --> data.solar.starsphere.starsphere_rh04_stars.lod0-102.vms,
               <!-- start vert   --> 3816,
               <!-- num verts    --> 903,
               <!-- start index  --> 3816,
               <!-- num indices  --> 903,
               <!-- start mesh   --> 24,
               <!-- num meshes   --> 1,
               <!-- bounding box --> 101.08284,  48.423992,  68.870888,
                                      64.179962, -1.3137016, -0.27450898,
               <!-- center       -->  83.162865, 20.780569,  33.742535,
               <!-- radius       --> 42.035313
            </VMeshRef>
         </VMeshPart>
      </Object26020721151657.3db>
      <Object22020721151657.3db>
         <VMeshPart>
            <VMeshRef type="VMeshRef">
               <!-- header size  --> 60,
               <!-- vmesh lib    --> data.solar.starsphere.starsphere_rh04_stars.lod0-102.vms,
               <!-- start vert   --> 390,
               <!-- num verts    --> 114,
               <!-- start index  --> 390,
               <!-- num indices  --> 114,
               <!-- start mesh   --> 6,
               <!-- num meshes   --> 2,
               <!-- bounding box --> 52.218086,  98.491264, 73.877831,
                                      2.1196287, 50.040695,  3.1388378,
               <!-- center       --> 25.203648,  74.397003, 40.256138,
               <!-- radius       --> 45.423771
            </VMeshRef>
         </VMeshPart>
      </Object22020721151657.3db>
      <Object11020721151657.3db>
         <VMeshPart>
            <VMeshRef type="VMeshRef">
               <!-- header size  --> 60,
               <!-- vmesh lib    --> data.solar.starsphere.starsphere_rh04_stars.lod0-102.vms,
               <!-- start vert   --> 2439,
               <!-- num verts    --> 150,
               <!-- start index  --> 2439,
               <!-- num indices  --> 150,
               <!-- start mesh   --> 13,
               <!-- num meshes   --> 2,
               <!-- bounding box --> 81.548706, 97.834923,  -7.1221004,
                                     14.55689,  48.909245, -60.515137,
               <!-- center       --> 47.406719, 73.528419, -30.841425,
               <!-- radius       --> 46.970833
            </VMeshRef>
         </VMeshPart>
      </Object11020721151657.3db>
      <Object13020721151657.3db>
         <VMeshPart>
            <VMeshRef type="VMeshRef">
               <!-- header size  --> 60,
               <!-- vmesh lib    --> data.solar.starsphere.starsphere_rh04_stars.lod0-102.vms,
               <!-- start vert   --> 33,
               <!-- num verts    --> 114,
               <!-- start index  --> 33,
               <!-- num indices  --> 114,
               <!-- start mesh   --> 1,
               <!-- num meshes   --> 2,
               <!-- bounding box -->   0.96997237, 97.8349,   81.335014,
                                     -55.538399,   57.811699,  8.732173,
               <!-- center       --> -23.103176,   78.455734, 44.073006,
               <!-- radius       --> 45.897274
            </VMeshRef>
         </VMeshPart>
      </Object13020721151657.3db>
      <Object12020721151657.3db>
         <VMeshPart>
            <VMeshRef type="VMeshRef">
               <!-- header size  --> 60,
               <!-- vmesh lib    --> data.solar.starsphere.starsphere_rh04_stars.lod0-102.vms,
               <!-- start vert   --> 2688,
               <!-- num verts    --> 147,
               <!-- start index  --> 2688,
               <!-- num indices  --> 147,
               <!-- start mesh   --> 16,
               <!-- num meshes   --> 1,
               <!-- bounding box --> 60.515152,  97.8349,   -14.556949,
                                      7.1220555, 48.909218, -81.548706,
               <!-- center       --> 30.762014,  73.528175, -47.432079,
               <!-- radius       --> 46.949501
            </VMeshRef>
         </VMeshPart>
      </Object12020721151657.3db>
      <Object20020721151657.3db>
         <VMeshPart>
            <VMeshRef type="VMeshRef">
               <!-- header size  --> 60,
               <!-- vmesh lib    --> data.solar.starsphere.starsphere_rh04_stars.lod0-102.vms,
               <!-- start vert   --> 147,
               <!-- num verts    --> 102,
               <!-- start index  --> 147,
               <!-- num indices  --> 102,
               <!-- start mesh   --> 3,
               <!-- num meshes   --> 1,
               <!-- bounding box -->   1.0975834, 101.89234,  -11.402909,
                                     -44.880093,   51.929623, -73.370407,
               <!-- center       --> -18.472427,   77.943832, -43.077454,
               <!-- radius       --> 40.401535
            </VMeshRef>
         </VMeshPart>
      </Object20020721151657.3db>
      <Object23020721151657.3db>
         <VMeshPart>
            <VMeshRef type="VMeshRef">
               <!-- header size  --> 60,
               <!-- vmesh lib    --> data.solar.starsphere.starsphere_rh04_stars.lod0-102.vms,
               <!-- start vert   --> 3729,
               <!-- num verts    --> 87,
               <!-- start index  --> 3729,
               <!-- num indices  --> 87,
               <!-- start mesh   --> 23,
               <!-- num meshes   --> 1,
               <!-- bounding box --> -10.074015, 101.69566,   -0.027158331,
                                     -72.947258,  64.657097, -44.880077,
               <!-- center       --> -41.759438,  83.350403, -18.545427,
               <!-- radius       --> 39.993107
            </VMeshRef>
         </VMeshPart>
      </Object23020721151657.3db>
      <Object14020721151657.3db>
         <VMeshPart>
            <VMeshRef type="VMeshRef">
               <!-- header size  --> 60,
               <!-- vmesh lib    --> data.solar.starsphere.starsphere_rh04_stars.lod0-102.vms,
               <!-- start vert   --> 2589,
               <!-- num verts    --> 99,
               <!-- start index  --> 2589,
               <!-- num indices  --> 99,
               <!-- start mesh   --> 15,
               <!-- num meshes   --> 1,
               <!-- bounding box --> -14.556909, 97.834991, 55.538383,
                                     -78.31662,  59.617851,  7.1220884,
               <!-- center       --> -46.342125, 78.895866, 27.032183,
               <!-- radius       --> 41.751396
            </VMeshRef>
         </VMeshPart>
      </Object14020721151657.3db>
   </UTF_ROOT>
</UTFXML>
