<?xml version="1.0" encoding="ISO-8859-1"?>
<!-- XML generated by UTFXML Version 2.2 built 19-Aug-2010 -->
<UTFXML filename="starsphere_ku06.cmp" path="SOLAR\STARSPHERE">
   <UTF_ROOT>
      <VMeshLibrary>
         <data.solar.starsphere.starsphere_ku06.lod0-102.vms include="starsphere_ku06_cmp\lod0-102.vms.xml"/>
         <data.solar.starsphere.starsphere_ku06.lod0-142.vms include="starsphere_ku06_cmp\lod0-142.vms.xml"/>
      </VMeshLibrary>
      <Exporter_Version name="Exporter Version" type="text">Nov 15 2001 15:32:05</Exporter_Version>
      <Cmpnd>
         <Root>
            <Object_name name="Object name" type="text">Root</Object_name>
            <File_name name="File name" type="text">starsphere011202195552.3db</File_name>
            <Index type="int">0</Index>
         </Root>
         <Part_Object28>
            <Object_name name="Object name" type="text">Object28</Object_name>
            <File_name name="File name" type="text">Object28011202195552.3db</File_name>
            <Index type="int">1</Index>
         </Part_Object28>
         <Part_Object09>
            <Object_name name="Object name" type="text">Object09</Object_name>
            <File_name name="File name" type="text">Object09011202195552.3db</File_name>
            <Index type="int">2</Index>
         </Part_Object09>
         <Part_Object31>
            <Object_name name="Object name" type="text">Object31</Object_name>
            <File_name name="File name" type="text">Object31011202195552.3db</File_name>
            <Index type="int">3</Index>
         </Part_Object31>
         <Part_Object02>
            <Object_name name="Object name" type="text">Object02</Object_name>
            <File_name name="File name" type="text">Object02011202195552.3db</File_name>
            <Index type="int">4</Index>
         </Part_Object02>
         <Part_Object25>
            <Object_name name="Object name" type="text">Object25</Object_name>
            <File_name name="File name" type="text">Object25011202195552.3db</File_name>
            <Index type="int">5</Index>
         </Part_Object25>
         <Part_Object07>
            <Object_name name="Object name" type="text">Object07</Object_name>
            <File_name name="File name" type="text">Object07011202195552.3db</File_name>
            <Index type="int">6</Index>
         </Part_Object07>
         <Part_Object08>
            <Object_name name="Object name" type="text">Object08</Object_name>
            <File_name name="File name" type="text">Object08011202195552.3db</File_name>
            <Index type="int">7</Index>
         </Part_Object08>
         <Part_Object01>
            <Object_name name="Object name" type="text">Object01</Object_name>
            <File_name name="File name" type="text">Object01011202195552.3db</File_name>
            <Index type="int">8</Index>
         </Part_Object01>
         <Part_Object21>
            <Object_name name="Object name" type="text">Object21</Object_name>
            <File_name name="File name" type="text">Object21011202195552.3db</File_name>
            <Index type="int">9</Index>
         </Part_Object21>
         <Part_Object10>
            <Object_name name="Object name" type="text">Object10</Object_name>
            <File_name name="File name" type="text">Object10011202195552.3db</File_name>
            <Index type="int">10</Index>
         </Part_Object10>
         <Part_Object18>
            <Object_name name="Object name" type="text">Object18</Object_name>
            <File_name name="File name" type="text">Object18011202195552.3db</File_name>
            <Index type="int">11</Index>
         </Part_Object18>
         <Part_Object16>
            <Object_name name="Object name" type="text">Object16</Object_name>
            <File_name name="File name" type="text">Object16011202195552.3db</File_name>
            <Index type="int">12</Index>
         </Part_Object16>
         <Part_Object24>
            <Object_name name="Object name" type="text">Object24</Object_name>
            <File_name name="File name" type="text">Object24011202195552.3db</File_name>
            <Index type="int">13</Index>
         </Part_Object24>
         <Part_Object15>
            <Object_name name="Object name" type="text">Object15</Object_name>
            <File_name name="File name" type="text">Object15011202195552.3db</File_name>
            <Index type="int">14</Index>
         </Part_Object15>
         <Part_Object17>
            <Object_name name="Object name" type="text">Object17</Object_name>
            <File_name name="File name" type="text">Object17011202195552.3db</File_name>
            <Index type="int">15</Index>
         </Part_Object17>
         <Part_Object19>
            <Object_name name="Object name" type="text">Object19</Object_name>
            <File_name name="File name" type="text">Object19011202195552.3db</File_name>
            <Index type="int">16</Index>
         </Part_Object19>
         <Part_Object29>
            <Object_name name="Object name" type="text">Object29</Object_name>
            <File_name name="File name" type="text">Object29011202195552.3db</File_name>
            <Index type="int">17</Index>
         </Part_Object29>
         <Part_Object04>
            <Object_name name="Object name" type="text">Object04</Object_name>
            <File_name name="File name" type="text">Object04011202195552.3db</File_name>
            <Index type="int">18</Index>
         </Part_Object04>
         <Part_Object03>
            <Object_name name="Object name" type="text">Object03</Object_name>
            <File_name name="File name" type="text">Object03011202195552.3db</File_name>
            <Index type="int">19</Index>
         </Part_Object03>
         <Part_Object30>
            <Object_name name="Object name" type="text">Object30</Object_name>
            <File_name name="File name" type="text">Object30011202195552.3db</File_name>
            <Index type="int">20</Index>
         </Part_Object30>
         <Part_Object27>
            <Object_name name="Object name" type="text">Object27</Object_name>
            <File_name name="File name" type="text">Object27011202195552.3db</File_name>
            <Index type="int">21</Index>
         </Part_Object27>
         <Part_Object05>
            <Object_name name="Object name" type="text">Object05</Object_name>
            <File_name name="File name" type="text">Object05011202195552.3db</File_name>
            <Index type="int">22</Index>
         </Part_Object05>
         <Part_Object06>
            <Object_name name="Object name" type="text">Object06</Object_name>
            <File_name name="File name" type="text">Object06011202195552.3db</File_name>
            <Index type="int">23</Index>
         </Part_Object06>
         <Part_Object26>
            <Object_name name="Object name" type="text">Object26</Object_name>
            <File_name name="File name" type="text">Object26011202195552.3db</File_name>
            <Index type="int">24</Index>
         </Part_Object26>
         <Part_Object22>
            <Object_name name="Object name" type="text">Object22</Object_name>
            <File_name name="File name" type="text">Object22011202195552.3db</File_name>
            <Index type="int">25</Index>
         </Part_Object22>
         <Part_Object11>
            <Object_name name="Object name" type="text">Object11</Object_name>
            <File_name name="File name" type="text">Object11011202195552.3db</File_name>
            <Index type="int">26</Index>
         </Part_Object11>
         <Part_Object13>
            <Object_name name="Object name" type="text">Object13</Object_name>
            <File_name name="File name" type="text">Object13011202195552.3db</File_name>
            <Index type="int">27</Index>
         </Part_Object13>
         <Part_Object12>
            <Object_name name="Object name" type="text">Object12</Object_name>
            <File_name name="File name" type="text">Object12011202195552.3db</File_name>
            <Index type="int">28</Index>
         </Part_Object12>
         <Part_Object20>
            <Object_name name="Object name" type="text">Object20</Object_name>
            <File_name name="File name" type="text">Object20011202195552.3db</File_name>
            <Index type="int">29</Index>
         </Part_Object20>
         <Part_Object23>
            <Object_name name="Object name" type="text">Object23</Object_name>
            <File_name name="File name" type="text">Object23011202195552.3db</File_name>
            <Index type="int">30</Index>
         </Part_Object23>
         <Part_Object14>
            <Object_name name="Object name" type="text">Object14</Object_name>
            <File_name name="File name" type="text">Object14011202195552.3db</File_name>
            <Index type="int">31</Index>
         </Part_Object14>
         <Part_galactic_ring>
            <Object_name name="Object name" type="text">galactic_ring</Object_name>
            <File_name name="File name" type="text">galactic_ring011202195552.3db</File_name>
            <Index type="int">32</Index>
         </Part_galactic_ring>
         <Part_neb_crow>
            <Object_name name="Object name" type="text">neb_crow</Object_name>
            <File_name name="File name" type="text">neb_crow011202195552.3db</File_name>
            <Index type="int">33</Index>
         </Part_neb_crow>
         <Part_neb_edge>
            <Object_name name="Object name" type="text">neb_edge</Object_name>
            <File_name name="File name" type="text">neb_edge011202195552.3db</File_name>
            <Index type="int">34</Index>
         </Part_neb_edge>
         <Part_clouds>
            <Object_name name="Object name" type="text">clouds</Object_name>
            <File_name name="File name" type="text">clouds011202195552.3db</File_name>
            <Index type="int">35</Index>
         </Part_clouds>
         <Cons>
            <Fix type="Fix" count="35">
               <part>
                  <!-- parent      --> "Root",
                  <!-- child       --> "Object28",
                  <!-- position    --> 1.2783306, 53.056858e-9, -0.89014626,
                  <!-- orientation -->  -0.7071067700, -541.81055e-09,   0.7071068300,
                                       -202.32503e-09,   1.0000000000,  563.91076e-09,
                                        -0.7071068300,  255.67971e-09,  -0.7071067700
               </part>
               <part>
                  <!-- parent      --> "Root",
                  <!-- child       --> "Object09",
                  <!-- position    --> 1.2783306, 53.056858e-9, -0.89014626,
                  <!-- orientation -->  -0.7071067700, -541.81055e-09,   0.7071068300,
                                       -202.32503e-09,   1.0000000000,  563.91076e-09,
                                        -0.7071068300,  255.67971e-09,  -0.7071067700
               </part>
               <part>
                  <!-- parent      --> "Root",
                  <!-- child       --> "Object31",
                  <!-- position    --> 1.2783306, 53.056858e-9, -0.89014626,
                  <!-- orientation -->  -0.7071067700, -541.81055e-09,   0.7071068300,
                                       -202.32503e-09,   1.0000000000,  563.91076e-09,
                                        -0.7071068300,  255.67971e-09,  -0.7071067700
               </part>
               <part>
                  <!-- parent      --> "Root",
                  <!-- child       --> "Object02",
                  <!-- position    --> 1.2783306, 53.056858e-9, -0.89014626,
                  <!-- orientation -->  -0.7071067700, -541.81055e-09,   0.7071068300,
                                       -202.32503e-09,   1.0000000000,  563.91076e-09,
                                        -0.7071068300,  255.67971e-09,  -0.7071067700
               </part>
               <part>
                  <!-- parent      --> "Root",
                  <!-- child       --> "Object25",
                  <!-- position    --> 1.2783306, 53.056858e-9, -0.89014626,
                  <!-- orientation -->  -0.7071067700, -541.81055e-09,   0.7071068300,
                                       -202.32503e-09,   1.0000000000,  563.91076e-09,
                                        -0.7071068300,  255.67971e-09,  -0.7071067700
               </part>
               <part>
                  <!-- parent      --> "Root",
                  <!-- child       --> "Object07",
                  <!-- position    --> 1.2783306, 53.056858e-9, -0.89014626,
                  <!-- orientation -->  -0.7071067700, -541.81055e-09,   0.7071068300,
                                       -202.32503e-09,   1.0000000000,  563.91076e-09,
                                        -0.7071068300,  255.67971e-09,  -0.7071067700
               </part>
               <part>
                  <!-- parent      --> "Root",
                  <!-- child       --> "Object08",
                  <!-- position    --> 1.2783306, 53.056858e-9, -0.89014626,
                  <!-- orientation -->  -0.7071067700, -541.81055e-09,   0.7071068300,
                                       -202.32503e-09,   1.0000000000,  563.91076e-09,
                                        -0.7071068300,  255.67971e-09,  -0.7071067700
               </part>
               <part>
                  <!-- parent      --> "Root",
                  <!-- child       --> "Object01",
                  <!-- position    --> 1.2783306, 53.056858e-9, -0.89014626,
                  <!-- orientation -->  -0.7071067700, -541.81055e-09,   0.7071068300,
                                       -202.32503e-09,   1.0000000000,  563.91076e-09,
                                        -0.7071068300,  255.67971e-09,  -0.7071067700
               </part>
               <part>
                  <!-- parent      --> "Root",
                  <!-- child       --> "Object21",
                  <!-- position    --> 1.2783306, 53.056858e-9, -0.89014626,
                  <!-- orientation -->  -0.7071067700, -541.81055e-09,   0.7071068300,
                                       -202.32503e-09,   1.0000000000,  563.91076e-09,
                                        -0.7071068300,  255.67971e-09,  -0.7071067700
               </part>
               <part>
                  <!-- parent      --> "Root",
                  <!-- child       --> "Object10",
                  <!-- position    --> 1.2783306, 53.056858e-9, -0.89014626,
                  <!-- orientation -->  -0.7071067700, -541.81055e-09,   0.7071068300,
                                       -202.32503e-09,   1.0000000000,  563.91076e-09,
                                        -0.7071068300,  255.67971e-09,  -0.7071067700
               </part>
               <part>
                  <!-- parent      --> "Root",
                  <!-- child       --> "Object18",
                  <!-- position    --> 1.2783306, 53.056858e-9, -0.89014626,
                  <!-- orientation -->  -0.7071067700, -541.81055e-09,   0.7071068300,
                                       -202.32503e-09,   1.0000000000,  563.91076e-09,
                                        -0.7071068300,  255.67971e-09,  -0.7071067700
               </part>
               <part>
                  <!-- parent      --> "Root",
                  <!-- child       --> "Object16",
                  <!-- position    --> 1.2783306, 53.056858e-9, -0.89014626,
                  <!-- orientation -->  -0.7071067700, -541.81055e-09,   0.7071068300,
                                       -202.32503e-09,   1.0000000000,  563.91076e-09,
                                        -0.7071068300,  255.67971e-09,  -0.7071067700
               </part>
               <part>
                  <!-- parent      --> "Root",
                  <!-- child       --> "Object24",
                  <!-- position    --> 1.2783306, 53.056858e-9, -0.89014626,
                  <!-- orientation -->  -0.7071067700, -541.81055e-09,   0.7071068300,
                                       -202.32503e-09,   1.0000000000,  563.91076e-09,
                                        -0.7071068300,  255.67971e-09,  -0.7071067700
               </part>
               <part>
                  <!-- parent      --> "Root",
                  <!-- child       --> "Object15",
                  <!-- position    --> 1.2783306, 53.056858e-9, -0.89014626,
                  <!-- orientation -->  -0.7071067700, -541.81055e-09,   0.7071068300,
                                       -202.32503e-09,   1.0000000000,  563.91076e-09,
                                        -0.7071068300,  255.67971e-09,  -0.7071067700
               </part>
               <part>
                  <!-- parent      --> "Root",
                  <!-- child       --> "Object17",
                  <!-- position    --> 1.2783306, 53.056858e-9, -0.89014626,
                  <!-- orientation -->  -0.7071067700, -541.81055e-09,   0.7071068300,
                                       -202.32503e-09,   1.0000000000,  563.91076e-09,
                                        -0.7071068300,  255.67971e-09,  -0.7071067700
               </part>
               <part>
                  <!-- parent      --> "Root",
                  <!-- child       --> "Object19",
                  <!-- position    --> 1.2783306, 53.056858e-9, -0.89014626,
                  <!-- orientation -->  -0.7071067700, -541.81055e-09,   0.7071068300,
                                       -202.32503e-09,   1.0000000000,  563.91076e-09,
                                        -0.7071068300,  255.67971e-09,  -0.7071067700
               </part>
               <part>
                  <!-- parent      --> "Root",
                  <!-- child       --> "Object29",
                  <!-- position    --> 1.2783306, 53.056858e-9, -0.89014626,
                  <!-- orientation -->  -0.7071067700, -541.81055e-09,   0.7071068300,
                                       -202.32503e-09,   1.0000000000,  563.91076e-09,
                                        -0.7071068300,  255.67971e-09,  -0.7071067700
               </part>
               <part>
                  <!-- parent      --> "Root",
                  <!-- child       --> "Object04",
                  <!-- position    --> 1.2783306, 53.056858e-9, -0.89014626,
                  <!-- orientation -->  -0.7071067700, -541.81055e-09,   0.7071068300,
                                       -202.32503e-09,   1.0000000000,  563.91076e-09,
                                        -0.7071068300,  255.67971e-09,  -0.7071067700
               </part>
               <part>
                  <!-- parent      --> "Root",
                  <!-- child       --> "Object03",
                  <!-- position    --> 1.2783306, 53.056858e-9, -0.89014626,
                  <!-- orientation -->  -0.7071067700, -541.81055e-09,   0.7071068300,
                                       -202.32503e-09,   1.0000000000,  563.91076e-09,
                                        -0.7071068300,  255.67971e-09,  -0.7071067700
               </part>
               <part>
                  <!-- parent      --> "Root",
                  <!-- child       --> "Object30",
                  <!-- position    --> 1.2783306, 53.056858e-9, -0.89014626,
                  <!-- orientation -->  -0.7071067700, -541.81055e-09,   0.7071068300,
                                       -202.32503e-09,   1.0000000000,  563.91076e-09,
                                        -0.7071068300,  255.67971e-09,  -0.7071067700
               </part>
               <part>
                  <!-- parent      --> "Root",
                  <!-- child       --> "Object27",
                  <!-- position    --> 1.2783306, 53.056858e-9, -0.89014626,
                  <!-- orientation -->  -0.7071067700, -541.81055e-09,   0.7071068300,
                                       -202.32503e-09,   1.0000000000,  563.91076e-09,
                                        -0.7071068300,  255.67971e-09,  -0.7071067700
               </part>
               <part>
                  <!-- parent      --> "Root",
                  <!-- child       --> "Object05",
                  <!-- position    --> 1.2783306, 53.056858e-9, -0.89014626,
                  <!-- orientation -->  -0.7071067700, -541.81055e-09,   0.7071068300,
                                       -202.32503e-09,   1.0000000000,  563.91076e-09,
                                        -0.7071068300,  255.67971e-09,  -0.7071067700
               </part>
               <part>
                  <!-- parent      --> "Root",
                  <!-- child       --> "Object06",
                  <!-- position    --> 1.2783306, 53.056858e-9, -0.89014626,
                  <!-- orientation -->  -0.7071067700, -541.81055e-09,   0.7071068300,
                                       -202.32503e-09,   1.0000000000,  563.91076e-09,
                                        -0.7071068300,  255.67971e-09,  -0.7071067700
               </part>
               <part>
                  <!-- parent      --> "Root",
                  <!-- child       --> "Object26",
                  <!-- position    --> 1.2783306, 53.056858e-9, -0.89014626,
                  <!-- orientation -->  -0.7071067700, -541.81055e-09,   0.7071068300,
                                       -202.32503e-09,   1.0000000000,  563.91076e-09,
                                        -0.7071068300,  255.67971e-09,  -0.7071067700
               </part>
               <part>
                  <!-- parent      --> "Root",
                  <!-- child       --> "Object22",
                  <!-- position    --> 1.2783306, 53.056858e-9, -0.89014626,
                  <!-- orientation -->  -0.7071067700, -541.81055e-09,   0.7071068300,
                                       -202.32503e-09,   1.0000000000,  563.91076e-09,
                                        -0.7071068300,  255.67971e-09,  -0.7071067700
               </part>
               <part>
                  <!-- parent      --> "Root",
                  <!-- child       --> "Object11",
                  <!-- position    --> 1.2783306, 53.056858e-9, -0.89014626,
                  <!-- orientation -->  -0.7071067700, -541.81055e-09,   0.7071068300,
                                       -202.32503e-09,   1.0000000000,  563.91076e-09,
                                        -0.7071068300,  255.67971e-09,  -0.7071067700
               </part>
               <part>
                  <!-- parent      --> "Root",
                  <!-- child       --> "Object13",
                  <!-- position    --> 1.2783306, 53.056858e-9, -0.89014626,
                  <!-- orientation -->  -0.7071067700, -541.81055e-09,   0.7071068300,
                                       -202.32503e-09,   1.0000000000,  563.91076e-09,
                                        -0.7071068300,  255.67971e-09,  -0.7071067700
               </part>
               <part>
                  <!-- parent      --> "Root",
                  <!-- child       --> "Object12",
                  <!-- position    --> 1.2783306, 53.056858e-9, -0.89014626,
                  <!-- orientation -->  -0.7071067700, -541.81055e-09,   0.7071068300,
                                       -202.32503e-09,   1.0000000000,  563.91076e-09,
                                        -0.7071068300,  255.67971e-09,  -0.7071067700
               </part>
               <part>
                  <!-- parent      --> "Root",
                  <!-- child       --> "Object20",
                  <!-- position    --> 1.2783306, 53.056858e-9, -0.89014626,
                  <!-- orientation -->  -0.7071067700, -541.81055e-09,   0.7071068300,
                                       -202.32503e-09,   1.0000000000,  563.91076e-09,
                                        -0.7071068300,  255.67971e-09,  -0.7071067700
               </part>
               <part>
                  <!-- parent      --> "Root",
                  <!-- child       --> "Object23",
                  <!-- position    --> 1.2783306, 53.056858e-9, -0.89014626,
                  <!-- orientation -->  -0.7071067700, -541.81055e-09,   0.7071068300,
                                       -202.32503e-09,   1.0000000000,  563.91076e-09,
                                        -0.7071068300,  255.67971e-09,  -0.7071067700
               </part>
               <part>
                  <!-- parent      --> "Root",
                  <!-- child       --> "Object14",
                  <!-- position    --> 1.2783306, 53.056858e-9, -0.89014626,
                  <!-- orientation -->  -0.7071067700, -541.81055e-09,   0.7071068300,
                                       -202.32503e-09,   1.0000000000,  563.91076e-09,
                                        -0.7071068300,  255.67971e-09,  -0.7071067700
               </part>
               <part>
                  <!-- parent      --> "Root",
                  <!-- child       --> "galactic_ring",
                  <!-- position    --> 0, -15.332669e-6, -59.604641e-9,
                  <!-- orientation -->   1.0000000000,   0.0000000000,   0.0000000000,
                                         0.0000000000,   1.0000000000,   0.0000000000,
                                         0.0000000000,   0.0000000000,   1.0000000000
               </part>
               <part>
                  <!-- parent      --> "Root",
                  <!-- child       --> "neb_crow",
                  <!-- position    --> 0, -15.086521e-6, -2.1684761,
                  <!-- orientation -->   0.9205048100,  -0.3907312200, -22.351742e-09,
                                         0.3683194500,   0.8677060000,   0.3338068400,
                                        -0.1304287300,  -0.3072708200,   0.9426415000
               </part>
               <part>
                  <!-- parent      --> "Root",
                  <!-- child       --> "neb_edge",
                  <!-- position    --> 37.219017, -9.0633268, -18.286983,
                  <!-- orientation -->   0.4095070100,   0.3429875100,  -0.8453778000,
                                        -0.3279420400,   0.9200418000,   0.2144228100,
                                         0.8513272400,   0.1894272900,   0.4892435700
               </part>
               <part>
                  <!-- parent      --> "Root",
                  <!-- child       --> "clouds",
                  <!-- position    --> 0, -15.215771e-6, -238.41855e-9,
                  <!-- orientation -->   1.0000000000,   0.0000000000,   0.0000000000,
                                         0.0000000000,   1.0000000000,   0.0000000000,
                                         0.0000000000,   0.0000000000,   1.0000000000
               </part>
            </Fix>
         </Cons>
      </Cmpnd>
      <Material_library name="Material library">
         <Material_count name="Material count" type="int">6</Material_count>
         <stars03.tga>
            <Type type="text">DcDtEc</Type>
            <Dt_name type="text">stars03.tga</Dt_name>
            <Dt_flags type="int">0x40</Dt_flags>
            <Ec type="RGB">1, 1, 1</Ec>
         </stars03.tga>
         <stars_large01.tga>
            <Type type="text">DcDtEc</Type>
            <Dt_name type="text">stars_large01.tga</Dt_name>
            <Dt_flags type="int">0x40</Dt_flags>
            <Ec type="RGB">1, 1, 1</Ec>
         </stars_large01.tga>
         <galactic_belt01.tga>
            <Type type="text">Nebula</Type>
            <Dt_name type="text">galactic_belt01.tga</Dt_name>
            <Dt_flags type="int">0x40</Dt_flags>
            <Ec type="RGB">1, 1, 1</Ec>
         </galactic_belt01.tga>
         <crow_tile01_.tga name="crow_tile01 .tga">
            <Type type="text">Nebula</Type>
            <Dt_name type="text">crow_tile01 .tga</Dt_name>
            <Dt_flags type="int">0x40</Dt_flags>
         </crow_tile01_.tga>
         <polynebgreen.tga>
            <Type type="text">Nebula</Type>
            <Dt_name type="text">polynebgreen3.tga</Dt_name>
            <Dt_flags type="int">0x40</Dt_flags>
            <Ec type="RGB">1, 1, 1</Ec>
         </polynebgreen.tga>
         <clouds>
            <Type type="text">Nebula</Type>
            <Dt_name type="text">clouds_Ku01.tga</Dt_name>
            <Dt_flags type="int">0x40</Dt_flags>
         </clouds>
      </Material_library>
      <Texture_library name="Texture library">
         <clouds_Ku01.tga>
            <MIPS type="file" filename="starsphere_ku06_cmp\clouds_Ku01.dds"/>
         </clouds_Ku01.tga>
         <polynebgreen3.tga>
            <MIPS type="file" filename="starsphere_ku06_cmp\polynebgreen3.dds"/>
         </polynebgreen3.tga>
         <crow_tile01_.tga name="crow_tile01 .tga">
            <MIPS type="file" filename="starsphere_ku06_cmp\crow_tile01 .dds"/>
         </crow_tile01_.tga>
         <galactic_belt01.tga>
            <MIPS type="file" filename="starsphere_ku06_cmp\galactic_belt01.dds"/>
         </galactic_belt01.tga>
         <stars_large01.tga>
            <MIPS type="file" filename="starsphere_ku06_cmp\stars_large01.dds"/>
         </stars_large01.tga>
         <stars03.tga>
            <MIPS type="file" filename="starsphere_ku06_cmp\stars03.dds"/>
         </stars03.tga>
      </Texture_library>
      <starsphere011202195552.3db>
         <VMeshPart>
            <VMeshRef type="VMeshRef">
               <!-- header size  --> 60,
               <!-- vmesh lib    --> data.solar.starsphere.starsphere_ku06.lod0-102.vms,
               <!-- start vert   --> 10107,
               <!-- num verts    --> 939,
               <!-- start index  --> 10107,
               <!-- num indices  --> 939,
               <!-- start mesh   --> 38,
               <!-- num meshes   --> 1,
               <!-- bounding box -->   1.1592946,   0.56219959, -64.157211,
                                     -68.876526,  -48.423973,   -99.373711,
               <!-- center       --> -31.914928,  -20.691296,   -83.090347,
               <!-- radius       --> 43.104183
            </VMeshRef>
         </VMeshPart>
      </starsphere011202195552.3db>
      <Object28011202195552.3db>
         <VMeshPart>
            <VMeshRef type="VMeshRef">
               <!-- header size  --> 60,
               <!-- vmesh lib    --> data.solar.starsphere.starsphere_ku06.lod0-102.vms,
               <!-- start vert   --> 8673,
               <!-- num verts    --> 105,
               <!-- start index  --> 8673,
               <!-- num indices  --> 105,
               <!-- start mesh   --> 32,
               <!-- num meshes   --> 2,
               <!-- bounding box --> 83.366638, -50.040703,  -0.50015253,
                                     26.983973, -95.117653, -49.90575,
               <!-- center       --> 55.011169, -72.855728, -22.680271,
               <!-- radius       --> 38.582687
            </VMeshRef>
         </VMeshPart>
      </Object28011202195552.3db>
      <Object09011202195552.3db>
         <VMeshPart>
            <VMeshRef type="VMeshRef">
               <!-- header size  --> 60,
               <!-- vmesh lib    --> data.solar.starsphere.starsphere_ku06.lod0-102.vms,
               <!-- start vert   --> 5823,
               <!-- num verts    --> 762,
               <!-- start index  --> 5823,
               <!-- num indices  --> 762,
               <!-- start mesh   --> 18,
               <!-- num meshes   --> 1,
               <!-- bounding box --> 72.425385,     0.55864382, 99.845116,
                                      0.17790769, -49.283596,   61.433754,
               <!-- center       --> 33.574753,   -21.522562,   82.44696,
               <!-- radius       --> 42.745949
            </VMeshRef>
         </VMeshPart>
      </Object09011202195552.3db>
      <Object31011202195552.3db>
         <VMeshPart>
            <VMeshRef type="VMeshRef">
               <!-- header size  --> 60,
               <!-- vmesh lib    --> data.solar.starsphere.starsphere_ku06.lod0-102.vms,
               <!-- start vert   --> 11793,
               <!-- num verts    --> 177,
               <!-- start index  --> 11793,
               <!-- num indices  --> 177,
               <!-- start mesh   --> 43,
               <!-- num meshes   --> 2,
               <!-- bounding box -->   1.3902854, -50.687992, 82.620201,
                                     -49.339626,  -97.834908, 15.717826,
               <!-- center       --> -20.345127,  -74.833801, 48.987186,
               <!-- radius       --> 43.438118
            </VMeshRef>
         </VMeshPart>
      </Object31011202195552.3db>
      <Object02011202195552.3db>
         <VMeshPart>
            <VMeshRef type="VMeshRef">
               <!-- header size  --> 60,
               <!-- vmesh lib    --> data.solar.starsphere.starsphere_ku06.lod0-102.vms,
               <!-- start vert   --> 9672,
               <!-- num verts    --> 435,
               <!-- start index  --> 9672,
               <!-- num indices  --> 435,
               <!-- start mesh   --> 36,
               <!-- num meshes   --> 2,
               <!-- bounding box -->  -0.17791484,   0.75534821, -64.332848,
                                     -70.502747,   -47.15316,    -99.962517,
               <!-- center       --> -33.79483,    -19.814976,   -83.500221,
               <!-- radius       --> 41.635086
            </VMeshRef>
         </VMeshPart>
      </Object02011202195552.3db>
      <Object25011202195552.3db>
         <VMeshPart>
            <VMeshRef type="VMeshRef">
               <!-- header size  --> 60,
               <!-- vmesh lib    --> data.solar.starsphere.starsphere_ku06.lod0-102.vms,
               <!-- start vert   --> 7110,
               <!-- num verts    --> 339,
               <!-- start index  --> 7110,
               <!-- num indices  --> 339,
               <!-- start mesh   --> 23,
               <!-- num meshes   --> 2,
               <!-- bounding box --> -66.773529,   0.52146745,   0.37265027,
                                     -99.371819, -48.423988,   -70.822746,
               <!-- center       --> -83.454727, -21.141201,   -34.606384,
               <!-- radius       --> 42.934895
            </VMeshRef>
         </VMeshPart>
      </Object25011202195552.3db>
      <Object07011202195552.3db>
         <VMeshPart>
            <VMeshRef type="VMeshRef">
               <!-- header size  --> 60,
               <!-- vmesh lib    --> data.solar.starsphere.starsphere_ku06.lod0-102.vms,
               <!-- start vert   --> 8778,
               <!-- num verts    --> 894,
               <!-- start index  --> 8778,
               <!-- num indices  --> 894,
               <!-- start mesh   --> 34,
               <!-- num meshes   --> 2,
               <!-- bounding box --> 100.89856,    0.31142431,   0.033463869,
                                      66.164444, -47.153103,   -70.964432,
               <!-- center       -->  83.663071, -19.838488,   -36.045509,
               <!-- radius       --> 42.662418
            </VMeshRef>
         </VMeshPart>
      </Object07011202195552.3db>
      <Object08011202195552.3db>
         <VMeshPart>
            <VMeshRef type="VMeshRef">
               <!-- header size  --> 60,
               <!-- vmesh lib    --> data.solar.starsphere.starsphere_ku06.lod0-102.vms,
               <!-- start vert   --> 11046,
               <!-- num verts    --> 333,
               <!-- start index  --> 11046,
               <!-- num indices  --> 333,
               <!-- start mesh   --> 39,
               <!-- num meshes   --> 1,
               <!-- bounding box --> -67.342606,   0.27317929, 68.246094,
                                     -99.619781, -48.423939,    0.65794742,
               <!-- center       --> -83.8582,   -20.880785,   33.988041,
               <!-- radius       --> 42.358673
            </VMeshRef>
         </VMeshPart>
      </Object08011202195552.3db>
      <Object01011202195552.3db>
         <VMeshPart>
            <VMeshRef type="VMeshRef">
               <!-- header size  --> 60,
               <!-- vmesh lib    --> data.solar.starsphere.starsphere_ku06.lod0-102.vms,
               <!-- start vert   --> 1989,
               <!-- num verts    --> 141,
               <!-- start index  --> 1989,
               <!-- num indices  --> 141,
               <!-- start mesh   --> 5,
               <!-- num meshes   --> 1,
               <!-- bounding box --> 83.36657,  -50.040733, 49.90583,
                                     26.983887, -95.657829,  0.78221381,
               <!-- center       --> 54.341862, -73.597214, 23.093328,
               <!-- radius       --> 37.937664
            </VMeshRef>
         </VMeshPart>
      </Object01011202195552.3db>
      <Object21011202195552.3db>
         <VMeshPart>
            <VMeshRef type="VMeshRef">
               <!-- header size  --> 60,
               <!-- vmesh lib    --> data.solar.starsphere.starsphere_ku06.lod0-102.vms,
               <!-- start vert   --> 648,
               <!-- num verts    --> 591,
               <!-- start index  --> 648,
               <!-- num indices  --> 591,
               <!-- start mesh   --> 2,
               <!-- num meshes   --> 1,
               <!-- bounding box --> 69.085823,     -0.028635735,  -64.697182,
                                      0.022471162, -48.423962,    -101.06695,
               <!-- center       --> 34.97604,     -21.45553,      -83.077911,
               <!-- radius       --> 41.255219
            </VMeshRef>
         </VMeshPart>
      </Object21011202195552.3db>
      <Object10011202195552.3db>
         <VMeshPart>
            <VMeshRef type="VMeshRef">
               <!-- header size  --> 60,
               <!-- vmesh lib    --> data.solar.starsphere.starsphere_ku06.lod0-102.vms,
               <!-- start vert   --> 2580,
               <!-- num verts    --> 162,
               <!-- start index  --> 2580,
               <!-- num indices  --> 162,
               <!-- start mesh   --> 9,
               <!-- num meshes   --> 2,
               <!-- bounding box -->   0.39486483, -48.90926,  -15.717777,
                                     -49.339615,   -97.834923, -87.1185,
               <!-- center       --> -19.807289,   -72.651695, -52.534508,
               <!-- radius       --> 47.028938
            </VMeshRef>
         </VMeshPart>
      </Object10011202195552.3db>
      <Object18011202195552.3db>
         <VMeshPart>
            <VMeshRef type="VMeshRef">
               <!-- header size  --> 60,
               <!-- vmesh lib    --> data.solar.starsphere.starsphere_ku06.lod0-102.vms,
               <!-- start vert   --> 0,
               <!-- num verts    --> 102,
               <!-- start index  --> 0,
               <!-- num indices  --> 102,
               <!-- start mesh   --> 0,
               <!-- num meshes   --> 1,
               <!-- bounding box --> -26.983931, -50.040756,  -0.78211796,
                                     -83.366577, -95.117668, -49.905754,
               <!-- center       --> -54.413887, -73.337341, -23.287146,
               <!-- radius       --> 37.662701
            </VMeshRef>
         </VMeshPart>
      </Object18011202195552.3db>
      <Object16011202195552.3db>
         <VMeshPart>
            <VMeshRef type="VMeshRef">
               <!-- header size  --> 60,
               <!-- vmesh lib    --> data.solar.starsphere.starsphere_ku06.lod0-102.vms,
               <!-- start vert   --> 8028,
               <!-- num verts    --> 195,
               <!-- start index  --> 8028,
               <!-- num indices  --> 195,
               <!-- start mesh   --> 26,
               <!-- num meshes   --> 1,
               <!-- bounding box -->  -9.111598,  -50.040695, 50.275444,
                                     -83.366615, -101.21024,   0.30787009,
               <!-- center       --> -44.546082,  -76.829666, 21.788324,
               <!-- radius       --> 48.077278
            </VMeshRef>
         </VMeshPart>
