<?xml version="1.0" encoding="ISO-8859-1"?>
<!-- XML generated by UTFXML Version 2.2 built 19-Aug-2010 -->
<UTFXML filename="starsphere_rh03_stars.cmp" path="SOLAR\STARSPHERE">
   <UTF_ROOT>
      <VMeshLibrary>
         <data.solar.starsphere.starsphere_rh03_stars.lod0-102.vms include="starsphere_rh03_stars_cmp\lod0-102.vms.xml"/>
      </VMeshLibrary>
      <Exporter_Version name="Exporter Version" type="text">Jun 10 2002 16:27:11</Exporter_Version>
      <Cmpnd>
         <Root>
            <Object_name name="Object name" type="text">Root</Object_name>
            <File_name name="File name" type="text">starsphere020721151616.3db</File_name>
            <Index type="int">0</Index>
         </Root>
         <Part_Object28>
            <Object_name name="Object name" type="text">Object28</Object_name>
            <File_name name="File name" type="text">Object28020721151616.3db</File_name>
            <Index type="int">1</Index>
         </Part_Object28>
         <Part_Object09>
            <Object_name name="Object name" type="text">Object09</Object_name>
            <File_name name="File name" type="text">Object09020721151616.3db</File_name>
            <Index type="int">2</Index>
         </Part_Object09>
         <Part_Object31>
            <Object_name name="Object name" type="text">Object31</Object_name>
            <File_name name="File name" type="text">Object31020721151616.3db</File_name>
            <Index type="int">3</Index>
         </Part_Object31>
         <Part_Object07>
            <Object_name name="Object name" type="text">Object07</Object_name>
            <File_name name="File name" type="text">Object07020721151616.3db</File_name>
            <Index type="int">4</Index>
         </Part_Object07>
         <Part_Object08>
            <Object_name name="Object name" type="text">Object08</Object_name>
            <File_name name="File name" type="text">Object08020721151616.3db</File_name>
            <Index type="int">5</Index>
         </Part_Object08>
         <Part_Object01>
            <Object_name name="Object name" type="text">Object01</Object_name>
            <File_name name="File name" type="text">Object01020721151616.3db</File_name>
            <Index type="int">6</Index>
         </Part_Object01>
         <Part_Object21>
            <Object_name name="Object name" type="text">Object21</Object_name>
            <File_name name="File name" type="text">Object21020721151616.3db</File_name>
            <Index type="int">7</Index>
         </Part_Object21>
         <Part_Object10>
            <Object_name name="Object name" type="text">Object10</Object_name>
            <File_name name="File name" type="text">Object10020721151616.3db</File_name>
            <Index type="int">8</Index>
         </Part_Object10>
         <Part_Object18>
            <Object_name name="Object name" type="text">Object18</Object_name>
            <File_name name="File name" type="text">Object18020721151616.3db</File_name>
            <Index type="int">9</Index>
         </Part_Object18>
         <Part_Object16>
            <Object_name name="Object name" type="text">Object16</Object_name>
            <File_name name="File name" type="text">Object16020721151616.3db</File_name>
            <Index type="int">10</Index>
         </Part_Object16>
         <Part_Object24>
            <Object_name name="Object name" type="text">Object24</Object_name>
            <File_name name="File name" type="text">Object24020721151616.3db</File_name>
            <Index type="int">11</Index>
         </Part_Object24>
         <Part_Object15>
            <Object_name name="Object name" type="text">Object15</Object_name>
            <File_name name="File name" type="text">Object15020721151616.3db</File_name>
            <Index type="int">12</Index>
         </Part_Object15>
         <Part_Object17>
            <Object_name name="Object name" type="text">Object17</Object_name>
            <File_name name="File name" type="text">Object17020721151616.3db</File_name>
            <Index type="int">13</Index>
         </Part_Object17>
         <Part_Object19>
            <Object_name name="Object name" type="text">Object19</Object_name>
            <File_name name="File name" type="text">Object19020721151616.3db</File_name>
            <Index type="int">14</Index>
         </Part_Object19>
         <Part_Object29>
            <Object_name name="Object name" type="text">Object29</Object_name>
            <File_name name="File name" type="text">Object29020721151616.3db</File_name>
            <Index type="int">15</Index>
         </Part_Object29>
         <Part_Object04>
            <Object_name name="Object name" type="text">Object04</Object_name>
            <File_name name="File name" type="text">Object04020721151616.3db</File_name>
            <Index type="int">16</Index>
         </Part_Object04>
         <Part_Object03>
            <Object_name name="Object name" type="text">Object03</Object_name>
            <File_name name="File name" type="text">Object03020721151616.3db</File_name>
            <Index type="int">17</Index>
         </Part_Object03>
         <Part_Object30>
            <Object_name name="Object name" type="text">Object30</Object_name>
            <File_name name="File name" type="text">Object30020721151616.3db</File_name>
            <Index type="int">18</Index>
         </Part_Object30>
         <Part_Object27>
            <Object_name name="Object name" type="text">Object27</Object_name>
            <File_name name="File name" type="text">Object27020721151616.3db</File_name>
            <Index type="int">19</Index>
         </Part_Object27>
         <Part_Object05>
            <Object_name name="Object name" type="text">Object05</Object_name>
            <File_name name="File name" type="text">Object05020721151616.3db</File_name>
            <Index type="int">20</Index>
         </Part_Object05>
         <Part_Object06>
            <Object_name name="Object name" type="text">Object06</Object_name>
            <File_name name="File name" type="text">Object06020721151616.3db</File_name>
            <Index type="int">21</Index>
         </Part_Object06>
         <Part_Object26>
            <Object_name name="Object name" type="text">Object26</Object_name>
            <File_name name="File name" type="text">Object26020721151616.3db</File_name>
            <Index type="int">22</Index>
         </Part_Object26>
         <Part_Object22>
            <Object_name name="Object name" type="text">Object22</Object_name>
            <File_name name="File name" type="text">Object22020721151616.3db</File_name>
            <Index type="int">23</Index>
         </Part_Object22>
         <Part_Object11>
            <Object_name name="Object name" type="text">Object11</Object_name>
            <File_name name="File name" type="text">Object11020721151616.3db</File_name>
            <Index type="int">24</Index>
         </Part_Object11>
         <Part_Object13>
            <Object_name name="Object name" type="text">Object13</Object_name>
            <File_name name="File name" type="text">Object13020721151616.3db</File_name>
            <Index type="int">25</Index>
         </Part_Object13>
         <Part_Object12>
            <Object_name name="Object name" type="text">Object12</Object_name>
            <File_name name="File name" type="text">Object12020721151616.3db</File_name>
            <Index type="int">26</Index>
         </Part_Object12>
         <Part_Object20>
            <Object_name name="Object name" type="text">Object20</Object_name>
            <File_name name="File name" type="text">Object20020721151616.3db</File_name>
            <Index type="int">27</Index>
         </Part_Object20>
         <Part_Object23>
            <Object_name name="Object name" type="text">Object23</Object_name>
            <File_name name="File name" type="text">Object23020721151616.3db</File_name>
            <Index type="int">28</Index>
         </Part_Object23>
         <Part_Object14>
            <Object_name name="Object name" type="text">Object14</Object_name>
            <File_name name="File name" type="text">Object14020721151616.3db</File_name>
            <Index type="int">29</Index>
         </Part_Object14>
         <Cons>
            <Fix type="Fix" count="29">
               <part>
                  <!-- parent      --> "Root",
                  <!-- child       --> "Object28",
                  <!-- position    --> 1.2783306, 53.056858e-9, -0.89014626,
                  <!-- orientation -->  -0.7071067700, -541.81055e-09,   0.7071068300,
                                       -202.32503e-09,   1.0000000000,  563.91076e-09,
                                        -0.7071068300,  255.67971e-09,  -0.7071067700
               </part>
               <part>
                  <!-- parent      --> "Root",
                  <!-- child       --> "Object09",
                  <!-- position    --> 1.2783306, 53.056858e-9, -0.89014626,
                  <!-- orientation -->  -0.7071067700, -541.81055e-09,   0.7071068300,
                                       -202.32503e-09,   1.0000000000,  563.91076e-09,
                                        -0.7071068300,  255.67971e-09,  -0.7071067700
               </part>
               <part>
                  <!-- parent      --> "Root",
                  <!-- child       --> "Object31",
                  <!-- position    --> 1.2783306, 53.056858e-9, -0.89014626,
                  <!-- orientation -->  -0.7071067700, -541.81055e-09,   0.7071068300,
                                       -202.32503e-09,   1.0000000000,  563.91076e-09,
                                        -0.7071068300,  255.67971e-09,  -0.7071067700
               </part>
               <part>
                  <!-- parent      --> "Root",
                  <!-- child       --> "Object07",
                  <!-- position    --> 1.2783306, 53.056858e-9, -0.89014626,
                  <!-- orientation -->  -0.7071067700, -541.81055e-09,   0.7071068300,
                                       -202.32503e-09,   1.0000000000,  563.91076e-09,
                                        -0.7071068300,  255.67971e-09,  -0.7071067700
               </part>
               <part>
                  <!-- parent      --> "Root",
                  <!-- child       --> "Object08",
                  <!-- position    --> 1.2783306, 53.056858e-9, -0.89014626,
                  <!-- orientation -->  -0.7071067700, -541.81055e-09,   0.7071068300,
                                       -202.32503e-09,   1.0000000000,  563.91076e-09,
                                        -0.7071068300,  255.67971e-09,  -0.7071067700
               </part>
               <part>
                  <!-- parent      --> "Root",
                  <!-- child       --> "Object01",
                  <!-- position    --> 1.2783306, 53.056858e-9, -0.89014626,
                  <!-- orientation -->  -0.7071067700, -541.81055e-09,   0.7071068300,
                                       -202.32503e-09,   1.0000000000,  563.91076e-09,
                                        -0.7071068300,  255.67971e-09,  -0.7071067700
               </part>
               <part>
                  <!-- parent      --> "Root",
                  <!-- child       --> "Object21",
                  <!-- position    --> 1.2783306, 53.056858e-9, -0.89014626,
                  <!-- orientation -->  -0.7071067700, -541.81055e-09,   0.7071068300,
                                       -202.32503e-09,   1.0000000000,  563.91076e-09,
                                        -0.7071068300,  255.67971e-09,  -0.7071067700
               </part>
               <part>
                  <!-- parent      --> "Root",
                  <!-- child       --> "Object10",
                  <!-- position    --> 1.2783306, 53.056858e-9, -0.89014626,
                  <!-- orientation -->  -0.7071067700, -541.81055e-09,   0.7071068300,
                                       -202.32503e-09,   1.0000000000,  563.91076e-09,
                                        -0.7071068300,  255.67971e-09,  -0.7071067700
               </part>
               <part>
                  <!-- parent      --> "Root",
                  <!-- child       --> "Object18",
                  <!-- position    --> 1.2783306, 53.056858e-9, -0.89014626,
                  <!-- orientation -->  -0.7071067700, -541.81055e-09,   0.7071068300,
                                       -202.32503e-09,   1.0000000000,  563.91076e-09,
                                        -0.7071068300,  255.67971e-09,  -0.7071067700
               </part>
               <part>
                  <!-- parent      --> "Root",
                  <!-- child       --> "Object16",
                  <!-- position    --> 1.2783306, 53.056858e-9, -0.89014626,
                  <!-- orientation -->  -0.7071067700, -541.81055e-09,   0.7071068300,
                                       -202.32503e-09,   1.0000000000,  563.91076e-09,
                                        -0.7071068300,  255.67971e-09,  -0.7071067700
               </part>
               <part>
                  <!-- parent      --> "Root",
                  <!-- child       --> "Object24",
                  <!-- position    --> 1.2783306, 53.056858e-9, -0.89014626,
                  <!-- orientation -->  -0.7071067700, -541.81055e-09,   0.7071068300,
                                       -202.32503e-09,   1.0000000000,  563.91076e-09,
                                        -0.7071068300,  255.67971e-09,  -0.7071067700
               </part>
               <part>
                  <!-- parent      --> "Root",
                  <!-- child       --> "Object15",
                  <!-- position    --> 1.2783306, 53.056858e-9, -0.89014626,
                  <!-- orientation -->  -0.7071067700, -541.81055e-09,   0.7071068300,
                                       -202.32503e-09,   1.0000000000,  563.91076e-09,
                                        -0.7071068300,  255.67971e-09,  -0.7071067700
               </part>
               <part>
                  <!-- parent      --> "Root",
                  <!-- child       --> "Object17",
                  <!-- position    --> 1.2783306, 53.056858e-9, -0.89014626,
                  <!-- orientation -->  -0.7071067700, -541.81055e-09,   0.7071068300,
                                       -202.32503e-09,   1.0000000000,  563.91076e-09,
                                        -0.7071068300,  255.67971e-09,  -0.7071067700
               </part>
               <part>
                  <!-- parent      --> "Root",
                  <!-- child       --> "Object19",
                  <!-- position    --> 1.2783306, 53.056858e-9, -0.89014626,
                  <!-- orientation -->  -0.7071067700, -541.81055e-09,   0.7071068300,
                                       -202.32503e-09,   1.0000000000,  563.91076e-09,
                                        -0.7071068300,  255.67971e-09,  -0.7071067700
               </part>
               <part>
                  <!-- parent      --> "Root",
                  <!-- child       --> "Object29",
                  <!-- position    --> 1.2783306, 53.056858e-9, -0.89014626,
                  <!-- orientation -->  -0.7071067700, -541.81055e-09,   0.7071068300,
                                       -202.32503e-09,   1.0000000000,  563.91076e-09,
                                        -0.7071068300,  255.67971e-09,  -0.7071067700
               </part>
               <part>
                  <!-- parent      --> "Root",
                  <!-- child       --> "Object04",
                  <!-- position    --> 1.2783306, 53.056858e-9, -0.89014626,
                  <!-- orientation -->  -0.7071067700, -541.81055e-09,   0.7071068300,
                                       -202.32503e-09,   1.0000000000,  563.91076e-09,
                                        -0.7071068300,  255.67971e-09,  -0.7071067700
               </part>
               <part>
                  <!-- parent      --> "Root",
                  <!-- child       --> "Object03",
                  <!-- position    --> 1.2783306, 53.056858e-9, -0.89014626,
                  <!-- orientation -->  -0.7071067700, -541.81055e-09,   0.7071068300,
                                       -202.32503e-09,   1.0000000000,  563.91076e-09,
                                        -0.7071068300,  255.67971e-09,  -0.7071067700
               </part>
               <part>
                  <!-- parent      --> "Root",
                  <!-- child       --> "Object30",
                  <!-- position    --> 1.2783306, 53.056858e-9, -0.89014626,
                  <!-- orientation -->  -0.7071067700, -541.81055e-09,   0.7071068300,
                                       -202.32503e-09,   1.0000000000,  563.91076e-09,
                                        -0.7071068300,  255.67971e-09,  -0.7071067700
               </part>
               <part>
                  <!-- parent      --> "Root",
                  <!-- child       --> "Object27",
                  <!-- position    --> 1.2783306, 53.056858e-9, -0.89014626,
                  <!-- orientation -->  -0.7071067700, -541.81055e-09,   0.7071068300,
                                       -202.32503e-09,   1.0000000000,  563.91076e-09,
                                        -0.7071068300,  255.67971e-09,  -0.7071067700
               </part>
               <part>
                  <!-- parent      --> "Root",
                  <!-- child       --> "Object05",
                  <!-- position    --> 1.2783306, 53.056858e-9, -0.89014626,
                  <!-- orientation -->  -0.7071067700, -541.81055e-09,   0.7071068300,
                                       -202.32503e-09,   1.0000000000,  563.91076e-09,
                                        -0.7071068300,  255.67971e-09,  -0.7071067700
               </part>
               <part>
                  <!-- parent      --> "Root",
                  <!-- child       --> "Object06",
                  <!-- position    --> 1.2783306, 53.056858e-9, -0.89014626,
                  <!-- orientation -->  -0.7071067700, -541.81055e-09,   0.7071068300,
                                       -202.32503e-09,   1.0000000000,  563.91076e-09,
                                        -0.7071068300,  255.67971e-09,  -0.7071067700
               </part>
               <part>
                  <!-- parent      --> "Root",
                  <!-- child       --> "Object26",
                  <!-- position    --> 1.2783306, 53.056858e-9, -0.89014626,
                  <!-- orientation -->  -0.7071067700, -541.81055e-09,   0.7071068300,
                                       -202.32503e-09,   1.0000000000,  563.91076e-09,
                                        -0.7071068300,  255.67971e-09,  -0.7071067700
               </part>
               <part>
                  <!-- parent      --> "Root",
                  <!-- child       --> "Object22",
                  <!-- position    --> 1.2783306, 53.056858e-9, -0.89014626,
                  <!-- orientation -->  -0.7071067700, -541.81055e-09,   0.7071068300,
                                       -202.32503e-09,   1.0000000000,  563.91076e-09,
                                        -0.7071068300,  255.67971e-09,  -0.7071067700
               </part>
               <part>
                  <!-- parent      --> "Root",
                  <!-- child       --> "Object11",
                  <!-- position    --> 1.2783306, 53.056858e-9, -0.89014626,
                  <!-- orientation -->  -0.7071067700, -541.81055e-09,   0.7071068300,
                                       -202.32503e-09,   1.0000000000,  563.91076e-09,
                                        -0.7071068300,  255.67971e-09,  -0.7071067700
               </part>
               <part>
                  <!-- parent      --> "Root",
                  <!-- child       --> "Object13",
                  <!-- position    --> 1.2783306, 53.056858e-9, -0.89014626,
                  <!-- orientation -->  -0.7071067700, -541.81055e-09,   0.7071068300,
                                       -202.32503e-09,   1.0000000000,  563.91076e-09,
                                        -0.7071068300,  255.67971e-09,  -0.7071067700
               </part>
               <part>
                  <!-- parent      --> "Root",
                  <!-- child       --> "Object12",
                  <!-- position    --> 1.2783306, 53.056858e-9, -0.89014626,
                  <!-- orientation -->  -0.7071067700, -541.81055e-09,   0.7071068300,
                                       -202.32503e-09,   1.0000000000,  563.91076e-09,
                                        -0.7071068300,  255.67971e-09,  -0.7071067700
               </part>
               <part>
                  <!-- parent      --> "Root",
                  <!-- child       --> "Object20",
                  <!-- position    --> 1.2783306, 53.056858e-9, -0.89014626,
                  <!-- orientation -->  -0.7071067700, -541.81055e-09,   0.7071068300,
                                       -202.32503e-09,   1.0000000000,  563.91076e-09,
                                        -0.7071068300,  255.67971e-09,  -0.7071067700
               </part>
               <part>
                  <!-- parent      --> "Root",
                  <!-- child       --> "Object23",
                  <!-- position    --> 1.2783306, 53.056858e-9, -0.89014626,
                  <!-- orientation -->  -0.7071067700, -541.81055e-09,   0.7071068300,
                                       -202.32503e-09,   1.0000000000,  563.91076e-09,
                                        -0.7071068300,  255.67971e-09,  -0.7071067700
               </part>
               <part>
                  <!-- parent      --> "Root",
                  <!-- child       --> "Object14",
                  <!-- position    --> 1.2783306, 53.056858e-9, -0.89014626,
                  <!-- orientation -->  -0.7071067700, -541.81055e-09,   0.7071068300,
                                       -202.32503e-09,   1.0000000000,  563.91076e-09,
                                        -0.7071068300,  255.67971e-09,  -0.7071067700
               </part>
            </Fix>
         </Cons>
      </Cmpnd>
      <Material_library name="Material library">
         <Material_count name="Material count" type="int">2</Material_count>
         <stars.tga>
            <Type type="text">DcDtEc</Type>
            <Dt_name type="text">stars.tga</Dt_name>
            <Dt_flags type="int">0x40</Dt_flags>
            <Ec type="RGB">1, 1, 1</Ec>
         </stars.tga>
         <stars_large01.tga>
            <Type type="text">DcDtEc</Type>
            <Dt_name type="text">stars_large01.tga</Dt_name>
            <Dt_flags type="int">0x40</Dt_flags>
            <Ec type="RGB">1, 1, 1</Ec>
         </stars_large01.tga>
      </Material_library>
      <Texture_library name="Texture library">
         <stars_large01.tga>
            <MIPS type="file" filename="starsphere_rh03_stars_cmp\stars_large01.dds"/>
         </stars_large01.tga>
         <stars.tga>
            <MIPS type="file" filename="starsphere_rh03_stars_cmp\stars.dds"/>
         </stars.tga>
      </Texture_library>
      <starsphere020721151616.3db>
         <VMeshPart>
            <VMeshRef type="VMeshRef">
               <!-- header size  --> 60,
               <!-- vmesh lib    --> data.solar.starsphere.starsphere_rh03_stars.lod0-102.vms,
               <!-- start vert   --> 5880,
               <!-- num verts    --> 939,
               <!-- start index  --> 5880,
               <!-- num indices  --> 939,
               <!-- start mesh   --> 34,
               <!-- num meshes   --> 1,
               <!-- bounding box -->   1.1592946,   0.56219959, -64.157211,
                                     -68.876526,  -48.423973,   -99.373711,
               <!-- center       --> -31.914928,  -20.691296,   -83.090347,
               <!-- radius       --> 43.104183
            </VMeshRef>
         </VMeshPart>
      </starsphere020721151616.3db>
      <Object28020721151616.3db>
         <VMeshPart>
            <VMeshRef type="VMeshRef">
               <!-- header size  --> 60,
               <!-- vmesh lib    --> data.solar.starsphere.starsphere_rh03_stars.lod0-102.vms,
               <!-- start vert   --> 4881,
               <!-- num verts    --> 105,
               <!-- start index  --> 4881,
               <!-- num indices  --> 105,
               <!-- start mesh   --> 30,
               <!-- num meshes   --> 2,
               <!-- bounding box --> 83.366638, -50.040703,  -0.50015253,
                                     26.983973, -95.117653, -49.90575,
               <!-- center       --> 55.011169, -72.855728, -22.680271,
               <!-- radius       --> 38.582687
            </VMeshRef>
         </VMeshPart>
      </Object28020721151616.3db>
      <Object09020721151616.3db>
         <VMeshPart>
            <VMeshRef type="VMeshRef">
               <!-- header size  --> 60,
               <!-- vmesh lib    --> data.solar.starsphere.starsphere_rh03_stars.lod0-102.vms,
               <!-- start vert   --> 1020,
               <!-- num verts    --> 339,
               <!-- start index  --> 1020,
               <!-- num indices  --> 339,
               <!-- start mesh   --> 2,
               <!-- num meshes   --> 1,
               <!-- bounding box --> 72.425385,    0.55864382, 88.46833,
                                      1.4347533, -49.283596,   61.433754,
               <!-- center       --> 35.014015,  -25.59586,    76.045486,
               <!-- radius       --> 42.534554
            </VMeshRef>
         </VMeshPart>
      </Object09020721151616.3db>
      <Object31020721151616.3db>
         <VMeshPart>
            <VMeshRef type="VMeshRef">
               <!-- header size  --> 60,
               <!-- vmesh lib    --> data.solar.starsphere.starsphere_rh03_stars.lod0-102.vms,
               <!-- start vert   --> 4407,
               <!-- num verts    --> 177,
               <!-- start index  --> 4407,
               <!-- num indices  --> 177,
               <!-- start mesh   --> 25,
               <!-- num meshes   --> 2,
               <!-- bounding box -->   1.3902854, -50.687992, 82.620201,
                                     -49.339626,  -97.834908, 15.717826,
               <!-- center       --> -20.345127,  -74.833801, 48.987186,
               <!-- radius       --> 43.438118
            </VMeshRef>
         </VMeshPart>
      </Object31020721151616.3db>
      <Object07020721151616.3db>
         <VMeshPart>
            <VMeshRef type="VMeshRef">
               <!-- header size  --> 60,
               <!-- vmesh lib    --> data.solar.starsphere.starsphere_rh03_stars.lod0-102.vms,
               <!-- start vert   --> 4986,
               <!-- num verts    --> 894,
               <!-- start index  --> 4986,
               <!-- num indices  --> 894,
               <!-- start mesh   --> 32,
               <!-- num meshes   --> 2,
               <!-- bounding box --> 100.89856,    0.31142431,   0.033463869,
                                      66.164444, -47.153103,   -70.964432,
               <!-- center       -->  83.663071, -19.838488,   -36.045509,
               <!-- radius       --> 42.662418
            </VMeshRef>
         </VMeshPart>
      </Object07020721151616.3db>
      <Object08020721151616.3db>
         <VMeshPart>
            <VMeshRef type="VMeshRef">
               <!-- header size  --> 60,
               <!-- vmesh lib    --> data.solar.starsphere.starsphere_rh03_stars.lod0-102.vms,
               <!-- start vert   --> 4224,
               <!-- num verts    --> 57,
               <!-- start index  --> 4224,
               <!-- num indices  --> 57,
               <!-- start mesh   --> 21,
               <!-- num meshes   --> 1,
               <!-- bounding box --> -67.342606, -12.132661, 58.774036,
                                     -92.09597,  -47.153103, 15.762415,
               <!-- center       --> -79.305733, -32.198467, 37.50631,
               <!-- radius       --> 26.876453
            </VMeshRef>
         </VMeshPart>
      </Object08020721151616.3db>
      <Object01020721151616.3db>
         <VMeshPart>
            <VMeshRef type="VMeshRef">
               <!-- header size  --> 60,
               <!-- vmesh lib    --> data.solar.starsphere.starsphere_rh03_stars.lod0-102.vms,
               <!-- start vert   --> 3348,
               <!-- num verts    --> 141,
               <!-- start index  --> 3348,
               <!-- num indices  --> 141,
               <!-- start mesh   --> 15,
               <!-- num meshes   --> 1,
               <!-- bounding box --> 83.36657,  -50.040733, 49.90583,
                                     26.983887, -95.657829,  0.78221381,
               <!-- center       --> 54.341862, -73.597214, 23.093328,
               <!-- radius       --> 37.937664
            </VMeshRef>
         </VMeshPart>
      </Object01020721151616.3db>
      <Object21020721151616.3db>
         <VMeshPart>
            <VMeshRef type="VMeshRef">
               <!-- header size  --> 60,
               <!-- vmesh lib    --> data.solar.starsphere.starsphere_rh03_stars.lod0-102.vms,
               <!-- start vert   --> 3879,
               <!-- num verts    --> 345,
               <!-- start index  --> 3879,
               <!-- num indices  --> 345,
               <!-- start mesh   --> 20,
               <!-- num meshes   --> 1,
               <!-- bounding box --> 69.085823,  -0.030703161, -64.697182,
                                     26.283134, -48.423962,    -90.60463,
               <!-- center       --> 48.830875, -22.221066,    -77.56012,
               <!-- radius       --> 29.665026
            </VMeshRef>
         </VMeshPart>
      </Object21020721151616.3db>
      <Object10020721151616.3db>
         <VMeshPart>
            <VMeshRef type="VMeshRef">
               <!-- header size  --> 60,
               <!-- vmesh lib    --> data.solar.starsphere.starsphere_rh03_stars.lod0-102.vms,
               <!-- start vert   --> 1506,
               <!-- num verts    --> 66,
               <!-- start index  --> 1506,
               <!-- num indices  --> 66,
               <!-- start mesh   --> 6,
               <!-- num meshes   --> 2,
               <!-- bounding box -->   0.39486483, -74.799072, -15.717777,
                                     -26.241661,   -97.834923, -62.891808,
               <!-- center       --> -11.955349,   -86.54216,  -39.096348,
               <!-- radius       --> 26.903164
            </VMeshRef>
         </VMeshPart>
      </Object10020721151616.3db>
      <Object18020721151616.3db>
         <VMeshPart>
            <VMeshRef type="VMeshRef">
               <!-- header size  --> 60,
               <!-- vmesh lib    --> data.solar.starsphere.starsphere_rh03_stars.lod0-102.vms,
               <!-- start vert   --> 3789,
               <!-- num verts    --> 51,
               <!-- start index  --> 3789,
               <!-- num indices  --> 51,
               <!-- start mesh   --> 18,
               <!-- num meshes   --> 1,
               <!-- bounding box --> -26.983931, -72.444565,  -1.8970057,
                                     -65.372154, -95.117668, -26.121971,
               <!-- center       --> -46.465565, -83.622406, -13.125374,
               <!-- radius       --> 22.918198
            </VMeshRef>
         </VMeshPart>
      </Object18020721151616.3db>
      <Object16020721151616.3db>
         <VMeshPart>
            <VMeshRef type="VMeshRef">
               <!-- header size  --> 60,
               <!-- vmesh lib    --> data.solar.starsphere.starsphere_rh03_stars.lod0-102.vms,
               <!-- start vert   --> 6846,
               <!-- num verts    --> 183,
               <!-- start index  --> 6846,
               <!-- num indices  --> 183,
               <!-- start mesh   --> 36,
               <!-- num meshes   --> 1,
               <!-- bounding box -->  -9.111598,  -50.040695, 50.275444,
                                     -83.366615, -101.21024,   0.30787009,
               <!-- center       --> -44.546082,  -76.829666, 21.788324,
               <!-- radius       --> 48.077278
            </VMeshRef>
         </VMeshPart>
      </Object16020721151616.3db>
      <Object24020721151616.3db>
         <VMeshPart>
            <VMeshRef type="VMeshRef">
               <!-- header size  --> 60,
               <!-- vmesh lib    --> data.solar.starsphere.starsphere_rh03_stars.lod0-102.vms,
               <!-- start vert   --> 3840,
               <!-- num verts    --> 39,
               <!-- start index  --> 3840,
               <!-- num indices  --> 39,
               <!-- start mesh   --> 19,
               <!-- num meshes   --> 1,
               <!-- bounding box -->  -1.4347265, -31.27491,  87.984802,
                                     -58.383755,  -49.28355,  64.332878,
               <!-- center       --> -28.660387,  -40.762985, 76.678261,
               <!-- radius       --> 30.337936
            </VMeshRef>
         </VMeshPart>
      </Object24020721151616.3db>
      <Object15020721151616.3db>
         <VMeshPart>
            <VMeshRef type="VMeshRef">
               <!-- header size  --> 60,
               <!-- vmesh lib    --> data.solar.starsphere.starsphere_rh03_stars.lod0-102.vms,
               <!-- start vert   --> 1371,
               <!-- num verts    --> 135,
               <!-- start index  --> 1371,
               <!-- num indices  --> 135,
               <!-- start mesh   --> 5,
               <!-- num meshes   --> 1,
               <!-- bounding box --> 49.339607,  -50.688015, -15.717781,
                                      1.5363719, -97.834915, -80.37558,
               <!-- center       --> 22.175123,  -75.613365, -46.89497,
               <!-- radius       --> 42.000496
            </VMeshRef>
         </VMeshPart>
      </Object15020721151616.3db>
      <Object17020721151616.3db>
         <VMeshPart>
            <VMeshRef type="VMeshRef">
               <!-- header size  --> 60,
               <!-- vmesh lib    --> data.solar.starsphere.starsphere_rh03_stars.lod0-102.vms,
               <!-- start vert   --> 3636,
               <!-- num verts    --> 153,
               <!-- start index  --> 3636,
               <!-- num indices  --> 153,
               <!-- start mesh   --> 17,
               <!-- num meshes   --> 1,
               <!-- bounding box --> 55.145359,    -50.688011, 82.291664,
                                      0.56536877, -101.45245,   1.2088984,
               <!-- center       --> 23.888184,    -76.580986, 41.593967,
               <!-- radius       --> 50.914173
            </VMeshRef>
         </VMeshPart>
      </Object17020721151616.3db>
      <Object19020721151616.3db>
         <VMeshPart>
            <VMeshRef type="VMeshRef">
               <!-- header size  --> 60,
               <!-- vmesh lib    --> data.solar.starsphere.starsphere_rh03_stars.lod0-102.vms,
               <!-- start vert   --> 7182,
               <!-- num verts    --> 117,
               <!-- start index  --> 7182,
               <!-- num indices  --> 117,
               <!-- start mesh   --> 39,
               <!-- num meshes   --> 1,
               <!-- bounding box --> 73.407089, 95.117668, 52.217976,
                                     25.75692,  50.040752,  2.1195621,
               <!-- center       --> 52.176189, 72.325531, 24.281624,
               <!-- radius       --> 36.858307
            </VMeshRef>
         </VMeshPart>
      </Object19020721151616.3db>
      <Object29020721151616.3db>
         <VMeshPart>
            <VMeshRef type="VMeshRef">
               <!-- header size  --> 60,
               <!-- vmesh lib    --> data.solar.starsphere.starsphere_rh03_stars.lod0-102.vms,
               <!-- start vert   --> 2610,
               <!-- num verts    --> 339,
               <!-- start index  --> 2610,
               <!-- num indices  --> 339,
               <!-- start mesh   --> 11,
               <!-- num meshes   --> 2,
               <!-- bounding box --> 70.051994, 48.423939,   90.066292,
                                     21.586561, -0.25398844, 63.409096,
               <!-- center       --> 47.675961, 21.819359,   76.765602,
               <!-- radius       --> 32.045448
            </VMeshRef>
         </VMeshPart>
      </Object29020721151616.3db>
      <Object04020721151616.3db>
         <VMeshPart>
            <VMeshRef type="VMeshRef">
               <!-- header size  --> 60,
               <!-- vmesh lib    --> data.solar.starsphere.starsphere_rh03_stars.lod0-102.vms,
               <!-- start vert   --> 2949,
               <!-- num verts    --> 399,
               <!-- start index  --> 2949,
               <!-- num indices  --> 399,
               <!-- start mesh   --> 13,
               <!-- num meshes   --> 2,
               <!-- bounding box --> 69.763084, 47.153076,     -67.345688,
                                      7.219985, -0.0060884636, -91.727837,
               <!-- center       --> 38.751141, 22.907639,     -79.367363,
               <!-- radius       --> 38.212563
            </VMeshRef>
         </VMeshPart>
      </Object04020721151616.3db>
      <Object03020721151616.3db>
         <VMeshPart>
            <VMeshRef type="VMeshRef">
               <!-- header size  --> 60,
               <!-- vmesh lib    --> data.solar.starsphere.starsphere_rh03_stars.lod0-102.vms,
               <!-- start vert   --> 1572,
               <!-- num verts    --> 984,
               <!-- start index  --> 1572,
               <!-- num indices  --> 984,
               <!-- start mesh   --> 8,
               <!-- num meshes   --> 1,
               <!-- bounding box --> 100.79095,  47.153156,   -0.10895947,
                                      67.345688, -0.7791971, -71.009789,
               <!-- center       -->  84.249489, 19.857697,  -35.864304,
               <!-- radius       --> 42.628826
            </VMeshRef>
         </VMeshPart>
      </Object03020721151616.3db>
      <Object30020721151616.3db>
         <VMeshPart>
            <VMeshRef type="VMeshRef">
               <!-- header size  --> 60,
               <!-- vmesh lib    --> data.solar.starsphere.starsphere_rh03_stars.lod0-102.vms,
               <!-- start vert   --> 1359,
               <!-- num verts    --> 12,
               <!-- start index  --> 1359,
               <!-- num indices  --> 12,
               <!-- start mesh   --> 3,
               <!-- num meshes   --> 2,
               <!-- bounding box --> -64.17997,  45.156357, -16.220961,
                                     -87.937706, 39.493408, -59.81052,
               <!-- center       --> -76.092735, 42.256264, -37.977707,
               <!-- radius       --> 24.745367
            </VMeshRef>
         </VMeshPart>
      </Object30020721151616.3db>
      <Object27020721151616.3db>
         <VMeshPart>
            <VMeshRef type="VMeshRef">
               <!-- header size  --> 60,
               <!-- vmesh lib    --> data.solar.starsphere.starsphere_rh03_stars.lod0-102.vms,
               <!-- start vert   --> 4281,
               <!-- num verts    --> 12,
               <!-- start index  --> 4281,
               <!-- num indices  --> 12,
               <!-- start mesh   --> 22,
               <!-- num meshes   --> 1,
               <!-- bounding box --> -29.023113, 48.423901, -64.179871,
                                     -59.810547, 40.190643, -80.247131,
               <!-- center       --> -44.180695, 44.006134, -72.348061,
               <!-- radius       --> 17.506914
            </VMeshRef>
         </VMeshPart>
      </Object27020721151616.3db>
      <Object05020721151616.3db>
         <VMeshPart>
            <VMeshRef type="VMeshRef">
               <!-- header size  --> 60,
               <!-- vmesh lib    --> data.solar.starsphere.starsphere_rh03_stars.lod0-102.vms,
