<?xml version="1.0" encoding="ISO-8859-1"?>
<!-- XML generated by UTFXML Version 2.2 built 19-Aug-2010 -->
<UTFXML filename="starsphere_br02_stars.cmp" path="SOLAR\STARSPHERE">
   <UTF_ROOT>
      <VMeshLibrary>
         <data.solar.starsphere.starsphere_br02_stars.lod0-102.vms include="starsphere_br02_stars_cmp\lod0-102.vms.xml"/>
      </VMeshLibrary>
      <Exporter_Version name="Exporter Version" type="text">Jun 10 2002 16:27:11</Exporter_Version>
      <Cmpnd>
         <Root>
            <Object_name name="Object name" type="text">Root</Object_name>
            <File_name name="File name" type="text">starsphere020721135117.3db</File_name>
            <Index type="int">0</Index>
         </Root>
         <Part_Object01>
            <Object_name name="Object name" type="text">Object01</Object_name>
            <File_name name="File name" type="text">Object01020721135117.3db</File_name>
            <Index type="int">1</Index>
         </Part_Object01>
         <Part_Object02>
            <Object_name name="Object name" type="text">Object02</Object_name>
            <File_name name="File name" type="text">Object02020721135117.3db</File_name>
            <Index type="int">2</Index>
         </Part_Object02>
         <Part_Object03>
            <Object_name name="Object name" type="text">Object03</Object_name>
            <File_name name="File name" type="text">Object03020721135117.3db</File_name>
            <Index type="int">3</Index>
         </Part_Object03>
         <Part_Object04>
            <Object_name name="Object name" type="text">Object04</Object_name>
            <File_name name="File name" type="text">Object04020721135117.3db</File_name>
            <Index type="int">4</Index>
         </Part_Object04>
         <Part_Object05>
            <Object_name name="Object name" type="text">Object05</Object_name>
            <File_name name="File name" type="text">Object05020721135117.3db</File_name>
            <Index type="int">5</Index>
         </Part_Object05>
         <Part_Object06>
            <Object_name name="Object name" type="text">Object06</Object_name>
            <File_name name="File name" type="text">Object06020721135117.3db</File_name>
            <Index type="int">6</Index>
         </Part_Object06>
         <Part_Object07>
            <Object_name name="Object name" type="text">Object07</Object_name>
            <File_name name="File name" type="text">Object07020721135117.3db</File_name>
            <Index type="int">7</Index>
         </Part_Object07>
         <Part_Object08>
            <Object_name name="Object name" type="text">Object08</Object_name>
            <File_name name="File name" type="text">Object08020721135117.3db</File_name>
            <Index type="int">8</Index>
         </Part_Object08>
         <Part_Object09>
            <Object_name name="Object name" type="text">Object09</Object_name>
            <File_name name="File name" type="text">Object09020721135117.3db</File_name>
            <Index type="int">9</Index>
         </Part_Object09>
         <Part_Object10>
            <Object_name name="Object name" type="text">Object10</Object_name>
            <File_name name="File name" type="text">Object10020721135117.3db</File_name>
            <Index type="int">10</Index>
         </Part_Object10>
         <Part_Object11>
            <Object_name name="Object name" type="text">Object11</Object_name>
            <File_name name="File name" type="text">Object11020721135117.3db</File_name>
            <Index type="int">11</Index>
         </Part_Object11>
         <Part_Object12>
            <Object_name name="Object name" type="text">Object12</Object_name>
            <File_name name="File name" type="text">Object12020721135117.3db</File_name>
            <Index type="int">12</Index>
         </Part_Object12>
         <Part_Object13>
            <Object_name name="Object name" type="text">Object13</Object_name>
            <File_name name="File name" type="text">Object13020721135117.3db</File_name>
            <Index type="int">13</Index>
         </Part_Object13>
         <Part_Object14>
            <Object_name name="Object name" type="text">Object14</Object_name>
            <File_name name="File name" type="text">Object14020721135117.3db</File_name>
            <Index type="int">14</Index>
         </Part_Object14>
         <Part_Object15>
            <Object_name name="Object name" type="text">Object15</Object_name>
            <File_name name="File name" type="text">Object15020721135117.3db</File_name>
            <Index type="int">15</Index>
         </Part_Object15>
         <Part_Object16>
            <Object_name name="Object name" type="text">Object16</Object_name>
            <File_name name="File name" type="text">Object16020721135117.3db</File_name>
            <Index type="int">16</Index>
         </Part_Object16>
         <Part_Object17>
            <Object_name name="Object name" type="text">Object17</Object_name>
            <File_name name="File name" type="text">Object17020721135117.3db</File_name>
            <Index type="int">17</Index>
         </Part_Object17>
         <Part_Object18>
            <Object_name name="Object name" type="text">Object18</Object_name>
            <File_name name="File name" type="text">Object18020721135117.3db</File_name>
            <Index type="int">18</Index>
         </Part_Object18>
         <Part_Object19>
            <Object_name name="Object name" type="text">Object19</Object_name>
            <File_name name="File name" type="text">Object19020721135117.3db</File_name>
            <Index type="int">19</Index>
         </Part_Object19>
         <Part_Object20>
            <Object_name name="Object name" type="text">Object20</Object_name>
            <File_name name="File name" type="text">Object20020721135117.3db</File_name>
            <Index type="int">20</Index>
         </Part_Object20>
         <Part_Object21>
            <Object_name name="Object name" type="text">Object21</Object_name>
            <File_name name="File name" type="text">Object21020721135117.3db</File_name>
            <Index type="int">21</Index>
         </Part_Object21>
         <Part_Object22>
            <Object_name name="Object name" type="text">Object22</Object_name>
            <File_name name="File name" type="text">Object22020721135117.3db</File_name>
            <Index type="int">22</Index>
         </Part_Object22>
         <Part_Object23>
            <Object_name name="Object name" type="text">Object23</Object_name>
            <File_name name="File name" type="text">Object23020721135117.3db</File_name>
            <Index type="int">23</Index>
         </Part_Object23>
         <Part_Object24>
            <Object_name name="Object name" type="text">Object24</Object_name>
            <File_name name="File name" type="text">Object24020721135117.3db</File_name>
            <Index type="int">24</Index>
         </Part_Object24>
         <Part_Object25>
            <Object_name name="Object name" type="text">Object25</Object_name>
            <File_name name="File name" type="text">Object25020721135117.3db</File_name>
            <Index type="int">25</Index>
         </Part_Object25>
         <Part_Object26>
            <Object_name name="Object name" type="text">Object26</Object_name>
            <File_name name="File name" type="text">Object26020721135117.3db</File_name>
            <Index type="int">26</Index>
         </Part_Object26>
         <Part_Object27>
            <Object_name name="Object name" type="text">Object27</Object_name>
            <File_name name="File name" type="text">Object27020721135117.3db</File_name>
            <Index type="int">27</Index>
         </Part_Object27>
         <Part_Object28>
            <Object_name name="Object name" type="text">Object28</Object_name>
            <File_name name="File name" type="text">Object28020721135117.3db</File_name>
            <Index type="int">28</Index>
         </Part_Object28>
         <Part_Object29>
            <Object_name name="Object name" type="text">Object29</Object_name>
            <File_name name="File name" type="text">Object29020721135117.3db</File_name>
            <Index type="int">29</Index>
         </Part_Object29>
         <Part_Object30>
            <Object_name name="Object name" type="text">Object30</Object_name>
            <File_name name="File name" type="text">Object30020721135117.3db</File_name>
            <Index type="int">30</Index>
         </Part_Object30>
         <Part_Object31>
            <Object_name name="Object name" type="text">Object31</Object_name>
            <File_name name="File name" type="text">Object31020721135117.3db</File_name>
            <Index type="int">31</Index>
         </Part_Object31>
         <Cons>
            <Fix type="Fix" count="31">
               <part>
                  <!-- parent      --> "Root",
                  <!-- child       --> "Object01",
                  <!-- position    --> 1.5503249, -15.647593e-9, 0.26252303,
                  <!-- orientation -->  -0.7071065300, -446.32904e-09,   0.7071070100,
                                       -157.38922e-09,   1.0000000000,  473.81522e-09,
                                        -0.7071070100,  223.74682e-09,  -0.7071065300
               </part>
               <part>
                  <!-- parent      --> "Root",
                  <!-- child       --> "Object02",
                  <!-- position    --> 1.5503249, -15.647593e-9, 0.26252303,
                  <!-- orientation -->  -0.7071065300, -446.32904e-09,   0.7071070100,
                                       -157.38922e-09,   1.0000000000,  473.81522e-09,
                                        -0.7071070100,  223.74682e-09,  -0.7071065300
               </part>
               <part>
                  <!-- parent      --> "Root",
                  <!-- child       --> "Object03",
                  <!-- position    --> 1.5503249, -15.647593e-9, 0.26252303,
                  <!-- orientation -->  -0.7071065300, -446.32904e-09,   0.7071070100,
                                       -157.38922e-09,   1.0000000000,  473.81522e-09,
                                        -0.7071070100,  223.74682e-09,  -0.7071065300
               </part>
               <part>
                  <!-- parent      --> "Root",
                  <!-- child       --> "Object04",
                  <!-- position    --> 1.5503249, -15.647593e-9, 0.26252303,
                  <!-- orientation -->  -0.7071065300, -446.32904e-09,   0.7071070100,
                                       -157.38922e-09,   1.0000000000,  473.81522e-09,
                                        -0.7071070100,  223.74682e-09,  -0.7071065300
               </part>
               <part>
                  <!-- parent      --> "Root",
                  <!-- child       --> "Object05",
                  <!-- position    --> 1.5503249, -15.647593e-9, 0.26252303,
                  <!-- orientation -->  -0.7071065300, -446.32904e-09,   0.7071070100,
                                       -157.38922e-09,   1.0000000000,  473.81522e-09,
                                        -0.7071070100,  223.74682e-09,  -0.7071065300
               </part>
               <part>
                  <!-- parent      --> "Root",
                  <!-- child       --> "Object06",
                  <!-- position    --> 1.5503249, -15.647593e-9, 0.26252303,
                  <!-- orientation -->  -0.7071065300, -446.32904e-09,   0.7071070100,
                                       -157.38922e-09,   1.0000000000,  473.81522e-09,
                                        -0.7071070100,  223.74682e-09,  -0.7071065300
               </part>
               <part>
                  <!-- parent      --> "Root",
                  <!-- child       --> "Object07",
                  <!-- position    --> 1.5503249, -15.647593e-9, 0.26252303,
                  <!-- orientation -->  -0.7071065300, -446.32904e-09,   0.7071070100,
                                       -157.38922e-09,   1.0000000000,  473.81522e-09,
                                        -0.7071070100,  223.74682e-09,  -0.7071065300
               </part>
               <part>
                  <!-- parent      --> "Root",
                  <!-- child       --> "Object08",
                  <!-- position    --> 1.5503249, -15.647593e-9, 0.26252303,
                  <!-- orientation -->  -0.7071065300, -446.32904e-09,   0.7071070100,
                                       -157.38922e-09,   1.0000000000,  473.81522e-09,
                                        -0.7071070100,  223.74682e-09,  -0.7071065300
               </part>
               <part>
                  <!-- parent      --> "Root",
                  <!-- child       --> "Object09",
                  <!-- position    --> 1.5503249, -15.647593e-9, 0.26252303,
                  <!-- orientation -->  -0.7071065300, -446.32904e-09,   0.7071070100,
                                       -157.38922e-09,   1.0000000000,  473.81522e-09,
                                        -0.7071070100,  223.74682e-09,  -0.7071065300
               </part>
               <part>
                  <!-- parent      --> "Root",
                  <!-- child       --> "Object10",
                  <!-- position    --> 1.5503249, -15.647593e-9, 0.26252303,
                  <!-- orientation -->  -0.7071065300, -446.32904e-09,   0.7071070100,
                                       -157.38922e-09,   1.0000000000,  473.81522e-09,
                                        -0.7071070100,  223.74682e-09,  -0.7071065300
               </part>
               <part>
                  <!-- parent      --> "Root",
                  <!-- child       --> "Object11",
                  <!-- position    --> 1.5503249, -15.647593e-9, 0.26252303,
                  <!-- orientation -->  -0.7071065300, -446.32904e-09,   0.7071070100,
                                       -157.38922e-09,   1.0000000000,  473.81522e-09,
                                        -0.7071070100,  223.74682e-09,  -0.7071065300
               </part>
               <part>
                  <!-- parent      --> "Root",
                  <!-- child       --> "Object12",
                  <!-- position    --> 1.5503249, -15.647593e-9, 0.26252303,
                  <!-- orientation -->  -0.7071065300, -446.32904e-09,   0.7071070100,
                                       -157.38922e-09,   1.0000000000,  473.81522e-09,
                                        -0.7071070100,  223.74682e-09,  -0.7071065300
               </part>
               <part>
                  <!-- parent      --> "Root",
                  <!-- child       --> "Object13",
                  <!-- position    --> 1.5503249, -15.647593e-9, 0.26252303,
                  <!-- orientation -->  -0.7071065300, -446.32904e-09,   0.7071070100,
                                       -157.38922e-09,   1.0000000000,  473.81522e-09,
                                        -0.7071070100,  223.74682e-09,  -0.7071065300
               </part>
               <part>
                  <!-- parent      --> "Root",
                  <!-- child       --> "Object14",
                  <!-- position    --> 1.5503249, -15.647593e-9, 0.26252303,
                  <!-- orientation -->  -0.7071065300, -446.32904e-09,   0.7071070100,
                                       -157.38922e-09,   1.0000000000,  473.81522e-09,
                                        -0.7071070100,  223.74682e-09,  -0.7071065300
               </part>
               <part>
                  <!-- parent      --> "Root",
                  <!-- child       --> "Object15",
                  <!-- position    --> 1.5503249, -15.647593e-9, 0.26252303,
                  <!-- orientation -->  -0.7071065300, -446.32904e-09,   0.7071070100,
                                       -157.38922e-09,   1.0000000000,  473.81522e-09,
                                        -0.7071070100,  223.74682e-09,  -0.7071065300
               </part>
               <part>
                  <!-- parent      --> "Root",
                  <!-- child       --> "Object16",
                  <!-- position    --> 1.5503249, -15.647593e-9, 0.26252303,
                  <!-- orientation -->  -0.7071065300, -446.32904e-09,   0.7071070100,
                                       -157.38922e-09,   1.0000000000,  473.81522e-09,
                                        -0.7071070100,  223.74682e-09,  -0.7071065300
               </part>
               <part>
                  <!-- parent      --> "Root",
                  <!-- child       --> "Object17",
                  <!-- position    --> 1.5503249, -15.647593e-9, 0.26252303,
                  <!-- orientation -->  -0.7071065300, -446.32904e-09,   0.7071070100,
                                       -157.38922e-09,   1.0000000000,  473.81522e-09,
                                        -0.7071070100,  223.74682e-09,  -0.7071065300
               </part>
               <part>
                  <!-- parent      --> "Root",
                  <!-- child       --> "Object18",
                  <!-- position    --> 1.5503249, -15.647593e-9, 0.26252303,
                  <!-- orientation -->  -0.7071065300, -446.32904e-09,   0.7071070100,
                                       -157.38922e-09,   1.0000000000,  473.81522e-09,
                                        -0.7071070100,  223.74682e-09,  -0.7071065300
               </part>
               <part>
                  <!-- parent      --> "Root",
                  <!-- child       --> "Object19",
                  <!-- position    --> 1.5503249, -15.647593e-9, 0.26252303,
                  <!-- orientation -->  -0.7071065300, -446.32904e-09,   0.7071070100,
                                       -157.38922e-09,   1.0000000000,  473.81522e-09,
                                        -0.7071070100,  223.74682e-09,  -0.7071065300
               </part>
               <part>
                  <!-- parent      --> "Root",
                  <!-- child       --> "Object20",
                  <!-- position    --> 1.5503249, -15.647593e-9, 0.26252303,
                  <!-- orientation -->  -0.7071065300, -446.32904e-09,   0.7071070100,
                                       -157.38922e-09,   1.0000000000,  473.81522e-09,
                                        -0.7071070100,  223.74682e-09,  -0.7071065300
               </part>
               <part>
                  <!-- parent      --> "Root",
                  <!-- child       --> "Object21",
                  <!-- position    --> 1.5503249, -15.647593e-9, 0.26252303,
                  <!-- orientation -->  -0.7071065300, -446.32904e-09,   0.7071070100,
                                       -157.38922e-09,   1.0000000000,  473.81522e-09,
                                        -0.7071070100,  223.74682e-09,  -0.7071065300
               </part>
               <part>
                  <!-- parent      --> "Root",
                  <!-- child       --> "Object22",
                  <!-- position    --> 1.5503249, -15.647593e-9, 0.26252303,
                  <!-- orientation -->  -0.7071065300, -446.32904e-09,   0.7071070100,
                                       -157.38922e-09,   1.0000000000,  473.81522e-09,
                                        -0.7071070100,  223.74682e-09,  -0.7071065300
               </part>
               <part>
                  <!-- parent      --> "Root",
                  <!-- child       --> "Object23",
                  <!-- position    --> 1.5503249, -15.647593e-9, 0.26252303,
                  <!-- orientation -->  -0.7071065300, -446.32904e-09,   0.7071070100,
                                       -157.38922e-09,   1.0000000000,  473.81522e-09,
                                        -0.7071070100,  223.74682e-09,  -0.7071065300
               </part>
               <part>
                  <!-- parent      --> "Root",
                  <!-- child       --> "Object24",
                  <!-- position    --> 1.5503249, -15.647593e-9, 0.26252303,
                  <!-- orientation -->  -0.7071065300, -446.32904e-09,   0.7071070100,
                                       -157.38922e-09,   1.0000000000,  473.81522e-09,
                                        -0.7071070100,  223.74682e-09,  -0.7071065300
               </part>
               <part>
                  <!-- parent      --> "Root",
                  <!-- child       --> "Object25",
                  <!-- position    --> 1.5503249, -15.647593e-9, 0.26252303,
                  <!-- orientation -->  -0.7071065300, -446.32904e-09,   0.7071070100,
                                       -157.38922e-09,   1.0000000000,  473.81522e-09,
                                        -0.7071070100,  223.74682e-09,  -0.7071065300
               </part>
               <part>
                  <!-- parent      --> "Root",
                  <!-- child       --> "Object26",
                  <!-- position    --> 1.5503249, -15.647593e-9, 0.26252303,
                  <!-- orientation -->  -0.7071065300, -446.32904e-09,   0.7071070100,
                                       -157.38922e-09,   1.0000000000,  473.81522e-09,
                                        -0.7071070100,  223.74682e-09,  -0.7071065300
               </part>
               <part>
                  <!-- parent      --> "Root",
                  <!-- child       --> "Object27",
                  <!-- position    --> 1.5503249, -15.647593e-9, 0.26252303,
                  <!-- orientation -->  -0.7071065300, -446.32904e-09,   0.7071070100,
                                       -157.38922e-09,   1.0000000000,  473.81522e-09,
                                        -0.7071070100,  223.74682e-09,  -0.7071065300
               </part>
               <part>
                  <!-- parent      --> "Root",
                  <!-- child       --> "Object28",
                  <!-- position    --> 1.5503249, -15.647593e-9, 0.26252303,
                  <!-- orientation -->  -0.7071065300, -446.32904e-09,   0.7071070100,
                                       -157.38922e-09,   1.0000000000,  473.81522e-09,
                                        -0.7071070100,  223.74682e-09,  -0.7071065300
               </part>
               <part>
                  <!-- parent      --> "Root",
                  <!-- child       --> "Object29",
                  <!-- position    --> 1.5503249, -15.647593e-9, 0.26252303,
                  <!-- orientation -->  -0.7071065300, -446.32904e-09,   0.7071070100,
                                       -157.38922e-09,   1.0000000000,  473.81522e-09,
                                        -0.7071070100,  223.74682e-09,  -0.7071065300
               </part>
               <part>
                  <!-- parent      --> "Root",
                  <!-- child       --> "Object30",
                  <!-- position    --> 1.5503249, -15.647593e-9, 0.26252303,
                  <!-- orientation -->  -0.7071065300, -446.32904e-09,   0.7071070100,
                                       -157.38922e-09,   1.0000000000,  473.81522e-09,
                                        -0.7071070100,  223.74682e-09,  -0.7071065300
               </part>
               <part>
                  <!-- parent      --> "Root",
                  <!-- child       --> "Object31",
                  <!-- position    --> 1.5503249, -15.647593e-9, 0.26252303,
                  <!-- orientation -->  -0.7071065300, -446.32904e-09,   0.7071070100,
                                       -157.38922e-09,   1.0000000000,  473.81522e-09,
                                        -0.7071070100,  223.74682e-09,  -0.7071065300
               </part>
            </Fix>
         </Cons>
      </Cmpnd>
      <Material_library name="Material library">
         <Material_count name="Material count" type="int">2</Material_count>
         <stars.tga>
            <Type type="text">DcDtEc</Type>
            <Dt_name type="text">stars.tga</Dt_name>
            <Dt_flags type="int">0x40</Dt_flags>
            <Ec type="RGB">1, 1, 1</Ec>
         </stars.tga>
         <stars_large01.tga>
            <Type type="text">DcDtEc</Type>
            <Dt_name type="text">stars_large01.tga</Dt_name>
            <Dt_flags type="int">0x40</Dt_flags>
            <Ec type="RGB">1, 1, 1</Ec>
         </stars_large01.tga>
      </Material_library>
      <Texture_library name="Texture library">
         <stars_large01.tga>
            <MIPS type="file" filename="starsphere_br02_stars_cmp\stars_large01.dds"/>
         </stars_large01.tga>
         <stars.tga>
            <MIPS type="file" filename="starsphere_br02_stars_cmp\stars.dds"/>
         </stars.tga>
      </Texture_library>
      <starsphere020721135117.3db>
         <VMeshPart>
            <VMeshRef type="VMeshRef">
               <!-- header size  --> 60,
               <!-- vmesh lib    --> data.solar.starsphere.starsphere_br02_stars.lod0-102.vms,
               <!-- start vert   --> 8253,
               <!-- num verts    --> 939,
               <!-- start index  --> 8253,
               <!-- num indices  --> 939,
               <!-- start mesh   --> 27,
               <!-- num meshes   --> 1,
               <!-- bounding box -->   1.4313077,   0.56219393, -63.00457,
                                     -68.604523,  -48.423977,   -98.221054,
               <!-- center       --> -31.642923,  -20.691296,   -81.937698,
               <!-- radius       --> 43.104176
            </VMeshRef>
         </VMeshPart>
      </starsphere020721135117.3db>
      <Object01020721135117.3db>
         <VMeshPart>
            <VMeshRef type="VMeshRef">
               <!-- header size  --> 60,
               <!-- vmesh lib    --> data.solar.starsphere.starsphere_br02_stars.lod0-102.vms,
               <!-- start vert   --> 1539,
               <!-- num verts    --> 141,
               <!-- start index  --> 1539,
               <!-- num indices  --> 141,
               <!-- start mesh   --> 5,
               <!-- num meshes   --> 1,
               <!-- bounding box --> 83.36657,  -50.040737, 49.905823,
                                     26.983894, -95.657829,  0.78220993,
               <!-- center       --> 54.341854, -73.597206, 23.093325,
               <!-- radius       --> 37.937653
            </VMeshRef>
         </VMeshPart>
      </Object01020721135117.3db>
      <Object02020721135117.3db>
         <VMeshPart>
            <VMeshRef type="VMeshRef">
               <!-- header size  --> 60,
               <!-- vmesh lib    --> data.solar.starsphere.starsphere_br02_stars.lod0-102.vms,
               <!-- start vert   --> 9192,
               <!-- num verts    --> 429,
               <!-- start index  --> 9192,
               <!-- num indices  --> 429,
               <!-- start mesh   --> 28,
               <!-- num meshes   --> 1,
               <!-- bounding box -->  -0.17791446,   0.75535101, -64.33284,
                                     -70.502731,   -47.15316,    -99.962517,
               <!-- center       --> -33.794819,   -19.814962,   -83.500198,
               <!-- radius       --> 41.635078
            </VMeshRef>
         </VMeshPart>
      </Object02020721135117.3db>
      <Object03020721135117.3db>
         <VMeshPart>
            <VMeshRef type="VMeshRef">
               <!-- header size  --> 60,
               <!-- vmesh lib    --> data.solar.starsphere.starsphere_br02_stars.lod0-102.vms,
               <!-- start vert   --> 3483,
               <!-- num verts    --> 984,
               <!-- start index  --> 3483,
               <!-- num indices  --> 984,
               <!-- start mesh   --> 11,
               <!-- num meshes   --> 1,
               <!-- bounding box --> 100.79095,  47.153149,    -0.10895958,
                                      67.34568,  -0.77920377, -71.009789,
               <!-- center       -->  84.249481, 19.857695,   -35.8643,
               <!-- radius       --> 42.62883
            </VMeshRef>
         </VMeshPart>
      </Object03020721135117.3db>
      <Object04020721135117.3db>
         <VMeshPart>
            <VMeshRef type="VMeshRef">
               <!-- header size  --> 60,
               <!-- vmesh lib    --> data.solar.starsphere.starsphere_br02_stars.lod0-102.vms,
               <!-- start vert   --> 1680,
               <!-- num verts    --> 750,
               <!-- start index  --> 1680,
               <!-- num indices  --> 750,
               <!-- start mesh   --> 6,
               <!-- num meshes   --> 2,
               <!-- bounding box --> 69.763069,    47.153076,     -67.345688,
                                      0.094541445, -0.0060917102, -99.958694,
               <!-- center       --> 35.471249,    20.333075,     -83.899841,
               <!-- radius       --> 41.719688
            </VMeshRef>
         </VMeshPart>
      </Object04020721135117.3db>
      <Object05020721135117.3db>
         <VMeshPart>
            <VMeshRef type="VMeshRef">
               <!-- header size  --> 60,
               <!-- vmesh lib    --> data.solar.starsphere.starsphere_br02_stars.lod0-102.vms,
               <!-- start vert   --> 7674,
               <!-- num verts    --> 579,
               <!-- start index  --> 7674,
               <!-- num indices  --> 579,
               <!-- start mesh   --> 26,
               <!-- num meshes   --> 1,
               <!-- bounding box -->  -0.094555371, 47.153111,   99.958694,
                                     -71.349091,    -0.22742687, 66.424377,
               <!-- center       --> -36.624706,    20.158756,   83.269371,
               <!-- radius       --> 42.878803
            </VMeshRef>
         </VMeshPart>
      </Object05020721135117.3db>
      <Object06020721135117.3db>
         <VMeshPart>
            <VMeshRef type="VMeshRef">
               <!-- header size  --> 60,
               <!-- vmesh lib    --> data.solar.starsphere.starsphere_br02_stars.lod0-102.vms,
               <!-- start vert   --> 3087,
               <!-- num verts    --> 396,
               <!-- start index  --> 3087,
               <!-- num indices  --> 396,
               <!-- start mesh   --> 9,
               <!-- num meshes   --> 2,
               <!-- bounding box --> -63.375877, 50.05751,    69.7631,
                                     -99.983955, -0.22138254, -0.078504942,
               <!-- center       --> -82.651436, 20.887232,   34.685291,
               <!-- radius       --> 43.039307
            </VMeshRef>
         </VMeshPart>
      </Object06020721135117.3db>
      <Object07020721135117.3db>
         <VMeshPart>
            <VMeshRef type="VMeshRef">
               <!-- header size  --> 60,
               <!-- vmesh lib    --> data.solar.starsphere.starsphere_br02_stars.lod0-102.vms,
               <!-- start vert   --> 9621,
               <!-- num verts    --> 894,
               <!-- start index  --> 9621,
               <!-- num indices  --> 894,
               <!-- start mesh   --> 29,
               <!-- num meshes   --> 2,
               <!-- bounding box --> 100.89854,    0.31141943,   0.033461608,
                                      66.164429, -47.153107,   -70.964432,
               <!-- center       -->  83.663048, -19.83849,    -36.045506,
               <!-- radius       --> 42.662415
            </VMeshRef>
         </VMeshPart>
      </Object07020721135117.3db>
      <Object08020721135117.3db>
         <VMeshPart>
            <VMeshRef type="VMeshRef">
               <!-- header size  --> 60,
               <!-- vmesh lib    --> data.solar.starsphere.starsphere_br02_stars.lod0-102.vms,
               <!-- start vert   --> 11463,
               <!-- num verts    --> 333,
               <!-- start index  --> 11463,
               <!-- num indices  --> 333,
               <!-- start mesh   --> 40,
               <!-- num meshes   --> 1,
               <!-- bounding box --> -67.342598,   0.27318472, 68.246094,
                                     -99.619766, -48.423935,    0.65794945,
               <!-- center       --> -83.858177, -20.880772,   33.988037,
               <!-- radius       --> 42.358669
            </VMeshRef>
         </VMeshPart>
      </Object08020721135117.3db>
      <Object09020721135117.3db>
         <VMeshPart>
            <VMeshRef type="VMeshRef">
               <!-- header size  --> 60,
               <!-- vmesh lib    --> data.solar.starsphere.starsphere_br02_stars.lod0-102.vms,
               <!-- start vert   --> 5067,
               <!-- num verts    --> 762,
               <!-- start index  --> 5067,
               <!-- num indices  --> 762,
               <!-- start mesh   --> 17,
               <!-- num meshes   --> 1,
               <!-- bounding box --> 72.425385,     0.55863935, 99.845116,
                                      0.17791033, -49.283596,   61.433758,
               <!-- center       --> 33.574757,   -21.522566,   82.446953,
               <!-- radius       --> 42.745941
            </VMeshRef>
         </VMeshPart>
      </Object09020721135117.3db>
      <Object10020721135117.3db>
         <VMeshPart>
            <VMeshRef type="VMeshRef">
               <!-- header size  --> 60,
               <!-- vmesh lib    --> data.solar.starsphere.starsphere_br02_stars.lod0-102.vms,
               <!-- start vert   --> 4467,
               <!-- num verts    --> 162,
               <!-- start index  --> 4467,
               <!-- num indices  --> 162,
               <!-- start mesh   --> 12,
               <!-- num meshes   --> 2,
               <!-- bounding box -->   0.39486149, -48.90926,  -15.717777,
                                     -49.339615,   -97.834923, -87.118492,
               <!-- center       --> -19.807285,   -72.651688, -52.534489,
               <!-- radius       --> 47.028931
            </VMeshRef>
         </VMeshPart>
      </Object10020721135117.3db>
      <Object11020721135117.3db>
         <VMeshPart>
            <VMeshRef type="VMeshRef">
               <!-- header size  --> 60,
               <!-- vmesh lib    --> data.solar.starsphere.starsphere_br02_stars.lod0-102.vms,
               <!-- start vert   --> 10767,
               <!-- num verts    --> 150,
               <!-- start index  --> 10767,
               <!-- num indices  --> 150,
               <!-- start mesh   --> 34,
               <!-- num meshes   --> 2,
               <!-- bounding box --> 81.548691, 97.834923,  -7.1221085,
                                     14.556875, 48.909241, -60.515141,
               <!-- center       --> 47.406693, 73.528419, -30.841421,
               <!-- radius       --> 46.970821
            </VMeshRef>
         </VMeshPart>
      </Object11020721135117.3db>
      <Object12020721135117.3db>
         <VMeshPart>
            <VMeshRef type="VMeshRef">
               <!-- header size  --> 60,
               <!-- vmesh lib    --> data.solar.starsphere.starsphere_br02_stars.lod0-102.vms,
               <!-- start vert   --> 1392,
               <!-- num verts    --> 147,
               <!-- start index  --> 1392,
               <!-- num indices  --> 147,
               <!-- start mesh   --> 4,
               <!-- num meshes   --> 1,
               <!-- bounding box --> 60.515141,  97.8349,   -14.556948,
                                      7.1220508, 48.909214, -81.548706,
               <!-- center       --> 30.762026,  73.528206, -47.432087,
               <!-- radius       --> 46.949497
            </VMeshRef>
         </VMeshPart>
      </Object12020721135117.3db>
      <Object13020721135117.3db>
         <VMeshPart>
            <VMeshRef type="VMeshRef">
               <!-- header size  --> 60,
               <!-- vmesh lib    --> data.solar.starsphere.starsphere_br02_stars.lod0-102.vms,
               <!-- start vert   --> 7326,
               <!-- num verts    --> 153,
               <!-- start index  --> 7326,
               <!-- num indices  --> 153,
               <!-- start mesh   --> 23,
               <!-- num meshes   --> 2,
               <!-- bounding box -->   0.9699682, 97.834908, 81.548706,
                                     -60.515167,  48.909233,  8.7321825,
               <!-- center       --> -27.362701,  74.340309, 43.186588,
               <!-- radius       --> 49.362728
            </VMeshRef>
         </VMeshPart>
      </Object13020721135117.3db>
      <Object14020721135117.3db>
         <VMeshPart>
            <VMeshRef type="VMeshRef">
               <!-- header size  --> 60,
               <!-- vmesh lib    --> data.solar.starsphere.starsphere_br02_stars.lod0-102.vms,
               <!-- start vert   --> 10620,
               <!-- num verts    --> 147,
               <!-- start index  --> 10620,
               <!-- num indices  --> 147,
               <!-- start mesh   --> 33,
               <!-- num meshes   --> 1,
               <!-- bounding box --> -14.556907, 97.834991, 60.515156,
                                     -81.548775, 48.909283,  7.1220837,
               <!-- center       --> -47.40675,  73.528488, 30.841417,
               <!-- radius       --> 46.970856
            </VMeshRef>
         </VMeshPart>
      </Object14020721135117.3db>
      <Object15020721135117.3db>
         <VMeshPart>
            <VMeshRef type="VMeshRef">
               <!-- header size  --> 60,
               <!-- vmesh lib    --> data.solar.starsphere.starsphere_br02_stars.lod0-102.vms,
               <!-- start vert   --> 4629,
               <!-- num verts    --> 150,
               <!-- start index  --> 4629,
               <!-- num indices  --> 150,
               <!-- start mesh   --> 14,
               <!-- num meshes   --> 1,
               <!-- bounding box --> 49.339596,   -48.909252, -15.717776,
                                      0.56534386, -97.834915, -87.118484,
               <!-- center       --> 20.225302,   -72.620804, -52.557037,
               <!-- radius       --> 47.197121
            </VMeshRef>
         </VMeshPart>
      </Object15020721135117.3db>
      <Object16020721135117.3db>
         <VMeshPart>
            <VMeshRef type="VMeshRef">
               <!-- header size  --> 60,
               <!-- vmesh lib    --> data.solar.starsphere.starsphere_br02_stars.lod0-102.vms,
               <!-- start vert   --> 7479,
               <!-- num verts    --> 195,
               <!-- start index  --> 7479,
               <!-- num indices  --> 195,
               <!-- start mesh   --> 25,
               <!-- num meshes   --> 1,
               <!-- bounding box -->  -9.1115952,  -50.040695, 50.275448,
                                     -83.3666,    -101.21024,   0.30787686,
               <!-- center       --> -44.546074,   -76.829674, 21.78833,
               <!-- radius       --> 48.077274
            </VMeshRef>
         </VMeshPart>
      </Object16020721135117.3db>
      <Object17020721135117.3db>
         <VMeshPart>
            <VMeshRef type="VMeshRef">
               <!-- header size  --> 60,
               <!-- vmesh lib    --> data.solar.starsphere.starsphere_br02_stars.lod0-102.vms,
               <!-- start vert   --> 1239,
               <!-- num verts    --> 153,
               <!-- start index  --> 1239,
               <!-- num indices  --> 153,
               <!-- start mesh   --> 3,
               <!-- num meshes   --> 1,
               <!-- bounding box --> 55.145355,    -50.688019, 82.291672,
                                      0.56536937, -101.45246,   1.2089113,
               <!-- center       --> 23.888176,    -76.580986, 41.593971,
               <!-- radius       --> 50.914165
            </VMeshRef>
         </VMeshPart>
      </Object17020721135117.3db>
      <Object18020721135117.3db>
         <VMeshPart>
            <VMeshRef type="VMeshRef">
               <!-- header size  --> 60,
               <!-- vmesh lib    --> data.solar.starsphere.starsphere_br02_stars.lod0-102.vms,
               <!-- start vert   --> 1137,
               <!-- num verts    --> 102,
