<?xml version="1.0" encoding="ISO-8859-1"?>
<!-- XML generated by UTFXML Version 2.2 built 19-Aug-2010 -->
<UTFXML filename="starsphere_iw01_stars.cmp" path="SOLAR\STARSPHERE">
   <UTF_ROOT>
      <VMeshLibrary>
         <data.solar.starsphere.starsphere_iw01_stars.lod0-102.vms include="starsphere_iw01_stars_cmp\lod0-102.vms.xml"/>
      </VMeshLibrary>
      <Exporter_Version name="Exporter Version" type="text">Jun 10 2002 16:27:11</Exporter_Version>
      <Cmpnd>
         <Root>
            <Object_name name="Object name" type="text">Root</Object_name>
            <File_name name="File name" type="text">starsphere020721144451.3db</File_name>
            <Index type="int">0</Index>
         </Root>
         <Part_Object28>
            <Object_name name="Object name" type="text">Object28</Object_name>
            <File_name name="File name" type="text">Object28020721144451.3db</File_name>
            <Index type="int">1</Index>
         </Part_Object28>
         <Part_Object09>
            <Object_name name="Object name" type="text">Object09</Object_name>
            <File_name name="File name" type="text">Object09020721144451.3db</File_name>
            <Index type="int">2</Index>
         </Part_Object09>
         <Part_Object31>
            <Object_name name="Object name" type="text">Object31</Object_name>
            <File_name name="File name" type="text">Object31020721144451.3db</File_name>
            <Index type="int">3</Index>
         </Part_Object31>
         <Part_Object02>
            <Object_name name="Object name" type="text">Object02</Object_name>
            <File_name name="File name" type="text">Object02020721144451.3db</File_name>
            <Index type="int">4</Index>
         </Part_Object02>
         <Part_Object25>
            <Object_name name="Object name" type="text">Object25</Object_name>
            <File_name name="File name" type="text">Object25020721144451.3db</File_name>
            <Index type="int">5</Index>
         </Part_Object25>
         <Part_Object07>
            <Object_name name="Object name" type="text">Object07</Object_name>
            <File_name name="File name" type="text">Object07020721144451.3db</File_name>
            <Index type="int">6</Index>
         </Part_Object07>
         <Part_Object08>
            <Object_name name="Object name" type="text">Object08</Object_name>
            <File_name name="File name" type="text">Object08020721144451.3db</File_name>
            <Index type="int">7</Index>
         </Part_Object08>
         <Part_Object01>
            <Object_name name="Object name" type="text">Object01</Object_name>
            <File_name name="File name" type="text">Object01020721144451.3db</File_name>
            <Index type="int">8</Index>
         </Part_Object01>
         <Part_Object21>
            <Object_name name="Object name" type="text">Object21</Object_name>
            <File_name name="File name" type="text">Object21020721144451.3db</File_name>
            <Index type="int">9</Index>
         </Part_Object21>
         <Part_Object10>
            <Object_name name="Object name" type="text">Object10</Object_name>
            <File_name name="File name" type="text">Object10020721144451.3db</File_name>
            <Index type="int">10</Index>
         </Part_Object10>
         <Part_Object18>
            <Object_name name="Object name" type="text">Object18</Object_name>
            <File_name name="File name" type="text">Object18020721144451.3db</File_name>
            <Index type="int">11</Index>
         </Part_Object18>
         <Part_Object16>
            <Object_name name="Object name" type="text">Object16</Object_name>
            <File_name name="File name" type="text">Object16020721144451.3db</File_name>
            <Index type="int">12</Index>
         </Part_Object16>
         <Part_Object24>
            <Object_name name="Object name" type="text">Object24</Object_name>
            <File_name name="File name" type="text">Object24020721144451.3db</File_name>
            <Index type="int">13</Index>
         </Part_Object24>
         <Part_Object15>
            <Object_name name="Object name" type="text">Object15</Object_name>
            <File_name name="File name" type="text">Object15020721144451.3db</File_name>
            <Index type="int">14</Index>
         </Part_Object15>
         <Part_Object17>
            <Object_name name="Object name" type="text">Object17</Object_name>
            <File_name name="File name" type="text">Object17020721144451.3db</File_name>
            <Index type="int">15</Index>
         </Part_Object17>
         <Part_Object19>
            <Object_name name="Object name" type="text">Object19</Object_name>
            <File_name name="File name" type="text">Object19020721144451.3db</File_name>
            <Index type="int">16</Index>
         </Part_Object19>
         <Part_Object29>
            <Object_name name="Object name" type="text">Object29</Object_name>
            <File_name name="File name" type="text">Object29020721144451.3db</File_name>
            <Index type="int">17</Index>
         </Part_Object29>
         <Part_Object04>
            <Object_name name="Object name" type="text">Object04</Object_name>
            <File_name name="File name" type="text">Object04020721144451.3db</File_name>
            <Index type="int">18</Index>
         </Part_Object04>
         <Part_Object03>
            <Object_name name="Object name" type="text">Object03</Object_name>
            <File_name name="File name" type="text">Object03020721144451.3db</File_name>
            <Index type="int">19</Index>
         </Part_Object03>
         <Part_Object30>
            <Object_name name="Object name" type="text">Object30</Object_name>
            <File_name name="File name" type="text">Object30020721144451.3db</File_name>
            <Index type="int">20</Index>
         </Part_Object30>
         <Part_Object27>
            <Object_name name="Object name" type="text">Object27</Object_name>
            <File_name name="File name" type="text">Object27020721144451.3db</File_name>
            <Index type="int">21</Index>
         </Part_Object27>
         <Part_Object05>
            <Object_name name="Object name" type="text">Object05</Object_name>
            <File_name name="File name" type="text">Object05020721144451.3db</File_name>
            <Index type="int">22</Index>
         </Part_Object05>
         <Part_Object06>
            <Object_name name="Object name" type="text">Object06</Object_name>
            <File_name name="File name" type="text">Object06020721144451.3db</File_name>
            <Index type="int">23</Index>
         </Part_Object06>
         <Part_Object26>
            <Object_name name="Object name" type="text">Object26</Object_name>
            <File_name name="File name" type="text">Object26020721144451.3db</File_name>
            <Index type="int">24</Index>
         </Part_Object26>
         <Part_Object22>
            <Object_name name="Object name" type="text">Object22</Object_name>
            <File_name name="File name" type="text">Object22020721144451.3db</File_name>
            <Index type="int">25</Index>
         </Part_Object22>
         <Part_Object11>
            <Object_name name="Object name" type="text">Object11</Object_name>
            <File_name name="File name" type="text">Object11020721144451.3db</File_name>
            <Index type="int">26</Index>
         </Part_Object11>
         <Part_Object13>
            <Object_name name="Object name" type="text">Object13</Object_name>
            <File_name name="File name" type="text">Object13020721144451.3db</File_name>
            <Index type="int">27</Index>
         </Part_Object13>
         <Part_Object12>
            <Object_name name="Object name" type="text">Object12</Object_name>
            <File_name name="File name" type="text">Object12020721144451.3db</File_name>
            <Index type="int">28</Index>
         </Part_Object12>
         <Part_Object20>
            <Object_name name="Object name" type="text">Object20</Object_name>
            <File_name name="File name" type="text">Object20020721144451.3db</File_name>
            <Index type="int">29</Index>
         </Part_Object20>
         <Part_Object23>
            <Object_name name="Object name" type="text">Object23</Object_name>
            <File_name name="File name" type="text">Object23020721144451.3db</File_name>
            <Index type="int">30</Index>
         </Part_Object23>
         <Part_Object14>
            <Object_name name="Object name" type="text">Object14</Object_name>
            <File_name name="File name" type="text">Object14020721144451.3db</File_name>
            <Index type="int">31</Index>
         </Part_Object14>
         <Cons>
            <Fix type="Fix" count="31">
               <part>
                  <!-- parent      --> "Root",
                  <!-- child       --> "Object28",
                  <!-- position    --> 1.5309081, -17.428388e-9, 0.29239979,
                  <!-- orientation -->  -0.7071067700, -541.81055e-09,   0.7071068300,
                                       -202.32503e-09,   1.0000000000,  563.91076e-09,
                                        -0.7071068300,  255.67971e-09,  -0.7071067700
               </part>
               <part>
                  <!-- parent      --> "Root",
                  <!-- child       --> "Object09",
                  <!-- position    --> 1.5309081, -17.428388e-9, 0.29239979,
                  <!-- orientation -->  -0.7071067700, -541.81055e-09,   0.7071068300,
                                       -202.32503e-09,   1.0000000000,  563.91076e-09,
                                        -0.7071068300,  255.67971e-09,  -0.7071067700
               </part>
               <part>
                  <!-- parent      --> "Root",
                  <!-- child       --> "Object31",
                  <!-- position    --> 1.5309081, -17.428388e-9, 0.29239979,
                  <!-- orientation -->  -0.7071067700, -541.81055e-09,   0.7071068300,
                                       -202.32503e-09,   1.0000000000,  563.91076e-09,
                                        -0.7071068300,  255.67971e-09,  -0.7071067700
               </part>
               <part>
                  <!-- parent      --> "Root",
                  <!-- child       --> "Object02",
                  <!-- position    --> 1.5309081, -17.428388e-9, 0.29239979,
                  <!-- orientation -->  -0.7071067700, -541.81055e-09,   0.7071068300,
                                       -202.32503e-09,   1.0000000000,  563.91076e-09,
                                        -0.7071068300,  255.67971e-09,  -0.7071067700
               </part>
               <part>
                  <!-- parent      --> "Root",
                  <!-- child       --> "Object25",
                  <!-- position    --> 1.5309081, -17.428388e-9, 0.29239979,
                  <!-- orientation -->  -0.7071067700, -541.81055e-09,   0.7071068300,
                                       -202.32503e-09,   1.0000000000,  563.91076e-09,
                                        -0.7071068300,  255.67971e-09,  -0.7071067700
               </part>
               <part>
                  <!-- parent      --> "Root",
                  <!-- child       --> "Object07",
                  <!-- position    --> 1.5309081, -17.428388e-9, 0.29239979,
                  <!-- orientation -->  -0.7071067700, -541.81055e-09,   0.7071068300,
                                       -202.32503e-09,   1.0000000000,  563.91076e-09,
                                        -0.7071068300,  255.67971e-09,  -0.7071067700
               </part>
               <part>
                  <!-- parent      --> "Root",
                  <!-- child       --> "Object08",
                  <!-- position    --> 1.5309081, -17.428388e-9, 0.29239979,
                  <!-- orientation -->  -0.7071067700, -541.81055e-09,   0.7071068300,
                                       -202.32503e-09,   1.0000000000,  563.91076e-09,
                                        -0.7071068300,  255.67971e-09,  -0.7071067700
               </part>
               <part>
                  <!-- parent      --> "Root",
                  <!-- child       --> "Object01",
                  <!-- position    --> 1.5309081, -17.428388e-9, 0.29239979,
                  <!-- orientation -->  -0.7071067700, -541.81055e-09,   0.7071068300,
                                       -202.32503e-09,   1.0000000000,  563.91076e-09,
                                        -0.7071068300,  255.67971e-09,  -0.7071067700
               </part>
               <part>
                  <!-- parent      --> "Root",
                  <!-- child       --> "Object21",
                  <!-- position    --> 1.5309081, -17.428388e-9, 0.29239979,
                  <!-- orientation -->  -0.7071067700, -541.81055e-09,   0.7071068300,
                                       -202.32503e-09,   1.0000000000,  563.91076e-09,
                                        -0.7071068300,  255.67971e-09,  -0.7071067700
               </part>
               <part>
                  <!-- parent      --> "Root",
                  <!-- child       --> "Object10",
                  <!-- position    --> 1.5309081, -17.428388e-9, 0.29239979,
                  <!-- orientation -->  -0.7071067700, -541.81055e-09,   0.7071068300,
                                       -202.32503e-09,   1.0000000000,  563.91076e-09,
                                        -0.7071068300,  255.67971e-09,  -0.7071067700
               </part>
               <part>
                  <!-- parent      --> "Root",
                  <!-- child       --> "Object18",
                  <!-- position    --> 1.5309081, -17.428388e-9, 0.29239979,
                  <!-- orientation -->  -0.7071067700, -541.81055e-09,   0.7071068300,
                                       -202.32503e-09,   1.0000000000,  563.91076e-09,
                                        -0.7071068300,  255.67971e-09,  -0.7071067700
               </part>
               <part>
                  <!-- parent      --> "Root",
                  <!-- child       --> "Object16",
                  <!-- position    --> 1.5309081, -17.428388e-9, 0.29239979,
                  <!-- orientation -->  -0.7071067700, -541.81055e-09,   0.7071068300,
                                       -202.32503e-09,   1.0000000000,  563.91076e-09,
                                        -0.7071068300,  255.67971e-09,  -0.7071067700
               </part>
               <part>
                  <!-- parent      --> "Root",
                  <!-- child       --> "Object24",
                  <!-- position    --> 1.5309081, -17.428388e-9, 0.29239979,
                  <!-- orientation -->  -0.7071067700, -541.81055e-09,   0.7071068300,
                                       -202.32503e-09,   1.0000000000,  563.91076e-09,
                                        -0.7071068300,  255.67971e-09,  -0.7071067700
               </part>
               <part>
                  <!-- parent      --> "Root",
                  <!-- child       --> "Object15",
                  <!-- position    --> 1.5309081, -17.428388e-9, 0.29239979,
                  <!-- orientation -->  -0.7071067700, -541.81055e-09,   0.7071068300,
                                       -202.32503e-09,   1.0000000000,  563.91076e-09,
                                        -0.7071068300,  255.67971e-09,  -0.7071067700
               </part>
               <part>
                  <!-- parent      --> "Root",
                  <!-- child       --> "Object17",
                  <!-- position    --> 1.5309081, -17.428388e-9, 0.29239979,
                  <!-- orientation -->  -0.7071067700, -541.81055e-09,   0.7071068300,
                                       -202.32503e-09,   1.0000000000,  563.91076e-09,
                                        -0.7071068300,  255.67971e-09,  -0.7071067700
               </part>
               <part>
                  <!-- parent      --> "Root",
                  <!-- child       --> "Object19",
                  <!-- position    --> 1.5309081, -17.428388e-9, 0.29239979,
                  <!-- orientation -->  -0.7071067700, -541.81055e-09,   0.7071068300,
                                       -202.32503e-09,   1.0000000000,  563.91076e-09,
                                        -0.7071068300,  255.67971e-09,  -0.7071067700
               </part>
               <part>
                  <!-- parent      --> "Root",
                  <!-- child       --> "Object29",
                  <!-- position    --> 1.5309081, -17.428388e-9, 0.29239979,
                  <!-- orientation -->  -0.7071067700, -541.81055e-09,   0.7071068300,
                                       -202.32503e-09,   1.0000000000,  563.91076e-09,
                                        -0.7071068300,  255.67971e-09,  -0.7071067700
               </part>
               <part>
                  <!-- parent      --> "Root",
                  <!-- child       --> "Object04",
                  <!-- position    --> 1.5309081, -17.428388e-9, 0.29239979,
                  <!-- orientation -->  -0.7071067700, -541.81055e-09,   0.7071068300,
                                       -202.32503e-09,   1.0000000000,  563.91076e-09,
                                        -0.7071068300,  255.67971e-09,  -0.7071067700
               </part>
               <part>
                  <!-- parent      --> "Root",
                  <!-- child       --> "Object03",
                  <!-- position    --> 1.5309081, -17.428388e-9, 0.29239979,
                  <!-- orientation -->  -0.7071067700, -541.81055e-09,   0.7071068300,
                                       -202.32503e-09,   1.0000000000,  563.91076e-09,
                                        -0.7071068300,  255.67971e-09,  -0.7071067700
               </part>
               <part>
                  <!-- parent      --> "Root",
                  <!-- child       --> "Object30",
                  <!-- position    --> 1.5309081, -17.428388e-9, 0.29239979,
                  <!-- orientation -->  -0.7071067700, -541.81055e-09,   0.7071068300,
                                       -202.32503e-09,   1.0000000000,  563.91076e-09,
                                        -0.7071068300,  255.67971e-09,  -0.7071067700
               </part>
               <part>
                  <!-- parent      --> "Root",
                  <!-- child       --> "Object27",
                  <!-- position    --> 1.5309081, -17.428388e-9, 0.29239979,
                  <!-- orientation -->  -0.7071067700, -541.81055e-09,   0.7071068300,
                                       -202.32503e-09,   1.0000000000,  563.91076e-09,
                                        -0.7071068300,  255.67971e-09,  -0.7071067700
               </part>
               <part>
                  <!-- parent      --> "Root",
                  <!-- child       --> "Object05",
                  <!-- position    --> 1.5309081, -17.428388e-9, 0.29239979,
                  <!-- orientation -->  -0.7071067700, -541.81055e-09,   0.7071068300,
                                       -202.32503e-09,   1.0000000000,  563.91076e-09,
                                        -0.7071068300,  255.67971e-09,  -0.7071067700
               </part>
               <part>
                  <!-- parent      --> "Root",
                  <!-- child       --> "Object06",
                  <!-- position    --> 1.5309081, -17.428388e-9, 0.29239979,
                  <!-- orientation -->  -0.7071067700, -541.81055e-09,   0.7071068300,
                                       -202.32503e-09,   1.0000000000,  563.91076e-09,
                                        -0.7071068300,  255.67971e-09,  -0.7071067700
               </part>
               <part>
                  <!-- parent      --> "Root",
                  <!-- child       --> "Object26",
                  <!-- position    --> 1.5309081, -17.428388e-9, 0.29239979,
                  <!-- orientation -->  -0.7071067700, -541.81055e-09,   0.7071068300,
                                       -202.32503e-09,   1.0000000000,  563.91076e-09,
                                        -0.7071068300,  255.67971e-09,  -0.7071067700
               </part>
               <part>
                  <!-- parent      --> "Root",
                  <!-- child       --> "Object22",
                  <!-- position    --> 1.5309081, -17.428388e-9, 0.29239979,
                  <!-- orientation -->  -0.7071067700, -541.81055e-09,   0.7071068300,
                                       -202.32503e-09,   1.0000000000,  563.91076e-09,
                                        -0.7071068300,  255.67971e-09,  -0.7071067700
               </part>
               <part>
                  <!-- parent      --> "Root",
                  <!-- child       --> "Object11",
                  <!-- position    --> 1.5309081, -17.428388e-9, 0.29239979,
                  <!-- orientation -->  -0.7071067700, -541.81055e-09,   0.7071068300,
                                       -202.32503e-09,   1.0000000000,  563.91076e-09,
                                        -0.7071068300,  255.67971e-09,  -0.7071067700
               </part>
               <part>
                  <!-- parent      --> "Root",
                  <!-- child       --> "Object13",
                  <!-- position    --> 1.5309081, -17.428388e-9, 0.29239979,
                  <!-- orientation -->  -0.7071067700, -541.81055e-09,   0.7071068300,
                                       -202.32503e-09,   1.0000000000,  563.91076e-09,
                                        -0.7071068300,  255.67971e-09,  -0.7071067700
               </part>
               <part>
                  <!-- parent      --> "Root",
                  <!-- child       --> "Object12",
                  <!-- position    --> 1.5309081, -17.428388e-9, 0.29239979,
                  <!-- orientation -->  -0.7071067700, -541.81055e-09,   0.7071068300,
                                       -202.32503e-09,   1.0000000000,  563.91076e-09,
                                        -0.7071068300,  255.67971e-09,  -0.7071067700
               </part>
               <part>
                  <!-- parent      --> "Root",
                  <!-- child       --> "Object20",
                  <!-- position    --> 1.5309081, -17.428388e-9, 0.29239979,
                  <!-- orientation -->  -0.7071067700, -541.81055e-09,   0.7071068300,
                                       -202.32503e-09,   1.0000000000,  563.91076e-09,
                                        -0.7071068300,  255.67971e-09,  -0.7071067700
               </part>
               <part>
                  <!-- parent      --> "Root",
                  <!-- child       --> "Object23",
                  <!-- position    --> 1.5309081, -17.428388e-9, 0.29239979,
                  <!-- orientation -->  -0.7071067700, -541.81055e-09,   0.7071068300,
                                       -202.32503e-09,   1.0000000000,  563.91076e-09,
                                        -0.7071068300,  255.67971e-09,  -0.7071067700
               </part>
               <part>
                  <!-- parent      --> "Root",
                  <!-- child       --> "Object14",
                  <!-- position    --> 1.5309081, -17.428388e-9, 0.29239979,
                  <!-- orientation -->  -0.7071067700, -541.81055e-09,   0.7071068300,
                                       -202.32503e-09,   1.0000000000,  563.91076e-09,
                                        -0.7071068300,  255.67971e-09,  -0.7071067700
               </part>
            </Fix>
         </Cons>
      </Cmpnd>
      <Material_library name="Material library">
         <Material_count name="Material count" type="int">2</Material_count>
         <stars.tga>
            <Type type="text">DcDtEc</Type>
            <Dt_name type="text">stars.tga</Dt_name>
            <Dt_flags type="int">0x40</Dt_flags>
            <Ec type="RGB">1, 1, 1</Ec>
         </stars.tga>
         <stars_large01.tga>
            <Type type="text">DcDtEc</Type>
            <Dt_name type="text">stars_large01.tga</Dt_name>
            <Dt_flags type="int">0x40</Dt_flags>
            <Ec type="RGB">1, 1, 1</Ec>
         </stars_large01.tga>
      </Material_library>
      <Texture_library name="Texture library">
         <stars_large01.tga>
            <MIPS type="file" filename="starsphere_iw01_stars_cmp\stars_large01.dds"/>
         </stars_large01.tga>
         <stars.tga>
            <MIPS type="file" filename="starsphere_iw01_stars_cmp\stars.dds"/>
         </stars.tga>
      </Texture_library>
      <starsphere020721144451.3db>
         <VMeshPart>
            <VMeshRef type="VMeshRef">
               <!-- header size  --> 60,
               <!-- vmesh lib    --> data.solar.starsphere.starsphere_iw01_stars.lod0-102.vms,
               <!-- start vert   --> 1431,
               <!-- num verts    --> 132,
               <!-- start index  --> 1431,
               <!-- num indices  --> 132,
               <!-- start mesh   --> 19,
               <!-- num meshes   --> 1,
               <!-- bounding box -->   1.3248173,  -3.4568589, -62.974674,
                                     -65.922264,  -48.423973,  -93.261757,
               <!-- center       --> -32.067432,  -26.032549,  -78.276611,
               <!-- radius       --> 39.727062
            </VMeshRef>
         </VMeshPart>
      </starsphere020721144451.3db>
      <Object28020721144451.3db>
         <VMeshPart>
            <VMeshRef type="VMeshRef">
               <!-- header size  --> 60,
               <!-- vmesh lib    --> data.solar.starsphere.starsphere_iw01_stars.lod0-102.vms,
               <!-- start vert   --> 1251,
               <!-- num verts    --> 105,
               <!-- start index  --> 1251,
               <!-- num indices  --> 105,
               <!-- start mesh   --> 15,
               <!-- num meshes   --> 2,
               <!-- bounding box --> 83.366638, -50.040703,  -0.50015253,
                                     26.983973, -95.117653, -49.90575,
               <!-- center       --> 55.011169, -72.855728, -22.680271,
               <!-- radius       --> 38.582687
            </VMeshRef>
         </VMeshPart>
      </Object28020721144451.3db>
      <Object09020721144451.3db>
         <VMeshPart>
            <VMeshRef type="VMeshRef">
               <!-- header size  --> 60,
               <!-- vmesh lib    --> data.solar.starsphere.starsphere_iw01_stars.lod0-102.vms,
               <!-- start vert   --> 2751,
               <!-- num verts    --> 81,
               <!-- start index  --> 2751,
               <!-- num indices  --> 81,
               <!-- start mesh   --> 34,
               <!-- num meshes   --> 1,
               <!-- bounding box --> 65.514305,  -27.928818, 93.343193,
                                      1.4347571, -49.283596, 61.433762,
               <!-- center       --> 33.366764,  -38.743805, 77.379539,
               <!-- radius       --> 34.961262
            </VMeshRef>
         </VMeshPart>
      </Object09020721144451.3db>
      <Object31020721144451.3db>
         <VMeshPart>
            <VMeshRef type="VMeshRef">
               <!-- header size  --> 60,
               <!-- vmesh lib    --> data.solar.starsphere.starsphere_iw01_stars.lod0-102.vms,
               <!-- start vert   --> 690,
               <!-- num verts    --> 177,
               <!-- start index  --> 690,
               <!-- num indices  --> 177,
               <!-- start mesh   --> 8,
               <!-- num meshes   --> 2,
               <!-- bounding box -->   1.3902911, -50.687992, 82.620201,
                                     -49.339619,  -97.834908, 15.717826,
               <!-- center       --> -20.345121,  -74.833801, 48.987186,
               <!-- radius       --> 43.438118
            </VMeshRef>
         </VMeshPart>
      </Object31020721144451.3db>
      <Object02020721144451.3db>
         <VMeshPart>
            <VMeshRef type="VMeshRef">
               <!-- header size  --> 60,
               <!-- vmesh lib    --> data.solar.starsphere.starsphere_iw01_stars.lod0-102.vms,
               <!-- start vert   --> 1356,
               <!-- num verts    --> 75,
               <!-- start index  --> 1356,
               <!-- num indices  --> 75,
               <!-- start mesh   --> 17,
               <!-- num meshes   --> 2,
               <!-- bounding box -->  -0.17791294, -10.464701, -64.332855,
                                     -65.323936,   -47.15316,  -95.063271,
               <!-- center       --> -33.322735,   -27.783123, -80.090828,
               <!-- radius       --> 36.794529
            </VMeshRef>
         </VMeshPart>
      </Object02020721144451.3db>
      <Object25020721144451.3db>
         <VMeshPart>
            <VMeshRef type="VMeshRef">
               <!-- header size  --> 60,
               <!-- vmesh lib    --> data.solar.starsphere.starsphere_iw01_stars.lod0-102.vms,
               <!-- start vert   --> 507,
               <!-- num verts    --> 66,
               <!-- start index  --> 507,
               <!-- num indices  --> 66,
               <!-- start mesh   --> 5,
               <!-- num meshes   --> 2,
               <!-- bounding box --> -66.773537, -17.756226,   0.37265027,
                                     -93.291107, -48.423988, -64.343719,
               <!-- center       --> -79.717834, -33.136127, -32.590042,
               <!-- radius       --> 33.83
            </VMeshRef>
         </VMeshPart>
      </Object25020721144451.3db>
      <Object07020721144451.3db>
         <VMeshPart>
            <VMeshRef type="VMeshRef">
               <!-- header size  --> 60,
               <!-- vmesh lib    --> data.solar.starsphere.starsphere_iw01_stars.lod0-102.vms,
               <!-- start vert   --> 1122,
               <!-- num verts    --> 129,
               <!-- start index  --> 1122,
               <!-- num indices  --> 129,
               <!-- start mesh   --> 13,
               <!-- num meshes   --> 2,
               <!-- bounding box --> 95.2071,     0.12444712,  -8.6837549,
                                     66.164436, -47.153103,   -68.259254,
               <!-- center       --> 79.891289, -23.509953,   -38.714504,
               <!-- radius       --> 38.123783
            </VMeshRef>
         </VMeshPart>
      </Object07020721144451.3db>
      <Object08020721144451.3db>
         <VMeshPart>
            <VMeshRef type="VMeshRef">
               <!-- header size  --> 60,
               <!-- vmesh lib    --> data.solar.starsphere.starsphere_iw01_stars.lod0-102.vms,
               <!-- start vert   --> 921,
               <!-- num verts    --> 93,
               <!-- start index  --> 921,
               <!-- num indices  --> 93,
               <!-- start mesh   --> 11,
               <!-- num meshes   --> 1,
               <!-- bounding box --> -67.342606,  -2.63905,  65.882011,
                                     -93.291161, -48.423939,  3.2670522,
               <!-- center       --> -80.231201, -24.993238, 34.829262,
               <!-- radius       --> 37.45752
            </VMeshRef>
         </VMeshPart>
      </Object08020721144451.3db>
      <Object01020721144451.3db>
         <VMeshPart>
            <VMeshRef type="VMeshRef">
               <!-- header size  --> 60,
               <!-- vmesh lib    --> data.solar.starsphere.starsphere_iw01_stars.lod0-102.vms,
               <!-- start vert   --> 2229,
               <!-- num verts    --> 141,
               <!-- start index  --> 2229,
               <!-- num indices  --> 141,
               <!-- start mesh   --> 27,
               <!-- num meshes   --> 1,
               <!-- bounding box --> 83.36657,  -50.040733, 49.905823,
                                     26.983887, -95.657829,  0.78220618,
               <!-- center       --> 54.341866, -73.597221, 23.093325,
               <!-- radius       --> 37.937664
            </VMeshRef>
         </VMeshPart>
      </Object01020721144451.3db>
      <Object21020721144451.3db>
         <VMeshPart>
            <VMeshRef type="VMeshRef">
               <!-- header size  --> 60,
               <!-- vmesh lib    --> data.solar.starsphere.starsphere_iw01_stars.lod0-102.vms,
               <!-- start vert   --> 2421,
               <!-- num verts    --> 75,
               <!-- start index  --> 2421,
               <!-- num indices  --> 75,
               <!-- start mesh   --> 29,
               <!-- num meshes   --> 1,
               <!-- bounding box --> 62.839058,  -0.062284779, -64.697182,
                                     11.933486, -48.423962,    -94.823288,
               <!-- center       --> 37.685455, -22.059536,    -79.963387,
               <!-- radius       --> 36.879036
            </VMeshRef>
         </VMeshPart>
      </Object21020721144451.3db>
      <Object10020721144451.3db>
         <VMeshPart>
            <VMeshRef type="VMeshRef">
               <!-- header size  --> 60,
               <!-- vmesh lib    --> data.solar.starsphere.starsphere_iw01_stars.lod0-102.vms,
               <!-- start vert   --> 3294,
               <!-- num verts    --> 162,
               <!-- start index  --> 3294,
               <!-- num indices  --> 162,
               <!-- start mesh   --> 41,
               <!-- num meshes   --> 2,
               <!-- bounding box -->   0.39486292, -48.90926,  -15.717777,
                                     -49.339619,   -97.834923, -87.1185,
               <!-- center       --> -19.807289,   -72.651695, -52.534508,
               <!-- radius       --> 47.028938
            </VMeshRef>
         </VMeshPart>
      </Object10020721144451.3db>
      <Object18020721144451.3db>
         <VMeshPart>
            <VMeshRef type="VMeshRef">
               <!-- header size  --> 60,
               <!-- vmesh lib    --> data.solar.starsphere.starsphere_iw01_stars.lod0-102.vms,
               <!-- start vert   --> 2496,
               <!-- num verts    --> 102,
               <!-- start index  --> 2496,
               <!-- num indices  --> 102,
               <!-- start mesh   --> 30,
               <!-- num meshes   --> 1,
               <!-- bounding box --> -26.983932, -50.040756,  -0.78211796,
                                     -83.366577, -95.117668, -49.905754,
               <!-- center       --> -54.413883, -73.337326, -23.287146,
               <!-- radius       --> 37.662697
            </VMeshRef>
         </VMeshPart>
      </Object18020721144451.3db>
      <Object16020721144451.3db>
         <VMeshPart>
            <VMeshRef type="VMeshRef">
               <!-- header size  --> 60,
               <!-- vmesh lib    --> data.solar.starsphere.starsphere_iw01_stars.lod0-102.vms,
               <!-- start vert   --> 0,
               <!-- num verts    --> 195,
               <!-- start index  --> 0,
               <!-- num indices  --> 195,
               <!-- start mesh   --> 0,
               <!-- num meshes   --> 1,
               <!-- bounding box -->  -9.1115961,  -50.040695, 50.275444,
                                     -83.366615,  -101.21024,   0.30787009,
               <!-- center       --> -44.546078,   -76.829666, 21.788324,
               <!-- radius       --> 48.077278
            </VMeshRef>
         </VMeshPart>
      </Object16020721144451.3db>
      <Object24020721144451.3db>
         <VMeshPart>
            <VMeshRef type="VMeshRef">
               <!-- header size  --> 60,
               <!-- vmesh lib    --> data.solar.starsphere.starsphere_iw01_stars.lod0-102.vms,
               <!-- start vert   --> 2370,
               <!-- num verts    --> 51,
               <!-- start index  --> 2370,
               <!-- num indices  --> 51,
               <!-- start mesh   --> 28,
               <!-- num meshes   --> 1,
               <!-- bounding box -->  -1.4347265,   0.12401089, 87.984802,
                                     -70.047874,  -49.28355,    64.332878,
               <!-- center       --> -35.347469,  -25.083307,   76.582108,
               <!-- radius       --> 42.917561
            </VMeshRef>
         </VMeshPart>
      </Object24020721144451.3db>
      <Object15020721144451.3db>
         <VMeshPart>
            <VMeshRef type="VMeshRef">
               <!-- header size  --> 60,
               <!-- vmesh lib    --> data.solar.starsphere.starsphere_iw01_stars.lod0-102.vms,
               <!-- start vert   --> 3144,
               <!-- num verts    --> 150,
               <!-- start index  --> 3144,
               <!-- num indices  --> 150,
               <!-- start mesh   --> 40,
               <!-- num meshes   --> 1,
               <!-- bounding box --> 49.339607, -48.909252, -15.717781,
                                      0.565341, -97.834915, -87.1185,
               <!-- center       --> 20.225307, -72.620804, -52.557049,
               <!-- radius       --> 47.197128
            </VMeshRef>
         </VMeshPart>
      </Object15020721144451.3db>
      <Object17020721144451.3db>
         <VMeshPart>
            <VMeshRef type="VMeshRef">
               <!-- header size  --> 60,
               <!-- vmesh lib    --> data.solar.starsphere.starsphere_iw01_stars.lod0-102.vms,
               <!-- start vert   --> 2007,
               <!-- num verts    --> 153,
               <!-- start index  --> 2007,
               <!-- num indices  --> 153,
               <!-- start mesh   --> 24,
               <!-- num meshes   --> 1,
               <!-- bounding box --> 55.145359,    -50.688011, 82.291664,
                                      0.56536877, -101.45245,   1.2088984,
               <!-- center       --> 23.888184,    -76.580986, 41.593967,
               <!-- radius       --> 50.914173
            </VMeshRef>
         </VMeshPart>
      </Object17020721144451.3db>
      <Object19020721144451.3db>
         <VMeshPart>
            <VMeshRef type="VMeshRef">
               <!-- header size  --> 60,
               <!-- vmesh lib    --> data.solar.starsphere.starsphere_iw01_stars.lod0-102.vms,
               <!-- start vert   --> 573,
               <!-- num verts    --> 117,
               <!-- start index  --> 573,
               <!-- num indices  --> 117,
               <!-- start mesh   --> 7,
               <!-- num meshes   --> 1,
               <!-- bounding box --> 73.407082, 95.117668, 52.217976,
                                     25.756912, 50.040752,  2.1195621,
               <!-- center       --> 52.176178, 72.325523, 24.281622,
               <!-- radius       --> 36.858307
            </VMeshRef>
         </VMeshPart>
      </Object19020721144451.3db>
      <Object29020721144451.3db>
         <VMeshPart>
            <VMeshRef type="VMeshRef">
               <!-- header size  --> 60,
               <!-- vmesh lib    --> data.solar.starsphere.starsphere_iw01_stars.lod0-102.vms,
               <!-- start vert   --> 3075,
               <!-- num verts    --> 3,
               <!-- start index  --> 3075,
               <!-- num indices  --> 3,
               <!-- start mesh   --> 37,
               <!-- num meshes   --> 1,
               <!-- bounding box --> 22.041533, 32.672638, 90.066292,
                                     21.586557, 32.291374, 89.900536,
               <!-- center       --> 21.827377, 32.515842, 89.978554,
               <!-- radius       --> 0.28744432
            </VMeshRef>
         </VMeshPart>
      </Object29020721144451.3db>
      <Object04020721144451.3db>
         <VMeshPart>
            <VMeshRef type="VMeshRef">
               <!-- header size  --> 60,
               <!-- vmesh lib    --> data.solar.starsphere.starsphere_iw01_stars.lod0-102.vms,
               <!-- start vert   --> 2160,
               <!-- num verts    --> 69,
               <!-- start index  --> 2160,
               <!-- num indices  --> 69,
