<?xml version="1.0" encoding="ISO-8859-1"?>
<!-- XML generated by UTFXML Version 2.2 built 19-Aug-2010 -->
<UTFXML filename="starsphere_bw01_stars.cmp" path="SOLAR\STARSPHERE">
   <UTF_ROOT>
      <VMeshLibrary>
         <data.solar.starsphere.starsphere_bw01_stars.lod0-102.vms include="starsphere_bw01_stars_cmp\lod0-102.vms.xml"/>
      </VMeshLibrary>
      <Exporter_Version name="Exporter Version" type="text">Jun 10 2002 16:27:11</Exporter_Version>
      <Cmpnd>
         <Root>
            <Object_name name="Object name" type="text">Root</Object_name>
            <File_name name="File name" type="text">starsphere020721134555.3db</File_name>
            <Index type="int">0</Index>
         </Root>
         <Part_Object28>
            <Object_name name="Object name" type="text">Object28</Object_name>
            <File_name name="File name" type="text">Object28020721134555.3db</File_name>
            <Index type="int">1</Index>
         </Part_Object28>
         <Part_Object09>
            <Object_name name="Object name" type="text">Object09</Object_name>
            <File_name name="File name" type="text">Object09020721134555.3db</File_name>
            <Index type="int">2</Index>
         </Part_Object09>
         <Part_Object31>
            <Object_name name="Object name" type="text">Object31</Object_name>
            <File_name name="File name" type="text">Object31020721134555.3db</File_name>
            <Index type="int">3</Index>
         </Part_Object31>
         <Part_Object02>
            <Object_name name="Object name" type="text">Object02</Object_name>
            <File_name name="File name" type="text">Object02020721134555.3db</File_name>
            <Index type="int">4</Index>
         </Part_Object02>
         <Part_Object25>
            <Object_name name="Object name" type="text">Object25</Object_name>
            <File_name name="File name" type="text">Object25020721134555.3db</File_name>
            <Index type="int">5</Index>
         </Part_Object25>
         <Part_Object07>
            <Object_name name="Object name" type="text">Object07</Object_name>
            <File_name name="File name" type="text">Object07020721134555.3db</File_name>
            <Index type="int">6</Index>
         </Part_Object07>
         <Part_Object08>
            <Object_name name="Object name" type="text">Object08</Object_name>
            <File_name name="File name" type="text">Object08020721134555.3db</File_name>
            <Index type="int">7</Index>
         </Part_Object08>
         <Part_Object01>
            <Object_name name="Object name" type="text">Object01</Object_name>
            <File_name name="File name" type="text">Object01020721134555.3db</File_name>
            <Index type="int">8</Index>
         </Part_Object01>
         <Part_Object21>
            <Object_name name="Object name" type="text">Object21</Object_name>
            <File_name name="File name" type="text">Object21020721134555.3db</File_name>
            <Index type="int">9</Index>
         </Part_Object21>
         <Part_Object10>
            <Object_name name="Object name" type="text">Object10</Object_name>
            <File_name name="File name" type="text">Object10020721134555.3db</File_name>
            <Index type="int">10</Index>
         </Part_Object10>
         <Part_Object18>
            <Object_name name="Object name" type="text">Object18</Object_name>
            <File_name name="File name" type="text">Object18020721134555.3db</File_name>
            <Index type="int">11</Index>
         </Part_Object18>
         <Part_Object16>
            <Object_name name="Object name" type="text">Object16</Object_name>
            <File_name name="File name" type="text">Object16020721134555.3db</File_name>
            <Index type="int">12</Index>
         </Part_Object16>
         <Part_Object24>
            <Object_name name="Object name" type="text">Object24</Object_name>
            <File_name name="File name" type="text">Object24020721134555.3db</File_name>
            <Index type="int">13</Index>
         </Part_Object24>
         <Part_Object15>
            <Object_name name="Object name" type="text">Object15</Object_name>
            <File_name name="File name" type="text">Object15020721134555.3db</File_name>
            <Index type="int">14</Index>
         </Part_Object15>
         <Part_Object17>
            <Object_name name="Object name" type="text">Object17</Object_name>
            <File_name name="File name" type="text">Object17020721134555.3db</File_name>
            <Index type="int">15</Index>
         </Part_Object17>
         <Part_Object19>
            <Object_name name="Object name" type="text">Object19</Object_name>
            <File_name name="File name" type="text">Object19020721134555.3db</File_name>
            <Index type="int">16</Index>
         </Part_Object19>
         <Part_Object29>
            <Object_name name="Object name" type="text">Object29</Object_name>
            <File_name name="File name" type="text">Object29020721134555.3db</File_name>
            <Index type="int">17</Index>
         </Part_Object29>
         <Part_Object04>
            <Object_name name="Object name" type="text">Object04</Object_name>
            <File_name name="File name" type="text">Object04020721134555.3db</File_name>
            <Index type="int">18</Index>
         </Part_Object04>
         <Part_Object03>
            <Object_name name="Object name" type="text">Object03</Object_name>
            <File_name name="File name" type="text">Object03020721134555.3db</File_name>
            <Index type="int">19</Index>
         </Part_Object03>
         <Part_Object30>
            <Object_name name="Object name" type="text">Object30</Object_name>
            <File_name name="File name" type="text">Object30020721134555.3db</File_name>
            <Index type="int">20</Index>
         </Part_Object30>
         <Part_Object27>
            <Object_name name="Object name" type="text">Object27</Object_name>
            <File_name name="File name" type="text">Object27020721134555.3db</File_name>
            <Index type="int">21</Index>
         </Part_Object27>
         <Part_Object05>
            <Object_name name="Object name" type="text">Object05</Object_name>
            <File_name name="File name" type="text">Object05020721134555.3db</File_name>
            <Index type="int">22</Index>
         </Part_Object05>
         <Part_Object06>
            <Object_name name="Object name" type="text">Object06</Object_name>
            <File_name name="File name" type="text">Object06020721134555.3db</File_name>
            <Index type="int">23</Index>
         </Part_Object06>
         <Part_Object26>
            <Object_name name="Object name" type="text">Object26</Object_name>
            <File_name name="File name" type="text">Object26020721134555.3db</File_name>
            <Index type="int">24</Index>
         </Part_Object26>
         <Part_Object22>
            <Object_name name="Object name" type="text">Object22</Object_name>
            <File_name name="File name" type="text">Object22020721134555.3db</File_name>
            <Index type="int">25</Index>
         </Part_Object22>
         <Part_Object11>
            <Object_name name="Object name" type="text">Object11</Object_name>
            <File_name name="File name" type="text">Object11020721134555.3db</File_name>
            <Index type="int">26</Index>
         </Part_Object11>
         <Part_Object13>
            <Object_name name="Object name" type="text">Object13</Object_name>
            <File_name name="File name" type="text">Object13020721134555.3db</File_name>
            <Index type="int">27</Index>
         </Part_Object13>
         <Part_Object12>
            <Object_name name="Object name" type="text">Object12</Object_name>
            <File_name name="File name" type="text">Object12020721134555.3db</File_name>
            <Index type="int">28</Index>
         </Part_Object12>
         <Part_Object20>
            <Object_name name="Object name" type="text">Object20</Object_name>
            <File_name name="File name" type="text">Object20020721134555.3db</File_name>
            <Index type="int">29</Index>
         </Part_Object20>
         <Part_Object23>
            <Object_name name="Object name" type="text">Object23</Object_name>
            <File_name name="File name" type="text">Object23020721134555.3db</File_name>
            <Index type="int">30</Index>
         </Part_Object23>
         <Part_Object14>
            <Object_name name="Object name" type="text">Object14</Object_name>
            <File_name name="File name" type="text">Object14020721134555.3db</File_name>
            <Index type="int">31</Index>
         </Part_Object14>
         <Cons>
            <Fix type="Fix" count="31">
               <part>
                  <!-- parent      --> "Root",
                  <!-- child       --> "Object28",
                  <!-- position    --> 1.5503249, -15.647595e-9, 0.26252306,
                  <!-- orientation -->  -0.7071065300, -388.40153e-09,   0.7071070100,
                                       -148.10011e-09,   1.0000000000,  401.18249e-09,
                                        -0.7071070100,  178.95614e-09,  -0.7071065300
               </part>
               <part>
                  <!-- parent      --> "Root",
                  <!-- child       --> "Object09",
                  <!-- position    --> 1.5503249, -15.647595e-9, 0.26252306,
                  <!-- orientation -->  -0.7071065300, -388.40153e-09,   0.7071070100,
                                       -148.10011e-09,   1.0000000000,  401.18249e-09,
                                        -0.7071070100,  178.95614e-09,  -0.7071065300
               </part>
               <part>
                  <!-- parent      --> "Root",
                  <!-- child       --> "Object31",
                  <!-- position    --> 1.5503249, -15.647595e-9, 0.26252306,
                  <!-- orientation -->  -0.7071065300, -388.40153e-09,   0.7071070100,
                                       -148.10011e-09,   1.0000000000,  401.18249e-09,
                                        -0.7071070100,  178.95614e-09,  -0.7071065300
               </part>
               <part>
                  <!-- parent      --> "Root",
                  <!-- child       --> "Object02",
                  <!-- position    --> 1.5503249, -15.647595e-9, 0.26252306,
                  <!-- orientation -->  -0.7071065300, -388.40153e-09,   0.7071070100,
                                       -148.10011e-09,   1.0000000000,  401.18249e-09,
                                        -0.7071070100,  178.95614e-09,  -0.7071065300
               </part>
               <part>
                  <!-- parent      --> "Root",
                  <!-- child       --> "Object25",
                  <!-- position    --> 1.5503249, -15.647595e-9, 0.26252306,
                  <!-- orientation -->  -0.7071065300, -388.40153e-09,   0.7071070100,
                                       -148.10011e-09,   1.0000000000,  401.18249e-09,
                                        -0.7071070100,  178.95614e-09,  -0.7071065300
               </part>
               <part>
                  <!-- parent      --> "Root",
                  <!-- child       --> "Object07",
                  <!-- position    --> 1.5503249, -15.647595e-9, 0.26252306,
                  <!-- orientation -->  -0.7071065300, -388.40153e-09,   0.7071070100,
                                       -148.10011e-09,   1.0000000000,  401.18249e-09,
                                        -0.7071070100,  178.95614e-09,  -0.7071065300
               </part>
               <part>
                  <!-- parent      --> "Root",
                  <!-- child       --> "Object08",
                  <!-- position    --> 1.5503249, -15.647595e-9, 0.26252306,
                  <!-- orientation -->  -0.7071065300, -388.40153e-09,   0.7071070100,
                                       -148.10011e-09,   1.0000000000,  401.18249e-09,
                                        -0.7071070100,  178.95614e-09,  -0.7071065300
               </part>
               <part>
                  <!-- parent      --> "Root",
                  <!-- child       --> "Object01",
                  <!-- position    --> 1.5503249, -15.647595e-9, 0.26252306,
                  <!-- orientation -->  -0.7071065300, -388.40153e-09,   0.7071070100,
                                       -148.10011e-09,   1.0000000000,  401.18249e-09,
                                        -0.7071070100,  178.95614e-09,  -0.7071065300
               </part>
               <part>
                  <!-- parent      --> "Root",
                  <!-- child       --> "Object21",
                  <!-- position    --> 1.5503249, -15.647595e-9, 0.26252306,
                  <!-- orientation -->  -0.7071065300, -388.40153e-09,   0.7071070100,
                                       -148.10011e-09,   1.0000000000,  401.18249e-09,
                                        -0.7071070100,  178.95614e-09,  -0.7071065300
               </part>
               <part>
                  <!-- parent      --> "Root",
                  <!-- child       --> "Object10",
                  <!-- position    --> 1.5503249, -15.647595e-9, 0.26252306,
                  <!-- orientation -->  -0.7071065300, -388.40153e-09,   0.7071070100,
                                       -148.10011e-09,   1.0000000000,  401.18249e-09,
                                        -0.7071070100,  178.95614e-09,  -0.7071065300
               </part>
               <part>
                  <!-- parent      --> "Root",
                  <!-- child       --> "Object18",
                  <!-- position    --> 1.5503249, -15.647595e-9, 0.26252306,
                  <!-- orientation -->  -0.7071065300, -388.40153e-09,   0.7071070100,
                                       -148.10011e-09,   1.0000000000,  401.18249e-09,
                                        -0.7071070100,  178.95614e-09,  -0.7071065300
               </part>
               <part>
                  <!-- parent      --> "Root",
                  <!-- child       --> "Object16",
                  <!-- position    --> 1.5503249, -15.647595e-9, 0.26252306,
                  <!-- orientation -->  -0.7071065300, -388.40153e-09,   0.7071070100,
                                       -148.10011e-09,   1.0000000000,  401.18249e-09,
                                        -0.7071070100,  178.95614e-09,  -0.7071065300
               </part>
               <part>
                  <!-- parent      --> "Root",
                  <!-- child       --> "Object24",
                  <!-- position    --> 1.5503249, -15.647595e-9, 0.26252306,
                  <!-- orientation -->  -0.7071065300, -388.40153e-09,   0.7071070100,
                                       -148.10011e-09,   1.0000000000,  401.18249e-09,
                                        -0.7071070100,  178.95614e-09,  -0.7071065300
               </part>
               <part>
                  <!-- parent      --> "Root",
                  <!-- child       --> "Object15",
                  <!-- position    --> 1.5503249, -15.647595e-9, 0.26252306,
                  <!-- orientation -->  -0.7071065300, -388.40153e-09,   0.7071070100,
                                       -148.10011e-09,   1.0000000000,  401.18249e-09,
                                        -0.7071070100,  178.95614e-09,  -0.7071065300
               </part>
               <part>
                  <!-- parent      --> "Root",
                  <!-- child       --> "Object17",
                  <!-- position    --> 1.5503249, -15.647595e-9, 0.26252306,
                  <!-- orientation -->  -0.7071065300, -388.40153e-09,   0.7071070100,
                                       -148.10011e-09,   1.0000000000,  401.18249e-09,
                                        -0.7071070100,  178.95614e-09,  -0.7071065300
               </part>
               <part>
                  <!-- parent      --> "Root",
                  <!-- child       --> "Object19",
                  <!-- position    --> 1.5503249, -15.647595e-9, 0.26252306,
                  <!-- orientation -->  -0.7071065300, -388.40153e-09,   0.7071070100,
                                       -148.10011e-09,   1.0000000000,  401.18249e-09,
                                        -0.7071070100,  178.95614e-09,  -0.7071065300
               </part>
               <part>
                  <!-- parent      --> "Root",
                  <!-- child       --> "Object29",
                  <!-- position    --> 1.5503249, -15.647595e-9, 0.26252306,
                  <!-- orientation -->  -0.7071065300, -388.40153e-09,   0.7071070100,
                                       -148.10011e-09,   1.0000000000,  401.18249e-09,
                                        -0.7071070100,  178.95614e-09,  -0.7071065300
               </part>
               <part>
                  <!-- parent      --> "Root",
                  <!-- child       --> "Object04",
                  <!-- position    --> 1.5503249, -15.647595e-9, 0.26252306,
                  <!-- orientation -->  -0.7071065300, -388.40153e-09,   0.7071070100,
                                       -148.10011e-09,   1.0000000000,  401.18249e-09,
                                        -0.7071070100,  178.95614e-09,  -0.7071065300
               </part>
               <part>
                  <!-- parent      --> "Root",
                  <!-- child       --> "Object03",
                  <!-- position    --> 1.5503249, -15.647595e-9, 0.26252306,
                  <!-- orientation -->  -0.7071065300, -388.40153e-09,   0.7071070100,
                                       -148.10011e-09,   1.0000000000,  401.18249e-09,
                                        -0.7071070100,  178.95614e-09,  -0.7071065300
               </part>
               <part>
                  <!-- parent      --> "Root",
                  <!-- child       --> "Object30",
                  <!-- position    --> 1.5503249, -15.647595e-9, 0.26252306,
                  <!-- orientation -->  -0.7071065300, -388.40153e-09,   0.7071070100,
                                       -148.10011e-09,   1.0000000000,  401.18249e-09,
                                        -0.7071070100,  178.95614e-09,  -0.7071065300
               </part>
               <part>
                  <!-- parent      --> "Root",
                  <!-- child       --> "Object27",
                  <!-- position    --> 1.5503249, -15.647595e-9, 0.26252306,
                  <!-- orientation -->  -0.7071065300, -388.40153e-09,   0.7071070100,
                                       -148.10011e-09,   1.0000000000,  401.18249e-09,
                                        -0.7071070100,  178.95614e-09,  -0.7071065300
               </part>
               <part>
                  <!-- parent      --> "Root",
                  <!-- child       --> "Object05",
                  <!-- position    --> 1.5503249, -15.647595e-9, 0.26252306,
                  <!-- orientation -->  -0.7071065300, -388.40153e-09,   0.7071070100,
                                       -148.10011e-09,   1.0000000000,  401.18249e-09,
                                        -0.7071070100,  178.95614e-09,  -0.7071065300
               </part>
               <part>
                  <!-- parent      --> "Root",
                  <!-- child       --> "Object06",
                  <!-- position    --> 1.5503249, -15.647595e-9, 0.26252306,
                  <!-- orientation -->  -0.7071065300, -388.40153e-09,   0.7071070100,
                                       -148.10011e-09,   1.0000000000,  401.18249e-09,
                                        -0.7071070100,  178.95614e-09,  -0.7071065300
               </part>
               <part>
                  <!-- parent      --> "Root",
                  <!-- child       --> "Object26",
                  <!-- position    --> 1.5503249, -15.647595e-9, 0.26252306,
                  <!-- orientation -->  -0.7071065300, -388.40153e-09,   0.7071070100,
                                       -148.10011e-09,   1.0000000000,  401.18249e-09,
                                        -0.7071070100,  178.95614e-09,  -0.7071065300
               </part>
               <part>
                  <!-- parent      --> "Root",
                  <!-- child       --> "Object22",
                  <!-- position    --> 1.5503249, -15.647595e-9, 0.26252306,
                  <!-- orientation -->  -0.7071065300, -388.40153e-09,   0.7071070100,
                                       -148.10011e-09,   1.0000000000,  401.18249e-09,
                                        -0.7071070100,  178.95614e-09,  -0.7071065300
               </part>
               <part>
                  <!-- parent      --> "Root",
                  <!-- child       --> "Object11",
                  <!-- position    --> 1.5503249, -15.647595e-9, 0.26252306,
                  <!-- orientation -->  -0.7071065300, -388.40153e-09,   0.7071070100,
                                       -148.10011e-09,   1.0000000000,  401.18249e-09,
                                        -0.7071070100,  178.95614e-09,  -0.7071065300
               </part>
               <part>
                  <!-- parent      --> "Root",
                  <!-- child       --> "Object13",
                  <!-- position    --> 1.5503249, -15.647595e-9, 0.26252306,
                  <!-- orientation -->  -0.7071065300, -388.40153e-09,   0.7071070100,
                                       -148.10011e-09,   1.0000000000,  401.18249e-09,
                                        -0.7071070100,  178.95614e-09,  -0.7071065300
               </part>
               <part>
                  <!-- parent      --> "Root",
                  <!-- child       --> "Object12",
                  <!-- position    --> 1.5503249, -15.647595e-9, 0.26252306,
                  <!-- orientation -->  -0.7071065300, -388.40153e-09,   0.7071070100,
                                       -148.10011e-09,   1.0000000000,  401.18249e-09,
                                        -0.7071070100,  178.95614e-09,  -0.7071065300
               </part>
               <part>
                  <!-- parent      --> "Root",
                  <!-- child       --> "Object20",
                  <!-- position    --> 1.5503249, -15.647595e-9, 0.26252306,
                  <!-- orientation -->  -0.7071065300, -388.40153e-09,   0.7071070100,
                                       -148.10011e-09,   1.0000000000,  401.18249e-09,
                                        -0.7071070100,  178.95614e-09,  -0.7071065300
               </part>
               <part>
                  <!-- parent      --> "Root",
                  <!-- child       --> "Object23",
                  <!-- position    --> 1.5503249, -15.647595e-9, 0.26252306,
                  <!-- orientation -->  -0.7071065300, -388.40153e-09,   0.7071070100,
                                       -148.10011e-09,   1.0000000000,  401.18249e-09,
                                        -0.7071070100,  178.95614e-09,  -0.7071065300
               </part>
               <part>
                  <!-- parent      --> "Root",
                  <!-- child       --> "Object14",
                  <!-- position    --> 1.5503249, -15.647595e-9, 0.26252306,
                  <!-- orientation -->  -0.7071065300, -388.40153e-09,   0.7071070100,
                                       -148.10011e-09,   1.0000000000,  401.18249e-09,
                                        -0.7071070100,  178.95614e-09,  -0.7071065300
               </part>
            </Fix>
         </Cons>
      </Cmpnd>
      <Material_library name="Material library">
         <Material_count name="Material count" type="int">2</Material_count>
         <stars.tga>
            <Type type="text">DcDtEc</Type>
            <Dt_name type="text">stars.tga</Dt_name>
            <Dt_flags type="int">0x40</Dt_flags>
            <Ec type="RGB">1, 1, 1</Ec>
         </stars.tga>
         <stars_large01.tga>
            <Type type="text">DcDtEc</Type>
            <Dt_name type="text">stars_large01.tga</Dt_name>
            <Dt_flags type="int">0x40</Dt_flags>
            <Ec type="RGB">1, 1, 1</Ec>
         </stars_large01.tga>
      </Material_library>
      <Texture_library name="Texture library">
         <stars_large01.tga>
            <MIPS type="file" filename="starsphere_bw01_stars_cmp\stars_large01.dds"/>
         </stars_large01.tga>
         <stars.tga>
            <MIPS type="file" filename="starsphere_bw01_stars_cmp\stars.dds"/>
         </stars.tga>
      </Texture_library>
      <starsphere020721134555.3db>
         <VMeshPart>
            <VMeshRef type="VMeshRef">
               <!-- header size  --> 60,
               <!-- vmesh lib    --> data.solar.starsphere.starsphere_bw01_stars.lod0-102.vms,
               <!-- start vert   --> 2310,
               <!-- num verts    --> 210,
               <!-- start index  --> 2310,
               <!-- num indices  --> 210,
               <!-- start mesh   --> 23,
               <!-- num meshes   --> 1,
               <!-- bounding box -->   1.3442527, -15.134525, -63.00457,
                                     -67.636902,  -48.423977, -96.124626,
               <!-- center       --> -32.945755,  -30.001982, -80.085426,
               <!-- radius       --> 39.147133
            </VMeshRef>
         </VMeshPart>
      </starsphere020721134555.3db>
      <Object28020721134555.3db>
         <VMeshPart>
            <VMeshRef type="VMeshRef">
               <!-- header size  --> 60,
               <!-- vmesh lib    --> data.solar.starsphere.starsphere_bw01_stars.lod0-102.vms,
               <!-- start vert   --> 2823,
               <!-- num verts    --> 105,
               <!-- start index  --> 2823,
               <!-- num indices  --> 105,
               <!-- start mesh   --> 27,
               <!-- num meshes   --> 2,
               <!-- bounding box --> 83.366623, -50.04071,   -0.50014955,
                                     26.983969, -95.117661, -49.905739,
               <!-- center       --> 55.011162, -72.855743, -22.680267,
               <!-- radius       --> 38.582684
            </VMeshRef>
         </VMeshPart>
      </Object28020721134555.3db>
      <Object09020721134555.3db>
         <VMeshPart>
            <VMeshRef type="VMeshRef">
               <!-- header size  --> 60,
               <!-- vmesh lib    --> data.solar.starsphere.starsphere_bw01_stars.lod0-102.vms,
               <!-- start vert   --> 654,
               <!-- num verts    --> 210,
               <!-- start index  --> 654,
               <!-- num indices  --> 210,
               <!-- start mesh   --> 7,
               <!-- num meshes   --> 1,
               <!-- bounding box --> 67.095093,   -15.249234, 98.115356,
                                      0.17790772, -49.283596, 61.433758,
               <!-- center       --> 32.825191,   -30.574518, 80.668091,
               <!-- radius       --> 38.470516
            </VMeshRef>
         </VMeshPart>
      </Object09020721134555.3db>
      <Object31020721134555.3db>
         <VMeshPart>
            <VMeshRef type="VMeshRef">
               <!-- header size  --> 60,
               <!-- vmesh lib    --> data.solar.starsphere.starsphere_bw01_stars.lod0-102.vms,
               <!-- start vert   --> 3147,
               <!-- num verts    --> 177,
               <!-- start index  --> 3147,
               <!-- num indices  --> 177,
               <!-- start mesh   --> 32,
               <!-- num meshes   --> 2,
               <!-- bounding box -->   1.3902864, -50.687996, 82.620201,
                                     -49.339619,  -97.834915, 15.717821,
               <!-- center       --> -20.345123,  -74.833809, 48.987183,
               <!-- radius       --> 43.438122
            </VMeshRef>
         </VMeshPart>
      </Object31020721134555.3db>
      <Object02020721134555.3db>
         <VMeshPart>
            <VMeshRef type="VMeshRef">
               <!-- header size  --> 60,
               <!-- vmesh lib    --> data.solar.starsphere.starsphere_bw01_stars.lod0-102.vms,
               <!-- start vert   --> 2520,
               <!-- num verts    --> 138,
               <!-- start index  --> 2520,
               <!-- num indices  --> 138,
               <!-- start mesh   --> 24,
               <!-- num meshes   --> 1,
               <!-- bounding box -->  -0.17791486, -15.551611, -64.33284,
                                     -65.724068,   -47.15316,  -97.800201,
               <!-- center       --> -32.988426,   -30.754749, -81.365501,
               <!-- radius       --> 35.6562
            </VMeshRef>
         </VMeshPart>
      </Object02020721134555.3db>
      <Object25020721134555.3db>
         <VMeshPart>
            <VMeshRef type="VMeshRef">
               <!-- header size  --> 60,
               <!-- vmesh lib    --> data.solar.starsphere.starsphere_bw01_stars.lod0-102.vms,
               <!-- start vert   --> 3420,
               <!-- num verts    --> 42,
               <!-- start index  --> 3420,
               <!-- num indices  --> 42,
               <!-- start mesh   --> 35,
               <!-- num meshes   --> 1,
               <!-- bounding box --> -77.227913, -16.990652,  -0.78121936,
                                     -98.116379, -48.423985, -36.220867,
               <!-- center       --> -88.260239, -31.256758, -18.008299,
               <!-- radius       --> 23.13131
            </VMeshRef>
         </VMeshPart>
      </Object25020721134555.3db>
      <Object07020721134555.3db>
         <VMeshPart>
            <VMeshRef type="VMeshRef">
               <!-- header size  --> 60,
               <!-- vmesh lib    --> data.solar.starsphere.starsphere_bw01_stars.lod0-102.vms,
               <!-- start vert   --> 2658,
               <!-- num verts    --> 165,
               <!-- start index  --> 2658,
               <!-- num indices  --> 165,
               <!-- start mesh   --> 25,
               <!-- num meshes   --> 2,
               <!-- bounding box --> 98.339966, -15.104899,  -1.0226544,
                                     66.164429, -47.153114, -69.187332,
               <!-- center       --> 82.417244, -29.344845, -34.952351,
               <!-- radius       --> 39.311905
            </VMeshRef>
         </VMeshPart>
      </Object07020721134555.3db>
      <Object08020721134555.3db>
         <VMeshPart>
            <VMeshRef type="VMeshRef">
               <!-- header size  --> 60,
               <!-- vmesh lib    --> data.solar.starsphere.starsphere_bw01_stars.lod0-102.vms,
               <!-- start vert   --> 3048,
               <!-- num verts    --> 99,
               <!-- start index  --> 3048,
               <!-- num indices  --> 99,
               <!-- start mesh   --> 31,
               <!-- num meshes   --> 1,
               <!-- bounding box --> -67.342598, -17.79912,  65.882011,
                                     -95.851753, -48.423935,  0.78125507,
               <!-- center       --> -81.961433, -32.632797, 32.662018,
               <!-- radius       --> 35.555359
            </VMeshRef>
         </VMeshPart>
      </Object08020721134555.3db>
      <Object01020721134555.3db>
         <VMeshPart>
            <VMeshRef type="VMeshRef">
               <!-- header size  --> 60,
               <!-- vmesh lib    --> data.solar.starsphere.starsphere_bw01_stars.lod0-102.vms,
               <!-- start vert   --> 1434,
               <!-- num verts    --> 141,
               <!-- start index  --> 1434,
               <!-- num indices  --> 141,
               <!-- start mesh   --> 15,
               <!-- num meshes   --> 1,
               <!-- bounding box --> 83.36657,  -50.040737, 49.905827,
                                     26.983889, -95.657837,  0.78221053,
               <!-- center       --> 54.341846, -73.597214, 23.093332,
               <!-- radius       --> 37.937656
            </VMeshRef>
         </VMeshPart>
      </Object01020721134555.3db>
      <Object21020721134555.3db>
         <VMeshPart>
            <VMeshRef type="VMeshRef">
               <!-- header size  --> 60,
               <!-- vmesh lib    --> data.solar.starsphere.starsphere_bw01_stars.lod0-102.vms,
               <!-- start vert   --> 1230,
               <!-- num verts    --> 75,
               <!-- start index  --> 1230,
               <!-- num indices  --> 75,
               <!-- start mesh   --> 13,
               <!-- num meshes   --> 1,
               <!-- bounding box --> 66.773506, -16.990641, -64.697166,
                                     18.228481, -48.423969, -93.102768,
               <!-- center       --> 43.075649, -30.829115, -79.249786,
               <!-- radius       --> 28.923189
            </VMeshRef>
         </VMeshPart>
      </Object21020721134555.3db>
      <Object10020721134555.3db>
         <VMeshPart>
            <VMeshRef type="VMeshRef">
               <!-- header size  --> 60,
               <!-- vmesh lib    --> data.solar.starsphere.starsphere_bw01_stars.lod0-102.vms,
               <!-- start vert   --> 0,
               <!-- num verts    --> 162,
               <!-- start index  --> 0,
               <!-- num indices  --> 162,
               <!-- start mesh   --> 0,
               <!-- num meshes   --> 2,
               <!-- bounding box -->   0.39486161, -48.909264, -15.717774,
                                     -49.339615,   -97.83493,  -87.118492,
               <!-- center       --> -19.807289,   -72.651703, -52.5345,
               <!-- radius       --> 47.028934
            </VMeshRef>
         </VMeshPart>
      </Object10020721134555.3db>
      <Object18020721134555.3db>
         <VMeshPart>
            <VMeshRef type="VMeshRef">
               <!-- header size  --> 60,
               <!-- vmesh lib    --> data.solar.starsphere.starsphere_bw01_stars.lod0-102.vms,
               <!-- start vert   --> 1128,
               <!-- num verts    --> 102,
               <!-- start index  --> 1128,
               <!-- num indices  --> 102,
               <!-- start mesh   --> 12,
               <!-- num meshes   --> 1,
               <!-- bounding box --> -26.983927, -50.040756,  -0.78211176,
                                     -83.36657,  -95.117676, -49.905746,
               <!-- center       --> -54.413891, -73.337341, -23.28714,
               <!-- radius       --> 37.662704
            </VMeshRef>
         </VMeshPart>
      </Object18020721134555.3db>
      <Object16020721134555.3db>
         <VMeshPart>
            <VMeshRef type="VMeshRef">
               <!-- header size  --> 60,
               <!-- vmesh lib    --> data.solar.starsphere.starsphere_bw01_stars.lod0-102.vms,
               <!-- start vert   --> 3843,
               <!-- num verts    --> 195,
               <!-- start index  --> 3843,
               <!-- num indices  --> 195,
               <!-- start mesh   --> 40,
               <!-- num meshes   --> 1,
               <!-- bounding box -->  -9.1115942,  -50.040695, 50.275444,
                                     -83.366608,  -101.21024,   0.30787981,
               <!-- center       --> -44.546078,   -76.829681, 21.78834,
               <!-- radius       --> 48.077274
            </VMeshRef>
         </VMeshPart>
      </Object16020721134555.3db>
      <Object24020721134555.3db>
         <VMeshPart>
            <VMeshRef type="VMeshRef">
               <!-- header size  --> 60,
               <!-- vmesh lib    --> data.solar.starsphere.starsphere_bw01_stars.lod0-102.vms,
               <!-- start vert   --> 1305,
               <!-- num verts    --> 129,
               <!-- start index  --> 1305,
               <!-- num indices  --> 129,
               <!-- start mesh   --> 14,
               <!-- num meshes   --> 1,
               <!-- bounding box -->  -0.17787206, -15.551553, 98.115349,
                                     -67.095085,   -49.283554, 64.332878,
               <!-- center       --> -32.194111,   -31.267076, 82.139679,
               <!-- radius       --> 37.23
            </VMeshRef>
         </VMeshPart>
      </Object24020721134555.3db>
      <Object15020721134555.3db>
         <VMeshPart>
            <VMeshRef type="VMeshRef">
               <!-- header size  --> 60,
               <!-- vmesh lib    --> data.solar.starsphere.starsphere_bw01_stars.lod0-102.vms,
               <!-- start vert   --> 162,
               <!-- num verts    --> 150,
               <!-- start index  --> 162,
               <!-- num indices  --> 150,
               <!-- start mesh   --> 2,
               <!-- num meshes   --> 1,
               <!-- bounding box --> 49.3396,     -48.909256, -15.717765,
                                      0.56534415, -97.834923, -87.118484,
               <!-- center       --> 20.225304,   -72.620804, -52.557034,
               <!-- radius       --> 47.197128
            </VMeshRef>
         </VMeshPart>
      </Object15020721134555.3db>
      <Object17020721134555.3db>
         <VMeshPart>
            <VMeshRef type="VMeshRef">
               <!-- header size  --> 60,
               <!-- vmesh lib    --> data.solar.starsphere.starsphere_bw01_stars.lod0-102.vms,
               <!-- start vert   --> 1713,
               <!-- num verts    --> 153,
               <!-- start index  --> 1713,
               <!-- num indices  --> 153,
               <!-- start mesh   --> 18,
               <!-- num meshes   --> 1,
               <!-- bounding box --> 55.145355,    -50.688011, 82.291672,
                                      0.56536895, -101.45245,   1.2089134,
               <!-- center       --> 23.888178,    -76.580994, 41.593979,
               <!-- radius       --> 50.914165
            </VMeshRef>
         </VMeshPart>
      </Object17020721134555.3db>
      <Object19020721134555.3db>
         <VMeshPart>
            <VMeshRef type="VMeshRef">
               <!-- header size  --> 60,
               <!-- vmesh lib    --> data.solar.starsphere.starsphere_bw01_stars.lod0-102.vms,
               <!-- start vert   --> 3324,
               <!-- num verts    --> 96,
               <!-- start index  --> 3324,
               <!-- num indices  --> 96,
               <!-- start mesh   --> 34,
               <!-- num meshes   --> 1,
               <!-- bounding box --> 73.407074, 95.117676, 44.661198,
                                     25.756908, 50.040756,  2.1195552,
               <!-- center       --> 52.686932, 71.629158, 22.694426,
               <!-- radius       --> 37.186386
            </VMeshRef>
         </VMeshPart>
      </Object19020721134555.3db>
      <Object29020721134555.3db>
         <VMeshPart>
            <VMeshRef type="VMeshRef">
               <!-- header size  --> 60,
               <!-- vmesh lib    --> data.solar.starsphere.starsphere_bw01_stars.lod0-102.vms,
               <!-- start vert   --> 312,
               <!-- num verts    --> 81,
               <!-- start index  --> 312,
               <!-- num indices  --> 81,
               <!-- start mesh   --> 3,
               <!-- num meshes   --> 1,
               <!-- bounding box --> 67.225006, 35.845982, 92.912567,
                                     19.038952, 18.632824, 67.82476,
               <!-- center       --> 43.064274, 27.037876, 80.426743,
               <!-- radius       --> 27.080341
            </VMeshRef>
         </VMeshPart>
      </Object29020721134555.3db>
      <Object04020721134555.3db>
         <VMeshPart>
            <VMeshRef type="VMeshRef">
               <!-- header size  --> 60,
               <!-- vmesh lib    --> data.solar.starsphere.starsphere_bw01_stars.lod0-102.vms,
               <!-- start vert   --> 1575,
               <!-- num verts    --> 138,
               <!-- start index  --> 1575,
               <!-- num indices  --> 138,
               <!-- start mesh   --> 16,
