<?xml version="1.0" encoding="ISO-8859-1"?>
<!-- XML generated by UTFXML Version 2.2 built 19-Aug-2010 -->
<UTFXML filename="starsphere_ku05_stars.cmp" path="SOLAR\STARSPHERE">
   <UTF_ROOT>
      <VMeshLibrary>
         <data.solar.starsphere.starsphere_ku05_stars.lod0-102.vms include="starsphere_ku05_stars_cmp\lod0-102.vms.xml"/>
      </VMeshLibrary>
      <Exporter_Version name="Exporter Version" type="text">Jun 10 2002 16:27:11</Exporter_Version>
      <Cmpnd>
         <Root>
            <Object_name name="Object name" type="text">Root</Object_name>
            <File_name name="File name" type="text">starsphere020721150243.3db</File_name>
            <Index type="int">0</Index>
         </Root>
         <Part_Object28>
            <Object_name name="Object name" type="text">Object28</Object_name>
            <File_name name="File name" type="text">Object28020721150243.3db</File_name>
            <Index type="int">1</Index>
         </Part_Object28>
         <Part_Object31>
            <Object_name name="Object name" type="text">Object31</Object_name>
            <File_name name="File name" type="text">Object31020721150243.3db</File_name>
            <Index type="int">2</Index>
         </Part_Object31>
         <Part_Object01>
            <Object_name name="Object name" type="text">Object01</Object_name>
            <File_name name="File name" type="text">Object01020721150243.3db</File_name>
            <Index type="int">3</Index>
         </Part_Object01>
         <Part_Object10>
            <Object_name name="Object name" type="text">Object10</Object_name>
            <File_name name="File name" type="text">Object10020721150243.3db</File_name>
            <Index type="int">4</Index>
         </Part_Object10>
         <Part_Object18>
            <Object_name name="Object name" type="text">Object18</Object_name>
            <File_name name="File name" type="text">Object18020721150243.3db</File_name>
            <Index type="int">5</Index>
         </Part_Object18>
         <Part_Object16>
            <Object_name name="Object name" type="text">Object16</Object_name>
            <File_name name="File name" type="text">Object16020721150243.3db</File_name>
            <Index type="int">6</Index>
         </Part_Object16>
         <Part_Object15>
            <Object_name name="Object name" type="text">Object15</Object_name>
            <File_name name="File name" type="text">Object15020721150243.3db</File_name>
            <Index type="int">7</Index>
         </Part_Object15>
         <Part_Object17>
            <Object_name name="Object name" type="text">Object17</Object_name>
            <File_name name="File name" type="text">Object17020721150243.3db</File_name>
            <Index type="int">8</Index>
         </Part_Object17>
         <Part_Object19>
            <Object_name name="Object name" type="text">Object19</Object_name>
            <File_name name="File name" type="text">Object19020721150243.3db</File_name>
            <Index type="int">9</Index>
         </Part_Object19>
         <Part_Object22>
            <Object_name name="Object name" type="text">Object22</Object_name>
            <File_name name="File name" type="text">Object22020721150243.3db</File_name>
            <Index type="int">10</Index>
         </Part_Object22>
         <Part_Object11>
            <Object_name name="Object name" type="text">Object11</Object_name>
            <File_name name="File name" type="text">Object11020721150243.3db</File_name>
            <Index type="int">11</Index>
         </Part_Object11>
         <Part_Object13>
            <Object_name name="Object name" type="text">Object13</Object_name>
            <File_name name="File name" type="text">Object13020721150243.3db</File_name>
            <Index type="int">12</Index>
         </Part_Object13>
         <Part_Object12>
            <Object_name name="Object name" type="text">Object12</Object_name>
            <File_name name="File name" type="text">Object12020721150243.3db</File_name>
            <Index type="int">13</Index>
         </Part_Object12>
         <Part_Object20>
            <Object_name name="Object name" type="text">Object20</Object_name>
            <File_name name="File name" type="text">Object20020721150243.3db</File_name>
            <Index type="int">14</Index>
         </Part_Object20>
         <Part_Object23>
            <Object_name name="Object name" type="text">Object23</Object_name>
            <File_name name="File name" type="text">Object23020721150243.3db</File_name>
            <Index type="int">15</Index>
         </Part_Object23>
         <Part_Object14>
            <Object_name name="Object name" type="text">Object14</Object_name>
            <File_name name="File name" type="text">Object14020721150243.3db</File_name>
            <Index type="int">16</Index>
         </Part_Object14>
         <Cons>
            <Fix type="Fix" count="16">
               <part>
                  <!-- parent      --> "Root",
                  <!-- child       --> "Object28",
                  <!-- position    --> 1.2783306, 53.056855e-9, -0.8901462,
                  <!-- orientation -->  -0.7071067700, -494.34942e-09,   0.7071068300,
                                       -128.55310e-09,   1.0000000000,  570.56252e-09,
                                        -0.7071068300,  312.54785e-09,  -0.7071067700
               </part>
               <part>
                  <!-- parent      --> "Root",
                  <!-- child       --> "Object31",
                  <!-- position    --> 1.2783306, 53.056855e-9, -0.8901462,
                  <!-- orientation -->  -0.7071067700, -494.34942e-09,   0.7071068300,
                                       -128.55310e-09,   1.0000000000,  570.56252e-09,
                                        -0.7071068300,  312.54785e-09,  -0.7071067700
               </part>
               <part>
                  <!-- parent      --> "Root",
                  <!-- child       --> "Object01",
                  <!-- position    --> 1.2783306, 53.056855e-9, -0.8901462,
                  <!-- orientation -->  -0.7071067700, -494.34942e-09,   0.7071068300,
                                       -128.55310e-09,   1.0000000000,  570.56252e-09,
                                        -0.7071068300,  312.54785e-09,  -0.7071067700
               </part>
               <part>
                  <!-- parent      --> "Root",
                  <!-- child       --> "Object10",
                  <!-- position    --> 1.2783306, 53.056855e-9, -0.8901462,
                  <!-- orientation -->  -0.7071067700, -494.34942e-09,   0.7071068300,
                                       -128.55310e-09,   1.0000000000,  570.56252e-09,
                                        -0.7071068300,  312.54785e-09,  -0.7071067700
               </part>
               <part>
                  <!-- parent      --> "Root",
                  <!-- child       --> "Object18",
                  <!-- position    --> 1.2783306, 53.056855e-9, -0.8901462,
                  <!-- orientation -->  -0.7071067700, -494.34942e-09,   0.7071068300,
                                       -128.55310e-09,   1.0000000000,  570.56252e-09,
                                        -0.7071068300,  312.54785e-09,  -0.7071067700
               </part>
               <part>
                  <!-- parent      --> "Root",
                  <!-- child       --> "Object16",
                  <!-- position    --> 1.2783306, 53.056855e-9, -0.8901462,
                  <!-- orientation -->  -0.7071067700, -494.34942e-09,   0.7071068300,
                                       -128.55310e-09,   1.0000000000,  570.56252e-09,
                                        -0.7071068300,  312.54785e-09,  -0.7071067700
               </part>
               <part>
                  <!-- parent      --> "Root",
                  <!-- child       --> "Object15",
                  <!-- position    --> 1.2783306, 53.056855e-9, -0.8901462,
                  <!-- orientation -->  -0.7071067700, -494.34942e-09,   0.7071068300,
                                       -128.55310e-09,   1.0000000000,  570.56252e-09,
                                        -0.7071068300,  312.54785e-09,  -0.7071067700
               </part>
               <part>
                  <!-- parent      --> "Root",
                  <!-- child       --> "Object17",
                  <!-- position    --> 1.2783306, 53.056855e-9, -0.8901462,
                  <!-- orientation -->  -0.7071067700, -494.34942e-09,   0.7071068300,
                                       -128.55310e-09,   1.0000000000,  570.56252e-09,
                                        -0.7071068300,  312.54785e-09,  -0.7071067700
               </part>
               <part>
                  <!-- parent      --> "Root",
                  <!-- child       --> "Object19",
                  <!-- position    --> 1.2783306, 53.056855e-9, -0.8901462,
                  <!-- orientation -->  -0.7071067700, -494.34942e-09,   0.7071068300,
                                       -128.55310e-09,   1.0000000000,  570.56252e-09,
                                        -0.7071068300,  312.54785e-09,  -0.7071067700
               </part>
               <part>
                  <!-- parent      --> "Root",
                  <!-- child       --> "Object22",
                  <!-- position    --> 1.2783306, 53.056855e-9, -0.8901462,
                  <!-- orientation -->  -0.7071067700, -494.34942e-09,   0.7071068300,
                                       -128.55310e-09,   1.0000000000,  570.56252e-09,
                                        -0.7071068300,  312.54785e-09,  -0.7071067700
               </part>
               <part>
                  <!-- parent      --> "Root",
                  <!-- child       --> "Object11",
                  <!-- position    --> 1.2783306, 53.056855e-9, -0.8901462,
                  <!-- orientation -->  -0.7071067700, -494.34942e-09,   0.7071068300,
                                       -128.55310e-09,   1.0000000000,  570.56252e-09,
                                        -0.7071068300,  312.54785e-09,  -0.7071067700
               </part>
               <part>
                  <!-- parent      --> "Root",
                  <!-- child       --> "Object13",
                  <!-- position    --> 1.2783306, 53.056855e-9, -0.8901462,
                  <!-- orientation -->  -0.7071067700, -494.34942e-09,   0.7071068300,
                                       -128.55310e-09,   1.0000000000,  570.56252e-09,
                                        -0.7071068300,  312.54785e-09,  -0.7071067700
               </part>
               <part>
                  <!-- parent      --> "Root",
                  <!-- child       --> "Object12",
                  <!-- position    --> 1.2783306, 53.056855e-9, -0.8901462,
                  <!-- orientation -->  -0.7071067700, -494.34942e-09,   0.7071068300,
                                       -128.55310e-09,   1.0000000000,  570.56252e-09,
                                        -0.7071068300,  312.54785e-09,  -0.7071067700
               </part>
               <part>
                  <!-- parent      --> "Root",
                  <!-- child       --> "Object20",
                  <!-- position    --> 1.2783306, 53.056855e-9, -0.8901462,
                  <!-- orientation -->  -0.7071067700, -494.34942e-09,   0.7071068300,
                                       -128.55310e-09,   1.0000000000,  570.56252e-09,
                                        -0.7071068300,  312.54785e-09,  -0.7071067700
               </part>
               <part>
                  <!-- parent      --> "Root",
                  <!-- child       --> "Object23",
                  <!-- position    --> 1.2783306, 53.056855e-9, -0.8901462,
                  <!-- orientation -->  -0.7071067700, -494.34942e-09,   0.7071068300,
                                       -128.55310e-09,   1.0000000000,  570.56252e-09,
                                        -0.7071068300,  312.54785e-09,  -0.7071067700
               </part>
               <part>
                  <!-- parent      --> "Root",
                  <!-- child       --> "Object14",
                  <!-- position    --> 1.2783306, 53.056855e-9, -0.8901462,
                  <!-- orientation -->  -0.7071067700, -494.34942e-09,   0.7071068300,
                                       -128.55310e-09,   1.0000000000,  570.56252e-09,
                                        -0.7071068300,  312.54785e-09,  -0.7071067700
               </part>
            </Fix>
         </Cons>
      </Cmpnd>
      <Material_library name="Material library">
         <Material_count name="Material count" type="int">2</Material_count>
         <stars.tga>
            <Type type="text">DcDtEc</Type>
            <Dt_name type="text">stars.tga</Dt_name>
            <Dt_flags type="int">0x40</Dt_flags>
            <Ec type="RGB">1, 1, 1</Ec>
         </stars.tga>
         <stars_large01.tga>
            <Type type="text">DcDtEc</Type>
            <Dt_name type="text">stars_large01.tga</Dt_name>
            <Dt_flags type="int">0x40</Dt_flags>
            <Ec type="RGB">1, 1, 1</Ec>
         </stars_large01.tga>
      </Material_library>
      <Texture_library name="Texture library">
         <stars_large01.tga>
            <MIPS type="file" filename="starsphere_ku05_stars_cmp\stars_large01.dds"/>
         </stars_large01.tga>
         <stars.tga>
            <MIPS type="file" filename="starsphere_ku05_stars_cmp\stars.dds"/>
         </stars.tga>
      </Texture_library>
      <starsphere020721150243.3db>
         <VMeshPart>
            <VMeshRef type="VMeshRef">
               <!-- header size  --> 60,
               <!-- vmesh lib    --> data.solar.starsphere.starsphere_ku05_stars.lod0-102.vms,
               <!-- start vert   --> 1554,
               <!-- num verts    --> 3,
               <!-- start index  --> 1554,
               <!-- num indices  --> 3,
               <!-- start mesh   --> 15,
               <!-- num meshes   --> 1,
               <!-- bounding box --> -51.124672, -48.003555, -72.347534,
                                     -51.519947, -48.423973, -72.520187,
               <!-- center       --> -51.281048, -48.218548, -72.431892,
               <!-- radius       --> 0.28012684
            </VMeshRef>
         </VMeshPart>
      </starsphere020721150243.3db>
      <Object28020721150243.3db>
         <VMeshPart>
            <VMeshRef type="VMeshRef">
               <!-- header size  --> 60,
               <!-- vmesh lib    --> data.solar.starsphere.starsphere_ku05_stars.lod0-102.vms,
               <!-- start vert   --> 1557,
               <!-- num verts    --> 105,
               <!-- start index  --> 1557,
               <!-- num indices  --> 105,
               <!-- start mesh   --> 16,
               <!-- num meshes   --> 2,
               <!-- bounding box --> 83.366623, -50.040707,  -0.50015086,
                                     26.983965, -95.117653, -49.90575,
               <!-- center       --> 55.011169, -72.855743, -22.680277,
               <!-- radius       --> 38.582687
            </VMeshRef>
         </VMeshPart>
      </Object28020721150243.3db>
      <Object31020721150243.3db>
         <VMeshPart>
            <VMeshRef type="VMeshRef">
               <!-- header size  --> 60,
               <!-- vmesh lib    --> data.solar.starsphere.starsphere_ku05_stars.lod0-102.vms,
               <!-- start vert   --> 1080,
               <!-- num verts    --> 177,
               <!-- start index  --> 1080,
               <!-- num indices  --> 177,
               <!-- start mesh   --> 10,
               <!-- num meshes   --> 2,
               <!-- bounding box -->   1.390287, -50.687988, 82.620209,
                                     -49.339619, -97.834908, 15.717826,
               <!-- center       --> -20.345129, -74.833801, 48.987198,
               <!-- radius       --> 43.438122
            </VMeshRef>
         </VMeshPart>
      </Object31020721150243.3db>
      <Object01020721150243.3db>
         <VMeshPart>
            <VMeshRef type="VMeshRef">
               <!-- header size  --> 60,
               <!-- vmesh lib    --> data.solar.starsphere.starsphere_ku05_stars.lod0-102.vms,
               <!-- start vert   --> 423,
               <!-- num verts    --> 141,
               <!-- start index  --> 423,
               <!-- num indices  --> 141,
               <!-- start mesh   --> 4,
               <!-- num meshes   --> 1,
               <!-- bounding box --> 83.36657,  -50.040737, 49.905827,
                                     26.983892, -95.657829,  0.78220308,
               <!-- center       --> 54.341866, -73.597206, 23.093327,
               <!-- radius       --> 37.93766
            </VMeshRef>
         </VMeshPart>
      </Object01020721150243.3db>
      <Object10020721150243.3db>
         <VMeshPart>
            <VMeshRef type="VMeshRef">
               <!-- header size  --> 60,
               <!-- vmesh lib    --> data.solar.starsphere.starsphere_ku05_stars.lod0-102.vms,
               <!-- start vert   --> 111,
               <!-- num verts    --> 162,
               <!-- start index  --> 111,
               <!-- num indices  --> 162,
               <!-- start mesh   --> 1,
               <!-- num meshes   --> 2,
               <!-- bounding box -->   0.39486095, -48.90926,  -15.717772,
                                     -49.339615,   -97.834923, -87.1185,
               <!-- center       --> -19.807289,   -72.651695, -52.534508,
               <!-- radius       --> 47.028942
            </VMeshRef>
         </VMeshPart>
      </Object10020721150243.3db>
      <Object18020721150243.3db>
         <VMeshPart>
            <VMeshRef type="VMeshRef">
               <!-- header size  --> 60,
               <!-- vmesh lib    --> data.solar.starsphere.starsphere_ku05_stars.lod0-102.vms,
               <!-- start vert   --> 864,
               <!-- num verts    --> 102,
               <!-- start index  --> 864,
               <!-- num indices  --> 102,
               <!-- start mesh   --> 7,
               <!-- num meshes   --> 1,
               <!-- bounding box --> -26.983921, -50.040752,  -0.78210825,
                                     -83.366562, -95.117668, -49.90575,
               <!-- center       --> -54.413868, -73.337326, -23.28714,
               <!-- radius       --> 37.662693
            </VMeshRef>
         </VMeshPart>
      </Object18020721150243.3db>
      <Object16020721150243.3db>
         <VMeshPart>
            <VMeshRef type="VMeshRef">
               <!-- header size  --> 60,
               <!-- vmesh lib    --> data.solar.starsphere.starsphere_ku05_stars.lod0-102.vms,
               <!-- start vert   --> 1815,
               <!-- num verts    --> 195,
               <!-- start index  --> 1815,
               <!-- num indices  --> 195,
               <!-- start mesh   --> 20,
               <!-- num meshes   --> 1,
               <!-- bounding box -->  -9.1115885,  -50.040691, 50.275452,
                                     -83.3666,    -101.21023,   0.30787644,
               <!-- center       --> -44.546066,   -76.829666, 21.788334,
               <!-- radius       --> 48.077271
            </VMeshRef>
         </VMeshPart>
      </Object16020721150243.3db>
      <Object15020721150243.3db>
         <VMeshPart>
            <VMeshRef type="VMeshRef">
               <!-- header size  --> 60,
               <!-- vmesh lib    --> data.solar.starsphere.starsphere_ku05_stars.lod0-102.vms,
               <!-- start vert   --> 273,
               <!-- num verts    --> 150,
               <!-- start index  --> 273,
               <!-- num indices  --> 150,
               <!-- start mesh   --> 3,
               <!-- num meshes   --> 1,
               <!-- bounding box --> 49.339596,   -48.909252, -15.717776,
                                      0.56533557, -97.834915, -87.1185,
               <!-- center       --> 20.225294,   -72.620804, -52.557045,
               <!-- radius       --> 47.197128
            </VMeshRef>
         </VMeshPart>
      </Object15020721150243.3db>
      <Object17020721150243.3db>
         <VMeshPart>
            <VMeshRef type="VMeshRef">
               <!-- header size  --> 60,
               <!-- vmesh lib    --> data.solar.starsphere.starsphere_ku05_stars.lod0-102.vms,
               <!-- start vert   --> 564,
               <!-- num verts    --> 153,
               <!-- start index  --> 564,
               <!-- num indices  --> 153,
               <!-- start mesh   --> 5,
               <!-- num meshes   --> 1,
               <!-- bounding box --> 55.145351,   -50.688011, 82.291679,
                                      0.5653705, -101.45245,   1.2089106,
               <!-- center       --> 23.88818,    -76.580994, 41.593979,
               <!-- radius       --> 50.914169
            </VMeshRef>
         </VMeshPart>
      </Object17020721150243.3db>
      <Object19020721150243.3db>
         <VMeshPart>
            <VMeshRef type="VMeshRef">
               <!-- header size  --> 60,
               <!-- vmesh lib    --> data.solar.starsphere.starsphere_ku05_stars.lod0-102.vms,
               <!-- start vert   --> 2010,
               <!-- num verts    --> 117,
               <!-- start index  --> 2010,
               <!-- num indices  --> 117,
               <!-- start mesh   --> 21,
               <!-- num meshes   --> 1,
               <!-- bounding box --> 73.407074, 95.117668, 52.217968,
                                     25.756908, 50.040749,  2.1195498,
               <!-- center       --> 52.176186, 72.325531, 24.28162,
               <!-- radius       --> 36.858311
            </VMeshRef>
         </VMeshPart>
      </Object19020721150243.3db>
      <Object22020721150243.3db>
         <VMeshPart>
            <VMeshRef type="VMeshRef">
               <!-- header size  --> 60,
               <!-- vmesh lib    --> data.solar.starsphere.starsphere_ku05_stars.lod0-102.vms,
               <!-- start vert   --> 966,
               <!-- num verts    --> 114,
               <!-- start index  --> 966,
               <!-- num indices  --> 114,
               <!-- start mesh   --> 8,
               <!-- num meshes   --> 2,
               <!-- bounding box --> 52.218086,  98.491264, 73.877838,
                                      2.1196325, 50.040695,  3.1388302,
               <!-- center       --> 25.203651,  74.397011, 40.256145,
               <!-- radius       --> 45.423782
            </VMeshRef>
         </VMeshPart>
      </Object22020721150243.3db>
      <Object11020721150243.3db>
         <VMeshPart>
            <VMeshRef type="VMeshRef">
               <!-- header size  --> 60,
               <!-- vmesh lib    --> data.solar.starsphere.starsphere_ku05_stars.lod0-102.vms,
               <!-- start vert   --> 1404,
               <!-- num verts    --> 150,
               <!-- start index  --> 1404,
               <!-- num indices  --> 150,
               <!-- start mesh   --> 13,
               <!-- num meshes   --> 2,
               <!-- bounding box --> 81.548691, 97.834923,  -7.1221132,
                                     14.556882, 48.909245, -60.515152,
               <!-- center       --> 47.406704, 73.528442, -30.84144,
               <!-- radius       --> 46.970821
            </VMeshRef>
         </VMeshPart>
      </Object11020721150243.3db>
      <Object13020721150243.3db>
         <VMeshPart>
            <VMeshRef type="VMeshRef">
               <!-- header size  --> 60,
               <!-- vmesh lib    --> data.solar.starsphere.starsphere_ku05_stars.lod0-102.vms,
               <!-- start vert   --> 1662,
               <!-- num verts    --> 153,
               <!-- start index  --> 1662,
               <!-- num indices  --> 153,
               <!-- start mesh   --> 18,
               <!-- num meshes   --> 2,
               <!-- bounding box -->   0.96996677, 97.834908, 81.548706,
                                     -60.515167,   48.909229,  8.7321701,
               <!-- center       --> -27.362701,   74.340309, 43.186581,
               <!-- radius       --> 49.362732
            </VMeshRef>
         </VMeshPart>
      </Object13020721150243.3db>
      <Object12020721150243.3db>
         <VMeshPart>
            <VMeshRef type="VMeshRef">
               <!-- header size  --> 60,
               <!-- vmesh lib    --> data.solar.starsphere.starsphere_ku05_stars.lod0-102.vms,
               <!-- start vert   --> 717,
               <!-- num verts    --> 147,
               <!-- start index  --> 717,
               <!-- num indices  --> 147,
               <!-- start mesh   --> 6,
               <!-- num meshes   --> 1,
               <!-- bounding box --> 60.515141,  97.8349,   -14.556956,
                                      7.1220503, 48.909214, -81.548714,
               <!-- center       --> 30.762018,  73.528183, -47.432079,
               <!-- radius       --> 46.949497
            </VMeshRef>
         </VMeshPart>
      </Object12020721150243.3db>
      <Object20020721150243.3db>
         <VMeshPart>
            <VMeshRef type="VMeshRef">
               <!-- header size  --> 60,
               <!-- vmesh lib    --> data.solar.starsphere.starsphere_ku05_stars.lod0-102.vms,
               <!-- start vert   --> 2127,
               <!-- num verts    --> 120,
               <!-- start index  --> 2127,
               <!-- num indices  --> 120,
               <!-- start mesh   --> 22,
               <!-- num meshes   --> 1,
               <!-- bounding box -->   1.0975845, 101.89234,  -11.402916,
                                     -52.218079,   50.040665, -73.407036,
               <!-- center       --> -22.908632,   75.901421, -44.884068,
               <!-- radius       --> 44.078896
            </VMeshRef>
         </VMeshPart>
      </Object20020721150243.3db>
      <Object23020721150243.3db>
         <VMeshPart>
            <VMeshRef type="VMeshRef">
               <!-- header size  --> 60,
               <!-- vmesh lib    --> data.solar.starsphere.starsphere_ku05_stars.lod0-102.vms,
               <!-- start vert   --> 0,
               <!-- num verts    --> 111,
               <!-- start index  --> 0,
               <!-- num indices  --> 111,
               <!-- start mesh   --> 0,
               <!-- num meshes   --> 1,
               <!-- bounding box --> -10.074021, 101.69566,   -0.02715745,
                                     -73.40712,   50.040779, -52.218075,
               <!-- center       --> -42.812069,  76.491302, -22.538984,
               <!-- radius       --> 45.939598
            </VMeshRef>
         </VMeshPart>
      </Object23020721150243.3db>
      <Object14020721150243.3db>
         <VMeshPart>
            <VMeshRef type="VMeshRef">
               <!-- header size  --> 60,
               <!-- vmesh lib    --> data.solar.starsphere.starsphere_ku05_stars.lod0-102.vms,
               <!-- start vert   --> 1257,
               <!-- num verts    --> 147,
               <!-- start index  --> 1257,
               <!-- num indices  --> 147,
               <!-- start mesh   --> 12,
               <!-- num meshes   --> 1,
               <!-- bounding box --> -14.5569,   97.834991, 60.515163,
                                     -81.548775, 48.909283,  7.1220884,
               <!-- center       --> -47.406765, 73.528488, 30.841433,
               <!-- radius       --> 46.970871
            </VMeshRef>
         </VMeshPart>
      </Object14020721150243.3db>
   </UTF_ROOT>
</UTFXML>
