<?xml version="1.0" encoding="ISO-8859-1"?>
<!-- XML generated by UTFXML Version 2.2 built 19-Aug-2010 -->
<UTFXML filename="starsphere_iw05_stars.cmp" path="SOLAR\STARSPHERE">
   <UTF_ROOT>
      <VMeshLibrary>
         <data.solar.starsphere.starsphere_iw05_stars.lod0-102.vms include="starsphere_iw05_stars_cmp\lod0-102.vms.xml"/>
      </VMeshLibrary>
      <Exporter_Version name="Exporter Version" type="text">Aug 24 2002 12:33:14</Exporter_Version>
      <Cmpnd>
         <Root>
            <Object_name name="Object name" type="text">Root</Object_name>
            <File_name name="File name" type="text">starsphere021002151103.3db</File_name>
            <Index type="int">0</Index>
         </Root>
         <Part_Object28>
            <Object_name name="Object name" type="text">Object28</Object_name>
            <File_name name="File name" type="text">Object28021002151103.3db</File_name>
            <Index type="int">1</Index>
         </Part_Object28>
         <Part_Object09>
            <Object_name name="Object name" type="text">Object09</Object_name>
            <File_name name="File name" type="text">Object09021002151103.3db</File_name>
            <Index type="int">2</Index>
         </Part_Object09>
         <Part_Object31>
            <Object_name name="Object name" type="text">Object31</Object_name>
            <File_name name="File name" type="text">Object31021002151103.3db</File_name>
            <Index type="int">3</Index>
         </Part_Object31>
         <Part_Object02>
            <Object_name name="Object name" type="text">Object02</Object_name>
            <File_name name="File name" type="text">Object02021002151103.3db</File_name>
            <Index type="int">4</Index>
         </Part_Object02>
         <Part_Object25>
            <Object_name name="Object name" type="text">Object25</Object_name>
            <File_name name="File name" type="text">Object25021002151103.3db</File_name>
            <Index type="int">5</Index>
         </Part_Object25>
         <Part_Object07>
            <Object_name name="Object name" type="text">Object07</Object_name>
            <File_name name="File name" type="text">Object07021002151103.3db</File_name>
            <Index type="int">6</Index>
         </Part_Object07>
         <Part_Object08>
            <Object_name name="Object name" type="text">Object08</Object_name>
            <File_name name="File name" type="text">Object08021002151103.3db</File_name>
            <Index type="int">7</Index>
         </Part_Object08>
         <Part_Object01>
            <Object_name name="Object name" type="text">Object01</Object_name>
            <File_name name="File name" type="text">Object01021002151103.3db</File_name>
            <Index type="int">8</Index>
         </Part_Object01>
         <Part_Object21>
            <Object_name name="Object name" type="text">Object21</Object_name>
            <File_name name="File name" type="text">Object21021002151103.3db</File_name>
            <Index type="int">9</Index>
         </Part_Object21>
         <Part_Object10>
            <Object_name name="Object name" type="text">Object10</Object_name>
            <File_name name="File name" type="text">Object10021002151103.3db</File_name>
            <Index type="int">10</Index>
         </Part_Object10>
         <Part_Object18>
            <Object_name name="Object name" type="text">Object18</Object_name>
            <File_name name="File name" type="text">Object18021002151103.3db</File_name>
            <Index type="int">11</Index>
         </Part_Object18>
         <Part_Object16>
            <Object_name name="Object name" type="text">Object16</Object_name>
            <File_name name="File name" type="text">Object16021002151103.3db</File_name>
            <Index type="int">12</Index>
         </Part_Object16>
         <Part_Object24>
            <Object_name name="Object name" type="text">Object24</Object_name>
            <File_name name="File name" type="text">Object24021002151103.3db</File_name>
            <Index type="int">13</Index>
         </Part_Object24>
         <Part_Object15>
            <Object_name name="Object name" type="text">Object15</Object_name>
            <File_name name="File name" type="text">Object15021002151103.3db</File_name>
            <Index type="int">14</Index>
         </Part_Object15>
         <Part_Object17>
            <Object_name name="Object name" type="text">Object17</Object_name>
            <File_name name="File name" type="text">Object17021002151103.3db</File_name>
            <Index type="int">15</Index>
         </Part_Object17>
         <Part_Object19>
            <Object_name name="Object name" type="text">Object19</Object_name>
            <File_name name="File name" type="text">Object19021002151103.3db</File_name>
            <Index type="int">16</Index>
         </Part_Object19>
         <Part_Object29>
            <Object_name name="Object name" type="text">Object29</Object_name>
            <File_name name="File name" type="text">Object29021002151103.3db</File_name>
            <Index type="int">17</Index>
         </Part_Object29>
         <Part_Object04>
            <Object_name name="Object name" type="text">Object04</Object_name>
            <File_name name="File name" type="text">Object04021002151103.3db</File_name>
            <Index type="int">18</Index>
         </Part_Object04>
         <Part_Object03>
            <Object_name name="Object name" type="text">Object03</Object_name>
            <File_name name="File name" type="text">Object03021002151103.3db</File_name>
            <Index type="int">19</Index>
         </Part_Object03>
         <Part_Object30>
            <Object_name name="Object name" type="text">Object30</Object_name>
            <File_name name="File name" type="text">Object30021002151103.3db</File_name>
            <Index type="int">20</Index>
         </Part_Object30>
         <Part_Object27>
            <Object_name name="Object name" type="text">Object27</Object_name>
            <File_name name="File name" type="text">Object27021002151103.3db</File_name>
            <Index type="int">21</Index>
         </Part_Object27>
         <Part_Object05>
            <Object_name name="Object name" type="text">Object05</Object_name>
            <File_name name="File name" type="text">Object05021002151103.3db</File_name>
            <Index type="int">22</Index>
         </Part_Object05>
         <Part_Object06>
            <Object_name name="Object name" type="text">Object06</Object_name>
            <File_name name="File name" type="text">Object06021002151103.3db</File_name>
            <Index type="int">23</Index>
         </Part_Object06>
         <Part_Object26>
            <Object_name name="Object name" type="text">Object26</Object_name>
            <File_name name="File name" type="text">Object26021002151103.3db</File_name>
            <Index type="int">24</Index>
         </Part_Object26>
         <Part_Object22>
            <Object_name name="Object name" type="text">Object22</Object_name>
            <File_name name="File name" type="text">Object22021002151103.3db</File_name>
            <Index type="int">25</Index>
         </Part_Object22>
         <Part_Object11>
            <Object_name name="Object name" type="text">Object11</Object_name>
            <File_name name="File name" type="text">Object11021002151103.3db</File_name>
            <Index type="int">26</Index>
         </Part_Object11>
         <Part_Object13>
            <Object_name name="Object name" type="text">Object13</Object_name>
            <File_name name="File name" type="text">Object13021002151103.3db</File_name>
            <Index type="int">27</Index>
         </Part_Object13>
         <Part_Object12>
            <Object_name name="Object name" type="text">Object12</Object_name>
            <File_name name="File name" type="text">Object12021002151103.3db</File_name>
            <Index type="int">28</Index>
         </Part_Object12>
         <Part_Object20>
            <Object_name name="Object name" type="text">Object20</Object_name>
            <File_name name="File name" type="text">Object20021002151103.3db</File_name>
            <Index type="int">29</Index>
         </Part_Object20>
         <Part_Object23>
            <Object_name name="Object name" type="text">Object23</Object_name>
            <File_name name="File name" type="text">Object23021002151103.3db</File_name>
            <Index type="int">30</Index>
         </Part_Object23>
         <Part_Object14>
            <Object_name name="Object name" type="text">Object14</Object_name>
            <File_name name="File name" type="text">Object14021002151103.3db</File_name>
            <Index type="int">31</Index>
         </Part_Object14>
         <Cons>
            <Fix type="Fix" count="31">
               <part>
                  <!-- parent      --> "Root",
                  <!-- child       --> "Object28",
                  <!-- position    --> 1.5309081, -17.428388e-9, 0.29239979,
                  <!-- orientation -->  -0.7071067700, -541.81055e-09,   0.7071068300,
                                       -202.32503e-09,   1.0000000000,  563.91076e-09,
                                        -0.7071068300,  255.67971e-09,  -0.7071067700
               </part>
               <part>
                  <!-- parent      --> "Root",
                  <!-- child       --> "Object09",
                  <!-- position    --> 1.5309081, -17.428388e-9, 0.29239979,
                  <!-- orientation -->  -0.7071067700, -541.81055e-09,   0.7071068300,
                                       -202.32503e-09,   1.0000000000,  563.91076e-09,
                                        -0.7071068300,  255.67971e-09,  -0.7071067700
               </part>
               <part>
                  <!-- parent      --> "Root",
                  <!-- child       --> "Object31",
                  <!-- position    --> 1.5309081, -17.428388e-9, 0.29239979,
                  <!-- orientation -->  -0.7071067700, -541.81055e-09,   0.7071068300,
                                       -202.32503e-09,   1.0000000000,  563.91076e-09,
                                        -0.7071068300,  255.67971e-09,  -0.7071067700
               </part>
               <part>
                  <!-- parent      --> "Root",
                  <!-- child       --> "Object02",
                  <!-- position    --> 1.5309081, -17.428388e-9, 0.29239979,
                  <!-- orientation -->  -0.7071067700, -541.81055e-09,   0.7071068300,
                                       -202.32503e-09,   1.0000000000,  563.91076e-09,
                                        -0.7071068300,  255.67971e-09,  -0.7071067700
               </part>
               <part>
                  <!-- parent      --> "Root",
                  <!-- child       --> "Object25",
                  <!-- position    --> 1.5309081, -17.428388e-9, 0.29239979,
                  <!-- orientation -->  -0.7071067700, -541.81055e-09,   0.7071068300,
                                       -202.32503e-09,   1.0000000000,  563.91076e-09,
                                        -0.7071068300,  255.67971e-09,  -0.7071067700
               </part>
               <part>
                  <!-- parent      --> "Root",
                  <!-- child       --> "Object07",
                  <!-- position    --> 1.5309081, -17.428388e-9, 0.29239979,
                  <!-- orientation -->  -0.7071067700, -541.81055e-09,   0.7071068300,
                                       -202.32503e-09,   1.0000000000,  563.91076e-09,
                                        -0.7071068300,  255.67971e-09,  -0.7071067700
               </part>
               <part>
                  <!-- parent      --> "Root",
                  <!-- child       --> "Object08",
                  <!-- position    --> 1.5309081, -17.428388e-9, 0.29239979,
                  <!-- orientation -->  -0.7071067700, -541.81055e-09,   0.7071068300,
                                       -202.32503e-09,   1.0000000000,  563.91076e-09,
                                        -0.7071068300,  255.67971e-09,  -0.7071067700
               </part>
               <part>
                  <!-- parent      --> "Root",
                  <!-- child       --> "Object01",
                  <!-- position    --> 1.5309081, -17.428388e-9, 0.29239979,
                  <!-- orientation -->  -0.7071067700, -541.81055e-09,   0.7071068300,
                                       -202.32503e-09,   1.0000000000,  563.91076e-09,
                                        -0.7071068300,  255.67971e-09,  -0.7071067700
               </part>
               <part>
                  <!-- parent      --> "Root",
                  <!-- child       --> "Object21",
                  <!-- position    --> 1.5309081, -17.428388e-9, 0.29239979,
                  <!-- orientation -->  -0.7071067700, -541.81055e-09,   0.7071068300,
                                       -202.32503e-09,   1.0000000000,  563.91076e-09,
                                        -0.7071068300,  255.67971e-09,  -0.7071067700
               </part>
               <part>
                  <!-- parent      --> "Root",
                  <!-- child       --> "Object10",
                  <!-- position    --> 1.5309081, -17.428388e-9, 0.29239979,
                  <!-- orientation -->  -0.7071067700, -541.81055e-09,   0.7071068300,
                                       -202.32503e-09,   1.0000000000,  563.91076e-09,
                                        -0.7071068300,  255.67971e-09,  -0.7071067700
               </part>
               <part>
                  <!-- parent      --> "Root",
                  <!-- child       --> "Object18",
                  <!-- position    --> 1.5309081, -17.428388e-9, 0.29239979,
                  <!-- orientation -->  -0.7071067700, -541.81055e-09,   0.7071068300,
                                       -202.32503e-09,   1.0000000000,  563.91076e-09,
                                        -0.7071068300,  255.67971e-09,  -0.7071067700
               </part>
               <part>
                  <!-- parent      --> "Root",
                  <!-- child       --> "Object16",
                  <!-- position    --> 1.5309081, -17.428388e-9, 0.29239979,
                  <!-- orientation -->  -0.7071067700, -541.81055e-09,   0.7071068300,
                                       -202.32503e-09,   1.0000000000,  563.91076e-09,
                                        -0.7071068300,  255.67971e-09,  -0.7071067700
               </part>
               <part>
                  <!-- parent      --> "Root",
                  <!-- child       --> "Object24",
                  <!-- position    --> 1.5309081, -17.428388e-9, 0.29239979,
                  <!-- orientation -->  -0.7071067700, -541.81055e-09,   0.7071068300,
                                       -202.32503e-09,   1.0000000000,  563.91076e-09,
                                        -0.7071068300,  255.67971e-09,  -0.7071067700
               </part>
               <part>
                  <!-- parent      --> "Root",
                  <!-- child       --> "Object15",
                  <!-- position    --> 1.5309081, -17.428388e-9, 0.29239979,
                  <!-- orientation -->  -0.7071067700, -541.81055e-09,   0.7071068300,
                                       -202.32503e-09,   1.0000000000,  563.91076e-09,
                                        -0.7071068300,  255.67971e-09,  -0.7071067700
               </part>
               <part>
                  <!-- parent      --> "Root",
                  <!-- child       --> "Object17",
                  <!-- position    --> 1.5309081, -17.428388e-9, 0.29239979,
                  <!-- orientation -->  -0.7071067700, -541.81055e-09,   0.7071068300,
                                       -202.32503e-09,   1.0000000000,  563.91076e-09,
                                        -0.7071068300,  255.67971e-09,  -0.7071067700
               </part>
               <part>
                  <!-- parent      --> "Root",
                  <!-- child       --> "Object19",
                  <!-- position    --> 1.5309081, -17.428388e-9, 0.29239979,
                  <!-- orientation -->  -0.7071067700, -541.81055e-09,   0.7071068300,
                                       -202.32503e-09,   1.0000000000,  563.91076e-09,
                                        -0.7071068300,  255.67971e-09,  -0.7071067700
               </part>
               <part>
                  <!-- parent      --> "Root",
                  <!-- child       --> "Object29",
                  <!-- position    --> 1.5309081, -17.428388e-9, 0.29239979,
                  <!-- orientation -->  -0.7071067700, -541.81055e-09,   0.7071068300,
                                       -202.32503e-09,   1.0000000000,  563.91076e-09,
                                        -0.7071068300,  255.67971e-09,  -0.7071067700
               </part>
               <part>
                  <!-- parent      --> "Root",
                  <!-- child       --> "Object04",
                  <!-- position    --> 1.5309081, -17.428388e-9, 0.29239979,
                  <!-- orientation -->  -0.7071067700, -541.81055e-09,   0.7071068300,
                                       -202.32503e-09,   1.0000000000,  563.91076e-09,
                                        -0.7071068300,  255.67971e-09,  -0.7071067700
               </part>
               <part>
                  <!-- parent      --> "Root",
                  <!-- child       --> "Object03",
                  <!-- position    --> 1.5309081, -17.428388e-9, 0.29239979,
                  <!-- orientation -->  -0.7071067700, -541.81055e-09,   0.7071068300,
                                       -202.32503e-09,   1.0000000000,  563.91076e-09,
                                        -0.7071068300,  255.67971e-09,  -0.7071067700
               </part>
               <part>
                  <!-- parent      --> "Root",
                  <!-- child       --> "Object30",
                  <!-- position    --> 1.5309081, -17.428388e-9, 0.29239979,
                  <!-- orientation -->  -0.7071067700, -541.81055e-09,   0.7071068300,
                                       -202.32503e-09,   1.0000000000,  563.91076e-09,
                                        -0.7071068300,  255.67971e-09,  -0.7071067700
               </part>
               <part>
                  <!-- parent      --> "Root",
                  <!-- child       --> "Object27",
                  <!-- position    --> 1.5309081, -17.428388e-9, 0.29239979,
                  <!-- orientation -->  -0.7071067700, -541.81055e-09,   0.7071068300,
                                       -202.32503e-09,   1.0000000000,  563.91076e-09,
                                        -0.7071068300,  255.67971e-09,  -0.7071067700
               </part>
               <part>
                  <!-- parent      --> "Root",
                  <!-- child       --> "Object05",
                  <!-- position    --> 1.5309081, -17.428388e-9, 0.29239979,
                  <!-- orientation -->  -0.7071067700, -541.81055e-09,   0.7071068300,
                                       -202.32503e-09,   1.0000000000,  563.91076e-09,
                                        -0.7071068300,  255.67971e-09,  -0.7071067700
               </part>
               <part>
                  <!-- parent      --> "Root",
                  <!-- child       --> "Object06",
                  <!-- position    --> 1.5309081, -17.428388e-9, 0.29239979,
                  <!-- orientation -->  -0.7071067700, -541.81055e-09,   0.7071068300,
                                       -202.32503e-09,   1.0000000000,  563.91076e-09,
                                        -0.7071068300,  255.67971e-09,  -0.7071067700
               </part>
               <part>
                  <!-- parent      --> "Root",
                  <!-- child       --> "Object26",
                  <!-- position    --> 1.5309081, -17.428388e-9, 0.29239979,
                  <!-- orientation -->  -0.7071067700, -541.81055e-09,   0.7071068300,
                                       -202.32503e-09,   1.0000000000,  563.91076e-09,
                                        -0.7071068300,  255.67971e-09,  -0.7071067700
               </part>
               <part>
                  <!-- parent      --> "Root",
                  <!-- child       --> "Object22",
                  <!-- position    --> 1.5309081, -17.428388e-9, 0.29239979,
                  <!-- orientation -->  -0.7071067700, -541.81055e-09,   0.7071068300,
                                       -202.32503e-09,   1.0000000000,  563.91076e-09,
                                        -0.7071068300,  255.67971e-09,  -0.7071067700
               </part>
               <part>
                  <!-- parent      --> "Root",
                  <!-- child       --> "Object11",
                  <!-- position    --> 1.5309081, -17.428388e-9, 0.29239979,
                  <!-- orientation -->  -0.7071067700, -541.81055e-09,   0.7071068300,
                                       -202.32503e-09,   1.0000000000,  563.91076e-09,
                                        -0.7071068300,  255.67971e-09,  -0.7071067700
               </part>
               <part>
                  <!-- parent      --> "Root",
                  <!-- child       --> "Object13",
                  <!-- position    --> 1.5309081, -17.428388e-9, 0.29239979,
                  <!-- orientation -->  -0.7071067700, -541.81055e-09,   0.7071068300,
                                       -202.32503e-09,   1.0000000000,  563.91076e-09,
                                        -0.7071068300,  255.67971e-09,  -0.7071067700
               </part>
               <part>
                  <!-- parent      --> "Root",
                  <!-- child       --> "Object12",
                  <!-- position    --> 1.5309081, -17.428388e-9, 0.29239979,
                  <!-- orientation -->  -0.7071067700, -541.81055e-09,   0.7071068300,
                                       -202.32503e-09,   1.0000000000,  563.91076e-09,
                                        -0.7071068300,  255.67971e-09,  -0.7071067700
               </part>
               <part>
                  <!-- parent      --> "Root",
                  <!-- child       --> "Object20",
                  <!-- position    --> 1.5309081, -17.428388e-9, 0.29239979,
                  <!-- orientation -->  -0.7071067700, -541.81055e-09,   0.7071068300,
                                       -202.32503e-09,   1.0000000000,  563.91076e-09,
                                        -0.7071068300,  255.67971e-09,  -0.7071067700
               </part>
               <part>
                  <!-- parent      --> "Root",
                  <!-- child       --> "Object23",
                  <!-- position    --> 1.5309081, -17.428388e-9, 0.29239979,
                  <!-- orientation -->  -0.7071067700, -541.81055e-09,   0.7071068300,
                                       -202.32503e-09,   1.0000000000,  563.91076e-09,
                                        -0.7071068300,  255.67971e-09,  -0.7071067700
               </part>
               <part>
                  <!-- parent      --> "Root",
                  <!-- child       --> "Object14",
                  <!-- position    --> 1.5309081, -17.428388e-9, 0.29239979,
                  <!-- orientation -->  -0.7071067700, -541.81055e-09,   0.7071068300,
                                       -202.32503e-09,   1.0000000000,  563.91076e-09,
                                        -0.7071068300,  255.67971e-09,  -0.7071067700
               </part>
            </Fix>
         </Cons>
      </Cmpnd>
      <Material_library name="Material library">
         <Material_count name="Material count" type="int">2</Material_count>
         <stars.tga>
            <Type type="text">DcDtEc</Type>
            <Dt_name type="text">stars.tga</Dt_name>
            <Dt_flags type="int">0x40</Dt_flags>
            <Ec type="RGB">1, 1, 1</Ec>
         </stars.tga>
         <stars_large01.tga>
            <Type type="text">DcDtEc</Type>
            <Dt_name type="text">stars_large01.tga</Dt_name>
            <Dt_flags type="int">0x40</Dt_flags>
            <Ec type="RGB">1, 1, 1</Ec>
         </stars_large01.tga>
      </Material_library>
      <Texture_library name="Texture library">
         <stars_large01.tga>
            <MIPS type="file" filename="starsphere_iw05_stars_cmp\stars_large01.dds"/>
         </stars_large01.tga>
         <stars.tga>
            <MIPS type="file" filename="starsphere_iw05_stars_cmp\stars.dds"/>
         </stars.tga>
      </Texture_library>
      <starsphere021002151103.3db>
         <VMeshPart>
            <VMeshRef type="VMeshRef">
               <!-- header size  --> 60,
               <!-- vmesh lib    --> data.solar.starsphere.starsphere_iw05_stars.lod0-102.vms,
               <!-- start vert   --> 2097,
               <!-- num verts    --> 759,
               <!-- start index  --> 2097,
               <!-- num indices  --> 759,
               <!-- start mesh   --> 11,
               <!-- num meshes   --> 1,
               <!-- bounding box -->   1.3248173,   0.56219959, -62.974674,
                                     -68.623955,  -48.423973,   -93.303978,
               <!-- center       --> -33.4701,    -23.502382,   -78.463776,
               <!-- radius       --> 42.241451
            </VMeshRef>
         </VMeshPart>
      </starsphere021002151103.3db>
      <Object28021002151103.3db>
         <VMeshPart>
            <VMeshRef type="VMeshRef">
               <!-- header size  --> 60,
               <!-- vmesh lib    --> data.solar.starsphere.starsphere_iw05_stars.lod0-102.vms,
               <!-- start vert   --> 1557,
               <!-- num verts    --> 105,
               <!-- start index  --> 1557,
               <!-- num indices  --> 105,
               <!-- start mesh   --> 7,
               <!-- num meshes   --> 2,
               <!-- bounding box --> 83.366638, -50.040703,  -0.50015253,
                                     26.983973, -95.117653, -49.90575,
               <!-- center       --> 55.011169, -72.855728, -22.680271,
               <!-- radius       --> 38.582687
            </VMeshRef>
         </VMeshPart>
      </Object28021002151103.3db>
      <Object09021002151103.3db>
         <VMeshPart>
            <VMeshRef type="VMeshRef">
               <!-- header size  --> 60,
               <!-- vmesh lib    --> data.solar.starsphere.starsphere_iw05_stars.lod0-102.vms,
               <!-- start vert   --> 3996,
               <!-- num verts    --> 81,
               <!-- start index  --> 3996,
               <!-- num indices  --> 81,
               <!-- start mesh   --> 26,
               <!-- num meshes   --> 1,
               <!-- bounding box --> 65.514305,  -27.928818, 93.343193,
                                      1.4347571, -49.283596, 61.433762,
               <!-- center       --> 33.366764,  -38.743805, 77.379539,
               <!-- radius       --> 34.961262
            </VMeshRef>
         </VMeshPart>
      </Object09021002151103.3db>
      <Object31021002151103.3db>
         <VMeshPart>
            <VMeshRef type="VMeshRef">
               <!-- header size  --> 60,
               <!-- vmesh lib    --> data.solar.starsphere.starsphere_iw05_stars.lod0-102.vms,
               <!-- start vert   --> 0,
               <!-- num verts    --> 177,
               <!-- start index  --> 0,
               <!-- num indices  --> 177,
               <!-- start mesh   --> 0,
               <!-- num meshes   --> 2,
               <!-- bounding box -->   1.3902911, -50.687992, 82.620201,
                                     -49.339619,  -97.834908, 15.717826,
               <!-- center       --> -20.345121,  -74.833801, 48.987186,
               <!-- radius       --> 43.438118
            </VMeshRef>
         </VMeshPart>
      </Object31021002151103.3db>
      <Object02021002151103.3db>
         <VMeshPart>
            <VMeshRef type="VMeshRef">
               <!-- header size  --> 60,
               <!-- vmesh lib    --> data.solar.starsphere.starsphere_iw05_stars.lod0-102.vms,
               <!-- start vert   --> 1662,
               <!-- num verts    --> 435,
               <!-- start index  --> 1662,
               <!-- num indices  --> 435,
               <!-- start mesh   --> 9,
               <!-- num meshes   --> 2,
               <!-- bounding box -->  -0.17791294,   0.75534821, -64.332855,
                                     -70.502739,   -47.15316,    -99.962524,
               <!-- center       --> -33.794834,   -19.814983,   -83.500267,
               <!-- radius       --> 41.63509
            </VMeshRef>
         </VMeshPart>
      </Object02021002151103.3db>
      <Object25021002151103.3db>
         <VMeshPart>
            <VMeshRef type="VMeshRef">
               <!-- header size  --> 60,
               <!-- vmesh lib    --> data.solar.starsphere.starsphere_iw05_stars.lod0-102.vms,
               <!-- start vert   --> 3657,
               <!-- num verts    --> 66,
               <!-- start index  --> 3657,
               <!-- num indices  --> 66,
               <!-- start mesh   --> 20,
               <!-- num meshes   --> 2,
               <!-- bounding box --> -66.773537,  -4.9488268,   0.37265027,
                                     -89.435883, -48.423988,  -70.822746,
               <!-- center       --> -77.970673, -26.053328,  -36.038052,
               <!-- radius       --> 39.255905
            </VMeshRef>
         </VMeshPart>
      </Object25021002151103.3db>
      <Object07021002151103.3db>
         <VMeshPart>
            <VMeshRef type="VMeshRef">
               <!-- header size  --> 60,
               <!-- vmesh lib    --> data.solar.starsphere.starsphere_iw05_stars.lod0-102.vms,
               <!-- start vert   --> 663,
               <!-- num verts    --> 894,
               <!-- start index  --> 663,
               <!-- num indices  --> 894,
               <!-- start mesh   --> 5,
               <!-- num meshes   --> 2,
               <!-- bounding box --> 100.89855,    0.31142431,   0.033463869,
                                      66.164436, -47.153103,   -70.964432,
               <!-- center       -->  83.663086, -19.838493,   -36.045528,
               <!-- radius       --> 42.662426
            </VMeshRef>
         </VMeshPart>
      </Object07021002151103.3db>
      <Object08021002151103.3db>
         <VMeshPart>
            <VMeshRef type="VMeshRef">
               <!-- header size  --> 60,
               <!-- vmesh lib    --> data.solar.starsphere.starsphere_iw05_stars.lod0-102.vms,
               <!-- start vert   --> 471,
               <!-- num verts    --> 84,
               <!-- start index  --> 471,
               <!-- num indices  --> 84,
               <!-- start mesh   --> 3,
               <!-- num meshes   --> 1,
               <!-- bounding box --> -67.342606, -12.132661, 58.774036,
                                     -93.291161, -48.423939,  3.2670522,
               <!-- center       --> -79.869614, -32.119549, 31.231205,
               <!-- radius       --> 32.084015
            </VMeshRef>
         </VMeshPart>
      </Object08021002151103.3db>
      <Object01021002151103.3db>
         <VMeshPart>
            <VMeshRef type="VMeshRef">
               <!-- header size  --> 60,
               <!-- vmesh lib    --> data.solar.starsphere.starsphere_iw05_stars.lod0-102.vms,
               <!-- start vert   --> 7242,
               <!-- num verts    --> 141,
               <!-- start index  --> 7242,
               <!-- num indices  --> 141,
               <!-- start mesh   --> 39,
               <!-- num meshes   --> 1,
               <!-- bounding box --> 83.36657,  -50.040733, 49.905823,
                                     26.983887, -95.657829,  0.78220618,
               <!-- center       --> 54.341866, -73.597221, 23.093325,
               <!-- radius       --> 37.937664
            </VMeshRef>
         </VMeshPart>
      </Object01021002151103.3db>
      <Object21021002151103.3db>
         <VMeshPart>
            <VMeshRef type="VMeshRef">
               <!-- header size  --> 60,
               <!-- vmesh lib    --> data.solar.starsphere.starsphere_iw05_stars.lod0-102.vms,
               <!-- start vert   --> 7419,
               <!-- num verts    --> 591,
               <!-- start index  --> 7419,
               <!-- num indices  --> 591,
               <!-- start mesh   --> 41,
               <!-- num meshes   --> 1,
               <!-- bounding box --> 69.085823,     -0.028635735,  -64.697182,
                                      0.022467347, -48.423962,    -101.06695,
               <!-- center       --> 34.976036,    -21.455519,     -83.077904,
               <!-- radius       --> 41.255211
            </VMeshRef>
         </VMeshPart>
      </Object21021002151103.3db>
      <Object10021002151103.3db>
         <VMeshPart>
            <VMeshRef type="VMeshRef">
               <!-- header size  --> 60,
               <!-- vmesh lib    --> data.solar.starsphere.starsphere_iw05_stars.lod0-102.vms,
               <!-- start vert   --> 6030,
               <!-- num verts    --> 162,
               <!-- start index  --> 6030,
               <!-- num indices  --> 162,
               <!-- start mesh   --> 33,
               <!-- num meshes   --> 2,
               <!-- bounding box -->   0.39486292, -48.90926,  -15.717777,
                                     -49.339619,   -97.834923, -87.1185,
               <!-- center       --> -19.807289,   -72.651695, -52.534508,
               <!-- radius       --> 47.028938
            </VMeshRef>
         </VMeshPart>
      </Object10021002151103.3db>
      <Object18021002151103.3db>
         <VMeshPart>
            <VMeshRef type="VMeshRef">
               <!-- header size  --> 60,
               <!-- vmesh lib    --> data.solar.starsphere.starsphere_iw05_stars.lod0-102.vms,
               <!-- start vert   --> 8010,
               <!-- num verts    --> 102,
               <!-- start index  --> 8010,
               <!-- num indices  --> 102,
               <!-- start mesh   --> 42,
               <!-- num meshes   --> 1,
               <!-- bounding box --> -26.983932, -50.040756,  -0.78211796,
                                     -83.366577, -95.117668, -49.905754,
               <!-- center       --> -54.413883, -73.337326, -23.287146,
               <!-- radius       --> 37.662697
            </VMeshRef>
         </VMeshPart>
      </Object18021002151103.3db>
      <Object16021002151103.3db>
         <VMeshPart>
            <VMeshRef type="VMeshRef">
               <!-- header size  --> 60,
               <!-- vmesh lib    --> data.solar.starsphere.starsphere_iw05_stars.lod0-102.vms,
               <!-- start vert   --> 3153,
               <!-- num verts    --> 195,
               <!-- start index  --> 3153,
               <!-- num indices  --> 195,
               <!-- start mesh   --> 15,
               <!-- num meshes   --> 1,
               <!-- bounding box -->  -9.1115961,  -50.040695, 50.275444,
                                     -83.366615,  -101.21024,   0.30787009,
               <!-- center       --> -44.546078,   -76.829666, 21.788324,
               <!-- radius       --> 48.077278
            </VMeshRef>
         </VMeshPart>
      </Object16021002151103.3db>
      <Object24021002151103.3db>
         <VMeshPart>
            <VMeshRef type="VMeshRef">
               <!-- header size  --> 60,
               <!-- vmesh lib    --> data.solar.starsphere.starsphere_iw05_stars.lod0-102.vms,
               <!-- start vert   --> 7383,
               <!-- num verts    --> 36,
               <!-- start index  --> 7383,
               <!-- num indices  --> 36,
               <!-- start mesh   --> 40,
               <!-- num meshes   --> 1,
               <!-- bounding box -->  -1.4347265, -31.27491,  87.984802,
                                     -58.383755,  -49.28355,  64.332878,
               <!-- center       --> -28.660387,  -40.762985, 76.678261,
               <!-- radius       --> 30.337936
            </VMeshRef>
         </VMeshPart>
      </Object24021002151103.3db>
      <Object15021002151103.3db>
         <VMeshPart>
            <VMeshRef type="VMeshRef">
               <!-- header size  --> 60,
               <!-- vmesh lib    --> data.solar.starsphere.starsphere_iw05_stars.lod0-102.vms,
               <!-- start vert   --> 5880,
               <!-- num verts    --> 150,
               <!-- start index  --> 5880,
               <!-- num indices  --> 150,
               <!-- start mesh   --> 32,
               <!-- num meshes   --> 1,
               <!-- bounding box --> 49.339607, -48.909252, -15.717781,
                                      0.565341, -97.834915, -87.1185,
               <!-- center       --> 20.225307, -72.620804, -52.557049,
               <!-- radius       --> 47.197128
            </VMeshRef>
         </VMeshPart>
      </Object15021002151103.3db>
      <Object17021002151103.3db>
         <VMeshPart>
            <VMeshRef type="VMeshRef">
               <!-- header size  --> 60,
               <!-- vmesh lib    --> data.solar.starsphere.starsphere_iw05_stars.lod0-102.vms,
               <!-- start vert   --> 6339,
               <!-- num verts    --> 153,
               <!-- start index  --> 6339,
               <!-- num indices  --> 153,
               <!-- start mesh   --> 36,
               <!-- num meshes   --> 1,
               <!-- bounding box --> 55.145359,    -50.688011, 82.291664,
                                      0.56536877, -101.45245,   1.2088984,
               <!-- center       --> 23.888184,    -76.580986, 41.593967,
               <!-- radius       --> 50.914173
            </VMeshRef>
         </VMeshPart>
      </Object17021002151103.3db>
      <Object19021002151103.3db>
         <VMeshPart>
            <VMeshRef type="VMeshRef">
               <!-- header size  --> 60,
               <!-- vmesh lib    --> data.solar.starsphere.starsphere_iw05_stars.lod0-102.vms,
               <!-- start vert   --> 3723,
               <!-- num verts    --> 117,
               <!-- start index  --> 3723,
               <!-- num indices  --> 117,
               <!-- start mesh   --> 22,
               <!-- num meshes   --> 1,
               <!-- bounding box --> 73.407082, 95.117668, 52.217976,
                                     25.756912, 50.040752,  2.1195621,
               <!-- center       --> 52.176178, 72.325523, 24.281622,
               <!-- radius       --> 36.858307
            </VMeshRef>
         </VMeshPart>
      </Object19021002151103.3db>
      <Object29021002151103.3db>
         <VMeshPart>
            <VMeshRef type="VMeshRef">
               <!-- header size  --> 60,
               <!-- vmesh lib    --> data.solar.starsphere.starsphere_iw05_stars.lod0-102.vms,
               <!-- start vert   --> 5811,
               <!-- num verts    --> 3,
               <!-- start index  --> 5811,
               <!-- num indices  --> 3,
               <!-- start mesh   --> 29,
               <!-- num meshes   --> 1,
               <!-- bounding box --> 22.041533, 32.672638, 90.066292,
                                     21.586557, 32.291374, 89.900536,
               <!-- center       --> 21.827377, 32.515842, 89.978554,
               <!-- radius       --> 0.28744432
            </VMeshRef>
         </VMeshPart>
      </Object29021002151103.3db>
      <Object04021002151103.3db>
         <VMeshPart>
            <VMeshRef type="VMeshRef">
               <!-- header size  --> 60,
               <!-- vmesh lib    --> data.solar.starsphere.starsphere_iw05_stars.lod0-102.vms,
               <!-- start vert   --> 6492,
               <!-- num verts    --> 750,
               <!-- start index  --> 6492,
               <!-- num indices  --> 750,
