<?xml version="1.0" encoding="ISO-8859-1"?>
<!-- XML generated by UTFXML Version 2.2 built 19-Aug-2010 -->
<UTFXML filename="starsphere_iw04_stars.cmp" path="SOLAR\STARSPHERE">
   <UTF_ROOT>
      <VMeshLibrary>
         <data.solar.starsphere.starsphere_iw04_stars.lod0-102.vms include="starsphere_iw04_stars_cmp\lod0-102.vms.xml"/>
      </VMeshLibrary>
      <Exporter_Version name="Exporter Version" type="text">Jun 10 2002 16:27:11</Exporter_Version>
      <Cmpnd>
         <Root>
            <Object_name name="Object name" type="text">Root</Object_name>
            <File_name name="File name" type="text">starsphere020721144758.3db</File_name>
            <Index type="int">0</Index>
         </Root>
         <Part_Object28>
            <Object_name name="Object name" type="text">Object28</Object_name>
            <File_name name="File name" type="text">Object28020721144758.3db</File_name>
            <Index type="int">1</Index>
         </Part_Object28>
         <Part_Object09>
            <Object_name name="Object name" type="text">Object09</Object_name>
            <File_name name="File name" type="text">Object09020721144758.3db</File_name>
            <Index type="int">2</Index>
         </Part_Object09>
         <Part_Object31>
            <Object_name name="Object name" type="text">Object31</Object_name>
            <File_name name="File name" type="text">Object31020721144758.3db</File_name>
            <Index type="int">3</Index>
         </Part_Object31>
         <Part_Object07>
            <Object_name name="Object name" type="text">Object07</Object_name>
            <File_name name="File name" type="text">Object07020721144758.3db</File_name>
            <Index type="int">4</Index>
         </Part_Object07>
         <Part_Object08>
            <Object_name name="Object name" type="text">Object08</Object_name>
            <File_name name="File name" type="text">Object08020721144758.3db</File_name>
            <Index type="int">5</Index>
         </Part_Object08>
         <Part_Object01>
            <Object_name name="Object name" type="text">Object01</Object_name>
            <File_name name="File name" type="text">Object01020721144758.3db</File_name>
            <Index type="int">6</Index>
         </Part_Object01>
         <Part_Object21>
            <Object_name name="Object name" type="text">Object21</Object_name>
            <File_name name="File name" type="text">Object21020721144758.3db</File_name>
            <Index type="int">7</Index>
         </Part_Object21>
         <Part_Object10>
            <Object_name name="Object name" type="text">Object10</Object_name>
            <File_name name="File name" type="text">Object10020721144758.3db</File_name>
            <Index type="int">8</Index>
         </Part_Object10>
         <Part_Object18>
            <Object_name name="Object name" type="text">Object18</Object_name>
            <File_name name="File name" type="text">Object18020721144758.3db</File_name>
            <Index type="int">9</Index>
         </Part_Object18>
         <Part_Object16>
            <Object_name name="Object name" type="text">Object16</Object_name>
            <File_name name="File name" type="text">Object16020721144758.3db</File_name>
            <Index type="int">10</Index>
         </Part_Object16>
         <Part_Object24>
            <Object_name name="Object name" type="text">Object24</Object_name>
            <File_name name="File name" type="text">Object24020721144758.3db</File_name>
            <Index type="int">11</Index>
         </Part_Object24>
         <Part_Object15>
            <Object_name name="Object name" type="text">Object15</Object_name>
            <File_name name="File name" type="text">Object15020721144758.3db</File_name>
            <Index type="int">12</Index>
         </Part_Object15>
         <Part_Object17>
            <Object_name name="Object name" type="text">Object17</Object_name>
            <File_name name="File name" type="text">Object17020721144758.3db</File_name>
            <Index type="int">13</Index>
         </Part_Object17>
         <Part_Object19>
            <Object_name name="Object name" type="text">Object19</Object_name>
            <File_name name="File name" type="text">Object19020721144758.3db</File_name>
            <Index type="int">14</Index>
         </Part_Object19>
         <Part_Object29>
            <Object_name name="Object name" type="text">Object29</Object_name>
            <File_name name="File name" type="text">Object29020721144758.3db</File_name>
            <Index type="int">15</Index>
         </Part_Object29>
         <Part_Object04>
            <Object_name name="Object name" type="text">Object04</Object_name>
            <File_name name="File name" type="text">Object04020721144758.3db</File_name>
            <Index type="int">16</Index>
         </Part_Object04>
         <Part_Object03>
            <Object_name name="Object name" type="text">Object03</Object_name>
            <File_name name="File name" type="text">Object03020721144758.3db</File_name>
            <Index type="int">17</Index>
         </Part_Object03>
         <Part_Object05>
            <Object_name name="Object name" type="text">Object05</Object_name>
            <File_name name="File name" type="text">Object05020721144758.3db</File_name>
            <Index type="int">18</Index>
         </Part_Object05>
         <Part_Object06>
            <Object_name name="Object name" type="text">Object06</Object_name>
            <File_name name="File name" type="text">Object06020721144758.3db</File_name>
            <Index type="int">19</Index>
         </Part_Object06>
         <Part_Object26>
            <Object_name name="Object name" type="text">Object26</Object_name>
            <File_name name="File name" type="text">Object26020721144758.3db</File_name>
            <Index type="int">20</Index>
         </Part_Object26>
         <Part_Object22>
            <Object_name name="Object name" type="text">Object22</Object_name>
            <File_name name="File name" type="text">Object22020721144758.3db</File_name>
            <Index type="int">21</Index>
         </Part_Object22>
         <Part_Object11>
            <Object_name name="Object name" type="text">Object11</Object_name>
            <File_name name="File name" type="text">Object11020721144758.3db</File_name>
            <Index type="int">22</Index>
         </Part_Object11>
         <Part_Object13>
            <Object_name name="Object name" type="text">Object13</Object_name>
            <File_name name="File name" type="text">Object13020721144758.3db</File_name>
            <Index type="int">23</Index>
         </Part_Object13>
         <Part_Object12>
            <Object_name name="Object name" type="text">Object12</Object_name>
            <File_name name="File name" type="text">Object12020721144758.3db</File_name>
            <Index type="int">24</Index>
         </Part_Object12>
         <Part_Object20>
            <Object_name name="Object name" type="text">Object20</Object_name>
            <File_name name="File name" type="text">Object20020721144758.3db</File_name>
            <Index type="int">25</Index>
         </Part_Object20>
         <Part_Object23>
            <Object_name name="Object name" type="text">Object23</Object_name>
            <File_name name="File name" type="text">Object23020721144758.3db</File_name>
            <Index type="int">26</Index>
         </Part_Object23>
         <Part_Object14>
            <Object_name name="Object name" type="text">Object14</Object_name>
            <File_name name="File name" type="text">Object14020721144758.3db</File_name>
            <Index type="int">27</Index>
         </Part_Object14>
         <Cons>
            <Fix type="Fix" count="27">
               <part>
                  <!-- parent      --> "Root",
                  <!-- child       --> "Object28",
                  <!-- position    --> 1.5503249, -15.647595e-9, 0.26252306,
                  <!-- orientation -->  -0.7071065300, -388.40153e-09,   0.7071070100,
                                       -148.10011e-09,   1.0000000000,  401.18249e-09,
                                        -0.7071070100,  178.95614e-09,  -0.7071065300
               </part>
               <part>
                  <!-- parent      --> "Root",
                  <!-- child       --> "Object09",
                  <!-- position    --> 1.5503249, -15.647595e-9, 0.26252306,
                  <!-- orientation -->  -0.7071065300, -388.40153e-09,   0.7071070100,
                                       -148.10011e-09,   1.0000000000,  401.18249e-09,
                                        -0.7071070100,  178.95614e-09,  -0.7071065300
               </part>
               <part>
                  <!-- parent      --> "Root",
                  <!-- child       --> "Object31",
                  <!-- position    --> 1.5503249, -15.647595e-9, 0.26252306,
                  <!-- orientation -->  -0.7071065300, -388.40153e-09,   0.7071070100,
                                       -148.10011e-09,   1.0000000000,  401.18249e-09,
                                        -0.7071070100,  178.95614e-09,  -0.7071065300
               </part>
               <part>
                  <!-- parent      --> "Root",
                  <!-- child       --> "Object07",
                  <!-- position    --> 1.5503249, -15.647595e-9, 0.26252306,
                  <!-- orientation -->  -0.7071065300, -388.40153e-09,   0.7071070100,
                                       -148.10011e-09,   1.0000000000,  401.18249e-09,
                                        -0.7071070100,  178.95614e-09,  -0.7071065300
               </part>
               <part>
                  <!-- parent      --> "Root",
                  <!-- child       --> "Object08",
                  <!-- position    --> 1.5503249, -15.647595e-9, 0.26252306,
                  <!-- orientation -->  -0.7071065300, -388.40153e-09,   0.7071070100,
                                       -148.10011e-09,   1.0000000000,  401.18249e-09,
                                        -0.7071070100,  178.95614e-09,  -0.7071065300
               </part>
               <part>
                  <!-- parent      --> "Root",
                  <!-- child       --> "Object01",
                  <!-- position    --> 1.5503249, -15.647595e-9, 0.26252306,
                  <!-- orientation -->  -0.7071065300, -388.40153e-09,   0.7071070100,
                                       -148.10011e-09,   1.0000000000,  401.18249e-09,
                                        -0.7071070100,  178.95614e-09,  -0.7071065300
               </part>
               <part>
                  <!-- parent      --> "Root",
                  <!-- child       --> "Object21",
                  <!-- position    --> 1.5503249, -15.647595e-9, 0.26252306,
                  <!-- orientation -->  -0.7071065300, -388.40153e-09,   0.7071070100,
                                       -148.10011e-09,   1.0000000000,  401.18249e-09,
                                        -0.7071070100,  178.95614e-09,  -0.7071065300
               </part>
               <part>
                  <!-- parent      --> "Root",
                  <!-- child       --> "Object10",
                  <!-- position    --> 1.5503249, -15.647595e-9, 0.26252306,
                  <!-- orientation -->  -0.7071065300, -388.40153e-09,   0.7071070100,
                                       -148.10011e-09,   1.0000000000,  401.18249e-09,
                                        -0.7071070100,  178.95614e-09,  -0.7071065300
               </part>
               <part>
                  <!-- parent      --> "Root",
                  <!-- child       --> "Object18",
                  <!-- position    --> 1.5503249, -15.647595e-9, 0.26252306,
                  <!-- orientation -->  -0.7071065300, -388.40153e-09,   0.7071070100,
                                       -148.10011e-09,   1.0000000000,  401.18249e-09,
                                        -0.7071070100,  178.95614e-09,  -0.7071065300
               </part>
               <part>
                  <!-- parent      --> "Root",
                  <!-- child       --> "Object16",
                  <!-- position    --> 1.5503249, -15.647595e-9, 0.26252306,
                  <!-- orientation -->  -0.7071065300, -388.40153e-09,   0.7071070100,
                                       -148.10011e-09,   1.0000000000,  401.18249e-09,
                                        -0.7071070100,  178.95614e-09,  -0.7071065300
               </part>
               <part>
                  <!-- parent      --> "Root",
                  <!-- child       --> "Object24",
                  <!-- position    --> 1.5503249, -15.647595e-9, 0.26252306,
                  <!-- orientation -->  -0.7071065300, -388.40153e-09,   0.7071070100,
                                       -148.10011e-09,   1.0000000000,  401.18249e-09,
                                        -0.7071070100,  178.95614e-09,  -0.7071065300
               </part>
               <part>
                  <!-- parent      --> "Root",
                  <!-- child       --> "Object15",
                  <!-- position    --> 1.5503249, -15.647595e-9, 0.26252306,
                  <!-- orientation -->  -0.7071065300, -388.40153e-09,   0.7071070100,
                                       -148.10011e-09,   1.0000000000,  401.18249e-09,
                                        -0.7071070100,  178.95614e-09,  -0.7071065300
               </part>
               <part>
                  <!-- parent      --> "Root",
                  <!-- child       --> "Object17",
                  <!-- position    --> 1.5503249, -15.647595e-9, 0.26252306,
                  <!-- orientation -->  -0.7071065300, -388.40153e-09,   0.7071070100,
                                       -148.10011e-09,   1.0000000000,  401.18249e-09,
                                        -0.7071070100,  178.95614e-09,  -0.7071065300
               </part>
               <part>
                  <!-- parent      --> "Root",
                  <!-- child       --> "Object19",
                  <!-- position    --> 1.5503249, -15.647595e-9, 0.26252306,
                  <!-- orientation -->  -0.7071065300, -388.40153e-09,   0.7071070100,
                                       -148.10011e-09,   1.0000000000,  401.18249e-09,
                                        -0.7071070100,  178.95614e-09,  -0.7071065300
               </part>
               <part>
                  <!-- parent      --> "Root",
                  <!-- child       --> "Object29",
                  <!-- position    --> 1.5503249, -15.647595e-9, 0.26252306,
                  <!-- orientation -->  -0.7071065300, -388.40153e-09,   0.7071070100,
                                       -148.10011e-09,   1.0000000000,  401.18249e-09,
                                        -0.7071070100,  178.95614e-09,  -0.7071065300
               </part>
               <part>
                  <!-- parent      --> "Root",
                  <!-- child       --> "Object04",
                  <!-- position    --> 1.5503249, -15.647595e-9, 0.26252306,
                  <!-- orientation -->  -0.7071065300, -388.40153e-09,   0.7071070100,
                                       -148.10011e-09,   1.0000000000,  401.18249e-09,
                                        -0.7071070100,  178.95614e-09,  -0.7071065300
               </part>
               <part>
                  <!-- parent      --> "Root",
                  <!-- child       --> "Object03",
                  <!-- position    --> 1.5503249, -15.647595e-9, 0.26252306,
                  <!-- orientation -->  -0.7071065300, -388.40153e-09,   0.7071070100,
                                       -148.10011e-09,   1.0000000000,  401.18249e-09,
                                        -0.7071070100,  178.95614e-09,  -0.7071065300
               </part>
               <part>
                  <!-- parent      --> "Root",
                  <!-- child       --> "Object05",
                  <!-- position    --> 1.5503249, -15.647595e-9, 0.26252306,
                  <!-- orientation -->  -0.7071065300, -388.40153e-09,   0.7071070100,
                                       -148.10011e-09,   1.0000000000,  401.18249e-09,
                                        -0.7071070100,  178.95614e-09,  -0.7071065300
               </part>
               <part>
                  <!-- parent      --> "Root",
                  <!-- child       --> "Object06",
                  <!-- position    --> 1.5503249, -15.647595e-9, 0.26252306,
                  <!-- orientation -->  -0.7071065300, -388.40153e-09,   0.7071070100,
                                       -148.10011e-09,   1.0000000000,  401.18249e-09,
                                        -0.7071070100,  178.95614e-09,  -0.7071065300
               </part>
               <part>
                  <!-- parent      --> "Root",
                  <!-- child       --> "Object26",
                  <!-- position    --> 1.5503249, -15.647595e-9, 0.26252306,
                  <!-- orientation -->  -0.7071065300, -388.40153e-09,   0.7071070100,
                                       -148.10011e-09,   1.0000000000,  401.18249e-09,
                                        -0.7071070100,  178.95614e-09,  -0.7071065300
               </part>
               <part>
                  <!-- parent      --> "Root",
                  <!-- child       --> "Object22",
                  <!-- position    --> 1.5503249, -15.647595e-9, 0.26252306,
                  <!-- orientation -->  -0.7071065300, -388.40153e-09,   0.7071070100,
                                       -148.10011e-09,   1.0000000000,  401.18249e-09,
                                        -0.7071070100,  178.95614e-09,  -0.7071065300
               </part>
               <part>
                  <!-- parent      --> "Root",
                  <!-- child       --> "Object11",
                  <!-- position    --> 1.5503249, -15.647595e-9, 0.26252306,
                  <!-- orientation -->  -0.7071065300, -388.40153e-09,   0.7071070100,
                                       -148.10011e-09,   1.0000000000,  401.18249e-09,
                                        -0.7071070100,  178.95614e-09,  -0.7071065300
               </part>
               <part>
                  <!-- parent      --> "Root",
                  <!-- child       --> "Object13",
                  <!-- position    --> 1.5503249, -15.647595e-9, 0.26252306,
                  <!-- orientation -->  -0.7071065300, -388.40153e-09,   0.7071070100,
                                       -148.10011e-09,   1.0000000000,  401.18249e-09,
                                        -0.7071070100,  178.95614e-09,  -0.7071065300
               </part>
               <part>
                  <!-- parent      --> "Root",
                  <!-- child       --> "Object12",
                  <!-- position    --> 1.5503249, -15.647595e-9, 0.26252306,
                  <!-- orientation -->  -0.7071065300, -388.40153e-09,   0.7071070100,
                                       -148.10011e-09,   1.0000000000,  401.18249e-09,
                                        -0.7071070100,  178.95614e-09,  -0.7071065300
               </part>
               <part>
                  <!-- parent      --> "Root",
                  <!-- child       --> "Object20",
                  <!-- position    --> 1.5503249, -15.647595e-9, 0.26252306,
                  <!-- orientation -->  -0.7071065300, -388.40153e-09,   0.7071070100,
                                       -148.10011e-09,   1.0000000000,  401.18249e-09,
                                        -0.7071070100,  178.95614e-09,  -0.7071065300
               </part>
               <part>
                  <!-- parent      --> "Root",
                  <!-- child       --> "Object23",
                  <!-- position    --> 1.5503249, -15.647595e-9, 0.26252306,
                  <!-- orientation -->  -0.7071065300, -388.40153e-09,   0.7071070100,
                                       -148.10011e-09,   1.0000000000,  401.18249e-09,
                                        -0.7071070100,  178.95614e-09,  -0.7071065300
               </part>
               <part>
                  <!-- parent      --> "Root",
                  <!-- child       --> "Object14",
                  <!-- position    --> 1.5503249, -15.647595e-9, 0.26252306,
                  <!-- orientation -->  -0.7071065300, -388.40153e-09,   0.7071070100,
                                       -148.10011e-09,   1.0000000000,  401.18249e-09,
                                        -0.7071070100,  178.95614e-09,  -0.7071065300
               </part>
            </Fix>
         </Cons>
      </Cmpnd>
      <Material_library name="Material library">
         <Material_count name="Material count" type="int">2</Material_count>
         <stars.tga>
            <Type type="text">DcDtEc</Type>
            <Dt_name type="text">stars.tga</Dt_name>
            <Dt_flags type="int">0x40</Dt_flags>
            <Ec type="RGB">1, 1, 1</Ec>
         </stars.tga>
         <stars_large01.tga>
            <Type type="text">DcDtEc</Type>
            <Dt_name type="text">stars_large01.tga</Dt_name>
            <Dt_flags type="int">0x40</Dt_flags>
            <Ec type="RGB">1, 1, 1</Ec>
         </stars_large01.tga>
      </Material_library>
      <Texture_library name="Texture library">
         <stars_large01.tga>
            <MIPS type="file" filename="starsphere_iw04_stars_cmp\stars_large01.dds"/>
         </stars_large01.tga>
         <stars.tga>
            <MIPS type="file" filename="starsphere_iw04_stars_cmp\stars.dds"/>
         </stars.tga>
      </Texture_library>
      <starsphere020721144758.3db>
         <VMeshPart>
            <VMeshRef type="VMeshRef">
               <!-- header size  --> 60,
               <!-- vmesh lib    --> data.solar.starsphere.starsphere_iw04_stars.lod0-102.vms,
               <!-- start vert   --> 1566,
               <!-- num verts    --> 99,
               <!-- start index  --> 1566,
               <!-- num indices  --> 99,
               <!-- start mesh   --> 20,
               <!-- num meshes   --> 1,
               <!-- bounding box -->   1.3442527, -25.731438, -63.00457,
                                     -58.260132,  -48.423977, -93.132393,
               <!-- center       --> -28.225258,  -37.013084, -78.27272,
               <!-- radius       --> 33.755608
            </VMeshRef>
         </VMeshPart>
      </starsphere020721144758.3db>
      <Object28020721144758.3db>
         <VMeshPart>
            <VMeshRef type="VMeshRef">
               <!-- header size  --> 60,
               <!-- vmesh lib    --> data.solar.starsphere.starsphere_iw04_stars.lod0-102.vms,
               <!-- start vert   --> 1665,
               <!-- num verts    --> 105,
               <!-- start index  --> 1665,
               <!-- num indices  --> 105,
               <!-- start mesh   --> 21,
               <!-- num meshes   --> 2,
               <!-- bounding box --> 83.366623, -50.04071,   -0.50014955,
                                     26.983969, -95.117661, -49.905739,
               <!-- center       --> 55.011162, -72.855743, -22.680267,
               <!-- radius       --> 38.582684
            </VMeshRef>
         </VMeshPart>
      </Object28020721144758.3db>
      <Object09020721144758.3db>
         <VMeshPart>
            <VMeshRef type="VMeshRef">
               <!-- header size  --> 60,
               <!-- vmesh lib    --> data.solar.starsphere.starsphere_iw04_stars.lod0-102.vms,
               <!-- start vert   --> 393,
               <!-- num verts    --> 54,
               <!-- start index  --> 393,
               <!-- num indices  --> 54,
               <!-- start mesh   --> 8,
               <!-- num meshes   --> 1,
               <!-- bounding box --> 65.514297,   -30.351767, 95.063278,
                                      0.17790772, -49.283596, 61.433758,
               <!-- center       --> 32.014935,   -38.894604, 78.91198,
               <!-- radius       --> 36.732815
            </VMeshRef>
         </VMeshPart>
      </Object09020721144758.3db>
      <Object31020721144758.3db>
         <VMeshPart>
            <VMeshRef type="VMeshRef">
               <!-- header size  --> 60,
               <!-- vmesh lib    --> data.solar.starsphere.starsphere_iw04_stars.lod0-102.vms,
               <!-- start vert   --> 1959,
               <!-- num verts    --> 177,
               <!-- start index  --> 1959,
               <!-- num indices  --> 177,
               <!-- start mesh   --> 26,
               <!-- num meshes   --> 2,
               <!-- bounding box -->   1.3902864, -50.687996, 82.620201,
                                     -49.339619,  -97.834915, 15.717821,
               <!-- center       --> -20.345123,  -74.833809, 48.987183,
               <!-- radius       --> 43.438122
            </VMeshRef>
         </VMeshPart>
      </Object31020721144758.3db>
      <Object07020721144758.3db>
         <VMeshPart>
            <VMeshRef type="VMeshRef">
               <!-- header size  --> 60,
               <!-- vmesh lib    --> data.solar.starsphere.starsphere_iw04_stars.lod0-102.vms,
               <!-- start vert   --> 1770,
               <!-- num verts    --> 102,
               <!-- start index  --> 1770,
               <!-- num indices  --> 102,
               <!-- start mesh   --> 23,
               <!-- num meshes   --> 1,
               <!-- bounding box --> 93.82122,  -15.586428,  -8.6837492,
                                     66.164429, -47.153114, -69.187332,
               <!-- center       --> 79.434258, -30.869768, -39.831169,
               <!-- radius       --> 34.0783
            </VMeshRef>
         </VMeshPart>
      </Object07020721144758.3db>
      <Object08020721144758.3db>
         <VMeshPart>
            <VMeshRef type="VMeshRef">
               <!-- header size  --> 60,
               <!-- vmesh lib    --> data.solar.starsphere.starsphere_iw04_stars.lod0-102.vms,
               <!-- start vert   --> 1941,
               <!-- num verts    --> 18,
               <!-- start index  --> 1941,
               <!-- num indices  --> 18,
               <!-- start mesh   --> 25,
               <!-- num meshes   --> 1,
               <!-- bounding box --> -67.342598, -40.190666, 57.565655,
                                     -77.474091, -47.153099, 30.87681,
               <!-- center       --> -72.324677, -43.759277, 44.400032,
               <!-- radius       --> 14.183595
            </VMeshRef>
         </VMeshPart>
      </Object08020721144758.3db>
      <Object01020721144758.3db>
         <VMeshPart>
            <VMeshRef type="VMeshRef">
               <!-- header size  --> 60,
               <!-- vmesh lib    --> data.solar.starsphere.starsphere_iw04_stars.lod0-102.vms,
               <!-- start vert   --> 738,
               <!-- num verts    --> 141,
               <!-- start index  --> 738,
               <!-- num indices  --> 141,
               <!-- start mesh   --> 13,
               <!-- num meshes   --> 1,
               <!-- bounding box --> 83.36657,  -50.040737, 49.905827,
                                     26.983889, -95.657837,  0.78221053,
               <!-- center       --> 54.341846, -73.597214, 23.093332,
               <!-- radius       --> 37.937656
            </VMeshRef>
         </VMeshPart>
      </Object01020721144758.3db>
      <Object21020721144758.3db>
         <VMeshPart>
            <VMeshRef type="VMeshRef">
               <!-- header size  --> 60,
               <!-- vmesh lib    --> data.solar.starsphere.starsphere_iw04_stars.lod0-102.vms,
               <!-- start vert   --> 630,
               <!-- num verts    --> 72,
               <!-- start index  --> 630,
               <!-- num indices  --> 72,
               <!-- start mesh   --> 11,
               <!-- num meshes   --> 1,
               <!-- bounding box --> 66.773506, -16.990641, -64.697166,
                                     20.799747, -48.423969, -93.102768,
               <!-- center       --> 44.026695, -30.424065, -79.46685,
               <!-- radius       --> 28.342051
            </VMeshRef>
         </VMeshPart>
      </Object21020721144758.3db>
      <Object10020721144758.3db>
         <VMeshPart>
            <VMeshRef type="VMeshRef">
               <!-- header size  --> 60,
               <!-- vmesh lib    --> data.solar.starsphere.starsphere_iw04_stars.lod0-102.vms,
               <!-- start vert   --> 0,
               <!-- num verts    --> 84,
               <!-- start index  --> 0,
               <!-- num indices  --> 84,
               <!-- start mesh   --> 0,
               <!-- num meshes   --> 2,
               <!-- bounding box -->   0.39486161, -65.403404, -15.717774,
                                     -39.890633,   -97.83493,  -73.630386,
               <!-- center       --> -16.771967,   -81.204102, -45.470497,
               <!-- radius       --> 36.091759
            </VMeshRef>
         </VMeshPart>
      </Object10020721144758.3db>
      <Object18020721144758.3db>
         <VMeshPart>
            <VMeshRef type="VMeshRef">
               <!-- header size  --> 60,
               <!-- vmesh lib    --> data.solar.starsphere.starsphere_iw04_stars.lod0-102.vms,
               <!-- start vert   --> 543,
               <!-- num verts    --> 87,
               <!-- start index  --> 543,
               <!-- num indices  --> 87,
               <!-- start mesh   --> 10,
               <!-- num meshes   --> 1,
               <!-- bounding box --> -26.983927, -51.929703,  -0.78211176,
                                     -74.663002, -95.117676, -49.905746,
               <!-- center       --> -51.841991, -74.329727, -21.108753,
               <!-- radius       --> 34.440968
            </VMeshRef>
         </VMeshPart>
      </Object18020721144758.3db>
      <Object16020721144758.3db>
         <VMeshPart>
            <VMeshRef type="VMeshRef">
               <!-- header size  --> 60,
               <!-- vmesh lib    --> data.solar.starsphere.starsphere_iw04_stars.lod0-102.vms,
               <!-- start vert   --> 2514,
               <!-- num verts    --> 195,
               <!-- start index  --> 2514,
               <!-- num indices  --> 195,
               <!-- start mesh   --> 33,
               <!-- num meshes   --> 1,
               <!-- bounding box -->  -9.1115942,  -50.040695, 50.275444,
                                     -83.366608,  -101.21024,   0.30787981,
               <!-- center       --> -44.546078,   -76.829681, 21.78834,
               <!-- radius       --> 48.077274
            </VMeshRef>
         </VMeshPart>
      </Object16020721144758.3db>
      <Object24020721144758.3db>
         <VMeshPart>
            <VMeshRef type="VMeshRef">
               <!-- header size  --> 60,
               <!-- vmesh lib    --> data.solar.starsphere.starsphere_iw04_stars.lod0-102.vms,
               <!-- start vert   --> 702,
               <!-- num verts    --> 36,
               <!-- start index  --> 702,
               <!-- num indices  --> 36,
               <!-- start mesh   --> 12,
               <!-- num meshes   --> 1,
               <!-- bounding box -->  -0.17787206, -30.956137, 95.063271,
                                     -54.253223,   -49.283554, 64.332878,
               <!-- center       --> -26.76679,    -39.667751, 79.971954,
               <!-- radius       --> 31.809591
            </VMeshRef>
         </VMeshPart>
      </Object24020721144758.3db>
      <Object15020721144758.3db>
         <VMeshPart>
            <VMeshRef type="VMeshRef">
               <!-- header size  --> 60,
               <!-- vmesh lib    --> data.solar.starsphere.starsphere_iw04_stars.lod0-102.vms,
               <!-- start vert   --> 84,
               <!-- num verts    --> 141,
               <!-- start index  --> 84,
               <!-- num indices  --> 141,
               <!-- start mesh   --> 2,
               <!-- num meshes   --> 1,
               <!-- bounding box --> 49.3396,    -50.688023, -15.717765,
                                      1.5363758, -97.834923, -82.028725,
               <!-- center       --> 21.753391,  -75.356209, -47.935871,
               <!-- radius       --> 42.745041
            </VMeshRef>
         </VMeshPart>
      </Object15020721144758.3db>
      <Object17020721144758.3db>
         <VMeshPart>
            <VMeshRef type="VMeshRef">
               <!-- header size  --> 60,
               <!-- vmesh lib    --> data.solar.starsphere.starsphere_iw04_stars.lod0-102.vms,
               <!-- start vert   --> 969,
               <!-- num verts    --> 153,
               <!-- start index  --> 969,
               <!-- num indices  --> 153,
               <!-- start mesh   --> 15,
               <!-- num meshes   --> 1,
               <!-- bounding box --> 55.145355,    -50.688011, 82.291672,
                                      0.56536895, -101.45245,   1.2089134,
               <!-- center       --> 23.888178,    -76.580994, 41.593979,
               <!-- radius       --> 50.914165
            </VMeshRef>
         </VMeshPart>
      </Object17020721144758.3db>
      <Object19020721144758.3db>
         <VMeshPart>
            <VMeshRef type="VMeshRef">
               <!-- header size  --> 60,
               <!-- vmesh lib    --> data.solar.starsphere.starsphere_iw04_stars.lod0-102.vms,
               <!-- start vert   --> 2136,
               <!-- num verts    --> 96,
               <!-- start index  --> 2136,
               <!-- num indices  --> 96,
               <!-- start mesh   --> 28,
               <!-- num meshes   --> 1,
               <!-- bounding box --> 73.407074, 95.117676, 44.661198,
                                     25.756908, 50.040756,  2.1195552,
               <!-- center       --> 52.686932, 71.629158, 22.694426,
               <!-- radius       --> 37.186386
            </VMeshRef>
         </VMeshPart>
      </Object19020721144758.3db>
      <Object29020721144758.3db>
         <VMeshPart>
            <VMeshRef type="VMeshRef">
               <!-- header size  --> 60,
               <!-- vmesh lib    --> data.solar.starsphere.starsphere_iw04_stars.lod0-102.vms,
               <!-- start vert   --> 237,
               <!-- num verts    --> 3,
               <!-- start index  --> 237,
               <!-- num indices  --> 3,
               <!-- start mesh   --> 5,
               <!-- num meshes   --> 1,
               <!-- bounding box --> 65.940193, 30.093588, 68.228523,
                                     65.496834, 29.61541,  67.82476,
               <!-- center       --> 65.734612, 29.855906, 68.010277,
               <!-- radius       --> 0.3280786
            </VMeshRef>
         </VMeshPart>
      </Object29020721144758.3db>
      <Object04020721144758.3db>
         <VMeshPart>
            <VMeshRef type="VMeshRef">
               <!-- header size  --> 60,
               <!-- vmesh lib    --> data.solar.starsphere.starsphere_iw04_stars.lod0-102.vms,
               <!-- start vert   --> 879,
               <!-- num verts    --> 90,
               <!-- start index  --> 879,
               <!-- num indices  --> 90,
               <!-- start mesh   --> 14,
               <!-- num meshes   --> 1,
               <!-- bounding box --> 67.094086, 47.15308,  -67.345688,
                                     16.508419, 18.851261, -95.201294,
               <!-- center       --> 41.717781, 33.260246, -80.916161,
               <!-- radius       --> 29.136272
            </VMeshRef>
         </VMeshPart>
      </Object04020721144758.3db>
      <Object03020721144758.3db>
         <VMeshPart>
            <VMeshRef type="VMeshRef">
               <!-- header size  --> 60,
               <!-- vmesh lib    --> data.solar.starsphere.starsphere_iw04_stars.lod0-102.vms,
               <!-- start vert   --> 240,
               <!-- num verts    --> 93,
               <!-- start index  --> 240,
               <!-- num indices  --> 93,
               <!-- start mesh   --> 6,
               <!-- num meshes   --> 1,
               <!-- bounding box --> 94.088646, 47.153156,  -3.0870881,
                                     67.34568,  18.851313, -67.094086,
               <!-- center       --> 80.483475, 32.880047, -35.4678,
               <!-- radius       --> 34.346684
            </VMeshRef>
         </VMeshPart>
      </Object03020721144758.3db>
      <Object05020721144758.3db>
         <VMeshPart>
            <VMeshRef type="VMeshRef">
               <!-- header size  --> 60,
               <!-- vmesh lib    --> data.solar.starsphere.starsphere_iw04_stars.lod0-102.vms,
               <!-- start vert   --> 2325,
               <!-- num verts    --> 36,
               <!-- start index  --> 2325,
               <!-- num indices  --> 36,
               <!-- start mesh   --> 30,
               <!-- num meshes   --> 1,
               <!-- bounding box -->  -1.5036069, 47.153114, 96.390388,
                                     -59.143864,  30.210371, 66.424377,
               <!-- center       --> -30.100489,  38.499817, 81.512741,
               <!-- radius       --> 33.284241
            </VMeshRef>
         </VMeshPart>
      </Object05020721144758.3db>
      <Object06020721144758.3db>
         <VMeshPart>
            <VMeshRef type="VMeshRef">
               <!-- header size  --> 60,
               <!-- vmesh lib    --> data.solar.starsphere.starsphere_iw04_stars.lod0-102.vms,
               <!-- start vert   --> 225,
               <!-- num verts    --> 12,
               <!-- start index  --> 225,
               <!-- num indices  --> 12,
               <!-- start mesh   --> 3,
               <!-- num meshes   --> 2,
               <!-- bounding box --> -63.375885, 50.05751,  58.321838,
                                     -78.356339, 31.274961, 34.75938,
               <!-- center       --> -70.964905, 40.650181, 46.437244,
               <!-- radius       --> 16.702919
            </VMeshRef>
         </VMeshPart>
      </Object06020721144758.3db>
      <Object26020721144758.3db>
         <VMeshPart>
            <VMeshRef type="VMeshRef">
               <!-- header size  --> 60,
               <!-- vmesh lib    --> data.solar.starsphere.starsphere_iw04_stars.lod0-102.vms,
               <!-- start vert   --> 333,
               <!-- num verts    --> 60,
               <!-- start index  --> 333,
               <!-- num indices  --> 60,
               <!-- start mesh   --> 7,
               <!-- num meshes   --> 1,
               <!-- bounding box --> 91.622604, 47.471844, 47.58897,
                                     74.872818, 24.539141,  3.3189058,
               <!-- center       --> 83.217545, 36.026905, 25.376726,
               <!-- radius       --> 23.278492
            </VMeshRef>
         </VMeshPart>
      </Object26020721144758.3db>
      <Object22020721144758.3db>
         <VMeshPart>
            <VMeshRef type="VMeshRef">
               <!-- header size  --> 60,
               <!-- vmesh lib    --> data.solar.starsphere.starsphere_iw04_stars.lod0-102.vms,
               <!-- start vert   --> 1872,
               <!-- num verts    --> 69,
               <!-- start index  --> 1872,
               <!-- num indices  --> 69,
               <!-- start mesh   --> 24,
               <!-- num meshes   --> 1,
               <!-- bounding box --> 40.039566,  98.49128,  73.370399,
                                      2.1196311, 51.929653,  3.1388288,
               <!-- center       --> 19.427237,  75.85878,  38.627232,
               <!-- radius       --> 42.328274
            </VMeshRef>
         </VMeshPart>
      </Object22020721144758.3db>
      <Object11020721144758.3db>
         <VMeshPart>
            <VMeshRef type="VMeshRef">
               <!-- header size  --> 60,
