<?xml version="1.0" encoding="ISO-8859-1"?>
<!-- XML generated by UTFXML Version 2.2 built 19-Aug-2010 -->
<UTFXML filename="starsphere_bw07_stars.cmp" path="SOLAR\STARSPHERE">
   <UTF_ROOT>
      <VMeshLibrary>
         <data.solar.starsphere.starsphere_bw07_stars.lod0-102.vms include="starsphere_bw07_stars_cmp\lod0-102.vms.xml"/>
      </VMeshLibrary>
      <Exporter_Version name="Exporter Version" type="text">Jun 10 2002 16:27:11</Exporter_Version>
      <Cmpnd>
         <Root>
            <Object_name name="Object name" type="text">Root</Object_name>
            <File_name name="File name" type="text">starsphere020721134926.3db</File_name>
            <Index type="int">0</Index>
         </Root>
         <Part_Object28>
            <Object_name name="Object name" type="text">Object28</Object_name>
            <File_name name="File name" type="text">Object28020721134926.3db</File_name>
            <Index type="int">1</Index>
         </Part_Object28>
         <Part_Object09>
            <Object_name name="Object name" type="text">Object09</Object_name>
            <File_name name="File name" type="text">Object09020721134926.3db</File_name>
            <Index type="int">2</Index>
         </Part_Object09>
         <Part_Object31>
            <Object_name name="Object name" type="text">Object31</Object_name>
            <File_name name="File name" type="text">Object31020721134926.3db</File_name>
            <Index type="int">3</Index>
         </Part_Object31>
         <Part_Object02>
            <Object_name name="Object name" type="text">Object02</Object_name>
            <File_name name="File name" type="text">Object02020721134926.3db</File_name>
            <Index type="int">4</Index>
         </Part_Object02>
         <Part_Object25>
            <Object_name name="Object name" type="text">Object25</Object_name>
            <File_name name="File name" type="text">Object25020721134926.3db</File_name>
            <Index type="int">5</Index>
         </Part_Object25>
         <Part_Object07>
            <Object_name name="Object name" type="text">Object07</Object_name>
            <File_name name="File name" type="text">Object07020721134926.3db</File_name>
            <Index type="int">6</Index>
         </Part_Object07>
         <Part_Object08>
            <Object_name name="Object name" type="text">Object08</Object_name>
            <File_name name="File name" type="text">Object08020721134926.3db</File_name>
            <Index type="int">7</Index>
         </Part_Object08>
         <Part_Object01>
            <Object_name name="Object name" type="text">Object01</Object_name>
            <File_name name="File name" type="text">Object01020721134926.3db</File_name>
            <Index type="int">8</Index>
         </Part_Object01>
         <Part_Object21>
            <Object_name name="Object name" type="text">Object21</Object_name>
            <File_name name="File name" type="text">Object21020721134926.3db</File_name>
            <Index type="int">9</Index>
         </Part_Object21>
         <Part_Object10>
            <Object_name name="Object name" type="text">Object10</Object_name>
            <File_name name="File name" type="text">Object10020721134926.3db</File_name>
            <Index type="int">10</Index>
         </Part_Object10>
         <Part_Object18>
            <Object_name name="Object name" type="text">Object18</Object_name>
            <File_name name="File name" type="text">Object18020721134926.3db</File_name>
            <Index type="int">11</Index>
         </Part_Object18>
         <Part_Object16>
            <Object_name name="Object name" type="text">Object16</Object_name>
            <File_name name="File name" type="text">Object16020721134926.3db</File_name>
            <Index type="int">12</Index>
         </Part_Object16>
         <Part_Object24>
            <Object_name name="Object name" type="text">Object24</Object_name>
            <File_name name="File name" type="text">Object24020721134926.3db</File_name>
            <Index type="int">13</Index>
         </Part_Object24>
         <Part_Object15>
            <Object_name name="Object name" type="text">Object15</Object_name>
            <File_name name="File name" type="text">Object15020721134926.3db</File_name>
            <Index type="int">14</Index>
         </Part_Object15>
         <Part_Object17>
            <Object_name name="Object name" type="text">Object17</Object_name>
            <File_name name="File name" type="text">Object17020721134926.3db</File_name>
            <Index type="int">15</Index>
         </Part_Object17>
         <Part_Object19>
            <Object_name name="Object name" type="text">Object19</Object_name>
            <File_name name="File name" type="text">Object19020721134926.3db</File_name>
            <Index type="int">16</Index>
         </Part_Object19>
         <Part_Object29>
            <Object_name name="Object name" type="text">Object29</Object_name>
            <File_name name="File name" type="text">Object29020721134926.3db</File_name>
            <Index type="int">17</Index>
         </Part_Object29>
         <Part_Object04>
            <Object_name name="Object name" type="text">Object04</Object_name>
            <File_name name="File name" type="text">Object04020721134926.3db</File_name>
            <Index type="int">18</Index>
         </Part_Object04>
         <Part_Object03>
            <Object_name name="Object name" type="text">Object03</Object_name>
            <File_name name="File name" type="text">Object03020721134926.3db</File_name>
            <Index type="int">19</Index>
         </Part_Object03>
         <Part_Object30>
            <Object_name name="Object name" type="text">Object30</Object_name>
            <File_name name="File name" type="text">Object30020721134926.3db</File_name>
            <Index type="int">20</Index>
         </Part_Object30>
         <Part_Object27>
            <Object_name name="Object name" type="text">Object27</Object_name>
            <File_name name="File name" type="text">Object27020721134926.3db</File_name>
            <Index type="int">21</Index>
         </Part_Object27>
         <Part_Object05>
            <Object_name name="Object name" type="text">Object05</Object_name>
            <File_name name="File name" type="text">Object05020721134926.3db</File_name>
            <Index type="int">22</Index>
         </Part_Object05>
         <Part_Object06>
            <Object_name name="Object name" type="text">Object06</Object_name>
            <File_name name="File name" type="text">Object06020721134926.3db</File_name>
            <Index type="int">23</Index>
         </Part_Object06>
         <Part_Object26>
            <Object_name name="Object name" type="text">Object26</Object_name>
            <File_name name="File name" type="text">Object26020721134926.3db</File_name>
            <Index type="int">24</Index>
         </Part_Object26>
         <Part_Object22>
            <Object_name name="Object name" type="text">Object22</Object_name>
            <File_name name="File name" type="text">Object22020721134926.3db</File_name>
            <Index type="int">25</Index>
         </Part_Object22>
         <Part_Object11>
            <Object_name name="Object name" type="text">Object11</Object_name>
            <File_name name="File name" type="text">Object11020721134926.3db</File_name>
            <Index type="int">26</Index>
         </Part_Object11>
         <Part_Object13>
            <Object_name name="Object name" type="text">Object13</Object_name>
            <File_name name="File name" type="text">Object13020721134926.3db</File_name>
            <Index type="int">27</Index>
         </Part_Object13>
         <Part_Object12>
            <Object_name name="Object name" type="text">Object12</Object_name>
            <File_name name="File name" type="text">Object12020721134926.3db</File_name>
            <Index type="int">28</Index>
         </Part_Object12>
         <Part_Object20>
            <Object_name name="Object name" type="text">Object20</Object_name>
            <File_name name="File name" type="text">Object20020721134926.3db</File_name>
            <Index type="int">29</Index>
         </Part_Object20>
         <Part_Object23>
            <Object_name name="Object name" type="text">Object23</Object_name>
            <File_name name="File name" type="text">Object23020721134926.3db</File_name>
            <Index type="int">30</Index>
         </Part_Object23>
         <Part_Object14>
            <Object_name name="Object name" type="text">Object14</Object_name>
            <File_name name="File name" type="text">Object14020721134926.3db</File_name>
            <Index type="int">31</Index>
         </Part_Object14>
         <Cons>
            <Fix type="Fix" count="31">
               <part>
                  <!-- parent      --> "Root",
                  <!-- child       --> "Object28",
                  <!-- position    --> 1.2783306, 53.056858e-9, -0.89014626,
                  <!-- orientation -->  -0.7071067700, -541.81055e-09,   0.7071068300,
                                       -202.32503e-09,   1.0000000000,  563.91076e-09,
                                        -0.7071068300,  255.67971e-09,  -0.7071067700
               </part>
               <part>
                  <!-- parent      --> "Root",
                  <!-- child       --> "Object09",
                  <!-- position    --> 1.2783306, 53.056858e-9, -0.89014626,
                  <!-- orientation -->  -0.7071067700, -541.81055e-09,   0.7071068300,
                                       -202.32503e-09,   1.0000000000,  563.91076e-09,
                                        -0.7071068300,  255.67971e-09,  -0.7071067700
               </part>
               <part>
                  <!-- parent      --> "Root",
                  <!-- child       --> "Object31",
                  <!-- position    --> 1.2783306, 53.056858e-9, -0.89014626,
                  <!-- orientation -->  -0.7071067700, -541.81055e-09,   0.7071068300,
                                       -202.32503e-09,   1.0000000000,  563.91076e-09,
                                        -0.7071068300,  255.67971e-09,  -0.7071067700
               </part>
               <part>
                  <!-- parent      --> "Root",
                  <!-- child       --> "Object02",
                  <!-- position    --> 1.2783306, 53.056858e-9, -0.89014626,
                  <!-- orientation -->  -0.7071067700, -541.81055e-09,   0.7071068300,
                                       -202.32503e-09,   1.0000000000,  563.91076e-09,
                                        -0.7071068300,  255.67971e-09,  -0.7071067700
               </part>
               <part>
                  <!-- parent      --> "Root",
                  <!-- child       --> "Object25",
                  <!-- position    --> 1.2783306, 53.056858e-9, -0.89014626,
                  <!-- orientation -->  -0.7071067700, -541.81055e-09,   0.7071068300,
                                       -202.32503e-09,   1.0000000000,  563.91076e-09,
                                        -0.7071068300,  255.67971e-09,  -0.7071067700
               </part>
               <part>
                  <!-- parent      --> "Root",
                  <!-- child       --> "Object07",
                  <!-- position    --> 1.2783306, 53.056858e-9, -0.89014626,
                  <!-- orientation -->  -0.7071067700, -541.81055e-09,   0.7071068300,
                                       -202.32503e-09,   1.0000000000,  563.91076e-09,
                                        -0.7071068300,  255.67971e-09,  -0.7071067700
               </part>
               <part>
                  <!-- parent      --> "Root",
                  <!-- child       --> "Object08",
                  <!-- position    --> 1.2783306, 53.056858e-9, -0.89014626,
                  <!-- orientation -->  -0.7071067700, -541.81055e-09,   0.7071068300,
                                       -202.32503e-09,   1.0000000000,  563.91076e-09,
                                        -0.7071068300,  255.67971e-09,  -0.7071067700
               </part>
               <part>
                  <!-- parent      --> "Root",
                  <!-- child       --> "Object01",
                  <!-- position    --> 1.2783306, 53.056858e-9, -0.89014626,
                  <!-- orientation -->  -0.7071067700, -541.81055e-09,   0.7071068300,
                                       -202.32503e-09,   1.0000000000,  563.91076e-09,
                                        -0.7071068300,  255.67971e-09,  -0.7071067700
               </part>
               <part>
                  <!-- parent      --> "Root",
                  <!-- child       --> "Object21",
                  <!-- position    --> 1.2783306, 53.056858e-9, -0.89014626,
                  <!-- orientation -->  -0.7071067700, -541.81055e-09,   0.7071068300,
                                       -202.32503e-09,   1.0000000000,  563.91076e-09,
                                        -0.7071068300,  255.67971e-09,  -0.7071067700
               </part>
               <part>
                  <!-- parent      --> "Root",
                  <!-- child       --> "Object10",
                  <!-- position    --> 1.2783306, 53.056858e-9, -0.89014626,
                  <!-- orientation -->  -0.7071067700, -541.81055e-09,   0.7071068300,
                                       -202.32503e-09,   1.0000000000,  563.91076e-09,
                                        -0.7071068300,  255.67971e-09,  -0.7071067700
               </part>
               <part>
                  <!-- parent      --> "Root",
                  <!-- child       --> "Object18",
                  <!-- position    --> 1.2783306, 53.056858e-9, -0.89014626,
                  <!-- orientation -->  -0.7071067700, -541.81055e-09,   0.7071068300,
                                       -202.32503e-09,   1.0000000000,  563.91076e-09,
                                        -0.7071068300,  255.67971e-09,  -0.7071067700
               </part>
               <part>
                  <!-- parent      --> "Root",
                  <!-- child       --> "Object16",
                  <!-- position    --> 1.2783306, 53.056858e-9, -0.89014626,
                  <!-- orientation -->  -0.7071067700, -541.81055e-09,   0.7071068300,
                                       -202.32503e-09,   1.0000000000,  563.91076e-09,
                                        -0.7071068300,  255.67971e-09,  -0.7071067700
               </part>
               <part>
                  <!-- parent      --> "Root",
                  <!-- child       --> "Object24",
                  <!-- position    --> 1.2783306, 53.056858e-9, -0.89014626,
                  <!-- orientation -->  -0.7071067700, -541.81055e-09,   0.7071068300,
                                       -202.32503e-09,   1.0000000000,  563.91076e-09,
                                        -0.7071068300,  255.67971e-09,  -0.7071067700
               </part>
               <part>
                  <!-- parent      --> "Root",
                  <!-- child       --> "Object15",
                  <!-- position    --> 1.2783306, 53.056858e-9, -0.89014626,
                  <!-- orientation -->  -0.7071067700, -541.81055e-09,   0.7071068300,
                                       -202.32503e-09,   1.0000000000,  563.91076e-09,
                                        -0.7071068300,  255.67971e-09,  -0.7071067700
               </part>
               <part>
                  <!-- parent      --> "Root",
                  <!-- child       --> "Object17",
                  <!-- position    --> 1.2783306, 53.056858e-9, -0.89014626,
                  <!-- orientation -->  -0.7071067700, -541.81055e-09,   0.7071068300,
                                       -202.32503e-09,   1.0000000000,  563.91076e-09,
                                        -0.7071068300,  255.67971e-09,  -0.7071067700
               </part>
               <part>
                  <!-- parent      --> "Root",
                  <!-- child       --> "Object19",
                  <!-- position    --> 1.2783306, 53.056858e-9, -0.89014626,
                  <!-- orientation -->  -0.7071067700, -541.81055e-09,   0.7071068300,
                                       -202.32503e-09,   1.0000000000,  563.91076e-09,
                                        -0.7071068300,  255.67971e-09,  -0.7071067700
               </part>
               <part>
                  <!-- parent      --> "Root",
                  <!-- child       --> "Object29",
                  <!-- position    --> 1.2783306, 53.056858e-9, -0.89014626,
                  <!-- orientation -->  -0.7071067700, -541.81055e-09,   0.7071068300,
                                       -202.32503e-09,   1.0000000000,  563.91076e-09,
                                        -0.7071068300,  255.67971e-09,  -0.7071067700
               </part>
               <part>
                  <!-- parent      --> "Root",
                  <!-- child       --> "Object04",
                  <!-- position    --> 1.2783306, 53.056858e-9, -0.89014626,
                  <!-- orientation -->  -0.7071067700, -541.81055e-09,   0.7071068300,
                                       -202.32503e-09,   1.0000000000,  563.91076e-09,
                                        -0.7071068300,  255.67971e-09,  -0.7071067700
               </part>
               <part>
                  <!-- parent      --> "Root",
                  <!-- child       --> "Object03",
                  <!-- position    --> 1.2783306, 53.056858e-9, -0.89014626,
                  <!-- orientation -->  -0.7071067700, -541.81055e-09,   0.7071068300,
                                       -202.32503e-09,   1.0000000000,  563.91076e-09,
                                        -0.7071068300,  255.67971e-09,  -0.7071067700
               </part>
               <part>
                  <!-- parent      --> "Root",
                  <!-- child       --> "Object30",
                  <!-- position    --> 1.2783306, 53.056858e-9, -0.89014626,
                  <!-- orientation -->  -0.7071067700, -541.81055e-09,   0.7071068300,
                                       -202.32503e-09,   1.0000000000,  563.91076e-09,
                                        -0.7071068300,  255.67971e-09,  -0.7071067700
               </part>
               <part>
                  <!-- parent      --> "Root",
                  <!-- child       --> "Object27",
                  <!-- position    --> 1.2783306, 53.056858e-9, -0.89014626,
                  <!-- orientation -->  -0.7071067700, -541.81055e-09,   0.7071068300,
                                       -202.32503e-09,   1.0000000000,  563.91076e-09,
                                        -0.7071068300,  255.67971e-09,  -0.7071067700
               </part>
               <part>
                  <!-- parent      --> "Root",
                  <!-- child       --> "Object05",
                  <!-- position    --> 1.2783306, 53.056858e-9, -0.89014626,
                  <!-- orientation -->  -0.7071067700, -541.81055e-09,   0.7071068300,
                                       -202.32503e-09,   1.0000000000,  563.91076e-09,
                                        -0.7071068300,  255.67971e-09,  -0.7071067700
               </part>
               <part>
                  <!-- parent      --> "Root",
                  <!-- child       --> "Object06",
                  <!-- position    --> 1.2783306, 53.056858e-9, -0.89014626,
                  <!-- orientation -->  -0.7071067700, -541.81055e-09,   0.7071068300,
                                       -202.32503e-09,   1.0000000000,  563.91076e-09,
                                        -0.7071068300,  255.67971e-09,  -0.7071067700
               </part>
               <part>
                  <!-- parent      --> "Root",
                  <!-- child       --> "Object26",
                  <!-- position    --> 1.2783306, 53.056858e-9, -0.89014626,
                  <!-- orientation -->  -0.7071067700, -541.81055e-09,   0.7071068300,
                                       -202.32503e-09,   1.0000000000,  563.91076e-09,
                                        -0.7071068300,  255.67971e-09,  -0.7071067700
               </part>
               <part>
                  <!-- parent      --> "Root",
                  <!-- child       --> "Object22",
                  <!-- position    --> 1.2783306, 53.056858e-9, -0.89014626,
                  <!-- orientation -->  -0.7071067700, -541.81055e-09,   0.7071068300,
                                       -202.32503e-09,   1.0000000000,  563.91076e-09,
                                        -0.7071068300,  255.67971e-09,  -0.7071067700
               </part>
               <part>
                  <!-- parent      --> "Root",
                  <!-- child       --> "Object11",
                  <!-- position    --> 1.2783306, 53.056858e-9, -0.89014626,
                  <!-- orientation -->  -0.7071067700, -541.81055e-09,   0.7071068300,
                                       -202.32503e-09,   1.0000000000,  563.91076e-09,
                                        -0.7071068300,  255.67971e-09,  -0.7071067700
               </part>
               <part>
                  <!-- parent      --> "Root",
                  <!-- child       --> "Object13",
                  <!-- position    --> 1.2783306, 53.056858e-9, -0.89014626,
                  <!-- orientation -->  -0.7071067700, -541.81055e-09,   0.7071068300,
                                       -202.32503e-09,   1.0000000000,  563.91076e-09,
                                        -0.7071068300,  255.67971e-09,  -0.7071067700
               </part>
               <part>
                  <!-- parent      --> "Root",
                  <!-- child       --> "Object12",
                  <!-- position    --> 1.2783306, 53.056858e-9, -0.89014626,
                  <!-- orientation -->  -0.7071067700, -541.81055e-09,   0.7071068300,
                                       -202.32503e-09,   1.0000000000,  563.91076e-09,
                                        -0.7071068300,  255.67971e-09,  -0.7071067700
               </part>
               <part>
                  <!-- parent      --> "Root",
                  <!-- child       --> "Object20",
                  <!-- position    --> 1.2783306, 53.056858e-9, -0.89014626,
                  <!-- orientation -->  -0.7071067700, -541.81055e-09,   0.7071068300,
                                       -202.32503e-09,   1.0000000000,  563.91076e-09,
                                        -0.7071068300,  255.67971e-09,  -0.7071067700
               </part>
               <part>
                  <!-- parent      --> "Root",
                  <!-- child       --> "Object23",
                  <!-- position    --> 1.2783306, 53.056858e-9, -0.89014626,
                  <!-- orientation -->  -0.7071067700, -541.81055e-09,   0.7071068300,
                                       -202.32503e-09,   1.0000000000,  563.91076e-09,
                                        -0.7071068300,  255.67971e-09,  -0.7071067700
               </part>
               <part>
                  <!-- parent      --> "Root",
                  <!-- child       --> "Object14",
                  <!-- position    --> 1.2783306, 53.056858e-9, -0.89014626,
                  <!-- orientation -->  -0.7071067700, -541.81055e-09,   0.7071068300,
                                       -202.32503e-09,   1.0000000000,  563.91076e-09,
                                        -0.7071068300,  255.67971e-09,  -0.7071067700
               </part>
            </Fix>
         </Cons>
      </Cmpnd>
      <Material_library name="Material library">
         <Material_count name="Material count" type="int">2</Material_count>
         <stars.tga>
            <Type type="text">DcDtEc</Type>
            <Dt_name type="text">stars.tga</Dt_name>
            <Dt_flags type="int">0x40</Dt_flags>
            <Ec type="RGB">1, 1, 1</Ec>
         </stars.tga>
         <stars_large01.tga>
            <Type type="text">DcDtEc</Type>
            <Dt_name type="text">stars_large01.tga</Dt_name>
            <Dt_flags type="int">0x40</Dt_flags>
            <Ec type="RGB">1, 1, 1</Ec>
         </stars_large01.tga>
      </Material_library>
      <Texture_library name="Texture library">
         <stars_large01.tga>
            <MIPS type="file" filename="starsphere_bw07_stars_cmp\stars_large01.dds"/>
         </stars_large01.tga>
         <stars.tga>
            <MIPS type="file" filename="starsphere_bw07_stars_cmp\stars.dds"/>
         </stars.tga>
      </Texture_library>
      <starsphere020721134926.3db>
         <VMeshPart>
            <VMeshRef type="VMeshRef">
               <!-- header size  --> 60,
               <!-- vmesh lib    --> data.solar.starsphere.starsphere_bw07_stars.lod0-102.vms,
               <!-- start vert   --> 1629,
               <!-- num verts    --> 564,
               <!-- start index  --> 1629,
               <!-- num indices  --> 564,
               <!-- start mesh   --> 18,
               <!-- num meshes   --> 1,
               <!-- bounding box -->   1.1592946,   0.19639868, -64.157211,
                                     -65.946617,  -48.423973,   -99.373711,
               <!-- center       --> -29.668772,  -21.680826,   -83.432709,
               <!-- radius       --> 40.852329
            </VMeshRef>
         </VMeshPart>
      </starsphere020721134926.3db>
      <Object28020721134926.3db>
         <VMeshPart>
            <VMeshRef type="VMeshRef">
               <!-- header size  --> 60,
               <!-- vmesh lib    --> data.solar.starsphere.starsphere_bw07_stars.lod0-102.vms,
               <!-- start vert   --> 1524,
               <!-- num verts    --> 105,
               <!-- start index  --> 1524,
               <!-- num indices  --> 105,
               <!-- start mesh   --> 16,
               <!-- num meshes   --> 2,
               <!-- bounding box --> 83.366638, -50.040703,  -0.50015253,
                                     26.983973, -95.117653, -49.90575,
               <!-- center       --> 55.011169, -72.855728, -22.680271,
               <!-- radius       --> 38.582687
            </VMeshRef>
         </VMeshPart>
      </Object28020721134926.3db>
      <Object09020721134926.3db>
         <VMeshPart>
            <VMeshRef type="VMeshRef">
               <!-- header size  --> 60,
               <!-- vmesh lib    --> data.solar.starsphere.starsphere_bw07_stars.lod0-102.vms,
               <!-- start vert   --> 3966,
               <!-- num verts    --> 351,
               <!-- start index  --> 3966,
               <!-- num indices  --> 351,
               <!-- start mesh   --> 35,
               <!-- num meshes   --> 1,
               <!-- bounding box --> 72.425385,     0.55864382, 98.115356,
                                      0.17790769, -49.283596,   61.433754,
               <!-- center       --> 34.892536,   -23.974472,   80.50988,
               <!-- radius       --> 42.412628
            </VMeshRef>
         </VMeshPart>
      </Object09020721134926.3db>
      <Object31020721134926.3db>
         <VMeshPart>
            <VMeshRef type="VMeshRef">
               <!-- header size  --> 60,
               <!-- vmesh lib    --> data.solar.starsphere.starsphere_bw07_stars.lod0-102.vms,
               <!-- start vert   --> 888,
               <!-- num verts    --> 177,
               <!-- start index  --> 888,
               <!-- num indices  --> 177,
               <!-- start mesh   --> 8,
               <!-- num meshes   --> 2,
               <!-- bounding box -->   1.3902854, -50.687992, 82.620201,
                                     -49.339626,  -97.834908, 15.717826,
               <!-- center       --> -20.345127,  -74.833801, 48.987186,
               <!-- radius       --> 43.438118
            </VMeshRef>
         </VMeshPart>
      </Object31020721134926.3db>
      <Object02020721134926.3db>
         <VMeshPart>
            <VMeshRef type="VMeshRef">
               <!-- header size  --> 60,
               <!-- vmesh lib    --> data.solar.starsphere.starsphere_bw07_stars.lod0-102.vms,
               <!-- start vert   --> 2193,
               <!-- num verts    --> 345,
               <!-- start index  --> 2193,
               <!-- num indices  --> 345,
               <!-- start mesh   --> 19,
               <!-- num meshes   --> 2,
               <!-- bounding box -->  -0.17791484,   0.75534821, -64.332848,
                                     -70.502747,   -47.15316,    -97.800201,
               <!-- center       --> -36.090847,   -21.948143,   -81.162079,
               <!-- radius       --> 39.792053
            </VMeshRef>
         </VMeshPart>
      </Object02020721134926.3db>
      <Object25020721134926.3db>
         <VMeshPart>
            <VMeshRef type="VMeshRef">
               <!-- header size  --> 60,
               <!-- vmesh lib    --> data.solar.starsphere.starsphere_bw07_stars.lod0-102.vms,
               <!-- start vert   --> 585,
               <!-- num verts    --> 186,
               <!-- start index  --> 585,
               <!-- num indices  --> 186,
               <!-- start mesh   --> 5,
               <!-- num meshes   --> 2,
               <!-- bounding box --> -66.773529,  -0.049040452,   0.37265027,
                                     -98.116386, -48.423988,    -70.822746,
               <!-- center       --> -81.856735, -22.839268,    -36.489311,
               <!-- radius       --> 40.471416
            </VMeshRef>
         </VMeshPart>
      </Object25020721134926.3db>
      <Object07020721134926.3db>
         <VMeshPart>
            <VMeshRef type="VMeshRef">
               <!-- header size  --> 60,
               <!-- vmesh lib    --> data.solar.starsphere.starsphere_bw07_stars.lod0-102.vms,
               <!-- start vert   --> 1428,
               <!-- num verts    --> 96,
               <!-- start index  --> 1428,
               <!-- num indices  --> 96,
               <!-- start mesh   --> 14,
               <!-- num meshes   --> 2,
               <!-- bounding box --> 98.339989, -18.143036,  -3.1853914,
                                     70.285469, -47.153103, -54.297028,
               <!-- center       --> 83.823479, -33.443748, -29.597113,
               <!-- radius       --> 30.328611
            </VMeshRef>
         </VMeshPart>
      </Object07020721134926.3db>
      <Object08020721134926.3db>
         <VMeshPart>
            <VMeshRef type="VMeshRef">
               <!-- header size  --> 60,
               <!-- vmesh lib    --> data.solar.starsphere.starsphere_bw07_stars.lod0-102.vms,
               <!-- start vert   --> 1263,
               <!-- num verts    --> 51,
               <!-- start index  --> 1263,
               <!-- num indices  --> 51,
               <!-- start mesh   --> 11,
               <!-- num meshes   --> 1,
               <!-- bounding box --> -67.342606, -25.442787, 58.774036,
                                     -95.851768, -48.423939,  0.7812506,
               <!-- center       --> -81.96344,  -36.507713, 28.988752,
               <!-- radius       --> 33.334885
            </VMeshRef>
         </VMeshPart>
      </Object08020721134926.3db>
      <Object01020721134926.3db>
         <VMeshPart>
            <VMeshRef type="VMeshRef">
               <!-- header size  --> 60,
               <!-- vmesh lib    --> data.solar.starsphere.starsphere_bw07_stars.lod0-102.vms,
               <!-- start vert   --> 3222,
               <!-- num verts    --> 141,
               <!-- start index  --> 3222,
               <!-- num indices  --> 141,
               <!-- start mesh   --> 28,
               <!-- num meshes   --> 1,
               <!-- bounding box --> 83.36657,  -50.040733, 49.90583,
                                     26.983887, -95.657829,  0.78221381,
               <!-- center       --> 54.341862, -73.597214, 23.093328,
               <!-- radius       --> 37.937664
            </VMeshRef>
         </VMeshPart>
      </Object01020721134926.3db>
      <Object21020721134926.3db>
         <VMeshPart>
            <VMeshRef type="VMeshRef">
               <!-- header size  --> 60,
               <!-- vmesh lib    --> data.solar.starsphere.starsphere_bw07_stars.lod0-102.vms,
               <!-- start vert   --> 3423,
               <!-- num verts    --> 42,
               <!-- start index  --> 3423,
               <!-- num indices  --> 42,
               <!-- start mesh   --> 30,
               <!-- num meshes   --> 1,
               <!-- bounding box --> 59.245438, -17.756214, -64.697182,
                                     18.228481, -48.423962, -93.102776,
               <!-- center       --> 39.199284, -33.172684, -78.834747,
               <!-- radius       --> 26.551853
            </VMeshRef>
         </VMeshPart>
      </Object21020721134926.3db>
      <Object10020721134926.3db>
         <VMeshPart>
            <VMeshRef type="VMeshRef">
               <!-- header size  --> 60,
               <!-- vmesh lib    --> data.solar.starsphere.starsphere_bw07_stars.lod0-102.vms,
               <!-- start vert   --> 5427,
               <!-- num verts    --> 162,
               <!-- start index  --> 5427,
               <!-- num indices  --> 162,
               <!-- start mesh   --> 43,
               <!-- num meshes   --> 2,
               <!-- bounding box -->   0.39486483, -48.90926,  -15.717777,
                                     -49.339615,   -97.834923, -87.1185,
               <!-- center       --> -19.807289,   -72.651695, -52.534508,
               <!-- radius       --> 47.028938
            </VMeshRef>
         </VMeshPart>
      </Object10020721134926.3db>
      <Object18020721134926.3db>
         <VMeshPart>
            <VMeshRef type="VMeshRef">
               <!-- header size  --> 60,
               <!-- vmesh lib    --> data.solar.starsphere.starsphere_bw07_stars.lod0-102.vms,
               <!-- start vert   --> 3465,
               <!-- num verts    --> 102,
               <!-- start index  --> 3465,
               <!-- num indices  --> 102,
               <!-- start mesh   --> 31,
               <!-- num meshes   --> 1,
               <!-- bounding box --> -26.983931, -50.040756,  -0.78211796,
                                     -83.366577, -95.117668, -49.905754,
               <!-- center       --> -54.413887, -73.337341, -23.287146,
               <!-- radius       --> 37.662701
            </VMeshRef>
         </VMeshPart>
      </Object18020721134926.3db>
      <Object16020721134926.3db>
         <VMeshPart>
            <VMeshRef type="VMeshRef">
               <!-- header size  --> 60,
               <!-- vmesh lib    --> data.solar.starsphere.starsphere_bw07_stars.lod0-102.vms,
               <!-- start vert   --> 0,
               <!-- num verts    --> 195,
               <!-- start index  --> 0,
               <!-- num indices  --> 195,
               <!-- start mesh   --> 0,
               <!-- num meshes   --> 1,
               <!-- bounding box -->  -9.111598,  -50.040695, 50.275444,
                                     -83.366615, -101.21024,   0.30787009,
               <!-- center       --> -44.546082,  -76.829666, 21.788324,
               <!-- radius       --> 48.077278
            </VMeshRef>
         </VMeshPart>
      </Object16020721134926.3db>
      <Object24020721134926.3db>
         <VMeshPart>
            <VMeshRef type="VMeshRef">
               <!-- header size  --> 60,
               <!-- vmesh lib    --> data.solar.starsphere.starsphere_bw07_stars.lod0-102.vms,
               <!-- start vert   --> 3363,
               <!-- num verts    --> 60,
               <!-- start index  --> 3363,
               <!-- num indices  --> 60,
               <!-- start mesh   --> 29,
               <!-- num meshes   --> 1,
               <!-- bounding box -->  -0.17787531, -25.258923, 97.351959,
                                     -58.383755,   -49.28355,  64.332878,
               <!-- center       --> -28.455181,   -37.133053, 81.197777,
               <!-- radius       --> 32.10006
            </VMeshRef>
         </VMeshPart>
      </Object24020721134926.3db>
      <Object15020721134926.3db>
         <VMeshPart>
            <VMeshRef type="VMeshRef">
               <!-- header size  --> 60,
               <!-- vmesh lib    --> data.solar.starsphere.starsphere_bw07_stars.lod0-102.vms,
               <!-- start vert   --> 5277,
               <!-- num verts    --> 150,
               <!-- start index  --> 5277,
               <!-- num indices  --> 150,
               <!-- start mesh   --> 42,
               <!-- num meshes   --> 1,
               <!-- bounding box --> 49.339607, -48.909252, -15.717781,
                                      0.565341, -97.834915, -87.1185,
               <!-- center       --> 20.225307, -72.620804, -52.557049,
               <!-- radius       --> 47.197128
            </VMeshRef>
         </VMeshPart>
      </Object15020721134926.3db>
      <Object17020721134926.3db>
         <VMeshPart>
            <VMeshRef type="VMeshRef">
               <!-- header size  --> 60,
               <!-- vmesh lib    --> data.solar.starsphere.starsphere_bw07_stars.lod0-102.vms,
               <!-- start vert   --> 2982,
               <!-- num verts    --> 153,
               <!-- start index  --> 2982,
               <!-- num indices  --> 153,
               <!-- start mesh   --> 25,
               <!-- num meshes   --> 1,
               <!-- bounding box --> 55.145359,    -50.688011, 82.291664,
                                      0.56536877, -101.45245,   1.2088984,
               <!-- center       --> 23.888184,    -76.580986, 41.593967,
               <!-- radius       --> 50.914173
            </VMeshRef>
         </VMeshPart>
      </Object17020721134926.3db>
      <Object19020721134926.3db>
         <VMeshPart>
            <VMeshRef type="VMeshRef">
               <!-- header size  --> 60,
               <!-- vmesh lib    --> data.solar.starsphere.starsphere_bw07_stars.lod0-102.vms,
               <!-- start vert   --> 771,
               <!-- num verts    --> 117,
               <!-- start index  --> 771,
               <!-- num indices  --> 117,
               <!-- start mesh   --> 7,
               <!-- num meshes   --> 1,
               <!-- bounding box --> 73.407089, 95.117668, 52.217976,
                                     25.75692,  50.040752,  2.1195621,
               <!-- center       --> 52.176189, 72.325531, 24.281624,
               <!-- radius       --> 36.858307
            </VMeshRef>
         </VMeshPart>
      </Object19020721134926.3db>
      <Object29020721134926.3db>
         <VMeshPart>
            <VMeshRef type="VMeshRef">
               <!-- header size  --> 60,
               <!-- vmesh lib    --> data.solar.starsphere.starsphere_bw07_stars.lod0-102.vms,
               <!-- start vert   --> 4827,
               <!-- num verts    --> 330,
               <!-- start index  --> 4827,
               <!-- num indices  --> 330,
               <!-- start mesh   --> 38,
               <!-- num meshes   --> 2,
               <!-- bounding box --> 70.051994,  48.423939,   97.153267,
                                      2.1234429, -0.25398844, 63.409096,
               <!-- center       --> 38.080482,  21.731842,   80.049019,
               <!-- radius       --> 39.954117
            </VMeshRef>
         </VMeshPart>
      </Object29020721134926.3db>
      <Object04020721134926.3db>
         <VMeshPart>
            <VMeshRef type="VMeshRef">
               <!-- header size  --> 60,
               <!-- vmesh lib    --> data.solar.starsphere.starsphere_bw07_stars.lod0-102.vms,
               <!-- start vert   --> 3135,
               <!-- num verts    --> 87,
               <!-- start index  --> 3135,
               <!-- num indices  --> 87,
