<?xml version="1.0" encoding="ISO-8859-1"?>
<!-- XML generated by UTFXML Version 2.2 built 19-Aug-2010 -->
<UTFXML filename="starsphere_br06_stars.cmp" path="SOLAR\STARSPHERE">
   <UTF_ROOT>
      <VMeshLibrary>
         <data.solar.starsphere.starsphere_br06_stars.lod0-102.vms include="starsphere_br06_stars_cmp\lod0-102.vms.xml"/>
      </VMeshLibrary>
      <Exporter_Version name="Exporter Version" type="text">Jun 10 2002 16:27:11</Exporter_Version>
      <Cmpnd>
         <Root>
            <Object_name name="Object name" type="text">Root</Object_name>
            <File_name name="File name" type="text">starsphere020721135234.3db</File_name>
            <Index type="int">0</Index>
         </Root>
         <Part_Object28>
            <Object_name name="Object name" type="text">Object28</Object_name>
            <File_name name="File name" type="text">Object28020721135234.3db</File_name>
            <Index type="int">1</Index>
         </Part_Object28>
         <Part_Object09>
            <Object_name name="Object name" type="text">Object09</Object_name>
            <File_name name="File name" type="text">Object09020721135234.3db</File_name>
            <Index type="int">2</Index>
         </Part_Object09>
         <Part_Object31>
            <Object_name name="Object name" type="text">Object31</Object_name>
            <File_name name="File name" type="text">Object31020721135234.3db</File_name>
            <Index type="int">3</Index>
         </Part_Object31>
         <Part_Object02>
            <Object_name name="Object name" type="text">Object02</Object_name>
            <File_name name="File name" type="text">Object02020721135234.3db</File_name>
            <Index type="int">4</Index>
         </Part_Object02>
         <Part_Object25>
            <Object_name name="Object name" type="text">Object25</Object_name>
            <File_name name="File name" type="text">Object25020721135234.3db</File_name>
            <Index type="int">5</Index>
         </Part_Object25>
         <Part_Object07>
            <Object_name name="Object name" type="text">Object07</Object_name>
            <File_name name="File name" type="text">Object07020721135234.3db</File_name>
            <Index type="int">6</Index>
         </Part_Object07>
         <Part_Object08>
            <Object_name name="Object name" type="text">Object08</Object_name>
            <File_name name="File name" type="text">Object08020721135234.3db</File_name>
            <Index type="int">7</Index>
         </Part_Object08>
         <Part_Object01>
            <Object_name name="Object name" type="text">Object01</Object_name>
            <File_name name="File name" type="text">Object01020721135234.3db</File_name>
            <Index type="int">8</Index>
         </Part_Object01>
         <Part_Object21>
            <Object_name name="Object name" type="text">Object21</Object_name>
            <File_name name="File name" type="text">Object21020721135234.3db</File_name>
            <Index type="int">9</Index>
         </Part_Object21>
         <Part_Object10>
            <Object_name name="Object name" type="text">Object10</Object_name>
            <File_name name="File name" type="text">Object10020721135234.3db</File_name>
            <Index type="int">10</Index>
         </Part_Object10>
         <Part_Object18>
            <Object_name name="Object name" type="text">Object18</Object_name>
            <File_name name="File name" type="text">Object18020721135234.3db</File_name>
            <Index type="int">11</Index>
         </Part_Object18>
         <Part_Object16>
            <Object_name name="Object name" type="text">Object16</Object_name>
            <File_name name="File name" type="text">Object16020721135234.3db</File_name>
            <Index type="int">12</Index>
         </Part_Object16>
         <Part_Object24>
            <Object_name name="Object name" type="text">Object24</Object_name>
            <File_name name="File name" type="text">Object24020721135234.3db</File_name>
            <Index type="int">13</Index>
         </Part_Object24>
         <Part_Object15>
            <Object_name name="Object name" type="text">Object15</Object_name>
            <File_name name="File name" type="text">Object15020721135234.3db</File_name>
            <Index type="int">14</Index>
         </Part_Object15>
         <Part_Object17>
            <Object_name name="Object name" type="text">Object17</Object_name>
            <File_name name="File name" type="text">Object17020721135234.3db</File_name>
            <Index type="int">15</Index>
         </Part_Object17>
         <Part_Object19>
            <Object_name name="Object name" type="text">Object19</Object_name>
            <File_name name="File name" type="text">Object19020721135234.3db</File_name>
            <Index type="int">16</Index>
         </Part_Object19>
         <Part_Object29>
            <Object_name name="Object name" type="text">Object29</Object_name>
            <File_name name="File name" type="text">Object29020721135234.3db</File_name>
            <Index type="int">17</Index>
         </Part_Object29>
         <Part_Object04>
            <Object_name name="Object name" type="text">Object04</Object_name>
            <File_name name="File name" type="text">Object04020721135234.3db</File_name>
            <Index type="int">18</Index>
         </Part_Object04>
         <Part_Object03>
            <Object_name name="Object name" type="text">Object03</Object_name>
            <File_name name="File name" type="text">Object03020721135234.3db</File_name>
            <Index type="int">19</Index>
         </Part_Object03>
         <Part_Object30>
            <Object_name name="Object name" type="text">Object30</Object_name>
            <File_name name="File name" type="text">Object30020721135234.3db</File_name>
            <Index type="int">20</Index>
         </Part_Object30>
         <Part_Object27>
            <Object_name name="Object name" type="text">Object27</Object_name>
            <File_name name="File name" type="text">Object27020721135234.3db</File_name>
            <Index type="int">21</Index>
         </Part_Object27>
         <Part_Object05>
            <Object_name name="Object name" type="text">Object05</Object_name>
            <File_name name="File name" type="text">Object05020721135234.3db</File_name>
            <Index type="int">22</Index>
         </Part_Object05>
         <Part_Object06>
            <Object_name name="Object name" type="text">Object06</Object_name>
            <File_name name="File name" type="text">Object06020721135234.3db</File_name>
            <Index type="int">23</Index>
         </Part_Object06>
         <Part_Object26>
            <Object_name name="Object name" type="text">Object26</Object_name>
            <File_name name="File name" type="text">Object26020721135234.3db</File_name>
            <Index type="int">24</Index>
         </Part_Object26>
         <Part_Object22>
            <Object_name name="Object name" type="text">Object22</Object_name>
            <File_name name="File name" type="text">Object22020721135234.3db</File_name>
            <Index type="int">25</Index>
         </Part_Object22>
         <Part_Object11>
            <Object_name name="Object name" type="text">Object11</Object_name>
            <File_name name="File name" type="text">Object11020721135234.3db</File_name>
            <Index type="int">26</Index>
         </Part_Object11>
         <Part_Object13>
            <Object_name name="Object name" type="text">Object13</Object_name>
            <File_name name="File name" type="text">Object13020721135234.3db</File_name>
            <Index type="int">27</Index>
         </Part_Object13>
         <Part_Object12>
            <Object_name name="Object name" type="text">Object12</Object_name>
            <File_name name="File name" type="text">Object12020721135234.3db</File_name>
            <Index type="int">28</Index>
         </Part_Object12>
         <Part_Object20>
            <Object_name name="Object name" type="text">Object20</Object_name>
            <File_name name="File name" type="text">Object20020721135234.3db</File_name>
            <Index type="int">29</Index>
         </Part_Object20>
         <Part_Object23>
            <Object_name name="Object name" type="text">Object23</Object_name>
            <File_name name="File name" type="text">Object23020721135234.3db</File_name>
            <Index type="int">30</Index>
         </Part_Object23>
         <Part_Object14>
            <Object_name name="Object name" type="text">Object14</Object_name>
            <File_name name="File name" type="text">Object14020721135234.3db</File_name>
            <Index type="int">31</Index>
         </Part_Object14>
         <Cons>
            <Fix type="Fix" count="31">
               <part>
                  <!-- parent      --> "Root",
                  <!-- child       --> "Object28",
                  <!-- position    --> 1.5503249, -15.647595e-9, 0.26252306,
                  <!-- orientation -->  -0.7071065300, -388.40153e-09,   0.7071070100,
                                       -148.10011e-09,   1.0000000000,  401.18249e-09,
                                        -0.7071070100,  178.95614e-09,  -0.7071065300
               </part>
               <part>
                  <!-- parent      --> "Root",
                  <!-- child       --> "Object09",
                  <!-- position    --> 1.5503249, -15.647595e-9, 0.26252306,
                  <!-- orientation -->  -0.7071065300, -388.40153e-09,   0.7071070100,
                                       -148.10011e-09,   1.0000000000,  401.18249e-09,
                                        -0.7071070100,  178.95614e-09,  -0.7071065300
               </part>
               <part>
                  <!-- parent      --> "Root",
                  <!-- child       --> "Object31",
                  <!-- position    --> 1.5503249, -15.647595e-9, 0.26252306,
                  <!-- orientation -->  -0.7071065300, -388.40153e-09,   0.7071070100,
                                       -148.10011e-09,   1.0000000000,  401.18249e-09,
                                        -0.7071070100,  178.95614e-09,  -0.7071065300
               </part>
               <part>
                  <!-- parent      --> "Root",
                  <!-- child       --> "Object02",
                  <!-- position    --> 1.5503249, -15.647595e-9, 0.26252306,
                  <!-- orientation -->  -0.7071065300, -388.40153e-09,   0.7071070100,
                                       -148.10011e-09,   1.0000000000,  401.18249e-09,
                                        -0.7071070100,  178.95614e-09,  -0.7071065300
               </part>
               <part>
                  <!-- parent      --> "Root",
                  <!-- child       --> "Object25",
                  <!-- position    --> 1.5503249, -15.647595e-9, 0.26252306,
                  <!-- orientation -->  -0.7071065300, -388.40153e-09,   0.7071070100,
                                       -148.10011e-09,   1.0000000000,  401.18249e-09,
                                        -0.7071070100,  178.95614e-09,  -0.7071065300
               </part>
               <part>
                  <!-- parent      --> "Root",
                  <!-- child       --> "Object07",
                  <!-- position    --> 1.5503249, -15.647595e-9, 0.26252306,
                  <!-- orientation -->  -0.7071065300, -388.40153e-09,   0.7071070100,
                                       -148.10011e-09,   1.0000000000,  401.18249e-09,
                                        -0.7071070100,  178.95614e-09,  -0.7071065300
               </part>
               <part>
                  <!-- parent      --> "Root",
                  <!-- child       --> "Object08",
                  <!-- position    --> 1.5503249, -15.647595e-9, 0.26252306,
                  <!-- orientation -->  -0.7071065300, -388.40153e-09,   0.7071070100,
                                       -148.10011e-09,   1.0000000000,  401.18249e-09,
                                        -0.7071070100,  178.95614e-09,  -0.7071065300
               </part>
               <part>
                  <!-- parent      --> "Root",
                  <!-- child       --> "Object01",
                  <!-- position    --> 1.5503249, -15.647595e-9, 0.26252306,
                  <!-- orientation -->  -0.7071065300, -388.40153e-09,   0.7071070100,
                                       -148.10011e-09,   1.0000000000,  401.18249e-09,
                                        -0.7071070100,  178.95614e-09,  -0.7071065300
               </part>
               <part>
                  <!-- parent      --> "Root",
                  <!-- child       --> "Object21",
                  <!-- position    --> 1.5503249, -15.647595e-9, 0.26252306,
                  <!-- orientation -->  -0.7071065300, -388.40153e-09,   0.7071070100,
                                       -148.10011e-09,   1.0000000000,  401.18249e-09,
                                        -0.7071070100,  178.95614e-09,  -0.7071065300
               </part>
               <part>
                  <!-- parent      --> "Root",
                  <!-- child       --> "Object10",
                  <!-- position    --> 1.5503249, -15.647595e-9, 0.26252306,
                  <!-- orientation -->  -0.7071065300, -388.40153e-09,   0.7071070100,
                                       -148.10011e-09,   1.0000000000,  401.18249e-09,
                                        -0.7071070100,  178.95614e-09,  -0.7071065300
               </part>
               <part>
                  <!-- parent      --> "Root",
                  <!-- child       --> "Object18",
                  <!-- position    --> 1.5503249, -15.647595e-9, 0.26252306,
                  <!-- orientation -->  -0.7071065300, -388.40153e-09,   0.7071070100,
                                       -148.10011e-09,   1.0000000000,  401.18249e-09,
                                        -0.7071070100,  178.95614e-09,  -0.7071065300
               </part>
               <part>
                  <!-- parent      --> "Root",
                  <!-- child       --> "Object16",
                  <!-- position    --> 1.5503249, -15.647595e-9, 0.26252306,
                  <!-- orientation -->  -0.7071065300, -388.40153e-09,   0.7071070100,
                                       -148.10011e-09,   1.0000000000,  401.18249e-09,
                                        -0.7071070100,  178.95614e-09,  -0.7071065300
               </part>
               <part>
                  <!-- parent      --> "Root",
                  <!-- child       --> "Object24",
                  <!-- position    --> 1.5503249, -15.647595e-9, 0.26252306,
                  <!-- orientation -->  -0.7071065300, -388.40153e-09,   0.7071070100,
                                       -148.10011e-09,   1.0000000000,  401.18249e-09,
                                        -0.7071070100,  178.95614e-09,  -0.7071065300
               </part>
               <part>
                  <!-- parent      --> "Root",
                  <!-- child       --> "Object15",
                  <!-- position    --> 1.5503249, -15.647595e-9, 0.26252306,
                  <!-- orientation -->  -0.7071065300, -388.40153e-09,   0.7071070100,
                                       -148.10011e-09,   1.0000000000,  401.18249e-09,
                                        -0.7071070100,  178.95614e-09,  -0.7071065300
               </part>
               <part>
                  <!-- parent      --> "Root",
                  <!-- child       --> "Object17",
                  <!-- position    --> 1.5503249, -15.647595e-9, 0.26252306,
                  <!-- orientation -->  -0.7071065300, -388.40153e-09,   0.7071070100,
                                       -148.10011e-09,   1.0000000000,  401.18249e-09,
                                        -0.7071070100,  178.95614e-09,  -0.7071065300
               </part>
               <part>
                  <!-- parent      --> "Root",
                  <!-- child       --> "Object19",
                  <!-- position    --> 1.5503249, -15.647595e-9, 0.26252306,
                  <!-- orientation -->  -0.7071065300, -388.40153e-09,   0.7071070100,
                                       -148.10011e-09,   1.0000000000,  401.18249e-09,
                                        -0.7071070100,  178.95614e-09,  -0.7071065300
               </part>
               <part>
                  <!-- parent      --> "Root",
                  <!-- child       --> "Object29",
                  <!-- position    --> 1.5503249, -15.647595e-9, 0.26252306,
                  <!-- orientation -->  -0.7071065300, -388.40153e-09,   0.7071070100,
                                       -148.10011e-09,   1.0000000000,  401.18249e-09,
                                        -0.7071070100,  178.95614e-09,  -0.7071065300
               </part>
               <part>
                  <!-- parent      --> "Root",
                  <!-- child       --> "Object04",
                  <!-- position    --> 1.5503249, -15.647595e-9, 0.26252306,
                  <!-- orientation -->  -0.7071065300, -388.40153e-09,   0.7071070100,
                                       -148.10011e-09,   1.0000000000,  401.18249e-09,
                                        -0.7071070100,  178.95614e-09,  -0.7071065300
               </part>
               <part>
                  <!-- parent      --> "Root",
                  <!-- child       --> "Object03",
                  <!-- position    --> 1.5503249, -15.647595e-9, 0.26252306,
                  <!-- orientation -->  -0.7071065300, -388.40153e-09,   0.7071070100,
                                       -148.10011e-09,   1.0000000000,  401.18249e-09,
                                        -0.7071070100,  178.95614e-09,  -0.7071065300
               </part>
               <part>
                  <!-- parent      --> "Root",
                  <!-- child       --> "Object30",
                  <!-- position    --> 1.5503249, -15.647595e-9, 0.26252306,
                  <!-- orientation -->  -0.7071065300, -388.40153e-09,   0.7071070100,
                                       -148.10011e-09,   1.0000000000,  401.18249e-09,
                                        -0.7071070100,  178.95614e-09,  -0.7071065300
               </part>
               <part>
                  <!-- parent      --> "Root",
                  <!-- child       --> "Object27",
                  <!-- position    --> 1.5503249, -15.647595e-9, 0.26252306,
                  <!-- orientation -->  -0.7071065300, -388.40153e-09,   0.7071070100,
                                       -148.10011e-09,   1.0000000000,  401.18249e-09,
                                        -0.7071070100,  178.95614e-09,  -0.7071065300
               </part>
               <part>
                  <!-- parent      --> "Root",
                  <!-- child       --> "Object05",
                  <!-- position    --> 1.5503249, -15.647595e-9, 0.26252306,
                  <!-- orientation -->  -0.7071065300, -388.40153e-09,   0.7071070100,
                                       -148.10011e-09,   1.0000000000,  401.18249e-09,
                                        -0.7071070100,  178.95614e-09,  -0.7071065300
               </part>
               <part>
                  <!-- parent      --> "Root",
                  <!-- child       --> "Object06",
                  <!-- position    --> 1.5503249, -15.647595e-9, 0.26252306,
                  <!-- orientation -->  -0.7071065300, -388.40153e-09,   0.7071070100,
                                       -148.10011e-09,   1.0000000000,  401.18249e-09,
                                        -0.7071070100,  178.95614e-09,  -0.7071065300
               </part>
               <part>
                  <!-- parent      --> "Root",
                  <!-- child       --> "Object26",
                  <!-- position    --> 1.5503249, -15.647595e-9, 0.26252306,
                  <!-- orientation -->  -0.7071065300, -388.40153e-09,   0.7071070100,
                                       -148.10011e-09,   1.0000000000,  401.18249e-09,
                                        -0.7071070100,  178.95614e-09,  -0.7071065300
               </part>
               <part>
                  <!-- parent      --> "Root",
                  <!-- child       --> "Object22",
                  <!-- position    --> 1.5503249, -15.647595e-9, 0.26252306,
                  <!-- orientation -->  -0.7071065300, -388.40153e-09,   0.7071070100,
                                       -148.10011e-09,   1.0000000000,  401.18249e-09,
                                        -0.7071070100,  178.95614e-09,  -0.7071065300
               </part>
               <part>
                  <!-- parent      --> "Root",
                  <!-- child       --> "Object11",
                  <!-- position    --> 1.5503249, -15.647595e-9, 0.26252306,
                  <!-- orientation -->  -0.7071065300, -388.40153e-09,   0.7071070100,
                                       -148.10011e-09,   1.0000000000,  401.18249e-09,
                                        -0.7071070100,  178.95614e-09,  -0.7071065300
               </part>
               <part>
                  <!-- parent      --> "Root",
                  <!-- child       --> "Object13",
                  <!-- position    --> 1.5503249, -15.647595e-9, 0.26252306,
                  <!-- orientation -->  -0.7071065300, -388.40153e-09,   0.7071070100,
                                       -148.10011e-09,   1.0000000000,  401.18249e-09,
                                        -0.7071070100,  178.95614e-09,  -0.7071065300
               </part>
               <part>
                  <!-- parent      --> "Root",
                  <!-- child       --> "Object12",
                  <!-- position    --> 1.5503249, -15.647595e-9, 0.26252306,
                  <!-- orientation -->  -0.7071065300, -388.40153e-09,   0.7071070100,
                                       -148.10011e-09,   1.0000000000,  401.18249e-09,
                                        -0.7071070100,  178.95614e-09,  -0.7071065300
               </part>
               <part>
                  <!-- parent      --> "Root",
                  <!-- child       --> "Object20",
                  <!-- position    --> 1.5503249, -15.647595e-9, 0.26252306,
                  <!-- orientation -->  -0.7071065300, -388.40153e-09,   0.7071070100,
                                       -148.10011e-09,   1.0000000000,  401.18249e-09,
                                        -0.7071070100,  178.95614e-09,  -0.7071065300
               </part>
               <part>
                  <!-- parent      --> "Root",
                  <!-- child       --> "Object23",
                  <!-- position    --> 1.5503249, -15.647595e-9, 0.26252306,
                  <!-- orientation -->  -0.7071065300, -388.40153e-09,   0.7071070100,
                                       -148.10011e-09,   1.0000000000,  401.18249e-09,
                                        -0.7071070100,  178.95614e-09,  -0.7071065300
               </part>
               <part>
                  <!-- parent      --> "Root",
                  <!-- child       --> "Object14",
                  <!-- position    --> 1.5503249, -15.647595e-9, 0.26252306,
                  <!-- orientation -->  -0.7071065300, -388.40153e-09,   0.7071070100,
                                       -148.10011e-09,   1.0000000000,  401.18249e-09,
                                        -0.7071070100,  178.95614e-09,  -0.7071065300
               </part>
            </Fix>
         </Cons>
      </Cmpnd>
      <Material_library name="Material library">
         <Material_count name="Material count" type="int">2</Material_count>
         <stars.tga>
            <Type type="text">DcDtEc</Type>
            <Dt_name type="text">stars.tga</Dt_name>
            <Dt_flags type="int">0x40</Dt_flags>
            <Ec type="RGB">1, 1, 1</Ec>
         </stars.tga>
         <stars_large01.tga>
            <Type type="text">DcDtEc</Type>
            <Dt_name type="text">stars_large01.tga</Dt_name>
            <Dt_flags type="int">0x40</Dt_flags>
            <Ec type="RGB">1, 1, 1</Ec>
         </stars_large01.tga>
      </Material_library>
      <Texture_library name="Texture library">
         <stars_large01.tga>
            <MIPS type="file" filename="starsphere_br06_stars_cmp\stars_large01.dds"/>
         </stars_large01.tga>
         <stars.tga>
            <MIPS type="file" filename="starsphere_br06_stars_cmp\stars.dds"/>
         </stars.tga>
      </Texture_library>
      <starsphere020721135234.3db>
         <VMeshPart>
            <VMeshRef type="VMeshRef">
               <!-- header size  --> 60,
               <!-- vmesh lib    --> data.solar.starsphere.starsphere_br06_stars.lod0-102.vms,
               <!-- start vert   --> 9234,
               <!-- num verts    --> 939,
               <!-- start index  --> 9234,
               <!-- num indices  --> 939,
               <!-- start mesh   --> 38,
               <!-- num meshes   --> 1,
               <!-- bounding box -->   1.4313077,   0.56219393, -63.00457,
                                     -68.604523,  -48.423977,   -98.221054,
               <!-- center       --> -31.642923,  -20.691296,   -81.937698,
               <!-- radius       --> 43.104176
            </VMeshRef>
         </VMeshPart>
      </starsphere020721135234.3db>
      <Object28020721135234.3db>
         <VMeshPart>
            <VMeshRef type="VMeshRef">
               <!-- header size  --> 60,
               <!-- vmesh lib    --> data.solar.starsphere.starsphere_br06_stars.lod0-102.vms,
               <!-- start vert   --> 8694,
               <!-- num verts    --> 105,
               <!-- start index  --> 8694,
               <!-- num indices  --> 105,
               <!-- start mesh   --> 34,
               <!-- num meshes   --> 2,
               <!-- bounding box --> 83.366623, -50.04071,   -0.50014955,
                                     26.983969, -95.117661, -49.905739,
               <!-- center       --> 55.011162, -72.855743, -22.680267,
               <!-- radius       --> 38.582684
            </VMeshRef>
         </VMeshPart>
      </Object28020721135234.3db>
      <Object09020721135234.3db>
         <VMeshPart>
            <VMeshRef type="VMeshRef">
               <!-- header size  --> 60,
               <!-- vmesh lib    --> data.solar.starsphere.starsphere_br06_stars.lod0-102.vms,
               <!-- start vert   --> 4455,
               <!-- num verts    --> 684,
               <!-- start index  --> 4455,
               <!-- num indices  --> 684,
               <!-- start mesh   --> 17,
               <!-- num meshes   --> 1,
               <!-- bounding box --> 72.425385,     0.55864102, 97.915756,
                                      0.17790772, -49.283596,   61.433758,
               <!-- center       --> 35.122295,   -24.37779,    80.245651,
               <!-- radius       --> 42.395672
            </VMeshRef>
         </VMeshPart>
      </Object09020721135234.3db>
      <Object31020721135234.3db>
         <VMeshPart>
            <VMeshRef type="VMeshRef">
               <!-- header size  --> 60,
               <!-- vmesh lib    --> data.solar.starsphere.starsphere_br06_stars.lod0-102.vms,
               <!-- start vert   --> 10845,
               <!-- num verts    --> 177,
               <!-- start index  --> 10845,
               <!-- num indices  --> 177,
               <!-- start mesh   --> 43,
               <!-- num meshes   --> 2,
               <!-- bounding box -->   1.3902864, -50.687996, 82.620201,
                                     -49.339619,  -97.834915, 15.717821,
               <!-- center       --> -20.345123,  -74.833809, 48.987183,
               <!-- radius       --> 43.438122
            </VMeshRef>
         </VMeshPart>
      </Object31020721135234.3db>
      <Object02020721135234.3db>
         <VMeshPart>
            <VMeshRef type="VMeshRef">
               <!-- header size  --> 60,
               <!-- vmesh lib    --> data.solar.starsphere.starsphere_br06_stars.lod0-102.vms,
               <!-- start vert   --> 8799,
               <!-- num verts    --> 435,
               <!-- start index  --> 8799,
               <!-- num indices  --> 435,
               <!-- start mesh   --> 36,
               <!-- num meshes   --> 2,
               <!-- bounding box -->  -0.17791486,   0.75534999, -64.33284,
                                     -70.502731,   -47.15316,    -99.962517,
               <!-- center       --> -33.794827,   -19.814987,   -83.500214,
               <!-- radius       --> 41.635082
            </VMeshRef>
         </VMeshPart>
      </Object02020721135234.3db>
      <Object25020721135234.3db>
         <VMeshPart>
            <VMeshRef type="VMeshRef">
               <!-- header size  --> 60,
               <!-- vmesh lib    --> data.solar.starsphere.starsphere_br06_stars.lod0-102.vms,
               <!-- start vert   --> 6573,
               <!-- num verts    --> 339,
               <!-- start index  --> 6573,
               <!-- num indices  --> 339,
               <!-- start mesh   --> 23,
               <!-- num meshes   --> 2,
               <!-- bounding box --> -66.773529,   0.52147168,   0.37265414,
                                     -99.371811, -48.423985,   -70.822746,
               <!-- center       --> -83.454727, -21.141197,   -34.60638,
               <!-- radius       --> 42.934891
            </VMeshRef>
         </VMeshPart>
      </Object25020721135234.3db>
      <Object07020721135234.3db>
         <VMeshPart>
            <VMeshRef type="VMeshRef">
               <!-- header size  --> 60,
               <!-- vmesh lib    --> data.solar.starsphere.starsphere_br06_stars.lod0-102.vms,
               <!-- start vert   --> 7800,
               <!-- num verts    --> 894,
               <!-- start index  --> 7800,
               <!-- num indices  --> 894,
               <!-- start mesh   --> 32,
               <!-- num meshes   --> 2,
               <!-- bounding box --> 100.89854,    0.31142151,   0.03346492,
                                      66.164429, -47.153114,   -70.964432,
               <!-- center       -->  83.663033, -19.838482,   -36.045498,
               <!-- radius       --> 42.662415
            </VMeshRef>
         </VMeshPart>
      </Object07020721135234.3db>
      <Object08020721135234.3db>
         <VMeshPart>
            <VMeshRef type="VMeshRef">
               <!-- header size  --> 60,
               <!-- vmesh lib    --> data.solar.starsphere.starsphere_br06_stars.lod0-102.vms,
               <!-- start vert   --> 10473,
               <!-- num verts    --> 258,
               <!-- start index  --> 10473,
               <!-- num indices  --> 258,
               <!-- start mesh   --> 40,
               <!-- num meshes   --> 1,
               <!-- bounding box --> -67.342598,   0.27318263, 58.77404,
                                     -99.619766, -48.423935,    0.65794939,
               <!-- center       --> -84.036789, -23.450066,   28.899395,
               <!-- radius       --> 39.831093
            </VMeshRef>
         </VMeshPart>
      </Object08020721135234.3db>
      <Object01020721135234.3db>
         <VMeshPart>
            <VMeshRef type="VMeshRef">
               <!-- header size  --> 60,
               <!-- vmesh lib    --> data.solar.starsphere.starsphere_br06_stars.lod0-102.vms,
               <!-- start vert   --> 1704,
               <!-- num verts    --> 141,
               <!-- start index  --> 1704,
               <!-- num indices  --> 141,
               <!-- start mesh   --> 5,
               <!-- num meshes   --> 1,
               <!-- bounding box --> 83.36657,  -50.040737, 49.905827,
                                     26.983889, -95.657837,  0.78221053,
               <!-- center       --> 54.341846, -73.597214, 23.093332,
               <!-- radius       --> 37.937656
            </VMeshRef>
         </VMeshPart>
      </Object01020721135234.3db>
      <Object21020721135234.3db>
         <VMeshPart>
            <VMeshRef type="VMeshRef">
               <!-- header size  --> 60,
               <!-- vmesh lib    --> data.solar.starsphere.starsphere_br06_stars.lod0-102.vms,
               <!-- start vert   --> 363,
               <!-- num verts    --> 591,
               <!-- start index  --> 363,
               <!-- num indices  --> 591,
               <!-- start mesh   --> 2,
               <!-- num meshes   --> 1,
               <!-- bounding box --> 69.085823,     -0.028636269,  -64.697166,
                                      0.022470359, -48.423969,    -101.06694,
               <!-- center       --> 34.976025,    -21.455526,     -83.077866,
               <!-- radius       --> 41.255215
            </VMeshRef>
         </VMeshPart>
      </Object21020721135234.3db>
      <Object10020721135234.3db>
         <VMeshPart>
            <VMeshRef type="VMeshRef">
               <!-- header size  --> 60,
               <!-- vmesh lib    --> data.solar.starsphere.starsphere_br06_stars.lod0-102.vms,
               <!-- start vert   --> 2295,
               <!-- num verts    --> 162,
               <!-- start index  --> 2295,
               <!-- num indices  --> 162,
               <!-- start mesh   --> 9,
               <!-- num meshes   --> 2,
               <!-- bounding box -->   0.39486161, -48.909264, -15.717774,
                                     -49.339615,   -97.83493,  -87.118492,
               <!-- center       --> -19.807289,   -72.651703, -52.5345,
               <!-- radius       --> 47.028934
            </VMeshRef>
         </VMeshPart>
      </Object10020721135234.3db>
      <Object18020721135234.3db>
         <VMeshPart>
            <VMeshRef type="VMeshRef">
               <!-- header size  --> 60,
               <!-- vmesh lib    --> data.solar.starsphere.starsphere_br06_stars.lod0-102.vms,
               <!-- start vert   --> 0,
               <!-- num verts    --> 102,
               <!-- start index  --> 0,
               <!-- num indices  --> 102,
               <!-- start mesh   --> 0,
               <!-- num meshes   --> 1,
               <!-- bounding box --> -26.983927, -50.040756,  -0.78211176,
                                     -83.36657,  -95.117676, -49.905746,
               <!-- center       --> -54.413891, -73.337341, -23.28714,
               <!-- radius       --> 37.662704
            </VMeshRef>
         </VMeshPart>
      </Object18020721135234.3db>
      <Object16020721135234.3db>
         <VMeshPart>
            <VMeshRef type="VMeshRef">
               <!-- header size  --> 60,
               <!-- vmesh lib    --> data.solar.starsphere.starsphere_br06_stars.lod0-102.vms,
               <!-- start vert   --> 7155,
               <!-- num verts    --> 195,
               <!-- start index  --> 7155,
               <!-- num indices  --> 195,
               <!-- start mesh   --> 26,
               <!-- num meshes   --> 1,
               <!-- bounding box -->  -9.1115942,  -50.040695, 50.275444,
                                     -83.366608,  -101.21024,   0.30787981,
               <!-- center       --> -44.546078,   -76.829681, 21.78834,
               <!-- radius       --> 48.077274
            </VMeshRef>
         </VMeshPart>
      </Object16020721135234.3db>
      <Object24020721135234.3db>
         <VMeshPart>
            <VMeshRef type="VMeshRef">
               <!-- header size  --> 60,
               <!-- vmesh lib    --> data.solar.starsphere.starsphere_br06_stars.lod0-102.vms,
               <!-- start vert   --> 102,
               <!-- num verts    --> 261,
               <!-- start index  --> 102,
               <!-- num indices  --> 261,
               <!-- start mesh   --> 1,
               <!-- num meshes   --> 1,
               <!-- bounding box -->  -0.17787206,   0.0036140652, 95.722977,
                                     -60.083488,   -49.283554,     64.332878,
               <!-- center       --> -28.605738,   -25.887707,     80.885674,
               <!-- radius       --> 37.73333
            </VMeshRef>
         </VMeshPart>
      </Object24020721135234.3db>
      <Object15020721135234.3db>
         <VMeshPart>
            <VMeshRef type="VMeshRef">
               <!-- header size  --> 60,
               <!-- vmesh lib    --> data.solar.starsphere.starsphere_br06_stars.lod0-102.vms,
               <!-- start vert   --> 2145,
               <!-- num verts    --> 150,
               <!-- start index  --> 2145,
               <!-- num indices  --> 150,
               <!-- start mesh   --> 8,
               <!-- num meshes   --> 1,
               <!-- bounding box --> 49.3396,     -48.909256, -15.717765,
                                      0.56534415, -97.834923, -87.118484,
               <!-- center       --> 20.225304,   -72.620804, -52.557034,
               <!-- radius       --> 47.197128
            </VMeshRef>
         </VMeshPart>
      </Object15020721135234.3db>
      <Object17020721135234.3db>
         <VMeshPart>
            <VMeshRef type="VMeshRef">
               <!-- header size  --> 60,
               <!-- vmesh lib    --> data.solar.starsphere.starsphere_br06_stars.lod0-102.vms,
               <!-- start vert   --> 1992,
               <!-- num verts    --> 153,
               <!-- start index  --> 1992,
               <!-- num indices  --> 153,
               <!-- start mesh   --> 7,
               <!-- num meshes   --> 1,
               <!-- bounding box --> 55.145355,    -50.688011, 82.291672,
                                      0.56536895, -101.45245,   1.2089134,
               <!-- center       --> 23.888178,    -76.580994, 41.593979,
               <!-- radius       --> 50.914165
            </VMeshRef>
         </VMeshPart>
      </Object17020721135234.3db>
      <Object19020721135234.3db>
         <VMeshPart>
            <VMeshRef type="VMeshRef">
               <!-- header size  --> 60,
               <!-- vmesh lib    --> data.solar.starsphere.starsphere_br06_stars.lod0-102.vms,
               <!-- start vert   --> 6336,
               <!-- num verts    --> 117,
               <!-- start index  --> 6336,
               <!-- num indices  --> 117,
               <!-- start mesh   --> 21,
               <!-- num meshes   --> 1,
               <!-- bounding box --> 73.407074, 95.117676, 52.217972,
                                     25.756908, 50.040756,  2.1195552,
               <!-- center       --> 52.176201, 72.325562, 24.28163,
               <!-- radius       --> 36.858311
            </VMeshRef>
         </VMeshPart>
      </Object19020721135234.3db>
      <Object29020721135234.3db>
         <VMeshPart>
            <VMeshRef type="VMeshRef">
               <!-- header size  --> 60,
               <!-- vmesh lib    --> data.solar.starsphere.starsphere_br06_stars.lod0-102.vms,
               <!-- start vert   --> 3441,
               <!-- num verts    --> 597,
               <!-- start index  --> 3441,
               <!-- num indices  --> 597,
               <!-- start mesh   --> 12,
               <!-- num meshes   --> 2,
               <!-- bounding box --> 70.051971, 48.423943,   97.455727,
                                     11.857679, -0.25399154, 63.409088,
               <!-- center       --> 39.601265, 20.32473,    81.549835,
               <!-- radius       --> 38.371315
            </VMeshRef>
         </VMeshPart>
      </Object29020721135234.3db>
      <Object04020721135234.3db>
         <VMeshPart>
            <VMeshRef type="VMeshRef">
               <!-- header size  --> 60,
               <!-- vmesh lib    --> data.solar.starsphere.starsphere_br06_stars.lod0-102.vms,
               <!-- start vert   --> 954,
               <!-- num verts    --> 750,
