<?xml version="1.0" encoding="ISO-8859-1"?>
<!-- XML generated by UTFXML Version 2.2 built 19-Aug-2010 -->
<UTFXML filename="starsphere_bw09_stars.cmp" path="SOLAR\STARSPHERE">
   <UTF_ROOT>
      <VMeshLibrary>
         <data.solar.starsphere.starsphere_bw09_stars.lod0-102.vms include="starsphere_bw09_stars_cmp\lod0-102.vms.xml"/>
      </VMeshLibrary>
      <Exporter_Version name="Exporter Version" type="text">Jun 10 2002 16:27:11</Exporter_Version>
      <Cmpnd>
         <Root>
            <Object_name name="Object name" type="text">Root</Object_name>
            <File_name name="File name" type="text">starsphere020721135022.3db</File_name>
            <Index type="int">0</Index>
         </Root>
         <Part_Object01>
            <Object_name name="Object name" type="text">Object01</Object_name>
            <File_name name="File name" type="text">Object01020721135022.3db</File_name>
            <Index type="int">1</Index>
         </Part_Object01>
         <Part_Object02>
            <Object_name name="Object name" type="text">Object02</Object_name>
            <File_name name="File name" type="text">Object02020721135022.3db</File_name>
            <Index type="int">2</Index>
         </Part_Object02>
         <Part_Object03>
            <Object_name name="Object name" type="text">Object03</Object_name>
            <File_name name="File name" type="text">Object03020721135022.3db</File_name>
            <Index type="int">3</Index>
         </Part_Object03>
         <Part_Object04>
            <Object_name name="Object name" type="text">Object04</Object_name>
            <File_name name="File name" type="text">Object04020721135022.3db</File_name>
            <Index type="int">4</Index>
         </Part_Object04>
         <Part_Object05>
            <Object_name name="Object name" type="text">Object05</Object_name>
            <File_name name="File name" type="text">Object05020721135022.3db</File_name>
            <Index type="int">5</Index>
         </Part_Object05>
         <Part_Object06>
            <Object_name name="Object name" type="text">Object06</Object_name>
            <File_name name="File name" type="text">Object06020721135022.3db</File_name>
            <Index type="int">6</Index>
         </Part_Object06>
         <Part_Object07>
            <Object_name name="Object name" type="text">Object07</Object_name>
            <File_name name="File name" type="text">Object07020721135022.3db</File_name>
            <Index type="int">7</Index>
         </Part_Object07>
         <Part_Object09>
            <Object_name name="Object name" type="text">Object09</Object_name>
            <File_name name="File name" type="text">Object09020721135022.3db</File_name>
            <Index type="int">8</Index>
         </Part_Object09>
         <Part_Object10>
            <Object_name name="Object name" type="text">Object10</Object_name>
            <File_name name="File name" type="text">Object10020721135022.3db</File_name>
            <Index type="int">9</Index>
         </Part_Object10>
         <Part_Object11>
            <Object_name name="Object name" type="text">Object11</Object_name>
            <File_name name="File name" type="text">Object11020721135022.3db</File_name>
            <Index type="int">10</Index>
         </Part_Object11>
         <Part_Object12>
            <Object_name name="Object name" type="text">Object12</Object_name>
            <File_name name="File name" type="text">Object12020721135022.3db</File_name>
            <Index type="int">11</Index>
         </Part_Object12>
         <Part_Object13>
            <Object_name name="Object name" type="text">Object13</Object_name>
            <File_name name="File name" type="text">Object13020721135022.3db</File_name>
            <Index type="int">12</Index>
         </Part_Object13>
         <Part_Object14>
            <Object_name name="Object name" type="text">Object14</Object_name>
            <File_name name="File name" type="text">Object14020721135022.3db</File_name>
            <Index type="int">13</Index>
         </Part_Object14>
         <Part_Object15>
            <Object_name name="Object name" type="text">Object15</Object_name>
            <File_name name="File name" type="text">Object15020721135022.3db</File_name>
            <Index type="int">14</Index>
         </Part_Object15>
         <Part_Object16>
            <Object_name name="Object name" type="text">Object16</Object_name>
            <File_name name="File name" type="text">Object16020721135022.3db</File_name>
            <Index type="int">15</Index>
         </Part_Object16>
         <Part_Object17>
            <Object_name name="Object name" type="text">Object17</Object_name>
            <File_name name="File name" type="text">Object17020721135022.3db</File_name>
            <Index type="int">16</Index>
         </Part_Object17>
         <Part_Object18>
            <Object_name name="Object name" type="text">Object18</Object_name>
            <File_name name="File name" type="text">Object18020721135022.3db</File_name>
            <Index type="int">17</Index>
         </Part_Object18>
         <Part_Object19>
            <Object_name name="Object name" type="text">Object19</Object_name>
            <File_name name="File name" type="text">Object19020721135022.3db</File_name>
            <Index type="int">18</Index>
         </Part_Object19>
         <Part_Object20>
            <Object_name name="Object name" type="text">Object20</Object_name>
            <File_name name="File name" type="text">Object20020721135022.3db</File_name>
            <Index type="int">19</Index>
         </Part_Object20>
         <Part_Object21>
            <Object_name name="Object name" type="text">Object21</Object_name>
            <File_name name="File name" type="text">Object21020721135022.3db</File_name>
            <Index type="int">20</Index>
         </Part_Object21>
         <Part_Object22>
            <Object_name name="Object name" type="text">Object22</Object_name>
            <File_name name="File name" type="text">Object22020721135022.3db</File_name>
            <Index type="int">21</Index>
         </Part_Object22>
         <Part_Object23>
            <Object_name name="Object name" type="text">Object23</Object_name>
            <File_name name="File name" type="text">Object23020721135022.3db</File_name>
            <Index type="int">22</Index>
         </Part_Object23>
         <Part_Object24>
            <Object_name name="Object name" type="text">Object24</Object_name>
            <File_name name="File name" type="text">Object24020721135022.3db</File_name>
            <Index type="int">23</Index>
         </Part_Object24>
         <Part_Object25>
            <Object_name name="Object name" type="text">Object25</Object_name>
            <File_name name="File name" type="text">Object25020721135022.3db</File_name>
            <Index type="int">24</Index>
         </Part_Object25>
         <Part_Object28>
            <Object_name name="Object name" type="text">Object28</Object_name>
            <File_name name="File name" type="text">Object28020721135022.3db</File_name>
            <Index type="int">25</Index>
         </Part_Object28>
         <Part_Object29>
            <Object_name name="Object name" type="text">Object29</Object_name>
            <File_name name="File name" type="text">Object29020721135022.3db</File_name>
            <Index type="int">26</Index>
         </Part_Object29>
         <Part_Object31>
            <Object_name name="Object name" type="text">Object31</Object_name>
            <File_name name="File name" type="text">Object31020721135022.3db</File_name>
            <Index type="int">27</Index>
         </Part_Object31>
         <Cons>
            <Fix type="Fix" count="27">
               <part>
                  <!-- parent      --> "Root",
                  <!-- child       --> "Object01",
                  <!-- position    --> 1.2783307, 108.28323e-9, -0.89014632,
                  <!-- orientation -->  -0.7071068900, -464.80861e-09,   0.7071067100,
                                       -69.434080e-09,   1.0000000000,  587.90459e-09,
                                        -0.7071067100,  366.61407e-09,  -0.7071068900
               </part>
               <part>
                  <!-- parent      --> "Root",
                  <!-- child       --> "Object02",
                  <!-- position    --> 1.2783307, 108.28323e-9, -0.89014632,
                  <!-- orientation -->  -0.7071068900, -464.80861e-09,   0.7071067100,
                                       -69.434080e-09,   1.0000000000,  587.90459e-09,
                                        -0.7071067100,  366.61407e-09,  -0.7071068900
               </part>
               <part>
                  <!-- parent      --> "Root",
                  <!-- child       --> "Object03",
                  <!-- position    --> 1.2783307, 108.28323e-9, -0.89014632,
                  <!-- orientation -->  -0.7071068900, -464.80861e-09,   0.7071067100,
                                       -69.434080e-09,   1.0000000000,  587.90459e-09,
                                        -0.7071067100,  366.61407e-09,  -0.7071068900
               </part>
               <part>
                  <!-- parent      --> "Root",
                  <!-- child       --> "Object04",
                  <!-- position    --> 1.2783307, 108.28323e-9, -0.89014632,
                  <!-- orientation -->  -0.7071068900, -464.80861e-09,   0.7071067100,
                                       -69.434080e-09,   1.0000000000,  587.90459e-09,
                                        -0.7071067100,  366.61407e-09,  -0.7071068900
               </part>
               <part>
                  <!-- parent      --> "Root",
                  <!-- child       --> "Object05",
                  <!-- position    --> 1.2783307, 108.28323e-9, -0.89014632,
                  <!-- orientation -->  -0.7071068900, -464.80861e-09,   0.7071067100,
                                       -69.434080e-09,   1.0000000000,  587.90459e-09,
                                        -0.7071067100,  366.61407e-09,  -0.7071068900
               </part>
               <part>
                  <!-- parent      --> "Root",
                  <!-- child       --> "Object06",
                  <!-- position    --> 1.2783307, 108.28323e-9, -0.89014632,
                  <!-- orientation -->  -0.7071068900, -464.80861e-09,   0.7071067100,
                                       -69.434080e-09,   1.0000000000,  587.90459e-09,
                                        -0.7071067100,  366.61407e-09,  -0.7071068900
               </part>
               <part>
                  <!-- parent      --> "Root",
                  <!-- child       --> "Object07",
                  <!-- position    --> 1.2783307, 108.28323e-9, -0.89014632,
                  <!-- orientation -->  -0.7071068900, -464.80861e-09,   0.7071067100,
                                       -69.434080e-09,   1.0000000000,  587.90459e-09,
                                        -0.7071067100,  366.61407e-09,  -0.7071068900
               </part>
               <part>
                  <!-- parent      --> "Root",
                  <!-- child       --> "Object09",
                  <!-- position    --> 1.2783307, 108.28323e-9, -0.89014632,
                  <!-- orientation -->  -0.7071068900, -464.80861e-09,   0.7071067100,
                                       -69.434080e-09,   1.0000000000,  587.90459e-09,
                                        -0.7071067100,  366.61407e-09,  -0.7071068900
               </part>
               <part>
                  <!-- parent      --> "Root",
                  <!-- child       --> "Object10",
                  <!-- position    --> 1.2783307, 108.28323e-9, -0.89014632,
                  <!-- orientation -->  -0.7071068900, -464.80861e-09,   0.7071067100,
                                       -69.434080e-09,   1.0000000000,  587.90459e-09,
                                        -0.7071067100,  366.61407e-09,  -0.7071068900
               </part>
               <part>
                  <!-- parent      --> "Root",
                  <!-- child       --> "Object11",
                  <!-- position    --> 1.2783307, 108.28323e-9, -0.89014632,
                  <!-- orientation -->  -0.7071068900, -464.80861e-09,   0.7071067100,
                                       -69.434080e-09,   1.0000000000,  587.90459e-09,
                                        -0.7071067100,  366.61407e-09,  -0.7071068900
               </part>
               <part>
                  <!-- parent      --> "Root",
                  <!-- child       --> "Object12",
                  <!-- position    --> 1.2783307, 108.28323e-9, -0.89014632,
                  <!-- orientation -->  -0.7071068900, -464.80861e-09,   0.7071067100,
                                       -69.434080e-09,   1.0000000000,  587.90459e-09,
                                        -0.7071067100,  366.61407e-09,  -0.7071068900
               </part>
               <part>
                  <!-- parent      --> "Root",
                  <!-- child       --> "Object13",
                  <!-- position    --> 1.2783307, 108.28323e-9, -0.89014632,
                  <!-- orientation -->  -0.7071068900, -464.80861e-09,   0.7071067100,
                                       -69.434080e-09,   1.0000000000,  587.90459e-09,
                                        -0.7071067100,  366.61407e-09,  -0.7071068900
               </part>
               <part>
                  <!-- parent      --> "Root",
                  <!-- child       --> "Object14",
                  <!-- position    --> 1.2783307, 108.28323e-9, -0.89014632,
                  <!-- orientation -->  -0.7071068900, -464.80861e-09,   0.7071067100,
                                       -69.434080e-09,   1.0000000000,  587.90459e-09,
                                        -0.7071067100,  366.61407e-09,  -0.7071068900
               </part>
               <part>
                  <!-- parent      --> "Root",
                  <!-- child       --> "Object15",
                  <!-- position    --> 1.2783307, 108.28323e-9, -0.89014632,
                  <!-- orientation -->  -0.7071068900, -464.80861e-09,   0.7071067100,
                                       -69.434080e-09,   1.0000000000,  587.90459e-09,
                                        -0.7071067100,  366.61407e-09,  -0.7071068900
               </part>
               <part>
                  <!-- parent      --> "Root",
                  <!-- child       --> "Object16",
                  <!-- position    --> 1.2783307, 108.28323e-9, -0.89014632,
                  <!-- orientation -->  -0.7071068900, -464.80861e-09,   0.7071067100,
                                       -69.434080e-09,   1.0000000000,  587.90459e-09,
                                        -0.7071067100,  366.61407e-09,  -0.7071068900
               </part>
               <part>
                  <!-- parent      --> "Root",
                  <!-- child       --> "Object17",
                  <!-- position    --> 1.2783307, 108.28323e-9, -0.89014632,
                  <!-- orientation -->  -0.7071068900, -464.80861e-09,   0.7071067100,
                                       -69.434080e-09,   1.0000000000,  587.90459e-09,
                                        -0.7071067100,  366.61407e-09,  -0.7071068900
               </part>
               <part>
                  <!-- parent      --> "Root",
                  <!-- child       --> "Object18",
                  <!-- position    --> 1.2783307, 108.28323e-9, -0.89014632,
                  <!-- orientation -->  -0.7071068900, -464.80861e-09,   0.7071067100,
                                       -69.434080e-09,   1.0000000000,  587.90459e-09,
                                        -0.7071067100,  366.61407e-09,  -0.7071068900
               </part>
               <part>
                  <!-- parent      --> "Root",
                  <!-- child       --> "Object19",
                  <!-- position    --> 1.2783307, 108.28323e-9, -0.89014632,
                  <!-- orientation -->  -0.7071068900, -464.80861e-09,   0.7071067100,
                                       -69.434080e-09,   1.0000000000,  587.90459e-09,
                                        -0.7071067100,  366.61407e-09,  -0.7071068900
               </part>
               <part>
                  <!-- parent      --> "Root",
                  <!-- child       --> "Object20",
                  <!-- position    --> 1.2783307, 108.28323e-9, -0.89014632,
                  <!-- orientation -->  -0.7071068900, -464.80861e-09,   0.7071067100,
                                       -69.434080e-09,   1.0000000000,  587.90459e-09,
                                        -0.7071067100,  366.61407e-09,  -0.7071068900
               </part>
               <part>
                  <!-- parent      --> "Root",
                  <!-- child       --> "Object21",
                  <!-- position    --> 1.2783307, 108.28323e-9, -0.89014632,
                  <!-- orientation -->  -0.7071068900, -464.80861e-09,   0.7071067100,
                                       -69.434080e-09,   1.0000000000,  587.90459e-09,
                                        -0.7071067100,  366.61407e-09,  -0.7071068900
               </part>
               <part>
                  <!-- parent      --> "Root",
                  <!-- child       --> "Object22",
                  <!-- position    --> 1.2783307, 108.28323e-9, -0.89014632,
                  <!-- orientation -->  -0.7071068900, -464.80861e-09,   0.7071067100,
                                       -69.434080e-09,   1.0000000000,  587.90459e-09,
                                        -0.7071067100,  366.61407e-09,  -0.7071068900
               </part>
               <part>
                  <!-- parent      --> "Root",
                  <!-- child       --> "Object23",
                  <!-- position    --> 1.2783307, 108.28323e-9, -0.89014632,
                  <!-- orientation -->  -0.7071068900, -464.80861e-09,   0.7071067100,
                                       -69.434080e-09,   1.0000000000,  587.90459e-09,
                                        -0.7071067100,  366.61407e-09,  -0.7071068900
               </part>
               <part>
                  <!-- parent      --> "Root",
                  <!-- child       --> "Object24",
                  <!-- position    --> 1.2783307, 108.28323e-9, -0.89014632,
                  <!-- orientation -->  -0.7071068900, -464.80861e-09,   0.7071067100,
                                       -69.434080e-09,   1.0000000000,  587.90459e-09,
                                        -0.7071067100,  366.61407e-09,  -0.7071068900
               </part>
               <part>
                  <!-- parent      --> "Root",
                  <!-- child       --> "Object25",
                  <!-- position    --> 1.2783307, 108.28323e-9, -0.89014632,
                  <!-- orientation -->  -0.7071068900, -464.80861e-09,   0.7071067100,
                                       -69.434080e-09,   1.0000000000,  587.90459e-09,
                                        -0.7071067100,  366.61407e-09,  -0.7071068900
               </part>
               <part>
                  <!-- parent      --> "Root",
                  <!-- child       --> "Object28",
                  <!-- position    --> 1.2783307, 108.28323e-9, -0.89014632,
                  <!-- orientation -->  -0.7071068900, -464.80861e-09,   0.7071067100,
                                       -69.434080e-09,   1.0000000000,  587.90459e-09,
                                        -0.7071067100,  366.61407e-09,  -0.7071068900
               </part>
               <part>
                  <!-- parent      --> "Root",
                  <!-- child       --> "Object29",
                  <!-- position    --> 1.2783307, 108.28323e-9, -0.89014632,
                  <!-- orientation -->  -0.7071068900, -464.80861e-09,   0.7071067100,
                                       -69.434080e-09,   1.0000000000,  587.90459e-09,
                                        -0.7071067100,  366.61407e-09,  -0.7071068900
               </part>
               <part>
                  <!-- parent      --> "Root",
                  <!-- child       --> "Object31",
                  <!-- position    --> 1.2783307, 108.28323e-9, -0.89014632,
                  <!-- orientation -->  -0.7071068900, -464.80861e-09,   0.7071067100,
                                       -69.434080e-09,   1.0000000000,  587.90459e-09,
                                        -0.7071067100,  366.61407e-09,  -0.7071068900
               </part>
            </Fix>
         </Cons>
      </Cmpnd>
      <Material_library name="Material library">
         <Material_count name="Material count" type="int">2</Material_count>
         <stars.tga>
            <Type type="text">DcDtEc</Type>
            <Dt_name type="text">stars.tga</Dt_name>
            <Dt_flags type="int">0x40</Dt_flags>
            <Ec type="RGB">1, 1, 1</Ec>
         </stars.tga>
         <stars_large01.tga>
            <Type type="text">DcDtEc</Type>
            <Dt_name type="text">stars_large01.tga</Dt_name>
            <Dt_flags type="int">0x40</Dt_flags>
            <Ec type="RGB">1, 1, 1</Ec>
         </stars_large01.tga>
      </Material_library>
      <Texture_library name="Texture library">
         <stars_large01.tga>
            <MIPS type="file" filename="starsphere_bw09_stars_cmp\stars_large01.dds"/>
         </stars_large01.tga>
         <stars.tga>
            <MIPS type="file" filename="starsphere_bw09_stars_cmp\stars.dds"/>
         </stars.tga>
      </Texture_library>
      <starsphere020721135022.3db>
         <VMeshPart>
            <VMeshRef type="VMeshRef">
               <!-- header size  --> 60,
               <!-- vmesh lib    --> data.solar.starsphere.starsphere_bw09_stars.lod0-102.vms,
               <!-- start vert   --> 1272,
               <!-- num verts    --> 162,
               <!-- start index  --> 1272,
               <!-- num indices  --> 162,
               <!-- start mesh   --> 15,
               <!-- num meshes   --> 1,
               <!-- bounding box -->   1.0722448, -12.025274, -64.157211,
                                     -58.532139,  -48.423965, -97.277275,
               <!-- center       --> -29.115793,  -30.321829, -80.689079,
               <!-- radius       --> 35.730614
            </VMeshRef>
         </VMeshPart>
      </starsphere020721135022.3db>
      <Object01020721135022.3db>
         <VMeshPart>
            <VMeshRef type="VMeshRef">
               <!-- header size  --> 60,
               <!-- vmesh lib    --> data.solar.starsphere.starsphere_bw09_stars.lod0-102.vms,
               <!-- start vert   --> 1629,
               <!-- num verts    --> 141,
               <!-- start index  --> 1629,
               <!-- num indices  --> 141,
               <!-- start mesh   --> 22,
               <!-- num meshes   --> 1,
               <!-- bounding box --> 83.366554, -50.040745, 49.90583,
                                     26.983887, -95.657829,  0.78221655,
               <!-- center       --> 54.341831, -73.597206, 23.093328,
               <!-- radius       --> 37.937653
            </VMeshRef>
         </VMeshPart>
      </Object01020721135022.3db>
      <Object02020721135022.3db>
         <VMeshPart>
            <VMeshRef type="VMeshRef">
               <!-- header size  --> 60,
               <!-- vmesh lib    --> data.solar.starsphere.starsphere_bw09_stars.lod0-102.vms,
               <!-- start vert   --> 1434,
               <!-- num verts    --> 30,
               <!-- start index  --> 1434,
               <!-- num indices  --> 30,
               <!-- start mesh   --> 16,
               <!-- num meshes   --> 2,
               <!-- bounding box -->  -9.7983913, -31.274969, -64.332832,
                                     -64.835579,  -47.153156, -93.343178,
               <!-- center       --> -36.739494,  -38.705776, -79.262169,
               <!-- radius       --> 30.855824
            </VMeshRef>
         </VMeshPart>
      </Object02020721135022.3db>
      <Object03020721135022.3db>
         <VMeshPart>
            <VMeshRef type="VMeshRef">
               <!-- header size  --> 60,
               <!-- vmesh lib    --> data.solar.starsphere.starsphere_bw09_stars.lod0-102.vms,
               <!-- start vert   --> 3081,
               <!-- num verts    --> 72,
               <!-- start index  --> 3081,
               <!-- num indices  --> 72,
               <!-- start mesh   --> 39,
               <!-- num meshes   --> 1,
               <!-- bounding box --> 92.663139, 47.153145,  -3.0870874,
                                     67.34568,  13.767254, -67.094086,
               <!-- center       --> 79.825455, 30.953508, -34.945705,
               <!-- radius       --> 34.587296
            </VMeshRef>
         </VMeshPart>
      </Object03020721135022.3db>
      <Object04020721135022.3db>
         <VMeshPart>
            <VMeshRef type="VMeshRef">
               <!-- header size  --> 60,
               <!-- vmesh lib    --> data.solar.starsphere.starsphere_bw09_stars.lod0-102.vms,
               <!-- start vert   --> 1770,
               <!-- num verts    --> 69,
               <!-- start index  --> 1770,
               <!-- num indices  --> 69,
               <!-- start mesh   --> 23,
               <!-- num meshes   --> 2,
               <!-- bounding box --> 67.09407,   47.153076, -67.345688,
                                      2.6677711, 28.605742, -94.533157,
               <!-- center       --> 35.22308,   37.586353, -80.790405,
               <!-- radius       --> 35.238506
            </VMeshRef>
         </VMeshPart>
      </Object04020721135022.3db>
      <Object05020721135022.3db>
         <VMeshPart>
            <VMeshRef type="VMeshRef">
               <!-- header size  --> 60,
               <!-- vmesh lib    --> data.solar.starsphere.starsphere_bw09_stars.lod0-102.vms,
               <!-- start vert   --> 0,
               <!-- num verts    --> 66,
               <!-- start index  --> 0,
               <!-- num indices  --> 66,
               <!-- start mesh   --> 0,
               <!-- num meshes   --> 1,
               <!-- bounding box -->  -1.5036082, 47.153111, 96.390388,
                                     -59.143852,  16.253651, 66.424377,
               <!-- center       --> -29.915171,  31.968958, 81.627022,
               <!-- radius       --> 35.351189
            </VMeshRef>
         </VMeshPart>
      </Object05020721135022.3db>
      <Object06020721135022.3db>
         <VMeshPart>
            <VMeshRef type="VMeshRef">
               <!-- header size  --> 60,
               <!-- vmesh lib    --> data.solar.starsphere.starsphere_bw09_stars.lod0-102.vms,
               <!-- start vert   --> 2892,
               <!-- num verts    --> 66,
               <!-- start index  --> 2892,
               <!-- num indices  --> 66,
               <!-- start mesh   --> 35,
               <!-- num meshes   --> 2,
               <!-- bounding box --> -63.375874, 50.057514, 58.321838,
                                     -96.390457, 26.243437,  1.5036401,
               <!-- center       --> -79.712921, 38.610012, 30.245424,
               <!-- radius       --> 34.293255
            </VMeshRef>
         </VMeshPart>
      </Object06020721135022.3db>
      <Object07020721135022.3db>
         <VMeshPart>
            <VMeshRef type="VMeshRef">
               <!-- header size  --> 60,
               <!-- vmesh lib    --> data.solar.starsphere.starsphere_bw09_stars.lod0-102.vms,
               <!-- start vert   --> 1569,
               <!-- num verts    --> 60,
               <!-- start index  --> 1569,
               <!-- num indices  --> 60,
               <!-- start mesh   --> 20,
               <!-- num meshes   --> 2,
               <!-- bounding box --> 91.750305, -30.956179,  -8.683754,
                                     66.164429, -47.153114, -68.259254,
               <!-- center       --> 78.386688, -38.707867, -39.605854,
               <!-- radius       --> 32.111046
            </VMeshRef>
         </VMeshPart>
      </Object07020721135022.3db>
      <Object09020721135022.3db>
         <VMeshPart>
            <VMeshRef type="VMeshRef">
               <!-- header size  --> 60,
               <!-- vmesh lib    --> data.solar.starsphere.starsphere_bw09_stars.lod0-102.vms,
               <!-- start vert   --> 2298,
               <!-- num verts    --> 171,
               <!-- start index  --> 2298,
               <!-- num indices  --> 171,
               <!-- start mesh   --> 30,
               <!-- num meshes   --> 1,
               <!-- bounding box --> 67.095085, -15.24924,  97.800217,
                                      1.434755, -49.2836,   61.433758,
               <!-- center       --> 34.289761, -32.578964, 79.438248,
               <!-- radius       --> 37.652878
            </VMeshRef>
         </VMeshPart>
      </Object09020721135022.3db>
      <Object10020721135022.3db>
         <VMeshPart>
            <VMeshRef type="VMeshRef">
               <!-- header size  --> 60,
               <!-- vmesh lib    --> data.solar.starsphere.starsphere_bw09_stars.lod0-102.vms,
               <!-- start vert   --> 2580,
               <!-- num verts    --> 162,
               <!-- start index  --> 2580,
               <!-- num indices  --> 162,
               <!-- start mesh   --> 32,
               <!-- num meshes   --> 2,
               <!-- bounding box -->   0.39486018, -48.909264, -15.717775,
                                     -49.339611,   -97.83493,  -87.118492,
               <!-- center       --> -19.807289,   -72.651703, -52.5345,
               <!-- radius       --> 47.028934
            </VMeshRef>
         </VMeshPart>
      </Object10020721135022.3db>
      <Object11020721135022.3db>
         <VMeshPart>
            <VMeshRef type="VMeshRef">
               <!-- header size  --> 60,
               <!-- vmesh lib    --> data.solar.starsphere.starsphere_bw09_stars.lod0-102.vms,
               <!-- start vert   --> 1122,
               <!-- num verts    --> 150,
               <!-- start index  --> 1122,
               <!-- num indices  --> 150,
               <!-- start mesh   --> 13,
               <!-- num meshes   --> 2,
               <!-- bounding box --> 81.548683, 97.83493,   -7.1221108,
                                     14.556874, 48.909241, -60.515144,
               <!-- center       --> 47.406708, 73.528427, -30.84144,
               <!-- radius       --> 46.970837
            </VMeshRef>
         </VMeshPart>
      </Object11020721135022.3db>
      <Object12020721135022.3db>
         <VMeshPart>
            <VMeshRef type="VMeshRef">
               <!-- header size  --> 60,
               <!-- vmesh lib    --> data.solar.starsphere.starsphere_bw09_stars.lod0-102.vms,
               <!-- start vert   --> 1992,
               <!-- num verts    --> 147,
               <!-- start index  --> 1992,
               <!-- num indices  --> 147,
               <!-- start mesh   --> 26,
               <!-- num meshes   --> 1,
               <!-- bounding box --> 60.515133,  97.8349,   -14.556951,
                                      7.1220508, 48.90921,  -81.548698,
               <!-- center       --> 30.762012,  73.528175, -47.432068,
               <!-- radius       --> 46.94949
            </VMeshRef>
         </VMeshPart>
      </Object12020721135022.3db>
      <Object13020721135022.3db>
         <VMeshPart>
            <VMeshRef type="VMeshRef">
               <!-- header size  --> 60,
               <!-- vmesh lib    --> data.solar.starsphere.starsphere_bw09_stars.lod0-102.vms,
               <!-- start vert   --> 66,
               <!-- num verts    --> 153,
               <!-- start index  --> 66,
               <!-- num indices  --> 153,
               <!-- start mesh   --> 1,
               <!-- num meshes   --> 2,
               <!-- bounding box -->   0.96996564, 97.834908, 81.548706,
                                     -60.515163,   48.909237,  8.7321825,
               <!-- center       --> -27.362701,   74.340317, 43.186588,
               <!-- radius       --> 49.362728
            </VMeshRef>
         </VMeshPart>
      </Object13020721135022.3db>
      <Object14020721135022.3db>
         <VMeshPart>
            <VMeshRef type="VMeshRef">
               <!-- header size  --> 60,
               <!-- vmesh lib    --> data.solar.starsphere.starsphere_bw09_stars.lod0-102.vms,
               <!-- start vert   --> 975,
               <!-- num verts    --> 147,
               <!-- start index  --> 975,
               <!-- num indices  --> 147,
               <!-- start mesh   --> 12,
               <!-- num meshes   --> 1,
               <!-- bounding box --> -14.556907, 97.834999, 60.515156,
                                     -81.548767, 48.90929,   7.1220837,
               <!-- center       --> -47.406757, 73.528496, 30.841434,
               <!-- radius       --> 46.970867
            </VMeshRef>
         </VMeshPart>
      </Object14020721135022.3db>
      <Object15020721135022.3db>
         <VMeshPart>
            <VMeshRef type="VMeshRef">
               <!-- header size  --> 60,
               <!-- vmesh lib    --> data.solar.starsphere.starsphere_bw09_stars.lod0-102.vms,
               <!-- start vert   --> 2742,
               <!-- num verts    --> 150,
               <!-- start index  --> 2742,
               <!-- num indices  --> 150,
               <!-- start mesh   --> 34,
               <!-- num meshes   --> 1,
               <!-- bounding box --> 49.339596,  -48.909256, -15.717773,
                                      0.5653398, -97.834923, -87.118492,
               <!-- center       --> 20.2253,    -72.620796, -52.557034,
               <!-- radius       --> 47.197124
            </VMeshRef>
         </VMeshPart>
      </Object15020721135022.3db>
      <Object16020721135022.3db>
         <VMeshPart>
            <VMeshRef type="VMeshRef">
               <!-- header size  --> 60,
               <!-- vmesh lib    --> data.solar.starsphere.starsphere_bw09_stars.lod0-102.vms,
               <!-- start vert   --> 219,
               <!-- num verts    --> 180,
               <!-- start index  --> 219,
               <!-- num indices  --> 180,
               <!-- start mesh   --> 3,
               <!-- num meshes   --> 1,
               <!-- bounding box -->  -9.1115885,  -58.306965, 49.905773,
                                     -78.17543,   -101.21024,   0.30787885,
               <!-- center       --> -43.446144,   -80.07357,  20.499331,
               <!-- radius       --> 45.092297
            </VMeshRef>
         </VMeshPart>
      </Object16020721135022.3db>
      <Object17020721135022.3db>
         <VMeshPart>
            <VMeshRef type="VMeshRef">
               <!-- header size  --> 60,
               <!-- vmesh lib    --> data.solar.starsphere.starsphere_bw09_stars.lod0-102.vms,
               <!-- start vert   --> 1839,
               <!-- num verts    --> 153,
               <!-- start index  --> 1839,
               <!-- num indices  --> 153,
               <!-- start mesh   --> 25,
               <!-- num meshes   --> 1,
               <!-- bounding box --> 55.145348,    -50.688019, 82.291664,
                                      0.56537139, -101.45245,   1.2089067,
               <!-- center       --> 23.888174,    -76.580986, 41.593975,
               <!-- radius       --> 50.914165
            </VMeshRef>
         </VMeshPart>
      </Object17020721135022.3db>
      <Object18020721135022.3db>
         <VMeshPart>
            <VMeshRef type="VMeshRef">
               <!-- header size  --> 60,
               <!-- vmesh lib    --> data.solar.starsphere.starsphere_bw09_stars.lod0-102.vms,
               <!-- start vert   --> 2139,
               <!-- num verts    --> 102,
               <!-- start index  --> 2139,
               <!-- num indices  --> 102,
               <!-- start mesh   --> 27,
               <!-- num meshes   --> 1,
               <!-- bounding box --> -26.983927, -50.040741,  -0.78211093,
                                     -83.366562, -95.117661, -49.905746,
               <!-- center       --> -54.413887, -73.337349, -23.28714,
               <!-- radius       --> 37.662693
            </VMeshRef>
         </VMeshPart>
      </Object18020721135022.3db>
      <Object19020721135022.3db>
         <VMeshPart>
            <VMeshRef type="VMeshRef">
               <!-- header size  --> 60,
               <!-- vmesh lib    --> data.solar.starsphere.starsphere_bw09_stars.lod0-102.vms,
               <!-- start vert   --> 399,
               <!-- num verts    --> 117,
               <!-- start index  --> 399,
               <!-- num indices  --> 117,
               <!-- start mesh   --> 4,
               <!-- num meshes   --> 1,
               <!-- bounding box --> 73.407066, 95.117676, 52.217968,
                                     25.756907, 50.040749,  2.1195531,
               <!-- center       --> 52.176182, 72.325531, 24.281622,
               <!-- radius       --> 36.858311
            </VMeshRef>
         </VMeshPart>
      </Object19020721135022.3db>
      <Object20020721135022.3db>
         <VMeshPart>
            <VMeshRef type="VMeshRef">
               <!-- header size  --> 60,
               <!-- vmesh lib    --> data.solar.starsphere.starsphere_bw09_stars.lod0-102.vms,
               <!-- start vert   --> 600,
               <!-- num verts    --> 120,
               <!-- start index  --> 600,
               <!-- num indices  --> 120,
               <!-- start mesh   --> 7,
               <!-- num meshes   --> 1,
               <!-- bounding box -->   1.0975769, 101.89235,  -11.402917,
                                     -52.218086,   50.040672, -73.407036,
               <!-- center       --> -22.908628,   75.901405, -44.884056,
               <!-- radius       --> 44.078899
            </VMeshRef>
         </VMeshPart>
      </Object20020721135022.3db>
      <Object21020721135022.3db>
         <VMeshPart>
            <VMeshRef type="VMeshRef">
               <!-- header size  --> 60,
               <!-- vmesh lib    --> data.solar.starsphere.starsphere_bw09_stars.lod0-102.vms,
               <!-- start vert   --> 2241,
               <!-- num verts    --> 54,
               <!-- start index  --> 2241,
               <!-- num indices  --> 54,
               <!-- start mesh   --> 28,
               <!-- num meshes   --> 1,
               <!-- bounding box --> 66.626137, -17.410698, -64.697182,
                                     18.228476, -48.423977, -92.952171,
               <!-- center       --> 41.814552, -31.94067,  -79.404938,
               <!-- radius       --> 28.016781
            </VMeshRef>
         </VMeshPart>
      </Object21020721135022.3db>
      <Object22020721135022.3db>
         <VMeshPart>
            <VMeshRef type="VMeshRef">
               <!-- header size  --> 60,
               <!-- vmesh lib    --> data.solar.starsphere.starsphere_bw09_stars.lod0-102.vms,
               <!-- start vert   --> 720,
               <!-- num verts    --> 114,
               <!-- start index  --> 720,
               <!-- num indices  --> 114,
               <!-- start mesh   --> 8,
               <!-- num meshes   --> 2,
               <!-- bounding box --> 52.218082,  98.491272, 73.877815,
                                      2.1196334, 50.040695,  3.1388204,
               <!-- center       --> 25.203655,  74.397034, 40.256134,
               <!-- radius       --> 45.423775
            </VMeshRef>
         </VMeshPart>
      </Object22020721135022.3db>
      <Object23020721135022.3db>
         <VMeshPart>
            <VMeshRef type="VMeshRef">
               <!-- header size  --> 60,
