<?xml version="1.0" encoding="ISO-8859-1"?>
<!-- XML generated by UTFXML Version 2.2 built 19-Aug-2010 -->
<UTFXML filename="starsphere_ku01_stars.cmp" path="SOLAR\STARSPHERE">
   <UTF_ROOT>
      <VMeshLibrary>
         <data.solar.starsphere.starsphere_ku01_stars.lod0-102.vms include="starsphere_ku01_stars_cmp\lod0-102.vms.xml"/>
      </VMeshLibrary>
      <Exporter_Version name="Exporter Version" type="text">Jun 10 2002 16:27:11</Exporter_Version>
      <Cmpnd>
         <Root>
            <Object_name name="Object name" type="text">Root</Object_name>
            <File_name name="File name" type="text">starsphere020721150006.3db</File_name>
            <Index type="int">0</Index>
         </Root>
         <Part_Object28>
            <Object_name name="Object name" type="text">Object28</Object_name>
            <File_name name="File name" type="text">Object28020721150006.3db</File_name>
            <Index type="int">1</Index>
         </Part_Object28>
         <Part_Object31>
            <Object_name name="Object name" type="text">Object31</Object_name>
            <File_name name="File name" type="text">Object31020721150006.3db</File_name>
            <Index type="int">2</Index>
         </Part_Object31>
         <Part_Object02>
            <Object_name name="Object name" type="text">Object02</Object_name>
            <File_name name="File name" type="text">Object02020721150006.3db</File_name>
            <Index type="int">3</Index>
         </Part_Object02>
         <Part_Object25>
            <Object_name name="Object name" type="text">Object25</Object_name>
            <File_name name="File name" type="text">Object25020721150006.3db</File_name>
            <Index type="int">4</Index>
         </Part_Object25>
         <Part_Object07>
            <Object_name name="Object name" type="text">Object07</Object_name>
            <File_name name="File name" type="text">Object07020721150006.3db</File_name>
            <Index type="int">5</Index>
         </Part_Object07>
         <Part_Object08>
            <Object_name name="Object name" type="text">Object08</Object_name>
            <File_name name="File name" type="text">Object08020721150006.3db</File_name>
            <Index type="int">6</Index>
         </Part_Object08>
         <Part_Object01>
            <Object_name name="Object name" type="text">Object01</Object_name>
            <File_name name="File name" type="text">Object01020721150006.3db</File_name>
            <Index type="int">7</Index>
         </Part_Object01>
         <Part_Object21>
            <Object_name name="Object name" type="text">Object21</Object_name>
            <File_name name="File name" type="text">Object21020721150006.3db</File_name>
            <Index type="int">8</Index>
         </Part_Object21>
         <Part_Object10>
            <Object_name name="Object name" type="text">Object10</Object_name>
            <File_name name="File name" type="text">Object10020721150006.3db</File_name>
            <Index type="int">9</Index>
         </Part_Object10>
         <Part_Object18>
            <Object_name name="Object name" type="text">Object18</Object_name>
            <File_name name="File name" type="text">Object18020721150006.3db</File_name>
            <Index type="int">10</Index>
         </Part_Object18>
         <Part_Object16>
            <Object_name name="Object name" type="text">Object16</Object_name>
            <File_name name="File name" type="text">Object16020721150006.3db</File_name>
            <Index type="int">11</Index>
         </Part_Object16>
         <Part_Object24>
            <Object_name name="Object name" type="text">Object24</Object_name>
            <File_name name="File name" type="text">Object24020721150006.3db</File_name>
            <Index type="int">12</Index>
         </Part_Object24>
         <Part_Object15>
            <Object_name name="Object name" type="text">Object15</Object_name>
            <File_name name="File name" type="text">Object15020721150006.3db</File_name>
            <Index type="int">13</Index>
         </Part_Object15>
         <Part_Object17>
            <Object_name name="Object name" type="text">Object17</Object_name>
            <File_name name="File name" type="text">Object17020721150006.3db</File_name>
            <Index type="int">14</Index>
         </Part_Object17>
         <Part_Object19>
            <Object_name name="Object name" type="text">Object19</Object_name>
            <File_name name="File name" type="text">Object19020721150006.3db</File_name>
            <Index type="int">15</Index>
         </Part_Object19>
         <Part_Object04>
            <Object_name name="Object name" type="text">Object04</Object_name>
            <File_name name="File name" type="text">Object04020721150006.3db</File_name>
            <Index type="int">16</Index>
         </Part_Object04>
         <Part_Object03>
            <Object_name name="Object name" type="text">Object03</Object_name>
            <File_name name="File name" type="text">Object03020721150006.3db</File_name>
            <Index type="int">17</Index>
         </Part_Object03>
         <Part_Object30>
            <Object_name name="Object name" type="text">Object30</Object_name>
            <File_name name="File name" type="text">Object30020721150006.3db</File_name>
            <Index type="int">18</Index>
         </Part_Object30>
         <Part_Object27>
            <Object_name name="Object name" type="text">Object27</Object_name>
            <File_name name="File name" type="text">Object27020721150006.3db</File_name>
            <Index type="int">19</Index>
         </Part_Object27>
         <Part_Object05>
            <Object_name name="Object name" type="text">Object05</Object_name>
            <File_name name="File name" type="text">Object05020721150006.3db</File_name>
            <Index type="int">20</Index>
         </Part_Object05>
         <Part_Object06>
            <Object_name name="Object name" type="text">Object06</Object_name>
            <File_name name="File name" type="text">Object06020721150006.3db</File_name>
            <Index type="int">21</Index>
         </Part_Object06>
         <Part_Object26>
            <Object_name name="Object name" type="text">Object26</Object_name>
            <File_name name="File name" type="text">Object26020721150006.3db</File_name>
            <Index type="int">22</Index>
         </Part_Object26>
         <Part_Object22>
            <Object_name name="Object name" type="text">Object22</Object_name>
            <File_name name="File name" type="text">Object22020721150006.3db</File_name>
            <Index type="int">23</Index>
         </Part_Object22>
         <Part_Object11>
            <Object_name name="Object name" type="text">Object11</Object_name>
            <File_name name="File name" type="text">Object11020721150006.3db</File_name>
            <Index type="int">24</Index>
         </Part_Object11>
         <Part_Object13>
            <Object_name name="Object name" type="text">Object13</Object_name>
            <File_name name="File name" type="text">Object13020721150006.3db</File_name>
            <Index type="int">25</Index>
         </Part_Object13>
         <Part_Object12>
            <Object_name name="Object name" type="text">Object12</Object_name>
            <File_name name="File name" type="text">Object12020721150006.3db</File_name>
            <Index type="int">26</Index>
         </Part_Object12>
         <Part_Object20>
            <Object_name name="Object name" type="text">Object20</Object_name>
            <File_name name="File name" type="text">Object20020721150006.3db</File_name>
            <Index type="int">27</Index>
         </Part_Object20>
         <Part_Object23>
            <Object_name name="Object name" type="text">Object23</Object_name>
            <File_name name="File name" type="text">Object23020721150006.3db</File_name>
            <Index type="int">28</Index>
         </Part_Object23>
         <Part_Object14>
            <Object_name name="Object name" type="text">Object14</Object_name>
            <File_name name="File name" type="text">Object14020721150006.3db</File_name>
            <Index type="int">29</Index>
         </Part_Object14>
         <Cons>
            <Fix type="Fix" count="29">
               <part>
                  <!-- parent      --> "Root",
                  <!-- child       --> "Object28",
                  <!-- position    --> 1.2783306, 53.056858e-9, -0.89014626,
                  <!-- orientation -->  -0.7071067700, -541.81055e-09,   0.7071068300,
                                       -202.32503e-09,   1.0000000000,  563.91076e-09,
                                        -0.7071068300,  255.67971e-09,  -0.7071067700
               </part>
               <part>
                  <!-- parent      --> "Root",
                  <!-- child       --> "Object31",
                  <!-- position    --> 1.2783306, 53.056858e-9, -0.89014626,
                  <!-- orientation -->  -0.7071067700, -541.81055e-09,   0.7071068300,
                                       -202.32503e-09,   1.0000000000,  563.91076e-09,
                                        -0.7071068300,  255.67971e-09,  -0.7071067700
               </part>
               <part>
                  <!-- parent      --> "Root",
                  <!-- child       --> "Object02",
                  <!-- position    --> 1.2783306, 53.056858e-9, -0.89014626,
                  <!-- orientation -->  -0.7071067700, -541.81055e-09,   0.7071068300,
                                       -202.32503e-09,   1.0000000000,  563.91076e-09,
                                        -0.7071068300,  255.67971e-09,  -0.7071067700
               </part>
               <part>
                  <!-- parent      --> "Root",
                  <!-- child       --> "Object25",
                  <!-- position    --> 1.2783306, 53.056858e-9, -0.89014626,
                  <!-- orientation -->  -0.7071067700, -541.81055e-09,   0.7071068300,
                                       -202.32503e-09,   1.0000000000,  563.91076e-09,
                                        -0.7071068300,  255.67971e-09,  -0.7071067700
               </part>
               <part>
                  <!-- parent      --> "Root",
                  <!-- child       --> "Object07",
                  <!-- position    --> 1.2783306, 53.056858e-9, -0.89014626,
                  <!-- orientation -->  -0.7071067700, -541.81055e-09,   0.7071068300,
                                       -202.32503e-09,   1.0000000000,  563.91076e-09,
                                        -0.7071068300,  255.67971e-09,  -0.7071067700
               </part>
               <part>
                  <!-- parent      --> "Root",
                  <!-- child       --> "Object08",
                  <!-- position    --> 1.2783306, 53.056858e-9, -0.89014626,
                  <!-- orientation -->  -0.7071067700, -541.81055e-09,   0.7071068300,
                                       -202.32503e-09,   1.0000000000,  563.91076e-09,
                                        -0.7071068300,  255.67971e-09,  -0.7071067700
               </part>
               <part>
                  <!-- parent      --> "Root",
                  <!-- child       --> "Object01",
                  <!-- position    --> 1.2783306, 53.056858e-9, -0.89014626,
                  <!-- orientation -->  -0.7071067700, -541.81055e-09,   0.7071068300,
                                       -202.32503e-09,   1.0000000000,  563.91076e-09,
                                        -0.7071068300,  255.67971e-09,  -0.7071067700
               </part>
               <part>
                  <!-- parent      --> "Root",
                  <!-- child       --> "Object21",
                  <!-- position    --> 1.2783306, 53.056858e-9, -0.89014626,
                  <!-- orientation -->  -0.7071067700, -541.81055e-09,   0.7071068300,
                                       -202.32503e-09,   1.0000000000,  563.91076e-09,
                                        -0.7071068300,  255.67971e-09,  -0.7071067700
               </part>
               <part>
                  <!-- parent      --> "Root",
                  <!-- child       --> "Object10",
                  <!-- position    --> 1.2783306, 53.056858e-9, -0.89014626,
                  <!-- orientation -->  -0.7071067700, -541.81055e-09,   0.7071068300,
                                       -202.32503e-09,   1.0000000000,  563.91076e-09,
                                        -0.7071068300,  255.67971e-09,  -0.7071067700
               </part>
               <part>
                  <!-- parent      --> "Root",
                  <!-- child       --> "Object18",
                  <!-- position    --> 1.2783306, 53.056858e-9, -0.89014626,
                  <!-- orientation -->  -0.7071067700, -541.81055e-09,   0.7071068300,
                                       -202.32503e-09,   1.0000000000,  563.91076e-09,
                                        -0.7071068300,  255.67971e-09,  -0.7071067700
               </part>
               <part>
                  <!-- parent      --> "Root",
                  <!-- child       --> "Object16",
                  <!-- position    --> 1.2783306, 53.056858e-9, -0.89014626,
                  <!-- orientation -->  -0.7071067700, -541.81055e-09,   0.7071068300,
                                       -202.32503e-09,   1.0000000000,  563.91076e-09,
                                        -0.7071068300,  255.67971e-09,  -0.7071067700
               </part>
               <part>
                  <!-- parent      --> "Root",
                  <!-- child       --> "Object24",
                  <!-- position    --> 1.2783306, 53.056858e-9, -0.89014626,
                  <!-- orientation -->  -0.7071067700, -541.81055e-09,   0.7071068300,
                                       -202.32503e-09,   1.0000000000,  563.91076e-09,
                                        -0.7071068300,  255.67971e-09,  -0.7071067700
               </part>
               <part>
                  <!-- parent      --> "Root",
                  <!-- child       --> "Object15",
                  <!-- position    --> 1.2783306, 53.056858e-9, -0.89014626,
                  <!-- orientation -->  -0.7071067700, -541.81055e-09,   0.7071068300,
                                       -202.32503e-09,   1.0000000000,  563.91076e-09,
                                        -0.7071068300,  255.67971e-09,  -0.7071067700
               </part>
               <part>
                  <!-- parent      --> "Root",
                  <!-- child       --> "Object17",
                  <!-- position    --> 1.2783306, 53.056858e-9, -0.89014626,
                  <!-- orientation -->  -0.7071067700, -541.81055e-09,   0.7071068300,
                                       -202.32503e-09,   1.0000000000,  563.91076e-09,
                                        -0.7071068300,  255.67971e-09,  -0.7071067700
               </part>
               <part>
                  <!-- parent      --> "Root",
                  <!-- child       --> "Object19",
                  <!-- position    --> 1.2783306, 53.056858e-9, -0.89014626,
                  <!-- orientation -->  -0.7071067700, -541.81055e-09,   0.7071068300,
                                       -202.32503e-09,   1.0000000000,  563.91076e-09,
                                        -0.7071068300,  255.67971e-09,  -0.7071067700
               </part>
               <part>
                  <!-- parent      --> "Root",
                  <!-- child       --> "Object04",
                  <!-- position    --> 1.2783306, 53.056858e-9, -0.89014626,
                  <!-- orientation -->  -0.7071067700, -541.81055e-09,   0.7071068300,
                                       -202.32503e-09,   1.0000000000,  563.91076e-09,
                                        -0.7071068300,  255.67971e-09,  -0.7071067700
               </part>
               <part>
                  <!-- parent      --> "Root",
                  <!-- child       --> "Object03",
                  <!-- position    --> 1.2783306, 53.056858e-9, -0.89014626,
                  <!-- orientation -->  -0.7071067700, -541.81055e-09,   0.7071068300,
                                       -202.32503e-09,   1.0000000000,  563.91076e-09,
                                        -0.7071068300,  255.67971e-09,  -0.7071067700
               </part>
               <part>
                  <!-- parent      --> "Root",
                  <!-- child       --> "Object30",
                  <!-- position    --> 1.2783306, 53.056858e-9, -0.89014626,
                  <!-- orientation -->  -0.7071067700, -541.81055e-09,   0.7071068300,
                                       -202.32503e-09,   1.0000000000,  563.91076e-09,
                                        -0.7071068300,  255.67971e-09,  -0.7071067700
               </part>
               <part>
                  <!-- parent      --> "Root",
                  <!-- child       --> "Object27",
                  <!-- position    --> 1.2783306, 53.056858e-9, -0.89014626,
                  <!-- orientation -->  -0.7071067700, -541.81055e-09,   0.7071068300,
                                       -202.32503e-09,   1.0000000000,  563.91076e-09,
                                        -0.7071068300,  255.67971e-09,  -0.7071067700
               </part>
               <part>
                  <!-- parent      --> "Root",
                  <!-- child       --> "Object05",
                  <!-- position    --> 1.2783306, 53.056858e-9, -0.89014626,
                  <!-- orientation -->  -0.7071067700, -541.81055e-09,   0.7071068300,
                                       -202.32503e-09,   1.0000000000,  563.91076e-09,
                                        -0.7071068300,  255.67971e-09,  -0.7071067700
               </part>
               <part>
                  <!-- parent      --> "Root",
                  <!-- child       --> "Object06",
                  <!-- position    --> 1.2783306, 53.056858e-9, -0.89014626,
                  <!-- orientation -->  -0.7071067700, -541.81055e-09,   0.7071068300,
                                       -202.32503e-09,   1.0000000000,  563.91076e-09,
                                        -0.7071068300,  255.67971e-09,  -0.7071067700
               </part>
               <part>
                  <!-- parent      --> "Root",
                  <!-- child       --> "Object26",
                  <!-- position    --> 1.2783306, 53.056858e-9, -0.89014626,
                  <!-- orientation -->  -0.7071067700, -541.81055e-09,   0.7071068300,
                                       -202.32503e-09,   1.0000000000,  563.91076e-09,
                                        -0.7071068300,  255.67971e-09,  -0.7071067700
               </part>
               <part>
                  <!-- parent      --> "Root",
                  <!-- child       --> "Object22",
                  <!-- position    --> 1.2783306, 53.056858e-9, -0.89014626,
                  <!-- orientation -->  -0.7071067700, -541.81055e-09,   0.7071068300,
                                       -202.32503e-09,   1.0000000000,  563.91076e-09,
                                        -0.7071068300,  255.67971e-09,  -0.7071067700
               </part>
               <part>
                  <!-- parent      --> "Root",
                  <!-- child       --> "Object11",
                  <!-- position    --> 1.2783306, 53.056858e-9, -0.89014626,
                  <!-- orientation -->  -0.7071067700, -541.81055e-09,   0.7071068300,
                                       -202.32503e-09,   1.0000000000,  563.91076e-09,
                                        -0.7071068300,  255.67971e-09,  -0.7071067700
               </part>
               <part>
                  <!-- parent      --> "Root",
                  <!-- child       --> "Object13",
                  <!-- position    --> 1.2783306, 53.056858e-9, -0.89014626,
                  <!-- orientation -->  -0.7071067700, -541.81055e-09,   0.7071068300,
                                       -202.32503e-09,   1.0000000000,  563.91076e-09,
                                        -0.7071068300,  255.67971e-09,  -0.7071067700
               </part>
               <part>
                  <!-- parent      --> "Root",
                  <!-- child       --> "Object12",
                  <!-- position    --> 1.2783306, 53.056858e-9, -0.89014626,
                  <!-- orientation -->  -0.7071067700, -541.81055e-09,   0.7071068300,
                                       -202.32503e-09,   1.0000000000,  563.91076e-09,
                                        -0.7071068300,  255.67971e-09,  -0.7071067700
               </part>
               <part>
                  <!-- parent      --> "Root",
                  <!-- child       --> "Object20",
                  <!-- position    --> 1.2783306, 53.056858e-9, -0.89014626,
                  <!-- orientation -->  -0.7071067700, -541.81055e-09,   0.7071068300,
                                       -202.32503e-09,   1.0000000000,  563.91076e-09,
                                        -0.7071068300,  255.67971e-09,  -0.7071067700
               </part>
               <part>
                  <!-- parent      --> "Root",
                  <!-- child       --> "Object23",
                  <!-- position    --> 1.2783306, 53.056858e-9, -0.89014626,
                  <!-- orientation -->  -0.7071067700, -541.81055e-09,   0.7071068300,
                                       -202.32503e-09,   1.0000000000,  563.91076e-09,
                                        -0.7071068300,  255.67971e-09,  -0.7071067700
               </part>
               <part>
                  <!-- parent      --> "Root",
                  <!-- child       --> "Object14",
                  <!-- position    --> 1.2783306, 53.056858e-9, -0.89014626,
                  <!-- orientation -->  -0.7071067700, -541.81055e-09,   0.7071068300,
                                       -202.32503e-09,   1.0000000000,  563.91076e-09,
                                        -0.7071068300,  255.67971e-09,  -0.7071067700
               </part>
            </Fix>
         </Cons>
      </Cmpnd>
      <Material_library name="Material library">
         <Material_count name="Material count" type="int">2</Material_count>
         <stars.tga>
            <Type type="text">DcDtEc</Type>
            <Dt_name type="text">stars.tga</Dt_name>
            <Dt_flags type="int">0x40</Dt_flags>
            <Ec type="RGB">1, 1, 1</Ec>
         </stars.tga>
         <stars_large01.tga>
            <Type type="text">DcDtEc</Type>
            <Dt_name type="text">stars_large01.tga</Dt_name>
            <Dt_flags type="int">0x40</Dt_flags>
            <Ec type="RGB">1, 1, 1</Ec>
         </stars_large01.tga>
      </Material_library>
      <Texture_library name="Texture library">
         <stars_large01.tga>
            <MIPS type="file" filename="starsphere_ku01_stars_cmp\stars_large01.dds"/>
         </stars_large01.tga>
         <stars.tga>
            <MIPS type="file" filename="starsphere_ku01_stars_cmp\stars.dds"/>
         </stars.tga>
      </Texture_library>
      <starsphere020721150006.3db>
         <VMeshPart>
            <VMeshRef type="VMeshRef">
               <!-- header size  --> 60,
               <!-- vmesh lib    --> data.solar.starsphere.starsphere_ku01_stars.lod0-102.vms,
               <!-- start vert   --> 3915,
               <!-- num verts    --> 15,
               <!-- start index  --> 3915,
               <!-- num indices  --> 15,
               <!-- start mesh   --> 26,
               <!-- num meshes   --> 1,
               <!-- bounding box --> -28.533184, -30.664301, -64.157211,
                                     -51.942764, -46.231159, -79.750648,
               <!-- center       --> -39.733341, -38.25375,  -72.248596,
               <!-- radius       --> 15.381806
            </VMeshRef>
         </VMeshPart>
      </starsphere020721150006.3db>
      <Object28020721150006.3db>
         <VMeshPart>
            <VMeshRef type="VMeshRef">
               <!-- header size  --> 60,
               <!-- vmesh lib    --> data.solar.starsphere.starsphere_ku01_stars.lod0-102.vms,
               <!-- start vert   --> 4218,
               <!-- num verts    --> 105,
               <!-- start index  --> 4218,
               <!-- num indices  --> 105,
               <!-- start mesh   --> 28,
               <!-- num meshes   --> 2,
               <!-- bounding box --> 83.366638, -50.040703,  -0.50015253,
                                     26.983973, -95.117653, -49.90575,
               <!-- center       --> 55.011169, -72.855728, -22.680271,
               <!-- radius       --> 38.582687
            </VMeshRef>
         </VMeshPart>
      </Object28020721150006.3db>
      <Object31020721150006.3db>
         <VMeshPart>
            <VMeshRef type="VMeshRef">
               <!-- header size  --> 60,
               <!-- vmesh lib    --> data.solar.starsphere.starsphere_ku01_stars.lod0-102.vms,
               <!-- start vert   --> 4608,
               <!-- num verts    --> 177,
               <!-- start index  --> 4608,
               <!-- num indices  --> 177,
               <!-- start mesh   --> 33,
               <!-- num meshes   --> 2,
               <!-- bounding box -->   1.3902854, -50.687992, 82.620201,
                                     -49.339626,  -97.834908, 15.717826,
               <!-- center       --> -20.345127,  -74.833801, 48.987186,
               <!-- radius       --> 43.438118
            </VMeshRef>
         </VMeshPart>
      </Object31020721150006.3db>
      <Object02020721150006.3db>
         <VMeshPart>
            <VMeshRef type="VMeshRef">
               <!-- header size  --> 60,
               <!-- vmesh lib    --> data.solar.starsphere.starsphere_ku01_stars.lod0-102.vms,
               <!-- start vert   --> 3480,
               <!-- num verts    --> 435,
               <!-- start index  --> 3480,
               <!-- num indices  --> 435,
               <!-- start mesh   --> 24,
               <!-- num meshes   --> 2,
               <!-- bounding box -->  -0.17791484,   0.75534821, -64.332848,
                                     -70.502747,   -47.15316,    -99.962517,
               <!-- center       --> -33.79483,    -19.814976,   -83.500221,
               <!-- radius       --> 41.635086
            </VMeshRef>
         </VMeshPart>
      </Object02020721150006.3db>
      <Object25020721150006.3db>
         <VMeshPart>
            <VMeshRef type="VMeshRef">
               <!-- header size  --> 60,
               <!-- vmesh lib    --> data.solar.starsphere.starsphere_ku01_stars.lod0-102.vms,
               <!-- start vert   --> 2742,
               <!-- num verts    --> 156,
               <!-- start index  --> 2742,
               <!-- num indices  --> 156,
               <!-- start mesh   --> 16,
               <!-- num meshes   --> 2,
               <!-- bounding box --> -66.773529,  -0.049040452,   0.37265027,
                                     -85.735527, -45.156395,    -70.822746,
               <!-- center       --> -76.41803,  -22.294765,    -35.081017,
               <!-- radius       --> 40.10257
            </VMeshRef>
         </VMeshPart>
      </Object25020721150006.3db>
      <Object07020721150006.3db>
         <VMeshPart>
            <VMeshRef type="VMeshRef">
               <!-- header size  --> 60,
               <!-- vmesh lib    --> data.solar.starsphere.starsphere_ku01_stars.lod0-102.vms,
               <!-- start vert   --> 3930,
               <!-- num verts    --> 288,
               <!-- start index  --> 3930,
               <!-- num indices  --> 288,
               <!-- start mesh   --> 27,
               <!-- num meshes   --> 1,
               <!-- bounding box --> 89.606865,   0.31142431,  -8.6837549,
                                     66.164444, -47.153103,   -70.964432,
               <!-- center       --> 77.786072, -23.050106,   -40.050755,
               <!-- radius       --> 38.194366
            </VMeshRef>
         </VMeshPart>
      </Object07020721150006.3db>
      <Object08020721150006.3db>
         <VMeshPart>
            <VMeshRef type="VMeshRef">
               <!-- header size  --> 60,
               <!-- vmesh lib    --> data.solar.starsphere.starsphere_ku01_stars.lod0-102.vms,
               <!-- start vert   --> 5190,
               <!-- num verts    --> 3,
               <!-- start index  --> 5190,
               <!-- num indices  --> 3,
               <!-- start mesh   --> 37,
               <!-- num meshes   --> 1,
               <!-- bounding box --> -76.20636,  -44.73848,  31.241037,
                                     -76.452499, -45.156342, 30.876802,
               <!-- center       --> -76.334442, -44.938911, 31.015312,
               <!-- radius       --> 0.28786141
            </VMeshRef>
         </VMeshPart>
      </Object08020721150006.3db>
      <Object01020721150006.3db>
         <VMeshPart>
            <VMeshRef type="VMeshRef">
               <!-- header size  --> 60,
               <!-- vmesh lib    --> data.solar.starsphere.starsphere_ku01_stars.lod0-102.vms,
               <!-- start vert   --> 960,
               <!-- num verts    --> 141,
               <!-- start index  --> 960,
               <!-- num indices  --> 141,
               <!-- start mesh   --> 5,
               <!-- num meshes   --> 1,
               <!-- bounding box --> 83.36657,  -50.040733, 49.90583,
                                     26.983887, -95.657829,  0.78221381,
               <!-- center       --> 54.341862, -73.597214, 23.093328,
               <!-- radius       --> 37.937664
            </VMeshRef>
         </VMeshPart>
      </Object01020721150006.3db>
      <Object21020721150006.3db>
         <VMeshPart>
            <VMeshRef type="VMeshRef">
               <!-- header size  --> 60,
               <!-- vmesh lib    --> data.solar.starsphere.starsphere_ku01_stars.lod0-102.vms,
               <!-- start vert   --> 0,
               <!-- num verts    --> 591,
               <!-- start index  --> 0,
               <!-- num indices  --> 591,
               <!-- start mesh   --> 0,
               <!-- num meshes   --> 1,
               <!-- bounding box --> 69.085823,     -0.028635735,  -64.697182,
                                      0.022471162, -48.423962,    -101.06695,
               <!-- center       --> 34.97604,     -21.45553,      -83.077911,
               <!-- radius       --> 41.255219
            </VMeshRef>
         </VMeshPart>
      </Object21020721150006.3db>
      <Object10020721150006.3db>
         <VMeshPart>
            <VMeshRef type="VMeshRef">
               <!-- header size  --> 60,
               <!-- vmesh lib    --> data.solar.starsphere.starsphere_ku01_stars.lod0-102.vms,
               <!-- start vert   --> 2169,
               <!-- num verts    --> 162,
               <!-- start index  --> 2169,
               <!-- num indices  --> 162,
               <!-- start mesh   --> 10,
               <!-- num meshes   --> 2,
               <!-- bounding box -->   0.39486483, -48.90926,  -15.717777,
                                     -49.339615,   -97.834923, -87.1185,
               <!-- center       --> -19.807289,   -72.651695, -52.534508,
               <!-- radius       --> 47.028938
            </VMeshRef>
         </VMeshPart>
      </Object10020721150006.3db>
      <Object18020721150006.3db>
         <VMeshPart>
            <VMeshRef type="VMeshRef">
               <!-- header size  --> 60,
               <!-- vmesh lib    --> data.solar.starsphere.starsphere_ku01_stars.lod0-102.vms,
               <!-- start vert   --> 594,
               <!-- num verts    --> 102,
               <!-- start index  --> 594,
               <!-- num indices  --> 102,
               <!-- start mesh   --> 2,
               <!-- num meshes   --> 1,
               <!-- bounding box --> -26.983931, -50.040756,  -0.78211796,
                                     -83.366577, -95.117668, -49.905754,
               <!-- center       --> -54.413887, -73.337341, -23.287146,
               <!-- radius       --> 37.662701
            </VMeshRef>
         </VMeshPart>
      </Object18020721150006.3db>
      <Object16020721150006.3db>
         <VMeshPart>
            <VMeshRef type="VMeshRef">
               <!-- header size  --> 60,
               <!-- vmesh lib    --> data.solar.starsphere.starsphere_ku01_stars.lod0-102.vms,
               <!-- start vert   --> 3282,
               <!-- num verts    --> 192,
               <!-- start index  --> 3282,
               <!-- num indices  --> 192,
               <!-- start mesh   --> 22,
               <!-- num meshes   --> 1,
               <!-- bounding box -->  -9.111598,  -50.040703, 49.905766,
                                     -83.366615, -101.21024,   0.30787009,
               <!-- center       --> -44.557579,  -76.82019,  21.655087,
               <!-- radius       --> 48.031197
            </VMeshRef>
         </VMeshPart>
      </Object16020721150006.3db>
      <Object24020721150006.3db>
         <VMeshPart>
            <VMeshRef type="VMeshRef">
               <!-- header size  --> 60,
               <!-- vmesh lib    --> data.solar.starsphere.starsphere_ku01_stars.lod0-102.vms,
               <!-- start vert   --> 591,
               <!-- num verts    --> 3,
               <!-- start index  --> 591,
               <!-- num indices  --> 3,
               <!-- start mesh   --> 1,
               <!-- num meshes   --> 1,
               <!-- bounding box --> -53.879475, -43.644711, 64.673248,
                                     -54.253227, -44.047802, 64.332878,
               <!-- center       --> -54.079926, -43.847443, 64.489273,
               <!-- radius       --> 0.27656689
            </VMeshRef>
         </VMeshPart>
      </Object24020721150006.3db>
      <Object15020721150006.3db>
         <VMeshPart>
            <VMeshRef type="VMeshRef">
               <!-- header size  --> 60,
               <!-- vmesh lib    --> data.solar.starsphere.starsphere_ku01_stars.lod0-102.vms,
               <!-- start vert   --> 2331,
               <!-- num verts    --> 150,
               <!-- start index  --> 2331,
               <!-- num indices  --> 150,
               <!-- start mesh   --> 12,
               <!-- num meshes   --> 1,
               <!-- bounding box --> 49.339607, -48.909252, -15.717781,
                                      0.565341, -97.834915, -87.1185,
               <!-- center       --> 20.225307, -72.620804, -52.557049,
               <!-- radius       --> 47.197128
            </VMeshRef>
         </VMeshPart>
      </Object15020721150006.3db>
      <Object17020721150006.3db>
         <VMeshPart>
            <VMeshRef type="VMeshRef">
               <!-- header size  --> 60,
               <!-- vmesh lib    --> data.solar.starsphere.starsphere_ku01_stars.lod0-102.vms,
               <!-- start vert   --> 696,
               <!-- num verts    --> 117,
               <!-- start index  --> 696,
               <!-- num indices  --> 117,
               <!-- start mesh   --> 3,
               <!-- num meshes   --> 1,
               <!-- bounding box --> 40.565929,    -55.673813, 82.158684,
                                      0.56536877, -101.45245,   1.2088984,
               <!-- center       --> 18.226807,    -78.496521, 41.947498,
               <!-- radius       --> 48.494926
            </VMeshRef>
         </VMeshPart>
      </Object17020721150006.3db>
      <Object19020721150006.3db>
         <VMeshPart>
            <VMeshRef type="VMeshRef">
               <!-- header size  --> 60,
               <!-- vmesh lib    --> data.solar.starsphere.starsphere_ku01_stars.lod0-102.vms,
               <!-- start vert   --> 3018,
               <!-- num verts    --> 114,
               <!-- start index  --> 3018,
               <!-- num indices  --> 114,
               <!-- start mesh   --> 19,
               <!-- num meshes   --> 1,
               <!-- bounding box --> 73.370445, 95.117668, 52.217976,
                                     25.75692,  51.929699,  2.1195621,
               <!-- center       --> 50.589249, 74.485779, 23.289988,
               <!-- radius       --> 34.070839
            </VMeshRef>
         </VMeshPart>
      </Object19020721150006.3db>
      <Object04020721150006.3db>
         <VMeshPart>
            <VMeshRef type="VMeshRef">
               <!-- header size  --> 60,
               <!-- vmesh lib    --> data.solar.starsphere.starsphere_ku01_stars.lod0-102.vms,
               <!-- start vert   --> 1101,
               <!-- num verts    --> 750,
               <!-- start index  --> 1101,
               <!-- num indices  --> 750,
               <!-- start mesh   --> 6,
               <!-- num meshes   --> 2,
               <!-- bounding box --> 69.763084,    47.153076,     -67.345688,
                                      0.094543397, -0.0060884636, -99.958694,
               <!-- center       --> 35.471245,    20.333071,     -83.899849,
               <!-- radius       --> 41.719681
            </VMeshRef>
         </VMeshPart>
      </Object04020721150006.3db>
      <Object03020721150006.3db>
         <VMeshPart>
            <VMeshRef type="VMeshRef">
               <!-- header size  --> 60,
               <!-- vmesh lib    --> data.solar.starsphere.starsphere_ku01_stars.lod0-102.vms,
               <!-- start vert   --> 1854,
               <!-- num verts    --> 315,
               <!-- start index  --> 1854,
               <!-- num indices  --> 315,
               <!-- start mesh   --> 9,
               <!-- num meshes   --> 1,
               <!-- bounding box --> 89.24279,  47.153156,    -3.0870848,
                                     67.345688, -0.71012181, -71.009789,
               <!-- center       --> 78.307579, 22.470697,   -37.657131,
               <!-- radius       --> 40.901417
            </VMeshRef>
         </VMeshPart>
      </Object03020721150006.3db>
      <Object30020721150006.3db>
         <VMeshPart>
            <VMeshRef type="VMeshRef">
               <!-- header size  --> 60,
               <!-- vmesh lib    --> data.solar.starsphere.starsphere_ku01_stars.lod0-102.vms,
               <!-- start vert   --> 2481,
               <!-- num verts    --> 135,
               <!-- start index  --> 2481,
               <!-- num indices  --> 135,
               <!-- start mesh   --> 13,
               <!-- num meshes   --> 1,
               <!-- bounding box --> -64.17997,  48.42395,    -29.023081,
                                     -86.53904,   0.06337861, -69.73381,
               <!-- center       --> -75.333275, 22.650805,   -50.340729,
               <!-- radius       --> 29.366978
            </VMeshRef>
         </VMeshPart>
      </Object30020721150006.3db>
      <Object27020721150006.3db>
         <VMeshPart>
            <VMeshRef type="VMeshRef">
               <!-- header size  --> 60,
               <!-- vmesh lib    --> data.solar.starsphere.starsphere_ku01_stars.lod0-102.vms,
               <!-- start vert   --> 4890,
               <!-- num verts    --> 300,
               <!-- start index  --> 4890,
               <!-- num indices  --> 300,
               <!-- start mesh   --> 36,
               <!-- num meshes   --> 1,
               <!-- bounding box -->  -0.90446377, 48.423901,     -64.179871,
                                     -69.747726,    0.028562749, -101.06291,
               <!-- center       --> -35.648365,   21.277647,     -82.785141,
               <!-- radius       --> 41.522694
            </VMeshRef>
         </VMeshPart>
      </Object27020721150006.3db>
      <Object05020721150006.3db>
         <VMeshPart>
            <VMeshRef type="VMeshRef">
               <!-- header size  --> 60,
