<?xml version="1.0" encoding="ISO-8859-1"?>
<!-- XML generated by UTFXML Version 2.2 built 19-Aug-2010 -->
<UTFXML filename="starsphere_ku07_stars.cmp" path="SOLAR\STARSPHERE">
   <UTF_ROOT>
      <VMeshLibrary>
         <data.solar.starsphere.starsphere_ku07_stars.lod0-102.vms include="starsphere_ku07_stars_cmp\lod0-102.vms.xml"/>
      </VMeshLibrary>
      <Exporter_Version name="Exporter Version" type="text">Jun 10 2002 16:27:11</Exporter_Version>
      <Cmpnd>
         <Root>
            <Object_name name="Object name" type="text">Root</Object_name>
            <File_name name="File name" type="text">starsphere020721150307.3db</File_name>
            <Index type="int">0</Index>
         </Root>
         <Part_Object28>
            <Object_name name="Object name" type="text">Object28</Object_name>
            <File_name name="File name" type="text">Object28020721150307.3db</File_name>
            <Index type="int">1</Index>
         </Part_Object28>
         <Part_Object09>
            <Object_name name="Object name" type="text">Object09</Object_name>
            <File_name name="File name" type="text">Object09020721150307.3db</File_name>
            <Index type="int">2</Index>
         </Part_Object09>
         <Part_Object31>
            <Object_name name="Object name" type="text">Object31</Object_name>
            <File_name name="File name" type="text">Object31020721150307.3db</File_name>
            <Index type="int">3</Index>
         </Part_Object31>
         <Part_Object02>
            <Object_name name="Object name" type="text">Object02</Object_name>
            <File_name name="File name" type="text">Object02020721150307.3db</File_name>
            <Index type="int">4</Index>
         </Part_Object02>
         <Part_Object25>
            <Object_name name="Object name" type="text">Object25</Object_name>
            <File_name name="File name" type="text">Object25020721150307.3db</File_name>
            <Index type="int">5</Index>
         </Part_Object25>
         <Part_Object08>
            <Object_name name="Object name" type="text">Object08</Object_name>
            <File_name name="File name" type="text">Object08020721150307.3db</File_name>
            <Index type="int">6</Index>
         </Part_Object08>
         <Part_Object01>
            <Object_name name="Object name" type="text">Object01</Object_name>
            <File_name name="File name" type="text">Object01020721150307.3db</File_name>
            <Index type="int">7</Index>
         </Part_Object01>
         <Part_Object21>
            <Object_name name="Object name" type="text">Object21</Object_name>
            <File_name name="File name" type="text">Object21020721150307.3db</File_name>
            <Index type="int">8</Index>
         </Part_Object21>
         <Part_Object10>
            <Object_name name="Object name" type="text">Object10</Object_name>
            <File_name name="File name" type="text">Object10020721150307.3db</File_name>
            <Index type="int">9</Index>
         </Part_Object10>
         <Part_Object18>
            <Object_name name="Object name" type="text">Object18</Object_name>
            <File_name name="File name" type="text">Object18020721150307.3db</File_name>
            <Index type="int">10</Index>
         </Part_Object18>
         <Part_Object16>
            <Object_name name="Object name" type="text">Object16</Object_name>
            <File_name name="File name" type="text">Object16020721150307.3db</File_name>
            <Index type="int">11</Index>
         </Part_Object16>
         <Part_Object24>
            <Object_name name="Object name" type="text">Object24</Object_name>
            <File_name name="File name" type="text">Object24020721150307.3db</File_name>
            <Index type="int">12</Index>
         </Part_Object24>
         <Part_Object15>
            <Object_name name="Object name" type="text">Object15</Object_name>
            <File_name name="File name" type="text">Object15020721150307.3db</File_name>
            <Index type="int">13</Index>
         </Part_Object15>
         <Part_Object17>
            <Object_name name="Object name" type="text">Object17</Object_name>
            <File_name name="File name" type="text">Object17020721150307.3db</File_name>
            <Index type="int">14</Index>
         </Part_Object17>
         <Part_Object19>
            <Object_name name="Object name" type="text">Object19</Object_name>
            <File_name name="File name" type="text">Object19020721150307.3db</File_name>
            <Index type="int">15</Index>
         </Part_Object19>
         <Part_Object29>
            <Object_name name="Object name" type="text">Object29</Object_name>
            <File_name name="File name" type="text">Object29020721150307.3db</File_name>
            <Index type="int">16</Index>
         </Part_Object29>
         <Part_Object30>
            <Object_name name="Object name" type="text">Object30</Object_name>
            <File_name name="File name" type="text">Object30020721150307.3db</File_name>
            <Index type="int">17</Index>
         </Part_Object30>
         <Part_Object27>
            <Object_name name="Object name" type="text">Object27</Object_name>
            <File_name name="File name" type="text">Object27020721150307.3db</File_name>
            <Index type="int">18</Index>
         </Part_Object27>
         <Part_Object05>
            <Object_name name="Object name" type="text">Object05</Object_name>
            <File_name name="File name" type="text">Object05020721150307.3db</File_name>
            <Index type="int">19</Index>
         </Part_Object05>
         <Part_Object06>
            <Object_name name="Object name" type="text">Object06</Object_name>
            <File_name name="File name" type="text">Object06020721150307.3db</File_name>
            <Index type="int">20</Index>
         </Part_Object06>
         <Part_Object26>
            <Object_name name="Object name" type="text">Object26</Object_name>
            <File_name name="File name" type="text">Object26020721150307.3db</File_name>
            <Index type="int">21</Index>
         </Part_Object26>
         <Part_Object22>
            <Object_name name="Object name" type="text">Object22</Object_name>
            <File_name name="File name" type="text">Object22020721150307.3db</File_name>
            <Index type="int">22</Index>
         </Part_Object22>
         <Part_Object11>
            <Object_name name="Object name" type="text">Object11</Object_name>
            <File_name name="File name" type="text">Object11020721150307.3db</File_name>
            <Index type="int">23</Index>
         </Part_Object11>
         <Part_Object13>
            <Object_name name="Object name" type="text">Object13</Object_name>
            <File_name name="File name" type="text">Object13020721150307.3db</File_name>
            <Index type="int">24</Index>
         </Part_Object13>
         <Part_Object12>
            <Object_name name="Object name" type="text">Object12</Object_name>
            <File_name name="File name" type="text">Object12020721150307.3db</File_name>
            <Index type="int">25</Index>
         </Part_Object12>
         <Part_Object20>
            <Object_name name="Object name" type="text">Object20</Object_name>
            <File_name name="File name" type="text">Object20020721150307.3db</File_name>
            <Index type="int">26</Index>
         </Part_Object20>
         <Part_Object23>
            <Object_name name="Object name" type="text">Object23</Object_name>
            <File_name name="File name" type="text">Object23020721150307.3db</File_name>
            <Index type="int">27</Index>
         </Part_Object23>
         <Part_Object14>
            <Object_name name="Object name" type="text">Object14</Object_name>
            <File_name name="File name" type="text">Object14020721150307.3db</File_name>
            <Index type="int">28</Index>
         </Part_Object14>
         <Cons>
            <Fix type="Fix" count="28">
               <part>
                  <!-- parent      --> "Root",
                  <!-- child       --> "Object28",
                  <!-- position    --> 1.2783306, 53.056858e-9, -0.89014626,
                  <!-- orientation -->  -0.7071067700, -541.81055e-09,   0.7071068300,
                                       -202.32503e-09,   1.0000000000,  563.91076e-09,
                                        -0.7071068300,  255.67971e-09,  -0.7071067700
               </part>
               <part>
                  <!-- parent      --> "Root",
                  <!-- child       --> "Object09",
                  <!-- position    --> 1.2783306, 53.056858e-9, -0.89014626,
                  <!-- orientation -->  -0.7071067700, -541.81055e-09,   0.7071068300,
                                       -202.32503e-09,   1.0000000000,  563.91076e-09,
                                        -0.7071068300,  255.67971e-09,  -0.7071067700
               </part>
               <part>
                  <!-- parent      --> "Root",
                  <!-- child       --> "Object31",
                  <!-- position    --> 1.2783306, 53.056858e-9, -0.89014626,
                  <!-- orientation -->  -0.7071067700, -541.81055e-09,   0.7071068300,
                                       -202.32503e-09,   1.0000000000,  563.91076e-09,
                                        -0.7071068300,  255.67971e-09,  -0.7071067700
               </part>
               <part>
                  <!-- parent      --> "Root",
                  <!-- child       --> "Object02",
                  <!-- position    --> 1.2783306, 53.056858e-9, -0.89014626,
                  <!-- orientation -->  -0.7071067700, -541.81055e-09,   0.7071068300,
                                       -202.32503e-09,   1.0000000000,  563.91076e-09,
                                        -0.7071068300,  255.67971e-09,  -0.7071067700
               </part>
               <part>
                  <!-- parent      --> "Root",
                  <!-- child       --> "Object25",
                  <!-- position    --> 1.2783306, 53.056858e-9, -0.89014626,
                  <!-- orientation -->  -0.7071067700, -541.81055e-09,   0.7071068300,
                                       -202.32503e-09,   1.0000000000,  563.91076e-09,
                                        -0.7071068300,  255.67971e-09,  -0.7071067700
               </part>
               <part>
                  <!-- parent      --> "Root",
                  <!-- child       --> "Object08",
                  <!-- position    --> 1.2783306, 53.056858e-9, -0.89014626,
                  <!-- orientation -->  -0.7071067700, -541.81055e-09,   0.7071068300,
                                       -202.32503e-09,   1.0000000000,  563.91076e-09,
                                        -0.7071068300,  255.67971e-09,  -0.7071067700
               </part>
               <part>
                  <!-- parent      --> "Root",
                  <!-- child       --> "Object01",
                  <!-- position    --> 1.2783306, 53.056858e-9, -0.89014626,
                  <!-- orientation -->  -0.7071067700, -541.81055e-09,   0.7071068300,
                                       -202.32503e-09,   1.0000000000,  563.91076e-09,
                                        -0.7071068300,  255.67971e-09,  -0.7071067700
               </part>
               <part>
                  <!-- parent      --> "Root",
                  <!-- child       --> "Object21",
                  <!-- position    --> 1.2783306, 53.056858e-9, -0.89014626,
                  <!-- orientation -->  -0.7071067700, -541.81055e-09,   0.7071068300,
                                       -202.32503e-09,   1.0000000000,  563.91076e-09,
                                        -0.7071068300,  255.67971e-09,  -0.7071067700
               </part>
               <part>
                  <!-- parent      --> "Root",
                  <!-- child       --> "Object10",
                  <!-- position    --> 1.2783306, 53.056858e-9, -0.89014626,
                  <!-- orientation -->  -0.7071067700, -541.81055e-09,   0.7071068300,
                                       -202.32503e-09,   1.0000000000,  563.91076e-09,
                                        -0.7071068300,  255.67971e-09,  -0.7071067700
               </part>
               <part>
                  <!-- parent      --> "Root",
                  <!-- child       --> "Object18",
                  <!-- position    --> 1.2783306, 53.056858e-9, -0.89014626,
                  <!-- orientation -->  -0.7071067700, -541.81055e-09,   0.7071068300,
                                       -202.32503e-09,   1.0000000000,  563.91076e-09,
                                        -0.7071068300,  255.67971e-09,  -0.7071067700
               </part>
               <part>
                  <!-- parent      --> "Root",
                  <!-- child       --> "Object16",
                  <!-- position    --> 1.2783306, 53.056858e-9, -0.89014626,
                  <!-- orientation -->  -0.7071067700, -541.81055e-09,   0.7071068300,
                                       -202.32503e-09,   1.0000000000,  563.91076e-09,
                                        -0.7071068300,  255.67971e-09,  -0.7071067700
               </part>
               <part>
                  <!-- parent      --> "Root",
                  <!-- child       --> "Object24",
                  <!-- position    --> 1.2783306, 53.056858e-9, -0.89014626,
                  <!-- orientation -->  -0.7071067700, -541.81055e-09,   0.7071068300,
                                       -202.32503e-09,   1.0000000000,  563.91076e-09,
                                        -0.7071068300,  255.67971e-09,  -0.7071067700
               </part>
               <part>
                  <!-- parent      --> "Root",
                  <!-- child       --> "Object15",
                  <!-- position    --> 1.2783306, 53.056858e-9, -0.89014626,
                  <!-- orientation -->  -0.7071067700, -541.81055e-09,   0.7071068300,
                                       -202.32503e-09,   1.0000000000,  563.91076e-09,
                                        -0.7071068300,  255.67971e-09,  -0.7071067700
               </part>
               <part>
                  <!-- parent      --> "Root",
                  <!-- child       --> "Object17",
                  <!-- position    --> 1.2783306, 53.056858e-9, -0.89014626,
                  <!-- orientation -->  -0.7071067700, -541.81055e-09,   0.7071068300,
                                       -202.32503e-09,   1.0000000000,  563.91076e-09,
                                        -0.7071068300,  255.67971e-09,  -0.7071067700
               </part>
               <part>
                  <!-- parent      --> "Root",
                  <!-- child       --> "Object19",
                  <!-- position    --> 1.2783306, 53.056858e-9, -0.89014626,
                  <!-- orientation -->  -0.7071067700, -541.81055e-09,   0.7071068300,
                                       -202.32503e-09,   1.0000000000,  563.91076e-09,
                                        -0.7071068300,  255.67971e-09,  -0.7071067700
               </part>
               <part>
                  <!-- parent      --> "Root",
                  <!-- child       --> "Object29",
                  <!-- position    --> 1.2783306, 53.056858e-9, -0.89014626,
                  <!-- orientation -->  -0.7071067700, -541.81055e-09,   0.7071068300,
                                       -202.32503e-09,   1.0000000000,  563.91076e-09,
                                        -0.7071068300,  255.67971e-09,  -0.7071067700
               </part>
               <part>
                  <!-- parent      --> "Root",
                  <!-- child       --> "Object30",
                  <!-- position    --> 1.2783306, 53.056858e-9, -0.89014626,
                  <!-- orientation -->  -0.7071067700, -541.81055e-09,   0.7071068300,
                                       -202.32503e-09,   1.0000000000,  563.91076e-09,
                                        -0.7071068300,  255.67971e-09,  -0.7071067700
               </part>
               <part>
                  <!-- parent      --> "Root",
                  <!-- child       --> "Object27",
                  <!-- position    --> 1.2783306, 53.056858e-9, -0.89014626,
                  <!-- orientation -->  -0.7071067700, -541.81055e-09,   0.7071068300,
                                       -202.32503e-09,   1.0000000000,  563.91076e-09,
                                        -0.7071068300,  255.67971e-09,  -0.7071067700
               </part>
               <part>
                  <!-- parent      --> "Root",
                  <!-- child       --> "Object05",
                  <!-- position    --> 1.2783306, 53.056858e-9, -0.89014626,
                  <!-- orientation -->  -0.7071067700, -541.81055e-09,   0.7071068300,
                                       -202.32503e-09,   1.0000000000,  563.91076e-09,
                                        -0.7071068300,  255.67971e-09,  -0.7071067700
               </part>
               <part>
                  <!-- parent      --> "Root",
                  <!-- child       --> "Object06",
                  <!-- position    --> 1.2783306, 53.056858e-9, -0.89014626,
                  <!-- orientation -->  -0.7071067700, -541.81055e-09,   0.7071068300,
                                       -202.32503e-09,   1.0000000000,  563.91076e-09,
                                        -0.7071068300,  255.67971e-09,  -0.7071067700
               </part>
               <part>
                  <!-- parent      --> "Root",
                  <!-- child       --> "Object26",
                  <!-- position    --> 1.2783306, 53.056858e-9, -0.89014626,
                  <!-- orientation -->  -0.7071067700, -541.81055e-09,   0.7071068300,
                                       -202.32503e-09,   1.0000000000,  563.91076e-09,
                                        -0.7071068300,  255.67971e-09,  -0.7071067700
               </part>
               <part>
                  <!-- parent      --> "Root",
                  <!-- child       --> "Object22",
                  <!-- position    --> 1.2783306, 53.056858e-9, -0.89014626,
                  <!-- orientation -->  -0.7071067700, -541.81055e-09,   0.7071068300,
                                       -202.32503e-09,   1.0000000000,  563.91076e-09,
                                        -0.7071068300,  255.67971e-09,  -0.7071067700
               </part>
               <part>
                  <!-- parent      --> "Root",
                  <!-- child       --> "Object11",
                  <!-- position    --> 1.2783306, 53.056858e-9, -0.89014626,
                  <!-- orientation -->  -0.7071067700, -541.81055e-09,   0.7071068300,
                                       -202.32503e-09,   1.0000000000,  563.91076e-09,
                                        -0.7071068300,  255.67971e-09,  -0.7071067700
               </part>
               <part>
                  <!-- parent      --> "Root",
                  <!-- child       --> "Object13",
                  <!-- position    --> 1.2783306, 53.056858e-9, -0.89014626,
                  <!-- orientation -->  -0.7071067700, -541.81055e-09,   0.7071068300,
                                       -202.32503e-09,   1.0000000000,  563.91076e-09,
                                        -0.7071068300,  255.67971e-09,  -0.7071067700
               </part>
               <part>
                  <!-- parent      --> "Root",
                  <!-- child       --> "Object12",
                  <!-- position    --> 1.2783306, 53.056858e-9, -0.89014626,
                  <!-- orientation -->  -0.7071067700, -541.81055e-09,   0.7071068300,
                                       -202.32503e-09,   1.0000000000,  563.91076e-09,
                                        -0.7071068300,  255.67971e-09,  -0.7071067700
               </part>
               <part>
                  <!-- parent      --> "Root",
                  <!-- child       --> "Object20",
                  <!-- position    --> 1.2783306, 53.056858e-9, -0.89014626,
                  <!-- orientation -->  -0.7071067700, -541.81055e-09,   0.7071068300,
                                       -202.32503e-09,   1.0000000000,  563.91076e-09,
                                        -0.7071068300,  255.67971e-09,  -0.7071067700
               </part>
               <part>
                  <!-- parent      --> "Root",
                  <!-- child       --> "Object23",
                  <!-- position    --> 1.2783306, 53.056858e-9, -0.89014626,
                  <!-- orientation -->  -0.7071067700, -541.81055e-09,   0.7071068300,
                                       -202.32503e-09,   1.0000000000,  563.91076e-09,
                                        -0.7071068300,  255.67971e-09,  -0.7071067700
               </part>
               <part>
                  <!-- parent      --> "Root",
                  <!-- child       --> "Object14",
                  <!-- position    --> 1.2783306, 53.056858e-9, -0.89014626,
                  <!-- orientation -->  -0.7071067700, -541.81055e-09,   0.7071068300,
                                       -202.32503e-09,   1.0000000000,  563.91076e-09,
                                        -0.7071068300,  255.67971e-09,  -0.7071067700
               </part>
            </Fix>
         </Cons>
      </Cmpnd>
      <Material_library name="Material library">
         <Material_count name="Material count" type="int">2</Material_count>
         <stars.tga>
            <Type type="text">DcDtEc</Type>
            <Dt_name type="text">stars.tga</Dt_name>
            <Dt_flags type="int">0x40</Dt_flags>
            <Ec type="RGB">1, 1, 1</Ec>
         </stars.tga>
         <stars_large01.tga>
            <Type type="text">DcDtEc</Type>
            <Dt_name type="text">stars_large01.tga</Dt_name>
            <Dt_flags type="int">0x40</Dt_flags>
            <Ec type="RGB">1, 1, 1</Ec>
         </stars_large01.tga>
      </Material_library>
      <Texture_library name="Texture library">
         <stars_large01.tga>
            <MIPS type="file" filename="starsphere_ku07_stars_cmp\stars_large01.dds"/>
         </stars_large01.tga>
         <stars.tga>
            <MIPS type="file" filename="starsphere_ku07_stars_cmp\stars.dds"/>
         </stars.tga>
      </Texture_library>
      <starsphere020721150307.3db>
         <VMeshPart>
            <VMeshRef type="VMeshRef">
               <!-- header size  --> 60,
               <!-- vmesh lib    --> data.solar.starsphere.starsphere_ku07_stars.lod0-102.vms,
               <!-- start vert   --> 1869,
               <!-- num verts    --> 264,
               <!-- start index  --> 1869,
               <!-- num indices  --> 264,
               <!-- start mesh   --> 24,
               <!-- num meshes   --> 1,
               <!-- bounding box -->  -0.15995294,  -0.032229766, -64.157211,
                                     -51.942764,   -48.319824,    -98.345894,
               <!-- center       --> -24.990633,   -26.238314,    -81.559456,
               <!-- radius       --> 36.185257
            </VMeshRef>
         </VMeshPart>
      </starsphere020721150307.3db>
      <Object28020721150307.3db>
         <VMeshPart>
            <VMeshRef type="VMeshRef">
               <!-- header size  --> 60,
               <!-- vmesh lib    --> data.solar.starsphere.starsphere_ku07_stars.lod0-102.vms,
               <!-- start vert   --> 2133,
               <!-- num verts    --> 102,
               <!-- start index  --> 2133,
               <!-- num indices  --> 102,
               <!-- start mesh   --> 25,
               <!-- num meshes   --> 2,
               <!-- bounding box --> 80.857773, -51.929661,  -0.50015253,
                                     26.983973, -95.117653, -49.90575,
               <!-- center       --> 54.827896, -73.497261, -20.500349,
               <!-- radius       --> 37.823116
            </VMeshRef>
         </VMeshPart>
      </Object28020721150307.3db>
      <Object09020721150307.3db>
         <VMeshPart>
            <VMeshRef type="VMeshRef">
               <!-- header size  --> 60,
               <!-- vmesh lib    --> data.solar.starsphere.starsphere_ku07_stars.lod0-102.vms,
               <!-- start vert   --> 201,
               <!-- num verts    --> 24,
               <!-- start index  --> 201,
               <!-- num indices  --> 24,
               <!-- start mesh   --> 2,
               <!-- num meshes   --> 1,
               <!-- bounding box --> 59.489334,  -31.274942, 87.984802,
                                      1.4347533, -49.283596, 61.433754,
               <!-- center       --> 30.420027,  -41.181316, 74.676109,
               <!-- radius       --> 32.715164
            </VMeshRef>
         </VMeshPart>
      </Object09020721150307.3db>
      <Object31020721150307.3db>
         <VMeshPart>
            <VMeshRef type="VMeshRef">
               <!-- header size  --> 60,
               <!-- vmesh lib    --> data.solar.starsphere.starsphere_ku07_stars.lod0-102.vms,
               <!-- start vert   --> 1416,
               <!-- num verts    --> 177,
               <!-- start index  --> 1416,
               <!-- num indices  --> 177,
               <!-- start mesh   --> 17,
               <!-- num meshes   --> 2,
               <!-- bounding box -->   1.3902854, -50.687992, 82.620201,
                                     -49.339626,  -97.834908, 15.717826,
               <!-- center       --> -20.345127,  -74.833801, 48.987186,
               <!-- radius       --> 43.438118
            </VMeshRef>
         </VMeshPart>
      </Object31020721150307.3db>
      <Object02020721150307.3db>
         <VMeshPart>
            <VMeshRef type="VMeshRef">
               <!-- header size  --> 60,
               <!-- vmesh lib    --> data.solar.starsphere.starsphere_ku07_stars.lod0-102.vms,
               <!-- start vert   --> 1866,
               <!-- num verts    --> 3,
               <!-- start index  --> 1866,
               <!-- num indices  --> 3,
               <!-- start mesh   --> 23,
               <!-- num meshes   --> 1,
               <!-- bounding box --> -53.879482, -43.644775, -64.332848,
                                     -54.253235, -44.047867, -64.673218,
               <!-- center       --> -54.071049, -43.833996, -64.504379,
               <!-- radius       --> 0.27813986
            </VMeshRef>
         </VMeshPart>
      </Object02020721150307.3db>
      <Object25020721150307.3db>
         <VMeshPart>
            <VMeshRef type="VMeshRef">
               <!-- header size  --> 60,
               <!-- vmesh lib    --> data.solar.starsphere.starsphere_ku07_stars.lod0-102.vms,
               <!-- start vert   --> 2868,
               <!-- num verts    --> 9,
               <!-- start index  --> 2868,
               <!-- num indices  --> 9,
               <!-- start mesh   --> 34,
               <!-- num meshes   --> 2,
               <!-- bounding box --> -76.206329, -37.843403,   0.37265027,
                                     -84.986664, -45.156395, -36.220871,
               <!-- center       --> -80.656273, -41.424622, -17.671104,
               <!-- radius       --> 18.898533
            </VMeshRef>
         </VMeshPart>
      </Object25020721150307.3db>
      <Object08020721150307.3db>
         <VMeshPart>
            <VMeshRef type="VMeshRef">
               <!-- header size  --> 60,
               <!-- vmesh lib    --> data.solar.starsphere.starsphere_ku07_stars.lod0-102.vms,
               <!-- start vert   --> 1707,
               <!-- num verts    --> 156,
               <!-- start index  --> 1707,
               <!-- num indices  --> 156,
               <!-- start mesh   --> 21,
               <!-- num meshes   --> 1,
               <!-- bounding box --> -67.342606,   0.12574822, 58.774036,
                                     -97.023834, -48.423939,    3.2670522,
               <!-- center       --> -81.813728, -26.591904,   31.490936,
               <!-- radius       --> 35.308716
            </VMeshRef>
         </VMeshPart>
      </Object08020721150307.3db>
      <Object01020721150307.3db>
         <VMeshPart>
            <VMeshRef type="VMeshRef">
               <!-- header size  --> 60,
               <!-- vmesh lib    --> data.solar.starsphere.starsphere_ku07_stars.lod0-102.vms,
               <!-- start vert   --> 1128,
               <!-- num verts    --> 141,
               <!-- start index  --> 1128,
               <!-- num indices  --> 141,
               <!-- start mesh   --> 13,
               <!-- num meshes   --> 1,
               <!-- bounding box --> 83.36657,  -50.040733, 49.90583,
                                     26.983887, -95.657829,  0.78221381,
               <!-- center       --> 54.341862, -73.597214, 23.093328,
               <!-- radius       --> 37.937664
            </VMeshRef>
         </VMeshPart>
      </Object01020721150307.3db>
      <Object21020721150307.3db>
         <VMeshPart>
            <VMeshRef type="VMeshRef">
               <!-- header size  --> 60,
               <!-- vmesh lib    --> data.solar.starsphere.starsphere_ku07_stars.lod0-102.vms,
               <!-- start vert   --> 1269,
               <!-- num verts    --> 3,
               <!-- start index  --> 1269,
               <!-- num indices  --> 3,
               <!-- start mesh   --> 14,
               <!-- num meshes   --> 1,
               <!-- bounding box --> 31.56336,  -44.738514, -75.996002,
                                     31.157545, -45.156376, -76.278259,
               <!-- center       --> 31.38155,  -44.925934, -76.140968,
               <!-- radius       --> 0.27240446
            </VMeshRef>
         </VMeshPart>
      </Object21020721150307.3db>
      <Object10020721150307.3db>
         <VMeshPart>
            <VMeshRef type="VMeshRef">
               <!-- header size  --> 60,
               <!-- vmesh lib    --> data.solar.starsphere.starsphere_ku07_stars.lod0-102.vms,
               <!-- start vert   --> 555,
               <!-- num verts    --> 153,
               <!-- start index  --> 555,
               <!-- num indices  --> 153,
               <!-- start mesh   --> 8,
               <!-- num meshes   --> 2,
               <!-- bounding box -->   0.39486483, -50.688046, -15.717777,
                                     -49.339615,   -97.834923, -82.028732,
               <!-- center       --> -20.689516,   -74.884491, -48.694653,
               <!-- radius       --> 43.166218
            </VMeshRef>
         </VMeshPart>
      </Object10020721150307.3db>
      <Object18020721150307.3db>
         <VMeshPart>
            <VMeshRef type="VMeshRef">
               <!-- header size  --> 60,
               <!-- vmesh lib    --> data.solar.starsphere.starsphere_ku07_stars.lod0-102.vms,
               <!-- start vert   --> 1317,
               <!-- num verts    --> 99,
               <!-- start index  --> 1317,
               <!-- num indices  --> 99,
               <!-- start mesh   --> 16,
               <!-- num meshes   --> 1,
               <!-- bounding box --> -26.983931, -51.929703,  -0.78211796,
                                     -78.175415, -95.117668, -49.905754,
               <!-- center       --> -52.902832, -74.405159, -21.29431,
               <!-- radius       --> 35.231796
            </VMeshRef>
         </VMeshPart>
      </Object18020721150307.3db>
      <Object16020721150307.3db>
         <VMeshPart>
            <VMeshRef type="VMeshRef">
               <!-- header size  --> 60,
               <!-- vmesh lib    --> data.solar.starsphere.starsphere_ku07_stars.lod0-102.vms,
               <!-- start vert   --> 2643,
               <!-- num verts    --> 195,
               <!-- start index  --> 2643,
               <!-- num indices  --> 195,
               <!-- start mesh   --> 32,
               <!-- num meshes   --> 1,
               <!-- bounding box -->  -9.111598,  -50.040695, 50.275444,
                                     -83.366615, -101.21024,   0.30787009,
               <!-- center       --> -44.546082,  -76.829666, 21.788324,
               <!-- radius       --> 48.077278
            </VMeshRef>
         </VMeshPart>
      </Object16020721150307.3db>
      <Object24020721150307.3db>
         <VMeshPart>
            <VMeshRef type="VMeshRef">
               <!-- header size  --> 60,
               <!-- vmesh lib    --> data.solar.starsphere.starsphere_ku07_stars.lod0-102.vms,
               <!-- start vert   --> 1272,
               <!-- num verts    --> 45,
               <!-- start index  --> 1272,
               <!-- num indices  --> 45,
               <!-- start mesh   --> 15,
               <!-- num meshes   --> 1,
               <!-- bounding box -->  -1.4347265, -31.27491,  88.46833,
                                     -58.383755,  -49.28355,  64.332878,
               <!-- center       --> -28.718321,  -40.754238, 76.888062,
               <!-- radius       --> 30.323076
            </VMeshRef>
         </VMeshPart>
      </Object24020721150307.3db>
      <Object15020721150307.3db>
         <VMeshPart>
            <VMeshRef type="VMeshRef">
               <!-- header size  --> 60,
               <!-- vmesh lib    --> data.solar.starsphere.starsphere_ku07_stars.lod0-102.vms,
               <!-- start vert   --> 708,
               <!-- num verts    --> 138,
               <!-- start index  --> 708,
               <!-- num indices  --> 138,
               <!-- start mesh   --> 10,
               <!-- num meshes   --> 1,
               <!-- bounding box --> 49.339607, -50.688015, -15.717781,
                                      0.565341, -97.834915, -81.994164,
               <!-- center       --> 20.448498, -75.102707, -48.692966,
               <!-- radius       --> 42.961498
            </VMeshRef>
         </VMeshPart>
      </Object15020721150307.3db>
      <Object17020721150307.3db>
         <VMeshPart>
            <VMeshRef type="VMeshRef">
               <!-- header size  --> 60,
               <!-- vmesh lib    --> data.solar.starsphere.starsphere_ku07_stars.lod0-102.vms,
               <!-- start vert   --> 846,
               <!-- num verts    --> 153,
               <!-- start index  --> 846,
               <!-- num indices  --> 153,
               <!-- start mesh   --> 11,
               <!-- num meshes   --> 1,
               <!-- bounding box --> 55.145359,    -50.688011, 82.291664,
                                      0.56536877, -101.45245,   1.2088984,
               <!-- center       --> 23.888184,    -76.580986, 41.593967,
               <!-- radius       --> 50.914173
            </VMeshRef>
         </VMeshPart>
      </Object17020721150307.3db>
      <Object19020721150307.3db>
         <VMeshPart>
            <VMeshRef type="VMeshRef">
               <!-- header size  --> 60,
               <!-- vmesh lib    --> data.solar.starsphere.starsphere_ku07_stars.lod0-102.vms,
               <!-- start vert   --> 2997,
               <!-- num verts    --> 117,
               <!-- start index  --> 2997,
               <!-- num indices  --> 117,
               <!-- start mesh   --> 37,
               <!-- num meshes   --> 1,
               <!-- bounding box --> 73.407089, 95.117668, 52.217976,
                                     25.75692,  50.040752,  2.1195621,
               <!-- center       --> 52.176189, 72.325531, 24.281624,
               <!-- radius       --> 36.858307
            </VMeshRef>
         </VMeshPart>
      </Object19020721150307.3db>
      <Object29020721150307.3db>
         <VMeshPart>
            <VMeshRef type="VMeshRef">
               <!-- header size  --> 60,
               <!-- vmesh lib    --> data.solar.starsphere.starsphere_ku07_stars.lod0-102.vms,
               <!-- start vert   --> 540,
               <!-- num verts    --> 15,
               <!-- start index  --> 540,
               <!-- num indices  --> 15,
               <!-- start mesh   --> 6,
               <!-- num meshes   --> 2,
               <!-- bounding box --> 60.997734, 48.423939, 80.247131,
                                     29.023109, 40.190678, 63.409096,
               <!-- center       --> 44.933693, 43.880047, 71.875496,
               <!-- radius       --> 18.388357
            </VMeshRef>
         </VMeshPart>
      </Object29020721150307.3db>
      <Object30020721150307.3db>
         <VMeshPart>
            <VMeshRef type="VMeshRef">
               <!-- header size  --> 60,
               <!-- vmesh lib    --> data.solar.starsphere.starsphere_ku07_stars.lod0-102.vms,
               <!-- start vert   --> 0,
               <!-- num verts    --> 6,
               <!-- start index  --> 0,
               <!-- num indices  --> 6,
               <!-- start mesh   --> 0,
               <!-- num meshes   --> 1,
               <!-- bounding box --> -75.719284, 45.156357, -29.023081,
                                     -80.247238, 40.190685, -32.226864,
               <!-- center       --> -77.97715,  42.698055, -30.608057,
               <!-- radius       --> 3.6376541
            </VMeshRef>
         </VMeshPart>
      </Object30020721150307.3db>
      <Object27020721150307.3db>
         <VMeshPart>
            <VMeshRef type="VMeshRef">
               <!-- header size  --> 60,
               <!-- vmesh lib    --> data.solar.starsphere.starsphere_ku07_stars.lod0-102.vms,
               <!-- start vert   --> 1863,
               <!-- num verts    --> 3,
               <!-- start index  --> 1863,
               <!-- num indices  --> 3,
               <!-- start mesh   --> 22,
               <!-- num meshes   --> 1,
               <!-- bounding box --> -31.822029, 45.156315, -75.719193,
                                     -32.226898, 44.738453, -76.003471,
               <!-- center       --> -32.045132, 44.92614,  -75.864838,
               <!-- radius       --> 0.2724936
            </VMeshRef>
         </VMeshPart>
      </Object27020721150307.3db>
      <Object05020721150307.3db>
         <VMeshPart>
            <VMeshRef type="VMeshRef">
               <!-- header size  --> 60,
               <!-- vmesh lib    --> data.solar.starsphere.starsphere_ku07_stars.lod0-102.vms,
               <!-- start vert   --> 2838,
               <!-- num verts    --> 30,
               <!-- start index  --> 2838,
               <!-- num indices  --> 30,
               <!-- start mesh   --> 33,
               <!-- num meshes   --> 1,
               <!-- bounding box -->  -7.22,     47.153111, 89.785301,
                                     -59.143871, 31.274931, 66.424385,
               <!-- center       --> -34.085796, 39.569351, 77.605278,
               <!-- radius       --> 27.919752
            </VMeshRef>
         </VMeshPart>
      </Object05020721150307.3db>
      <Object06020721150307.3db>
         <VMeshPart>
            <VMeshRef type="VMeshRef">
               <!-- header size  --> 60,
               <!-- vmesh lib    --> data.solar.starsphere.starsphere_ku07_stars.lod0-102.vms,
               <!-- start vert   --> 333,
               <!-- num verts    --> 207,
               <!-- start index  --> 333,
               <!-- num indices  --> 207,
               <!-- start mesh   --> 4,
               <!-- num meshes   --> 2,
               <!-- bounding box --> -63.375896, 50.057503,   59.075119,
                                     -98.100044, -0.22138822,  7.2200232,
               <!-- center       --> -79.689407, 27.490211,   34.86581,
               <!-- radius       --> 36.128738
            </VMeshRef>
         </VMeshPart>
      </Object06020721150307.3db>
      <Object26020721150307.3db>
         <VMeshPart>
            <VMeshRef type="VMeshRef">
               <!-- header size  --> 60,
