<?xml version="1.0" encoding="ISO-8859-1"?>
<!-- XML generated by UTFXML Version 2.2 built 19-Aug-2010 -->
<UTFXML filename="space_dome_dmg.cmp" path="SOLAR\MISC">
   <UTF_ROOT>
      <VMeshLibrary>
         <data.solar.misc.space_dome_dmg.lod0-112.vms include="space_dome_dmg_cmp\lod0-112.vms.xml"/>
         <data.solar.misc.space_dome_dmg.lod1-112.vms include="space_dome_dmg_cmp\lod1-112.vms.xml"/>
      </VMeshLibrary>
      <Cmpnd>
         <Cons>
            <Fix type="Fix" count="4">
               <part>
                  <!-- parent      --> "Root",
                  <!-- child       --> "dome01_lod1",
                  <!-- position    --> 21.129578, 10.73055e-6, 63.649864,
                  <!-- orientation -->   1.0000000000, -31.593438e-15, -37.390491e-15,
                                        31.593445e-15,   1.0000000000,  168.58741e-09,
                                        37.390484e-15, -168.58741e-09,   1.0000000000
               </part>
               <part>
                  <!-- parent      --> "Root",
                  <!-- child       --> "dome02_lod1",
                  <!-- position    --> -71.322205, -3.532303e-6, -20.952242,
                  <!-- orientation -->   1.0000000000, -31.593438e-15, -37.390491e-15,
                                        31.593445e-15,   1.0000000000,  168.58741e-09,
                                        37.390484e-15, -168.58741e-09,   1.0000000000
               </part>
               <part>
                  <!-- parent      --> "Root",
                  <!-- child       --> "tanks_lod1",
                  <!-- position    --> -0.0034790039, -79.170967, 0.23698424,
                  <!-- orientation -->   1.0000000000, -32.351088e-15, -27.343010e-15,
                                        32.351092e-15,   1.0000000000,  168.58738e-09,
                                        27.343005e-15, -168.58738e-09,   1.0000000000
               </part>
               <part>
                  <!-- parent      --> "Root",
                  <!-- child       --> "girder_lod1",
                  <!-- position    --> 197.31967, 4.1328397, 0.20484948,
                  <!-- orientation -->  -1.0000000000, -91.391207e-09,  119.20930e-09,
                                       -91.391200e-09,   1.0000000000,  84.293703e-09,
                                       -119.20932e-09,  84.293688e-09,  -1.0000000000
               </part>
            </Fix>
         </Cons>
         <Part_dome01_lod1>
            <File_name name="File name" type="text">dome01_lod1021212190615.3db</File_name>
            <Index type="int">1</Index>
            <Object_name name="Object name" type="text">dome01_lod1</Object_name>
         </Part_dome01_lod1>
         <Part_dome02_lod1>
            <File_name name="File name" type="text">dome02_lod1021212190615.3db</File_name>
            <Index type="int">2</Index>
            <Object_name name="Object name" type="text">dome02_lod1</Object_name>
         </Part_dome02_lod1>
         <Part_girder_lod1>
            <File_name name="File name" type="text">girder_lod1021212190615.3db</File_name>
            <Index type="int">4</Index>
            <Object_name name="Object name" type="text">girder_lod1</Object_name>
         </Part_girder_lod1>
         <Part_tanks_lod1>
            <File_name name="File name" type="text">tanks_lod1021212190615.3db</File_name>
            <Index type="int">3</Index>
            <Object_name name="Object name" type="text">tanks_lod1</Object_name>
         </Part_tanks_lod1>
         <Root>
            <File_name name="File name" type="text">space_dome_lod1021212190615.3db</File_name>
            <Index type="int">0</Index>
            <Object_name name="Object name" type="text">Root</Object_name>
         </Root>
      </Cmpnd>
      <dome01_lod1021212190615.3db>
         <Hardpoints>
            <Fixed>
               <HpFX25>
                  <Orientation type="Matrix">
                       1.0000000000,  1.4678938e-09, -246.54793e-09,
                     -1.4678945e-09,   1.0000000000, -2.7827554e-09,
                      246.54793e-09,  2.7827558e-09,   1.0000000000
                  </Orientation>
                  <Position type="Vector">27.293945, 15.37301, 40.25378</Position>
               </HpFX25>
               <HpRunningLight04>
                  <Orientation type="Matrix">
                      -0.7071067700,  86.419320e-09,  -0.7071067700,
                     -382.89298e-09,   1.0000000000,  505.10835e-09,
                       0.7071067700,  627.91179e-09,  -0.7071067700
                  </Orientation>
                  <Position type="Vector">67.220825, 4.1641698, 25.135422</Position>
               </HpRunningLight04>
            </Fixed>
         </Hardpoints>
         <VMeshWire include="space_dome_dmg_cmp\dome01_lod1.vwd.xml"/>
         <MultiLevel>
            <Level0>
               <VMeshPart>
                  <VMeshRef type="VMeshRef">
                     <!-- header size  --> 60,
                     <!-- vmesh lib    --> data.solar.misc.space_dome_dmg.lod0-112.vms,
                     <!-- start vert   --> 1025,
                     <!-- num verts    --> 334,
                     <!-- start index  --> 1626,
                     <!-- num indices  --> 564,
                     <!-- start mesh   --> 14,
                     <!-- num meshes   --> 6,
                     <!-- bounding box -->  98.261055,    69.19529,   62.193279,
                                           -95.00016,    -16.145166, -63.055996,
                     <!-- center       -->  -0.52240336,  24.147121,   0.88309085,
                     <!-- radius       --> 106.01501
                  </VMeshRef>
               </VMeshPart>
            </Level0>
            <Level1>
               <VMeshPart>
                  <VMeshRef type="VMeshRef">
                     <!-- header size  --> 60,
                     <!-- vmesh lib    --> data.solar.misc.space_dome_dmg.lod1-112.vms,
                     <!-- start vert   --> 647,
                     <!-- num verts    --> 237,
                     <!-- start index  --> 792,
                     <!-- num indices  --> 276,
                     <!-- start mesh   --> 12,
                     <!-- num meshes   --> 5,
                     <!-- bounding box -->  98.261055,    69.19529,   62.193279,
                                           -95.00016,    -16.145166, -63.055996,
                     <!-- center       -->  -0.52240336,  24.147121,   0.88309085,
                     <!-- radius       --> 106.01501
                  </VMeshRef>
               </VMeshPart>
            </Level1>
            <Switch2 type="float array" count="3">
               0,
               100,
               1000000
            </Switch2>
         </MultiLevel>
      </dome01_lod1021212190615.3db>
      <dome02_lod1021212190615.3db>
         <Hardpoints>
            <Fixed>
               <HpConnect02>
                  <Orientation type="Matrix">
                     -172.96890e-09,  -1.0000000000,  39.515847e-09,
                     -244.65504e-09, -39.515804e-09,  -1.0000000000,
                       1.0000000000, -172.96891e-09, -244.65504e-09
                  </Orientation>
                  <Position type="Vector">-56.008484, 4.2352171, 21.02002</Position>
               </HpConnect02>
               <HpFX26>
                  <Orientation type="Matrix">
                       1.0000000000,  1.4678938e-09, -246.54793e-09,
                     -1.4678945e-09,   1.0000000000, -2.7827554e-09,
                      246.54793e-09,  2.7827558e-09,   1.0000000000
                  </Orientation>
                  <Position type="Vector">-46.549255, 15.373017, -17.52191</Position>
               </HpFX26>
               <HpRunningLight02>
                  <Orientation type="Matrix">
                       0.7071069500,  323.72216e-09,   0.7071066500,
                     -217.72233e-09,   1.0000000000, -240.08992e-09,
                      -0.7071066500,  15.816340e-09,   0.7071069500
                  </Orientation>
                  <Position type="Vector">-17.697327, 4.1642275, -67.632263</Position>
               </HpRunningLight02>
               <HpRunningLight03>
                  <Orientation type="Matrix">
                      -0.7071068300, -319.98914e-09,   0.7071067100,
                     -159.54949e-09,   1.0000000000,  292.98346e-09,
                      -0.7071067100,  94.352096e-09,  -0.7071068300
                  </Orientation>
                  <Position type="Vector">-17.697388, 4.1642084, 109.73754</Position>
               </HpRunningLight03>
            </Fixed>
         </Hardpoints>
         <VMeshWire include="space_dome_dmg_cmp\dome02_lod1.vwd.xml"/>
         <MultiLevel>
            <Level0>
               <VMeshPart>
                  <VMeshRef type="VMeshRef">
                     <!-- header size  --> 60,
                     <!-- vmesh lib    --> data.solar.misc.space_dome_dmg.lod0-112.vms,
                     <!-- start vert   --> 1359,
                     <!-- num verts    --> 516,
                     <!-- start index  --> 2190,
                     <!-- num indices  --> 744,
                     <!-- start mesh   --> 20,
                     <!-- num meshes   --> 7,
                     <!-- bounding box -->  88.70475,   69.19529,   122.80999,
                                           -56.036827, -16.145124, -104.38193,
                     <!-- center       -->  19.400085,  24.145359,    4.2019529,
                     <!-- radius       --> 124.02345
                  </VMeshRef>
               </VMeshPart>
            </Level0>
            <Level1>
               <VMeshPart>
                  <VMeshRef type="VMeshRef">
                     <!-- header size  --> 60,
                     <!-- vmesh lib    --> data.solar.misc.space_dome_dmg.lod1-112.vms,
                     <!-- start vert   --> 884,
                     <!-- num verts    --> 353,
                     <!-- start index  --> 1068,
                     <!-- num indices  --> 414,
                     <!-- start mesh   --> 17,
                     <!-- num meshes   --> 6,
                     <!-- bounding box -->  88.70475,   69.19529,   122.80999,
                                           -56.036827, -16.145124, -104.38193,
                     <!-- center       -->  19.400085,  24.145359,    4.2019529,
                     <!-- radius       --> 124.02345
                  </VMeshRef>
               </VMeshPart>
            </Level1>
            <Switch2 type="float array" count="3">
               0,
               100,
               1000000
            </Switch2>
         </MultiLevel>
      </dome02_lod1021212190615.3db>
      <Exporter_Version name="Exporter Version" type="text">Nov  5 2002 11:41:55</Exporter_Version>
      <girder_lod1021212190615.3db>
         <Hardpoints>
            <Fixed>
               <HpFX21>
                  <Orientation type="Matrix">
                      -1.0000000000, -92.183981e-09,  128.82154e-09,
                     -92.183946e-09,   1.0000000000,  252.85445e-09,
                     -128.82157e-09,  252.85445e-09,  -1.0000000000
                  </Orientation>
                  <Position type="Vector">-83.615768, -0.42336735, 1.2420175</Position>
               </HpFX21>
               <HpFX22>
                  <Orientation type="Matrix">
                      -1.0000000000, -91.155997e-09,  125.16817e-09,
                     -91.155961e-09,   1.0000000000,  279.70634e-09,
                     -125.16820e-09,  279.70634e-09,  -1.0000000000
                  </Orientation>
                  <Position type="Vector">-10.863618, -0.4233593, -6.8726859</Position>
               </HpFX22>
               <HpFX24>
                  <Orientation type="Matrix">
                      -1.0000000000, -91.155997e-09,  125.16817e-09,
                     -91.155961e-09,   1.0000000000,  279.70634e-09,
                     -125.16820e-09,  279.70634e-09,  -1.0000000000
                  </Orientation>
                  <Position type="Vector">40.739502, -0.42335454, -8.3697023</Position>
               </HpFX24>
            </Fixed>
         </Hardpoints>
         <VMeshWire include="space_dome_dmg_cmp\girder_lod1.vwd.xml"/>
         <MultiLevel>
            <Level0>
               <VMeshPart>
                  <VMeshRef type="VMeshRef">
                     <!-- header size  --> 60,
                     <!-- vmesh lib    --> data.solar.misc.space_dome_dmg.lod0-112.vms,
                     <!-- start vert   --> 995,
                     <!-- num verts    --> 30,
                     <!-- start index  --> 1596,
                     <!-- num indices  --> 30,
                     <!-- start mesh   --> 12,
                     <!-- num meshes   --> 2,
                     <!-- bounding box -->   70.050323,  8.3106451,    8.3065434,
                                           -105.62544,  -8.3090096,   -8.2685347,
                     <!-- center       -->  -17.780359, -0.068679534, -0.050250363,
                     <!-- radius       --> 88.621651
                  </VMeshRef>
               </VMeshPart>
            </Level0>
            <Level1>
               <VMeshPart>
                  <VMeshRef type="VMeshRef">
                     <!-- header size  --> 60,
                     <!-- vmesh lib    --> data.solar.misc.space_dome_dmg.lod1-112.vms,
                     <!-- start vert   --> 617,
                     <!-- num verts    --> 30,
                     <!-- start index  --> 762,
                     <!-- num indices  --> 30,
                     <!-- start mesh   --> 10,
                     <!-- num meshes   --> 2,
                     <!-- bounding box -->   70.050323,  8.3106451,    8.3065434,
                                           -105.62544,  -8.3090096,   -8.2685347,
                     <!-- center       -->  -17.780359, -0.068679534, -0.050250363,
                     <!-- radius       --> 88.621651
                  </VMeshRef>
               </VMeshPart>
            </Level1>
            <Switch2 type="float array" count="3">
               0,
               100,
               1000000
            </Switch2>
         </MultiLevel>
      </girder_lod1021212190615.3db>
      <space_dome_lod1021212190615.3db>
         <Hardpoints>
            <Fixed>
               <HpConnect01>
                  <Orientation type="Matrix">
                      561.20240e-09,   1.0000000000, -54.040274e-09,
                      37.409446e-09,  54.040253e-09,   1.0000000000,
                       1.0000000000, -561.20240e-09, -37.409414e-09
                  </Orientation>
                  <Position type="Vector">302.95932, 4.2274399, 0.06777668</Position>
               </HpConnect01>
               <HpDome>
                  <Orientation type="Matrix">
                      169.21845e-09, -296.38360e-09,   1.0000000000,
                      40.826482e-09,   1.0000000000,  296.38360e-09,
                      -1.0000000000,  40.826432e-09,  169.21847e-09
                  </Orientation>
                  <Position type="Vector">-0.08807373, -0.11391163, 0.067779519</Position>
               </HpDome>
               <HpRunningLight01>
                  <Orientation type="Matrix">
                       0.7071067700,  288.76411e-09,  -0.7071068300,
                     -403.79541e-09,   1.0000000000,  4.5787361e-09,
                       0.7071068300,  282.28882e-09,   0.7071067700
                  </Orientation>
                  <Position type="Vector">88.350372, 4.1642146, -88.584549</Position>
               </HpRunningLight01>
            </Fixed>
         </Hardpoints>
         <VMeshWire include="space_dome_dmg_cmp\space_dome_lod1.vwd.xml"/>
         <MultiLevel>
            <Level0>
               <VMeshPart>
                  <VMeshRef type="VMeshRef">
                     <!-- header size  --> 60,
                     <!-- vmesh lib    --> data.solar.misc.space_dome_dmg.lod0-112.vms,
                     <!-- start vert   --> 424,
                     <!-- num verts    --> 571,
                     <!-- start index  --> 750,
                     <!-- num indices  --> 846,
                     <!-- start mesh   --> 4,
                     <!-- num meshes   --> 8,
                     <!-- bounding box --> 127.26361,   71.241913,   51.646362,
                                           -51.800629, -21.61977,  -125.33424,
                     <!-- center       -->  43.944527,  20.65139,   -33.295116,
                     <!-- radius       --> 107.56733
                  </VMeshRef>
               </VMeshPart>
            </Level0>
            <Level1>
               <VMeshPart>
                  <VMeshRef type="VMeshRef">
                     <!-- header size  --> 60,
                     <!-- vmesh lib    --> data.solar.misc.space_dome_dmg.lod1-112.vms,
                     <!-- start vert   --> 256,
                     <!-- num verts    --> 361,
                     <!-- start index  --> 342,
                     <!-- num indices  --> 420,
                     <!-- start mesh   --> 4,
                     <!-- num meshes   --> 6,
                     <!-- bounding box --> 127.26361,   71.241913,   51.646362,
                                           -51.800629, -21.61977,  -125.33424,
                     <!-- center       -->  43.944527,  20.65139,   -33.295116,
                     <!-- radius       --> 107.56733
                  </VMeshRef>
               </VMeshPart>
            </Level1>
            <Switch2 type="float array" count="3">
               0,
               100,
               1000000
            </Switch2>
         </MultiLevel>
      </space_dome_lod1021212190615.3db>
      <tanks_lod1021212190615.3db>
         <Hardpoints>
            <Fixed>
               <HpFX27>
                  <Orientation type="Matrix">
                       1.0000000000,  1.6101915e-09, -245.65176e-09,
                     -1.6101759e-09,   1.0000000000,  63.548711e-09,
                      245.65176e-09, -63.548711e-09,   1.0000000000
                  </Orientation>
                  <Position type="Vector">-17.42804, 17.926064, -16.041512</Position>
               </HpFX27>
               <HpFX28>
                  <Orientation type="Matrix">
                       1.0000000000,  1.6101915e-09, -245.65176e-09,
                     -1.6101759e-09,   1.0000000000,  63.548711e-09,
                      245.65176e-09, -63.548711e-09,   1.0000000000
                  </Orientation>
                  <Position type="Vector">21.493774, -12.077641, 22.731318</Position>
               </HpFX28>
               <HpFX29>
                  <Orientation type="Matrix">
                       1.0000000000,  1.6101915e-09, -245.65176e-09,
                     -1.6101759e-09,   1.0000000000,  63.548711e-09,
                      245.65176e-09, -63.548711e-09,   1.0000000000
                  </Orientation>
                  <Position type="Vector">24.827087, -46.662483, -29.026346</Position>
               </HpFX29>
            </Fixed>
         </Hardpoints>
         <VMeshWire include="space_dome_dmg_cmp\tanks_lod1.vwd.xml"/>
         <MultiLevel>
            <Level0>
               <VMeshPart>
                  <VMeshRef type="VMeshRef">
                     <!-- header size  --> 60,
                     <!-- vmesh lib    --> data.solar.misc.space_dome_dmg.lod0-112.vms,
                     <!-- start vert   --> 0,
                     <!-- num verts    --> 424,
                     <!-- start index  --> 0,
                     <!-- num indices  --> 750,
                     <!-- start mesh   --> 0,
                     <!-- num meshes   --> 4,
                     <!-- bounding box -->  60.192284,    57.537941,   60.206684,
                                           -60.160297,   -57.509632,  -60.145901,
                     <!-- center       -->  -0.01557693,   4.4231586,  -0.90860808,
                     <!-- radius       --> 70.957916
                  </VMeshRef>
               </VMeshPart>
            </Level0>
            <Level1>
               <VMeshPart>
                  <VMeshRef type="VMeshRef">
                     <!-- header size  --> 60,
                     <!-- vmesh lib    --> data.solar.misc.space_dome_dmg.lod1-112.vms,
                     <!-- start vert   --> 0,
                     <!-- num verts    --> 256,
                     <!-- start index  --> 0,
                     <!-- num indices  --> 342,
                     <!-- start mesh   --> 0,
                     <!-- num meshes   --> 4,
                     <!-- bounding box -->  60.192284,    57.537941,   60.206684,
                                           -60.160297,   -57.509632,  -60.145901,
                     <!-- center       -->  -0.01557693,   4.4231586,  -0.90860808,
                     <!-- radius       --> 70.957916
                  </VMeshRef>
               </VMeshPart>
            </Level1>
            <Switch2 type="float array" count="3">
               0,
               100,
               1000000
            </Switch2>
         </MultiLevel>
      </tanks_lod1021212190615.3db>
   </UTF_ROOT>
</UTFXML>
