<?xml version="1.0" encoding="ISO-8859-1"?>
<!-- XML generated by UTFXML Version 2.2 built 19-Aug-2010 -->
<UTFXML filename="space_dome.cmp" path="SOLAR\MISC">
   <UTF_ROOT>
      <VMeshLibrary>
         <data.solar.misc.space_dome.lod0-112.vms include="space_dome_cmp\lod0-112.vms.xml"/>
         <data.solar.misc.space_dome.lod1-112.vms include="space_dome_cmp\lod1-112.vms.xml"/>
         <data.solar.misc.space_dome.lod2-112.vms include="space_dome_cmp\lod2-112.vms.xml"/>
      </VMeshLibrary>
      <Cmpnd>
         <Cons>
            <Fix type="Fix" count="1">
               <part>
                  <!-- parent      --> "Root",
                  <!-- child       --> "dome_lod1",
                  <!-- position    --> 931.32257e-12, -6.7669089e-6, 11.807289e-6,
                  <!-- orientation -->   1.0000000000,   0.0000000000,   0.0000000000,
                                        -0.0000000000,   1.0000000000,  59.604652e-09,
                                         0.0000000000, -59.604652e-09,   1.0000000000
               </part>
            </Fix>
         </Cons>
         <Part_dome_lod1>
            <File_name name="File name" type="text">dome_lod1021003093018.3db</File_name>
            <Index type="int">1</Index>
            <Object_name name="Object name" type="text">dome_lod1</Object_name>
         </Part_dome_lod1>
         <Root>
            <File_name name="File name" type="text">space_dome_lod1021003093018.3db</File_name>
            <Index type="int">0</Index>
            <Object_name name="Object name" type="text">Root</Object_name>
         </Root>
      </Cmpnd>
      <dome_lod1021003093018.3db>
         <VMeshWire include="space_dome_cmp\dome_lod1.vwd.xml"/>
         <MultiLevel>
            <Level0>
               <VMeshPart>
                  <VMeshRef type="VMeshRef">
                     <!-- header size  --> 60,
                     <!-- vmesh lib    --> data.solar.misc.space_dome.lod0-112.vms,
                     <!-- start vert   --> 625,
                     <!-- num verts    --> 480,
                     <!-- start index  --> 1320,
                     <!-- num indices  --> 480,
                     <!-- start mesh   --> 7,
                     <!-- num meshes   --> 1,
                     <!-- bounding box -->  116.93778,     36.249142,   116.36359,
                                           -115.77806,    -19.83637,   -116.34346,
                     <!-- center       -->    0.71467447,   7.2307582,   -1.1452279,
                     <!-- radius       --> 120.58594
                  </VMeshRef>
               </VMeshPart>
            </Level0>
            <Level1>
               <VMeshPart>
                  <VMeshRef type="VMeshRef">
                     <!-- header size  --> 60,
                     <!-- vmesh lib    --> data.solar.misc.space_dome.lod1-112.vms,
                     <!-- start vert   --> 367,
                     <!-- num verts    --> 480,
                     <!-- start index  --> 540,
                     <!-- num indices  --> 480,
                     <!-- start mesh   --> 5,
                     <!-- num meshes   --> 1,
                     <!-- bounding box -->  116.93778,     36.249142,   116.36359,
                                           -115.77806,    -19.83637,   -116.34346,
                     <!-- center       -->    0.71467447,   7.2307582,   -1.1452279,
                     <!-- radius       --> 120.58594
                  </VMeshRef>
               </VMeshPart>
            </Level1>
            <Switch2 type="float array" count="3">
               0,
               100,
               1000000
            </Switch2>
         </MultiLevel>
      </dome_lod1021003093018.3db>
      <Exporter_Version name="Exporter Version" type="text">Aug 24 2002 12:33:14</Exporter_Version>
      <space_dome_lod1021003093018.3db>
         <Hardpoints>
            <Fixed>
               <HpConnect01>
                  <Orientation type="Matrix">
                      -1.0000000000, -43.985914e-09,  1.3953040e-09,
                     -1.3953013e-09, -59.435564e-09,  -1.0000000000,
                      43.985914e-09,  -1.0000000000,  59.435564e-09
                  </Orientation>
                  <Position type="Vector">0.18537158, -30.757507, -127.2792</Position>
               </HpConnect01>
               <HpConnect02>
                  <Orientation type="Matrix">
                      -1.0000000000,  68.899332e-09,  83.618019e-09,
                      83.618005e-09, -172.93105e-09,   1.0000000000,
                      68.899347e-09,   1.0000000000,  172.93105e-09
                  </Orientation>
                  <Position type="Vector">0.18540724, -30.757532, 302.79657</Position>
               </HpConnect02>
               <HpConnect03>
                  <Orientation type="Matrix">
                      -1.0000000000,  26.642953e-09,  47.544756e-09,
                     -26.642946e-09,  -1.0000000000,  163.85090e-09,
                      47.544759e-09,  163.85090e-09,   1.0000000000
                  </Orientation>
                  <Position type="Vector">0.18537158, -56.732338, -0.03658215</Position>
               </HpConnect03>
               <HpRunningLight01>
                  <Orientation type="Matrix">
                      -0.7071069500, -89.256346e-09,  -0.7071066500,
                     -233.02664e-09,   1.0000000000,  106.79918e-09,
                       0.7071066500,  240.29313e-09,  -0.7071069500
                  </Orientation>
                  <Position type="Vector">88.837715, -30.828518, 88.401833</Position>
               </HpRunningLight01>
               <HpRunningLight02>
                  <Orientation type="Matrix">
                       0.7071067100,  231.83367e-09,  -0.7071068900,
                     -342.93120e-09,   1.0000000000, -15.068851e-09,
                       0.7071068900,  253.14429e-09,   0.7071067100
                  </Orientation>
                  <Position type="Vector">88.8377, -30.828508, -88.968102</Position>
               </HpRunningLight02>
               <HpRunningLight03>
                  <Orientation type="Matrix">
                       0.7071067100,  283.33343e-09,   0.7071068300,
                     -224.36026e-09,   1.0000000000, -176.33370e-09,
                      -0.7071068300, -33.959935e-09,   0.7071067100
                  </Orientation>
                  <Position type="Vector">-88.532219, -30.828508, -88.968102</Position>
               </HpRunningLight03>
               <HpRunningLight04>
                  <Orientation type="Matrix">
                      -0.7071067100, -337.88669e-09,   0.7071068300,
                     -186.63791e-09,   1.0000000000,  291.20599e-09,
                      -0.7071068300,  73.940782e-09,  -0.7071067100
                  </Orientation>
                  <Position type="Vector">-88.532196, -30.828533, 88.401833</Position>
               </HpRunningLight04>
               <HpRunningLight05>
                  <Orientation type="Matrix">
                       1.0000000000,  294.79247e-09, -2.6413909e-09,
                     -2.6413773e-09, -46.015892e-09,  -1.0000000000,
                     -294.79247e-09,   1.0000000000, -46.015892e-09
                  </Orientation>
                  <Position type="Vector">0.15272625, 42.761482, -0.28312773</Position>
               </HpRunningLight05>
               <HpRunningLight06>
                  <Orientation type="Matrix">
                       1.0000000000,  294.79247e-09, -2.6413909e-09,
                     -2.6413773e-09, -46.015892e-09,  -1.0000000000,
                     -294.79247e-09,   1.0000000000, -46.015892e-09
                  </Orientation>
                  <Position type="Vector">0.15273547, -18.700199, 210.67851</Position>
               </HpRunningLight06>
               <SpConnect01>
                  <Orientation type="Matrix">
                       1.0000000000,   0.0000000000,   0.0000000000,
                       0.0000000000,   1.0000000000,   0.0000000000,
                       0.0000000000,   0.0000000000,   1.0000000000
                  </Orientation>
                  <Position type="Vector">0, 0, 0</Position>
               </SpConnect01>
            </Fixed>
            <Revolute>
               <HpTurret_S1_01>
                  <Axis type="Vector">0, 1, 0</Axis>
                  <Max type="float">2.79252</Max>
                  <Min type="float">-2.7925298</Min>
                  <Orientation type="Matrix">
                      434.28497e-09,   0.9510565400,  -0.3090169700,
                       1.0000000000, -502.53777e-09, -141.27662e-09,
                     -289.65476e-09,  -0.3090169700,  -0.9510565400
                  </Orientation>
                  <Position type="Vector">113.65779, -30.828526, -36.729542</Position>
               </HpTurret_S1_01>
               <HpTurret_S1_02>
                  <Axis type="Vector">0, 1, 0</Axis>
                  <Max type="float">2.79252</Max>
                  <Min type="float">-2.7925298</Min>
                  <Orientation type="Matrix">
                     -637.66061e-09,   0.9510563600,  -0.3090174500,
                      -1.0000000000, -549.48970e-09,  372.35731e-09,
                      184.33086e-09,   0.3090174500,   0.9510563600
                  </Orientation>
                  <Position type="Vector">113.65779, -30.828531, 36.714153</Position>
               </HpTurret_S1_02>
               <HpTurret_S1_03>
                  <Axis type="Vector">0, 1, 0</Axis>
                  <Max type="float">2.79252</Max>
                  <Min type="float">-2.7925298</Min>
                  <Orientation type="Matrix">
                      583.64856e-09,  -0.9510566000,   0.3090166700,
                       1.0000000000,  625.74372e-09,  37.114951e-09,
                     -228.66367e-09,   0.3090166700,   0.9510566000
                  </Orientation>
                  <Position type="Vector">-113.68291, -30.828531, 36.596569</Position>
               </HpTurret_S1_03>
               <HpTurret_S1_04>
                  <Axis type="Vector">0, 1, 0</Axis>
                  <Max type="float">2.79252</Max>
                  <Min type="float">-2.7925298</Min>
                  <Orientation type="Matrix">
                     -565.69178e-09,  -0.9510564800,   0.3090170600,
                      -1.0000000000,  431.03580e-09, -504.02514e-09,
                      346.15897e-09,  -0.3090170600,  -0.9510564800
                  </Orientation>
                  <Position type="Vector">-113.68293, -30.828526, -36.611958</Position>
               </HpTurret_S1_04>
            </Revolute>
         </Hardpoints>
         <VMeshWire include="space_dome_cmp\space_dome_lod1.vwd.xml"/>
         <MultiLevel>
            <Level0>
               <VMeshPart>
                  <VMeshRef type="VMeshRef">
                     <!-- header size  --> 60,
                     <!-- vmesh lib    --> data.solar.misc.space_dome.lod0-112.vms,
                     <!-- start vert   --> 0,
                     <!-- num verts    --> 625,
                     <!-- start index  --> 0,
                     <!-- num indices  --> 1320,
                     <!-- start mesh   --> 0,
                     <!-- num meshes   --> 7,
                     <!-- bounding box -->  125.58736,       10.842154,  302.8522,
                                           -125.59009,      -56.612499, -127.30758,
                     <!-- center       -->    0.0016902321, -22.946699,   87.741615,
                     <!-- radius       --> 215.88438
                  </VMeshRef>
               </VMeshPart>
            </Level0>
            <Level1>
               <VMeshPart>
                  <VMeshRef type="VMeshRef">
                     <!-- header size  --> 60,
                     <!-- vmesh lib    --> data.solar.misc.space_dome.lod1-112.vms,
                     <!-- start vert   --> 0,
                     <!-- num verts    --> 367,
                     <!-- start index  --> 0,
                     <!-- num indices  --> 540,
                     <!-- start mesh   --> 0,
                     <!-- num meshes   --> 5,
                     <!-- bounding box -->  125.58736,       10.842154,  302.8522,
                                           -125.59009,      -56.612499, -127.30758,
                     <!-- center       -->    0.0016902321, -22.946699,   87.741615,
                     <!-- radius       --> 215.88438
                  </VMeshRef>
               </VMeshPart>
            </Level1>
            <Level2>
               <VMeshPart>
                  <VMeshRef type="VMeshRef">
                     <!-- header size  --> 60,
                     <!-- vmesh lib    --> data.solar.misc.space_dome.lod2-112.vms,
                     <!-- start vert   --> 0,
                     <!-- num verts    --> 403,
                     <!-- start index  --> 0,
                     <!-- num indices  --> 594,
                     <!-- start mesh   --> 0,
                     <!-- num meshes   --> 6,
                     <!-- bounding box -->  125.58736,       10.842154,  302.8522,
                                           -125.59009,      -56.612499, -127.30758,
                     <!-- center       -->    0.0016902321, -22.946699,   87.741615,
                     <!-- radius       --> 215.88438
                  </VMeshRef>
               </VMeshPart>
            </Level2>
            <Switch2 type="float array" count="4">
               0,
               100,
               1000,
               1000000
            </Switch2>
         </MultiLevel>
      </space_dome_lod1021003093018.3db>
   </UTF_ROOT>
</UTFXML>
