<?xml version="1.0" encoding="ISO-8859-1"?>
<!-- XML generated by UTFXML Version 2.2 built 19-Aug-2010 -->
<UTFXML filename="warp_disruptor_buoy-slr.cmp" path="SOLAR\MISC">
   <UTF_ROOT>
      <VMeshLibrary>
         <warpbuoy1.lod0.vms include="warp_disruptor_buoy-slr_cmp\lod0.vms.xml"/>
      </VMeshLibrary>
      <Cmpnd>
         <Root>
            <File_name name="File name" type="text">warpbuoy1.3db</File_name>
            <Index type="int">0</Index>
            <Object_name name="Object name" type="text">Root</Object_name>
         </Root>
      </Cmpnd>
      <warpbuoy1.3db>
         <Hardpoints>
            <Fixed>
               <HpFX02>
                  <Orientation type="Matrix">
                       1.0000000000,  304.59283e-06, -2.6577763e-06,
                     -2.6577763e-06,   0.0174505710,   0.9998472300,
                      304.59283e-06,  -0.9998472300,   0.0174505710
                  </Orientation>
                  <Position type="Vector">154.7567, 51.471573, 0.03426313</Position>
               </HpFX02>
               <HpFX03>
                  <Orientation type="Matrix">
                       1.0000000000,   0.0000000000,   0.0000000000,
                       0.0000000000,   1.0000000000,   0.0000000000,
                       0.0000000000,   0.0000000000,   1.0000000000
                  </Orientation>
                  <Position type="Vector">0, 0, 0</Position>
               </HpFX03>
               <HpFX04>
                  <Orientation type="Matrix">
                       1.0000000000,   0.0000000000,   0.0000000000,
                       0.0000000000,   1.0000000000,   0.0000000000,
                       0.0000000000,   0.0000000000,   1.0000000000
                  </Orientation>
                  <Position type="Vector">0, 0, 0</Position>
               </HpFX04>
               <HpFX05>
                  <Orientation type="Matrix">
                       1.0000000000,   0.0000000000,   0.0000000000,
                       0.0000000000,   1.0000000000,   0.0000000000,
                       0.0000000000,   0.0000000000,   1.0000000000
                  </Orientation>
                  <Position type="Vector">0, 0, 0</Position>
               </HpFX05>
               <HpFX06>
                  <Orientation type="Matrix">
                       1.0000000000,   0.0000000000,   0.0000000000,
                       0.0000000000,   1.0000000000,   0.0000000000,
                       0.0000000000,   0.0000000000,   1.0000000000
                  </Orientation>
                  <Position type="Vector">0, 0, 0</Position>
               </HpFX06>
               <HpRunningLight01>
                  <Orientation type="Matrix">
                      -0.9659251000,   0.0000000000,   0.2588188400,
                      -0.2588188400,  894.06967e-09,  -0.9659254600,
                     -149.01161e-09,  -0.9999996400, -119.20929e-09
                  </Orientation>
                  <Position type="Vector">-0.023813, 135.02371, -0.179011</Position>
               </HpRunningLight01>
               <HpRunningLight02>
                  <Orientation type="Matrix">
                       0.9702957300, -7.4505806e-09,   0.2419218100,
                      -0.2417744400,   0.0349001880,   0.9697043300,
                      -0.0084430501,  -0.9993905400,   0.0338634850
                  </Orientation>
                  <Position type="Vector">0.104222, -135.06314, -0.169075</Position>
               </HpRunningLight02>
               <HpRunningLight03>
                  <Orientation type="Matrix">
                      -0.0345894100,  -0.0174498760,  -0.9992486800,
                      -0.0180483370,   0.9996954200,  -0.0168329100,
                       0.9992380700,   0.0174525380,  -0.0348937510
                  </Orientation>
                  <Position type="Vector">116.65969, -37.150997, 1.0038788</Position>
               </HpRunningLight03>
               <HpRunningLight04>
                  <Orientation type="Matrix">
                       0.8660253900,   0.0000000000,   0.5000000000,
                      -0.0000000000,   1.0000000000,   0.0000000000,
                      -0.5000000000,  -0.0000000000,   0.8660253900
                  </Orientation>
                  <Position type="Vector">-57.930702, -38.340591, -101.40195</Position>
               </HpRunningLight04>
               <HpRunningLight05>
                  <Orientation type="Matrix">
                      -0.8660458300,  -0.0174498860,   0.4996600200,
                      -0.0063894046,   0.9996954200,   0.0238383190,
                      -0.4999238300,   0.0174525450,  -0.8658936000
                  </Orientation>
                  <Position type="Vector">-58.969837, -37.246342, 100.27766</Position>
               </HpRunningLight05>
               <HpRunningLight06>
                  <Orientation type="Matrix">
                      -0.8660458300,  -0.0174498860,  -0.4996600200,
                      -0.0063894046,   0.9996954200,  -0.0238383190,
                       0.4999238300,  -0.0174525450,  -0.8658936000
                  </Orientation>
                  <Position type="Vector">58.565037, 37.509773, 100.76981</Position>
               </HpRunningLight06>
               <HpRunningLight07>
                  <Orientation type="Matrix">
                       0.8660253900,   0.0000000000,  -0.5000000000,
                       0.0000000000,   1.0000000000,   0.0000000000,
                       0.5000000000,   0.0000000000,   0.8660253900
                  </Orientation>
                  <Position type="Vector">58.124424, 37.274727, -101.35813</Position>
               </HpRunningLight07>
               <HpRunningLight08>
                  <Orientation type="Matrix">
                      894.06967e-09,   0.0000000000,   0.9999996400,
                       0.0000000000,   1.0000000000,  -0.0000000000,
                      -0.9999996400,   0.0000000000,  894.06967e-09
                  </Orientation>
                  <Position type="Vector">-116.54148, 37.061993, 0.8336516</Position>
               </HpRunningLight08>
               <HpShield01>
                  <Orientation type="Matrix">
                       1.0000000000,   0.0000000000,   0.0000000000,
                       0.0000000000,   1.0000000000,   0.0000000000,
                       0.0000000000,   0.0000000000,   1.0000000000
                  </Orientation>
                  <Position type="Vector">0, 0, 0</Position>
               </HpShield01>
               <HpMount>
                  <Orientation type="Matrix">
                       1.0000000000,   0.0000000000,   0.0000000000,
                       0.0000000000,   1.0000000000,   0.0000000000,
                       0.0000000000,   0.0000000000,   1.0000000000
                  </Orientation>
                  <Position type="Vector">0, 0, 0</Position>
               </HpMount>
               <HpLeftAnim>
                  <Orientation type="Matrix">
                     -119.20929e-09,  -0.9999996400,  -0.0000000000,
                       0.9999996400, -119.20929e-09,   0.0000000000,
                       0.0000000000,  -0.0000000000,   1.0000000000
                  </Orientation>
                  <Position type="Vector">500, 0, 0</Position>
               </HpLeftAnim>
               <HpLeftLane>
                  <Orientation type="Matrix">
                      -0.9998477700,  -0.0174419130, -609.08578e-06,
                      -0.0174525450,   0.9992386100,   0.0348942210,
                       0.0000000000,   0.0348995330,  -0.9993908400
                  </Orientation>
                  <Position type="Vector">500, 0, 0</Position>
               </HpLeftLane>
               <HpRightAnim>
                  <Orientation type="Matrix">
                       1.0000000000,   0.0000000000,   0.0000000000,
                       0.0000000000,   1.0000000000,   0.0000000000,
                       0.0000000000,   0.0000000000,   1.0000000000
                  </Orientation>
                  <Position type="Vector">-500, 0, 0</Position>
               </HpRightAnim>
               <HpRightLane>
                  <Orientation type="Matrix">
                       1.0000000000,   0.0000000000,   0.0000000000,
                       0.0000000000,   1.0000000000,   0.0000000000,
                       0.0000000000,   0.0000000000,   1.0000000000
                  </Orientation>
                  <Position type="Vector">-500, 0, 0</Position>
               </HpRightLane>
               <HpFX01>
                  <Orientation type="Matrix">
                       1.0000000000,   0.0000000000,   0.0000000000,
                       0.0000000000,   1.0000000000,   0.0000000000,
                       0.0000000000,   0.0000000000,   1.0000000000
                  </Orientation>
                  <Position type="Vector">0, 0, 0</Position>
               </HpFX01>
               <HpFX07>
                  <Orientation type="Matrix">
                       1.0000000000,   0.0000000000,   0.0000000000,
                       0.0000000000,   1.0000000000,   0.0000000000,
                       0.0000000000,   0.0000000000,   1.0000000000
                  </Orientation>
                  <Position type="Vector">0, 0, 0</Position>
               </HpFX07>
               <HpFX08>
                  <Orientation type="Matrix">
                       1.0000000000,   0.0000000000,   0.0000000000,
                       0.0000000000,   1.0000000000,   0.0000000000,
                       0.0000000000,   0.0000000000,   1.0000000000
                  </Orientation>
                  <Position type="Vector">0, 0, 0</Position>
               </HpFX08>
               <HpGreenLight01>
                  <Orientation type="Matrix">
                       1.0000000000,   0.0000000000,   0.0000000000,
                       0.0000000000,   1.0000000000,   0.0000000000,
                       0.0000000000,   0.0000000000,   1.0000000000
                  </Orientation>
                  <Position type="Vector">0, 0, 0</Position>
               </HpGreenLight01>
               <HpGreenLight02>
                  <Orientation type="Matrix">
                       1.0000000000,   0.0000000000,   0.0000000000,
                       0.0000000000,   1.0000000000,   0.0000000000,
                       0.0000000000,   0.0000000000,   1.0000000000
                  </Orientation>
                  <Position type="Vector">0, 0, 0</Position>
               </HpGreenLight02>
               <HpGreenLight03>
                  <Orientation type="Matrix">
                       1.0000000000,   0.0000000000,   0.0000000000,
                       0.0000000000,   1.0000000000,   0.0000000000,
                       0.0000000000,   0.0000000000,   1.0000000000
                  </Orientation>
                  <Position type="Vector">0, 0, 0</Position>
               </HpGreenLight03>
               <HpGreenLight04>
                  <Orientation type="Matrix">
                       1.0000000000,   0.0000000000,   0.0000000000,
                       0.0000000000,   1.0000000000,   0.0000000000,
                       0.0000000000,   0.0000000000,   1.0000000000
                  </Orientation>
                  <Position type="Vector">0, 0, 0</Position>
               </HpGreenLight04>
               <HpGreenLight05>
                  <Orientation type="Matrix">
                       1.0000000000,   0.0000000000,   0.0000000000,
                       0.0000000000,   1.0000000000,   0.0000000000,
                       0.0000000000,   0.0000000000,   1.0000000000
                  </Orientation>
                  <Position type="Vector">0, 0, 0</Position>
               </HpGreenLight05>
               <HpGreenLight06>
                  <Orientation type="Matrix">
                       1.0000000000,   0.0000000000,   0.0000000000,
                       0.0000000000,   1.0000000000,   0.0000000000,
                       0.0000000000,   0.0000000000,   1.0000000000
                  </Orientation>
                  <Position type="Vector">0, 0, 0</Position>
               </HpGreenLight06>
               <HpGreenLight07>
                  <Orientation type="Matrix">
                       1.0000000000,   0.0000000000,   0.0000000000,
                       0.0000000000,   1.0000000000,   0.0000000000,
                       0.0000000000,   0.0000000000,   1.0000000000
                  </Orientation>
                  <Position type="Vector">0, 0, 0</Position>
               </HpGreenLight07>
               <HpGreenLight08>
                  <Orientation type="Matrix">
                       1.0000000000,   0.0000000000,   0.0000000000,
                       0.0000000000,   1.0000000000,   0.0000000000,
                       0.0000000000,   0.0000000000,   1.0000000000
                  </Orientation>
                  <Position type="Vector">0, 0, 0</Position>
               </HpGreenLight08>
               <HpRedLight01>
                  <Orientation type="Matrix">
                       1.0000000000,   0.0000000000,   0.0000000000,
                       0.0000000000,   1.0000000000,   0.0000000000,
                       0.0000000000,   0.0000000000,   1.0000000000
                  </Orientation>
                  <Position type="Vector">0, 0, 0</Position>
               </HpRedLight01>
               <HpRedLight02>
                  <Orientation type="Matrix">
                       1.0000000000,   0.0000000000,   0.0000000000,
                       0.0000000000,   1.0000000000,   0.0000000000,
                       0.0000000000,   0.0000000000,   1.0000000000
                  </Orientation>
                  <Position type="Vector">0, 0, 0</Position>
               </HpRedLight02>
               <HpRedLight03>
                  <Orientation type="Matrix">
                       1.0000000000,   0.0000000000,   0.0000000000,
                       0.0000000000,   1.0000000000,   0.0000000000,
                       0.0000000000,   0.0000000000,   1.0000000000
                  </Orientation>
                  <Position type="Vector">0, 0, 0</Position>
               </HpRedLight03>
               <HpRedLight04>
                  <Orientation type="Matrix">
                       1.0000000000,   0.0000000000,   0.0000000000,
                       0.0000000000,   1.0000000000,   0.0000000000,
                       0.0000000000,   0.0000000000,   1.0000000000
                  </Orientation>
                  <Position type="Vector">0, 0, 0</Position>
               </HpRedLight04>
               <HpRedLight05>
                  <Orientation type="Matrix">
                       1.0000000000,   0.0000000000,   0.0000000000,
                       0.0000000000,   1.0000000000,   0.0000000000,
                       0.0000000000,   0.0000000000,   1.0000000000
                  </Orientation>
                  <Position type="Vector">0, 0, 0</Position>
               </HpRedLight05>
               <HpRedLight06>
                  <Orientation type="Matrix">
                       1.0000000000,   0.0000000000,   0.0000000000,
                       0.0000000000,   1.0000000000,   0.0000000000,
                       0.0000000000,   0.0000000000,   1.0000000000
                  </Orientation>
                  <Position type="Vector">0, 0, 0</Position>
               </HpRedLight06>
               <HpRedLight07>
                  <Orientation type="Matrix">
                       1.0000000000,   0.0000000000,   0.0000000000,
                       0.0000000000,   1.0000000000,   0.0000000000,
                       0.0000000000,   0.0000000000,   1.0000000000
                  </Orientation>
                  <Position type="Vector">0, 0, 0</Position>
               </HpRedLight07>
               <HpRedLight08>
                  <Orientation type="Matrix">
                       1.0000000000,   0.0000000000,   0.0000000000,
                       0.0000000000,   1.0000000000,   0.0000000000,
                       0.0000000000,   0.0000000000,   1.0000000000
                  </Orientation>
                  <Position type="Vector">0, 0, 0</Position>
               </HpRedLight08>
            </Fixed>
            <Revolute>
               <HpTurret_S1_02>
                  <Axis type="Vector">0, 1, 0</Axis>
                  <Max type="float">1.5707964</Max>
                  <Min type="float">-1.5707964</Min>
                  <Orientation type="Matrix">
                       0.8660253900,   0.0000000000,  -0.5000000000,
                       0.0000000000,   1.0000000000,   0.0000000000,
                       0.5000000000,   0.0000000000,   0.8660253900
                  </Orientation>
                  <Position type="Vector">53.720074, 39.746334, -93.562637</Position>
               </HpTurret_S1_02>
               <HpTurret_S1_01>
                  <Axis type="Vector">0, 1, 0</Axis>
                  <Max type="float">1.5707964</Max>
                  <Min type="float">-1.5707964</Min>
                  <Orientation type="Matrix">
                     -119.20929e-09,   0.0000000000,   0.9999996400,
                      -0.0000000000,   1.0000000000,   0.0000000000,
                      -0.9999996400,  -0.0000000000, -119.20929e-09
                  </Orientation>
                  <Position type="Vector">-106.98336, 39.663925, 0.58661699</Position>
               </HpTurret_S1_01>
               <HpTurret_S1_03>
                  <Axis type="Vector">0, 1, 0</Axis>
                  <Max type="float">1.5707964</Max>
                  <Min type="float">-1.5707964</Min>
                  <Orientation type="Matrix">
                      -0.8660253300,   0.0000000000,  -0.5000001200,
                       0.0000000000,   1.0000000000,   0.0000000000,
                       0.5000001200,   0.0000000000,  -0.8660253300
                  </Orientation>
                  <Position type="Vector">53.466045, 39.821812, 91.390038</Position>
               </HpTurret_S1_03>
               <HpTurret_S1_04>
                  <Axis type="Vector">0, 1, 0</Axis>
                  <Max type="float">1.5707964</Max>
                  <Min type="float">-1.5707964</Min>
                  <Orientation type="Matrix">
                      -0.8660253300, -87.427900e-09,   0.5000000000,
                      75.714787e-09,  -0.9999998800, -43.713953e-09,
                       0.5000000000,   0.0000000000,   0.8660253900
                  </Orientation>
                  <Position type="Vector">-53.356064, -39.745262, -92.257515</Position>
               </HpTurret_S1_04>
            </Revolute>
         </Hardpoints>
         <MultiLevel>
            <Level0>
               <VMeshPart>
                  <VMeshRef type="VMeshRef">
                     <!-- header size  --> 60,
                     <!-- vmesh lib    --> warpbuoy1.lod0.vms,
                     <!-- start vert   --> 0,
                     <!-- num verts    --> 448,
                     <!-- start index  --> 0,
                     <!-- num indices  --> 936,
                     <!-- start mesh   --> 0,
                     <!-- num meshes   --> 4,
                     <!-- bounding box -->  111.14848,      129.49123,      102.60808,
                                           -111.03043,     -129.49126,     -102.85856,
                     <!-- center       -->    0.059024811,  -15.258789e-6,   -0.12524033,
                     <!-- radius       --> 249.06654
                  </VMeshRef>
               </VMeshPart>
            </Level0>
         </MultiLevel>
         <VMeshWire include="warp_disruptor_buoy-slr_cmp\warpbuoy1.vwd.xml"/>
      </warpbuoy1.3db>
   </UTF_ROOT>
</UTFXML>
