<?xml version="1.0" encoding="ISO-8859-1"?>
<!-- XML generated by UTFXML Version 2.2 built 19-Aug-2010 -->
<UTFXML filename="warp_disruptor_buoy.cmp" path="SOLAR\MISC">
   <UTF_ROOT>
      <VMeshLibrary>
         <cfdata.solar.misc.warp_disruptor_buoy.lod0-112.vms include="warp_disruptor_buoy_cmp\lod0-112.vms.xml"/>
         <cfdata.solar.misc.warp_disruptor_buoy.lod1-112.vms include="warp_disruptor_buoy_cmp\lod1-112.vms.xml"/>
         <cfdata.solar.misc.warp_disruptor_buoy.lod2-112.vms include="warp_disruptor_buoy_cmp\lod2-112.vms.xml"/>
         <cfdata.solar.misc.warp_disruptor_buoy.lod3-112.vms include="warp_disruptor_buoy_cmp\lod3-112.vms.xml"/>
      </VMeshLibrary>
      <Exporter_Version name="Exporter Version" type="text">Feb 12 2002 15:36:19</Exporter_Version>
      <Hardpoints>
         <Fixed>
            <HpFX02>
               <Orientation type="Matrix">
                    0.9992389700,   0.0348786600,  -0.0174631770,
                    0.0174312960,   0.0012187958,   0.9998464000,
                    0.0348946040,  -0.9993899500,  609.87473e-06
               </Orientation>
               <Position type="Vector">56.160801, 18.6789, 0.012434</Position>
            </HpFX02>
            <HpFX03>
               <Orientation type="Matrix">
                    0.8660252700,  53.895292e-06,   0.5000002400,
                  -73.171184e-06,   1.0000000000,  18.945599e-06,
                   -0.5000002400, -52.992978e-06,   0.8660252700
               </Orientation>
               <Position type="Vector">-28.085552, 18.678879, -48.637661</Position>
            </HpFX03>
            <HpFX04>
               <Orientation type="Matrix">
                   -0.8660252100, -54.078686e-06,  -0.5000003600,
                  -73.843526e-06,   1.0000000000,  19.743324e-06,
                    0.5000003600,  54.020005e-06,  -0.8660252100
               </Orientation>
               <Position type="Vector">28.074686, -18.684162, 48.650078</Position>
            </HpFX04>
            <HpFX05>
               <Orientation type="Matrix">
                    0.8660255100,  73.466748e-06,  -0.4999998200,
                  -73.688556e-06,   1.0000000000,  19.301171e-06,
                    0.4999998200,  20.128959e-06,   0.8660255100
               </Orientation>
               <Position type="Vector">28.078976, -18.684111, -48.633213</Position>
            </HpFX05>
            <HpFX06>
               <Orientation type="Matrix">
                  -264.68314e-09, -19.014433e-06,   1.0000000000,
                  -73.001327e-06,   1.0000000000,  19.014413e-06,
                   -1.0000000000, -73.001320e-06, -266.07123e-09
               </Orientation>
               <Position type="Vector">-56.172966, -18.684145, 0.0047328412</Position>
            </HpFX06>
            <HpRunningLight01>
               <Orientation type="Matrix">
                   -0.9651029100,   0.2618708900,  1.8480835e-06,
                  -1.5944323e-06,  1.1810865e-06,  -1.0000000000,
                   -0.2618708900,  -0.9651029100, -722.33468e-09
               </Orientation>
               <Position type="Vector">-0.008641649, 70.773613, -0.064962611</Position>
            </HpRunningLight01>
            <HpRunningLight02>
               <Orientation type="Matrix">
                    0.9659258100,   0.2588191300, -336.69741e-09,
                   85.190344e-09,  982.96391e-09,   1.0000000000,
                    0.2588191300,  -0.9659258100,  927.42130e-09
               </Orientation>
               <Position type="Vector">0.037822027, -70.787888, -0.06135691</Position>
            </HpRunningLight02>
            <HpRunningLight03>
               <Orientation type="Matrix">
                  -119.20929e-09,   0.0000000000,  -0.9999996400,
                    0.0000000000,   1.0000000000,   0.0000000000,
                    0.9999996400,   0.0000000000, -119.20929e-09
               </Orientation>
               <Position type="Vector">61.761101, 19.745199, -0.46869099</Position>
            </HpRunningLight03>
            <HpRunningLight04>
               <Orientation type="Matrix">
                    0.8660253900,   0.0000000000,   0.5000000000,
                   -0.0000000000,   1.0000000000,   0.0000000000,
                   -0.5000000000,  -0.0000000000,   0.8660253900
               </Orientation>
               <Position type="Vector">-30.9988, 19.745199, -52.971401</Position>
            </HpRunningLight04>
            <HpRunningLight05>
               <Orientation type="Matrix">
                   -0.8660253300,   0.0000000000,   0.5000000000,
                    0.0000000000,   1.0000000000,  -0.0000000000,
                   -0.5000000000,   0.0000000000,  -0.8660253300
               </Orientation>
               <Position type="Vector">-30.560101, 19.7451, 53.5811</Position>
            </HpRunningLight05>
            <HpRunningLight06>
               <Orientation type="Matrix">
                   -0.8660253300,   0.0000000000,  -0.5000001200,
                    0.0000000000,   1.0000000000,   0.0000000000,
                    0.5000001200,   0.0000000000,  -0.8660253300
               </Orientation>
               <Position type="Vector">30.3244, -19.641899, 53.7771</Position>
            </HpRunningLight06>
            <HpRunningLight07>
               <Orientation type="Matrix">
                    0.8480480900,   0.0000000000,  -0.5299192700,
                    0.0000000000,   1.0000000000,   0.0000000000,
                    0.5299192700,   0.0000000000,   0.8480480900
               </Orientation>
               <Position type="Vector">31.5403, -19.6418, -53.3298</Position>
            </HpRunningLight07>
            <HpRunningLight08>
               <Orientation type="Matrix">
                   -0.0075964928,   0.0868240670,   0.9961944200,
                   -0.0868240220,   0.9924038600,  -0.0871557670,
                   -0.9961944200,  -0.0871557220, -357.62787e-09
               </Orientation>
               <Position type="Vector">-61.956799, -19.6418, -0.80209702</Position>
            </HpRunningLight08>
            <HpShield01>
               <Orientation type="Matrix">
                    1.0000000000,   0.0000000000,   0.0000000000,
                    0.0000000000,   1.0000000000,   0.0000000000,
                    0.0000000000,   0.0000000000,   1.0000000000
               </Orientation>
               <Position type="Vector">0, 0, 0</Position>
            </HpShield01>
            <HpMount>
               <Orientation type="Matrix">
                    1.0000000000,   0.0000000000,   0.0000000000,
                    0.0000000000,   1.0000000000,   0.0000000000,
                    0.0000000000,   0.0000000000,   1.0000000000
               </Orientation>
               <Position type="Vector">0, 0, 0</Position>
            </HpMount>
            <HpLeftAnim>
               <Orientation type="Matrix">
                  -337.68708e-09,  -1.0000000000, -178.80653e-09,
                    1.0000000000, -337.68708e-09,  68.477881e-09,
                  -68.477938e-09, -178.80650e-09,   1.0000000000
               </Orientation>
               <Position type="Vector">0, 100, 0</Position>
            </HpLeftAnim>
            <HpLeftLane>
               <Orientation type="Matrix">
                   -1.0000000000,  9.0000520e-15, -150.99582e-09,
                  -9.0000546e-15,   1.0000000000,  119.20930e-09,
                   150.99582e-09,  119.20930e-09,  -1.0000000000
               </Orientation>
               <Position type="Vector">0, 100, 0</Position>
            </HpLeftLane>
            <HpRightAnim>
               <Orientation type="Matrix">
                    1.0000000000, -246.70925e-09,  42.518145e-09,
                   246.70925e-09,   1.0000000000,  313.64664e-09,
                  -42.518224e-09, -313.64664e-09,   1.0000000000
               </Orientation>
               <Position type="Vector">0, -100, 0</Position>
            </HpRightAnim>
            <HpRightLane>
               <Orientation type="Matrix">
                    1.0000000000, -246.70925e-09,  42.518145e-09,
                   246.70925e-09,   1.0000000000,  313.64664e-09,
                  -42.518224e-09, -313.64664e-09,   1.0000000000
               </Orientation>
               <Position type="Vector">0, -100, 0</Position>
            </HpRightLane>
         </Fixed>
      </Hardpoints>
      <VMeshWire include="warp_disruptor_buoy_cmp\warpbuoy1.vwd.xml"/>
      <MultiLevel>
         <Level0>
            <VMeshPart>
               <VMeshRef type="VMeshRef">
                  <!-- header size  --> 60,
                  <!-- vmesh lib    --> cfdata.solar.misc.warp_disruptor_buoy.lod0-112.vms,
                  <!-- start vert   --> 0,
                  <!-- num verts    --> 936,
                  <!-- start index  --> 0,
                  <!-- num indices  --> 936,
                  <!-- start mesh   --> 0,
                  <!-- num meshes   --> 4,
                  <!-- bounding box -->  58.687305,     68.372452,      54.310154,
                                        -58.624985,    -68.372444,     -54.177898,
                  <!-- center       -->   0.031160355,   3.8146973e-6,   0.066127777,
                  <!-- radius       --> 131.50919
               </VMeshRef>
            </VMeshPart>
         </Level0>
         <Level1>
            <VMeshPart>
               <VMeshRef type="VMeshRef">
                  <!-- header size  --> 60,
                  <!-- vmesh lib    --> cfdata.solar.misc.warp_disruptor_buoy.lod1-112.vms,
                  <!-- start vert   --> 0,
                  <!-- num verts    --> 378,
                  <!-- start index  --> 0,
                  <!-- num indices  --> 378,
                  <!-- start mesh   --> 0,
                  <!-- num meshes   --> 4,
                  <!-- bounding box -->  58.687286,     68.372452,      54.303154,
                                        -58.624962,    -68.372444,     -54.170853,
                  <!-- center       -->   0.031162262,   3.8146973e-6,   0.066150665,
                  <!-- radius       --> 131.50465
               </VMeshRef>
            </VMeshPart>
         </Level1>
         <Level2>
            <VMeshPart>
               <VMeshRef type="VMeshRef">
                  <!-- header size  --> 60,
                  <!-- vmesh lib    --> cfdata.solar.misc.warp_disruptor_buoy.lod2-112.vms,
                  <!-- start vert   --> 0,
                  <!-- num verts    --> 180,
                  <!-- start index  --> 0,
                  <!-- num indices  --> 198,
                  <!-- start mesh   --> 0,
                  <!-- num meshes   --> 4,
                  <!-- bounding box -->  58.687286,     68.372444,      54.303154,
                                        -58.624962,    -68.372437,     -54.170853,
                  <!-- center       -->   0.031162262,   3.8146973e-6,   0.066150665,
                  <!-- radius       --> 131.50464
               </VMeshRef>
            </VMeshPart>
         </Level2>
         <Level3>
            <VMeshPart>
               <VMeshRef type="VMeshRef">
                  <!-- header size  --> 60,
                  <!-- vmesh lib    --> cfdata.solar.misc.warp_disruptor_buoy.lod3-112.vms,
                  <!-- start vert   --> 0,
                  <!-- num verts    --> 54,
                  <!-- start index  --> 0,
                  <!-- num indices  --> 72,
                  <!-- start mesh   --> 0,
                  <!-- num meshes   --> 2,
                  <!-- bounding box -->  16.331543,     68.372444,      18.816137,
                                        -16.25617,     -68.372437,     -18.809984,
                  <!-- center       -->   0.037686348,   3.8146973e-6,   0.0030765533,
                  <!-- radius       --> 90.963226
               </VMeshRef>
            </VMeshPart>
         </Level3>
         <Switch2 type="float array" count="5">
            0,
            100,
            1000,
            10000,
            1000000
         </Switch2>
      </MultiLevel>
   </UTF_ROOT>
</UTFXML>
