<?xml version="1.0" encoding="ISO-8859-1"?>
<!-- XML generated by UTFXML Version 2.2 built 19-Aug-2010 -->
<UTFXML filename="Harrower-class-dreadnought-v2.cmp" path="SHIPS\new\Scifi\HighPoly">
   <UTF_ROOT>
      <VMeshLibrary>
         <Harrowerv2_Root.lod0.vms include="Harrower-class-dreadnought-v2_cmp\lod0.vms.xml"/>
         <Harrower_7.lod0.vms include="Harrower-class-dreadnought-v2_cmp\lod0.vms.xml"/>
         <Harrower_8.lod0.vms include="Harrower-class-dreadnought-v2_cmp\lod0.vms.xml"/>
         <Harrower_9.lod0.vms include="Harrower-class-dreadnought-v2_cmp\lod0.vms.xml"/>
      </VMeshLibrary>
      <Cmpnd>
         <Cons>
            <Fix type="Fix" count="8">
               <part>
                  <!-- parent      --> "Root",
                  <!-- child       --> "Harrower_1_lod1",
                  <!-- position    --> 0, 0, 0,
                  <!-- orientation -->   1.0000000000,   0.0000000000,   0.0000000000,
                                         0.0000000000,   1.0000000000,   0.0000000000,
                                         0.0000000000,   0.0000000000,   1.0000000000
               </part>
               <part>
                  <!-- parent      --> "Root",
                  <!-- child       --> "Harrower_2_lod1",
                  <!-- position    --> 0, 0, 0,
                  <!-- orientation -->   1.0000000000,   0.0000000000,   0.0000000000,
                                         0.0000000000,   1.0000000000,   0.0000000000,
                                         0.0000000000,   0.0000000000,   1.0000000000
               </part>
               <part>
                  <!-- parent      --> "Root",
                  <!-- child       --> "Harrower_3_lod1",
                  <!-- position    --> 0, 0, 0,
                  <!-- orientation -->   1.0000000000,   0.0000000000,   0.0000000000,
                                         0.0000000000,   1.0000000000,   0.0000000000,
                                         0.0000000000,   0.0000000000,   1.0000000000
               </part>
               <part>
                  <!-- parent      --> "Root",
                  <!-- child       --> "Harrower_4_lod1",
                  <!-- position    --> 0, 0, 0,
                  <!-- orientation -->   1.0000000000,   0.0000000000,   0.0000000000,
                                         0.0000000000,   1.0000000000,   0.0000000000,
                                         0.0000000000,   0.0000000000,   1.0000000000
               </part>
               <part>
                  <!-- parent      --> "Root",
                  <!-- child       --> "Harrower_5_lod1",
                  <!-- position    --> 0, 0, 0,
                  <!-- orientation -->   1.0000000000,   0.0000000000,   0.0000000000,
                                         0.0000000000,   1.0000000000,   0.0000000000,
                                         0.0000000000,   0.0000000000,   1.0000000000
               </part>
               <part>
                  <!-- parent      --> "Root",
                  <!-- child       --> "Harrower_7_lod1",
                  <!-- position    --> 0, 0, 0,
                  <!-- orientation -->   1.0000000000,   0.0000000000,   0.0000000000,
                                         0.0000000000,   1.0000000000,   0.0000000000,
                                         0.0000000000,   0.0000000000,   1.0000000000
               </part>
               <part>
                  <!-- parent      --> "Root",
                  <!-- child       --> "Harrower_8_lod1",
                  <!-- position    --> 0, 0, 0,
                  <!-- orientation -->   1.0000000000,   0.0000000000,   0.0000000000,
                                         0.0000000000,   1.0000000000,   0.0000000000,
                                         0.0000000000,   0.0000000000,   1.0000000000
               </part>
               <part>
                  <!-- parent      --> "Root",
                  <!-- child       --> "Harrower_9_lod1",
                  <!-- position    --> 0, 0, 0,
                  <!-- orientation -->   1.0000000000,   0.0000000000,   0.0000000000,
                                         0.0000000000,   1.0000000000,   0.0000000000,
                                         0.0000000000,   0.0000000000,   1.0000000000
               </part>
            </Fix>
         </Cons>
         <Root>
            <File_name name="File name" type="text">Harrowerv2_Root_lod1.3db</File_name>
            <Index type="int">0</Index>
            <Object_name name="Object name" type="text">Root</Object_name>
         </Root>
         <Part_Harrower_5_lod1>
            <File_name name="File name" type="text">Harrower_5_lod1.3db</File_name>
            <Index type="int">1</Index>
            <Object_name name="Object name" type="text">Harrower_5_lod1</Object_name>
         </Part_Harrower_5_lod1>
         <Part_Harrower_4_lod1>
            <File_name name="File name" type="text">Harrower_4_lod1.3db</File_name>
            <Index type="int">2</Index>
            <Object_name name="Object name" type="text">Harrower_4_lod1</Object_name>
         </Part_Harrower_4_lod1>
         <Part_Harrower_3_lod1>
            <File_name name="File name" type="text">Harrower_3_lod1.3db</File_name>
            <Index type="int">3</Index>
            <Object_name name="Object name" type="text">Harrower_3_lod1</Object_name>
         </Part_Harrower_3_lod1>
         <Part_Harrower_2_lod1>
            <File_name name="File name" type="text">Harrower_2_lod1.3db</File_name>
            <Index type="int">4</Index>
            <Object_name name="Object name" type="text">Harrower_2_lod1</Object_name>
         </Part_Harrower_2_lod1>
         <Part_Harrower_1_lod1>
            <File_name name="File name" type="text">Harrower_1_lod1.3db</File_name>
            <Index type="int">5</Index>
            <Object_name name="Object name" type="text">Harrower_1_lod1</Object_name>
         </Part_Harrower_1_lod1>
         <Part_Harrower_7_lod1>
            <File_name name="File name" type="text">Harrower_7_lod1.3db</File_name>
            <Index type="int">6</Index>
            <Object_name name="Object name" type="text">Harrower_7_lod1</Object_name>
         </Part_Harrower_7_lod1>
         <Part_Harrower_8_lod1>
            <File_name name="File name" type="text">Harrower_8_lod1.3db</File_name>
            <Index type="int">7</Index>
            <Object_name name="Object name" type="text">Harrower_8_lod1</Object_name>
         </Part_Harrower_8_lod1>
         <Part_Harrower_9_lod1>
            <File_name name="File name" type="text">Harrower_9_lod1.3db</File_name>
            <Index type="int">8</Index>
            <Object_name name="Object name" type="text">Harrower_9_lod1</Object_name>
         </Part_Harrower_9_lod1>
      </Cmpnd>
      <Harrowerv2_Root_lod1.3db>
         <MultiLevel>
            <Level0>
               <VMeshPart>
                  <VMeshRef type="VMeshRef">
                     <!-- header size  --> 60,
                     <!-- vmesh lib    --> Harrowerv2_Root.lod0.vms,
                     <!-- start vert   --> 0,
                     <!-- num verts    --> 20,
                     <!-- start index  --> 0,
                     <!-- num indices  --> 36,
                     <!-- start mesh   --> 0,
                     <!-- num meshes   --> 1,
                     <!-- bounding box -->   95.810692,    39.111305,   177.35077,
                                            -95.812286,   -27.355328,  -177.3508,
                     <!-- center       --> -797.27173e-6,   5.8779888,  -15.258789e-6,
                     <!-- radius       --> 256.67038
                  </VMeshRef>
               </VMeshPart>
            </Level0>
         </MultiLevel>
         <Hardpoints>
            <Fixed>
               <HpMount>
                  <Orientation type="Matrix">
                       1.0000000000,   0.0000000000,   0.0000000000,
                       0.0000000000,   1.0000000000,   0.0000000000,
                       0.0000000000,   0.0000000000,   1.0000000000
                  </Orientation>
                  <Position type="Vector">0, 0, 0</Position>
               </HpMount>
               <HpFX01>
                  <Orientation type="Matrix">
                       1.0000000000,   0.0000000000,   0.0000000000,
                       0.0000000000,   1.0000000000,   0.0000000000,
                       0.0000000000,   0.0000000000,   1.0000000000
                  </Orientation>
                  <Position type="Vector">0, 0, 0</Position>
               </HpFX01>
               <HpFX02>
                  <Orientation type="Matrix">
                      59.604645e-09,   0.9999998800,   0.0000000000,
                      -0.9999998800,  59.604645e-09,   0.0000000000,
                       0.0000000000,   0.0000000000,   1.0000000000
                  </Orientation>
                  <Position type="Vector">0, 0, 0</Position>
               </HpFX02>
               <HpFX03>
                  <Orientation type="Matrix">
                       1.0000000000,   0.0000000000,   0.0000000000,
                       0.0000000000,  59.604645e-09,   0.9999998800,
                       0.0000000000,  -0.9999998800,  59.604645e-09
                  </Orientation>
                  <Position type="Vector">0, 0, 0</Position>
               </HpFX03>
               <HpShield01>
                  <Orientation type="Matrix">
                       1.0000000000,   0.0000000000,   0.0000000000,
                       0.0000000000,   1.0000000000,   0.0000000000,
                       0.0000000000,   0.0000000000,   1.0000000000
                  </Orientation>
                  <Position type="Vector">0, 0, 0</Position>
               </HpShield01>
               <HpShield02>
                  <Orientation type="Matrix">
                       1.0000000000,   0.0000000000,   0.0000000000,
                       0.0000000000,   1.0000000000,   0.0000000000,
                       0.0000000000,   0.0000000000,   1.0000000000
                  </Orientation>
                  <Position type="Vector">0, 0, 0</Position>
               </HpShield02>
               <HpShield03>
                  <Orientation type="Matrix">
                       1.0000000000,   0.0000000000,   0.0000000000,
                       0.0000000000,   1.0000000000,   0.0000000000,
                       0.0000000000,   0.0000000000,   1.0000000000
                  </Orientation>
                  <Position type="Vector">0, 0, 0</Position>
               </HpShield03>
               <HpShield04>
                  <Orientation type="Matrix">
                       1.0000000000,   0.0000000000,   0.0000000000,
                       0.0000000000,   1.0000000000,   0.0000000000,
                       0.0000000000,   0.0000000000,   1.0000000000
                  </Orientation>
                  <Position type="Vector">0, 0, 0</Position>
               </HpShield04>
               <HpShield05>
                  <Orientation type="Matrix">
                       1.0000000000,   0.0000000000,   0.0000000000,
                       0.0000000000,   1.0000000000,   0.0000000000,
                       0.0000000000,   0.0000000000,   1.0000000000
                  </Orientation>
                  <Position type="Vector">0, 0, 0</Position>
               </HpShield05>
               <HpShield06>
                  <Orientation type="Matrix">
                       1.0000000000,   0.0000000000,   0.0000000000,
                       0.0000000000,   1.0000000000,   0.0000000000,
                       0.0000000000,   0.0000000000,   1.0000000000
                  </Orientation>
                  <Position type="Vector">0, 0, 0</Position>
               </HpShield06>
               <HpShield07>
                  <Orientation type="Matrix">
                       1.0000000000,   0.0000000000,   0.0000000000,
                       0.0000000000,   1.0000000000,   0.0000000000,
                       0.0000000000,   0.0000000000,   1.0000000000
                  </Orientation>
                  <Position type="Vector">0, 0, 0</Position>
               </HpShield07>
               <HpShield08>
                  <Orientation type="Matrix">
                       1.0000000000,   0.0000000000,   0.0000000000,
                       0.0000000000,   1.0000000000,   0.0000000000,
                       0.0000000000,   0.0000000000,   1.0000000000
                  </Orientation>
                  <Position type="Vector">0, 0, 0</Position>
               </HpShield08>
               <HpShield09>
                  <Orientation type="Matrix">
                       1.0000000000,   0.0000000000,   0.0000000000,
                       0.0000000000,   1.0000000000,   0.0000000000,
                       0.0000000000,   0.0000000000,   1.0000000000
                  </Orientation>
                  <Position type="Vector">0, 0, 0</Position>
               </HpShield09>
               <HpShield10>
                  <Orientation type="Matrix">
                       1.0000000000,   0.0000000000,   0.0000000000,
                       0.0000000000,   1.0000000000,   0.0000000000,
                       0.0000000000,   0.0000000000,   1.0000000000
                  </Orientation>
                  <Position type="Vector">0, 0, 0</Position>
               </HpShield10>
            </Fixed>
         </Hardpoints>
      </Harrowerv2_Root_lod1.3db>
      <Harrower_5_lod1.3db>
         <MultiLevel>
            <Level0>
               <VMeshPart>
                  <VMeshRef type="VMeshRef">
                     <!-- header size  --> 60,
                     <!-- vmesh lib    --> Harrowerv2_Root.lod0.vms,
                     <!-- start vert   --> 20,
                     <!-- num verts    --> 3975,
                     <!-- start index  --> 36,
                     <!-- num indices  --> 13680,
                     <!-- start mesh   --> 1,
                     <!-- num meshes   --> 1,
                     <!-- bounding box -->   95.810692,    39.111305,   177.35077,
                                            -95.812286,   -27.355328,  -177.3508,
                     <!-- center       --> -797.27173e-6,   5.8779888,  -15.258789e-6,
                     <!-- radius       --> 256.67038
                  </VMeshRef>
               </VMeshPart>
            </Level0>
         </MultiLevel>
         <Hardpoints>
            <Fixed>
               <HpEngine01>
                  <Orientation type="Matrix">
                       1.0000000000,   0.0000000000,   0.0000000000,
                       0.0000000000,   1.0000000000,   0.0000000000,
                       0.0000000000,   0.0000000000,   1.0000000000
                  </Orientation>
                  <Position type="Vector">-33.801575, -1.6681331, 137.69922</Position>
               </HpEngine01>
               <HpEngine02>
                  <Orientation type="Matrix">
                       1.0000000000,   0.0000000000,   0.0000000000,
                       0.0000000000,   1.0000000000,   0.0000000000,
                       0.0000000000,   0.0000000000,   1.0000000000
                  </Orientation>
                  <Position type="Vector">33.816502, -1.668133, 137.69859</Position>
               </HpEngine02>
            </Fixed>
         </Hardpoints>
      </Harrower_5_lod1.3db>
      <Harrower_4_lod1.3db>
         <MultiLevel>
            <Level0>
               <VMeshPart>
                  <VMeshRef type="VMeshRef">
                     <!-- header size  --> 60,
                     <!-- vmesh lib    --> Harrowerv2_Root.lod0.vms,
                     <!-- start vert   --> 3995,
                     <!-- num verts    --> 1328,
                     <!-- start index  --> 13716,
                     <!-- num indices  --> 2796,
                     <!-- start mesh   --> 2,
                     <!-- num meshes   --> 1,
                     <!-- bounding box -->   95.810692,    39.111305,   177.35077,
                                            -95.812286,   -27.355328,  -177.3508,
                     <!-- center       --> -797.27173e-6,   5.8779888,  -15.258789e-6,
                     <!-- radius       --> 256.67038
                  </VMeshRef>
               </VMeshPart>
            </Level0>
         </MultiLevel>
         <Hardpoints>
            <Revolute>
               <HpTurret01>
                  <Axis type="Vector">0, 1, 0</Axis>
                  <Max type="float">3.1415927</Max>
                  <Min type="float">-3.1415927</Min>
                  <Orientation type="Matrix">
                       0.9659258100,  -0.2588190700,  -0.0000000000,
                       0.2588190700,   0.9659258100,   0.0000000000,
                       0.0000000000,  -0.0000000000,   1.0000000000
                  </Orientation>
                  <Position type="Vector">-44.355026, 16.445744, 100.22361</Position>
               </HpTurret01>
               <HpTurret02>
                  <Axis type="Vector">0, 1, 0</Axis>
                  <Max type="float">3.1415927</Max>
                  <Min type="float">-3.1415927</Min>
                  <Orientation type="Matrix">
                       0.9659258100,   0.2588190700,   0.0000000000,
                      -0.2588190700,   0.9659258100,   0.0000000000,
                       0.0000000000,   0.0000000000,   1.0000000000
                  </Orientation>
                  <Position type="Vector">44.212273, 16.480503, 100.2257</Position>
               </HpTurret02>
               <HpTurret03>
                  <Axis type="Vector">0, 1, 0</Axis>
                  <Max type="float">1.5707964</Max>
                  <Min type="float">-1.5707964</Min>
                  <Orientation type="Matrix">
                     -10.710210e-09,  -0.0871557300,   0.9961946000,
                     -3.7252903e-09,   0.9961947200,   0.0871557300,
                      -0.9999998800,  3.7252903e-09,   0.0000000000
                  </Orientation>
                  <Position type="Vector">-83.746185, 2.00981, 69.462769</Position>
               </HpTurret03>
               <HpTurret04>
                  <Axis type="Vector">0, 1, 0</Axis>
                  <Max type="float">1.5707964</Max>
                  <Min type="float">-1.5707964</Min>
                  <Orientation type="Matrix">
                     -10.710210e-09,   0.0871557300,  -0.9961946000,
                      3.7252903e-09,   0.9961947200,   0.0871557300,
                       0.9999998800,  3.7252903e-09,   0.0000000000
                  </Orientation>
                  <Position type="Vector">83.868408, 2.0028801, 69.537956</Position>
               </HpTurret04>
               <HpTurret05>
                  <Axis type="Vector">0, 1, 0</Axis>
                  <Max type="float">1.5707964</Max>
                  <Min type="float">-1.5707964</Min>
                  <Orientation type="Matrix">
                      178.81393e-09,  -0.0871558640,   0.9961946000,
                     -11.175871e-09,  -0.9961945400,  -0.0871558640,
                       0.9999998800, -3.7252903e-09, -16.880222e-09
                  </Orientation>
                  <Position type="Vector">-83.789948, -5.3131375, 69.428154</Position>
               </HpTurret05>
               <HpTurret06>
                  <Axis type="Vector">0, 1, 0</Axis>
                  <Max type="float">1.5707964</Max>
                  <Min type="float">-1.5707964</Min>
                  <Orientation type="Matrix">
                      178.81393e-09,   0.0871558640,  -0.9961946000,
                      11.175871e-09,  -0.9961945400,  -0.0871558640,
                      -0.9999998800, -3.7252903e-09, -16.880222e-09
                  </Orientation>
                  <Position type="Vector">83.702332, -5.3205347, 69.463791</Position>
               </HpTurret06>
               <HpTurret07>
                  <Axis type="Vector">0, 1, 0</Axis>
                  <Max type="float">3.1415927</Max>
                  <Min type="float">-3.1415927</Min>
                  <Orientation type="Matrix">
                       0.9659258100,  -0.2588190700,  -0.0000000000,
                       0.2588190700,   0.9659258100,   0.0000000000,
                       0.0000000000,  -0.0000000000,   1.0000000000
                  </Orientation>
                  <Position type="Vector">-27.638298, 20.742094, 102.93764</Position>
               </HpTurret07>
               <HpTurret08>
                  <Axis type="Vector">0, 1, 0</Axis>
                  <Max type="float">3.1415927</Max>
                  <Min type="float">-3.1415927</Min>
                  <Orientation type="Matrix">
                       0.9659258100,   0.2588190700,   0.0000000000,
                      -0.2588190700,   0.9659258100,   0.0000000000,
                       0.0000000000,   0.0000000000,   1.0000000000
                  </Orientation>
                  <Position type="Vector">27.647816, 20.73918, 102.93098</Position>
               </HpTurret08>
               <HpTurret09>
                  <Axis type="Vector">0, 1, 0</Axis>
                  <Max type="float">1.5707964</Max>
                  <Min type="float">-1.5707964</Min>
                  <Orientation type="Matrix">
                     -10.710210e-09,  -0.0871557300,   0.9961946000,
                     -3.7252903e-09,   0.9961947200,   0.0871557300,
                      -0.9999998800,  3.7252903e-09,   0.0000000000
                  </Orientation>
                  <Position type="Vector">-71.307617, 2.1855471, 36.76123</Position>
               </HpTurret09>
               <HpTurret10>
                  <Axis type="Vector">0, 1, 0</Axis>
                  <Max type="float">1.5707964</Max>
                  <Min type="float">-1.5707964</Min>
                  <Orientation type="Matrix">
                     -10.710210e-09,   0.0871557300,  -0.9961946000,
                      3.7252903e-09,   0.9961947200,   0.0871557300,
                       0.9999998800,  3.7252903e-09,   0.0000000000
                  </Orientation>
                  <Position type="Vector">71.40094, 2.171875, 36.698242</Position>
               </HpTurret10>
               <HpTurret11>
                  <Axis type="Vector">0, 1, 0</Axis>
                  <Max type="float">3.1415927</Max>
                  <Min type="float">-3.1415927</Min>
                  <Orientation type="Matrix">
                       0.9659258100,  -0.2588190700,  -0.0000000000,
                       0.2588190700,   0.9659258100,   0.0000000000,
                       0.0000000000,  -0.0000000000,   1.0000000000
                  </Orientation>
                  <Position type="Vector">-44.355026, 16.445744, 100.22361</Position>
               </HpTurret11>
               <HpTurret12>
                  <Axis type="Vector">0, 1, 0</Axis>
                  <Max type="float">3.1415927</Max>
                  <Min type="float">-3.1415927</Min>
                  <Orientation type="Matrix">
                       0.9659258100,   0.2588190700,   0.0000000000,
                      -0.2588190700,   0.9659258100,   0.0000000000,
                       0.0000000000,   0.0000000000,   1.0000000000
                  </Orientation>
                  <Position type="Vector">44.212273, 16.480503, 100.2257</Position>
               </HpTurret12>
               <HpTurret13>
                  <Axis type="Vector">0, 1, 0</Axis>
                  <Max type="float">1.5707964</Max>
                  <Min type="float">-1.5707964</Min>
                  <Orientation type="Matrix">
                     -10.710210e-09,  -0.0871557300,   0.9961946000,
                     -3.7252903e-09,   0.9961947200,   0.0871557300,
                      -0.9999998800,  3.7252903e-09,   0.0000000000
                  </Orientation>
                  <Position type="Vector">-83.746185, 2.00981, 69.462769</Position>
               </HpTurret13>
               <HpTurret14>
                  <Axis type="Vector">0, 1, 0</Axis>
                  <Max type="float">1.5707964</Max>
                  <Min type="float">-1.5707964</Min>
                  <Orientation type="Matrix">
                     -10.710210e-09,   0.0871557300,  -0.9961946000,
                      3.7252903e-09,   0.9961947200,   0.0871557300,
                       0.9999998800,  3.7252903e-09,   0.0000000000
                  </Orientation>
                  <Position type="Vector">83.868408, 2.0028801, 69.537956</Position>
               </HpTurret14>
               <HpTurret15>
                  <Axis type="Vector">0, 1, 0</Axis>
                  <Max type="float">1.5707964</Max>
                  <Min type="float">-1.5707964</Min>
                  <Orientation type="Matrix">
                      178.81393e-09,  -0.0871558640,   0.9961946000,
                     -11.175871e-09,  -0.9961945400,  -0.0871558640,
                       0.9999998800, -3.7252903e-09, -16.880222e-09
                  </Orientation>
                  <Position type="Vector">-83.789948, -5.3131375, 69.428154</Position>
               </HpTurret15>
               <HpTurret16>
                  <Axis type="Vector">0, 1, 0</Axis>
                  <Max type="float">1.5707964</Max>
                  <Min type="float">-1.5707964</Min>
                  <Orientation type="Matrix">
                      178.81393e-09,   0.0871558640,  -0.9961946000,
                      11.175871e-09,  -0.9961945400,  -0.0871558640,
                      -0.9999998800, -3.7252903e-09, -16.880222e-09
                  </Orientation>
                  <Position type="Vector">83.702332, -5.3205347, 69.463791</Position>
               </HpTurret16>
               <HpTurret17>
                  <Axis type="Vector">0, 1, 0</Axis>
                  <Max type="float">3.1415927</Max>
                  <Min type="float">-3.1415927</Min>
                  <Orientation type="Matrix">
                       0.9659258100,  -0.2588190700,  -0.0000000000,
                       0.2588190700,   0.9659258100,   0.0000000000,
                       0.0000000000,  -0.0000000000,   1.0000000000
                  </Orientation>
                  <Position type="Vector">-27.638298, 20.742094, 102.93764</Position>
               </HpTurret17>
               <HpTurret18>
                  <Axis type="Vector">0, 1, 0</Axis>
                  <Max type="float">3.1415927</Max>
                  <Min type="float">-3.1415927</Min>
                  <Orientation type="Matrix">
                       0.9659258100,   0.2588190700,   0.0000000000,
                      -0.2588190700,   0.9659258100,   0.0000000000,
                       0.0000000000,   0.0000000000,   1.0000000000
                  </Orientation>
                  <Position type="Vector">27.647816, 20.73918, 102.93098</Position>
               </HpTurret18>
               <HpTurret19>
                  <Axis type="Vector">0, 1, 0</Axis>
                  <Max type="float">1.5707964</Max>
                  <Min type="float">-1.5707964</Min>
                  <Orientation type="Matrix">
                     -10.710210e-09,  -0.0871557300,   0.9961946000,
                     -3.7252903e-09,   0.9961947200,   0.0871557300,
                      -0.9999998800,  3.7252903e-09,   0.0000000000
                  </Orientation>
                  <Position type="Vector">-71.307617, 2.1855471, 36.76123</Position>
               </HpTurret19>
               <HpTurret20>
                  <Axis type="Vector">0, 1, 0</Axis>
                  <Max type="float">1.5707964</Max>
                  <Min type="float">-1.5707964</Min>
                  <Orientation type="Matrix">
                     -10.710210e-09,   0.0871557300,  -0.9961946000,
                      3.7252903e-09,   0.9961947200,   0.0871557300,
                       0.9999998800,  3.7252903e-09,   0.0000000000
                  </Orientation>
                  <Position type="Vector">71.40094, 2.171875, 36.698242</Position>
               </HpTurret20>
               <HpA01>
                  <Axis type="Vector">0, 1, 0</Axis>
                  <Max type="float">3.1415927</Max>
                  <Min type="float">-3.1415927</Min>
                  <Orientation type="Matrix">
                       1.0000000000,   0.0000000000,   0.0000000000,
                       0.0000000000,   1.0000000000,   0.0000000000,
                       0.0000000000,   0.0000000000,   1.0000000000
                  </Orientation>
                  <Position type="Vector">0.0056838989, 38.844727, 147.72534</Position>
               </HpA01>
               <HpA03>
                  <Axis type="Vector">0, 1, 0</Axis>
                  <Max type="float">0.69813168</Max>
                  <Min type="float">-0.69813168</Min>
                  <Orientation type="Matrix">
                      -1.0000000000, -87.422777e-09,   0.0000000000,
                      87.422777e-09,  -1.0000000000,  -0.0000000000,
                       0.0000000000,   0.0000000000,   1.0000000000
                  </Orientation>
                  <Position type="Vector">-846.86279e-6, -19.782471, -8.2773399</Position>
               </HpA03>
               <HpB01>
                  <Axis type="Vector">0, 1, 0</Axis>
                  <Max type="float">0</Max>
                  <Min type="float">0</Min>
                  <Orientation type="Matrix">
                       0.9659258100,  14.901161e-09,   0.2588190400,
                       0.2588190400,  7.4505806e-09,  -0.9659256900,
                       0.0000000000,   0.9999998800,  5.5879354e-09
                  </Orientation>
                  <Position type="Vector">-24.952148, 21.638184, 109.33051</Position>
               </HpB01>
               <HpB02>
                  <Axis type="Vector">0, 1, 0</Axis>
                  <Max type="float">0</Max>
                  <Min type="float">0</Min>
                  <Orientation type="Matrix">
                       0.9659258100, -14.901161e-09,  -0.2588190400,
                      -0.2588190400,  7.4505806e-09,  -0.9659256900,
                       0.0000000000,   0.9999998800,  5.5879354e-09
                  </Orientation>
                  <Position type="Vector">24.964844, 21.637939, 109.39642</Position>
               </HpB02>
               <HpC01>
                  <Axis type="Vector">0, 1, 0</Axis>
                  <Max type="float">3.1415927</Max>
                  <Min type="float">-3.1415927</Min>
                  <Orientation type="Matrix">
                      -1.0000000000, -87.422777e-09,   0.0000000000,
                      87.422777e-09,  -1.0000000000,  -0.0000000000,
                       0.0000000000,   0.0000000000,   1.0000000000
                  </Orientation>
                  <Position type="Vector">-0.0027542114, -21.210938, 23.908167</Position>
               </HpC01>
            </Revolute>
         </Hardpoints>
      </Harrower_4_lod1.3db>
      <Harrower_3_lod1.3db>
         <MultiLevel>
            <Level0>
               <VMeshPart>
                  <VMeshRef type="VMeshRef">
                     <!-- header size  --> 60,
                     <!-- vmesh lib    --> Harrowerv2_Root.lod0.vms,
                     <!-- start vert   --> 5323,
                     <!-- num verts    --> 347,
                     <!-- start index  --> 16512,
                     <!-- num indices  --> 990,
                     <!-- start mesh   --> 3,
                     <!-- num meshes   --> 1,
                     <!-- bounding box -->   95.810692,    39.111305,   177.35077,
                                            -95.812286,   -27.355328,  -177.3508,
                     <!-- center       --> -797.27173e-6,   5.8779888,  -15.258789e-6,
                     <!-- radius       --> 256.67038
                  </VMeshRef>
               </VMeshPart>
            </Level0>
         </MultiLevel>
      </Harrower_3_lod1.3db>
      <Harrower_2_lod1.3db>
         <MultiLevel>
            <Level0>
               <VMeshPart>
                  <VMeshRef type="VMeshRef">
                     <!-- header size  --> 60,
                     <!-- vmesh lib    --> Harrowerv2_Root.lod0.vms,
                     <!-- start vert   --> 5670,
                     <!-- num verts    --> 22224,
                     <!-- start index  --> 17502,
                     <!-- num indices  --> 38736,
                     <!-- start mesh   --> 4,
                     <!-- num meshes   --> 1,
                     <!-- bounding box -->   95.810692,    39.111305,   177.35077,
                                            -95.812286,   -27.355328,  -177.3508,
                     <!-- center       --> -797.27173e-6,   5.8779888,  -15.258789e-6,
                     <!-- radius       --> 256.67038
                  </VMeshRef>
               </VMeshPart>
            </Level0>
         </MultiLevel>
         <Hardpoints>
            <Fixed>
               <HpRunningLight01>
                  <Orientation type="Matrix">
                       1.0000000000,   0.0000000000,   0.0000000000,
                       0.0000000000,   1.0000000000,   0.0000000000,
                       0.0000000000,   0.0000000000,   1.0000000000
                  </Orientation>
                  <Position type="Vector">-54.006153, 13.554118, 86.852257</Position>
               </HpRunningLight01>
               <HpRunningLight02>
                  <Orientation type="Matrix">
                       1.0000000000,   0.0000000000,   0.0000000000,
                       0.0000000000,   1.0000000000,   0.0000000000,
                       0.0000000000,   0.0000000000,   1.0000000000
                  </Orientation>
                  <Position type="Vector">54.005764, 13.55409, 86.85804</Position>
               </HpRunningLight02>
               <HpThruster01>
                  <Orientation type="Matrix">
                       1.0000000000,   0.0000000000,   0.0000000000,
                       0.0000000000,   1.0000000000,   0.0000000000,
                       0.0000000000,   0.0000000000,   1.0000000000
                  </Orientation>
                  <Position type="Vector">0.0035896301, -19.947021, 157.10254</Position>
               </HpThruster01>
            </Fixed>
            <Revolute>
               <HpA02>
                  <Axis type="Vector">0, 1, 0</Axis>
                  <Max type="float">3.1415927</Max>
                  <Min type="float">-3.1415927</Min>
                  <Orientation type="Matrix">
                      -1.0000000000, -87.422777e-09,   0.0000000000,
                      87.422777e-09,  -1.0000000000,  -0.0000000000,
                       0.0000000000,   0.0000000000,   1.0000000000
                  </Orientation>
                  <Position type="Vector">0.014526367, -27.294434, 156.60335</Position>
               </HpA02>
            </Revolute>
         </Hardpoints>
      </Harrower_2_lod1.3db>
      <Harrower_1_lod1.3db>
         <MultiLevel>
            <Level0>
               <VMeshPart>
                  <VMeshRef type="VMeshRef">
                     <!-- header size  --> 60,
                     <!-- vmesh lib    --> Harrowerv2_Root.lod0.vms,
                     <!-- start vert   --> 27894,
                     <!-- num verts    --> 301,
                     <!-- start index  --> 56238,
                     <!-- num indices  --> 684,
                     <!-- start mesh   --> 5,
                     <!-- num meshes   --> 1,
                     <!-- bounding box -->   95.810692,    39.111305,   177.35077,
                                            -95.812286,   -27.355328,  -177.3508,
                     <!-- center       --> -797.27173e-6,   5.8779888,  -15.258789e-6,
                     <!-- radius       --> 256.67038
                  </VMeshRef>
               </VMeshPart>
            </Level0>
         </MultiLevel>
      </Harrower_1_lod1.3db>
      <Harrower_7_lod1.3db>
         <MultiLevel>
            <Level0>
               <VMeshPart>
                  <VMeshRef type="VMeshRef">
                     <!-- header size  --> 60,
                     <!-- vmesh lib    --> Harrower_7.lod0.vms,
                     <!-- start vert   --> 0,
                     <!-- num verts    --> 13534,
                     <!-- start index  --> 0,
                     <!-- num indices  --> 34896,
                     <!-- start mesh   --> 0,
                     <!-- num meshes   --> 1,
                     <!-- bounding box -->  88.85582,      15.940047,   62.5961,
                                           -88.855728,    -19.247042,  -35.923702,
                     <!-- center       -->  45.776367e-6,  -1.6534972,  13.336199,
                     <!-- radius       --> 137.97688
                  </VMeshRef>
               </VMeshPart>
            </Level0>
         </MultiLevel>
      </Harrower_7_lod1.3db>
      <Harrower_8_lod1.3db>
         <MultiLevel>
            <Level0>
               <VMeshPart>
                  <VMeshRef type="VMeshRef">
                     <!-- header size  --> 60,
                     <!-- vmesh lib    --> Harrower_8.lod0.vms,
                     <!-- start vert   --> 0,
                     <!-- num verts    --> 22210,
                     <!-- start index  --> 0,
                     <!-- num indices  --> 62202,
                     <!-- start mesh   --> 0,
                     <!-- num meshes   --> 1,
                     <!-- bounding box -->  47.657951,     10.370968,     0,
                                           -47.65786,     -13.677993,  -175.60741,
                     <!-- center       -->  45.776367e-6,  -1.6535125,  -87.803703,
                     <!-- radius       --> 228.09103
                  </VMeshRef>
               </VMeshPart>
            </Level0>
         </MultiLevel>
      </Harrower_8_lod1.3db>
      <Harrower_9_lod1.3db>
         <MultiLevel>
            <Level0>
               <VMeshPart>
                  <VMeshRef type="VMeshRef">
                     <!-- header size  --> 60,
                     <!-- vmesh lib    --> Harrower_9.lod0.vms,
                     <!-- start vert   --> 0,
                     <!-- num verts    --> 15538,
                     <!-- start index  --> 0,
                     <!-- num indices  --> 36426,
                     <!-- start mesh   --> 0,
                     <!-- num meshes   --> 1,
                     <!-- bounding box -->  92.233627,     37.059956,  174.82649,
                                           -92.233505,    -25.263058,    0,
                     <!-- center       -->  61.035156e-6,   5.8984489,  87.413246,
                     <!-- radius       --> 251.38611
                  </VMeshRef>
               </VMeshPart>
            </Level0>
         </MultiLevel>
      </Harrower_9_lod1.3db>
   </UTF_ROOT>
</UTFXML>
