<?xml version="1.0" encoding="ISO-8859-1"?>
<!-- XML generated by UTFXML Version 2.2 built 19-Aug-2010 -->
<UTFXML filename="heavy_battleship_avenger.cmp" path="SHIPS\new\Scifi\HighPoly">
   <UTF_ROOT>
      <VMeshLibrary>
         <Root_heavy_battleship_avenger.lod0.vms include="heavy_battleship_avenger_cmp\lod0.vms.xml"/>
         <AvengerParts.lod0.vms include="heavy_battleship_avenger_cmp\lod0.vms.xml"/>
         <Avenger_Cannon8_GunsAtlas_Root.lod0.vms include="heavy_battleship_avenger_cmp\lod0.vms.xml"/>
      </VMeshLibrary>
      <Cmpnd>
         <Cons>
            <Fix type="Fix" count="8">
               <part>
                  <!-- parent      --> "Root",
                  <!-- child       --> "Body_heavy_battleship_avenger_lod1",
                  <!-- position    --> 0, -31.344999, 0,
                  <!-- orientation -->   1.0000000000,   0.0000000000,   0.0000000000,
                                         0.0000000000,   1.0000000000,   0.0000000000,
                                         0.0000000000,   0.0000000000,   1.0000000000
               </part>
               <part>
                  <!-- parent      --> "Root",
                  <!-- child       --> "Engine_Retribution_heavy_Engine_lod1",
                  <!-- position    --> 0, 0, 0,
                  <!-- orientation -->   1.0000000000,   0.0000000000,   0.0000000000,
                                         0.0000000000,   1.0000000000,   0.0000000000,
                                         0.0000000000,   0.0000000000,   1.0000000000
               </part>
               <part>
                  <!-- parent      --> "Root",
                  <!-- child       --> "Flag_Flag_01_1Material_0_lod1",
                  <!-- position    --> 0, 0, 0,
                  <!-- orientation -->   1.0000000000,   0.0000000000,   0.0000000000,
                                         0.0000000000,   1.0000000000,   0.0000000000,
                                         0.0000000000,   0.0000000000,   1.0000000000
               </part>
               <part>
                  <!-- parent      --> "Root",
                  <!-- child       --> "FX_sails_Noise_Astral_Air_1Mate_lod1",
                  <!-- position    --> 0, 0, 0,
                  <!-- orientation -->   1.0000000000,   0.0000000000,   0.0000000000,
                                         0.0000000000,   1.0000000000,   0.0000000000,
                                         0.0000000000,   0.0000000000,   1.0000000000
               </part>
               <part>
                  <!-- parent      --> "Root",
                  <!-- child       --> "Items_Body_grand_premium_02_01__lod1",
                  <!-- position    --> 0, 0, 0,
                  <!-- orientation -->   1.0000000000,   0.0000000000,   0.0000000000,
                                         0.0000000000,   1.0000000000,   0.0000000000,
                                         0.0000000000,   0.0000000000,   1.0000000000
               </part>
               <part>
                  <!-- parent      --> "Root",
                  <!-- child       --> "Rename_Items_Sails_grand_premiu_lod1",
                  <!-- position    --> 0, 0, 0,
                  <!-- orientation -->   1.0000000000,   0.0000000000,   0.0000000000,
                                         0.0000000000,   1.0000000000,   0.0000000000,
                                         0.0000000000,   0.0000000000,   1.0000000000
               </part>
               <part>
                  <!-- parent      --> "Root",
                  <!-- child       --> "Sails_BG_Avenger_heavy_Sails2_1_lod1",
                  <!-- position    --> 0, 0, 0,
                  <!-- orientation -->   1.0000000000,   0.0000000000,   0.0000000000,
                                         0.0000000000,   1.0000000000,   0.0000000000,
                                         0.0000000000,   0.0000000000,   1.0000000000
               </part>
               <part>
                  <!-- parent      --> "Root",
                  <!-- child       --> "Avenger_Cannon8_GunsAtlas_lod1",
                  <!-- position    --> 0, -17, 0,
                  <!-- orientation -->   1.0000000000,   0.0000000000,   0.0000000000,
                                         0.0000000000,   1.0000000000,   0.0000000000,
                                         0.0000000000,   0.0000000000,   1.0000000000
               </part>
            </Fix>
         </Cons>
         <Root>
            <File_name name="File name" type="text">Root_heavy_battleship_avenger_lod1.3db</File_name>
            <Index type="int">0</Index>
            <Object_name name="Object name" type="text">Root</Object_name>
         </Root>
         <Part_Body_heavy_battleship_avenger_lod1>
            <File_name name="File name" type="text">Body_heavy_battleship_avenger_lod1.3db</File_name>
            <Index type="int">1</Index>
            <Object_name name="Object name" type="text">Body_heavy_battleship_avenger_lod1</Object_name>
         </Part_Body_heavy_battleship_avenger_lod1>
         <Part_Flag_Flag_01_1Material_0_lod1>
            <File_name name="File name" type="text">Flag_Flag_01_1Material_0_lod1.3db</File_name>
            <Index type="int">2</Index>
            <Object_name name="Object name" type="text">Flag_Flag_01_1Material_0_lod1</Object_name>
         </Part_Flag_Flag_01_1Material_0_lod1>
         <Part_FX_sails_Noise_Astral_Air_1Mate_lod1>
            <File_name name="File name" type="text">FX_sails_Noise_Astral_Air_1Mate_lod1.3db</File_name>
            <Index type="int">3</Index>
            <Object_name name="Object name" type="text">FX_sails_Noise_Astral_Air_1Mate_lod1</Object_name>
         </Part_FX_sails_Noise_Astral_Air_1Mate_lod1>
         <Part_Rename_Items_Sails_grand_premiu_lod1>
            <File_name name="File name" type="text">Rename_Items_Sails_grand_premiu_lod1.3db</File_name>
            <Index type="int">4</Index>
            <Object_name name="Object name" type="text">Rename_Items_Sails_grand_premiu_lod1</Object_name>
         </Part_Rename_Items_Sails_grand_premiu_lod1>
         <Part_Sails_BG_Avenger_heavy_Sails2_1_lod1>
            <File_name name="File name" type="text">Sails_BG_Avenger_heavy_Sails2_1_lod1.3db</File_name>
            <Index type="int">5</Index>
            <Object_name name="Object name" type="text">Sails_BG_Avenger_heavy_Sails2_1_lod1</Object_name>
         </Part_Sails_BG_Avenger_heavy_Sails2_1_lod1>
         <Part_Engine_Retribution_heavy_Engine_lod1>
            <File_name name="File name" type="text">Engine_Retribution_heavy_Engine_lod1.3db</File_name>
            <Index type="int">6</Index>
            <Object_name name="Object name" type="text">Engine_Retribution_heavy_Engine_lod1</Object_name>
         </Part_Engine_Retribution_heavy_Engine_lod1>
         <Part_Items_Body_grand_premium_02_01__lod1>
            <File_name name="File name" type="text">Items_Body_grand_premium_02_01__lod1.3db</File_name>
            <Index type="int">7</Index>
            <Object_name name="Object name" type="text">Items_Body_grand_premium_02_01__lod1</Object_name>
         </Part_Items_Body_grand_premium_02_01__lod1>
         <Part_Avenger_Cannon8_GunsAtlas_lod1>
            <File_name name="File name" type="text">Avenger_Cannon8_GunsAtlas_lod1.3db</File_name>
            <Index type="int">8</Index>
            <Object_name name="Object name" type="text">Avenger_Cannon8_GunsAtlas_lod1</Object_name>
         </Part_Avenger_Cannon8_GunsAtlas_lod1>
      </Cmpnd>
      <Root_heavy_battleship_avenger_lod1.3db>
         <MultiLevel>
            <Level0>
               <VMeshPart>
                  <VMeshRef type="VMeshRef">
                     <!-- header size  --> 60,
                     <!-- vmesh lib    --> Root_heavy_battleship_avenger.lod0.vms,
                     <!-- start vert   --> 0,
                     <!-- num verts    --> 20,
                     <!-- start index  --> 0,
                     <!-- num indices  --> 36,
                     <!-- start mesh   --> 0,
                     <!-- num meshes   --> 1,
                     <!-- bounding box -->  53.250145,    70.991051,  174.29099,
                                           -53.249527,   -66.712105, -191.85022,
                     <!-- center       --> 308.99048e-6,   2.139473,   -8.7796173,
                     <!-- radius       --> 264.22592
                  </VMeshRef>
               </VMeshPart>
            </Level0>
         </MultiLevel>
         <Hardpoints>
            <Fixed>
               <HpMount>
                  <Orientation type="Matrix">
                       1.0000000000,   0.0000000000,   0.0000000000,
                       0.0000000000,   1.0000000000,   0.0000000000,
                       0.0000000000,   0.0000000000,   1.0000000000
                  </Orientation>
                  <Position type="Vector">0, -75, -115</Position>
               </HpMount>
               <HpFX01>
                  <Orientation type="Matrix">
                       1.0000000000,   0.0000000000,   0.0000000000,
                       0.0000000000,   1.0000000000,   0.0000000000,
                       0.0000000000,   0.0000000000,   1.0000000000
                  </Orientation>
                  <Position type="Vector">0, 0, 0</Position>
               </HpFX01>
               <HpFX02>
                  <Orientation type="Matrix">
                      59.604645e-09,   0.9999998800,   0.0000000000,
                      -0.9999998800,  59.604645e-09,   0.0000000000,
                       0.0000000000,   0.0000000000,   1.0000000000
                  </Orientation>
                  <Position type="Vector">0, 0, 0</Position>
               </HpFX02>
               <HpFX03>
                  <Orientation type="Matrix">
                       1.0000000000,   0.0000000000,   0.0000000000,
                       0.0000000000,  59.604645e-09,   0.9999998800,
                       0.0000000000,  -0.9999998800,  59.604645e-09
                  </Orientation>
                  <Position type="Vector">0, 0, 0</Position>
               </HpFX03>
               <HpFX04>
                  <Orientation type="Matrix">
                       1.0000000000,   0.0000000000,   0.0000000000,
                       0.0000000000,   1.0000000000,   0.0000000000,
                       0.0000000000,   0.0000000000,   1.0000000000
                  </Orientation>
                  <Position type="Vector">0, 0, 0</Position>
               </HpFX04>
               <HpFX05>
                  <Orientation type="Matrix">
                       1.0000000000,   0.0000000000,   0.0000000000,
                       0.0000000000,   1.0000000000,   0.0000000000,
                       0.0000000000,   0.0000000000,   1.0000000000
                  </Orientation>
                  <Position type="Vector">0, 0, 0</Position>
               </HpFX05>
               <HpFX06>
                  <Orientation type="Matrix">
                       1.0000000000,   0.0000000000,   0.0000000000,
                       0.0000000000,   1.0000000000,   0.0000000000,
                       0.0000000000,   0.0000000000,   1.0000000000
                  </Orientation>
                  <Position type="Vector">0, 0, 0</Position>
               </HpFX06>
               <HpFX07>
                  <Orientation type="Matrix">
                       1.0000000000,   0.0000000000,   0.0000000000,
                       0.0000000000,   1.0000000000,   0.0000000000,
                       0.0000000000,   0.0000000000,   1.0000000000
                  </Orientation>
                  <Position type="Vector">0, 0, 0</Position>
               </HpFX07>
               <HpBayDoor01>
                  <Orientation type="Matrix">
                       1.0000000000,   0.0000000000,   0.0000000000,
                       0.0000000000,   1.0000000000,   0.0000000000,
                       0.0000000000,   0.0000000000,   1.0000000000
                  </Orientation>
                  <Position type="Vector">0, -80, 0</Position>
               </HpBayDoor01>
               <HpBayDoor02>
                  <Orientation type="Matrix">
                       1.0000000000,   0.0000000000,   0.0000000000,
                       0.0000000000,   1.0000000000,   0.0000000000,
                       0.0000000000,   0.0000000000,   1.0000000000
                  </Orientation>
                  <Position type="Vector">0, -90, 0</Position>
               </HpBayDoor02>
               <HpShield01>
                  <Orientation type="Matrix">
                       1.0000000000,   0.0000000000,   0.0000000000,
                       0.0000000000,   1.0000000000,   0.0000000000,
                       0.0000000000,   0.0000000000,   1.0000000000
                  </Orientation>
                  <Position type="Vector">0, 0, 0</Position>
               </HpShield01>
               <HpShield02>
                  <Orientation type="Matrix">
                       1.0000000000,   0.0000000000,   0.0000000000,
                       0.0000000000,   1.0000000000,   0.0000000000,
                       0.0000000000,   0.0000000000,   1.0000000000
                  </Orientation>
                  <Position type="Vector">0, 0, 0</Position>
               </HpShield02>
               <HpShield03>
                  <Orientation type="Matrix">
                       1.0000000000,   0.0000000000,   0.0000000000,
                       0.0000000000,   1.0000000000,   0.0000000000,
                       0.0000000000,   0.0000000000,   1.0000000000
                  </Orientation>
                  <Position type="Vector">0, 0, 0</Position>
               </HpShield03>
               <HpCloak01>
                  <Orientation type="Matrix">
                       1.0000000000,   0.0000000000,   0.0000000000,
                       0.0000000000,   1.0000000000,   0.0000000000,
                       0.0000000000,   0.0000000000,   1.0000000000
                  </Orientation>
                  <Position type="Vector">0, -40, 0</Position>
               </HpCloak01>
            </Fixed>
         </Hardpoints>
      </Root_heavy_battleship_avenger_lod1.3db>
      <Body_heavy_battleship_avenger_lod1.3db>
         <MultiLevel>
            <Level0>
               <VMeshPart>
                  <VMeshRef type="VMeshRef">
                     <!-- header size  --> 60,
                     <!-- vmesh lib    --> Root_heavy_battleship_avenger.lod0.vms,
                     <!-- start vert   --> 20,
                     <!-- num verts    --> 13007,
                     <!-- start index  --> 36,
                     <!-- num indices  --> 61866,
                     <!-- start mesh   --> 1,
                     <!-- num meshes   --> 1,
                     <!-- bounding box -->  53.250145,    70.991051,  174.29099,
                                           -53.249527,   -66.712105, -191.85022,
                     <!-- center       --> 308.99048e-6,   2.139473,   -8.7796173,
                     <!-- radius       --> 264.22592
                  </VMeshRef>
               </VMeshPart>
            </Level0>
         </MultiLevel>
         <Hardpoints>
            <Fixed>
               <HpTractor_Source>
                  <Orientation type="Matrix">
                       1.0000000000,   0.0000000000,   0.0000000000,
                       0.0000000000,   1.0000000000,   0.0000000000,
                       0.0000000000,   0.0000000000,   1.0000000000
                  </Orientation>
                  <Position type="Vector">657e-6, -40.452114, -191.84451</Position>
               </HpTractor_Source>
               <HpRunningLight01>
                  <Orientation type="Matrix">
                       1.0000000000,   0.0000000000,   0.0000000000,
                       0.0000000000,   1.0000000000,   0.0000000000,
                       0.0000000000,   0.0000000000,   1.0000000000
                  </Orientation>
                  <Position type="Vector">0.002044, -40.450867, -191.8497</Position>
               </HpRunningLight01>
            </Fixed>
            <Revolute>
               <HpTorpedo01>
                  <Axis type="Vector">0, 1, 0</Axis>
                  <Max type="float">0.78539819</Max>
                  <Min type="float">-0.78539819</Min>
                  <Orientation type="Matrix">
                      -1.0000000000, -87.422777e-09,   0.0000000000,
                      87.422777e-09,  -1.0000000000,  -0.0000000000,
                       0.0000000000,   0.0000000000,   1.0000000000
                  </Orientation>
                  <Position type="Vector">0, -45.79694, -135.4771</Position>
               </HpTorpedo01>
               <HpTurret01>
                  <Axis type="Vector">0, 1, 0</Axis>
                  <Max type="float">1.5707964</Max>
                  <Min type="float">-1.5707964</Min>
                  <Orientation type="Matrix">
                      -0.1736483600,  -0.9848078500,  -0.0000000000,
                       0.9848078500,  -0.1736483600,   0.0000000000,
                       0.0000000000,  -0.0000000000,   1.0000000000
                  </Orientation>
                  <Position type="Vector">-50.048874, -0.47093201, 0.91738403</Position>
               </HpTurret01>
               <HpTurret02>
                  <Axis type="Vector">0, 1, 0</Axis>
                  <Max type="float">1.5707964</Max>
                  <Min type="float">-1.5707964</Min>
                  <Orientation type="Matrix">
                      -0.1736483600,   0.9848078500,   0.0000000000,
                      -0.9848078500,  -0.1736483600,   0.0000000000,
                       0.0000000000,   0.0000000000,   1.0000000000
                  </Orientation>
                  <Position type="Vector">50.065392, -0.37140101, 0.99273503</Position>
               </HpTurret02>
               <HpTurret03>
                  <Axis type="Vector">0, 1, 0</Axis>
                  <Max type="float">1.5707964</Max>
                  <Min type="float">-1.5707964</Min>
                  <Orientation type="Matrix">
                      -0.1736483600,  -0.9848078500,  -0.0000000000,
                       0.9848078500,  -0.1736483600,   0.0000000000,
                       0.0000000000,  -0.0000000000,   1.0000000000
                  </Orientation>
                  <Position type="Vector">-50.063026, -0.38403901, 14.716273</Position>
               </HpTurret03>
               <HpTurret04>
                  <Axis type="Vector">0, 1, 0</Axis>
                  <Max type="float">1.5707964</Max>
                  <Min type="float">-1.5707964</Min>
                  <Orientation type="Matrix">
                      -0.1736483600,   0.9848078500,   0.0000000000,
                      -0.9848078500,  -0.1736483600,   0.0000000000,
                       0.0000000000,   0.0000000000,   1.0000000000
                  </Orientation>
                  <Position type="Vector">50.058624, -0.417566, 14.711027</Position>
               </HpTurret04>
               <HpTurret05>
                  <Axis type="Vector">0, 1, 0</Axis>
                  <Max type="float">1.5707964</Max>
                  <Min type="float">-1.5707964</Min>
                  <Orientation type="Matrix">
                      -0.1736483600,  -0.9848078500,  -0.0000000000,
                       0.9848078500,  -0.1736483600,   0.0000000000,
                       0.0000000000,  -0.0000000000,   1.0000000000
                  </Orientation>
                  <Position type="Vector">-50.053429, -0.447258, 28.411367</Position>
               </HpTurret05>
               <HpTurret06>
                  <Axis type="Vector">0, 1, 0</Axis>
                  <Max type="float">1.5707964</Max>
                  <Min type="float">-1.5707964</Min>
                  <Orientation type="Matrix">
                      -0.1736483600,   0.9848078500,   0.0000000000,
                      -0.9848078500,  -0.1736483600,   0.0000000000,
                       0.0000000000,   0.0000000000,   1.0000000000
                  </Orientation>
                  <Position type="Vector">50.052197, -0.45546201, 28.380886</Position>
               </HpTurret06>
               <HpTurret07>
                  <Axis type="Vector">0, 1, 0</Axis>
                  <Max type="float">1.5707964</Max>
                  <Min type="float">-1.5707964</Min>
                  <Orientation type="Matrix">
                      -0.1736483600,  -0.9848078500,  -0.0000000000,
                       0.9848078500,  -0.1736483600,   0.0000000000,
                       0.0000000000,  -0.0000000000,   1.0000000000
                  </Orientation>
                  <Position type="Vector">-50.068054, -0.35130399, 42.140202</Position>
               </HpTurret07>
               <HpTurret08>
                  <Axis type="Vector">0, 1, 0</Axis>
                  <Max type="float">1.5707964</Max>
                  <Min type="float">-1.5707964</Min>
                  <Orientation type="Matrix">
                      -0.1736483600,   0.9848078500,   0.0000000000,
                      -0.9848078500,  -0.1736483600,   0.0000000000,
                       0.0000000000,   0.0000000000,   1.0000000000
                  </Orientation>
                  <Position type="Vector">50.062904, -0.38788101, 42.119709</Position>
               </HpTurret08>
               <HpTurret09>
                  <Axis type="Vector">0, 1, 0</Axis>
                  <Max type="float">1.5707964</Max>
                  <Min type="float">-1.5707964</Min>
                  <Orientation type="Matrix">
                      -0.1736483600,  -0.9848078500,  -0.0000000000,
                       0.9848078500,  -0.1736483600,   0.0000000000,
                       0.0000000000,  -0.0000000000,   1.0000000000
                  </Orientation>
                  <Position type="Vector">-30.460941, 0.36555499, -72.255066</Position>
               </HpTurret09>
               <HpTurret10>
                  <Axis type="Vector">0, 1, 0</Axis>
                  <Max type="float">1.5707964</Max>
                  <Min type="float">-1.5707964</Min>
                  <Orientation type="Matrix">
                      -0.1736483600,   0.9848078500,   0.0000000000,
                      -0.9848078500,  -0.1736483600,   0.0000000000,
                       0.0000000000,   0.0000000000,   1.0000000000
                  </Orientation>
                  <Position type="Vector">30.451962, 0.302508, -72.243004</Position>
               </HpTurret10>
               <HpTurret11>
                  <Axis type="Vector">0, 1, 0</Axis>
                  <Max type="float">1.5707964</Max>
                  <Min type="float">-1.5707964</Min>
                  <Orientation type="Matrix">
                      -0.0871559380,  -0.9961947200,  -0.0000000000,
                       0.9961947200,  -0.0871559380,   0.0000000000,
                       0.0000000000,  -0.0000000000,   1.0000000000
                  </Orientation>
                  <Position type="Vector">-28.697117, -15.295975, -72.371887</Position>
               </HpTurret11>
               <HpTurret12>
                  <Axis type="Vector">0, 1, 0</Axis>
                  <Max type="float">1.5707964</Max>
                  <Min type="float">-1.5707964</Min>
                  <Orientation type="Matrix">
                      -0.0871559380,   0.9961947200,   0.0000000000,
                      -0.9961947200,  -0.0871559380,   0.0000000000,
                       0.0000000000,   0.0000000000,   1.0000000000
                  </Orientation>
                  <Position type="Vector">28.703415, -15.295711, -72.322372</Position>
               </HpTurret12>
               <HpTurret13>
                  <Axis type="Vector">0, 1, 0</Axis>
                  <Max type="float">1.5707964</Max>
                  <Min type="float">-1.5707964</Min>
                  <Orientation type="Matrix">
                      -0.0871559380,  -0.9961947200,  -0.0000000000,
                       0.9961947200,  -0.0871559380,   0.0000000000,
                       0.0000000000,  -0.0000000000,   1.0000000000
                  </Orientation>
                  <Position type="Vector">-32.322475, 0.004112, -45.211681</Position>
               </HpTurret13>
               <HpTurret14>
                  <Axis type="Vector">0, 1, 0</Axis>
                  <Max type="float">1.5707964</Max>
                  <Min type="float">-1.5707964</Min>
                  <Orientation type="Matrix">
                      -0.0871559380,   0.9961947200,   0.0000000000,
                      -0.9961947200,  -0.0871559380,   0.0000000000,
                       0.0000000000,   0.0000000000,   1.0000000000
                  </Orientation>
                  <Position type="Vector">32.322025, -0.011642, -45.203827</Position>
               </HpTurret14>
               <HpTurret15>
                  <Axis type="Vector">0, 1, 0</Axis>
                  <Max type="float">1.5707964</Max>
                  <Min type="float">-1.5707964</Min>
                  <Orientation type="Matrix">
                      -0.1564344200,  -0.9876883000,  -0.0000000000,
                       0.9876883000,  -0.1564344200,   0.0000000000,
                       0.0000000000,  -0.0000000000,   1.0000000000
                  </Orientation>
                  <Position type="Vector">-30.459446, -15.664318, -45.372532</Position>
               </HpTurret15>
               <HpTurret16>
                  <Axis type="Vector">0, 1, 0</Axis>
                  <Max type="float">1.5707964</Max>
                  <Min type="float">-1.5707964</Min>
                  <Orientation type="Matrix">
                      -0.1564344200,   0.9876883000,   0.0000000000,
                      -0.9876883000,  -0.1564344200,   0.0000000000,
                       0.0000000000,   0.0000000000,   1.0000000000
                  </Orientation>
                  <Position type="Vector">30.451221, -15.716725, -45.348434</Position>
               </HpTurret16>
            </Revolute>
         </Hardpoints>
      </Body_heavy_battleship_avenger_lod1.3db>
      <Flag_Flag_01_1Material_0_lod1.3db>
         <MultiLevel>
            <Level0>
               <VMeshPart>
                  <VMeshRef type="VMeshRef">
                     <!-- header size  --> 60,
                     <!-- vmesh lib    --> AvengerParts.lod0.vms,
                     <!-- start vert   --> 20,
                     <!-- num verts    --> 250,
                     <!-- start index  --> 36,
                     <!-- num indices  --> 1776,
                     <!-- start mesh   --> 1,
                     <!-- num meshes   --> 1,
                     <!-- bounding box -->  132.0387,      157.31215,   240.17458,
                                           -132.15437,    -119.05058,  -153.19946,
                     <!-- center       -->   -0.05783844,   19.130783,   43.487556,
                     <!-- radius       --> 395.07855
                  </VMeshRef>
               </VMeshPart>
            </Level0>
         </MultiLevel>
      </Flag_Flag_01_1Material_0_lod1.3db>
      <FX_sails_Noise_Astral_Air_1Mate_lod1.3db>
         <MultiLevel>
            <Level0>
               <VMeshPart>
                  <VMeshRef type="VMeshRef">
                     <!-- header size  --> 60,
                     <!-- vmesh lib    --> AvengerParts.lod0.vms,
                     <!-- start vert   --> 270,
                     <!-- num verts    --> 140,
                     <!-- start index  --> 1812,
                     <!-- num indices  --> 528,
                     <!-- start mesh   --> 2,
                     <!-- num meshes   --> 1,
                     <!-- bounding box -->  132.0387,      157.31215,   240.17458,
                                           -132.15437,    -119.05058,  -153.19946,
                     <!-- center       -->   -0.05783844,   19.130783,   43.487556,
                     <!-- radius       --> 395.07855
                  </VMeshRef>
               </VMeshPart>
            </Level0>
         </MultiLevel>
      </FX_sails_Noise_Astral_Air_1Mate_lod1.3db>
      <Rename_Items_Sails_grand_premiu_lod1.3db>
         <MultiLevel>
            <Level0>
               <VMeshPart>
                  <VMeshRef type="VMeshRef">
                     <!-- header size  --> 60,
                     <!-- vmesh lib    --> AvengerParts.lod0.vms,
                     <!-- start vert   --> 410,
                     <!-- num verts    --> 9490,
                     <!-- start index  --> 2340,
                     <!-- num indices  --> 31680,
                     <!-- start mesh   --> 3,
                     <!-- num meshes   --> 1,
                     <!-- bounding box -->  132.0387,      157.31215,   240.17458,
                                           -132.15437,    -119.05058,  -153.19946,
                     <!-- center       -->   -0.05783844,   19.130783,   43.487556,
                     <!-- radius       --> 395.07855
                  </VMeshRef>
               </VMeshPart>
            </Level0>
         </MultiLevel>
         <Hardpoints>
            <Fixed>
               <HpCM01>
                  <Position type="Vector">-82.982178, -85.976334, 69.879097</Position>
                  <Orientation type="Matrix">
                      -0.8191518800, -89.406967e-09,  -0.5735763900,
                       0.3289900100,  -0.8191518800,  -0.4698461900,
                      -0.4698461900,  -0.5735763900,   0.6710100800
                  </Orientation>
               </HpCM01>
               <HpCM02>
                  <Position type="Vector">82.919098, -85.980507, 69.860474</Position>
                  <Orientation type="Matrix">
                      -0.8191518800, -44.703480e-09,   0.5735762700,
                      -0.3289898000,  -0.8191518800,  -0.4698461900,
                       0.4698461900,  -0.5735762700,   0.6710100800
                  </Orientation>
               </HpCM02>
               <HpRunningLight02>
                  <Position type="Vector">-0.059872001, 104.9994, 25.434259</Position>
                  <Orientation type="Matrix">
                       1.0000000000,   0.0000000000,   0.0000000000,
                       0.0000000000,   1.0000000000,   0.0000000000,
                       0.0000000000,   0.0000000000,   1.0000000000
                  </Orientation>
               </HpRunningLight02>
               <HpRunningLight03>
                  <Position type="Vector">-0.063507996, 36.215881, -151.1226</Position>
                  <Orientation type="Matrix">
                       1.0000000000,   0.0000000000,   0.0000000000,
                       0.0000000000,   1.0000000000,   0.0000000000,
                       0.0000000000,   0.0000000000,   1.0000000000
                  </Orientation>
               </HpRunningLight03>
               <HpRunningLight04>
                  <Position type="Vector">-98.86261, 8.7758341, 135.4245</Position>
                  <Orientation type="Matrix">
                       1.0000000000,   0.0000000000,   0.0000000000,
                       0.0000000000,   1.0000000000,   0.0000000000,
                       0.0000000000,   0.0000000000,   1.0000000000
                  </Orientation>
               </HpRunningLight04>
               <HpRunningLight05>
                  <Position type="Vector">98.7472, 8.7758999, 135.4247</Position>
                  <Orientation type="Matrix">
                       1.0000000000,   0.0000000000,   0.0000000000,
                       0.0000000000,   1.0000000000,   0.0000000000,
                       0.0000000000,   0.0000000000,   1.0000000000
                  </Orientation>
               </HpRunningLight05>
               <HpRunningLight06>
                  <Position type="Vector">-132.15331, -38.48661, 121.5673</Position>
                  <Orientation type="Matrix">
                       1.0000000000,   0.0000000000,   0.0000000000,
                       0.0000000000,   1.0000000000,   0.0000000000,
                       0.0000000000,   0.0000000000,   1.0000000000
                  </Orientation>
               </HpRunningLight06>
               <HpRunningLight07>
                  <Position type="Vector">132.0386, -38.48642, 121.5685</Position>
                  <Orientation type="Matrix">
                       1.0000000000,   0.0000000000,   0.0000000000,
                       0.0000000000,   1.0000000000,   0.0000000000,
                       0.0000000000,   0.0000000000,   1.0000000000
                  </Orientation>
               </HpRunningLight07>
               <HpDocklight01>
                  <Position type="Vector">-84.970978, -87.256973, 72.246681</Position>
                  <Orientation type="Matrix">
                       1.0000000000,   0.0000000000,   0.0000000000,
                       0.0000000000,   1.0000000000,   0.0000000000,
                       0.0000000000,   0.0000000000,   1.0000000000
                  </Orientation>
               </HpDocklight01>
               <HpDocklight02>
                  <Position type="Vector">84.855293, -87.257057, 72.246628</Position>
                  <Orientation type="Matrix">
                       1.0000000000,   0.0000000000,   0.0000000000,
                       0.0000000000,   1.0000000000,   0.0000000000,
                       0.0000000000,   0.0000000000,   1.0000000000
                  </Orientation>
               </HpDocklight02>
               <HpDocklight03>
                  <Position type="Vector">-0.061623, 105.0034, 25.43824</Position>
                  <Orientation type="Matrix">
                       1.0000000000,   0.0000000000,   0.0000000000,
                       0.0000000000,   1.0000000000,   0.0000000000,
                       0.0000000000,   0.0000000000,   1.0000000000
                  </Orientation>
               </HpDocklight03>
            </Fixed>
         </Hardpoints>
      </Rename_Items_Sails_grand_premiu_lod1.3db>
      <Sails_BG_Avenger_heavy_Sails2_1_lod1.3db>
         <MultiLevel>
            <Level0>
               <VMeshPart>
                  <VMeshRef type="VMeshRef">
                     <!-- header size  --> 60,
                     <!-- vmesh lib    --> AvengerParts.lod0.vms,
                     <!-- start vert   --> 9900,
                     <!-- num verts    --> 408,
                     <!-- start index  --> 34020,
                     <!-- num indices  --> 2124,
                     <!-- start mesh   --> 4,
                     <!-- num meshes   --> 1,
                     <!-- bounding box -->  132.0387,      157.31215,   240.17458,
                                           -132.15437,    -119.05058,  -153.19946,
                     <!-- center       -->   -0.05783844,   19.130783,   43.487556,
                     <!-- radius       --> 395.07855
                  </VMeshRef>
               </VMeshPart>
            </Level0>
         </MultiLevel>
      </Sails_BG_Avenger_heavy_Sails2_1_lod1.3db>
      <Engine_Retribution_heavy_Engine_lod1.3db>
         <MultiLevel>
            <Level0>
               <VMeshPart>
                  <VMeshRef type="VMeshRef">
                     <!-- header size  --> 60,
                     <!-- vmesh lib    --> AvengerParts.lod0.vms,
                     <!-- start vert   --> 10308,
                     <!-- num verts    --> 3502,
                     <!-- start index  --> 36144,
                     <!-- num indices  --> 10191,
                     <!-- start mesh   --> 5,
                     <!-- num meshes   --> 1,
                     <!-- bounding box -->  132.0387,      157.31215,   240.17458,
                                           -132.15437,    -119.05058,  -153.19946,
                     <!-- center       -->   -0.05783844,   19.130783,   43.487556,
                     <!-- radius       --> 395.07855
                  </VMeshRef>
               </VMeshPart>
            </Level0>
         </MultiLevel>
         <Hardpoints>
            <Revolute>
               <HpTurret17>
                  <Position type="Vector">-52.802891, -50.192291, 116.0398</Position>
                  <Orientation type="Matrix">
                      178.81391e-09,  -0.9999998800, -7.1054269e-15,
                      -0.9999998800,  59.604641e-09,  87.422769e-09,
                     -87.422769e-09,   0.0000000000,  -0.9999998200
                  </Orientation>
                  <Axis type="Vector">0, 1, 0</Axis>
                  <Min type="float">-1.5707964</Min>
                  <Max type="float">1.5707964</Max>
               </HpTurret17>
               <HpTurret18>
                  <Position type="Vector">52.68565, -50.20417, 116.0422</Position>
                  <Orientation type="Matrix">
                      178.81391e-09,   0.9999998800, -7.1054269e-15,
                       0.9999998800,  59.604641e-09, -87.422769e-09,
                     -87.422769e-09,   0.0000000000,  -0.9999998200
                  </Orientation>
                  <Axis type="Vector">0, 1, 0</Axis>
                  <Min type="float">-1.5707964</Min>
                  <Max type="float">1.5707964</Max>
               </HpTurret18>
               <HpTurret19>
                  <Position type="Vector">-6.496778, -105.8637, 118.5204</Position>
                  <Orientation type="Matrix">
                       0.9455186100,  -0.3255681100, -82.659867e-09,
                      -0.3255681100,  -0.9455186700,  28.462070e-09,
                     -87.422777e-09,   0.0000000000,  -1.0000000000
                  </Orientation>
                  <Axis type="Vector">0, 1, 0</Axis>
                  <Min type="float">-1.5707964</Min>
                  <Max type="float">1.5707964</Max>
               </HpTurret19>
               <HpTurret20>
                  <Position type="Vector">5.6257162, -106.0947, 118.6463</Position>
                  <Orientation type="Matrix">
                       0.9455186100,   0.3255681100, -82.659867e-09,
                       0.3255681100,  -0.9455186700, -28.462070e-09,
                     -87.422777e-09,   0.0000000000,  -1.0000000000
                  </Orientation>
                  <Axis type="Vector">0, 1, 0</Axis>
                  <Min type="float">-1.5707964</Min>
                  <Max type="float">1.5707964</Max>
               </HpTurret20>
            </Revolute>
            <Fixed>
               <HpEngine01>
                  <Position type="Vector">-0.087246001, -88.934898, 119.6396</Position>
                  <Orientation type="Matrix">
                       1.0000000000,   0.0000000000,   0.0000000000,
                       0.0000000000,   1.0000000000,   0.0000000000,
                       0.0000000000,   0.0000000000,   1.0000000000
                  </Orientation>
               </HpEngine01>
               <HpEngine02>
                  <Position type="Vector">-20.603491, -51.174431, 132.1539</Position>
                  <Orientation type="Matrix">
                       1.0000000000,   0.0000000000,   0.0000000000,
                       0.0000000000,   1.0000000000,   0.0000000000,
                       0.0000000000,   0.0000000000,   1.0000000000
                  </Orientation>
               </HpEngine02>
               <HpEngine03>
                  <Position type="Vector">20.48016, -51.18285, 132.1571</Position>
                  <Orientation type="Matrix">
                       1.0000000000,   0.0000000000,   0.0000000000,
                       0.0000000000,   1.0000000000,   0.0000000000,
                       0.0000000000,   0.0000000000,   1.0000000000
                  </Orientation>
               </HpEngine03>
            </Fixed>
         </Hardpoints>
      </Engine_Retribution_heavy_Engine_lod1.3db>
