<?xml version="1.0" encoding="ISO-8859-1"?>
<!-- XML generated by UTFXML Version 2.2 built 19-Aug-2010 -->
<UTFXML filename="imperial_star_destroyer.cmp" path="SHIPS\new\Scifi\HighPoly">
   <UTF_ROOT>
      <VMeshLibrary>
         <imperial_star_destroyer_p1.lod0.vms include="imperial_star_destroyer_cmp\lod0.vms.xml"/>
         <imperial_star_destroyer_p4.lod0.vms include="imperial_star_destroyer_cmp\lod0.vms.xml"/>
         <imperial_star_destroyer_p5.lod0.vms include="imperial_star_destroyer_cmp\lod0.vms.xml"/>
         <imperial_star_destroyer_p6.lod0.vms include="imperial_star_destroyer_cmp\lod0.vms.xml"/>
         <imperial_star_destroyer_p7.lod0.vms include="imperial_star_destroyer_cmp\lod0.vms.xml"/>
      </VMeshLibrary>
      <Cmpnd>
         <Cons>
            <Fix type="Fix" count="6">
               <part>
                  <!-- parent      --> "Root",
                  <!-- child       --> "imperial_star_destroyer_p2_lod1",
                  <!-- position    --> 0, 0, 0,
                  <!-- orientation -->   1.0000000000,   0.0000000000,   0.0000000000,
                                         0.0000000000,   1.0000000000,   0.0000000000,
                                         0.0000000000,   0.0000000000,   1.0000000000
               </part>
               <part>
                  <!-- parent      --> "Root",
                  <!-- child       --> "imperial_star_destroyer_p3_lod1",
                  <!-- position    --> 0, 0, 0,
                  <!-- orientation -->   1.0000000000,   0.0000000000,   0.0000000000,
                                         0.0000000000,   1.0000000000,   0.0000000000,
                                         0.0000000000,   0.0000000000,   1.0000000000
               </part>
               <part>
                  <!-- parent      --> "Root",
                  <!-- child       --> "imperial_star_destroyer_p4_lod1",
                  <!-- position    --> 0, 0, 0,
                  <!-- orientation -->   1.0000000000,   0.0000000000,   0.0000000000,
                                         0.0000000000,   1.0000000000,   0.0000000000,
                                         0.0000000000,   0.0000000000,   1.0000000000
               </part>
               <part>
                  <!-- parent      --> "Root",
                  <!-- child       --> "imperial_star_destroyer_p5_lod1",
                  <!-- position    --> 0, 0, 0,
                  <!-- orientation -->   1.0000000000,   0.0000000000,   0.0000000000,
                                         0.0000000000,   1.0000000000,   0.0000000000,
                                         0.0000000000,   0.0000000000,   1.0000000000
               </part>
               <part>
                  <!-- parent      --> "Root",
                  <!-- child       --> "imperial_star_destroyer_p6_lod1",
                  <!-- position    --> 0, 0, 0,
                  <!-- orientation -->   1.0000000000,   0.0000000000,   0.0000000000,
                                         0.0000000000,   1.0000000000,   0.0000000000,
                                         0.0000000000,   0.0000000000,   1.0000000000
               </part>
               <part>
                  <!-- parent      --> "Root",
                  <!-- child       --> "imperial_star_destroyer_p7_lod1",
                  <!-- position    --> 0, 0, 0,
                  <!-- orientation -->   1.0000000000,   0.0000000000,   0.0000000000,
                                         0.0000000000,   1.0000000000,   0.0000000000,
                                         0.0000000000,   0.0000000000,   1.0000000000
               </part>
            </Fix>
         </Cons>
         <Root>
            <File_name name="File name" type="text">imperial_star_destroyer_p1_lod1.3db</File_name>
            <Index type="int">0</Index>
            <Object_name name="Object name" type="text">Root</Object_name>
         </Root>
         <Part_imperial_star_destroyer_p2_lod1>
            <File_name name="File name" type="text">imperial_star_destroyer_p2_lod1.3db</File_name>
            <Index type="int">1</Index>
            <Object_name name="Object name" type="text">imperial_star_destroyer_p2_lod1</Object_name>
         </Part_imperial_star_destroyer_p2_lod1>
         <Part_imperial_star_destroyer_p3_lod1>
            <File_name name="File name" type="text">imperial_star_destroyer_p3_lod1.3db</File_name>
            <Index type="int">2</Index>
            <Object_name name="Object name" type="text">imperial_star_destroyer_p3_lod1</Object_name>
         </Part_imperial_star_destroyer_p3_lod1>
         <Part_imperial_star_destroyer_p4_lod1>
            <File_name name="File name" type="text">imperial_star_destroyer_p4_lod1.3db</File_name>
            <Index type="int">3</Index>
            <Object_name name="Object name" type="text">imperial_star_destroyer_p4_lod1</Object_name>
         </Part_imperial_star_destroyer_p4_lod1>
         <Part_imperial_star_destroyer_p5_lod1>
            <File_name name="File name" type="text">imperial_star_destroyer_p5_lod1.3db</File_name>
            <Index type="int">4</Index>
            <Object_name name="Object name" type="text">imperial_star_destroyer_p5_lod1</Object_name>
         </Part_imperial_star_destroyer_p5_lod1>
         <Part_imperial_star_destroyer_p6_lod1>
            <File_name name="File name" type="text">imperial_star_destroyer_p6_lod1.3db</File_name>
            <Index type="int">5</Index>
            <Object_name name="Object name" type="text">imperial_star_destroyer_p6_lod1</Object_name>
         </Part_imperial_star_destroyer_p6_lod1>
         <Part_imperial_star_destroyer_p7_lod1>
            <File_name name="File name" type="text">imperial_star_destroyer_p7_lod1.3db</File_name>
            <Index type="int">6</Index>
            <Object_name name="Object name" type="text">imperial_star_destroyer_p7_lod1</Object_name>
         </Part_imperial_star_destroyer_p7_lod1>
      </Cmpnd>
      <imperial_star_destroyer_p1_lod1.3db>
         <MultiLevel>
            <Level0>
               <VMeshPart>
                  <VMeshRef type="VMeshRef">
                     <!-- header size  --> 60,
                     <!-- vmesh lib    --> imperial_star_destroyer_p1.lod0.vms,
                     <!-- start vert   --> 0,
                     <!-- num verts    --> 5313,
                     <!-- start index  --> 0,
                     <!-- num indices  --> 15624,
                     <!-- start mesh   --> 0,
                     <!-- num meshes   --> 1,
                     <!-- bounding box -->  207.2531,        84.724434,  442.75113,
                                           -207.26578,      -48.661385, -462.80942,
                     <!-- center       -->   -0.0063400269,  18.031525,  -10.029144,
                     <!-- radius       --> 642.66284
                  </VMeshRef>
               </VMeshPart>
            </Level0>
         </MultiLevel>
         <Hardpoints>
            <Fixed>
               <HpMount>
                  <Orientation type="Matrix">
                       1.0000000000,   0.0000000000,   0.0000000000,
                       0.0000000000,   1.0000000000,   0.0000000000,
                       0.0000000000,   0.0000000000,   1.0000000000
                  </Orientation>
                  <Position type="Vector">0, -55, -355</Position>
               </HpMount>
               <HpCloak01>
                  <Orientation type="Matrix">
                       1.0000000000,   0.0000000000,   0.0000000000,
                       0.0000000000,   1.0000000000,   0.0000000000,
                       0.0000000000,   0.0000000000,   1.0000000000
                  </Orientation>
                  <Position type="Vector">0, 0, 0</Position>
               </HpCloak01>
               <HpFX01>
                  <Orientation type="Matrix">
                       1.0000000000,   0.0000000000,   0.0000000000,
                       0.0000000000,   1.0000000000,   0.0000000000,
                       0.0000000000,   0.0000000000,   1.0000000000
                  </Orientation>
                  <Position type="Vector">0, 0, 0</Position>
               </HpFX01>
               <HpFX02>
                  <Orientation type="Matrix">
                      59.604645e-09,   0.9999998800,   0.0000000000,
                      -0.9999998800,  59.604645e-09,   0.0000000000,
                       0.0000000000,   0.0000000000,   1.0000000000
                  </Orientation>
                  <Position type="Vector">0, 0, 0</Position>
               </HpFX02>
               <HpFX03>
                  <Orientation type="Matrix">
                       1.0000000000,   0.0000000000,   0.0000000000,
                       0.0000000000,  59.604645e-09,   0.9999998800,
                       0.0000000000,  -0.9999998800,  59.604645e-09
                  </Orientation>
                  <Position type="Vector">0, 0, 0</Position>
               </HpFX03>
               <HpFX04>
                  <Orientation type="Matrix">
                       1.0000000000,   0.0000000000,   0.0000000000,
                       0.0000000000,   1.0000000000,   0.0000000000,
                       0.0000000000,   0.0000000000,   1.0000000000
                  </Orientation>
                  <Position type="Vector">0, 0, 0</Position>
               </HpFX04>
               <HpFX05>
                  <Orientation type="Matrix">
                       1.0000000000,   0.0000000000,   0.0000000000,
                       0.0000000000,   1.0000000000,   0.0000000000,
                       0.0000000000,   0.0000000000,   1.0000000000
                  </Orientation>
                  <Position type="Vector">0, 0, 0</Position>
               </HpFX05>
               <HpFX06>
                  <Orientation type="Matrix">
                       1.0000000000,   0.0000000000,   0.0000000000,
                       0.0000000000,   1.0000000000,   0.0000000000,
                       0.0000000000,   0.0000000000,   1.0000000000
                  </Orientation>
                  <Position type="Vector">0, 0, 0</Position>
               </HpFX06>
               <HpFX07>
                  <Orientation type="Matrix">
                       1.0000000000,   0.0000000000,   0.0000000000,
                       0.0000000000,   1.0000000000,   0.0000000000,
                       0.0000000000,   0.0000000000,   1.0000000000
                  </Orientation>
                  <Position type="Vector">0, 0, 0</Position>
               </HpFX07>
               <HpShield01>
                  <Orientation type="Matrix">
                       1.0000000000,   0.0000000000,   0.0000000000,
                       0.0000000000,   1.0000000000,   0.0000000000,
                       0.0000000000,   0.0000000000,   1.0000000000
                  </Orientation>
                  <Position type="Vector">0, 0, 0</Position>
               </HpShield01>
               <HpShield02>
                  <Orientation type="Matrix">
                       1.0000000000,   0.0000000000,   0.0000000000,
                       0.0000000000,   1.0000000000,   0.0000000000,
                       0.0000000000,   0.0000000000,   1.0000000000
                  </Orientation>
                  <Position type="Vector">0, 0, 0</Position>
               </HpShield02>
               <HpShield03>
                  <Orientation type="Matrix">
                       1.0000000000,   0.0000000000,   0.0000000000,
                       0.0000000000,   1.0000000000,   0.0000000000,
                       0.0000000000,   0.0000000000,   1.0000000000
                  </Orientation>
                  <Position type="Vector">0, 0, 0</Position>
               </HpShield03>
            </Fixed>
         </Hardpoints>
      </imperial_star_destroyer_p1_lod1.3db>
      <imperial_star_destroyer_p2_lod1.3db>
         <MultiLevel>
            <Level0>
               <VMeshPart>
                  <VMeshRef type="VMeshRef">
                     <!-- header size  --> 60,
                     <!-- vmesh lib    --> imperial_star_destroyer_p1.lod0.vms,
                     <!-- start vert   --> 5313,
                     <!-- num verts    --> 32,
                     <!-- start index  --> 15624,
                     <!-- num indices  --> 72,
                     <!-- start mesh   --> 1,
                     <!-- num meshes   --> 1,
                     <!-- bounding box -->  207.2531,        84.724434,  442.75113,
                                           -207.26578,      -48.661385, -462.80942,
                     <!-- center       -->   -0.0063400269,  18.031525,  -10.029144,
                     <!-- radius       --> 642.66284
                  </VMeshRef>
               </VMeshPart>
            </Level0>
         </MultiLevel>
      </imperial_star_destroyer_p2_lod1.3db>
      <imperial_star_destroyer_p3_lod1.3db>
         <MultiLevel>
            <Level0>
               <VMeshPart>
                  <VMeshRef type="VMeshRef">
                     <!-- header size  --> 60,
                     <!-- vmesh lib    --> imperial_star_destroyer_p1.lod0.vms,
                     <!-- start vert   --> 5345,
                     <!-- num verts    --> 16078,
                     <!-- start index  --> 15696,
                     <!-- num indices  --> 42534,
                     <!-- start mesh   --> 2,
                     <!-- num meshes   --> 1,
                     <!-- bounding box -->  207.2531,        84.724434,  442.75113,
                                           -207.26578,      -48.661385, -462.80942,
                     <!-- center       -->   -0.0063400269,  18.031525,  -10.029144,
                     <!-- radius       --> 642.66284
                  </VMeshRef>
               </VMeshPart>
            </Level0>
         </MultiLevel>
         <Hardpoints>
            <Fixed>
               <HpEngine01>
                  <Orientation type="Matrix">
                       1.0000000000,   0.0000000000,   0.0000000000,
                       0.0000000000,   1.0000000000,   0.0000000000,
                       0.0000000000,   0.0000000000,   1.0000000000
                  </Orientation>
                  <Position type="Vector">-0.008566, 0.20401099, 347.9584</Position>
               </HpEngine01>
               <HpEngine02>
                  <Orientation type="Matrix">
                       1.0000000000,   0.0000000000,   0.0000000000,
                       0.0000000000,   1.0000000000,   0.0000000000,
                       0.0000000000,   0.0000000000,   1.0000000000
                  </Orientation>
                  <Position type="Vector">-90.915985, 0.219368, 318.74612</Position>
               </HpEngine02>
               <HpEngine03>
                  <Orientation type="Matrix">
                       1.0000000000,   0.0000000000,   0.0000000000,
                       0.0000000000,   1.0000000000,   0.0000000000,
                       0.0000000000,   0.0000000000,   1.0000000000
                  </Orientation>
                  <Position type="Vector">90.891556, 0.197953, 318.74612</Position>
               </HpEngine03>
               <HpCM01>
                  <Orientation type="Matrix">
                      -1.0000000000, -71.612547e-09, -50.143644e-09,
                      87.422777e-09,  -0.8191520000,  -0.5735763900,
                       0.0000000000,  -0.5735763900,   0.8191520600
                  </Orientation>
                  <Position type="Vector">-0.001625, -28.888294, 350.88193</Position>
               </HpCM01>
               <HpCM02>
                  <Orientation type="Matrix">
                      -0.9961946000,  -0.0713939150,  -0.0499905570,
                       0.0871558710,  -0.8160348500,  -0.5713938500,
                      1.8626451e-09,  -0.5735764500,   0.8191520000
                  </Orientation>
                  <Position type="Vector">-83.047546, -21.371967, 312.79709</Position>
               </HpCM02>
               <HpCM03>
                  <Orientation type="Matrix">
                      -0.9961946000,   0.0713939150,   0.0499905570,
                      -0.0871558710,  -0.8160348500,  -0.5713938500,
                     -1.8626451e-09,  -0.5735764500,   0.8191520000
                  </Orientation>
                  <Position type="Vector">82.874069, -21.385199, 312.79922</Position>
               </HpCM03>
               <HpDocklight01>
                  <Orientation type="Matrix">
                       1.0000000000,   0.0000000000,   0.0000000000,
                       0.0000000000,   1.0000000000,   0.0000000000,
                       0.0000000000,   0.0000000000,   1.0000000000
                  </Orientation>
                  <Position type="Vector">-187.12463, 4.6055489, 204.17032</Position>
               </HpDocklight01>
               <HpDocklight02>
                  <Orientation type="Matrix">
                       1.0000000000,   0.0000000000,   0.0000000000,
                       0.0000000000,   1.0000000000,   0.0000000000,
                       0.0000000000,   0.0000000000,   1.0000000000
                  </Orientation>
                  <Position type="Vector">187.12823, 4.602572, 204.15285</Position>
               </HpDocklight02>
               <HpRunningLight01>
                  <Orientation type="Matrix">
                       1.0000000000,   0.0000000000,   0.0000000000,
                       0.0000000000,   1.0000000000,   0.0000000000,
                       0.0000000000,   0.0000000000,   1.0000000000
                  </Orientation>
                  <Position type="Vector">-207.24252, 4.6035938, 293.31223</Position>
               </HpRunningLight01>
               <HpRunningLight02>
                  <Orientation type="Matrix">
                       1.0000000000,   0.0000000000,   0.0000000000,
                       0.0000000000,   1.0000000000,   0.0000000000,
                       0.0000000000,   0.0000000000,   1.0000000000
                  </Orientation>
                  <Position type="Vector">207.24449, 4.6015682, 293.31387</Position>
               </HpRunningLight02>
               <HpRunningLight03>
                  <Orientation type="Matrix">
                       1.0000000000,   0.0000000000,   0.0000000000,
                       0.0000000000,   1.0000000000,   0.0000000000,
                       0.0000000000,   0.0000000000,   1.0000000000
                  </Orientation>
                  <Position type="Vector">-11.809633, 84.721992, 293.70026</Position>
               </HpRunningLight03>
               <HpRunningLight04>
                  <Orientation type="Matrix">
                       1.0000000000,   0.0000000000,   0.0000000000,
                       0.0000000000,   1.0000000000,   0.0000000000,
                       0.0000000000,   0.0000000000,   1.0000000000
                  </Orientation>
                  <Position type="Vector">9.9119759, 84.720322, 293.70618</Position>
               </HpRunningLight04>
               <HpRunningLight05>
                  <Orientation type="Matrix">
                       1.0000000000,   0.0000000000,   0.0000000000,
                       0.0000000000,   1.0000000000,   0.0000000000,
                       0.0000000000,   0.0000000000,   1.0000000000
                  </Orientation>
                  <Position type="Vector">-151.03398, 5.77812, 8.7743654</Position>
               </HpRunningLight05>
               <HpRunningLight06>
                  <Orientation type="Matrix">
                       1.0000000000,   0.0000000000,   0.0000000000,
                       0.0000000000,   1.0000000000,   0.0000000000,
                       0.0000000000,   0.0000000000,   1.0000000000
                  </Orientation>
                  <Position type="Vector">151.02814, 5.7771559, 8.7760048</Position>
               </HpRunningLight06>
               <HpDocklight03>
                  <Orientation type="Matrix">
                       1.0000000000,   0.0000000000,   0.0000000000,
                       0.0000000000,   1.0000000000,   0.0000000000,
                       0.0000000000,   0.0000000000,   1.0000000000
                  </Orientation>
                  <Position type="Vector">-41.517178, 13.628571, 442.737</Position>
               </HpDocklight03>
               <HpDocklight04>
                  <Orientation type="Matrix">
                       1.0000000000,   0.0000000000,   0.0000000000,
                       0.0000000000,   1.0000000000,   0.0000000000,
                       0.0000000000,   0.0000000000,   1.0000000000
                  </Orientation>
                  <Position type="Vector">41.497108, 13.629165, 442.73602</Position>
               </HpDocklight04>
            </Fixed>
            <Revolute>
               <HpTorpedo01>
                  <Axis type="Vector">0, 1, 0</Axis>
                  <Max type="float">0.78539819</Max>
                  <Min type="float">-0.78539819</Min>
                  <Orientation type="Matrix">
                      -1.0000000000, -87.422777e-09,   0.0000000000,
                      87.422777e-09,  -1.0000000000,  -0.0000000000,
                       0.0000000000,   0.0000000000,   1.0000000000
                  </Orientation>
                  <Position type="Vector">0.007549, -17.771458, -287.15692</Position>
               </HpTorpedo01>
               <HpTorpedo02>
                  <Axis type="Vector">0, 1, 0</Axis>
                  <Max type="float">0.78539819</Max>
                  <Min type="float">-0.78539819</Min>
                  <Orientation type="Matrix">
                      -0.9781478000,  -0.2077849500,  -0.0072560105,
                       0.2079116100,  -0.9775519400,  -0.0341368620,
                     -232.83064e-12,  -0.0348994960,   0.9993907800
                  </Orientation>
                  <Position type="Vector">-42.415661, -7.0012779, -406.34683</Position>
               </HpTorpedo02>
               <HpTorpedo03>
                  <Axis type="Vector">0, 1, 0</Axis>
                  <Max type="float">0.78539819</Max>
                  <Min type="float">-0.78539819</Min>
                  <Orientation type="Matrix">
                      -0.9781478000,   0.2077849500,   0.0072560105,
                      -0.2079116100,  -0.9775519400,  -0.0341368620,
                      232.83064e-12,  -0.0348994960,   0.9993907800
                  </Orientation>
                  <Position type="Vector">42.443012, -7.0048718, -406.12128</Position>
               </HpTorpedo03>
               <HpTurret01>
                  <Axis type="Vector">0, 1, 0</Axis>
                  <Max type="float">1.5707964</Max>
                  <Min type="float">-1.5707964</Min>
                  <Orientation type="Matrix">
                       0.0048570242,  -0.1390883200,   0.9902681100,
                      -0.0345598650,   0.9896647900,   0.1391730900,
                      -0.9993908400,  -0.0348994990, -59.604645e-09
                  </Orientation>
                  <Position type="Vector">-156.51299, 10.909137, 260.11096</Position>
               </HpTurret01>
               <HpTurret02>
                  <Axis type="Vector">0, 1, 0</Axis>
                  <Max type="float">1.5707964</Max>
                  <Min type="float">-1.5707964</Min>
                  <Orientation type="Matrix">
                       0.0048570242,   0.1390883200,  -0.9902681100,
                       0.0345598650,   0.9896647900,   0.1391730900,
                       0.9993908400,  -0.0348994990, -59.604645e-09
                  </Orientation>
                  <Position type="Vector">156.20717, 10.950829, 260.05673</Position>
               </HpTurret02>
               <HpTurret03>
                  <Axis type="Vector">0, 1, 0</Axis>
                  <Max type="float">3.1415927</Max>
                  <Min type="float">-3.1415927</Min>
                  <Orientation type="Matrix">
                      -0.0051583052,  -0.1477193800,   0.9890156400,
                      -0.0345161590,  -0.9884131000,  -0.1478094200,
                       0.9993906600,  -0.0348994990,  116.41532e-09
                  </Orientation>
                  <Position type="Vector">-164.11995, -9.0426188, 258.93973</Position>
               </HpTurret03>
               <HpTurret04>
                  <Axis type="Vector">0, 1, 0</Axis>
                  <Max type="float">3.1415927</Max>
                  <Min type="float">-3.1415927</Min>
                  <Orientation type="Matrix">
                      -0.0051583052,   0.1477193800,  -0.9890156400,
                       0.0345161590,  -0.9884131000,  -0.1478094200,
                      -0.9993906600,  -0.0348994990,  116.41532e-09
                  </Orientation>
                  <Position type="Vector">163.8737, -9.0661469, 258.60059</Position>
               </HpTurret04>
               <HpTurret05>
                  <Axis type="Vector">0, 1, 0</Axis>
                  <Max type="float">0.78539819</Max>
                  <Min type="float">-0.78539819</Min>
                  <Orientation type="Matrix">
                      7.4505806e-09,   0.2588190400,  -0.9659256900,
                      14.901161e-09,   0.9659258100,   0.2588190400,
                       0.9999998800,   0.0000000000,   0.0000000000
                  </Orientation>
                  <Position type="Vector">32.414795, 49.351563, 313.99994</Position>
               </HpTurret05>
               <HpTurret06>
                  <Axis type="Vector">0, 1, 0</Axis>
                  <Max type="float">1.5707964</Max>
                  <Min type="float">-1.5707964</Min>
                  <Orientation type="Matrix">
                       0.0015210973,  -0.0871424600,   0.9961946600,
                      -0.0173859970,   0.9960429700,   0.0871557300,
                      -0.9998477100,  -0.0174524080,   0.0000000000
                  </Orientation>
                  <Position type="Vector">-105.3376, 16.102646, 105.27946</Position>
               </HpTurret06>
               <HpTurret07>
                  <Axis type="Vector">0, 1, 0</Axis>
                  <Max type="float">1.5707964</Max>
                  <Min type="float">-1.5707964</Min>
                  <Orientation type="Matrix">
                       0.0015210973,   0.0871424600,  -0.9961946600,
                       0.0173859970,   0.9960429700,   0.0871557300,
                       0.9998477100,  -0.0174524080,   0.0000000000
                  </Orientation>
                  <Position type="Vector">105.61364, 16.090113, 105.89536</Position>
               </HpTurret07>
               <HpTurret08>
                  <Axis type="Vector">0, 1, 0</Axis>
                  <Max type="float">3.1415927</Max>
                  <Min type="float">-3.1415927</Min>
                  <Orientation type="Matrix">
                      -0.9945217400,  -0.1045125800,  -0.0018242737,
                       0.1045284900,  -0.9943702800,  -0.0173567980,
                       0.0000000000,  -0.0174524040,   0.9998477100
                  </Orientation>
                  <Position type="Vector">-94.321838, -16.421871, 85.199066</Position>
               </HpTurret08>
               <HpTurret09>
                  <Axis type="Vector">0, 1, 0</Axis>
                  <Max type="float">3.1415927</Max>
                  <Min type="float">-3.1415927</Min>
                  <Orientation type="Matrix">
                      -0.9945217400,   0.1045125800,   0.0018242737,
                      -0.1045284900,  -0.9943702800,  -0.0173567980,
                       0.0000000000,  -0.0174524040,   0.9998477100
                  </Orientation>
                  <Position type="Vector">94.024696, -16.454531, 85.313583</Position>
               </HpTurret09>
               <HpTurret10>
                  <Axis type="Vector">0, 1, 0</Axis>
                  <Max type="float">1.5707964</Max>
                  <Min type="float">-1.5707964</Min>
                  <Orientation type="Matrix">
                       0.9961947200,  -0.0871557440,  -0.0000000000,
                       0.0871557440,   0.9961947200,   0.0000000000,
                       0.0000000000,  -0.0000000000,   1.0000000000
                  </Orientation>
                  <Position type="Vector">-12.999703, 57.7911, 243.54834</Position>
               </HpTurret10>
               <HpTurret11>
                  <Axis type="Vector">0, 1, 0</Axis>
                  <Max type="float">1.5707964</Max>
                  <Min type="float">-1.5707964</Min>
                  <Orientation type="Matrix">
                       0.9961947200,   0.0871557440,   0.0000000000,
                      -0.0871557440,   0.9961947200,   0.0000000000,
                       0.0000000000,   0.0000000000,   1.0000000000
                  </Orientation>
                  <Position type="Vector">12.933035, 57.795757, 243.5038</Position>
               </HpTurret11>
               <HpTurret12>
                  <Axis type="Vector">0, 1, 0</Axis>
                  <Max type="float">1.5707964</Max>
                  <Min type="float">-1.5707964</Min>
                  <Orientation type="Matrix">
                      -0.9902682900,  -0.1391519800,  -0.0024289065,
                       0.1391731600,  -0.9901174300,  -0.0172825600,
                     -116.41532e-12,  -0.0174524080,   0.9998477100
                  </Orientation>
                  <Position type="Vector">-91.982819, -10.571522, -53.187714</Position>
               </HpTurret12>
               <HpTurret13>
                  <Axis type="Vector">0, 1, 0</Axis>
                  <Max type="float">1.5707964</Max>
                  <Min type="float">-1.5707964</Min>
                  <Orientation type="Matrix">
                      -0.9902682900,   0.1391519800,   0.0024289065,
                      -0.1391731600,  -0.9901174300,  -0.0172825600,
                      116.41532e-12,  -0.0174524080,   0.9998477100
                  </Orientation>
                  <Position type="Vector">92.334641, -10.512949, -53.328533</Position>
               </HpTurret13>
               <HpTurret14>
                  <Axis type="Vector">0, 1, 0</Axis>
                  <Max type="float">1.5707964</Max>
                  <Min type="float">-1.5707964</Min>
                  <Orientation type="Matrix">
                       0.9925461400,  -0.1218693500,  -0.0000000000,
                       0.1218693500,   0.9925461400,   0.0000000000,
                       0.0000000000,  -0.0000000000,   1.0000000000
                  </Orientation>
                  <Position type="Vector">-9.4289951, 53.531372, 160.20276</Position>
               </HpTurret14>
               <HpTurret15>
                  <Axis type="Vector">0, 1, 0</Axis>
                  <Max type="float">1.5707964</Max>
                  <Min type="float">-1.5707964</Min>
                  <Orientation type="Matrix">
                       0.9925461400,   0.1218693500,   0.0000000000,
                      -0.1218693500,   0.9925461400,   0.0000000000,
                       0.0000000000,   0.0000000000,   1.0000000000
                  </Orientation>
                  <Position type="Vector">9.237999, 53.552303, 160.26512</Position>
               </HpTurret15>
               <HpTurret16>
                  <Axis type="Vector">0, 1, 0</Axis>
                  <Max type="float">1.5707964</Max>
                  <Min type="float">-1.5707964</Min>
                  <Orientation type="Matrix">
                      -0.9902682900,  -0.1391519800,  -0.0024289065,
                       0.1391731600,  -0.9901174300,  -0.0172825600,
                     -116.41532e-12,  -0.0174524080,   0.9998477100
                  </Orientation>
                  <Position type="Vector">-113.60271, -9.0536642, 3.4376681</Position>
               </HpTurret16>
               <HpTurret17>
                  <Axis type="Vector">0, 1, 0</Axis>
                  <Max type="float">1.5707964</Max>
                  <Min type="float">-1.5707964</Min>
                  <Orientation type="Matrix">
                      -0.9902682900,   0.1391519800,   0.0024289065,
                      -0.1391731600,  -0.9901174300,  -0.0172825600,
                      116.41532e-12,  -0.0174524080,   0.9998477100
                  </Orientation>
                  <Position type="Vector">113.77782, -9.0055637, 2.239449</Position>
               </HpTurret17>
               <HpTurret18>
                  <Axis type="Vector">0, 1, 0</Axis>
                  <Max type="float">1.5707964</Max>
                  <Min type="float">-1.5707964</Min>
                  <Orientation type="Matrix">
                       0.9945219200,  -0.1045125500,  -0.0018242733,
                       0.1045284600,   0.9943704600,   0.0173567980,
                      58.207661e-12,  -0.0174524040,   0.9998477100
                  </Orientation>
                  <Position type="Vector">-29.632158, 27.650749, -27.212914</Position>
               </HpTurret18>
               <HpTurret19>
                  <Axis type="Vector">0, 1, 0</Axis>
                  <Max type="float">1.5707964</Max>
                  <Min type="float">-1.5707964</Min>
                  <Orientation type="Matrix">
                       0.9945219200,   0.1045125500,   0.0018242733,
                      -0.1045284600,   0.9943704600,   0.0173567980,
                     -58.207661e-12,  -0.0174524040,   0.9998477100
                  </Orientation>
                  <Position type="Vector">29.820442, 27.625931, -27.403255</Position>
               </HpTurret19>
               <HpTurret20>
                  <Axis type="Vector">0, 1, 0</Axis>
                  <Max type="float">1.5707964</Max>
                  <Min type="float">-1.5707964</Min>
                  <Orientation type="Matrix">
                      -0.9816272300,  -0.1908090100,  -0.0000000000,
                       0.1908090100,  -0.9816272300,   0.0000000000,
                       0.0000000000,  -0.0000000000,   1.0000000000
                  </Orientation>
                  <Position type="Vector">-36.241535, -16.686108, -153.31845</Position>
               </HpTurret20>
               <HpTurret21>
                  <Axis type="Vector">0, 1, 0</Axis>
                  <Max type="float">1.5707964</Max>
                  <Min type="float">-1.5707964</Min>
                  <Orientation type="Matrix">
                      -0.9816272300,   0.1908090100,   0.0000000000,
                      -0.1908090100,  -0.9816272300,   0.0000000000,
                       0.0000000000,   0.0000000000,   1.0000000000
                  </Orientation>
                  <Position type="Vector">36.521183, -16.632158, -152.97298</Position>
               </HpTurret21>
               <HpTurret22>
                  <Axis type="Vector">0, 1, 0</Axis>
                  <Max type="float">1.5707964</Max>
                  <Min type="float">-1.5707964</Min>
                  <Orientation type="Matrix">
                       0.9743700600,  -0.2248140300,  -0.0078506777,
                       0.2249510600,   0.9737765200,   0.0340050240,
                       0.0000000000,  -0.0348994960,   0.9993908400
                  </Orientation>
                  <Position type="Vector">-59.148705, 10.931587, -208.31557</Position>
               </HpTurret22>
               <HpTurret23>
                  <Axis type="Vector">0, 1, 0</Axis>
                  <Max type="float">1.5707964</Max>
                  <Min type="float">-1.5707964</Min>
                  <Orientation type="Matrix">
                       0.9743700600,   0.2248140300,   0.0078506777,
                      -0.2249510600,   0.9737765200,   0.0340050240,
                       0.0000000000,  -0.0348994960,   0.9993908400
                  </Orientation>
                  <Position type="Vector">59.024338, 10.987866, -207.65137</Position>
               </HpTurret23>
               <HpTurret24>
                  <Axis type="Vector">0, 1, 0</Axis>
                  <Max type="float">1.5707964</Max>
                  <Min type="float">-0.78539819</Min>
                  <Orientation type="Matrix">
                       0.9975640800,   0.0696608650,  -0.0036508588,
                       0.0697564710,  -0.9961971000,   0.0522084680,
                     -87.311491e-09,  -0.0523359630,  -0.9986296900
                  </Orientation>
                  <Position type="Vector">-35.676476, 13.119318, 411.15182</Position>
               </HpTurret24>
               <HpTurret25>
                  <Axis type="Vector">0, 1, 0</Axis>
                  <Max type="float">0.78539819</Max>
                  <Min type="float">-1.5707964</Min>
                  <Orientation type="Matrix">
                       0.9975640800,  -0.0696608720,   0.0036506846,
                      -0.0697564630,  -0.9961971000,   0.0522084830,
                     -87.311491e-09,  -0.0523359630,  -0.9986296900
                  </Orientation>
                  <Position type="Vector">35.890022, 13.106477, 411.14517</Position>
               </HpTurret25>
               <HpTurret26>
                  <Axis type="Vector">0, 1, 0</Axis>
                  <Max type="float">0.78539819</Max>
                  <Min type="float">-1.5707964</Min>
                  <Orientation type="Matrix">
                      -0.9975640200,  -0.0693743300,  -0.0072914492,
                      -0.0697564560,   0.9920993400,   0.1042738500,
                     -86.845830e-09,   0.1045284600,  -0.9945218600
                  </Orientation>
                  <Position type="Vector">-37.604733, 17.819, 410.60052</Position>
               </HpTurret26>
               <HpTurret27>
                  <Axis type="Vector">0, 1, 0</Axis>
                  <Max type="float">1.5707964</Max>
                  <Min type="float">-0.78539819</Min>
                  <Orientation type="Matrix">
                      -0.9975640200,   0.0693743380,   0.0072916243,
                       0.0697564780,   0.9920992900,   0.1042738400,
                     -86.845830e-09,   0.1045284700,  -0.9945219200
                  </Orientation>
                  <Position type="Vector">37.817345, 17.652544, 411.84073</Position>
               </HpTurret27>
               <HpTurret28>
                  <Axis type="Vector">0, 1, 0</Axis>
                  <Max type="float">1.5707964</Max>
                  <Min type="float">-0.08726646</Min>
                  <Orientation type="Matrix">
                      -0.0871559380,  -0.9961947200,  7.6194091e-09,
                      -0.9961947200,   0.0871558790,  87.090108e-09,
                     -87.422777e-09,   0.0000000000,  -1.0000000000
                  </Orientation>
                  <Position type="Vector">-11.629092, 44.899353, 364.73523</Position>
               </HpTurret28>
               <HpTurret29>
                  <Axis type="Vector">0, 1, 0</Axis>
                  <Max type="float">0.08726646</Max>
                  <Min type="float">-1.5707964</Min>
                  <Orientation type="Matrix">
                      -0.0871559380,   0.9961947200,  7.6194091e-09,
                       0.9961947200,   0.0871558790, -87.090108e-09,
                     -87.422777e-09,   0.0000000000,  -1.0000000000
                  </Orientation>
                  <Position type="Vector">9.724803, 44.862316, 364.90063</Position>
               </HpTurret29>
               <HpTurret30>
                  <Axis type="Vector">0, 1, 0</Axis>
                  <Max type="float">1.5707964</Max>
                  <Min type="float">-1.5707964</Min>
                  <Orientation type="Matrix">
                       0.9975640800,  -0.0697458390,   0.0012173309,
