<?xml version="1.0" encoding="ISO-8859-1"?>
<!-- XML generated by UTFXML Version 2.2 built 19-Aug-2010 -->
<UTFXML filename="barge_rental.cmp" path="SHIPS\new\GOF2\trade">
   <UTF_ROOT>
      <VMeshLibrary>
         <GOF2_Transport1.lod0.vms include="barge_rental_cmp\lod0.vms.xml"/>
      </VMeshLibrary>
      <Cmpnd>
         <Root>
            <File_name name="File name" type="text">GOF2_Transport1.3db</File_name>
            <Index type="int">0</Index>
            <Object_name name="Object name" type="text">Root</Object_name>
         </Root>
      </Cmpnd>
      <GOF2_Transport1.3db>
         <Hardpoints>
            <Fixed>
               <HpMount>
                  <Orientation type="Matrix">
                       1.0000000000,   0.0000000000,   0.0000000000,
                       0.0000000000,   1.0000000000,   0.0000000000,
                       0.0000000000,   0.0000000000,   1.0000000000
                  </Orientation>
                  <Position type="Vector">0, -45, -70</Position>
               </HpMount>
               <HpTractor_Source>
                  <Orientation type="Matrix">
                       1.0000000000,   0.0000000000,   0.0000000000,
                       0.0000000000,   1.0000000000,   0.0000000000,
                       0.0000000000,   0.0000000000,   1.0000000000
                  </Orientation>
                  <Position type="Vector">0, -31.224298, -245.50716</Position>
               </HpTractor_Source>
               <HpRunningLight01>
                  <Orientation type="Matrix">
                       1.0000000000,   0.0000000000,   0.0000000000,
                       0.0000000000,   1.0000000000,   0.0000000000,
                       0.0000000000,   0.0000000000,   1.0000000000
                  </Orientation>
                  <Position type="Vector">0, -24.151922, -246.86859</Position>
               </HpRunningLight01>
               <HpDocklight01>
                  <Orientation type="Matrix">
                       1.0000000000,   0.0000000000,   0.0000000000,
                       0.0000000000,   1.0000000000,   0.0000000000,
                       0.0000000000,   0.0000000000,   1.0000000000
                  </Orientation>
                  <Position type="Vector">0, 40.01952, -162.85347</Position>
               </HpDocklight01>
               <HpShield01>
                  <Orientation type="Matrix">
                       1.0000000000,   0.0000000000,   0.0000000000,
                       0.0000000000,   1.0000000000,   0.0000000000,
                       0.0000000000,   0.0000000000,   1.0000000000
                  </Orientation>
                  <Position type="Vector">0, 0, 0</Position>
               </HpShield01>
               <HpShield02>
                  <Orientation type="Matrix">
                       1.0000000000,   0.0000000000,   0.0000000000,
                       0.0000000000,   1.0000000000,   0.0000000000,
                       0.0000000000,   0.0000000000,   1.0000000000
                  </Orientation>
                  <Position type="Vector">0, 0, 0</Position>
               </HpShield02>
               <HpShield03>
                  <Orientation type="Matrix">
                       1.0000000000,   0.0000000000,   0.0000000000,
                       0.0000000000,   1.0000000000,   0.0000000000,
                       0.0000000000,   0.0000000000,   1.0000000000
                  </Orientation>
                  <Position type="Vector">0, 0, 0</Position>
               </HpShield03>
               <HpNew01>
                  <Orientation type="Matrix">
                       1.0000000000,   0.0000000000,   0.0000000000,
                       0.0000000000,   1.0000000000,   0.0000000000,
                       0.0000000000,   0.0000000000,   1.0000000000
                  </Orientation>
                  <Position type="Vector">0, 0, 0</Position>
               </HpNew01>
               <HpNew02>
                  <Orientation type="Matrix">
                       1.0000000000,   0.0000000000,   0.0000000000,
                       0.0000000000,   1.0000000000,   0.0000000000,
                       0.0000000000,   0.0000000000,   1.0000000000
                  </Orientation>
                  <Position type="Vector">0, 0, 0</Position>
               </HpNew02>
               <HpNew03>
                  <Orientation type="Matrix">
                       1.0000000000,   0.0000000000,   0.0000000000,
                       0.0000000000,   1.0000000000,   0.0000000000,
                       0.0000000000,   0.0000000000,   1.0000000000
                  </Orientation>
                  <Position type="Vector">0, 0, 0</Position>
               </HpNew03>
               <HpEngine01>
                  <Orientation type="Matrix">
                       1.0000000000,   0.0000000000,   0.0000000000,
                       0.0000000000,   1.0000000000,   0.0000000000,
                       0.0000000000,   0.0000000000,   1.0000000000
                  </Orientation>
                  <Position type="Vector">0, 16.458935, 221.29109</Position>
               </HpEngine01>
               <HpEngine02>
                  <Orientation type="Matrix">
                       1.0000000000,   0.0000000000,   0.0000000000,
                       0.0000000000,   1.0000000000,   0.0000000000,
                       0.0000000000,   0.0000000000,   1.0000000000
                  </Orientation>
                  <Position type="Vector">-41.784264, 4.4670119, 231.2541</Position>
               </HpEngine02>
               <HpEngine03>
                  <Orientation type="Matrix">
                       1.0000000000,   0.0000000000,   0.0000000000,
                       0.0000000000,   1.0000000000,   0.0000000000,
                       0.0000000000,   0.0000000000,   1.0000000000
                  </Orientation>
                  <Position type="Vector">-70.708664, 4.4934669, 231.2541</Position>
               </HpEngine03>
               <HpEngine04>
                  <Orientation type="Matrix">
                       1.0000000000,   0.0000000000,   0.0000000000,
                       0.0000000000,   1.0000000000,   0.0000000000,
                       0.0000000000,   0.0000000000,   1.0000000000
                  </Orientation>
                  <Position type="Vector">42.318535, 4.1437101, 231.25412</Position>
               </HpEngine04>
               <HpEngine05>
                  <Orientation type="Matrix">
                       1.0000000000,   0.0000000000,   0.0000000000,
                       0.0000000000,   1.0000000000,   0.0000000000,
                       0.0000000000,   0.0000000000,   1.0000000000
                  </Orientation>
                  <Position type="Vector">70.687592, 4.305634, 231.25414</Position>
               </HpEngine05>
               <HpCM01>
                  <Orientation type="Matrix">
                      -0.9848078500,  -0.1736483000,  -0.0000000000,
                       0.1736483000,  -0.9848078500,   0.0000000000,
                       0.0000000000,  -0.0000000000,   1.0000000000
                  </Orientation>
                  <Position type="Vector">-22.114544, -28.897928, 207.49138</Position>
               </HpCM01>
               <HpCM02>
                  <Orientation type="Matrix">
                      -0.9848078500,   0.1736483000,   0.0000000000,
                      -0.1736483000,  -0.9848078500,   0.0000000000,
                       0.0000000000,   0.0000000000,   1.0000000000
                  </Orientation>
                  <Position type="Vector">22.104336, -29.086864, 207.52577</Position>
               </HpCM02>
            </Fixed>
            <Revolute>
               <HpTurret01>
                  <Axis type="Vector">0, 1, 0</Axis>
                  <Max type="float">1.7453293</Max>
                  <Min type="float">-1.7453293</Min>
                  <Orientation type="Matrix">
                      46.333298e-09,  -0.0697564630,   0.9975639000,
                     -7.4505806e-09,   0.9975640800,   0.0697564630,
                      -0.9999998200,   0.0000000000,  59.604645e-09
                  </Orientation>
                  <Position type="Vector">-56.373634, 23.879965, -120.93593</Position>
               </HpTurret01>
               <HpTurret02>
                  <Axis type="Vector">0, 1, 0</Axis>
                  <Max type="float">1.7453293</Max>
                  <Min type="float">-1.7453293</Min>
                  <Orientation type="Matrix">
                      46.333298e-09,   0.0697564630,  -0.9975639000,
                      7.4505806e-09,   0.9975640800,   0.0697564630,
                       0.9999998200,   0.0000000000,  59.604645e-09
                  </Orientation>
                  <Position type="Vector">56.291962, 23.886295, -121.10733</Position>
               </HpTurret02>
               <HpTurret03>
                  <Axis type="Vector">0, 1, 0</Axis>
                  <Max type="float">1.7453293</Max>
                  <Min type="float">-1.7453293</Min>
                  <Orientation type="Matrix">
                      46.333298e-09,  -0.0697564630,   0.9975639000,
                     -7.4505806e-09,   0.9975640800,   0.0697564630,
                      -0.9999998200,   0.0000000000,  59.604645e-09
                  </Orientation>
                  <Position type="Vector">-56.471725, 23.872374, -59.142082</Position>
               </HpTurret03>
               <HpTurret04>
                  <Axis type="Vector">0, 1, 0</Axis>
                  <Max type="float">1.7453293</Max>
                  <Min type="float">-1.7453293</Min>
                  <Orientation type="Matrix">
                      46.333298e-09,   0.0697564630,  -0.9975639000,
                      7.4505806e-09,   0.9975640800,   0.0697564630,
                       0.9999998200,   0.0000000000,  59.604645e-09
                  </Orientation>
                  <Position type="Vector">56.55846, 23.865652, -59.040752</Position>
               </HpTurret04>
               <HpTurret05>
                  <Axis type="Vector">0, 1, 0</Axis>
                  <Max type="float">1.7453293</Max>
                  <Min type="float">-1.7453293</Min>
                  <Orientation type="Matrix">
                      46.333298e-09,  -0.0697564630,   0.9975639000,
                     -7.4505806e-09,   0.9975640800,   0.0697564630,
                      -0.9999998200,   0.0000000000,  59.604645e-09
                  </Orientation>
                  <Position type="Vector">-56.484138, 23.871403, -20.250023</Position>
               </HpTurret05>
               <HpTurret06>
                  <Axis type="Vector">0, 1, 0</Axis>
                  <Max type="float">1.7453293</Max>
                  <Min type="float">-1.7453293</Min>
                  <Orientation type="Matrix">
                      46.333298e-09,   0.0697564630,  -0.9975639000,
                      7.4505806e-09,   0.9975640800,   0.0697564630,
                       0.9999998200,   0.0000000000,  59.604645e-09
                  </Orientation>
                  <Position type="Vector">56.512962, 23.869169, -19.91317</Position>
               </HpTurret06>
               <HpTurret07>
                  <Axis type="Vector">0, 1, 0</Axis>
                  <Max type="float">1.7453293</Max>
                  <Min type="float">-1.7453293</Min>
                  <Orientation type="Matrix">
                      46.333298e-09,  -0.0697564630,   0.9975639000,
                     -7.4505806e-09,   0.9975640800,   0.0697564630,
                      -0.9999998200,   0.0000000000,  59.604645e-09
                  </Orientation>
                  <Position type="Vector">-56.558502, 23.865646, 41.93911</Position>
               </HpTurret07>
               <HpTurret08>
                  <Axis type="Vector">0, 1, 0</Axis>
                  <Max type="float">1.7453293</Max>
                  <Min type="float">-1.7453293</Min>
                  <Orientation type="Matrix">
                      46.333298e-09,   0.0697564630,  -0.9975639000,
                      7.4505806e-09,   0.9975640800,   0.0697564630,
                       0.9999998200,   0.0000000000,  59.604645e-09
                  </Orientation>
                  <Position type="Vector">56.545418, 23.866659, 41.617043</Position>
               </HpTurret08>
               <HpTurret09>
                  <Axis type="Vector">0, 1, 0</Axis>
                  <Max type="float">1.7453293</Max>
                  <Min type="float">-1.7453293</Min>
                  <Orientation type="Matrix">
                      46.333298e-09,  -0.0697564630,   0.9975639000,
                     -7.4505806e-09,   0.9975640800,   0.0697564630,
                      -0.9999998200,   0.0000000000,  59.604645e-09
                  </Orientation>
                  <Position type="Vector">-56.454185, 23.873718, 80.568146</Position>
               </HpTurret09>
               <HpTurret10>
                  <Axis type="Vector">0, 1, 0</Axis>
                  <Max type="float">1.7453293</Max>
                  <Min type="float">-1.7453293</Min>
                  <Orientation type="Matrix">
                      46.333298e-09,   0.0697564630,  -0.9975639000,
                      7.4505806e-09,   0.9975640800,   0.0697564630,
                       0.9999998200,   0.0000000000,  59.604645e-09
                  </Orientation>
                  <Position type="Vector">56.50631, 23.869678, 80.687164</Position>
               </HpTurret10>
               <HpTurret11>
                  <Axis type="Vector">0, 1, 0</Axis>
                  <Max type="float">1.7453293</Max>
                  <Min type="float">-1.7453293</Min>
                  <Orientation type="Matrix">
                      46.333298e-09,  -0.0697564630,   0.9975639000,
                     -7.4505806e-09,   0.9975640800,   0.0697564630,
                      -0.9999998200,   0.0000000000,  59.604645e-09
                  </Orientation>
                  <Position type="Vector">-56.462776, 23.87306, 142.93954</Position>
               </HpTurret11>
               <HpTurret12>
                  <Axis type="Vector">0, 1, 0</Axis>
                  <Max type="float">1.7453293</Max>
                  <Min type="float">-1.7453293</Min>
                  <Orientation type="Matrix">
                      46.333298e-09,   0.0697564630,  -0.9975639000,
                      7.4505806e-09,   0.9975640800,   0.0697564630,
                       0.9999998200,   0.0000000000,  59.604645e-09
                  </Orientation>
                  <Position type="Vector">56.671268, 23.856903, 142.8954</Position>
               </HpTurret12>
               <HpTurret13>
                  <Axis type="Vector">0, 1, 0</Axis>
                  <Max type="float">3.1415927</Max>
                  <Min type="float">-3.1415927</Min>
                  <Orientation type="Matrix">
                      -0.9986295700,  -0.0523359850,   0.0000000000,
                       0.0523359850,  -0.9986295700,  -0.0000000000,
                       0.0000000000,   0.0000000000,   1.0000000000
                  </Orientation>
                  <Position type="Vector">-56.486137, -16.016888, -121.40932</Position>
               </HpTurret13>
               <HpTurret14>
                  <Axis type="Vector">0, 1, 0</Axis>
                  <Max type="float">3.1415927</Max>
                  <Min type="float">-3.1415927</Min>
                  <Orientation type="Matrix">
                      -0.9986295700,   0.0523359850,   0.0000000000,
                      -0.0523359850,  -0.9986295700,   0.0000000000,
                       0.0000000000,  -0.0000000000,   1.0000000000
                  </Orientation>
                  <Position type="Vector">56.633835, -16.008938, -121.56478</Position>
               </HpTurret14>
               <HpTurret15>
                  <Axis type="Vector">0, 1, 0</Axis>
                  <Max type="float">3.1415927</Max>
                  <Min type="float">-3.1415927</Min>
                  <Orientation type="Matrix">
                      -0.9986295700,  -0.0523359850,   0.0000000000,
                       0.0523359850,  -0.9986295700,  -0.0000000000,
                       0.0000000000,   0.0000000000,   1.0000000000
                  </Orientation>
                  <Position type="Vector">-56.35268, -16.024067, -58.937115</Position>
               </HpTurret15>
               <HpTurret16>
                  <Axis type="Vector">0, 1, 0</Axis>
                  <Max type="float">3.1415927</Max>
                  <Min type="float">-3.1415927</Min>
                  <Orientation type="Matrix">
                      -0.9986295700,   0.0523359850,   0.0000000000,
                      -0.0523359850,  -0.9986295700,   0.0000000000,
                       0.0000000000,  -0.0000000000,   1.0000000000
                  </Orientation>
                  <Position type="Vector">56.879208, -15.995723, -59.161961</Position>
               </HpTurret16>
               <HpTurret17>
                  <Axis type="Vector">0, 1, 0</Axis>
                  <Max type="float">3.1415927</Max>
                  <Min type="float">-3.1415927</Min>
                  <Orientation type="Matrix">
                      -0.9986295700,  -0.0523359850,   0.0000000000,
                       0.0523359850,  -0.9986295700,  -0.0000000000,
                       0.0000000000,   0.0000000000,   1.0000000000
                  </Orientation>
                  <Position type="Vector">-56.429619, -16.019934, -20.573215</Position>
               </HpTurret17>
               <HpTurret18>
                  <Axis type="Vector">0, 1, 0</Axis>
                  <Max type="float">3.1415927</Max>
                  <Min type="float">-3.1415927</Min>
                  <Orientation type="Matrix">
                      -0.9986295700,   0.0523359850,   0.0000000000,
                      -0.0523359850,  -0.9986295700,   0.0000000000,
                       0.0000000000,  -0.0000000000,   1.0000000000
                  </Orientation>
                  <Position type="Vector">56.309128, -16.026423, -20.534439</Position>
               </HpTurret18>
               <HpTurret19>
                  <Axis type="Vector">0, 1, 0</Axis>
                  <Max type="float">3.1415927</Max>
                  <Min type="float">-3.1415927</Min>
                  <Orientation type="Matrix">
                      -0.9986295700,  -0.0523359850,   0.0000000000,
                       0.0523359850,  -0.9986295700,  -0.0000000000,
                       0.0000000000,   0.0000000000,   1.0000000000
                  </Orientation>
                  <Position type="Vector">-56.584118, -16.011612, 41.862434</Position>
               </HpTurret19>
               <HpTurret20>
                  <Axis type="Vector">0, 1, 0</Axis>
                  <Max type="float">3.1415927</Max>
                  <Min type="float">-3.1415927</Min>
                  <Orientation type="Matrix">
                      -0.9986295700,   0.0523359850,   0.0000000000,
                      -0.0523359850,  -0.9986295700,   0.0000000000,
                       0.0000000000,  -0.0000000000,   1.0000000000
                  </Orientation>
                  <Position type="Vector">56.704014, -16.005157, 41.472191</Position>
               </HpTurret20>
               <HpTurret21>
                  <Axis type="Vector">0, 1, 0</Axis>
                  <Max type="float">3.1415927</Max>
                  <Min type="float">-3.1415927</Min>
                  <Orientation type="Matrix">
                      -0.9986295700,  -0.0523359850,   0.0000000000,
                       0.0523359850,  -0.9986295700,  -0.0000000000,
                       0.0000000000,   0.0000000000,   1.0000000000
                  </Orientation>
                  <Position type="Vector">-56.210114, -16.031757, 80.243896</Position>
               </HpTurret21>
               <HpTurret22>
                  <Axis type="Vector">0, 1, 0</Axis>
                  <Max type="float">3.1415927</Max>
                  <Min type="float">-3.1415927</Min>
                  <Orientation type="Matrix">
                      -0.9986295700,   0.0523359850,   0.0000000000,
                      -0.0523359850,  -0.9986295700,   0.0000000000,
                       0.0000000000,  -0.0000000000,   1.0000000000
                  </Orientation>
                  <Position type="Vector">56.396542, -16.021719, 80.621101</Position>
               </HpTurret22>
               <HpTurret23>
                  <Axis type="Vector">0, 1, 0</Axis>
                  <Max type="float">3.1415927</Max>
                  <Min type="float">-3.1415927</Min>
                  <Orientation type="Matrix">
                      -0.9986295700,  -0.0523359850,   0.0000000000,
                       0.0523359850,  -0.9986295700,  -0.0000000000,
                       0.0000000000,   0.0000000000,   1.0000000000
                  </Orientation>
                  <Position type="Vector">-56.569546, -16.012402, 142.66019</Position>
               </HpTurret23>
               <HpTurret24>
                  <Axis type="Vector">0, 1, 0</Axis>
                  <Max type="float">3.1415927</Max>
                  <Min type="float">-3.1415927</Min>
                  <Orientation type="Matrix">
                      -0.9986295700,   0.0523359850,   0.0000000000,
                      -0.0523359850,  -0.9986295700,   0.0000000000,
                       0.0000000000,  -0.0000000000,   1.0000000000
                  </Orientation>
                  <Position type="Vector">56.619255, -16.009724, 142.78056</Position>
               </HpTurret24>
            </Revolute>
         </Hardpoints>
         <MultiLevel>
            <Level0>
               <VMeshPart>
                  <VMeshRef type="VMeshRef">
                     <!-- header size  --> 60,
                     <!-- vmesh lib    --> GOF2_Transport1.lod0.vms,
                     <!-- start vert   --> 0,
                     <!-- num verts    --> 5760,
                     <!-- start index  --> 0,
                     <!-- num indices  --> 10131,
                     <!-- start mesh   --> 0,
                     <!-- num meshes   --> 4,
                     <!-- bounding box -->  98.042526,      40.635464,   234.2307,
                                           -98.042534,     -31.565937,  -248.83984,
                     <!-- center       -->  -3.8146973e-6,   4.5347633,   -7.3045731,
                     <!-- radius       --> 338.15872
                  </VMeshRef>
               </VMeshPart>
            </Level0>
         </MultiLevel>
      </GOF2_Transport1.3db>
   </UTF_ROOT>
</UTFXML>
