<?xml version="1.0" encoding="ISO-8859-1"?>
<!-- XML generated by UTFXML Version 2.2 built 19-Aug-2010 -->
<UTFXML filename="incvizitor.cmp" path="SHIPS\new\private\Donat">
   <UTF_ROOT>
      <VMeshLibrary>
         <incvizitor.lod0.vms include="incvizitor_cmp\lod0.vms.xml"/>
      </VMeshLibrary>
      <Cmpnd>
         <Root>
            <File_name name="File name" type="text">incvizitor.3db</File_name>
            <Index type="int">0</Index>
            <Object_name name="Object name" type="text">Root</Object_name>
         </Root>
      </Cmpnd>
      <incvizitor.3db>
         <Hardpoints>
            <Fixed>
               <HpCockpit>
                  <Orientation type="Matrix">
                       1.0000000000,   0.0000000000,   0.0000000000,
                       0.0000000000,   1.0000000000,   0.0000000000,
                       0.0000000000,   0.0000000000,   1.0000000000
                  </Orientation>
                  <Position type="Vector">-0.7212, 37.643974, 14.905243</Position>
               </HpCockpit>
               <HpMount>
                  <Orientation type="Matrix">
                       1.0000000000,   0.0000000000,   0.0000000000,
                       0.0000000000,   1.0000000000,   0.0000000000,
                       0.0000000000,   0.0000000000,   1.0000000000
                  </Orientation>
                  <Position type="Vector">0, -60, -190</Position>
               </HpMount>
               <HpEngine01>
                  <Orientation type="Matrix">
                       1.0000000000,   0.0000000000,   0.0000000000,
                       0.0000000000,   1.0000000000,   0.0000000000,
                       0.0000000000,   0.0000000000,   1.0000000000
                  </Orientation>
                  <Position type="Vector">-99.16288, -0.095351003, 272.96402</Position>
               </HpEngine01>
               <HpEngine02>
                  <Orientation type="Matrix">
                       1.0000000000,   0.0000000000,   0.0000000000,
                       0.0000000000,   1.0000000000,   0.0000000000,
                       0.0000000000,   0.0000000000,   1.0000000000
                  </Orientation>
                  <Position type="Vector">-45.565449, -0.58275402, 292.10464</Position>
               </HpEngine02>
               <HpEngine03>
                  <Orientation type="Matrix">
                       1.0000000000,   0.0000000000,   0.0000000000,
                       0.0000000000,   1.0000000000,   0.0000000000,
                       0.0000000000,   0.0000000000,   1.0000000000
                  </Orientation>
                  <Position type="Vector">98.017853, 0.017952001, 272.96402</Position>
               </HpEngine03>
               <HpEngine04>
                  <Orientation type="Matrix">
                       1.0000000000,   0.0000000000,   0.0000000000,
                       0.0000000000,   1.0000000000,   0.0000000000,
                       0.0000000000,   0.0000000000,   1.0000000000
                  </Orientation>
                  <Position type="Vector">44.395638, -0.41405001, 292.10464</Position>
               </HpEngine04>
               <HpTractor_Source>
                  <Orientation type="Matrix">
                       1.0000000000,   0.0000000000,   0.0000000000,
                       0.0000000000,   1.0000000000,   0.0000000000,
                       0.0000000000,   0.0000000000,   1.0000000000
                  </Orientation>
                  <Position type="Vector">-0.73482901, -8.070735, -502.78485</Position>
               </HpTractor_Source>
               <HpCM01>
                  <Orientation type="Matrix">
                       1.0000000000,   0.0000000000,   0.0000000000,
                       0.0000000000,   1.0000000000,   0.0000000000,
                       0.0000000000,   0.0000000000,   1.0000000000
                  </Orientation>
                  <Position type="Vector">-0.791228, 16.374384, 427.77347</Position>
               </HpCM01>
               <HpShield01>
                  <Orientation type="Matrix">
                       1.0000000000,   0.0000000000,   0.0000000000,
                       0.0000000000,   1.0000000000,   0.0000000000,
                       0.0000000000,   0.0000000000,   1.0000000000
                  </Orientation>
                  <Position type="Vector">0, 0, 0</Position>
               </HpShield01>
               <HpCloak01>
                  <Orientation type="Matrix">
                       1.0000000000,   0.0000000000,   0.0000000000,
                       0.0000000000,   1.0000000000,   0.0000000000,
                       0.0000000000,   0.0000000000,   1.0000000000
                  </Orientation>
                  <Position type="Vector">0, 0, 0</Position>
               </HpCloak01>
               <HpRunningLight01>
                  <Orientation type="Matrix">
                       1.0000000000,   0.0000000000,   0.0000000000,
                       0.0000000000,   1.0000000000,   0.0000000000,
                       0.0000000000,   0.0000000000,   1.0000000000
                  </Orientation>
                  <Position type="Vector">-61.463875, 41.445255, 59.184185</Position>
               </HpRunningLight01>
               <HpRunningLight02>
                  <Orientation type="Matrix">
                       1.0000000000,   0.0000000000,   0.0000000000,
                       0.0000000000,   1.0000000000,   0.0000000000,
                       0.0000000000,   0.0000000000,   1.0000000000
                  </Orientation>
                  <Position type="Vector">-45.461594, 45.151203, 58.891285</Position>
               </HpRunningLight02>
               <HpRunningLight03>
                  <Orientation type="Matrix">
                       1.0000000000,   0.0000000000,   0.0000000000,
                       0.0000000000,   1.0000000000,   0.0000000000,
                       0.0000000000,   0.0000000000,   1.0000000000
                  </Orientation>
                  <Position type="Vector">59.994965, 41.390522, 59.196968</Position>
               </HpRunningLight03>
               <HpRunningLight04>
                  <Orientation type="Matrix">
                       1.0000000000,   0.0000000000,   0.0000000000,
                       0.0000000000,   1.0000000000,   0.0000000000,
                       0.0000000000,   0.0000000000,   1.0000000000
                  </Orientation>
                  <Position type="Vector">43.962574, 45.105556, 58.827721</Position>
               </HpRunningLight04>
               <HpRunningLight05>
                  <Orientation type="Matrix">
                      -1.0000000000, -87.422777e-09,   0.0000000000,
                      87.422777e-09,  -1.0000000000,  -0.0000000000,
                       0.0000000000,   0.0000000000,   1.0000000000
                  </Orientation>
                  <Position type="Vector">-6.1938558, -47.939758, -3.428772</Position>
               </HpRunningLight05>
               <HpRunningLight06>
                  <Orientation type="Matrix">
                      -1.0000000000, -87.422777e-09,   0.0000000000,
                      87.422777e-09,  -1.0000000000,  -0.0000000000,
                       0.0000000000,   0.0000000000,   1.0000000000
                  </Orientation>
                  <Position type="Vector">10.541116, -48.514023, -3.5824921</Position>
               </HpRunningLight06>
            </Fixed>
            <Revolute>
               <HpTorpedo01>
                  <Axis type="Vector">0, 1, 0</Axis>
                  <Max type="float">0.78539819</Max>
                  <Min type="float">-0.78539819</Min>
                  <Orientation type="Matrix">
                       1.0000000000,   0.0000000000,   0.0000000000,
                       0.0000000000,   1.0000000000,   0.0000000000,
                       0.0000000000,   0.0000000000,   1.0000000000
                  </Orientation>
                  <Position type="Vector">-0.7, -6.3806581, -493.94373</Position>
               </HpTorpedo01>
               <HpTurret01>
                  <Axis type="Vector">0, 1, 0</Axis>
                  <Max type="float">3.1415927</Max>
                  <Min type="float">-3.1415927</Min>
                  <Orientation type="Matrix">
                       1.0000000000, -87.264340e-09, -82.161890e-09,
                     -82.161890e-09,  -0.9981876600,   0.0601774830,
                     -87.264340e-09,  -0.0601774830,  -0.9981876600
                  </Orientation>
                  <Position type="Vector">0.42004901, -67.40226, 189.52554</Position>
               </HpTurret01>
               <HpTurret02>
                  <Axis type="Vector">0, 1, 0</Axis>
                  <Max type="float">3.1415927</Max>
                  <Min type="float">-3.1415927</Min>
                  <Orientation type="Matrix">
                       0.9659258100,  -0.2585526700,  -0.0117408060,
                       0.2588191000,   0.9649314300,   0.0438172820,
                     -465.66129e-12,  -0.0453629870,   0.9989705700
                  </Orientation>
                  <Position type="Vector">-55.437038, 59.759842, 251.40941</Position>
               </HpTurret02>
               <HpTurret03>
                  <Axis type="Vector">0, 1, 0</Axis>
                  <Max type="float">3.1415927</Max>
                  <Min type="float">-3.1415927</Min>
                  <Orientation type="Matrix">
                       0.9659258100,   0.2585526700,   0.0117408060,
                      -0.2588191000,   0.9649314300,   0.0438172820,
                      465.66129e-12,  -0.0453629870,   0.9989705700
                  </Orientation>
                  <Position type="Vector">53.138893, 59.993095, 251.7941</Position>
               </HpTurret03>
               <HpTurret04>
                  <Axis type="Vector">0, 1, 0</Axis>
                  <Max type="float">3.1415927</Max>
                  <Min type="float">-1.5707964</Min>
                  <Orientation type="Matrix">
                       0.9788674100,  -0.2041772200,  -0.0114152790,
                       0.2044960700,   0.9773411200,   0.0546418540,
                       0.0000000000,  -0.0558215120,   0.9984408000
                  </Orientation>
                  <Position type="Vector">-113.52752, 10.598704, -72.149132</Position>
               </HpTurret04>
               <HpTurret05>
                  <Axis type="Vector">0, 1, 0</Axis>
                  <Max type="float">1.5707964</Max>
                  <Min type="float">-3.1415927</Min>
                  <Orientation type="Matrix">
                       0.9788674100,   0.2041772200,   0.0114152790,
                      -0.2044960700,   0.9773411200,   0.0546418540,
                       0.0000000000,  -0.0558215120,   0.9984408000
                  </Orientation>
                  <Position type="Vector">112.22287, 10.634884, -71.358368</Position>
               </HpTurret05>
               <HpTurret06>
                  <Axis type="Vector">0, 1, 0</Axis>
                  <Max type="float">1.5707964</Max>
                  <Min type="float">-3.1415927</Min>
                  <Orientation type="Matrix">
                      -0.9788674700,  -0.2041773300,  -0.0114152860,
                       0.2044961900,  -0.9773411800,  -0.0546418540,
                       0.0000000000,  -0.0558215120,   0.9984408000
                  </Orientation>
                  <Position type="Vector">-112.61856, -10.20896, -72.911209</Position>
               </HpTurret06>
               <HpTurret07>
                  <Axis type="Vector">0, 1, 0</Axis>
                  <Max type="float">3.1415927</Max>
                  <Min type="float">-1.5707964</Min>
                  <Orientation type="Matrix">
                      -0.9788674700,   0.2041773300,   0.0114152860,
                      -0.2044961900,  -0.9773411800,  -0.0546418540,
                       0.0000000000,  -0.0558215120,   0.9984408000
                  </Orientation>
                  <Position type="Vector">111.39662, -10.214448, -72.410057</Position>
               </HpTurret07>
               <HpTurret08>
                  <Axis type="Vector">0, 1, 0</Axis>
                  <Max type="float">2.0943952</Max>
                  <Min type="float">-1.5707964</Min>
                  <Orientation type="Matrix">
                       0.9781475700,  -0.2075875100,  -0.0116059440,
                       0.2079117000,   0.9766224000,   0.0546016770,
                       0.0000000000,  -0.0558215080,   0.9984407400
                  </Orientation>
                  <Position type="Vector">-80.050987, 16.211304, -93.344643</Position>
               </HpTurret08>
               <HpTurret09>
                  <Axis type="Vector">0, 1, 0</Axis>
                  <Max type="float">1.5707964</Max>
                  <Min type="float">-2.0943952</Min>
                  <Orientation type="Matrix">
                       0.9781475700,   0.2075875100,   0.0116059440,
                      -0.2079117000,   0.9766224000,   0.0546016770,
                       0.0000000000,  -0.0558215080,   0.9984407400
                  </Orientation>
                  <Position type="Vector">75.604065, 16.848568, -93.283401</Position>
               </HpTurret09>
               <HpTurret10>
                  <Axis type="Vector">0, 1, 0</Axis>
                  <Max type="float">3.1415927</Max>
                  <Min type="float">-3.1415927</Min>
                  <Orientation type="Matrix">
                      -0.9781475700,  -0.2076266700,   0.0108812540,
                       0.2079116100,  -0.9768070600,   0.0511922950,
                     -465.66129e-12,   0.0523359590,   0.9986295700
                  </Orientation>
                  <Position type="Vector">-76.011734, -16.67322, -93.423668</Position>
               </HpTurret10>
               <HpTurret11>
                  <Axis type="Vector">0, 1, 0</Axis>
                  <Max type="float">3.1415927</Max>
                  <Min type="float">-3.1415927</Min>
                  <Orientation type="Matrix">
                      -0.9781475700,   0.2076266700,  -0.0108812540,
                      -0.2079116100,  -0.9768070600,   0.0511922950,
                      465.66129e-12,   0.0523359590,   0.9986295700
                  </Orientation>
                  <Position type="Vector">79.760895, -15.54595, -93.472076</Position>
               </HpTurret11>
               <HpTurret12>
                  <Axis type="Vector">0, 1, 0</Axis>
                  <Max type="float">1.9198622</Max>
                  <Min type="float">-1.5707964</Min>
                  <Orientation type="Matrix">
                       0.9816272300,  -0.1905475000,  -0.0099861715,
                       0.1908089800,   0.9802819500,   0.0513744020,
                     -465.66129e-12,  -0.0523359590,   0.9986295700
                  </Orientation>
                  <Position type="Vector">-32.897697, 26.736748, -88.489769</Position>
               </HpTurret12>
               <HpTurret13>
                  <Axis type="Vector">0, 1, 0</Axis>
                  <Max type="float">1.5707964</Max>
                  <Min type="float">-1.9198622</Min>
                  <Orientation type="Matrix">
                       0.9816272300,   0.1905475000,   0.0099861715,
                      -0.1908089800,   0.9802819500,   0.0513744020,
                      465.66129e-12,  -0.0523359590,   0.9986295700
                  </Orientation>
                  <Position type="Vector">32.754402, 26.473661, -88.519867</Position>
               </HpTurret13>
               <HpTurret14>
                  <Axis type="Vector">0, 1, 0</Axis>
                  <Max type="float">3.1415927</Max>
                  <Min type="float">-3.1415927</Min>
                  <Orientation type="Matrix">
                      -0.9781478000,  -0.2077849500,   0.0072560105,
                       0.2079116100,  -0.9775519400,   0.0341368620,
                      232.83064e-12,   0.0348994960,   0.9993907800
                  </Orientation>
                  <Position type="Vector">-36.997879, -25.426132, -93.511642</Position>
               </HpTurret14>
               <HpTurret15>
                  <Axis type="Vector">0, 1, 0</Axis>
                  <Max type="float">3.1415927</Max>
                  <Min type="float">-3.1415927</Min>
                  <Orientation type="Matrix">
                      -0.9781478000,   0.2077849500,  -0.0072560105,
                      -0.2079116100,  -0.9775519400,   0.0341368620,
                     -232.83064e-12,   0.0348994960,   0.9993907800
                  </Orientation>
                  <Position type="Vector">37.944382, -24.90028, -93.460686</Position>
               </HpTurret15>
               <HpTurret16>
                  <Axis type="Vector">0, 1, 0</Axis>
                  <Max type="float">2.0943952</Max>
                  <Min type="float">-1.5707964</Min>
                  <Orientation type="Matrix">
                       0.9781475700,  -0.2075875100,  -0.0116059440,
                       0.2079117000,   0.9766224000,   0.0546016770,
                       0.0000000000,  -0.0558215080,   0.9984407400
                  </Orientation>
                  <Position type="Vector">-64.004562, 16.614553, -143.8696</Position>
               </HpTurret16>
               <HpTurret17>
                  <Axis type="Vector">0, 1, 0</Axis>
                  <Max type="float">1.5707964</Max>
                  <Min type="float">-2.0943952</Min>
                  <Orientation type="Matrix">
                       0.9781475700,   0.2075875100,   0.0116059440,
                      -0.2079117000,   0.9766224000,   0.0546016770,
                       0.0000000000,  -0.0558215080,   0.9984407400
                  </Orientation>
                  <Position type="Vector">64.013481, 16.342964, -143.09351</Position>
               </HpTurret17>
               <HpTurret18>
                  <Axis type="Vector">0, 1, 0</Axis>
                  <Max type="float">3.1415927</Max>
                  <Min type="float">-3.1415927</Min>
                  <Orientation type="Matrix">
                      -0.9781475700,  -0.2076266700,   0.0108812540,
                       0.2079116100,  -0.9768070600,   0.0511922950,
                     -465.66129e-12,   0.0523359590,   0.9986295700
                  </Orientation>
                  <Position type="Vector">-63.286316, -16.939096, -145.13277</Position>
               </HpTurret18>
               <HpTurret19>
                  <Axis type="Vector">0, 1, 0</Axis>
                  <Max type="float">3.1415927</Max>
                  <Min type="float">-3.1415927</Min>
                  <Orientation type="Matrix">
                      -0.9781475700,   0.2076266700,  -0.0108812540,
                      -0.2079116100,  -0.9768070600,   0.0511922950,
                      465.66129e-12,   0.0523359590,   0.9986295700
                  </Orientation>
                  <Position type="Vector">63.841095, -16.419151, -146.66373</Position>
               </HpTurret19>
               <HpTurret20>
                  <Axis type="Vector">0, 1, 0</Axis>
                  <Max type="float">2.0943952</Max>
                  <Min type="float">-1.5707964</Min>
                  <Orientation type="Matrix">
                       0.9781476300,  -0.2076267600,  -0.0108812580,
                       0.2079117000,   0.9768071200,   0.0511922950,
                     -465.66129e-12,  -0.0523359590,   0.9986295700
                  </Orientation>
                  <Position type="Vector">-43.619011, 18.485401, -182.10625</Position>
               </HpTurret20>
               <HpTurret21>
                  <Axis type="Vector">0, 1, 0</Axis>
                  <Max type="float">1.5707964</Max>
                  <Min type="float">-2.0943952</Min>
                  <Orientation type="Matrix">
                       0.9781476300,   0.2076267600,   0.0108812580,
                      -0.2079117000,   0.9768071200,   0.0511922950,
                      465.66129e-12,  -0.0523359590,   0.9986295700
                  </Orientation>
                  <Position type="Vector">42.953365, 18.315296, -182.05637</Position>
               </HpTurret21>
               <HpTurret22>
                  <Axis type="Vector">0, 1, 0</Axis>
                  <Max type="float">3.1415927</Max>
                  <Min type="float">-3.1415927</Min>
                  <Orientation type="Matrix">
                      -0.9781477500,  -0.2075874200,  -0.0116059390,
                       0.2079116100,  -0.9766225800,  -0.0546016770,
                       0.0000000000,  -0.0558215080,   0.9984407400
                  </Orientation>
                  <Position type="Vector">-32.957684, -20.929855, -183.86154</Position>
               </HpTurret22>
               <HpTurret23>
                  <Axis type="Vector">0, 1, 0</Axis>
                  <Max type="float">3.1415927</Max>
                  <Min type="float">-3.1415927</Min>
                  <Orientation type="Matrix">
                      -0.9781477500,   0.2075874200,   0.0116059390,
                      -0.2079116100,  -0.9766225800,  -0.0546016770,
                       0.0000000000,  -0.0558215080,   0.9984407400
                  </Orientation>
                  <Position type="Vector">32.891045, -20.689529, -182.68625</Position>
               </HpTurret23>
               <HpTurret24>
                  <Axis type="Vector">0, 1, 0</Axis>
                  <Max type="float">2.0943952</Max>
                  <Min type="float">-1.5707964</Min>
                  <Orientation type="Matrix">
                       0.9781475700,  -0.2075875100,  -0.0116059440,
                       0.2079117000,   0.9766224000,   0.0546016770,
                       0.0000000000,  -0.0558215080,   0.9984407400
                  </Orientation>
                  <Position type="Vector">-26.920837, 19.992481, -220.18388</Position>
               </HpTurret24>
               <HpTurret25>
                  <Axis type="Vector">0, 1, 0</Axis>
                  <Max type="float">1.5707964</Max>
                  <Min type="float">-2.0943952</Min>
                  <Orientation type="Matrix">
                       0.9781475700,   0.2075875100,   0.0116059440,
                      -0.2079117000,   0.9766224000,   0.0546016770,
                       0.0000000000,  -0.0558215080,   0.9984407400
                  </Orientation>
                  <Position type="Vector">26.821516, 19.571253, -220.96025</Position>
               </HpTurret25>
               <HpTurret26>
                  <Axis type="Vector">0, 1, 0</Axis>
                  <Max type="float">3.1415927</Max>
                  <Min type="float">-3.1415927</Min>
                  <Orientation type="Matrix">
                      -0.9781477500,  -0.2075874200,  -0.0116059390,
                       0.2079116100,  -0.9766225800,  -0.0546016770,
                       0.0000000000,  -0.0558215080,   0.9984407400
                  </Orientation>
                  <Position type="Vector">-26.323643, -20.100151, -221.16637</Position>
               </HpTurret26>
               <HpTurret27>
                  <Axis type="Vector">0, 1, 0</Axis>
                  <Max type="float">3.1415927</Max>
                  <Min type="float">-3.1415927</Min>
                  <Orientation type="Matrix">
                      -0.9781477500,   0.2075874200,   0.0116059390,
                      -0.2079116100,  -0.9766225800,  -0.0546016770,
                       0.0000000000,  -0.0558215080,   0.9984407400
                  </Orientation>
                  <Position type="Vector">26.519424, -19.727102, -221.51334</Position>
               </HpTurret27>
               <HpTurret28>
                  <Axis type="Vector">0, 1, 0</Axis>
                  <Max type="float">2.0943952</Max>
                  <Min type="float">-1.5707964</Min>
                  <Orientation type="Matrix">
                       0.9781475700,  -0.2075875100,  -0.0116059440,
                       0.2079117000,   0.9766224000,   0.0546016770,
                       0.0000000000,  -0.0558215080,   0.9984407400
                  </Orientation>
                  <Position type="Vector">-26.46323, 18.19136, -256.87531</Position>
               </HpTurret28>
               <HpTurret29>
                  <Axis type="Vector">0, 1, 0</Axis>
                  <Max type="float">1.5707964</Max>
                  <Min type="float">-2.0943952</Min>
                  <Orientation type="Matrix">
                       0.9781475700,   0.2075875100,   0.0116059440,
                      -0.2079117000,   0.9766224000,   0.0546016770,
                       0.0000000000,  -0.0558215080,   0.9984407400
                  </Orientation>
                  <Position type="Vector">26.177818, 17.966219, -258.0061</Position>
               </HpTurret29>
               <HpTurret30>
                  <Axis type="Vector">0, 1, 0</Axis>
                  <Max type="float">3.1415927</Max>
                  <Min type="float">-3.1415927</Min>
                  <Orientation type="Matrix">
                      -0.9781477500,  -0.2075874200,  -0.0116059390,
                       0.2079116100,  -0.9766225800,  -0.0546016770,
                       0.0000000000,  -0.0558215080,   0.9984407400
                  </Orientation>
                  <Position type="Vector">-23.478722, -18.420179, -258.90598</Position>
               </HpTurret30>
               <HpTurret31>
                  <Axis type="Vector">0, 1, 0</Axis>
                  <Max type="float">3.1415927</Max>
                  <Min type="float">-3.1415927</Min>
                  <Orientation type="Matrix">
                      -0.9781477500,   0.2075874200,   0.0116059390,
                      -0.2079116100,  -0.9766225800,  -0.0546016770,
                       0.0000000000,  -0.0558215080,   0.9984407400
                  </Orientation>
                  <Position type="Vector">23.479589, -18.078175, -259.31671</Position>
               </HpTurret31>
               <HpTurret32>
                  <Axis type="Vector">0, 1, 0</Axis>
                  <Max type="float">1.5707964</Max>
                  <Min type="float">-1.5707964</Min>
                  <Orientation type="Matrix">
                       0.0058886558,  -0.2248739300,   0.9743698800,
                      -0.0255060420,   0.9740361600,   0.2249510300,
                      -0.9996571500,  -0.0261769520,  119.20929e-09
                  </Orientation>
                  <Position type="Vector">-147.15088, 14.344309, 239.57913</Position>
               </HpTurret32>
               <HpTurret33>
                  <Axis type="Vector">0, 1, 0</Axis>
                  <Max type="float">1.5707964</Max>
                  <Min type="float">-1.5707964</Min>
                  <Orientation type="Matrix">
                       0.0058886558,   0.2248739300,  -0.9743698800,
                       0.0255060420,   0.9740361600,   0.2249510300,
                       0.9996571500,  -0.0261769520,  119.20929e-09
                  </Orientation>
                  <Position type="Vector">138.57829, 16.697458, 239.53719</Position>
               </HpTurret33>
               <HpTurret34>
                  <Axis type="Vector">0, 1, 0</Axis>
                  <Max type="float">3.1415927</Max>
                  <Min type="float">-3.1415927</Min>
                  <Orientation type="Matrix">
                      -0.9612617500,  -0.2754694800,  -0.0096196048,
                       0.2756373900,  -0.9606761900,  -0.0335475500,
                      465.66129e-12,  -0.0348994960,   0.9993908400
                  </Orientation>
                  <Position type="Vector">-114.18675, -22.888945, 220.67474</Position>
               </HpTurret34>
               <HpTurret35>
                  <Axis type="Vector">0, 1, 0</Axis>
                  <Max type="float">3.1415927</Max>
                  <Min type="float">-3.1415927</Min>
                  <Orientation type="Matrix">
                      -0.9612617500,   0.2754694800,   0.0096196048,
                      -0.2756373900,  -0.9606761900,  -0.0335475500,
                     -465.66129e-12,  -0.0348994960,   0.9993908400
                  </Orientation>
                  <Position type="Vector">114.39146, -22.377018, 221.35614</Position>
               </HpTurret35>
               <HpTurret36>
                  <Axis type="Vector">0, 1, 0</Axis>
                  <Max type="float">1.5707964</Max>
                  <Min type="float">-1.5707964</Min>
                  <Orientation type="Matrix">
                      178.81393e-09,  -0.9999998800, -7.1054274e-15,
                      -0.9999998800,  59.604641e-09,  87.422769e-09,
                     -87.422769e-09,   0.0000000000,  -0.9999997600
                  </Orientation>
                  <Position type="Vector">-14.143925, 1.439873, 391.26453</Position>
               </HpTurret36>
               <HpTurret37>
                  <Axis type="Vector">0, 1, 0</Axis>
                  <Max type="float">1.5707964</Max>
                  <Min type="float">-1.5707964</Min>
                  <Orientation type="Matrix">
                      178.81393e-09,   0.9999998800, -7.1054274e-15,
                       0.9999998800,  59.604641e-09, -87.422769e-09,
                     -87.422769e-09,   0.0000000000,  -0.9999997600
                  </Orientation>
                  <Position type="Vector">12.646535, 0.98108703, 391.03464</Position>
               </HpTurret37>
               <HpTurret38>
                  <Axis type="Vector">0, 1, 0</Axis>
                  <Max type="float">2.0943952</Max>
                  <Min type="float">-2.0943952</Min>
                  <Orientation type="Matrix">
                       1.0000000000,   0.0000000000,   0.0000000000,
                       0.0000000000,   1.0000000000,   0.0000000000,
                       0.0000000000,   0.0000000000,   1.0000000000
                  </Orientation>
                  <Position type="Vector">-0.7, 19.704353, -307.74094</Position>
               </HpTurret38>
            </Revolute>
         </Hardpoints>
         <MultiLevel>
            <Level0>
               <VMeshPart>
                  <VMeshRef type="VMeshRef">
                     <!-- header size  --> 60,
                     <!-- vmesh lib    --> incvizitor.lod0.vms,
                     <!-- start vert   --> 0,
                     <!-- num verts    --> 30067,
                     <!-- start index  --> 0,
                     <!-- num indices  --> 64995,
                     <!-- start mesh   --> 0,
                     <!-- num meshes   --> 11,
                     <!-- bounding box -->  184.13013,     65.907646,  430.19055,
                                           -185.69409,    -68.076744, -502.91492,
                     <!-- center       -->   -0.78198242,  -1.084549,  -36.362183,
                     <!-- radius       --> 675.50928
                  </VMeshRef>
               </VMeshPart>
            </Level0>
         </MultiLevel>
      </incvizitor.3db>
   </UTF_ROOT>
</UTFXML>
