<?xml version="1.0" encoding="ISO-8859-1"?>
<!-- XML generated by UTFXML Version 2.2 built 19-Aug-2010 -->
<UTFXML filename="Metatron.cmp" path="SHIPS\new\private\Donat">
   <UTF_ROOT>
      <VMeshLibrary>
         <CruiserD0.lod0.vms include="Metatron_cmp\lod0.vms.xml"/>
      </VMeshLibrary>
      <Cmpnd>
         <Root>
            <File_name name="File name" type="text">CruiserD0.3db</File_name>
            <Index type="int">0</Index>
            <Object_name name="Object name" type="text">Root</Object_name>
         </Root>
      </Cmpnd>
      <CruiserD0.3db>
         <Hardpoints>
            <Fixed>
               <HpMount>
                  <Orientation type="Matrix">
                       1.0000000000,   0.0000000000,   0.0000000000,
                       0.0000000000,   1.0000000000,   0.0000000000,
                       0.0000000000,   0.0000000000,   1.0000000000
                  </Orientation>
                  <Position type="Vector">0, -90, -100</Position>
               </HpMount>
               <HpTractor_Source>
                  <Orientation type="Matrix">
                       1.0000000000,   0.0000000000,   0.0000000000,
                       0.0000000000,   1.0000000000,   0.0000000000,
                       0.0000000000,   0.0000000000,   1.0000000000
                  </Orientation>
                  <Position type="Vector">-0.088371001, 15.122574, -263.1095</Position>
               </HpTractor_Source>
               <HpShield01>
                  <Orientation type="Matrix">
                       1.0000000000,   0.0000000000,   0.0000000000,
                       0.0000000000,   1.0000000000,   0.0000000000,
                       0.0000000000,   0.0000000000,   1.0000000000
                  </Orientation>
                  <Position type="Vector">0, 0, 0</Position>
               </HpShield01>
               <HpPilot>
                  <Orientation type="Matrix">
                       1.0000000000,   0.0000000000,   0.0000000000,
                       0.0000000000,   1.0000000000,   0.0000000000,
                       0.0000000000,   0.0000000000,   1.0000000000
                  </Orientation>
                  <Position type="Vector">0, 0, 0</Position>
               </HpPilot>
               <HpCockpit>
                  <Orientation type="Matrix">
                       1.0000000000,   0.0000000000,   0.0000000000,
                       0.0000000000,   1.0000000000,   0.0000000000,
                       0.0000000000,   0.0000000000,   1.0000000000
                  </Orientation>
                  <Position type="Vector">0, 0, 0</Position>
               </HpCockpit>
               <HpEngine01>
                  <Orientation type="Matrix">
                       1.0000000000,   0.0000000000,   0.0000000000,
                       0.0000000000,   1.0000000000,   0.0000000000,
                       0.0000000000,   0.0000000000,   1.0000000000
                  </Orientation>
                  <Position type="Vector">-14.948963, -29.323933, 245.02501</Position>
               </HpEngine01>
               <HpEngine02>
                  <Orientation type="Matrix">
                       1.0000000000,   0.0000000000,   0.0000000000,
                       0.0000000000,   1.0000000000,   0.0000000000,
                       0.0000000000,   0.0000000000,   1.0000000000
                  </Orientation>
                  <Position type="Vector">14.656607, -29.29689, 245.02501</Position>
               </HpEngine02>
               <HpEngine03>
                  <Orientation type="Matrix">
                       1.0000000000,   0.0000000000,   0.0000000000,
                       0.0000000000,   1.0000000000,   0.0000000000,
                       0.0000000000,   0.0000000000,   1.0000000000
                  </Orientation>
                  <Position type="Vector">29.459387, -3.3594244, 245.02501</Position>
               </HpEngine03>
               <HpEngine04>
                  <Orientation type="Matrix">
                       1.0000000000,   0.0000000000,   0.0000000000,
                       0.0000000000,   1.0000000000,   0.0000000000,
                       0.0000000000,   0.0000000000,   1.0000000000
                  </Orientation>
                  <Position type="Vector">14.859384, 22.551188, 245.02501</Position>
               </HpEngine04>
               <HpEngine05>
                  <Orientation type="Matrix">
                       1.0000000000,   0.0000000000,   0.0000000000,
                       0.0000000000,   1.0000000000,   0.0000000000,
                       0.0000000000,   0.0000000000,   1.0000000000
                  </Orientation>
                  <Position type="Vector">-15.15174, 22.523773, 245.02501</Position>
               </HpEngine05>
               <HpEngine06>
                  <Orientation type="Matrix">
                       1.0000000000,   0.0000000000,   0.0000000000,
                       0.0000000000,   1.0000000000,   0.0000000000,
                       0.0000000000,   0.0000000000,   1.0000000000
                  </Orientation>
                  <Position type="Vector">-29.954519, -3.4136965, 245.02501</Position>
               </HpEngine06>
               <HpCloak01>
                  <Orientation type="Matrix">
                       1.0000000000,   0.0000000000,   0.0000000000,
                       0.0000000000,   1.0000000000,   0.0000000000,
                       0.0000000000,   0.0000000000,   1.0000000000
                  </Orientation>
                  <Position type="Vector">0, 0, 0</Position>
               </HpCloak01>
               <HpRunningLight01>
                  <Orientation type="Matrix">
                       1.0000000000,   0.0000000000,   0.0000000000,
                       0.0000000000,   1.0000000000,   0.0000000000,
                       0.0000000000,   0.0000000000,   1.0000000000
                  </Orientation>
                  <Position type="Vector">1.310172, 126.40695, -6.276082</Position>
               </HpRunningLight01>
               <HpCM01>
                  <Orientation type="Matrix">
                      -0.9999998800,   0.0000000000,  87.422777e-09,
                      66.969733e-09,  -0.6427874600,   0.7660444400,
                      56.194271e-09,   0.7660444400,   0.6427875800
                  </Orientation>
                  <Position type="Vector">0.00907, -19.737316, 280.91916</Position>
               </HpCM01>
            </Fixed>
            <Revolute>
               <HpTurret01>
                  <Axis type="Vector">0, 1, 0</Axis>
                  <Max type="float">1.9198622</Max>
                  <Min type="float">-1.9198622</Min>
                  <Orientation type="Matrix">
                       1.0000000000,   0.0000000000,   0.0000000000,
                       0.0000000000,   0.9848077300,   0.1736481800,
                       0.0000000000,  -0.1736481800,   0.9848077300
                  </Orientation>
                  <Position type="Vector">0.72961098, 95.90239, -75.088608</Position>
               </HpTurret01>
               <HpTurret02>
                  <Axis type="Vector">0, 1, 0</Axis>
                  <Max type="float">1.9198622</Max>
                  <Min type="float">-1.9198622</Min>
                  <Orientation type="Matrix">
                      -0.5000001200,  -0.8627298500,  -0.0754790830,
                       0.8660253900,  -0.4980974800,  -0.0435778800,
                       0.0000000000,  -0.0871557440,   0.9961946600
                  </Orientation>
                  <Position type="Vector">-94.360039, -58.64344, -36.706928</Position>
               </HpTurret02>
               <HpTurret03>
                  <Axis type="Vector">0, 1, 0</Axis>
                  <Max type="float">1.9198622</Max>
                  <Min type="float">-1.9198622</Min>
                  <Orientation type="Matrix">
                      -0.5000001200,   0.8627298500,   0.0754790830,
                      -0.8660253900,  -0.4980974800,  -0.0435778800,
                       0.0000000000,  -0.0871557440,   0.9961946600
                  </Orientation>
                  <Position type="Vector">94.424423, -58.534462, -36.696716</Position>
               </HpTurret03>
               <HpTurret04>
                  <Axis type="Vector">0, 1, 0</Axis>
                  <Max type="float">1.5707964</Max>
                  <Min type="float">-1.5707964</Min>
                  <Orientation type="Matrix">
                      -0.5000001200,  -0.8648384800,   0.0453242660,
                       0.8660253300,  -0.4993149000,   0.0261679850,
                       0.0000000000,   0.0523359590,   0.9986295700
                  </Orientation>
                  <Position type="Vector">-95.181213, -59.455761, -12.312234</Position>
               </HpTurret04>
               <HpTurret05>
                  <Axis type="Vector">0, 1, 0</Axis>
                  <Max type="float">1.5707964</Max>
                  <Min type="float">-1.5707964</Min>
                  <Orientation type="Matrix">
                      -0.5000001200,   0.8648384800,  -0.0453242660,
                      -0.8660253300,  -0.4993149000,   0.0261679850,
                       0.0000000000,   0.0523359590,   0.9986295700
                  </Orientation>
                  <Position type="Vector">95.067184, -59.758678, -13.316653</Position>
               </HpTurret05>
               <HpTurret06>
                  <Axis type="Vector">0, 1, 0</Axis>
                  <Max type="float">1.5707964</Max>
                  <Min type="float">-1.5707964</Min>
                  <Orientation type="Matrix">
                       0.0871558790,  -0.9924038600,  -0.0868240890,
                       0.9961947200,   0.0868242380,   0.0075961351,
                       0.0000000000,  -0.0871557440,   0.9961947200
                  </Orientation>
                  <Position type="Vector">-9.4988794, 16.712158, -223.79675</Position>
               </HpTurret06>
               <HpTurret07>
                  <Axis type="Vector">0, 1, 0</Axis>
                  <Max type="float">1.5707964</Max>
                  <Min type="float">-1.5707964</Min>
                  <Orientation type="Matrix">
                       0.0871558790,   0.9924038600,   0.0868240890,
                      -0.9961947200,   0.0868242380,   0.0075961351,
                       0.0000000000,  -0.0871557440,   0.9961947200
                  </Orientation>
                  <Position type="Vector">9.5595722, 16.419069, -223.44046</Position>
               </HpTurret07>
               <HpTurret08>
                  <Axis type="Vector">0, 1, 0</Axis>
                  <Max type="float">1.5707964</Max>
                  <Min type="float">-1.5707964</Min>
                  <Orientation type="Matrix">
                       0.7986354800,  -0.5995249200,  -0.0524516330,
                       0.6018150400,   0.7955964200,   0.0696056710,
                       0.0000000000,  -0.0871557370,   0.9961946600
                  </Orientation>
                  <Position type="Vector">-22.284483, -5.531559, -223.48036</Position>
               </HpTurret08>
               <HpTurret09>
                  <Axis type="Vector">0, 1, 0</Axis>
                  <Max type="float">1.5707964</Max>
                  <Min type="float">-1.5707964</Min>
                  <Orientation type="Matrix">
                       0.7986354800,   0.5995249200,   0.0524516330,
                      -0.6018150400,   0.7955964200,   0.0696056710,
                       0.0000000000,  -0.0871557370,   0.9961946600
                  </Orientation>
                  <Position type="Vector">22.274004, -5.5976262, -224.09326</Position>
               </HpTurret09>
               <HpTurret10>
                  <Axis type="Vector">0, 1, 0</Axis>
                  <Max type="float">1.5707964</Max>
                  <Min type="float">-0.78539819</Min>
                  <Orientation type="Matrix">
                       0.7986354800,  -0.5995249200,  -0.0524516330,
                       0.6018150400,   0.7955964200,   0.0696056710,
                       0.0000000000,  -0.0871557370,   0.9961946600
                  </Orientation>
                  <Position type="Vector">-34.482285, -11.927456, -203.66417</Position>
               </HpTurret10>
               <HpTurret11>
                  <Axis type="Vector">0, 1, 0</Axis>
                  <Max type="float">0.78539819</Max>
                  <Min type="float">-1.5707964</Min>
                  <Orientation type="Matrix">
                       0.7986354800,   0.5995249200,   0.0524516330,
                      -0.6018150400,   0.7955964200,   0.0696056710,
                       0.0000000000,  -0.0871557370,   0.9961946600
                  </Orientation>
                  <Position type="Vector">34.447002, -11.890585, -203.55911</Position>
               </HpTurret11>
               <HpTurret12>
                  <Axis type="Vector">0, 1, 0</Axis>
                  <Max type="float">1.5707964</Max>
                  <Min type="float">-0.78539819</Min>
                  <Orientation type="Matrix">
                       0.8191520600,  -0.5727903200,  -0.0300186720,
                       0.5735763900,   0.8180294000,   0.0428711060,
                      931.32257e-12,  -0.0523359590,   0.9986295100
                  </Orientation>
                  <Position type="Vector">-43.370346, -13.371191, -158.57199</Position>
               </HpTurret12>
               <HpTurret13>
                  <Axis type="Vector">0, 1, 0</Axis>
                  <Max type="float">0.78539819</Max>
                  <Min type="float">-1.5707964</Min>
                  <Orientation type="Matrix">
                       0.8191520600,   0.5727903200,   0.0300186720,
                      -0.5735763900,   0.8180294000,   0.0428711060,
                     -931.32257e-12,  -0.0523359590,   0.9986295100
                  </Orientation>
                  <Position type="Vector">43.332355, -13.442738, -159.6946</Position>
               </HpTurret13>
               <HpTurret14>
                  <Axis type="Vector">0, 1, 0</Axis>
                  <Max type="float">1.5707964</Max>
                  <Min type="float">-1.5707964</Min>
                  <Orientation type="Matrix">
                      -0.5000000000,  -0.8595700900,  -0.1055419400,
                       0.8660252700,  -0.4962731600,  -0.0609346850,
                      3.7252903e-09,  -0.1218693500,   0.9925461400
                  </Orientation>
                  <Position type="Vector">-46.148132, -29.930164, -158.04659</Position>
               </HpTurret14>
               <HpTurret15>
                  <Axis type="Vector">0, 1, 0</Axis>
                  <Max type="float">1.5707964</Max>
                  <Min type="float">-1.5707964</Min>
                  <Orientation type="Matrix">
                      -0.5000000000,   0.8595700900,   0.1055419400,
                      -0.8660252700,  -0.4962731600,  -0.0609346850,
                     -3.7252903e-09,  -0.1218693500,   0.9925461400
                  </Orientation>
                  <Position type="Vector">45.798462, -30.551966, -157.99327</Position>
               </HpTurret15>
               <HpTurret16>
                  <Axis type="Vector">0, 1, 0</Axis>
                  <Max type="float">1.5707964</Max>
                  <Min type="float">-1.5707964</Min>
                  <Orientation type="Matrix">
                       0.7660445000,  -0.6040226800,  -0.2198462600,
                       0.6427875200,   0.7198463700,   0.2620025900,
                       0.0000000000,  -0.3420200900,   0.9396926200
                  </Orientation>
                  <Position type="Vector">-19.871956, 78.295723, -147.10829</Position>
               </HpTurret16>
               <HpTurret17>
                  <Axis type="Vector">0, 1, 0</Axis>
                  <Max type="float">1.5707964</Max>
                  <Min type="float">-1.5707964</Min>
                  <Orientation type="Matrix">
                       0.7660445000,   0.6040226800,   0.2198462600,
                      -0.6427875200,   0.7198463700,   0.2620025900,
                       0.0000000000,  -0.3420200900,   0.9396926200
                  </Orientation>
                  <Position type="Vector">19.968615, 78.342751, -146.87796</Position>
               </HpTurret17>
               <HpTurret18>
                  <Axis type="Vector">0, 1, 0</Axis>
                  <Max type="float">1.5707964</Max>
                  <Min type="float">-1.5707964</Min>
                  <Orientation type="Matrix">
                       0.8191520600,  -0.5735763900,  -0.0000000000,
                       0.5735763900,   0.8191520600,   0.0000000000,
                       0.0000000000,  -0.0000000000,   1.0000000000
                  </Orientation>
                  <Position type="Vector">-19.139879, 95.670738, 11.557986</Position>
               </HpTurret18>
               <HpTurret19>
                  <Axis type="Vector">0, 1, 0</Axis>
                  <Max type="float">1.5707964</Max>
                  <Min type="float">-1.5707964</Min>
                  <Orientation type="Matrix">
                       0.8191520600,   0.5735763900,   0.0000000000,
                      -0.5735763900,   0.8191520600,   0.0000000000,
                       0.0000000000,   0.0000000000,   1.0000000000
                  </Orientation>
                  <Position type="Vector">20.010036, 95.07058, 11.637759</Position>
               </HpTurret19>
               <HpTurret20>
                  <Axis type="Vector">0, 1, 0</Axis>
                  <Max type="float">1.5707964</Max>
                  <Min type="float">-1.5707964</Min>
                  <Orientation type="Matrix">
                       1.0000000000,   0.0000000000,   0.0000000000,
                       0.0000000000,   1.0000000000,   0.0000000000,
                       0.0000000000,   0.0000000000,   1.0000000000
                  </Orientation>
                  <Position type="Vector">0.089396, 83.641899, -142.63635</Position>
               </HpTurret20>
               <HpTurret21>
                  <Axis type="Vector">0, 1, 0</Axis>
                  <Max type="float">1.5707964</Max>
                  <Min type="float">-1.5707964</Min>
                  <Orientation type="Matrix">
                      -1.0000000000, -87.422777e-09,   0.0000000000,
                      87.422777e-09,  -1.0000000000,  -0.0000000000,
                       0.0000000000,   0.0000000000,   1.0000000000
                  </Orientation>
                  <Position type="Vector">-0.13582, 10.43154, -255.89304</Position>
               </HpTurret21>
               <HpTurret22>
                  <Axis type="Vector">0, 1, 0</Axis>
                  <Max type="float">1.5707964</Max>
                  <Min type="float">-1.5707964</Min>
                  <Orientation type="Matrix">
                       0.5000000000,   0.8627298500,  -0.0754790900,
                      -0.8660253900,   0.4980973300,  -0.0435778680,
                     -3.7252903e-09,   0.0871557440,   0.9961946600
                  </Orientation>
                  <Position type="Vector">-12.06601, -11.029901, -255.42554</Position>
               </HpTurret22>
               <HpTurret23>
                  <Axis type="Vector">0, 1, 0</Axis>
                  <Max type="float">1.5707964</Max>
                  <Min type="float">-1.5707964</Min>
                  <Orientation type="Matrix">
                       0.5000000000,  -0.8627298500,   0.0754790900,
                       0.8660253900,   0.4980973300,  -0.0435778680,
                      3.7252903e-09,   0.0871557440,   0.9961946600
                  </Orientation>
                  <Position type="Vector">12.117284, -10.939729, -255.80664</Position>
               </HpTurret23>
               <HpTurret24>
                  <Axis type="Vector">0, 1, 0</Axis>
                  <Max type="float">1.5707964</Max>
                  <Min type="float">-1.5707964</Min>
                  <Orientation type="Matrix">
                      -0.4226182100,  -0.8925390200,  -0.1573786700,
                      -0.9063078200,   0.4161976600,   0.0733869520,
                     -89.406967e-09,   0.1736481800,  -0.9848077900
                  </Orientation>
                  <Position type="Vector">-41.821789, 20.1495, 211.3645</Position>
               </HpTurret24>
               <HpTurret25>
                  <Axis type="Vector">0, 1, 0</Axis>
                  <Max type="float">1.5707964</Max>
                  <Min type="float">-1.5707964</Min>
                  <Orientation type="Matrix">
                      -0.4226182100,   0.8925389600,   0.1573787500,
                       0.9063078800,   0.4161976600,   0.0733868030,
                     -89.406967e-09,   0.1736481800,  -0.9848077900
                  </Orientation>
                  <Position type="Vector">41.505074, 20.022886, 212.85728</Position>
               </HpTurret25>
               <HpTurret26>
                  <Axis type="Vector">0, 1, 0</Axis>
                  <Max type="float">1.5707964</Max>
                  <Min type="float">-1.5707964</Min>
                  <Orientation type="Matrix">
                       1.0000000000, -87.090108e-09, -95.042175e-09,
                     -95.042175e-09,  -0.9961947200,  -0.0871557440,
                     -87.090108e-09,   0.0871557440,  -0.9961947200
                  </Orientation>
                  <Position type="Vector">-0.205827, -59.905865, 170.5508</Position>
               </HpTurret26>
               <HpTurret27>
                  <Axis type="Vector">0, 1, 0</Axis>
                  <Max type="float">3.1415927</Max>
                  <Min type="float">-3.1415927</Min>
                  <Orientation type="Matrix">
                       1.0000000000,   0.0000000000,  -0.0000000000,
                      -0.0000000000,  59.604645e-09,  -0.9999998800,
                       0.0000000000,   0.9999998800,  59.604645e-09
                  </Orientation>
                  <Position type="Vector">-0.024597, -3.501142, 287.39935</Position>
               </HpTurret27>
               <HpTurret28>
                  <Axis type="Vector">0, 1, 0</Axis>
                  <Max type="float">0.78539819</Max>
                  <Min type="float">-1.9198622</Min>
                  <Orientation type="Matrix">
                      -0.9396924400,   0.2620025900,   0.2198463700,
                       0.3420201500,   0.7198463700,   0.6040226800,
                     -67.055225e-09,   0.6427875200,  -0.7660443200
                  </Orientation>
                  <Position type="Vector">-163.42146, -16.706329, 190.7494</Position>
               </HpTurret28>
               <HpTurret29>
                  <Axis type="Vector">0, 1, 0</Axis>
                  <Max type="float">1.9198622</Max>
                  <Min type="float">-0.78539819</Min>
                  <Orientation type="Matrix">
                      -0.9396924400,  -0.2620025900,  -0.2198461900,
                      -0.3420200300,   0.7198463700,   0.6040226800,
                     -67.055225e-09,   0.6427875200,  -0.7660443200
                  </Orientation>
                  <Position type="Vector">163.05272, -17.20335, 191.1371</Position>
               </HpTurret29>
               <HpTurret30>
                  <Axis type="Vector">0, 1, 0</Axis>
                  <Max type="float">1.5707964</Max>
                  <Min type="float">-1.5707964</Min>
                  <Orientation type="Matrix">
                      253.31974e-09,   0.8191519400,   0.5735763300,
                       0.9999998200,  74.505806e-09, -149.01161e-09,
                     -89.406967e-09,   0.5735763300,  -0.8191518200
                  </Orientation>
                  <Position type="Vector">-92.827576, -138.82791, 190.52811</Position>
               </HpTurret30>
               <HpTurret31>
                  <Axis type="Vector">0, 1, 0</Axis>
                  <Max type="float">1.5707964</Max>
                  <Min type="float">-1.5707964</Min>
                  <Orientation type="Matrix">
                      208.61626e-09,  -0.8191519400,  -0.5735763300,
                      -0.9999998200,  29.802322e-09,  29.802322e-09,
                     -59.604645e-09,   0.5735763300,  -0.8191518200
                  </Orientation>
                  <Position type="Vector">92.956688, -139.30374, 190.64621</Position>
               </HpTurret31>
               <HpTurret32>
                  <Axis type="Vector">0, 1, 0</Axis>
                  <Max type="float">1.5707964</Max>
                  <Min type="float">-0.78539819</Min>
                  <Orientation type="Matrix">
                       0.9026688300,  -0.4095760000,  -0.1320473800,
                      -0.4061471800,  -0.7094064400,  -0.5760094500,
                       0.1422443700,   0.5735763900,  -0.8067072000
                  </Orientation>
                  <Position type="Vector">-70.872231, 144.68665, 190.78841</Position>
               </HpTurret32>
               <HpTurret33>
                  <Axis type="Vector">0, 1, 0</Axis>
                  <Max type="float">0.78539819</Max>
                  <Min type="float">-1.5707964</Min>
                  <Orientation type="Matrix">
                       0.8660254500,   0.4095759400,   0.2867881100,
                       0.4999998800,  -0.7094065000,  -0.4967317300,
                     -44.703484e-09,   0.5735763300,  -0.8191520000
                  </Orientation>
                  <Position type="Vector">71.237106, 144.3205, 190.1138</Position>
               </HpTurret33>
               <HpTurret34>
                  <Axis type="Vector">0, 1, 0</Axis>
                  <Max type="float">0.69813168</Max>
                  <Min type="float">-0.69813168</Min>
                  <Orientation type="Matrix">
                       0.6427875800,  -0.7544065100,  -0.1330222900,
                      -0.7660444400,  -0.6330223100,  -0.1116188300,
                     -89.406967e-09,   0.1736481900,  -0.9848078500
                  </Orientation>
                  <Position type="Vector">-75.854561, -47.844406, 130.45929</Position>
               </HpTurret34>
               <HpTurret35>
                  <Axis type="Vector">0, 1, 0</Axis>
                  <Max type="float">0.69813168</Max>
                  <Min type="float">-0.69813168</Min>
                  <Orientation type="Matrix">
                       0.6427875800,   0.7544065100,   0.1330221600,
                       0.7660444400,  -0.6330223100,  -0.1116189700,
                     -81.956387e-09,   0.1736481800,  -0.9848078500
                  </Orientation>
                  <Position type="Vector">76.061035, -47.625309, 130.52327</Position>
               </HpTurret35>
               <HpTurret36>
                  <Axis type="Vector">0, 1, 0</Axis>
                  <Max type="float">1.5707964</Max>
                  <Min type="float">-1.5707964</Min>
                  <Orientation type="Matrix">
                       0.0697566270,  -0.9975639600,  -0.0000000000,
                       0.9975639600,   0.0697566270,   0.0000000000,
                       0.0000000000,  -0.0000000000,   1.0000000000
                  </Orientation>
                  <Position type="Vector">-95.64418, -37.129967, 11.638805</Position>
               </HpTurret36>
               <HpTurret37>
                  <Axis type="Vector">0, 1, 0</Axis>
                  <Max type="float">1.5707964</Max>
                  <Min type="float">-1.5707964</Min>
                  <Orientation type="Matrix">
                       0.0697565670,   0.9937680400,  -0.0869434330,
                      -0.9975640200,   0.0694910880,  -0.0060796812,
                       0.0000000000,   0.0871557370,   0.9961947200
                  </Orientation>
                  <Position type="Vector">96.24408, -37.400829, 11.869007</Position>
               </HpTurret37>
               <HpTurret38>
                  <Axis type="Vector">0, 1, 0</Axis>
                  <Max type="float">1.5707964</Max>
                  <Min type="float">-1.5707964</Min>
                  <Orientation type="Matrix">
                      -0.9063079400,  -0.4210101100,   0.0368336100,
                       0.4226183000,  -0.9028591500,   0.0789899230,
                       0.0000000000,   0.0871557440,   0.9961946600
                  </Orientation>
                  <Position type="Vector">-77.211746, -70.237434, 11.79662</Position>
               </HpTurret38>
               <HpTurret39>
                  <Axis type="Vector">0, 1, 0</Axis>
                  <Max type="float">1.5707964</Max>
                  <Min type="float">-1.5707964</Min>
                  <Orientation type="Matrix">
                      -0.9063079400,   0.4210101100,  -0.0368336100,
                      -0.4226183000,  -0.9028591500,   0.0789899230,
                       0.0000000000,   0.0871557440,   0.9961946600
                  </Orientation>
                  <Position type="Vector">76.161446, -70.092644, 11.95321</Position>
               </HpTurret39>
               <HpTorpedo01>
                  <Axis type="Vector">0, 1, 0</Axis>
                  <Max type="float">0.78539819</Max>
                  <Min type="float">-0.78539819</Min>
                  <Orientation type="Matrix">
                      -1.0000000000, -84.443919e-09,  22.626683e-09,
                      87.422784e-09,  -0.9659259300,   0.2588190700,
                     -888.17842e-18,   0.2588190700,   0.9659258100
                  </Orientation>
                  <Position type="Vector">-0.010296, 56.838123, -198.19188</Position>
               </HpTorpedo01>
            </Revolute>
         </Hardpoints>
         <MultiLevel>
            <Level0>
               <VMeshPart>
                  <VMeshRef type="VMeshRef">
                     <!-- header size  --> 60,
                     <!-- vmesh lib    --> CruiserD0.lod0.vms,
                     <!-- start vert   --> 0,
                     <!-- num verts    --> 8562,
                     <!-- start index  --> 0,
                     <!-- num indices  --> 25842,
                     <!-- start mesh   --> 0,
                     <!-- num meshes   --> 1,
                     <!-- bounding box -->  175.7514,  152.20526,  302.04556,
                                           -175.7514, -152.20526, -302.04556,
                     <!-- center       -->    0,         0,          0,
                     <!-- radius       --> 476.45584
                  </VMeshRef>
               </VMeshPart>
            </Level0>
         </MultiLevel>
      </CruiserD0.3db>
   </UTF_ROOT>
</UTFXML>
