<?xml version="1.0" encoding="ISO-8859-1"?>
<!-- XML generated by UTFXML Version 2.2 built 19-Aug-2010 -->
<UTFXML filename="Proteus_battleship2_up.cmp" path="SHIPS\new\private\Donat">
   <UTF_ROOT>
      <VMeshLibrary>
         <uriteblack002_up.lod0.vms include="Proteus_battleship2_up_cmp\lod0.vms.xml"/>
      </VMeshLibrary>
      <Cmpnd>
         <Root>
            <File_name name="File name" type="text">uriteblack002_up.3db</File_name>
            <Index type="int">0</Index>
            <Object_name name="Object name" type="text">Root</Object_name>
         </Root>
      </Cmpnd>
      <uriteblack002_up.3db>
         <Hardpoints>
            <Fixed>
               <HpMount>
                  <Orientation type="Matrix">
                       1.0000000000,   0.0000000000,   0.0000000000,
                       0.0000000000,   1.0000000000,   0.0000000000,
                       0.0000000000,   0.0000000000,   1.0000000000
                  </Orientation>
                  <Position type="Vector">-0.166667, -52, -319.11868</Position>
               </HpMount>
               <HpTractor_Source>
                  <Orientation type="Matrix">
                       0.7577612400,  -0.5202534200,   0.0000000000,
                       0.5202534200,   0.7577612400,  -0.3938709200,
                       0.2049126900,   0.2984601300,   0.8448657400
                  </Orientation>
                  <Position type="Vector">-0.16666667, 5.6161771, -449.35126</Position>
               </HpTractor_Source>
               <HpCloak01>
                  <Orientation type="Matrix">
                      -0.9543455200,  -0.0253947810,   0.0000000000,
                       0.0253947810,  -0.9543455200,  -0.2976234300,
                       0.0075580818,  -0.2840355900,   0.9114202900
                  </Orientation>
                  <Position type="Vector">-0.16666667, 0, -100.13333</Position>
               </HpCloak01>
               <HpShield01>
                  <Orientation type="Matrix">
                      -0.6311107300,  -0.6559144300,   0.0000000000,
                       0.6559144300,  -0.6311107300,  -0.4140960000,
                       0.2716115400,  -0.2613404400,   0.8285244700
                  </Orientation>
                  <Position type="Vector">-0.16666667, 0, -0.13333334</Position>
               </HpShield01>
               <HpShield02>
                  <Orientation type="Matrix">
                      -0.6311107300,  -0.6559144300,   0.0000000000,
                       0.6559144300,  -0.6311107300,  -0.4140960000,
                       0.2716115400,  -0.2613404400,   0.8285244700
                  </Orientation>
                  <Position type="Vector">-0.16666667, 0, -0.13333334</Position>
               </HpShield02>
               <HpPilot>
                  <Orientation type="Matrix">
                       1.0000000000,   0.0000000000,   0.0000000000,
                      -0.0000000000,   1.0000000000, -595.33534e-09,
                      -0.0000000000,  595.33534e-09,   1.0000000000
                  </Orientation>
                  <Position type="Vector">-0.56268716, 17.299513, 152.18652</Position>
               </HpPilot>
               <HpCM01>
                  <Orientation type="Matrix">
                       0.9676417700,   0.0099100340,   0.0000000000,
                      -0.0099100340,   0.9676417700,   0.2521334900,
                       0.0024986514,  -0.2439748900,   0.9364287900
                  </Orientation>
                  <Position type="Vector">-0.31134266, -62.660477, 300.79648</Position>
               </HpCM01>
               <HpShield03>
                  <Orientation type="Matrix">
                      -0.6311107300,  -0.6559144300,   0.0000000000,
                       0.6559144300,  -0.6311107300,  -0.4140960000,
                       0.2716115400,  -0.2613404400,   0.8285244700
                  </Orientation>
                  <Position type="Vector">-0.16666667, 0, -0.13333334</Position>
               </HpShield03>
               <HpEngine01>
                  <Orientation type="Matrix">
                       1.0000000000,   0.0000000000,   0.0000000000,
                       0.0000000000,   1.0000000000,   0.0000000000,
                       0.0000000000,   0.0000000000,   1.0000000000
                  </Orientation>
                  <Position type="Vector">-85.478081, 39.704445, 214.18929</Position>
               </HpEngine01>
               <HpEngine02>
                  <Orientation type="Matrix">
                       1.0000000000,   0.0000000000,   0.0000000000,
                       0.0000000000,   1.0000000000,   0.0000000000,
                       0.0000000000,   0.0000000000,   1.0000000000
                  </Orientation>
                  <Position type="Vector">-85.239967, 22.913754, 200.54787</Position>
               </HpEngine02>
               <HpEngine03>
                  <Orientation type="Matrix">
                       1.0000000000,   0.0000000000,   0.0000000000,
                       0.0000000000,   1.0000000000,   0.0000000000,
                       0.0000000000,   0.0000000000,   1.0000000000
                  </Orientation>
                  <Position type="Vector">-85.24929, 1.8832231, 183.97284</Position>
               </HpEngine03>
               <HpEngine04>
                  <Orientation type="Matrix">
                       1.0000000000,   0.0000000000,   0.0000000000,
                       0.0000000000,   1.0000000000,   0.0000000000,
                       0.0000000000,   0.0000000000,   1.0000000000
                  </Orientation>
                  <Position type="Vector">-85.245903, -21.181749, 166.66942</Position>
               </HpEngine04>
               <HpEngine05>
                  <Orientation type="Matrix">
                       1.0000000000,   0.0000000000,   0.0000000000,
                       0.0000000000,   1.0000000000,   0.0000000000,
                       0.0000000000,   0.0000000000,   1.0000000000
                  </Orientation>
                  <Position type="Vector">-85.289291, -42.083263, 152.04556</Position>
               </HpEngine05>
               <HpEngine06>
                  <Orientation type="Matrix">
                       1.0000000000,   0.0000000000,   0.0000000000,
                       0.0000000000,   1.0000000000,   0.0000000000,
                       0.0000000000,   0.0000000000,   1.0000000000
                  </Orientation>
                  <Position type="Vector">-85.392426, -59.687439, 140.84476</Position>
               </HpEngine06>
               <HpEngine07>
                  <Orientation type="Matrix">
                       1.0000000000,   0.0000000000,   0.0000000000,
                       0.0000000000,   1.0000000000,   0.0000000000,
                       0.0000000000,   0.0000000000,   1.0000000000
                  </Orientation>
                  <Position type="Vector">85.346718, 39.668156, 214.15933</Position>
               </HpEngine07>
               <HpEngine08>
                  <Orientation type="Matrix">
                       1.0000000000,   0.0000000000,   0.0000000000,
                       0.0000000000,   1.0000000000,   0.0000000000,
                       0.0000000000,   0.0000000000,   1.0000000000
                  </Orientation>
                  <Position type="Vector">85.290085, 22.596876, 200.29393</Position>
               </HpEngine08>
               <HpEngine09>
                  <Orientation type="Matrix">
                       1.0000000000,   0.0000000000,   0.0000000000,
                       0.0000000000,   1.0000000000,   0.0000000000,
                       0.0000000000,   0.0000000000,   1.0000000000
                  </Orientation>
                  <Position type="Vector">85.265518, 2.6888909, 184.59209</Position>
               </HpEngine09>
               <HpEngine010>
                  <Orientation type="Matrix">
                       1.0000000000,   0.0000000000,   0.0000000000,
                       0.0000000000,   1.0000000000,   0.0000000000,
                       0.0000000000,   0.0000000000,   1.0000000000
                  </Orientation>
                  <Position type="Vector">85.29113, -22.063133, 166.01584</Position>
               </HpEngine010>
               <HpEngine011>
                  <Orientation type="Matrix">
                       1.0000000000,   0.0000000000,   0.0000000000,
                       0.0000000000,   1.0000000000,   0.0000000000,
                       0.0000000000,   0.0000000000,   1.0000000000
                  </Orientation>
                  <Position type="Vector">85.233421, -41.837421, 152.21176</Position>
               </HpEngine011>
               <HpEngine012>
                  <Orientation type="Matrix">
                       1.0000000000,   0.0000000000,   0.0000000000,
                       0.0000000000,   1.0000000000,   0.0000000000,
                       0.0000000000,   0.0000000000,   1.0000000000
                  </Orientation>
                  <Position type="Vector">85.124809, -58.869629, 141.32529</Position>
               </HpEngine012>
               <HpRunningLight01>
                  <Orientation type="Matrix">
                       1.0000000000,   0.0000000000,   0.0000000000,
                       0.0000000000,   1.0000000000,   0.0000000000,
                       0.0000000000,   0.0000000000,   1.0000000000
                  </Orientation>
                  <Position type="Vector">-85.351624, 64.787025, 226.83002</Position>
               </HpRunningLight01>
               <HpRunningLight02>
                  <Orientation type="Matrix">
                       1.0000000000,   0.0000000000,   0.0000000000,
                       0.0000000000,   1.0000000000,   0.0000000000,
                       0.0000000000,   0.0000000000,   1.0000000000
                  </Orientation>
                  <Position type="Vector">85.333138, 64.801506, 226.74574</Position>
               </HpRunningLight02>
               <HpRunningLight03>
                  <Orientation type="Matrix">
                      -0.8513929200,  334.88093e-06,   0.0000000000,
                     -334.88093e-06,  -0.8513929200,   0.5245283800,
                      175.65455e-06,   0.4465797500,   0.7248700300
                  </Orientation>
                  <Position type="Vector">-85.584793, -85.773781, 118.83228</Position>
               </HpRunningLight03>
               <HpRunningLight04>
                  <Orientation type="Matrix">
                      -0.8513929200, -334.88093e-06,   0.0000000000,
                      334.88093e-06,  -0.8513929200,   0.5245283800,
                     -175.65455e-06,   0.4465797500,   0.7248700300
                  </Orientation>
                  <Position type="Vector">85.22538, -85.829086, 118.84505</Position>
               </HpRunningLight04>
               <HpCockpit>
                  <Orientation type="Matrix">
                      896.42580e-06,   0.1122612900,   0.0000000000,
                      -0.1122612900,  896.42580e-06,  -0.9936783300,
                      -0.1115516100,  890.75888e-06,   0.0126034000
                  </Orientation>
                  <Position type="Vector">-0.58429265, 18.710045, -155.42273</Position>
               </HpCockpit>
               <HpFX01>
                  <Orientation type="Matrix">
                       1.0000000000,   0.0000000000,   0.0000000000,
                       0.0000000000,   1.0000000000,   0.0000000000,
                       0.0000000000,   0.0000000000,   1.0000000000
                  </Orientation>
                  <Position type="Vector">0, 0, 0</Position>
               </HpFX01>
               <HpFX02>
                  <Orientation type="Matrix">
                      59.604645e-09,   0.9999998800,   0.0000000000,
                      -0.9999998800,  59.604645e-09,   0.0000000000,
                       0.0000000000,   0.0000000000,   1.0000000000
                  </Orientation>
                  <Position type="Vector">0, 0, 0</Position>
               </HpFX02>
               <HpFX03>
                  <Orientation type="Matrix">
                       1.0000000000,   0.0000000000,   0.0000000000,
                       0.0000000000,  59.604645e-09,   0.9999998800,
                       0.0000000000,  -0.9999998800,  59.604645e-09
                  </Orientation>
                  <Position type="Vector">0, 0, 0</Position>
               </HpFX03>
               <HpFX04>
                  <Orientation type="Matrix">
                       1.0000000000,   0.0000000000,   0.0000000000,
                       0.0000000000,   1.0000000000,   0.0000000000,
                       0.0000000000,   0.0000000000,   1.0000000000
                  </Orientation>
                  <Position type="Vector">0, 0, 0</Position>
               </HpFX04>
               <HpFX05>
                  <Orientation type="Matrix">
                       1.0000000000,   0.0000000000,   0.0000000000,
                       0.0000000000,   1.0000000000,   0.0000000000,
                       0.0000000000,   0.0000000000,   1.0000000000
                  </Orientation>
                  <Position type="Vector">0, 0, 0</Position>
               </HpFX05>
               <HpFX06>
                  <Orientation type="Matrix">
                       1.0000000000,   0.0000000000,   0.0000000000,
                       0.0000000000,   1.0000000000,   0.0000000000,
                       0.0000000000,   0.0000000000,   1.0000000000
                  </Orientation>
                  <Position type="Vector">0, 0, 0</Position>
               </HpFX06>
               <HpFX07>
                  <Orientation type="Matrix">
                       1.0000000000,   0.0000000000,   0.0000000000,
                       0.0000000000,   1.0000000000,   0.0000000000,
                       0.0000000000,   0.0000000000,   1.0000000000
                  </Orientation>
                  <Position type="Vector">0, 0, 0</Position>
               </HpFX07>
               <HpFX08>
                  <Orientation type="Matrix">
                       1.0000000000,   0.0000000000,   0.0000000000,
                       0.0000000000,   1.0000000000,   0.0000000000,
                       0.0000000000,   0.0000000000,   1.0000000000
                  </Orientation>
                  <Position type="Vector">0, 0, 0</Position>
               </HpFX08>
               <HpBayDoor01>
                  <Orientation type="Matrix">
                       1.0000000000,   0.0000000000,   0.0000000000,
                       0.0000000000,   1.0000000000,   0.0000000000,
                       0.0000000000,   0.0000000000,   1.0000000000
                  </Orientation>
                  <Position type="Vector">0, -95, 0</Position>
               </HpBayDoor01>
               <HpBayDoor02>
                  <Orientation type="Matrix">
                       1.0000000000,   0.0000000000,   0.0000000000,
                       0.0000000000,   1.0000000000,   0.0000000000,
                       0.0000000000,   0.0000000000,   1.0000000000
                  </Orientation>
                  <Position type="Vector">0, -105, 0</Position>
               </HpBayDoor02>
            </Fixed>
            <Revolute>
               <HpTorpedo01>
                  <Axis type="Vector">0, 1, 0</Axis>
                  <Max type="float">0.34906599</Max>
                  <Min type="float">-0.34906599</Min>
                  <Orientation type="Matrix">
                      -0.8978288200,  -0.4334699200,   0.0000000000,
                       0.4334699200,  -0.8978288200,  -0.0775059980,
                       0.0335965190,  -0.0695871190,   0.9939927500
                  </Orientation>
                  <Position type="Vector">-0.16666667, -10.210128, -447.74182</Position>
               </HpTorpedo01>
               <HpTorpedo02>
                  <Axis type="Vector">0, 1, 0</Axis>
                  <Max type="float">0.34906599</Max>
                  <Min type="float">-0.34906599</Min>
                  <Orientation type="Matrix">
                      3.7250936e-06,  -0.7965434200,   0.0000000000,
                       0.7965434200,  3.7250936e-06,  -0.6045812400,
                       0.4815751900,  2.2521217e-06,   0.6344814300
                  </Orientation>
                  <Position type="Vector">-52.509087, -65.838356, 69.866669</Position>
               </HpTorpedo02>
               <HpTorpedo03>
                  <Axis type="Vector">0, 1, 0</Axis>
                  <Max type="float">0.34906599</Max>
                  <Min type="float">-0.34906599</Min>
                  <Orientation type="Matrix">
                      3.7253642e-06,   0.7965078900,   0.0000000000,
                      -0.7965078900,  3.7253642e-06,  -0.6046280900,
                      -0.4815910500,  2.2524598e-06,   0.6344248100
                  </Orientation>
                  <Position type="Vector">51.962662, -65.615242, 69.866669</Position>
               </HpTorpedo03>
               <HpTurret01>
                  <Axis type="Vector">0, 1, 0</Axis>
                  <Max type="float">1.6580628</Max>
                  <Min type="float">-1.6580628</Min>
                  <Orientation type="Matrix">
                       0.0449434410,  -0.2548869800,   0.9659257500,
                      -0.1677312700,   0.9512512700,   0.2588190400,
                      -0.9848076700,  -0.1736481600,   0.0000000000
                  </Orientation>
                  <Position type="Vector">-149.17978, -18.915319, 118.74435</Position>
               </HpTurret01>
               <HpTurret02>
                  <Axis type="Vector">0, 1, 0</Axis>
                  <Max type="float">1.6580628</Max>
                  <Min type="float">-1.6580628</Min>
                  <Orientation type="Matrix">
                       0.0449434410,   0.2548869800,  -0.9659257500,
                       0.1677312700,   0.9512512700,   0.2588190400,
                       0.9848076700,  -0.1736481600,   0.0000000000
                  </Orientation>
                  <Position type="Vector">149.16978, -18.909773, 118.76898</Position>
               </HpTurret02>
               <HpTurret03>
                  <Axis type="Vector">0, 1, 0</Axis>
                  <Max type="float">3.1415927</Max>
                  <Min type="float">-3.1415927</Min>
                  <Orientation type="Matrix">
                      -0.9848078500,  -0.1736483000,  -0.0000000000,
                       0.1736483000,  -0.9848078500,   0.0000000000,
                       0.0000000000,  -0.0000000000,   1.0000000000
                  </Orientation>
                  <Position type="Vector">-16.95615, -84.723938, 103.6368</Position>
               </HpTurret03>
               <HpTurret04>
                  <Axis type="Vector">0, 1, 0</Axis>
                  <Max type="float">3.1415927</Max>
                  <Min type="float">-3.1415927</Min>
                  <Orientation type="Matrix">
                      -0.9848078500,   0.1736483000,   0.0000000000,
                      -0.1736483000,  -0.9848078500,   0.0000000000,
                       0.0000000000,   0.0000000000,   1.0000000000
                  </Orientation>
                  <Position type="Vector">18.257284, -84.20417, 102.63419</Position>
               </HpTurret04>
               <HpTurret05>
                  <Axis type="Vector">0, 1, 0</Axis>
                  <Max type="float">3.1415927</Max>
                  <Min type="float">-3.1415927</Min>
                  <Orientation type="Matrix">
                      -0.9848079100,  -0.1710102000,   0.0301537120,
                       0.1736483000,  -0.9698464900,   0.1710100800,
                      1.8626451e-09,   0.1736481800,   0.9848077900
                  </Orientation>
                  <Position type="Vector">-38.298885, -79.788239, 135.61314</Position>
               </HpTurret05>
               <HpTurret06>
                  <Axis type="Vector">0, 1, 0</Axis>
                  <Max type="float">3.1415927</Max>
                  <Min type="float">-3.1415927</Min>
                  <Orientation type="Matrix">
                      -0.9848079100,   0.1710102000,  -0.0301537120,
                      -0.1736483000,  -0.9698464900,   0.1710100800,
                     -1.8626451e-09,   0.1736481800,   0.9848077900
                  </Orientation>
                  <Position type="Vector">38.425476, -79.683067, 135.01172</Position>
               </HpTurret06>
               <HpTurret07>
                  <Axis type="Vector">0, 1, 0</Axis>
                  <Max type="float">1.5707964</Max>
                  <Min type="float">-1.5707964</Min>
                  <Orientation type="Matrix">
                      238.41858e-09,  -0.9999997600,  59.604645e-09,
                     -59.604645e-09,  178.81393e-09,  -0.9999997600,
                       0.9999997600,   0.0000000000,  178.81393e-09
                  </Orientation>
                  <Position type="Vector">-93.168854, 37.911121, 212.48024</Position>
               </HpTurret07>
               <HpTurret08>
                  <Axis type="Vector">0, 1, 0</Axis>
                  <Max type="float">1.5707964</Max>
                  <Min type="float">-1.5707964</Min>
                  <Orientation type="Matrix">
                      238.41858e-09,   0.9999997600, -59.604645e-09,
                      59.604645e-09,  178.81393e-09,  -0.9999997600,
                      -0.9999997600,   0.0000000000,  178.81393e-09
                  </Orientation>
                  <Position type="Vector">93.208717, 37.783607, 212.58495</Position>
               </HpTurret08>
               <HpTurret09>
                  <Axis type="Vector">0, 1, 0</Axis>
                  <Max type="float">3.1415927</Max>
                  <Min type="float">-3.1415927</Min>
                  <Orientation type="Matrix">
                      -0.9848078500,  -0.1736483000,  -0.0000000000,
                       0.1736483000,  -0.9848078500,   0.0000000000,
                       0.0000000000,  -0.0000000000,   1.0000000000
                  </Orientation>
                  <Position type="Vector">-99.641693, -69.250793, 37.902416</Position>
               </HpTurret09>
               <HpTurret10>
                  <Axis type="Vector">0, 1, 0</Axis>
                  <Max type="float">3.1415927</Max>
                  <Min type="float">-3.1415927</Min>
                  <Orientation type="Matrix">
                      -0.9848078500,   0.1736483000,   0.0000000000,
                      -0.1736483000,  -0.9848078500,   0.0000000000,
                       0.0000000000,   0.0000000000,   1.0000000000
                  </Orientation>
                  <Position type="Vector">99.911026, -69.198349, 38.016693</Position>
               </HpTurret10>
               <HpTurret11>
                  <Axis type="Vector">0, 1, 0</Axis>
                  <Max type="float">1.5707964</Max>
                  <Min type="float">-1.5707964</Min>
                  <Orientation type="Matrix">
                      59.604645e-09,   0.0000000000,   0.9999998800,
                      -0.0000000000,   1.0000000000,   0.0000000000,
                      -0.9999998800,  -0.0000000000,  59.604645e-09
                  </Orientation>
                  <Position type="Vector">-113.70464, -8.2486038, 128.1909</Position>
               </HpTurret11>
               <HpTurret12>
                  <Axis type="Vector">0, 1, 0</Axis>
                  <Max type="float">1.5707964</Max>
                  <Min type="float">-1.5707964</Min>
                  <Orientation type="Matrix">
                      59.604645e-09,   0.0000000000,  -0.9999998800,
                       0.0000000000,   1.0000000000,   0.0000000000,
                       0.9999998800,   0.0000000000,  59.604645e-09
                  </Orientation>
                  <Position type="Vector">113.72042, -8.2406893, 128.33925</Position>
               </HpTurret12>
               <HpTurret13>
                  <Axis type="Vector">0, 1, 0</Axis>
                  <Max type="float">3.1415927</Max>
                  <Min type="float">-3.1415927</Min>
                  <Orientation type="Matrix">
                      -0.9961947800,  -0.0868242230,   0.0075961351,
                       0.0871558790,  -0.9924039200,   0.0868240890,
                     -232.83064e-12,   0.0871557440,   0.9961947200
                  </Orientation>
                  <Position type="Vector">-43.948441, -77.101585, 25.346167</Position>
               </HpTurret13>
               <HpTurret14>
                  <Axis type="Vector">0, 1, 0</Axis>
                  <Max type="float">3.1415927</Max>
                  <Min type="float">-3.1415927</Min>
                  <Orientation type="Matrix">
                      -0.9961947800,   0.0868242230,  -0.0075961351,
                      -0.0871558790,  -0.9924039200,   0.0868240890,
                      232.83064e-12,   0.0871557440,   0.9961947200
                  </Orientation>
                  <Position type="Vector">43.90913, -77.088707, 25.396183</Position>
               </HpTurret14>
               <HpTurret15>
                  <Axis type="Vector">0, 1, 0</Axis>
                  <Max type="float">3.1415927</Max>
                  <Min type="float">-3.1415927</Min>
                  <Orientation type="Matrix">
                      -1.0000000000, -87.422777e-09,   0.0000000000,
                      87.422777e-09,  -1.0000000000,  -0.0000000000,
                       0.0000000000,   0.0000000000,   1.0000000000
                  </Orientation>
                  <Position type="Vector">0, -86.062775, 113.68347</Position>
               </HpTurret15>
               <HpTurret16>
                  <Axis type="Vector">0, 1, 0</Axis>
                  <Max type="float">1.5707964</Max>
                  <Min type="float">-1.5707964</Min>
                  <Orientation type="Matrix">
                       0.0045613581,  -0.0870362890,   0.9961946600,
                      -0.0521368010,   0.9948294800,   0.0871557370,
                      -0.9986295100,  -0.0523359550,   0.0000000000
                  </Orientation>
                  <Position type="Vector">-106.33654, -6.4722619, 143.59767</Position>
               </HpTurret16>
               <HpTurret17>
                  <Axis type="Vector">0, 1, 0</Axis>
                  <Max type="float">1.5707964</Max>
                  <Min type="float">-1.5707964</Min>
                  <Orientation type="Matrix">
                       0.0045613581,   0.0870362890,  -0.9961946600,
                       0.0521368010,   0.9948294800,   0.0871557370,
                       0.9986295100,  -0.0523359550,   0.0000000000
                  </Orientation>
                  <Position type="Vector">106.77878, -6.558753, 143.07465</Position>
               </HpTurret17>
               <HpTurret18>
                  <Axis type="Vector">0, 1, 0</Axis>
                  <Max type="float">1.5707964</Max>
                  <Min type="float">-1.5707964</Min>
                  <Orientation type="Matrix">
                       1.0000000000,   0.0000000000,   0.0000000000,
                       0.0000000000,   1.0000000000,   0.0000000000,
                       0.0000000000,   0.0000000000,   1.0000000000
                  </Orientation>
                  <Position type="Vector">-0.015342, 42.951855, 124.11906</Position>
               </HpTurret18>
               <HpTurret19>
                  <Axis type="Vector">0, 1, 0</Axis>
                  <Max type="float">1.5707964</Max>
                  <Min type="float">-1.5707964</Min>
                  <Orientation type="Matrix">
                       1.0000000000,   0.0000000000,   0.0000000000,
                       0.0000000000,   1.0000000000,   0.0000000000,
                       0.0000000000,   0.0000000000,   1.0000000000
                  </Orientation>
                  <Position type="Vector">-0.61224997, 18.710058, -138.95345</Position>
               </HpTurret19>
               <HpTurret20>
                  <Axis type="Vector">0, 1, 0</Axis>
                  <Max type="float">1.9198622</Max>
                  <Min type="float">-1.9198622</Min>
                  <Orientation type="Matrix">
                       1.0000000000,   0.0000000000,   0.0000000000,
                       0.0000000000,   1.0000000000,   0.0000000000,
                       0.0000000000,   0.0000000000,   1.0000000000
                  </Orientation>
                  <Position type="Vector">-0.007762, 14.372574, -374.07983</Position>
               </HpTurret20>
               <HpTurret21>
                  <Axis type="Vector">0, 1, 0</Axis>
                  <Max type="float">1.9198622</Max>
                  <Min type="float">-1.9198622</Min>
                  <Orientation type="Matrix">
                      -0.9961946600,  -0.0871027860,  -0.0030416960,
                       0.0871558790,  -0.9955877700,  -0.0347666890,
                       0.0000000000,  -0.0348994960,   0.9993908400
                  </Orientation>
                  <Position type="Vector">-14.68125, -13.746601, -363.18646</Position>
               </HpTurret21>
               <HpTurret22>
                  <Axis type="Vector">0, 1, 0</Axis>
                  <Max type="float">1.9198622</Max>
                  <Min type="float">-1.9198622</Min>
                  <Orientation type="Matrix">
                      -0.9961946600,   0.0871027860,   0.0030416960,
                      -0.0871558790,  -0.9955877700,  -0.0347666890,
                       0.0000000000,  -0.0348994960,   0.9993908400
                  </Orientation>
                  <Position type="Vector">15.222623, -13.668432, -363.13577</Position>
               </HpTurret22>
               <HpTurret23>
                  <Axis type="Vector">0, 1, 0</Axis>
                  <Max type="float">1.5707964</Max>
                  <Min type="float">-0.78539819</Min>
                  <Orientation type="Matrix">
                       0.2923718700,  -0.9563045500, -59.604645e-09,
                     -59.604645e-09,  178.81393e-09,   0.9999997600,
                      -0.9563045500,  -0.2923716300,  178.81393e-09
                  </Orientation>
                  <Position type="Vector">-90.172943, -56.647675, 124.81155</Position>
               </HpTurret23>
               <HpTurret24>
                  <Axis type="Vector">0, 1, 0</Axis>
                  <Max type="float">0.78539819</Max>
                  <Min type="float">-1.5707964</Min>
                  <Orientation type="Matrix">
                       0.2923718700,   0.9563045500,  59.604645e-09,
                      59.604645e-09,  178.81393e-09,   0.9999997600,
                       0.9563045500,  -0.2923716300,  178.81393e-09
                  </Orientation>
                  <Position type="Vector">90.241806, -56.715382, 125.01802</Position>
               </HpTurret24>
               <HpTurret25>
                  <Axis type="Vector">0, 1, 0</Axis>
                  <Max type="float">0.78539819</Max>
                  <Min type="float">-0.78539819</Min>
                  <Orientation type="Matrix">
                      -1.0000000000,   0.0000000000,  87.422777e-09,
                       0.0000000000,   1.0000000000,  -0.0000000000,
                     -87.422777e-09,   0.0000000000,  -1.0000000000
                  </Orientation>
                  <Position type="Vector">-0.426025, 40.070335, 159.09012</Position>
               </HpTurret25>
               <HpTurret26>
                  <Axis type="Vector">0, 1, 0</Axis>
                  <Max type="float">1.6580628</Max>
                  <Min type="float">-1.6580628</Min>
                  <Orientation type="Matrix">
                       1.0000000000, -87.090108e-09, -95.042175e-09,
                     -95.042175e-09,  -0.9961947200,  -0.0871557440,
                     -87.090108e-09,   0.0871557440,  -0.9961947200
                  </Orientation>
                  <Position type="Vector">-0.19229899, -74.011642, 246.92877</Position>
               </HpTurret26>
               <HpTurret27>
                  <Axis type="Vector">0, 1, 0</Axis>
                  <Max type="float">0.78539819</Max>
                  <Min type="float">-0.78539819</Min>
                  <Orientation type="Matrix">
                      59.604645e-09,  -0.3746065500,   0.9271837500,
                     -44.703484e-09,   0.9271838700,   0.3746065500,
                      -0.9999998800, -14.901161e-09,  59.604645e-09
                  </Orientation>
                  <Position type="Vector">-38.632206, 10.456289, -49.9034</Position>
               </HpTurret27>
               <HpTurret28>
                  <Axis type="Vector">0, 1, 0</Axis>
                  <Max type="float">0.78539819</Max>
                  <Min type="float">-0.78539819</Min>
                  <Orientation type="Matrix">
                       0.0072560445,   0.2077850100,  -0.9781475100,
                       0.0341368690,   0.9775517000,   0.2079116700,
                       0.9993907200,  -0.0348994960,   0.0000000000
                  </Orientation>
                  <Position type="Vector">44.551773, 9.6950026, -254.57491</Position>
               </HpTurret28>
               <HpTurret29>
                  <Axis type="Vector">0, 1, 0</Axis>
                  <Max type="float">0.78539819</Max>
                  <Min type="float">-0.78539819</Min>
                  <Orientation type="Matrix">
                       1.0000000000,   0.0000000000,  -0.0000000000,
                      -0.0000000000,  59.604645e-09,  -0.9999998800,
                       0.0000000000,   0.9999998800,  59.604645e-09
                  </Orientation>
                  <Position type="Vector">0.340709, -8.1630592, 199.44919</Position>
               </HpTurret29>
               <HpTurret30>
                  <Axis type="Vector">0, 1, 0</Axis>
                  <Max type="float">0.78539819</Max>
                  <Min type="float">-0.78539819</Min>
                  <Orientation type="Matrix">
                      119.20929e-09,   0.1736482800,  -0.9848076700,
                      14.901161e-09,  -0.9848076700,  -0.1736482800,
                      -1.0000000000,   0.0000000000, -57.742000e-09
                  </Orientation>
                  <Position type="Vector">20.592125, -21.919569, -120.2712</Position>
               </HpTurret30>
               <HpTurret31>
                  <Axis type="Vector">0, 1, 0</Axis>
                  <Max type="float">0.78539819</Max>
                  <Min type="float">-0.78539819</Min>
                  <Orientation type="Matrix">
                      119.20929e-09,  -0.1736482800,   0.9848076700,
                     -14.901161e-09,  -0.9848076700,  -0.1736482800,
                       1.0000000000,   0.0000000000, -57.742000e-09
                  </Orientation>
                  <Position type="Vector">-20.494617, -22.052677, -120.22512</Position>
               </HpTurret31>
            </Revolute>
         </Hardpoints>
         <MultiLevel>
            <Level0>
               <VMeshPart>
                  <VMeshRef type="VMeshRef">
                     <!-- header size  --> 60,
                     <!-- vmesh lib    --> uriteblack002_up.lod0.vms,
                     <!-- start vert   --> 0,
                     <!-- num verts    --> 20400,
                     <!-- start index  --> 0,
                     <!-- num indices  --> 38322,
                     <!-- start mesh   --> 0,
                     <!-- num meshes   --> 1,
                     <!-- bounding box -->  164.5206,   64.952782,  302.23309,
                                           -164.52071, -86.318336, -456.68689,
                     <!-- center       -->    0,         0,           0,
                     <!-- radius       --> 616.29028
                  </VMeshRef>
               </VMeshPart>
            </Level0>
         </MultiLevel>
      </uriteblack002_up.3db>
   </UTF_ROOT>
</UTFXML>
