<?xml version="1.0" encoding="ISO-8859-1"?>
<!-- XML generated by UTFXML Version 2.2 built 19-Aug-2010 -->
<UTFXML filename="or_elite.cmp" path="SHIPS\ORDER\OR_ELITE">
   <UTF_ROOT>
      <VMeshLibrary>
         <data.ships.order.or_elite.or_elite.lod0-112.vms include="or_elite_cmp\lod0-112.vms.xml"/>
         <data.ships.order.or_elite.or_elite.lod1-112.vms include="or_elite_cmp\lod1-112.vms.xml"/>
         <data.ships.order.or_elite.or_elite.lod2-112.vms include="or_elite_cmp\lod2-112.vms.xml"/>
      </VMeshLibrary>
      <Animation>
         <Script>
            <Sc_end_anim name="Sc_end anim">
               <Joint_map_0 name="Joint map 0">
                  <Channel>
                     <Header type="Header">
                        <!-- count    --> 1,
                        <!-- interval --> 0.033333335,
                        <!-- flags    --> 0x1
                     </Header>
                     <Frames type="Frames" count="2">
                          1.9198600000
                          0.0000000000
                     </Frames>
                  </Channel>
                  <Child_name name="Child name" type="text">baydoor02_lod1</Child_name>
                  <Parent_name name="Parent name" type="text">Root</Parent_name>
               </Joint_map_0>
               <Joint_map_1 name="Joint map 1">
                  <Channel>
                     <Header type="Header">
                        <!-- count    --> 1,
                        <!-- interval --> 0.033333335,
                        <!-- flags    --> 0x1
                     </Header>
                     <Frames type="Frames" count="2">
                          2.0071199000
                          0.0000000000
                     </Frames>
                  </Channel>
                  <Child_name name="Child name" type="text">baydoor01_lod1</Child_name>
                  <Parent_name name="Parent name" type="text">Root</Parent_name>
               </Joint_map_1>
            </Sc_end_anim>
            <Sc_open_baydoor name="Sc_open baydoor">
               <Joint_map_0 name="Joint map 0">
                  <Channel>
                     <Header type="Header">
                        <!-- count    --> 2,
                        <!-- interval --> Explicit,
                        <!-- flags    --> 0x1
                     </Header>
                     <Frames type="Frames" count="2">
                          0.0000000000:   0.0000000000
                          0.5000000000:   1.9198600000
                     </Frames>
                  </Channel>
                  <Child_name name="Child name" type="text">baydoor02_lod1</Child_name>
                  <Parent_name name="Parent name" type="text">Root</Parent_name>
               </Joint_map_0>
               <Joint_map_1 name="Joint map 1">
                  <Channel>
                     <Header type="Header">
                        <!-- count    --> 2,
                        <!-- interval --> Explicit,
                        <!-- flags    --> 0x1
                     </Header>
                     <Frames type="Frames" count="2">
                          0.0000000000:   0.0000000000
                          0.5000000000:   2.0071199000
                     </Frames>
                  </Channel>
                  <Child_name name="Child name" type="text">baydoor01_lod1</Child_name>
                  <Parent_name name="Parent name" type="text">Root</Parent_name>
               </Joint_map_1>
            </Sc_open_baydoor>
         </Script>
      </Animation>
      <baydoor01_lod1021102155951.3db>
         <VMeshWire include="or_elite_cmp\baydoor01_lod1.vwd.xml"/>
         <MultiLevel>
            <Level0>
               <VMeshPart>
                  <VMeshRef type="VMeshRef">
                     <!-- header size  --> 60,
                     <!-- vmesh lib    --> data.ships.order.or_elite.or_elite.lod0-112.vms,
                     <!-- start vert   --> 2439,
                     <!-- num verts    --> 21,
                     <!-- start index  --> 2940,
                     <!-- num indices  --> 21,
                     <!-- start mesh   --> 19,
                     <!-- num meshes   --> 1,
                     <!-- bounding box -->  0.66787362,   0.49564394,    1.6743122,
                                           -0.032781161, -0.0036887755, -1.6691226,
                     <!-- center       -->  0.30788249,   0.23912157,    0.0039489255,
                     <!-- radius       --> 1.7267486
                  </VMeshRef>
               </VMeshPart>
            </Level0>
            <Level1>
               <VMeshPart>
                  <VMeshRef type="VMeshRef">
                     <!-- header size  --> 60,
                     <!-- vmesh lib    --> data.ships.order.or_elite.or_elite.lod1-112.vms,
                     <!-- start vert   --> 1303,
                     <!-- num verts    --> 21,
                     <!-- start index  --> 1668,
                     <!-- num indices  --> 21,
                     <!-- start mesh   --> 16,
                     <!-- num meshes   --> 1,
                     <!-- bounding box -->  0.66787362,   0.49564394,    1.6743122,
                                           -0.032781161, -0.0036887755, -1.6691226,
                     <!-- center       -->  0.30788249,   0.23912157,    0.0039489255,
                     <!-- radius       --> 1.7267486
                  </VMeshRef>
               </VMeshPart>
            </Level1>
            <Switch2 type="float array" count="3">
               0,
               100,
               1000000
            </Switch2>
         </MultiLevel>
         <Hardpoints>
            <Fixed>
               <Hpnew01>
                  <Orientation type="Matrix">
                       1.0000000000,   0.0000000000,   0.0000000000,
                       0.0000000000,   1.0000000000,   0.0000000000,
                       0.0000000000,   0.0000000000,   1.0000000000
                  </Orientation>
                  <Position type="Vector">0.6, -2, 0</Position>
               </Hpnew01>
               <Hpnew02>
                  <Orientation type="Matrix">
                       1.0000000000,   0.0000000000,   0.0000000000,
                       0.0000000000,   1.0000000000,   0.0000000000,
                       0.0000000000,   0.0000000000,   1.0000000000
                  </Orientation>
                  <Position type="Vector">0.6, -1, 0</Position>
               </Hpnew02>
               <Hpnew03>
                  <Orientation type="Matrix">
                       1.0000000000,   0.0000000000,   0.0000000000,
                       0.0000000000,   1.0000000000,   0.0000000000,
                       0.0000000000,   0.0000000000,   1.0000000000
                  </Orientation>
                  <Position type="Vector">0.6, -1, 0</Position>
               </Hpnew03>
            </Fixed>
         </Hardpoints>
      </baydoor01_lod1021102155951.3db>
      <baydoor02_lod1021102155951.3db>
         <VMeshWire include="or_elite_cmp\baydoor02_lod1.vwd.xml"/>
         <MultiLevel>
            <Level0>
               <VMeshPart>
                  <VMeshRef type="VMeshRef">
                     <!-- header size  --> 60,
                     <!-- vmesh lib    --> data.ships.order.or_elite.or_elite.lod0-112.vms,
                     <!-- start vert   --> 2415,
                     <!-- num verts    --> 24,
                     <!-- start index  --> 2916,
                     <!-- num indices  --> 24,
                     <!-- start mesh   --> 18,
                     <!-- num meshes   --> 1,
                     <!-- bounding box -->  0.02787113,  0.49564344,    1.6743114,
                                           -0.66811889, -0.0036939243, -1.6691231,
                     <!-- center       --> -0.31112149,  0.23896411,    0.0036984959,
                     <!-- radius       --> 1.7265503
                  </VMeshRef>
               </VMeshPart>
            </Level0>
            <Level1>
               <VMeshPart>
                  <VMeshRef type="VMeshRef">
                     <!-- header size  --> 60,
                     <!-- vmesh lib    --> data.ships.order.or_elite.or_elite.lod1-112.vms,
                     <!-- start vert   --> 1279,
                     <!-- num verts    --> 24,
                     <!-- start index  --> 1644,
                     <!-- num indices  --> 24,
                     <!-- start mesh   --> 15,
                     <!-- num meshes   --> 1,
                     <!-- bounding box -->  0.02787113,  0.49564344,    1.6743114,
                                           -0.66811889, -0.0036939243, -1.6691231,
                     <!-- center       --> -0.31112149,  0.23896411,    0.0036984959,
                     <!-- radius       --> 1.7265503
                  </VMeshRef>
               </VMeshPart>
            </Level1>
            <Switch2 type="float array" count="3">
               0,
               100,
               1000000
            </Switch2>
         </MultiLevel>
      </baydoor02_lod1021102155951.3db>
      <Cmpnd>
         <Cons>
            <Fix type="Fix" count="6">
               <part>
                  <!-- parent      --> "Root",
                  <!-- child       --> "Or_Engine02_lod1",
                  <!-- position    --> 0.001955664, -1.5868733, 7.2217412,
                  <!-- orientation -->   1.0000000000,  959.82153e-24, -4.0895809e-21,
                                       -959.82133e-24,   1.0000000000,  59.604588e-09,
                                        4.0895809e-21, -59.604588e-09,   1.0000000000
               </part>
               <part>
                  <!-- parent      --> "Root",
                  <!-- child       --> "Or_Engine01_lod1",
                  <!-- position    --> -712.84529e-9, 0.36799759, 8.1543159,
                  <!-- orientation -->   1.0000000000,  3.3317373e-21,  7.1054231e-15,
                                       -3.7552538e-21,   1.0000000000,  59.604673e-09,
                                       -7.1054231e-15, -59.604673e-09,   1.0000000000
               </part>
               <part>
                  <!-- parent      --> "Root",
                  <!-- child       --> "Or_glass_lod1",
                  <!-- position    --> 48.819958e-6, -476.83713e-9, -1.339324e-9,
                  <!-- orientation -->   1.0000000000,  3.3317373e-21,  7.1054231e-15,
                                       -3.7552538e-21,   1.0000000000,  59.604673e-09,
                                       -7.1054231e-15, -59.604673e-09,   1.0000000000
               </part>
               <part>
                  <!-- parent      --> "Root",
                  <!-- child       --> "Or_port_wing_lod1",
                  <!-- position    --> -4.8103895, -2.0761189, 3.2577882,
                  <!-- orientation -->   1.0000000000,  423.51647e-24, -3.4146016e-21,
                                       -423.51647e-24,   1.0000000000, -1.2705494e-21,
                                        3.4146016e-21,  1.2705494e-21,   1.0000000000
               </part>
               <part>
                  <!-- parent      --> "Root",
                  <!-- child       --> "Or_star_wing_lod1",
                  <!-- position    --> 4.8169513, -2.0761189, 3.2577887,
                  <!-- orientation -->   1.0000000000,  423.51647e-24, -3.4146016e-21,
                                       -423.51647e-24,   1.0000000000, -1.2705494e-21,
                                        3.4146016e-21,  1.2705494e-21,   1.0000000000
               </part>
               <part>
                  <!-- parent      --> "Root",
                  <!-- child       --> "Or_Engine03_lod1",
                  <!-- position    --> 0.0020132216, 3.6182113, 6.5179138,
                  <!-- orientation -->   1.0000000000, -5.3290718e-15, -3.4146016e-21,
                                        5.3290718e-15,   1.0000000000, -1.2705494e-21,
                                        3.4146016e-21,  1.2705494e-21,   1.0000000000
               </part>
            </Fix>
            <Rev type="Rev" count="2">
               <part>
                  <!-- parent      --> "Root",
                  <!-- child       --> "baydoor02_lod1",
                  <!-- position    --> 0.67692751, 1.7349527, 2.2572474,
                  <!-- offset      --> 0, 0, 0,
                  <!-- orientation -->   1.0000000000,  423.51647e-24, -3.4146016e-21,
                                       -423.51647e-24,   1.0000000000, -1.2705494e-21,
                                        3.4146016e-21,  1.2705494e-21,   1.0000000000,
                  <!-- axis        -->  3.4146020e-21,  1.2705495e-21,  -1.0000000000,
                  <!-- min, max    --> 0, 1.91986
               </part>
               <part>
                  <!-- parent      --> "Root",
                  <!-- child       --> "baydoor01_lod1",
                  <!-- position    --> -0.6583029, 1.7349526, 2.257247,
                  <!-- offset      --> 0, 0, 0,
                  <!-- orientation -->   1.0000000000,  423.51647e-24, -3.4146016e-21,
                                       -423.51647e-24,   1.0000000000, -1.2705494e-21,
                                        3.4146016e-21,  1.2705494e-21,   1.0000000000,
                  <!-- axis        --> -3.4146016e-21, -1.2705494e-21,   1.0000000000,
                  <!-- min, max    --> 0, 2.0071199
               </part>
            </Rev>
         </Cons>
         <Part_baydoor01_lod1>
            <File_name name="File name" type="text">baydoor01_lod1021102155951.3db</File_name>
            <Index type="int">4</Index>
            <Object_name name="Object name" type="text">baydoor01_lod1</Object_name>
         </Part_baydoor01_lod1>
         <Part_baydoor02_lod1>
            <File_name name="File name" type="text">baydoor02_lod1021102155951.3db</File_name>
            <Index type="int">3</Index>
            <Object_name name="Object name" type="text">baydoor02_lod1</Object_name>
         </Part_baydoor02_lod1>
         <Part_Or_Engine01_lod1>
            <File_name name="File name" type="text">Or_Engine01_lod1021102155951.3db</File_name>
            <Index type="int">2</Index>
            <Object_name name="Object name" type="text">Or_Engine01_lod1</Object_name>
         </Part_Or_Engine01_lod1>
         <Part_Or_Engine02_lod1>
            <File_name name="File name" type="text">Or_Engine02_lod1021102155951.3db</File_name>
            <Index type="int">1</Index>
            <Object_name name="Object name" type="text">Or_Engine02_lod1</Object_name>
         </Part_Or_Engine02_lod1>
         <Part_Or_Engine03_lod1>
            <File_name name="File name" type="text">Or_Engine03_lod1021102155951.3db</File_name>
            <Index type="int">8</Index>
            <Object_name name="Object name" type="text">Or_Engine03_lod1</Object_name>
         </Part_Or_Engine03_lod1>
         <Part_Or_glass_lod1>
            <File_name name="File name" type="text">Or_glass_lod1021102155951.3db</File_name>
            <Index type="int">5</Index>
            <Object_name name="Object name" type="text">Or_glass_lod1</Object_name>
         </Part_Or_glass_lod1>
         <Part_Or_port_wing_lod1>
            <File_name name="File name" type="text">Or_port_wing_lod1021102155951.3db</File_name>
            <Index type="int">6</Index>
            <Object_name name="Object name" type="text">Or_port_wing_lod1</Object_name>
         </Part_Or_port_wing_lod1>
         <Part_Or_star_wing_lod1>
            <File_name name="File name" type="text">Or_star_wing_lod1021102155951.3db</File_name>
            <Index type="int">7</Index>
            <Object_name name="Object name" type="text">Or_star_wing_lod1</Object_name>
         </Part_Or_star_wing_lod1>
         <Root>
            <File_name name="File name" type="text">Or_elite_lod1021102155951.3db</File_name>
            <Index type="int">0</Index>
            <Object_name name="Object name" type="text">Root</Object_name>
         </Root>
      </Cmpnd>
      <Exporter_Version name="Exporter Version" type="text">Aug 24 2002 12:33:14</Exporter_Version>
      <Or_elite_lod1021102155951.3db>
         <Hardpoints>
            <Fixed>
               <DpEngine01>
                  <Orientation type="Matrix">
                       1.0000000000, -22.351751e-09,  107.79035e-09,
                      22.351744e-09,   1.0000000000,  59.604673e-09,
                     -107.79035e-09, -59.604673e-09,   1.0000000000
                  </Orientation>
                  <Position type="Vector">726.99558e-6, 0.28400785, 7.7394342</Position>
               </DpEngine01>
               <DpEngine02>
                  <Orientation type="Matrix">
                       1.0000000000, -22.351751e-09,  107.79035e-09,
                      22.351744e-09,   1.0000000000,  59.604673e-09,
                     -107.79035e-09, -59.604673e-09,   1.0000000000
                  </Orientation>
                  <Position type="Vector">726.86881e-6, -1.6259828, 6.1637249</Position>
               </DpEngine02>
               <DpEngine03>
                  <Orientation type="Matrix">
                       1.0000000000,  151.50175e-09, -21.359632e-09,
                     -151.50175e-09,   1.0000000000, -28.421709e-15,
                      21.359632e-09,  31.657731e-15,   1.0000000000
                  </Orientation>
                  <Position type="Vector">727.01479e-6, 1.891524, 7.3065891</Position>
               </DpEngine03>
               <DpPortwing>
                  <Orientation type="Matrix">
                      71.595707e-09,  -0.3987489600,  -0.9170601400,
                     -79.006817e-09,   0.9170601400,  -0.3987489600,
                       1.0000000000,  101.00272e-09,  34.153679e-09
                  </Orientation>
                  <Position type="Vector">-2.5252621, -1.3759357, 3.5655456</Position>
               </DpPortwing>
               <DpStarboardwing>
                  <Orientation type="Matrix">
                     -208.07144e-09,   0.3987493200,   0.9170599600,
                      175.83282e-09,   0.9170599600,  -0.3987493200,
                      -1.0000000000,  78.280898e-09, -260.92721e-09
                  </Orientation>
                  <Position type="Vector">2.530103, -1.3759357, 3.5655456</Position>
               </DpStarboardwing>
               <HpBayDoor01>
                  <Orientation type="Matrix">
                       1.0000000000,  423.51647e-24, -3.4146016e-21,
                     -423.51647e-24,   1.0000000000, -1.2705494e-21,
                      3.4146016e-21,  1.2705494e-21,   1.0000000000
                  </Orientation>
                  <Position type="Vector">0.0061683878, 1.3697591, 2.214246</Position>
               </HpBayDoor01>
               <HpBayDoor02>
                  <Orientation type="Matrix">
                       1.0000000000,  423.51647e-24, -3.4146016e-21,
                     -423.51647e-24,   1.0000000000, -1.2705494e-21,
                      3.4146016e-21,  1.2705494e-21,   1.0000000000
                  </Orientation>
                  <Position type="Vector">0.0061683878, 2.95068, 2.2142463</Position>
               </HpBayDoor02>
               <HpCloak01>
                  <Orientation type="Matrix">
                      -1.0000000000, -87.422777e-09, -10.658139e-15,
                      19.342329e-15, -343.16537e-09,   1.0000000000,
                     -87.422777e-09,   1.0000000000,  343.16537e-09
                  </Orientation>
                  <Position type="Vector">-0.096615449, -20.749244e-9, 0.069622904</Position>
               </HpCloak01>
               <HpCockpit>
                  <Orientation type="Matrix">
                       1.0000000000, -129.80944e-18, -4.0895809e-21,
                      129.80944e-18,   1.0000000000,  59.604616e-09,
                      4.0818439e-21, -59.604616e-09,   1.0000000000
                  </Orientation>
                  <Position type="Vector">48.869661e-6, -1.0706373, -6.5768723</Position>
               </HpCockpit>
               <HpHeadlight>
                  <Orientation type="Matrix">
                       1.0000000000,  1.6993031e-15,  7.1054231e-15,
                     -1.6993035e-15,   1.0000000000,  59.604645e-09,
                     -7.1054231e-15, -59.604645e-09,   1.0000000000
                  </Orientation>
                  <Position type="Vector">49.168622e-6, -1.4399818, -7.8660131</Position>
               </HpHeadlight>
               <HpMount>
                  <Orientation type="Matrix">
                       1.0000000000, -43.711381e-09, -43.711392e-09,
                      43.711378e-09,   1.0000000000, -59.604645e-09,
                      43.711395e-09,  59.604641e-09,   1.0000000000
                  </Orientation>
                  <Position type="Vector">48.744751e-6, -5.4539514, 1.712489</Position>
               </HpMount>
               <HpPilot>
                  <Orientation type="Matrix">
                       1.0000000000,  1.6639097e-15,  7.1054231e-15,
                     -1.6639101e-15,   1.0000000000,  59.604673e-09,
                     -7.1054231e-15, -59.604673e-09,   1.0000000000
                  </Orientation>
                  <Position type="Vector">49.013859e-6, -1.2782201, -5.3286753</Position>
               </HpPilot>
               <HpRunningLight01>
                  <Orientation type="Matrix">
                       1.0000000000, -16.727626e-09,  3.3273362e-09,
                      16.727627e-09,   0.9238795000,  -0.3826834900,
                      3.3273284e-09,   0.3826834900,   0.9238795000
                  </Orientation>
                  <Position type="Vector">0.76769102, 1.7686303, -1.2120197</Position>
               </HpRunningLight01>
               <HpRunningLight02>
                  <Orientation type="Matrix">
                       1.0000000000, -16.727626e-09,  3.3273362e-09,
                      16.727627e-09,   0.9238795000,  -0.3826834900,
                      3.3273284e-09,   0.3826834900,   0.9238795000
                  </Orientation>
                  <Position type="Vector">-0.77236521, 1.7686303, -1.2120197</Position>
               </HpRunningLight02>
               <HpRunningLight06>
                  <Orientation type="Matrix">
                       1.0000000000,  87.422798e-09,  53.027495e-15,
                     -60.145689e-15,  81.422641e-09,   1.0000000000,
                      87.422798e-09,  -1.0000000000,  81.422641e-09
                  </Orientation>
                  <Position type="Vector">-0.0034830293, -2.1254463, -3.3411047</Position>
               </HpRunningLight06>
               <HpShield01>
                  <Orientation type="Matrix">
                       1.0000000000,  473.65320e-18, -4.0895809e-21,
                     -473.65320e-18,   1.0000000000,  59.604645e-09,
                      4.1178129e-21, -59.604645e-09,   1.0000000000
                  </Orientation>
                  <Position type="Vector">48.518421e-6, 1.8964798, -0.34331816</Position>
               </HpShield01>
               <HpThruster02>
                  <Orientation type="Matrix">
                     -1.8399420e-09,   1.0000000000,  272.87754e-09,
                      -1.0000000000, -1.8399009e-09, -150.59287e-09,
                     -150.59287e-09, -272.87754e-09,   1.0000000000
                  </Orientation>
                  <Position type="Vector">2.1309128, 0.60391963, 7.331809</Position>
               </HpThruster02>
               <HpThruster03>
                  <Orientation type="Matrix">
                      4.6743009e-09,  -1.0000000000, -240.64499e-09,
                       1.0000000000,  4.6743165e-09, -64.521785e-09,
                      64.521785e-09, -240.64499e-09,   1.0000000000
                  </Orientation>
                  <Position type="Vector">-2.1000454, 0.60283405, 7.3308434</Position>
               </HpThruster03>
               <HpTractor_Source>
                  <Orientation type="Matrix">
                       1.0000000000,  1.6993031e-15,  7.1054231e-15,
                     -1.6993035e-15,   1.0000000000,  59.604645e-09,
                     -7.1054231e-15, -59.604645e-09,   1.0000000000
                  </Orientation>
                  <Position type="Vector">49.168622e-6, -1.4399818, -7.8660131</Position>
               </HpTractor_Source>
            </Fixed>
            <Revolute>
               <HpTorpedo01>
                  <Axis type="Vector">0, 1, 0</Axis>
                  <Max type="float">0.43631998</Max>
                  <Min type="float">-0.43633997</Min>
                  <Orientation type="Matrix">
                      -1.0000000000, -87.422762e-09, -174.84564e-09,
                      87.422841e-09,  -1.0000000000, -466.61060e-09,
                     -174.84560e-09, -466.61063e-09,   1.0000000000
                  </Orientation>
                  <Position type="Vector">177.76337e-6, -2.3339665, -5.0701876</Position>
               </HpTorpedo01>
               <HpWeapon01>
                  <Axis type="Vector">0, 1, 0</Axis>
                  <Max type="float">0.43631998</Max>
                  <Min type="float">-0.43633997</Min>
                  <Orientation type="Matrix">
                      -0.3826836300,   0.9238794400,  130.62370e-09,
                      -0.9238794400,  -0.3826836300, -371.77230e-09,
                     -293.48524e-09, -262.95174e-09,   1.0000000000
                  </Orientation>
                  <Position type="Vector">1.0531901, -1.5359367, -4.158114</Position>
               </HpWeapon01>
               <HpWeapon02>
                  <Axis type="Vector">0, 1, 0</Axis>
                  <Max type="float">0.43631998</Max>
                  <Min type="float">-0.43633997</Min>
                  <Orientation type="Matrix">
                      -0.3826825900,  -0.9238798600, -214.34391e-09,
                       0.9238798600,  -0.3826825900, -178.36521e-09,
                      82.762341e-09, -266.28530e-09,   1.0000000000
                  </Orientation>
                  <Position type="Vector">-1.0594666, -1.5352776, -4.158114</Position>
               </HpWeapon02>
               <HpWeapon08>
                  <Axis type="Vector">0, 1, 0</Axis>
                  <Max type="float">0.43631998</Max>
                  <Min type="float">-0.43633997</Min>
                  <Orientation type="Matrix">
                       1.0000000000,  1.0793698e-15,  7.1054231e-15,
                     -1.0793703e-15,   1.0000000000,  59.604645e-09,
                     -7.1054231e-15, -59.604645e-09,   1.0000000000
                  </Orientation>
                  <Position type="Vector">538.69264e-6, 0.54460424, -4.1845016</Position>
               </HpWeapon08>
            </Revolute>
         </Hardpoints>
         <VMeshWire include="or_elite_cmp\Or_elite_lod1.vwd.xml"/>
         <MultiLevel>
            <Level0>
               <VMeshPart>
                  <VMeshRef type="VMeshRef">
                     <!-- header size  --> 60,
                     <!-- vmesh lib    --> data.ships.order.or_elite.or_elite.lod0-112.vms,
                     <!-- start vert   --> 846,
                     <!-- num verts    --> 1407,
                     <!-- start index  --> 1059,
                     <!-- num indices  --> 1683,
                     <!-- start mesh   --> 10,
                     <!-- num meshes   --> 5,
                     <!-- bounding box -->  2.8201869,     1.8936381,   8.893651,
                                           -2.8157184,    -2.3282042,  -7.5094643,
                     <!-- center       -->  0.0023610559, -0.19909768,  0.75793946,
                     <!-- radius       --> 8.3674574
                  </VMeshRef>
               </VMeshPart>
            </Level0>
            <Level1>
               <VMeshPart>
                  <VMeshRef type="VMeshRef">
                     <!-- header size  --> 60,
                     <!-- vmesh lib    --> data.ships.order.or_elite.or_elite.lod1-112.vms,
                     <!-- start vert   --> 523,
                     <!-- num verts    --> 690,
                     <!-- start index  --> 567,
                     <!-- num indices  --> 1011,
                     <!-- start mesh   --> 8,
                     <!-- num meshes   --> 5,
                     <!-- bounding box -->  2.8201869,     1.8936381,   8.893651,
                                           -2.8157184,    -2.3282042,  -7.5094643,
                     <!-- center       -->  0.0023610559, -0.19909768,  0.75793946,
                     <!-- radius       --> 8.3674574
                  </VMeshRef>
               </VMeshPart>
            </Level1>
            <Level2>
               <VMeshPart>
                  <VMeshRef type="VMeshRef">
                     <!-- header size  --> 60,
                     <!-- vmesh lib    --> data.ships.order.or_elite.or_elite.lod2-112.vms,
                     <!-- start vert   --> 319,
                     <!-- num verts    --> 232,
                     <!-- start index  --> 333,
                     <!-- num indices  --> 297,
                     <!-- start mesh   --> 7,
                     <!-- num meshes   --> 2,
                     <!-- bounding box -->  2.8201869,     1.8936381,   8.893651,
                                           -2.8157184,    -2.3282042,  -7.5094643,
                     <!-- center       -->  0.0023610559, -0.19909768,  0.75793946,
                     <!-- radius       --> 8.3674574
                  </VMeshRef>
               </VMeshPart>
            </Level2>
            <Switch2 type="float array" count="4">
               0,
               100,
               1000,
               1000000
            </Switch2>
         </MultiLevel>
      </Or_elite_lod1021102155951.3db>
      <Or_Engine01_lod1021102155951.3db>
         <Hardpoints>
            <Fixed>
               <HpEngine01>
                  <Orientation type="Matrix">
                       1.0000000000,  1.3027010e-15,  7.1054231e-15,
                     -1.3027010e-15,   1.0000000000, -1.7470055e-21,
                     -7.1054231e-15,  1.7470055e-21,   1.0000000000
                  </Orientation>
                  <Position type="Vector">-412.80987e-6, 0.069045275, 1.2549945</Position>
               </HpEngine01>
               <HpEngineGlow>
                  <Orientation type="Matrix">
                       1.0000000000,  1.3027010e-15,  7.1054231e-15,
                     -1.3027010e-15,   1.0000000000, -1.7470055e-21,
                     -7.1054231e-15,  1.7470055e-21,   1.0000000000
                  </Orientation>
                  <Position type="Vector">-412.8101e-6, 0.88121295, 6.286</Position>
               </HpEngineGlow>
            </Fixed>
         </Hardpoints>
         <VMeshWire include="or_elite_cmp\Or_Engine01_lod1.vwd.xml"/>
         <MultiLevel>
            <Level0>
               <VMeshPart>
                  <VMeshRef type="VMeshRef">
                     <!-- header size  --> 60,
                     <!-- vmesh lib    --> data.ships.order.or_elite.or_elite.lod0-112.vms,
                     <!-- start vert   --> 324,
                     <!-- num verts    --> 120,
                     <!-- start index  --> 372,
                     <!-- num indices  --> 120,
                     <!-- start mesh   --> 4,
                     <!-- num meshes   --> 2,
                     <!-- bounding box -->  1.1781176,    1.3633006,  1.5617504,
                                           -1.1589743,   -1.1623939,  0.34643066,
                     <!-- center       --> -0.041768435,  0.22659025, 0.9357059,
                     <!-- radius       --> 1.4991047
                  </VMeshRef>
               </VMeshPart>
            </Level0>
            <Level1>
               <VMeshPart>
                  <VMeshRef type="VMeshRef">
                     <!-- header size  --> 60,
                     <!-- vmesh lib    --> data.ships.order.or_elite.or_elite.lod1-112.vms,
                     <!-- start vert   --> 186,
                     <!-- num verts    --> 84,
                     <!-- start index  --> 186,
                     <!-- num indices  --> 84,
                     <!-- start mesh   --> 3,
                     <!-- num meshes   --> 2,
                     <!-- bounding box -->  1.1781176,    1.3633006,  1.5617504,
                                           -1.1589743,   -1.1623939,  0.34643066,
                     <!-- center       --> -0.041768435,  0.22659025, 0.9357059,
                     <!-- radius       --> 1.4991047
                  </VMeshRef>
               </VMeshPart>
            </Level1>
            <Level2>
               <VMeshPart>
                  <VMeshRef type="VMeshRef">
                     <!-- header size  --> 60,
                     <!-- vmesh lib    --> data.ships.order.or_elite.or_elite.lod2-112.vms,
                     <!-- start vert   --> 120,
                     <!-- num verts    --> 48,
                     <!-- start index  --> 120,
                     <!-- num indices  --> 48,
                     <!-- start mesh   --> 2,
                     <!-- num meshes   --> 2,
                     <!-- bounding box -->  1.1781176,    1.3633006,  1.5617504,
                                           -1.1589743,   -1.1623939,  0.34643066,
                     <!-- center       --> -0.041768435,  0.22659025, 0.9357059,
                     <!-- radius       --> 1.4991047
                  </VMeshRef>
               </VMeshPart>
            </Level2>
            <Switch2 type="float array" count="4">
               0,
               100,
               1000,
               1000000
            </Switch2>
         </MultiLevel>
      </Or_Engine01_lod1021102155951.3db>
      <Or_Engine02_lod1021102155951.3db>
         <Hardpoints>
            <Fixed>
               <HpEngine02>
                  <Orientation type="Matrix">
                       1.0000000000,  473.65574e-18, -7.1054316e-15,
                     -473.65574e-18,   1.0000000000,  56.843415e-15,
                      7.1054316e-15, -56.843415e-15,   1.0000000000
                  </Orientation>
                  <Position type="Vector">-462.39735e-6, -0.039226972, 1.6779894</Position>
               </HpEngine02>
               <HpThruster01>
                  <Orientation type="Matrix">
                      -1.0000000000,  87.422848e-09, -87.422784e-09,
                     -87.422791e-09,  -1.0000000000, -627.83295e-09,
                     -87.422841e-09, -627.83295e-09,   1.0000000000
                  </Orientation>
                  <Position type="Vector">0.0031086921, -0.94768173, 0.22678714</Position>
               </HpThruster01>
            </Fixed>
         </Hardpoints>
         <VMeshWire include="or_elite_cmp\Or_Engine02_lod1.vwd.xml"/>
         <MultiLevel>
            <Level0>
               <VMeshPart>
                  <VMeshRef type="VMeshRef">
                     <!-- header size  --> 60,
                     <!-- vmesh lib    --> data.ships.order.or_elite.or_elite.lod0-112.vms,
                     <!-- start vert   --> 608,
                     <!-- num verts    --> 238,
                     <!-- start index  --> 807,
                     <!-- num indices  --> 252,
                     <!-- start mesh   --> 7,
                     <!-- num meshes   --> 3,
                     <!-- bounding box -->  0.77788872,   0.78040808,   1.8835173,
                                           -0.7777735,   -0.95062459,  -2.0906551,
                     <!-- center       -->  0.019921055, -0.048106808, -0.12870671,
                     <!-- radius       --> 2.1453276
                  </VMeshRef>
               </VMeshPart>
            </Level0>
            <Level1>
               <VMeshPart>
                  <VMeshRef type="VMeshRef">
                     <!-- header size  --> 60,
                     <!-- vmesh lib    --> data.ships.order.or_elite.or_elite.lod1-112.vms,
                     <!-- start vert   --> 397,
                     <!-- num verts    --> 126,
                     <!-- start index  --> 441,
                     <!-- num indices  --> 126,
                     <!-- start mesh   --> 6,
                     <!-- num meshes   --> 2,
                     <!-- bounding box -->  0.77788872,   0.78040808,   1.8835173,
                                           -0.7777735,   -0.95062459,  -2.0906551,
                     <!-- center       -->  0.019921055, -0.048106808, -0.12870671,
                     <!-- radius       --> 2.1453276
                  </VMeshRef>
               </VMeshPart>
            </Level1>
            <Level2>
               <VMeshPart>
                  <VMeshRef type="VMeshRef">
                     <!-- header size  --> 60,
                     <!-- vmesh lib    --> data.ships.order.or_elite.or_elite.lod2-112.vms,
                     <!-- start vert   --> 229,
                     <!-- num verts    --> 90,
                     <!-- start index  --> 243,
                     <!-- num indices  --> 90,
                     <!-- start mesh   --> 5,
                     <!-- num meshes   --> 2,
                     <!-- bounding box -->  0.77788872,   0.78040808,   1.8835173,
                                           -0.7777735,   -0.95062459,  -2.0906551,
                     <!-- center       -->  0.019921055, -0.048106808, -0.12870671,
                     <!-- radius       --> 2.1453276
                  </VMeshRef>
               </VMeshPart>
            </Level2>
            <Switch2 type="float array" count="4">
               0,
               100,
               1000,
               1000000
            </Switch2>
         </MultiLevel>
      </Or_Engine02_lod1021102155951.3db>
      <Or_Engine03_lod1021102155951.3db>
         <Hardpoints>
            <Fixed>
               <HpCM01>
                  <Orientation type="Matrix">
                     -680.25883e-18,  -1.0000000000, -42.632568e-15,
                       1.0000000000, -680.26190e-18,  71.949131e-09,
                     -71.949131e-09, -42.632568e-15,   1.0000000000
                  </Orientation>
                  <Position type="Vector">-0.44539919, 0.31670704, 0.20781153</Position>
               </HpCM01>
               <HpContrail01>
                  <Orientation type="Matrix">
                       1.0000000000, -150.99580e-09, -238.41856e-09,
                      150.99573e-09,   1.0000000000, -310.02648e-09,
                      238.41861e-09,  310.02645e-09,   1.0000000000
                  </Orientation>
                  <Position type="Vector">-0.0054967962, 1.7057016, 2.3047278</Position>
               </HpContrail01>
               <HpEngine03>
                  <Orientation type="Matrix">
                       1.0000000000,  9.0136647e-15, -2.2631662e-21,
                     -9.0136647e-15,   1.0000000000,  71.949160e-09,
                      2.9116917e-21, -71.949160e-09,   1.0000000000
                  </Orientation>
                  <Position type="Vector">-519.95309e-6, -1.1234021, 2.3818181</Position>
               </HpEngine03>
               <HpMine01>
                  <Orientation type="Matrix">
                      902.31360e-18,   1.0000000000,  56.843415e-15,
                      -1.0000000000,  902.30947e-18,  71.949131e-09,
                      71.949131e-09, -56.843415e-15,   1.0000000000
                  </Orientation>
                  <Position type="Vector">0.43297413, 0.31670704, 0.20781113</Position>
               </HpMine01>
               <HpRunningLight04>
                  <Orientation type="Matrix">
                       1.0000000000, -26.648227e-15,  87.422805e-09,
                     -34.815788e-15,  -1.0000000000,  93.425982e-09,
