<?xml version="1.0" encoding="ISO-8859-1"?>
<!-- XML generated by UTFXML Version 2.2 built 19-Aug-2010 -->
<UTFXML filename="cv_starblazer.cmp" path="SHIPS\CIVILIAN\CV_STARBLAZER">
   <UTF_ROOT>
      <VMeshLibrary>
         <data.ships.civilian.cv_starblazer.cv_starblazer.lod0-112.vms include="cv_starblazer_cmp\lod0-112.vms.xml"/>
         <data.ships.civilian.cv_starblazer.cv_starblazer.lod1-112.vms include="cv_starblazer_cmp\lod1-112.vms.xml"/>
         <data.ships.civilian.cv_starblazer.cv_starblazer.lod2-112.vms include="cv_starblazer_cmp\lod2-112.vms.xml"/>
         <data.ships.civilian.cv_starblazer.cv_starblazer.lod3-112.vms include="cv_starblazer_cmp\lod3-112.vms.xml"/>
         <data.ships.civilian.cv_starblazer.cv_starblazer.lod4-112.vms include="cv_starblazer_cmp\lod4-112.vms.xml"/>
      </VMeshLibrary>
      <Exporter_Version name="Exporter Version" type="text">Aug 24 2002 12:33:14</Exporter_Version>
      <Cmpnd>
         <Root>
            <Object_name name="Object name" type="text">Root</Object_name>
            <File_name name="File name" type="text">cv_starblazer_lod1020911024317.3db</File_name>
            <Index type="int">0</Index>
         </Root>
         <Part_port_wing_lod1 name="Part_port wing_lod1">
            <Object_name name="Object name" type="text">port wing_lod1</Object_name>
            <File_name name="File name" type="text">port wing_lod1020911024317.3db</File_name>
            <Index type="int">1</Index>
         </Part_port_wing_lod1>
         <Part_engine02_lod1>
            <Object_name name="Object name" type="text">engine02_lod1</Object_name>
            <File_name name="File name" type="text">engine02_lod1020911024317.3db</File_name>
            <Index type="int">2</Index>
         </Part_engine02_lod1>
         <Part_lwr_wing_lod1 name="Part_lwr wing_lod1">
            <Object_name name="Object name" type="text">lwr wing_lod1</Object_name>
            <File_name name="File name" type="text">lwr wing_lod1020911024317.3db</File_name>
            <Index type="int">3</Index>
         </Part_lwr_wing_lod1>
         <Part_star_wing_lod1 name="Part_star wing_lod1">
            <Object_name name="Object name" type="text">star wing_lod1</Object_name>
            <File_name name="File name" type="text">star wing_lod1020911024317.3db</File_name>
            <Index type="int">4</Index>
         </Part_star_wing_lod1>
         <Part_engine_lod1>
            <Object_name name="Object name" type="text">engine_lod1</Object_name>
            <File_name name="File name" type="text">engine_lod1020911024317.3db</File_name>
            <Index type="int">5</Index>
         </Part_engine_lod1>
         <Part_mid_wing_lod1 name="Part_mid wing_lod1">
            <Object_name name="Object name" type="text">mid wing_lod1</Object_name>
            <File_name name="File name" type="text">mid wing_lod1020911024317.3db</File_name>
            <Index type="int">6</Index>
         </Part_mid_wing_lod1>
         <Part_baydoor01_lod1>
            <Object_name name="Object name" type="text">baydoor01_lod1</Object_name>
            <File_name name="File name" type="text">baydoor01_lod1020911024317.3db</File_name>
            <Index type="int">7</Index>
         </Part_baydoor01_lod1>
         <Part_baydoor02_lod1>
            <Object_name name="Object name" type="text">baydoor02_lod1</Object_name>
            <File_name name="File name" type="text">baydoor02_lod1020911024317.3db</File_name>
            <Index type="int">8</Index>
         </Part_baydoor02_lod1>
         <Part_glass_lod1>
            <Object_name name="Object name" type="text">glass_lod1</Object_name>
            <File_name name="File name" type="text">glass_lod1020911024317.3db</File_name>
            <Index type="int">9</Index>
         </Part_glass_lod1>
         <Cons>
            <Fix type="Fix" count="7">
               <part>
                  <!-- parent      --> "Root",
                  <!-- child       --> "port wing_lod1",
                  <!-- position    --> -3.2212951, 2.4315968, 6.088048,
                  <!-- orientation -->   1.0000000000, -947.31191e-18,  947.31170e-18,
                                        947.31191e-18,   1.0000000000,  1.9106857e-15,
                                       -947.31170e-18, -1.9106857e-15,   1.0000000000
               </part>
               <part>
                  <!-- parent      --> "Root",
                  <!-- child       --> "engine02_lod1",
                  <!-- position    --> 701.12026e-9, -3.6994257, -2.5859959,
                  <!-- orientation -->   1.0000000000, -947.31191e-18,  947.31170e-18,
                                        947.31191e-18,   1.0000000000,  1.9106857e-15,
                                       -947.31170e-18, -1.9106857e-15,   1.0000000000
               </part>
               <part>
                  <!-- parent      --> "Root",
                  <!-- child       --> "lwr wing_lod1",
                  <!-- position    --> 7.8753046e-6, -5.0553217, -0.86194158,
                  <!-- orientation -->   1.0000000000, -947.31191e-18,  947.31170e-18,
                                        947.31191e-18,   1.0000000000,  1.9106857e-15,
                                       -947.31170e-18, -1.9106857e-15,   1.0000000000
               </part>
               <part>
                  <!-- parent      --> "Root",
                  <!-- child       --> "star wing_lod1",
                  <!-- position    --> 3.2212763, 2.431597, 6.0880485,
                  <!-- orientation -->   1.0000000000, -947.31191e-18,  947.31170e-18,
                                        947.31191e-18,   1.0000000000,  1.9106857e-15,
                                       -947.31170e-18, -1.9106857e-15,   1.0000000000
               </part>
               <part>
                  <!-- parent      --> "Root",
                  <!-- child       --> "engine_lod1",
                  <!-- position    --> -535.0733e-9, 1.0256314, 9.1918802,
                  <!-- orientation -->   1.0000000000, -947.31191e-18,  947.31170e-18,
                                        947.31191e-18,   1.0000000000,  1.9106857e-15,
                                       -947.31170e-18, -1.9106857e-15,   1.0000000000
               </part>
               <part>
                  <!-- parent      --> "Root",
                  <!-- child       --> "mid wing_lod1",
                  <!-- position    --> -1.8838912, -1.9706935, 3.6615481,
                  <!-- orientation -->   1.0000000000,  1.6580905e-15, -1.6580909e-15,
                                       -1.6580904e-15,   1.0000000000,  59.604659e-09,
                                        1.6580910e-15, -59.604659e-09,   1.0000000000
               </part>
               <part>
                  <!-- parent      --> "Root",
                  <!-- child       --> "glass_lod1",
                  <!-- position    --> -1.896503e-6, -0.3901667, -1.7669952,
                  <!-- orientation -->   1.0000000000,  710.77859e-18, -7.8162066e-15,
                                       -710.77764e-18,   1.0000000000,  119.20930e-09,
                                        7.8162066e-15, -119.20930e-09,   1.0000000000
               </part>
            </Fix>
            <Rev type="Rev" count="2">
               <part>
                  <!-- parent      --> "Root",
                  <!-- child       --> "baydoor01_lod1",
                  <!-- position    --> -0.7336629, 1.9880295, 3.578124,
                  <!-- offset      --> 0, 0, 0,
                  <!-- orientation -->   1.0000000000,  43.711402e-09, -43.711406e-09,
                                        43.711402e-09,  59.604641e-09,   1.0000000000,
                                        43.711406e-09,  -1.0000000000,  59.604638e-09,
                  <!-- axis        --> -160.08056e-09, -247.77819e-09,   1.0000000000,
                  <!-- min, max    --> 0, 2.2689357
               </part>
               <part>
                  <!-- parent      --> "Root",
                  <!-- child       --> "baydoor02_lod1",
                  <!-- position    --> 0.73364925, 1.9880296, 3.5781238,
                  <!-- offset      --> 0, 0, 0,
                  <!-- orientation -->   1.0000000000,  43.711406e-09, -43.711402e-09,
                                        43.711399e-09,  59.604641e-09,   1.0000000000,
                                        43.711410e-09,  -1.0000000000,  59.604638e-09,
                  <!-- axis        --> -64.158229e-09,  133.94566e-09,  -1.0000000000,
                  <!-- min, max    --> 0, 2.2863801
               </part>
            </Rev>
         </Cons>
      </Cmpnd>
      <Animation>
         <Script>
            <Sc_open_baydoor name="Sc_open baydoor">
               <Joint_map_0 name="Joint map 0">
                  <Parent_name name="Parent name" type="text">Root</Parent_name>
                  <Child_name name="Child name" type="text">baydoor01_lod1</Child_name>
                  <Channel>
                     <Header type="Header">
                        <!-- count    --> 2,
                        <!-- interval --> Explicit,
                        <!-- flags    --> 0x1
                     </Header>
                     <Frames type="Frames" count="2">
                          0.0000000000:   0.0000000000
                          2.1333334000:   2.2689357000
                     </Frames>
                  </Channel>
               </Joint_map_0>
               <Joint_map_1 name="Joint map 1">
                  <Parent_name name="Parent name" type="text">Root</Parent_name>
                  <Child_name name="Child name" type="text">baydoor02_lod1</Child_name>
                  <Channel>
                     <Header type="Header">
                        <!-- count    --> 2,
                        <!-- interval --> Explicit,
                        <!-- flags    --> 0x1
                     </Header>
                     <Frames type="Frames" count="2">
                          0.0000000000:   0.0000000000
                          2.1333334000:   2.2863801000
                     </Frames>
                  </Channel>
               </Joint_map_1>
            </Sc_open_baydoor>
         </Script>
      </Animation>
      <cv_starblazer_lod1020911024317.3db>
         <VMeshWire include="cv_starblazer_cmp\cv_starblazer_lod1.vwd.xml"/>
         <MultiLevel>
            <Switch2 type="float array" count="6">
               0,
               100,
               1000,
               10000,
               100000,
               1000000
            </Switch2>
            <Level0>
               <VMeshPart>
                  <VMeshRef type="VMeshRef">
                     <!-- header size  --> 60,
                     <!-- vmesh lib    --> data.ships.civilian.cv_starblazer.cv_starblazer.lod0-112.vms,
                     <!-- start vert   --> 1517,
                     <!-- num verts    --> 2103,
                     <!-- start index  --> 1872,
                     <!-- num indices  --> 2412,
                     <!-- start mesh   --> 18,
                     <!-- num meshes   --> 9,
                     <!-- bounding box -->  2.2424166,    2.0233493,   7.0738516,
                                           -2.2421896,   -3.9149289,  -4.233058,
                     <!-- center       --> -0.067830406, -0.90306157,  1.5466534,
                     <!-- radius       --> 6.2951522
                  </VMeshRef>
               </VMeshPart>
            </Level0>
            <Level1>
               <VMeshPart>
                  <VMeshRef type="VMeshRef">
                     <!-- header size  --> 60,
                     <!-- vmesh lib    --> data.ships.civilian.cv_starblazer.cv_starblazer.lod1-112.vms,
                     <!-- start vert   --> 738,
                     <!-- num verts    --> 1028,
                     <!-- start index  --> 870,
                     <!-- num indices  --> 1176,
                     <!-- start mesh   --> 13,
                     <!-- num meshes   --> 9,
                     <!-- bounding box -->  2.2424166,    2.0233493,   7.0738516,
                                           -2.2421896,   -3.9149289,  -4.233058,
                     <!-- center       --> -0.067830406, -0.90306157,  1.5466534,
                     <!-- radius       --> 6.2951522
                  </VMeshRef>
               </VMeshPart>
            </Level1>
            <Level2>
               <VMeshPart>
                  <VMeshRef type="VMeshRef">
                     <!-- header size  --> 60,
                     <!-- vmesh lib    --> data.ships.civilian.cv_starblazer.cv_starblazer.lod2-112.vms,
                     <!-- start vert   --> 524,
                     <!-- num verts    --> 379,
                     <!-- start index  --> 585,
                     <!-- num indices  --> 489,
                     <!-- start mesh   --> 9,
                     <!-- num meshes   --> 3,
                     <!-- bounding box -->  2.2424166,    2.0233493,   7.0738516,
                                           -2.2421896,   -3.9149289,  -4.233058,
                     <!-- center       --> -0.067830406, -0.90306157,  1.5466534,
                     <!-- radius       --> 6.2951522
                  </VMeshRef>
               </VMeshPart>
            </Level2>
            <Level3>
               <VMeshPart>
                  <VMeshRef type="VMeshRef">
                     <!-- header size  --> 60,
                     <!-- vmesh lib    --> data.ships.civilian.cv_starblazer.cv_starblazer.lod3-112.vms,
                     <!-- start vert   --> 303,
                     <!-- num verts    --> 110,
                     <!-- start index  --> 327,
                     <!-- num indices  --> 132,
                     <!-- start mesh   --> 8,
                     <!-- num meshes   --> 1,
                     <!-- bounding box -->  2.2424166,    2.0233493,   7.0738516,
                                           -2.2421896,   -3.9149289,  -4.233058,
                     <!-- center       --> -0.067830406, -0.90306157,  1.5466534,
                     <!-- radius       --> 6.2951522
                  </VMeshRef>
               </VMeshPart>
            </Level3>
            <Level4>
               <VMeshPart>
                  <VMeshRef type="VMeshRef">
                     <!-- header size  --> 60,
                     <!-- vmesh lib    --> data.ships.civilian.cv_starblazer.cv_starblazer.lod4-112.vms,
                     <!-- start vert   --> 0,
                     <!-- num verts    --> 24,
                     <!-- start index  --> 0,
                     <!-- num indices  --> 30,
                     <!-- start mesh   --> 0,
                     <!-- num meshes   --> 1,
                     <!-- bounding box -->  2.2424166,    2.0233493,   7.0738516,
                                           -2.2421896,   -3.9149289,  -4.233058,
                     <!-- center       --> -0.067830406, -0.90306157,  1.5466534,
                     <!-- radius       --> 6.2951522
                  </VMeshRef>
               </VMeshPart>
            </Level4>
         </MultiLevel>
         <Hardpoints>
            <Fixed>
               <HpBayDoor01>
                  <Position type="Vector">-3.9975907e-6, 1.6863232, 3.7203259</Position>
                  <Orientation type="Matrix">
                      61.239795e-09, -48.517009e-09,   1.0000000000,
                      81.866773e-09,   1.0000000000,  48.517006e-09,
                      -1.0000000000,  81.866773e-09,  61.239803e-09
                  </Orientation>
               </HpBayDoor01>
               <HpBayDoor02>
                  <Position type="Vector">-4.0731238e-6, 3.4143138, 3.7203259</Position>
                  <Orientation type="Matrix">
                      61.239795e-09, -48.517009e-09,   1.0000000000,
                      81.866773e-09,   1.0000000000,  48.517006e-09,
                      -1.0000000000,  81.866773e-09,  61.239803e-09
                  </Orientation>
               </HpBayDoor02>
               <HpMount>
                  <Position type="Vector">-3.6425001e-6, -6.4372096, 1.5885222</Position>
                  <Orientation type="Matrix">
                       1.0000000000, -8.9047303e-09,  3.0520468e-09,
                      8.9047303e-09,   1.0000000000, -43.561418e-09,
                     -3.0520464e-09,  43.561418e-09,   1.0000000000
                  </Orientation>
               </HpMount>
               <HpHeadLight>
                  <Position type="Vector">-3.7733967e-6, -3.4426427, -4.4299207</Position>
                  <Orientation type="Matrix">
                       1.0000000000, -73.513725e-09, -13.909072e-09,
                      73.513725e-09,   1.0000000000,  8.4081285e-15,
                      13.909072e-09, -9.4306361e-15,   1.0000000000
                  </Orientation>
               </HpHeadLight>
               <HpRunningLight05>
                  <Position type="Vector">-3.9316687e-6, 1.7399464, 0.21526375</Position>
                  <Orientation type="Matrix">
                       1.0000000000, -73.513725e-09, -13.909072e-09,
                      73.513725e-09,   1.0000000000,  8.4081285e-15,
                      13.909072e-09, -9.4306361e-15,   1.0000000000
                  </Orientation>
               </HpRunningLight05>
               <HpPilot>
                  <Position type="Vector">-3.4979089e-6, -1.4341098, -0.62050802</Position>
                  <Orientation type="Matrix">
                       1.0000000000, -43.711388e-09, -43.711402e-09,
                      43.711392e-09,   1.0000000000,  119.20929e-09,
                      43.711399e-09, -119.20929e-09,   1.0000000000
                  </Orientation>
               </HpPilot>
               <HpCockpit>
                  <Position type="Vector">-4.0725927e-6, 497.61496e-6, 281.73428e-6</Position>
                  <Orientation type="Matrix">
                       1.0000000000, -73.513725e-09, -13.909072e-09,
                      73.513725e-09,   1.0000000000,  8.4081285e-15,
                      13.909072e-09, -9.4306361e-15,   1.0000000000
                  </Orientation>
               </HpCockpit>
               <DpEngine01>
                  <Position type="Vector">-0.0040568216, 1.0277954, 6.7335978</Position>
                  <Orientation type="Matrix">
                       1.0000000000, -66.063137e-09,  64.078932e-09,
                      66.063130e-09,   1.0000000000,  119.20932e-09,
                     -64.078939e-09, -119.20932e-09,   1.0000000000
                  </Orientation>
               </DpEngine01>
               <DpStarboard_wing>
                  <Position type="Vector">1.3042903, 1.5441912, 4.3968334</Position>
                  <Orientation type="Matrix">
                     -41.294655e-09,  -0.6018150400,   0.7986354800,
                     -142.82682e-09,   0.7986354800,   0.6018150400,
                      -1.0000000000, -89.214822e-09, -118.93471e-09
                  </Orientation>
               </DpStarboard_wing>
               <DpPort_wing>
                  <Position type="Vector">-1.3045963, 1.5441909, 4.3968334</Position>
                  <Orientation type="Matrix">
                      86.073442e-09,   0.6018149900,  -0.7986355400,
                     -327.46888e-09,   0.7986355400,   0.6018149900,
                       1.0000000000,  209.72800e-09,  265.81699e-09
                  </Orientation>
               </DpPort_wing>
               <DpMid_wing>
                  <Position type="Vector">1.7721864, -0.81739914, 2.0022044</Position>
                  <Orientation type="Matrix">
                       1.0000000000, -66.063151e-09,  64.078947e-09,
                      66.063144e-09,   1.0000000000,  119.20932e-09,
                     -64.078954e-09, -119.20932e-09,   1.0000000000
                  </Orientation>
               </DpMid_wing>
               <DpEngine02>
                  <Position type="Vector">-0.0040559163, -3.6833637, -1.260307</Position>
                  <Orientation type="Matrix">
                       1.0000000000, -66.063137e-09,  64.078932e-09,
                      66.063130e-09,   1.0000000000,  119.20932e-09,
                     -64.078939e-09, -119.20932e-09,   1.0000000000
                  </Orientation>
               </DpEngine02>
               <DpLwr_wing>
                  <Position type="Vector">-0.0040557883, -4.4209895, -2.3574073</Position>
                  <Orientation type="Matrix">
                       1.0000000000, -66.063137e-09,  64.078932e-09,
                      66.063130e-09,   1.0000000000,  119.20932e-09,
                     -64.078939e-09, -119.20932e-09,   1.0000000000
                  </Orientation>
               </DpLwr_wing>
               <HpTractor_Source>
                  <Position type="Vector">-3.7733967e-6, -3.4426427, -4.4299207</Position>
                  <Orientation type="Matrix">
                       1.0000000000, -73.513725e-09, -13.909072e-09,
                      73.513725e-09,   1.0000000000,  8.4081285e-15,
                      13.909072e-09, -9.4306361e-15,   1.0000000000
                  </Orientation>
               </HpTractor_Source>
               <HpCockpitEx>
                  <Position type="Vector">-9.0905023e-6, 10.044257, 52.376598</Position>
                  <Orientation type="Matrix">
                       1.0000000000, -73.513725e-09, -13.909072e-09,
                      73.513725e-09,   1.0000000000,  8.4081285e-15,
                      13.909072e-09, -9.4306361e-15,   1.0000000000
                  </Orientation>
               </HpCockpitEx>
               <HpCloak01>
                  <Position type="Vector">0.0060368846, 0.048948228, 1.6049534</Position>
                  <Orientation type="Matrix">
                       1.0000000000,  43.711399e-09, -43.711402e-09,
                      43.711399e-09,  119.20929e-09,   1.0000000000,
                      43.711402e-09,  -1.0000000000,  119.20929e-09
                  </Orientation>
               </HpCloak01>
            </Fixed>
            <Revolute>
               <HpWeapon01>
                  <Position type="Vector">-2.0144036, -1.2350504, -0.19429731</Position>
                  <Orientation type="Matrix">
                     -56.069062e-09,  -1.0000000000, -163.67547e-09,
                       1.0000000000, -56.069059e-09, -14.578140e-09,
                      14.578131e-09, -163.67547e-09,   1.0000000000
                  </Orientation>
                  <Axis type="Vector">0, 1, 0</Axis>
                  <Min type="float">-0.7854</Min>
                  <Max type="float">0.78538001</Max>
               </HpWeapon01>
               <HpWeapon02>
                  <Position type="Vector">2.0136414, -1.2350503, -0.19429713</Position>
                  <Orientation type="Matrix">
                     -1.4031326e-09,   1.0000000000, -67.388498e-09,
                      -1.0000000000, -1.4031457e-09, -194.48477e-09,
                     -194.48477e-09,  67.388498e-09,   1.0000000000
                  </Orientation>
                  <Axis type="Vector">0, 1, 0</Axis>
                  <Min type="float">-0.7854</Min>
                  <Max type="float">0.78538001</Max>
               </HpWeapon02>
               <HpWeapon03>
                  <Position type="Vector">-3.9043853e-6, 1.9810183, 0.95587665</Position>
                  <Orientation type="Matrix">
                       1.0000000000, -13.909063e-09, -25.833945e-09,
                      13.909063e-09,   1.0000000000,  7.8868754e-15,
                      25.833945e-09, -8.2462012e-15,   1.0000000000
                  </Orientation>
                  <Axis type="Vector">0, 1, 0</Axis>
                  <Min type="float">-0.7854</Min>
                  <Max type="float">0.78538001</Max>
               </HpWeapon03>
            </Revolute>
         </Hardpoints>
      </cv_starblazer_lod1020911024317.3db>
      <port_wing_lod1020911024317.3db name="port wing_lod1020911024317.3db">
         <VMeshWire include="cv_starblazer_cmp\port wing_lod1.vwd.xml"/>
         <MultiLevel>
            <Switch2 type="float array" count="5">
               0,
               100,
               1000,
               10000,
               1000000
            </Switch2>
            <Level0>
               <VMeshPart>
                  <VMeshRef type="VMeshRef">
                     <!-- header size  --> 60,
                     <!-- vmesh lib    --> data.ships.civilian.cv_starblazer.cv_starblazer.lod0-112.vms,
                     <!-- start vert   --> 777,
                     <!-- num verts    --> 76,
                     <!-- start index  --> 942,
                     <!-- num indices  --> 126,
                     <!-- start mesh   --> 7,
                     <!-- num meshes   --> 3,
                     <!-- bounding box -->  2.0742967,     1.0822324,    2.946831,
                                           -2.074297,     -1.082233,    -2.9468315,
                     <!-- center       --> -0.0059897592,  0.018756095,  0.01627248,
                     <!-- radius       --> 3.6881628
                  </VMeshRef>
               </VMeshPart>
            </Level0>
            <Level1>
               <VMeshPart>
                  <VMeshRef type="VMeshRef">
                     <!-- header size  --> 60,
                     <!-- vmesh lib    --> data.ships.civilian.cv_starblazer.cv_starblazer.lod1-112.vms,
                     <!-- start vert   --> 392,
                     <!-- num verts    --> 20,
                     <!-- start index  --> 462,
                     <!-- num indices  --> 30,
                     <!-- start mesh   --> 5,
                     <!-- num meshes   --> 2,
                     <!-- bounding box -->  2.0742967,     1.0822324,    2.946831,
                                           -2.074297,     -1.082233,    -2.9468315,
                     <!-- center       --> -0.0059897592,  0.018756095,  0.01627248,
                     <!-- radius       --> 3.6881628
                  </VMeshRef>
               </VMeshPart>
            </Level1>
            <Level2>
               <VMeshPart>
                  <VMeshRef type="VMeshRef">
                     <!-- header size  --> 60,
                     <!-- vmesh lib    --> data.ships.civilian.cv_starblazer.cv_starblazer.lod2-112.vms,
                     <!-- start vert   --> 280,
                     <!-- num verts    --> 22,
                     <!-- start index  --> 306,
                     <!-- num indices  --> 24,
                     <!-- start mesh   --> 2,
                     <!-- num meshes   --> 1,
                     <!-- bounding box -->  2.0742967,     1.0822324,    2.946831,
                                           -2.074297,     -1.082233,    -2.9468315,
                     <!-- center       --> -0.0059897592,  0.018756095,  0.01627248,
                     <!-- radius       --> 3.6881628
                  </VMeshRef>
               </VMeshPart>
            </Level2>
            <Level3>
               <VMeshPart>
                  <VMeshRef type="VMeshRef">
                     <!-- header size  --> 60,
                     <!-- vmesh lib    --> data.ships.civilian.cv_starblazer.cv_starblazer.lod3-112.vms,
                     <!-- start vert   --> 160,
                     <!-- num verts    --> 8,
                     <!-- start index  --> 168,
                     <!-- num indices  --> 12,
                     <!-- start mesh   --> 2,
                     <!-- num meshes   --> 1,
                     <!-- bounding box -->  2.0742967,     1.0822324,    2.946831,
                                           -2.074297,     -1.082233,    -2.9468315,
                     <!-- center       --> -0.0059897592,  0.018756095,  0.01627248,
                     <!-- radius       --> 3.6881628
                  </VMeshRef>
               </VMeshPart>
            </Level3>
         </MultiLevel>
         <Hardpoints>
            <Fixed>
               <HpRunningLight02>
                  <Position type="Vector">-1.9957094, 0.99691832, 1.8115201</Position>
                  <Orientation type="Matrix">
                       1.0000000000, -73.513725e-09, -13.909072e-09,
                      73.513725e-09,   1.0000000000,  8.4081285e-15,
                      13.909072e-09, -9.4306361e-15,   1.0000000000
                  </Orientation>
               </HpRunningLight02>
               <HpContrail02>
                  <Position type="Vector">-1.9957094, 0.99691826, 2.9476833</Position>
                  <Orientation type="Matrix">
                       1.0000000000, -73.513725e-09, -13.909072e-09,
                      73.513725e-09,   1.0000000000,  8.4081285e-15,
                      13.909072e-09, -9.4306361e-15,   1.0000000000
                  </Orientation>
               </HpContrail02>
               <HpDocklight02>
                  <Position type="Vector">-1.9957094, 0.99691826, 2.9476833</Position>
                  <Orientation type="Matrix">
                       1.0000000000, -73.513725e-09, -13.909072e-09,
                      73.513725e-09,   1.0000000000,  8.4081285e-15,
                      13.909072e-09, -9.4306361e-15,   1.0000000000
                  </Orientation>
               </HpDocklight02>
            </Fixed>
         </Hardpoints>
      </port_wing_lod1020911024317.3db>
      <engine02_lod1020911024317.3db>
         <VMeshWire include="cv_starblazer_cmp\engine02_lod1.vwd.xml"/>
         <MultiLevel>
            <Switch2 type="float array" count="5">
               0,
               100,
               1000,
               10000,
               1000000
            </Switch2>
            <Level0>
               <VMeshPart>
                  <VMeshRef type="VMeshRef">
                     <!-- header size  --> 60,
                     <!-- vmesh lib    --> data.ships.civilian.cv_starblazer.cv_starblazer.lod0-112.vms,
                     <!-- start vert   --> 853,
                     <!-- num verts    --> 246,
                     <!-- start index  --> 1068,
                     <!-- num indices  --> 330,
                     <!-- start mesh   --> 10,
                     <!-- num meshes   --> 2,
                     <!-- bounding box -->  0.56991434,  0.54202139,    2.4647422,
                                           -0.5699147,  -0.54202157,   -0.42823708,
                     <!-- center       --> -0.00757785, -0.0058762357,  1.0479904,
                     <!-- radius       --> 1.4863483
                  </VMeshRef>
               </VMeshPart>
            </Level0>
            <Level1>
               <VMeshPart>
                  <VMeshRef type="VMeshRef">
                     <!-- header size  --> 60,
                     <!-- vmesh lib    --> data.ships.civilian.cv_starblazer.cv_starblazer.lod1-112.vms,
                     <!-- start vert   --> 412,
                     <!-- num verts    --> 100,
                     <!-- start index  --> 492,
                     <!-- num indices  --> 120,
                     <!-- start mesh   --> 7,
                     <!-- num meshes   --> 1,
                     <!-- bounding box -->  0.56991434,  0.54202139,    2.4647422,
                                           -0.5699147,  -0.54202157,   -0.42823708,
                     <!-- center       --> -0.00757785, -0.0058762357,  1.0479904,
                     <!-- radius       --> 1.4863483
                  </VMeshRef>
               </VMeshPart>
            </Level1>
            <Level2>
               <VMeshPart>
                  <VMeshRef type="VMeshRef">
                     <!-- header size  --> 60,
                     <!-- vmesh lib    --> data.ships.civilian.cv_starblazer.cv_starblazer.lod2-112.vms,
                     <!-- start vert   --> 302,
                     <!-- num verts    --> 57,
                     <!-- start index  --> 330,
                     <!-- num indices  --> 66,
                     <!-- start mesh   --> 3,
                     <!-- num meshes   --> 1,
                     <!-- bounding box -->  0.56991434,  0.54202139,    2.4647422,
                                           -0.5699147,  -0.54202157,   -0.42823708,
                     <!-- center       --> -0.00757785, -0.0058762357,  1.0479904,
                     <!-- radius       --> 1.4863483
                  </VMeshRef>
               </VMeshPart>
            </Level2>
            <Level3>
               <VMeshPart>
                  <VMeshRef type="VMeshRef">
                     <!-- header size  --> 60,
                     <!-- vmesh lib    --> data.ships.civilian.cv_starblazer.cv_starblazer.lod3-112.vms,
                     <!-- start vert   --> 168,
                     <!-- num verts    --> 42,
                     <!-- start index  --> 180,
                     <!-- num indices  --> 42,
                     <!-- start mesh   --> 3,
                     <!-- num meshes   --> 1,
                     <!-- bounding box -->  0.56991434,  0.54202139,    2.4647422,
                                           -0.5699147,  -0.54202157,   -0.42823708,
                     <!-- center       --> -0.00757785, -0.0058762357,  1.0479904,
                     <!-- radius       --> 1.4863483
                  </VMeshRef>
               </VMeshPart>
            </Level3>
         </MultiLevel>
         <Hardpoints>
            <Fixed>
               <HpEngine02>
                  <Position type="Vector">-4.4630929e-6, -0.0045601209, 2.3114271</Position>
                  <Orientation type="Matrix">
                       1.0000000000, -73.513725e-09, -13.909072e-09,
                      73.513725e-09,   1.0000000000,  8.4081285e-15,
                      13.909072e-09, -9.4306361e-15,   1.0000000000
                  </Orientation>
               </HpEngine02>
            </Fixed>
         </Hardpoints>
      </engine02_lod1020911024317.3db>
      <lwr_wing_lod1020911024317.3db name="lwr wing_lod1020911024317.3db">
         <VMeshWire include="cv_starblazer_cmp\lwr wing_lod1.vwd.xml"/>
         <MultiLevel>
            <Switch2 type="float array" count="5">
               0,
               100,
               1000,
               10000,
               1000000
            </Switch2>
            <Level0>
               <VMeshPart>
                  <VMeshRef type="VMeshRef">
                     <!-- header size  --> 60,
                     <!-- vmesh lib    --> data.ships.civilian.cv_starblazer.cv_starblazer.lod0-112.vms,
                     <!-- start vert   --> 1099,
                     <!-- num verts    --> 248,
                     <!-- start index  --> 1398,
                     <!-- num indices  --> 264,
                     <!-- start mesh   --> 12,
                     <!-- num meshes   --> 4,
                     <!-- bounding box -->  3.6552281,   1.6876841,    2.1326725,
                                           -3.6552365,  -1.2756584,   -2.5343556,
                     <!-- center       -->  0.10413198, -0.004441692,  0.15430862,
                     <!-- radius       --> 4.381094
                  </VMeshRef>
               </VMeshPart>
            </Level0>
            <Level1>
               <VMeshPart>
                  <VMeshRef type="VMeshRef">
                     <!-- header size  --> 60,
                     <!-- vmesh lib    --> data.ships.civilian.cv_starblazer.cv_starblazer.lod1-112.vms,
                     <!-- start vert   --> 512,
                     <!-- num verts    --> 156,
                     <!-- start index  --> 612,
                     <!-- num indices  --> 168,
                     <!-- start mesh   --> 8,
                     <!-- num meshes   --> 4,
                     <!-- bounding box -->  3.6552281,   1.6876841,    2.1326725,
                                           -3.6552365,  -1.2756584,   -2.5343556,
                     <!-- center       -->  0.10413198, -0.004441692,  0.15430862,
                     <!-- radius       --> 4.381094
                  </VMeshRef>
               </VMeshPart>
            </Level1>
            <Level2>
               <VMeshPart>
                  <VMeshRef type="VMeshRef">
                     <!-- header size  --> 60,
                     <!-- vmesh lib    --> data.ships.civilian.cv_starblazer.cv_starblazer.lod2-112.vms,
                     <!-- start vert   --> 359,
                     <!-- num verts    --> 134,
                     <!-- start index  --> 396,
                     <!-- num indices  --> 144,
                     <!-- start mesh   --> 4,
                     <!-- num meshes   --> 4,
                     <!-- bounding box -->  3.6552281,   1.6876841,    2.1326725,
                                           -3.6552365,  -1.2756584,   -2.5343556,
                     <!-- center       -->  0.10413198, -0.004441692,  0.15430862,
                     <!-- radius       --> 4.381094
                  </VMeshRef>
               </VMeshPart>
            </Level2>
            <Level3>
               <VMeshPart>
                  <VMeshRef type="VMeshRef">
                     <!-- header size  --> 60,
                     <!-- vmesh lib    --> data.ships.civilian.cv_starblazer.cv_starblazer.lod3-112.vms,
                     <!-- start vert   --> 210,
                     <!-- num verts    --> 78,
                     <!-- start index  --> 222,
                     <!-- num indices  --> 84,
                     <!-- start mesh   --> 4,
                     <!-- num meshes   --> 3,
                     <!-- bounding box -->  3.6552281,   1.6876841,    2.1326725,
                                           -3.6552365,  -1.2756584,   -2.5343556,
                     <!-- center       -->  0.10413198, -0.004441692,  0.15430862,
                     <!-- radius       --> 4.381094
                  </VMeshRef>
               </VMeshPart>
            </Level3>
         </MultiLevel>
         <Hardpoints>
            <Fixed>
               <HpRunningLight03>
                  <Position type="Vector">-3.6270113, -1.245607, 1.5845571</Position>
                  <Orientation type="Matrix">
                       1.0000000000, -73.513725e-09, -13.909078e-09,
                      73.513725e-09,   1.0000000000,  59.604673e-09,
                      13.909074e-09, -59.604673e-09,   1.0000000000
                  </Orientation>
               </HpRunningLight03>
               <HpRunningLight04>
                  <Position type="Vector">3.6269886, -1.2456067, 1.584558</Position>
                  <Orientation type="Matrix">
                       1.0000000000, -73.513725e-09, -13.909078e-09,
                      73.513725e-09,   1.0000000000,  59.604673e-09,
                      13.909074e-09, -59.604673e-09,   1.0000000000
                  </Orientation>
               </HpRunningLight04>
               <HpContrail03>
                  <Position type="Vector">3.5955026, -1.1861986, 2.1279569</Position>
                  <Orientation type="Matrix">
                       1.0000000000, -73.513725e-09, -13.909078e-09,
                      73.513725e-09,   1.0000000000,  59.604673e-09,
                      13.909074e-09, -59.604673e-09,   1.0000000000
                  </Orientation>
               </HpContrail03>
               <HpContrail04>
                  <Position type="Vector">-3.6065757, -1.1861984, 2.1279562</Position>
                  <Orientation type="Matrix">
                       1.0000000000, -73.513725e-09, -13.909078e-09,
                      73.513725e-09,   1.0000000000,  59.604673e-09,
                      13.909074e-09, -59.604673e-09,   1.0000000000
                  </Orientation>
               </HpContrail04>
            </Fixed>
            <Revolute>
               <HpWeapon04>
                  <Position type="Vector">-11.481937e-6, 0.22455287, -1.6079178</Position>
