<?xml version="1.0" encoding="ISO-8859-1"?>
<!-- XML generated by UTFXML Version 2.2 built 19-Aug-2010 -->
<UTFXML filename="Meridian_Dock.cmp" path="SOLAR\new\Starfall_Tactics">
   <UTF_ROOT>
      <VMeshLibrary>
         <Meridian_Dock.lod0.vms include="Meridian_Dock_cmp\lod0.vms.xml"/>
      </VMeshLibrary>
      <Cmpnd>
         <Root>
            <File_name name="File name" type="text">Meridian_Dock.3db</File_name>
            <Index type="int">0</Index>
            <Object_name name="Object name" type="text">Root</Object_name>
         </Root>
      </Cmpnd>
      <Meridian_Dock.3db>
         <Hardpoints>
            <Fixed>
               <HpDockMountA>
                  <Orientation type="Matrix">
                       0.7071068300,   0.0000000000,   0.7071067700,
                      -0.0000000000,   1.0000000000,   0.0000000000,
                      -0.7071067700,  -0.0000000000,   0.7071068300
                  </Orientation>
                  <Position type="Vector">4900, 180, -4800</Position>
               </HpDockMountA>
               <HpDockPointA01>
                  <Orientation type="Matrix">
                       0.7071068300,   0.0000000000,   0.7071067700,
                      -0.0000000000,   1.0000000000,   0.0000000000,
                      -0.7071067700,  -0.0000000000,   0.7071068300
                  </Orientation>
                  <Position type="Vector">5200, 180, -5100</Position>
               </HpDockPointA01>
               <HpDockPointA02>
                  <Orientation type="Matrix">
                       0.7071068300,   0.0000000000,   0.7071067700,
                      -0.0000000000,   1.0000000000,   0.0000000000,
                      -0.7071067700,  -0.0000000000,   0.7071068300
                  </Orientation>
                  <Position type="Vector">5600, 180, -5500</Position>
               </HpDockPointA02>
               <HpDockCamA>
                  <Orientation type="Matrix">
                       1.0000000000,   0.0000000000,   0.0000000000,
                       0.0000000000,   1.0000000000,   0.0000000000,
                       0.0000000000,   0.0000000000,   1.0000000000
                  </Orientation>
                  <Position type="Vector">7133.0718, 2103.2375, -7007.6558</Position>
               </HpDockCamA>
               <HpLaunchCamA>
                  <Orientation type="Matrix">
                       1.0000000000,   0.0000000000,   0.0000000000,
                       0.0000000000,   1.0000000000,   0.0000000000,
                       0.0000000000,   0.0000000000,   1.0000000000
                  </Orientation>
                  <Position type="Vector">8294.666, -1944.5175, -6798.8638</Position>
               </HpLaunchCamA>
            </Fixed>
            <Revolute type="hex" size="0">
               
            </Revolute>
         </Hardpoints>
         <MultiLevel>
            <Level0>
               <VMeshPart>
                  <VMeshRef type="VMeshRef">
                     <!-- header size  --> 60,
                     <!-- vmesh lib    --> Meridian_Dock.lod0.vms,
                     <!-- start vert   --> 0,
                     <!-- num verts    --> 740,
                     <!-- start index  --> 0,
                     <!-- num indices  --> 2364,
                     <!-- start mesh   --> 0,
                     <!-- num meshes   --> 1,
                     <!-- bounding box --> 5344.0605, 2236.3865,      0,
                                              0,      -846.02893, -5242.416,
                     <!-- center       --> 2672.0303,  695.17877, -2621.208,
                     <!-- radius       --> 9766.2793
                  </VMeshRef>
               </VMeshPart>
            </Level0>
         </MultiLevel>
      </Meridian_Dock.3db>
   </UTF_ROOT>
</UTFXML>
