<?xml version="1.0" encoding="ISO-8859-1"?>
<!-- XML generated by UTFXML Version 2.2 built 19-Aug-2010 -->
<UTFXML filename="Piramid_mothership.cmp" path="SOLAR\new\Starfall_Tactics">
   <UTF_ROOT>
      <VMeshLibrary>
         <m_piramid_mothership.lod0.vms include="Piramid_mothership_cmp\lod0.vms.xml"/>
      </VMeshLibrary>
      <Cmpnd>
         <Root>
            <File_name name="File name" type="text">m_piramid_mothership.3db</File_name>
            <Index type="int">0</Index>
            <Object_name name="Object name" type="text">Root</Object_name>
         </Root>
      </Cmpnd>
      <m_piramid_mothership.3db>
         <Hardpoints>
            <Fixed>
               <HpDockMountA>
                  <Orientation type="Matrix">
                      -1.0000000000,   0.0000000000,  87.422777e-09,
                       0.0000000000,   1.0000000000,  -0.0000000000,
                     -87.422777e-09,   0.0000000000,  -1.0000000000
                  </Orientation>
                  <Position type="Vector">-1.5, -235, -600</Position>
               </HpDockMountA>
               <HpDockPointA01>
                  <Orientation type="Matrix">
                      -1.0000000000,   0.0000000000,  87.422777e-09,
                       0.0000000000,   1.0000000000,  -0.0000000000,
                     -87.422777e-09,   0.0000000000,  -1.0000000000
                  </Orientation>
                  <Position type="Vector">-1.5, -235, -1000</Position>
               </HpDockPointA01>
               <HpDockPointA02>
                  <Orientation type="Matrix">
                      -1.0000000000,   0.0000000000,  87.422777e-09,
                       0.0000000000,   1.0000000000,  -0.0000000000,
                     -87.422777e-09,   0.0000000000,  -1.0000000000
                  </Orientation>
                  <Position type="Vector">-1.5, -235, -1500</Position>
               </HpDockPointA02>
               <HpLaunchCamA>
                  <Orientation type="Matrix">
                       1.0000000000,   0.0000000000,   0.0000000000,
                       0.0000000000,   1.0000000000,   0.0000000000,
                       0.0000000000,   0.0000000000,   1.0000000000
                  </Orientation>
                  <Position type="Vector">458.70145, -144.25717, -1566.1006</Position>
               </HpLaunchCamA>
               <HpDockCamA>
                  <Orientation type="Matrix">
                       1.0000000000,   0.0000000000,   0.0000000000,
                       0.0000000000,   1.0000000000,   0.0000000000,
                       0.0000000000,   0.0000000000,   1.0000000000
                  </Orientation>
                  <Position type="Vector">-424.41937, -129.65453, -1569.9927</Position>
               </HpDockCamA>
               <HpDockMountB>
                  <Orientation type="Matrix">
                      59.604645e-09,   0.0000000000,  -0.9999998800,
                       0.0000000000,   1.0000000000,   0.0000000000,
                       0.9999998800,   0.0000000000,  59.604645e-09
                  </Orientation>
                  <Position type="Vector">2, -325, 1390</Position>
               </HpDockMountB>
               <HpDockPointB01>
                  <Orientation type="Matrix">
                      59.604645e-09,   0.0000000000,  -0.9999998800,
                       0.0000000000,   1.0000000000,   0.0000000000,
                       0.9999998800,   0.0000000000,  59.604645e-09
                  </Orientation>
                  <Position type="Vector">-200, -325, 1390</Position>
               </HpDockPointB01>
               <HpDockPointB02>
                  <Orientation type="Matrix">
                      59.604645e-09,   0.0000000000,  -0.9999998800,
                       0.0000000000,   1.0000000000,   0.0000000000,
                       0.9999998800,   0.0000000000,  59.604645e-09
                  </Orientation>
                  <Position type="Vector">-400, -325, 1390</Position>
               </HpDockPointB02>
               <HpLaunchCamB>
                  <Orientation type="Matrix">
                       1.0000000000,   0.0000000000,   0.0000000000,
                       0.0000000000,   1.0000000000,   0.0000000000,
                       0.0000000000,   0.0000000000,   1.0000000000
                  </Orientation>
                  <Position type="Vector">4.97438, -145.97638, 1695.1604</Position>
               </HpLaunchCamB>
               <HpDockCamB>
                  <Orientation type="Matrix">
                       1.0000000000,   0.0000000000,   0.0000000000,
                       0.0000000000,   1.0000000000,   0.0000000000,
                       0.0000000000,   0.0000000000,   1.0000000000
                  </Orientation>
                  <Position type="Vector">-1.196629, -138.94719, 1795.4221</Position>
               </HpDockCamB>
            </Fixed>
            <Revolute>
               <HpTurret01>
                  <Axis type="Vector">0, 1, 0</Axis>
                  <Max type="float">1.5707964</Max>
                  <Min type="float">-1.5707964</Min>
                  <Orientation type="Matrix">
                      -1.0000000000,  888.17842e-18,  87.422777e-09,
                      15.180806e-09,   0.9848077300,   0.1736481800,
                     -86.094630e-09,   0.1736481800,  -0.9848078500
                  </Orientation>
                  <Position type="Vector">-140.47208, -277.99725, 1151.9246</Position>
               </HpTurret01>
               <HpTurret02>
                  <Axis type="Vector">0, 1, 0</Axis>
                  <Max type="float">1.5707964</Max>
                  <Min type="float">-1.5707964</Min>
                  <Orientation type="Matrix">
                      -1.0000000000,  888.17842e-18,  87.422777e-09,
                      15.180806e-09,   0.9848077300,   0.1736481800,
                     -86.094630e-09,   0.1736481800,  -0.9848078500
                  </Orientation>
                  <Position type="Vector">144.65181, -278.13373, 1152.0858</Position>
               </HpTurret02>
               <HpTurret03>
                  <Axis type="Vector">0, 1, 0</Axis>
                  <Max type="float">1.5707964</Max>
                  <Min type="float">-1.5707964</Min>
                  <Orientation type="Matrix">
                       0.5056386600,   0.1386435000,  -0.8515324600,
                       0.0051579848,   0.9864997900,   0.1636812100,
                       0.8627299100,  -0.0871557300,   0.4980973300
                  </Orientation>
                  <Position type="Vector">924.80286, -278.04147, -701.32178</Position>
               </HpTurret03>
               <HpTurret04>
                  <Axis type="Vector">0, 1, 0</Axis>
                  <Max type="float">1.5707964</Max>
                  <Min type="float">-1.5707964</Min>
                  <Orientation type="Matrix">
                       0.5056386600,   0.1386435000,  -0.8515324600,
                       0.0051579848,   0.9864997900,   0.1636812100,
                       0.8627299100,  -0.0871557300,   0.4980973300
                  </Orientation>
                  <Position type="Vector">1067.677, -277.979, -454.37106</Position>
               </HpTurret04>
               <HpTurret05>
                  <Axis type="Vector">0, 1, 0</Axis>
                  <Max type="float">1.5707964</Max>
                  <Min type="float">-1.5707964</Min>
                  <Orientation type="Matrix">
                       0.5056386600,  -0.1386435000,   0.8515324600,
                      -0.0051579848,   0.9864997900,   0.1636812100,
                      -0.8627299100,  -0.0871557300,   0.4980973300
                  </Orientation>
                  <Position type="Vector">-927.99805, -278.08109, -697.45502</Position>
               </HpTurret05>
               <HpTurret06>
                  <Axis type="Vector">0, 1, 0</Axis>
                  <Max type="float">0.78539819</Max>
                  <Min type="float">-0.78539819</Min>
                  <Orientation type="Matrix">
                       0.5056386600,  -0.1386435000,   0.8515324600,
                      -0.0051579848,   0.9864997900,   0.1636812100,
                      -0.8627299100,  -0.0871557300,   0.4980973300
                  </Orientation>
                  <Position type="Vector">-1070.0845, -278.14081, -450.8111</Position>
               </HpTurret06>
            </Revolute>
         </Hardpoints>
         <MultiLevel>
            <Level0>
               <VMeshPart>
                  <VMeshRef type="VMeshRef">
                     <!-- header size  --> 60,
                     <!-- vmesh lib    --> m_piramid_mothership.lod0.vms,
                     <!-- start vert   --> 0,
                     <!-- num verts    --> 22678,
                     <!-- start index  --> 0,
                     <!-- num indices  --> 58002,
                     <!-- start mesh   --> 0,
                     <!-- num meshes   --> 1,
                     <!-- bounding box -->  1289.5653,      1895.1514,   1211.021,
                                           -1289.0524,     -1131.9951,  -1218.0725,
                     <!-- center       -->     0.25646973,   381.57813,    -3.5257568,
                     <!-- radius       --> 3244.7742
                  </VMeshRef>
               </VMeshPart>
            </Level0>
         </MultiLevel>
      </m_piramid_mothership.3db>
   </UTF_ROOT>
</UTFXML>
