<?xml version="1.0" encoding="ISO-8859-1"?>
<!-- XML generated by UTFXML Version 2.2 built 19-Aug-2010 -->
<UTFXML filename="Pirate_mothership.cmp" path="SOLAR\new\Starfall_Tactics">
   <UTF_ROOT>
      <VMeshLibrary>
         <m_pirates_mothership.lod0.vms include="Pirate_mothership_cmp\lod0.vms.xml"/>
      </VMeshLibrary>
      <Cmpnd>
         <Root>
            <File_name name="File name" type="text">m_pirates_mothership.3db</File_name>
            <Index type="int">0</Index>
            <Object_name name="Object name" type="text">Root</Object_name>
         </Root>
      </Cmpnd>
      <m_pirates_mothership.3db>
         <Hardpoints>
            <Fixed>
               <HpDockMountA>
                  <Orientation type="Matrix">
                      -0.7071067100,   0.0000000000,  -0.7071067700,
                       0.0000000000,   1.0000000000,   0.0000000000,
                       0.7071067700,   0.0000000000,  -0.7071067100
                  </Orientation>
                  <Position type="Vector">-216.13321, -378.57602, -436.55783</Position>
               </HpDockMountA>
               <HpDockPointA01>
                  <Orientation type="Matrix">
                      -0.7071067100,   0.0000000000,  -0.7071067700,
                       0.0000000000,   1.0000000000,   0.0000000000,
                       0.7071067700,   0.0000000000,  -0.7071067100
                  </Orientation>
                  <Position type="Vector">-316.13321, -378.57602, -536.55786</Position>
               </HpDockPointA01>
               <HpDockPointA02>
                  <Orientation type="Matrix">
                      -0.7071067100,   0.0000000000,  -0.7071067700,
                       0.0000000000,   1.0000000000,   0.0000000000,
                       0.7071067700,   0.0000000000,  -0.7071067100
                  </Orientation>
                  <Position type="Vector">-416.13321, -378.57602, -636.55786</Position>
               </HpDockPointA02>
               <HpLaunchCamA>
                  <Orientation type="Matrix">
                       1.0000000000,   0.0000000000,   0.0000000000,
                       0.0000000000,   1.0000000000,   0.0000000000,
                       0.0000000000,   0.0000000000,   1.0000000000
                  </Orientation>
                  <Position type="Vector">11.035157, -231.49365, -795.69055</Position>
               </HpLaunchCamA>
               <HpDockMountB>
                  <Orientation type="Matrix">
                       0.7071068300,   0.0000000000,   0.7071067700,
                      -0.0000000000,   1.0000000000,   0.0000000000,
                      -0.7071067700,  -0.0000000000,   0.7071068300
                  </Orientation>
                  <Position type="Vector">233.20514, -360.37143, 401.71249</Position>
               </HpDockMountB>
               <HpDockPointB01>
                  <Orientation type="Matrix">
                       0.7071068300,   0.0000000000,   0.7071067700,
                      -0.0000000000,   1.0000000000,   0.0000000000,
                      -0.7071067700,  -0.0000000000,   0.7071068300
                  </Orientation>
                  <Position type="Vector">333.20514, -360.37143, 501.71249</Position>
               </HpDockPointB01>
               <HpDockPointB02>
                  <Orientation type="Matrix">
                       0.7071068300,   0.0000000000,   0.7071067700,
                      -0.0000000000,   1.0000000000,   0.0000000000,
                      -0.7071067700,  -0.0000000000,   0.7071068300
                  </Orientation>
                  <Position type="Vector">433.20514, -360.37143, 601.71252</Position>
               </HpDockPointB02>
               <HpLaunchCamB>
                  <Orientation type="Matrix">
                       1.0000000000,   0.0000000000,   0.0000000000,
                       0.0000000000,   1.0000000000,   0.0000000000,
                       0.0000000000,   0.0000000000,   1.0000000000
                  </Orientation>
                  <Position type="Vector">646.39142, -554.3476, 441.95828</Position>
               </HpLaunchCamB>
               <HpDockCamA>
                  <Orientation type="Matrix">
                       1.0000000000,   0.0000000000,   0.0000000000,
                       0.0000000000,   1.0000000000,   0.0000000000,
                       0.0000000000,   0.0000000000,   1.0000000000
                  </Orientation>
                  <Position type="Vector">-753.35339, -121.78235, -459.25073</Position>
               </HpDockCamA>
               <HpDockCamB>
                  <Orientation type="Matrix">
                       1.0000000000,   0.0000000000,   0.0000000000,
                       0.0000000000,   1.0000000000,   0.0000000000,
                       0.0000000000,   0.0000000000,   1.0000000000
                  </Orientation>
                  <Position type="Vector">211.80623, -357.66504, 772.71857</Position>
               </HpDockCamB>
               <HpRunningLight01>
                  <Orientation type="Matrix">
                       1.0000000000,   0.0000000000,   0.0000000000,
                       0.0000000000,   1.0000000000,   0.0000000000,
                       0.0000000000,   0.0000000000,   1.0000000000
                  </Orientation>
                  <Position type="Vector">-242.11848, 985.98682, 9.87885</Position>
               </HpRunningLight01>
               <HpRunningLight02>
                  <Orientation type="Matrix">
                       1.0000000000,   0.0000000000,   0.0000000000,
                       0.0000000000,   1.0000000000,   0.0000000000,
                       0.0000000000,   0.0000000000,   1.0000000000
                  </Orientation>
                  <Position type="Vector">234.0927, 982.81805, -304.76257</Position>
               </HpRunningLight02>
               <HpRunningLight03>
                  <Orientation type="Matrix">
                       1.0000000000,   0.0000000000,   0.0000000000,
                       0.0000000000,   1.0000000000,   0.0000000000,
                       0.0000000000,   0.0000000000,   1.0000000000
                  </Orientation>
                  <Position type="Vector">48.247955, -988.65894, -23.816118</Position>
               </HpRunningLight03>
               <HpDockMountC>
                  <Orientation type="Matrix">
                       1.0000000000,   0.0000000000,   0.0000000000,
                       0.0000000000,   1.0000000000,   0.0000000000,
                       0.0000000000,   0.0000000000,   1.0000000000
                  </Orientation>
                  <Position type="Vector">569.66937, 97.421341, -17.556885</Position>
               </HpDockMountC>
               <HpDockPointC01>
                  <Orientation type="Matrix">
                       1.0000000000,   0.0000000000,   0.0000000000,
                       0.0000000000,   1.0000000000,   0.0000000000,
                       0.0000000000,   0.0000000000,   1.0000000000
                  </Orientation>
                  <Position type="Vector">569.66937, 97.421341, 157.55688</Position>
               </HpDockPointC01>
               <HpDockPointC02>
                  <Orientation type="Matrix">
                       1.0000000000,   0.0000000000,   0.0000000000,
                       0.0000000000,   1.0000000000,   0.0000000000,
                       0.0000000000,   0.0000000000,   1.0000000000
                  </Orientation>
                  <Position type="Vector">569.66937, 97.421341, 357.55688</Position>
               </HpDockPointC02>
            </Fixed>
            <Revolute>
               <HpTurret01>
                  <Axis type="Vector">0, 1, 0</Axis>
                  <Max type="float">1.5707964</Max>
                  <Min type="float">-1.5707964</Min>
                  <Orientation type="Matrix">
                      -0.7071067100,   0.0000000000,   0.7071067700,
                      -0.0000000000,   1.0000000000,   0.0000000000,
                      -0.7071067700,  -0.0000000000,  -0.7071067100
                  </Orientation>
                  <Position type="Vector">-284.88394, 700.92432, 280.46521</Position>
               </HpTurret01>
               <HpTurret02>
                  <Axis type="Vector">0, 1, 0</Axis>
                  <Max type="float">1.5707964</Max>
                  <Min type="float">-1.5707964</Min>
                  <Orientation type="Matrix">
                       0.8191520600,   0.0000000000,   0.5735763900,
                      -0.0000000000,   1.0000000000,   0.0000000000,
                      -0.5735763900,  -0.0000000000,   0.8191520600
                  </Orientation>
                  <Position type="Vector">-253.24953, 698.76257, -330.91904</Position>
               </HpTurret02>
               <HpTurret03>
                  <Axis type="Vector">0, 1, 0</Axis>
                  <Max type="float">1.5707964</Max>
                  <Min type="float">-1.5707964</Min>
                  <Orientation type="Matrix">
                      -0.8191520000,   0.0000000000,  -0.5735764500,
                       0.0000000000,   1.0000000000,   0.0000000000,
                       0.5735764500,   0.0000000000,  -0.8191520000
                  </Orientation>
                  <Position type="Vector">270.49881, 679.33618, 264.46652</Position>
               </HpTurret03>
               <HpTurret04>
                  <Axis type="Vector">0, 1, 0</Axis>
                  <Max type="float">1.5707964</Max>
                  <Min type="float">-1.5707964</Min>
                  <Orientation type="Matrix">
                      238.41858e-09,  -0.9999997600, -59.604645e-09,
                     -59.604645e-09,  178.81393e-09,   0.9999997600,
                      -0.9999997600,   0.0000000000,  178.81393e-09
                  </Orientation>
                  <Position type="Vector">-101.94019, -533.57745, -39.450802</Position>
               </HpTurret04>
               <HpTurret05>
                  <Axis type="Vector">0, 1, 0</Axis>
                  <Max type="float">1.5707964</Max>
                  <Min type="float">-1.5707964</Min>
                  <Orientation type="Matrix">
                      238.41858e-09,   0.9999997600,  59.604645e-09,
                      59.604645e-09,  178.81393e-09,   0.9999997600,
                       0.9999997600,   0.0000000000,  178.81393e-09
                  </Orientation>
                  <Position type="Vector">109.75982, -558.4375, 13.488118</Position>
               </HpTurret05>
               <HpTurret06>
                  <Axis type="Vector">0, 1, 0</Axis>
                  <Max type="float">1.5707964</Max>
                  <Min type="float">-1.5707964</Min>
                  <Orientation type="Matrix">
                      119.20929e-09,   0.7071066500,   0.7071067100,
                      -0.9999998200,  119.20929e-09, -89.406967e-09,
                     -29.802322e-09,  -0.7071067100,   0.7071068300
                  </Orientation>
                  <Position type="Vector">-287.67667, -336.80814, -343.38913</Position>
               </HpTurret06>
               <HpTurret07>
                  <Axis type="Vector">0, 1, 0</Axis>
                  <Max type="float">1.5707964</Max>
                  <Min type="float">-1.5707964</Min>
                  <Orientation type="Matrix">
                       0.0000000000,  -0.9659256900,   0.2588190400,
                       0.9999998800,   0.0000000000,  14.901161e-09,
                       0.0000000000,   0.2588190400,   0.9659258100
                  </Orientation>
                  <Position type="Vector">-116.14679, -378.56961, -436.60852</Position>
               </HpTurret07>
               <HpTurret08>
                  <Axis type="Vector">0, 1, 0</Axis>
                  <Max type="float">1.5707964</Max>
                  <Min type="float">-1.5707964</Min>
                  <Orientation type="Matrix">
                      208.61626e-09,  -0.7071066500,  -0.7071067100,
                      -0.9999998200,  89.406967e-09,  29.802322e-09,
                     -89.406967e-09,   0.7071067100,  -0.7071064700
                  </Orientation>
                  <Position type="Vector">304.50037, -355.19547, 308.15891</Position>
               </HpTurret08>
               <HpTurret09>
                  <Axis type="Vector">0, 1, 0</Axis>
                  <Max type="float">1.5707964</Max>
                  <Min type="float">-1.5707964</Min>
                  <Orientation type="Matrix">
                      175.08864e-09,   0.9659256900,  -0.2588190400,
                       0.9999998800, -3.7252903e-09, -74.505806e-09,
                     -74.505806e-09,  -0.2588190400,  -0.9659256300
                  </Orientation>
                  <Position type="Vector">133.172, -360.43094, 401.58884</Position>
               </HpTurret09>
            </Revolute>
         </Hardpoints>
         <MultiLevel>
            <Level0>
               <VMeshPart>
                  <VMeshRef type="VMeshRef">
                     <!-- header size  --> 60,
                     <!-- vmesh lib    --> m_pirates_mothership.lod0.vms,
                     <!-- start vert   --> 0,
                     <!-- num verts    --> 12171,
                     <!-- start index  --> 0,
                     <!-- num indices  --> 36033,
                     <!-- start mesh   --> 0,
                     <!-- num meshes   --> 1,
                     <!-- bounding box -->  531.10583,    985.98682,    505.07831,
                                           -514.08392,   -988.65894,   -540.11096,
                     <!-- center       -->    8.5109558,   -1.3360596,  -17.516327,
                     <!-- radius       --> 1556.8597
                  </VMeshRef>
               </VMeshPart>
            </Level0>
         </MultiLevel>
      </m_pirates_mothership.3db>
   </UTF_ROOT>
</UTFXML>
