<?xml version="1.0" encoding="ISO-8859-1"?>
<!-- XML generated by UTFXML Version 2.2 built 19-Aug-2010 -->
<UTFXML filename="camouflaging_eagle_red.cmp" path="SHIPS\new\eagles">
   <UTF_ROOT>
      <VMeshLibrary>
         <red_eagle.lod0.vms include="camouflaging_eagle_red_cmp\lod0.vms.xml"/>
      </VMeshLibrary>
      <Cmpnd>
         <Root>
            <File_name name="File name" type="text">red_eagle.3db</File_name>
            <Index type="int">0</Index>
            <Object_name name="Object name" type="text">Root</Object_name>
         </Root>
      </Cmpnd>
      <red_eagle.3db>
         <Hardpoints>
            <Fixed>
               <HpShield01>
                  <Orientation type="Matrix">
                       1.0000000000,   0.0000000000,   0.0000000000,
                       0.0000000000,   1.0000000000,   0.0000000000,
                       0.0000000000,   0.0000000000,   1.0000000000
                  </Orientation>
                  <Position type="Vector">-0.029275, 1.99763, -2.5824931</Position>
               </HpShield01>
               <HpThruster01>
                  <Orientation type="Matrix">
                       0.0303027760,   0.9994971200,   0.0000000000,
                      -0.9994971200,   0.0303027760,   0.0093387617,
                       0.0093340650, -282.99040e-06,   0.9999127400
                  </Orientation>
                  <Position type="Vector">0.082596891, 2.864244, 2.0738316</Position>
               </HpThruster01>
               <HpScanner01>
                  <Orientation type="Matrix">
                      -1.0000000000,  37.648412e-09,   0.0000000000,
                     -37.648412e-09,  -1.0000000000,  255.00701e-06,
                      9.6006085e-12,  255.00701e-06,   1.0000000000
                  </Orientation>
                  <Position type="Vector">-0.069309197, -0.17887548, -3.9251893</Position>
               </HpScanner01>
               <HpPilot>
                  <Orientation type="Matrix">
                       1.0000000000,   0.0000000000,   0.0000000000,
                       0.0000000000,   1.0000000000,   0.0000000000,
                       0.0000000000,   0.0000000000,   1.0000000000
                  </Orientation>
                  <Position type="Vector">0, -1.1788419, -6.9840159</Position>
               </HpPilot>
               <HpEngine01>
                  <Orientation type="Matrix">
                       1.0000000000,   0.0000000000,   0.0000000000,
                       0.0000000000,   1.0000000000,   0.0000000000,
                       0.0000000000,   0.0000000000,   1.0000000000
                  </Orientation>
                  <Position type="Vector">0, 0.820126, 5.7482858</Position>
               </HpEngine01>
               <HpEngine02>
                  <Orientation type="Matrix">
                       1.0000000000,   0.0000000000,   0.0000000000,
                       0.0000000000,   1.0000000000,   0.0000000000,
                       0.0000000000,   0.0000000000,   1.0000000000
                  </Orientation>
                  <Position type="Vector">0, -0.94458002, 5.7482858</Position>
               </HpEngine02>
               <HpMount>
                  <Orientation type="Matrix">
                       1.0000000000,   0.0000000000,   0.0000000000,
                       0.0000000000,   1.0000000000,   0.0000000000,
                       0.0000000000,   0.0000000000,   1.0000000000
                  </Orientation>
                  <Position type="Vector">0, -4.0611959, -1.682052</Position>
               </HpMount>
               <HpContrail02>
                  <Orientation type="Matrix">
                      -0.0083290963,   0.9999651900,   0.0000000000,
                      -0.9999651900,  -0.0083290963,  402.21409e-06,
                      402.20009e-06,  3.3500799e-06,   0.9999997600
                  </Orientation>
                  <Position type="Vector">9.7654152, -1.4200732, -4.3919272</Position>
               </HpContrail02>
               <HpDocklight01>
                  <Orientation type="Matrix">
                       0.7189287500,   0.6950838000,   0.0000000000,
                      -0.6950838000,   0.7189287500, -46.126705e-06,
                     -32.061926e-06,  33.161814e-06,   1.0000000000
                  </Orientation>
                  <Position type="Vector">8.1775322, 0.52132952, -0.11341889</Position>
               </HpDocklight01>
               <HpDocklight02>
                  <Orientation type="Matrix">
                       0.7189289300,  -0.6950835600,   0.0000000000,
                       0.6950835600,   0.7189289300, -46.126748e-06,
                      32.061944e-06,  33.161854e-06,   1.0000000000
                  </Orientation>
                  <Position type="Vector">-8.5558014, 0.35630175, -0.11342957</Position>
               </HpDocklight02>
               <HpCM01>
                  <Orientation type="Matrix">
                     -119.20929e-09,  -0.9999996400,  -0.0000000000,
                       0.9999996400, -119.20929e-09,   0.0000000000,
                       0.0000000000,  -0.0000000000,   1.0000000000
                  </Orientation>
                  <Position type="Vector">-1.789441, 0.130412, 3.8295939</Position>
               </HpCM01>
               <HpMine01>
                  <Orientation type="Matrix">
                     -119.20929e-09,   0.9999996400,   0.0000000000,
                      -0.9999996400, -119.20929e-09,   0.0000000000,
                       0.0000000000,   0.0000000000,   1.0000000000
                  </Orientation>
                  <Position type="Vector">1.739194, 0.124882, 3.809674</Position>
               </HpMine01>
               <HpCloak02>
                  <Orientation type="Matrix">
                      -0.7375628400, -470.70202e-09,   0.0000000000,
                      470.70202e-09,  -0.7375628400,  -0.6752785400,
                      317.85498e-09,  -0.4980603500,   0.5439989600
                  </Orientation>
                  <Position type="Vector">-0.16666667, 0, -0.13333334</Position>
               </HpCloak02>
               <HpCloak01>
                  <Orientation type="Matrix">
                      -0.7375628400, -470.70202e-09,   0.0000000000,
                      470.70202e-09,  -0.7375628400,  -0.6752785400,
                      317.85498e-09,  -0.4980603500,   0.5439989600
                  </Orientation>
                  <Position type="Vector">-0.16666667, 0, -0.13333334</Position>
               </HpCloak01>
               <HpHeadLight>
                  <Orientation type="Matrix">
                       1.0000000000,   0.0000000000,   0.0000000000,
                       0.0000000000,   1.0000000000,   0.0000000000,
                       0.0000000000,   0.0000000000,   1.0000000000
                  </Orientation>
                  <Position type="Vector">-0.024408, -1.817624, -8.9963369</Position>
               </HpHeadLight>
               <HpRunningLight01>
                  <Orientation type="Matrix">
                       1.0000000000,   0.0000000000,   0.0000000000,
                       0.0000000000,   1.0000000000,   0.0000000000,
                       0.0000000000,   0.0000000000,   1.0000000000
                  </Orientation>
                  <Position type="Vector">3.2142079, 2.1643729, 5.169384</Position>
               </HpRunningLight01>
               <HpRunningLight02>
                  <Orientation type="Matrix">
                       1.0000000000,   0.0000000000,   0.0000000000,
                       0.0000000000,   1.0000000000,   0.0000000000,
                       0.0000000000,   0.0000000000,   1.0000000000
                  </Orientation>
                  <Position type="Vector">-3.2551711, 2.166085, 5.151967</Position>
               </HpRunningLight02>
               <HpRunningLight03>
                  <Orientation type="Matrix">
                       1.0000000000,   0.0000000000,   0.0000000000,
                       0.0000000000,   1.0000000000,   0.0000000000,
                       0.0000000000,   0.0000000000,   1.0000000000
                  </Orientation>
                  <Position type="Vector">-0.026362, 5.9774051, -0.483172</Position>
               </HpRunningLight03>
               <HpContrail01>
                  <Orientation type="Matrix">
                      -0.0083254157,  -0.9999652500,   0.0000000000,
                       0.9999652500,  -0.0083254157,  403.87310e-06,
                     -403.85907e-06,  3.3624115e-06,   0.9999998200
                  </Orientation>
                  <Position type="Vector">-10.035976, -1.7533467, -4.39186</Position>
               </HpContrail01>
               <HpRunningLight04>
                  <Orientation type="Matrix">
                       0.7193397900,   0.6946584000,   0.0000000000,
                      -0.6946584000,   0.7193397900,   0.0000000000,
                       0.0000000000,   0.0000000000,   1.0000000000
                  </Orientation>
                  <Position type="Vector">9.9442015, -1.205579, -4.1549678</Position>
               </HpRunningLight04>
               <HpRunningLight05>
                  <Orientation type="Matrix">
                       0.7193397900,  -0.6946584000,  -0.0000000000,
                       0.6946584000,   0.7193397900,   0.0000000000,
                       0.0000000000,  -0.0000000000,   1.0000000000
                  </Orientation>
                  <Position type="Vector">-9.9984846, -1.209039, -4.153574</Position>
               </HpRunningLight05>
               <HpRunningLight06>
                  <Orientation type="Matrix">
                       0.7193397900,   0.6946584000,   0.0000000000,
                      -0.6946584000,   0.7193397900,   0.0000000000,
                       0.0000000000,   0.0000000000,   1.0000000000
                  </Orientation>
                  <Position type="Vector">4.9533758, -2.265676, 6.8836122</Position>
               </HpRunningLight06>
               <HpRunningLight07>
                  <Orientation type="Matrix">
                       0.7193397900,  -0.6946584000,  -0.0000000000,
                       0.6946584000,   0.7193397900,   0.0000000000,
                       0.0000000000,  -0.0000000000,   1.0000000000
                  </Orientation>
                  <Position type="Vector">-4.977797, -2.261991, 6.902143</Position>
               </HpRunningLight07>
               <Hpnew01>
                  <Orientation type="Matrix">
                      -0.7375628400, -470.70202e-09,   0.0000000000,
                      470.70202e-09,  -0.7375628400,  -0.6752785400,
                      317.85498e-09,  -0.4980603500,   0.5439989600
                  </Orientation>
                  <Position type="Vector">-0.16666667, 0, -0.13333334</Position>
               </Hpnew01>
               <Hpnew02>
                  <Orientation type="Matrix">
                      -0.7375628400, -470.70202e-09,   0.0000000000,
                      470.70202e-09,  -0.7375628400,  -0.6752785400,
                      317.85498e-09,  -0.4980603500,   0.5439989600
                  </Orientation>
                  <Position type="Vector">-0.16666667, 0, -0.13333334</Position>
               </Hpnew02>
               <Hpnew03>
                  <Orientation type="Matrix">
                      -0.7375628400, -470.70202e-09,   0.0000000000,
                      470.70202e-09,  -0.7375628400,  -0.6752785400,
                      317.85498e-09,  -0.4980603500,   0.5439989600
                  </Orientation>
                  <Position type="Vector">-0.16666667, 0, -0.13333334</Position>
               </Hpnew03>
               <HpTractor_Source>
                  <Orientation type="Matrix">
                       1.0000000000,   0.0000000000,   0.0000000000,
                       0.0000000000,   1.0000000000,   0.0000000000,
                       0.0000000000,   0.0000000000,   1.0000000000
                  </Orientation>
                  <Position type="Vector">-0.021636, -1.710694, -8.9822226</Position>
               </HpTractor_Source>
            </Fixed>
            <Revolute>
               <HpWeapon01>
                  <Axis type="Vector">0, 1, 0</Axis>
                  <Max type="float">0.78539819</Max>
                  <Min type="float">-0.78539819</Min>
                  <Orientation type="Matrix">
                     -119.20929e-09,  -0.9999996400,  -0.0000000000,
                       0.9999996400, -119.20929e-09,   0.0000000000,
                       0.0000000000,  -0.0000000000,   1.0000000000
                  </Orientation>
                  <Position type="Vector">-1.380759, -1.690172, -6.3312621</Position>
               </HpWeapon01>
               <HpWeapon02>
                  <Axis type="Vector">0, 1, 0</Axis>
                  <Max type="float">0.78539819</Max>
                  <Min type="float">-0.78539819</Min>
                  <Orientation type="Matrix">
                     -119.20929e-09,   0.9999996400,   0.0000000000,
                      -0.9999996400, -119.20929e-09,   0.0000000000,
                       0.0000000000,   0.0000000000,   1.0000000000
                  </Orientation>
                  <Position type="Vector">1.347504, -1.681789, -6.3332438</Position>
               </HpWeapon02>
               <HpTurret01>
                  <Axis type="Vector">0, 1, 0</Axis>
                  <Max type="float">3.1415927</Max>
                  <Min type="float">-3.1415927</Min>
                  <Orientation type="Matrix">
                      -1.0000000000, -87.427907e-09,   0.0000000000,
                      87.427907e-09,  -1.0000000000,  -0.0000000000,
                       0.0000000000,   0.0000000000,   1.0000000000
                  </Orientation>
                  <Position type="Vector">-0.026022, -2.2217021, 4.246542</Position>
               </HpTurret01>
               <HpWeapon03>
                  <Axis type="Vector">0, 1, 0</Axis>
                  <Max type="float">0.78539819</Max>
                  <Min type="float">-0.78539819</Min>
                  <Orientation type="Matrix">
                       0.9396926200,  -0.3420200900,  -0.0000000000,
                       0.3420200900,   0.9396926200,   0.0000000000,
                       0.0000000000,  -0.0000000000,   1.0000000000
                  </Orientation>
                  <Position type="Vector">-3.632622, 2.2377069, 0.156579</Position>
               </HpWeapon03>
               <HpWeapon04>
                  <Axis type="Vector">0, 1, 0</Axis>
                  <Max type="float">0.78539819</Max>
                  <Min type="float">-0.78539819</Min>
                  <Orientation type="Matrix">
                       0.9396926200,   0.3420200900,   0.0000000000,
                      -0.3420200900,   0.9396926200,   0.0000000000,
                       0.0000000000,   0.0000000000,   1.0000000000
                  </Orientation>
                  <Position type="Vector">3.570507, 2.2429271, 0.14366999</Position>
               </HpWeapon04>
               <HpWeapon05>
                  <Axis type="Vector">0, 1, 0</Axis>
                  <Max type="float">0.78539819</Max>
                  <Min type="float">-0.78539819</Min>
                  <Orientation type="Matrix">
                      -0.7071067100,   0.7071067700,   0.0000000000,
                      -0.7071067700,  -0.7071067100,   0.0000000000,
                       0.0000000000,   0.0000000000,   1.0000000000
                  </Orientation>
                  <Position type="Vector">-9.4148388, -0.98101902, -2.948674</Position>
               </HpWeapon05>
               <HpWeapon06>
                  <Axis type="Vector">0, 1, 0</Axis>
                  <Max type="float">0.78539819</Max>
                  <Min type="float">-0.78539819</Min>
                  <Orientation type="Matrix">
                      -0.7071067100,  -0.7071067700,  -0.0000000000,
                       0.7071067700,  -0.7071067100,   0.0000000000,
                       0.0000000000,  -0.0000000000,   1.0000000000
                  </Orientation>
                  <Position type="Vector">9.5213318, -1.221164, -2.8820961</Position>
               </HpWeapon06>
               <HpTorpedo01>
                  <Axis type="Vector">0, 1, 0</Axis>
                  <Max type="float">0.78539819</Max>
                  <Min type="float">-0.78539819</Min>
                  <Orientation type="Matrix">
                      -1.0000000000, -87.427907e-09,   0.0000000000,
                      87.427907e-09,  -1.0000000000,  -0.0000000000,
                       0.0000000000,   0.0000000000,   1.0000000000
                  </Orientation>
                  <Position type="Vector">-0.029439, -2.246484, -8.1526613</Position>
               </HpTorpedo01>
            </Revolute>
         </Hardpoints>
         <MultiLevel>
            <Level0>
               <VMeshPart>
                  <VMeshRef type="VMeshRef">
                     <!-- header size  --> 60,
                     <!-- vmesh lib    --> red_eagle.lod0.vms,
                     <!-- start vert   --> 0,
                     <!-- num verts    --> 1500,
                     <!-- start index  --> 0,
                     <!-- num indices  --> 2703,
                     <!-- start mesh   --> 0,
                     <!-- num meshes   --> 24,
                     <!-- bounding box -->  9.9494715,  5.9780149,  8.3550053,
                                           -9.998558,  -2.415153,  -9.0166111,
                     <!-- center       -->  0,          0,          0,
                     <!-- radius       --> 17.38135
                  </VMeshRef>
               </VMeshPart>
            </Level0>
         </MultiLevel>
      </red_eagle.3db>
   </UTF_ROOT>
</UTFXML>
