<?xml version="1.0" encoding="ISO-8859-1"?>
<!-- XML generated by UTFXML Version 2.2 built 19-Aug-2010 -->
<UTFXML filename="camouflaging_eagle_green.cmp" path="SHIPS\new\eagles">
   <UTF_ROOT>
      <VMeshLibrary>
         <green_eagle.lod0.vms include="camouflaging_eagle_green_cmp\lod0.vms.xml"/>
      </VMeshLibrary>
      <Cmpnd>
         <Root>
            <File_name name="File name" type="text">green_eagle.3db</File_name>
            <Index type="int">0</Index>
            <Object_name name="Object name" type="text">Root</Object_name>
         </Root>
      </Cmpnd>
      <green_eagle.3db>
         <Hardpoints>
            <Fixed>
               <HpShield01>
                  <Orientation type="Matrix">
                       1.0000000000,   0.0000000000,   0.0000000000,
                       0.0000000000,   1.0000000000,   0.0000000000,
                       0.0000000000,   0.0000000000,   1.0000000000
                  </Orientation>
                  <Position type="Vector">-0.025243999, 1.99763, -2.5865581</Position>
               </HpShield01>
               <HpThruster01>
                  <Orientation type="Matrix">
                     -119.20929e-09,   0.9999996400,   0.0000000000,
                      -0.9999996400, -119.20929e-09,   0.0000000000,
                       0.0000000000,   0.0000000000,   1.0000000000
                  </Orientation>
                  <Position type="Vector">0.082597002, 2.864244, 2.073832</Position>
               </HpThruster01>
               <HpScanner01>
                  <Orientation type="Matrix">
                      -1.0000000000,  37.648412e-09,   0.0000000000,
                     -37.648412e-09,  -1.0000000000,  255.00701e-06,
                      9.6006085e-12,  255.00701e-06,   1.0000000000
                  </Orientation>
                  <Position type="Vector">-0.069309197, -0.17887548, -3.9251893</Position>
               </HpScanner01>
               <HpPilot>
                  <Orientation type="Matrix">
                       1.0000000000,   0.0000000000,   0.0000000000,
                       0.0000000000,   1.0000000000,   0.0000000000,
                       0.0000000000,   0.0000000000,   1.0000000000
                  </Orientation>
                  <Position type="Vector">0, -1.1788419, -6.9840159</Position>
               </HpPilot>
               <HpEngine01>
                  <Orientation type="Matrix">
                       1.0000000000,   0.0000000000,   0.0000000000,
                       0.0000000000,   1.0000000000,   0.0000000000,
                       0.0000000000,   0.0000000000,   1.0000000000
                  </Orientation>
                  <Position type="Vector">0, 0.820126, 5.7482858</Position>
               </HpEngine01>
               <HpEngine02>
                  <Orientation type="Matrix">
                       1.0000000000,   0.0000000000,   0.0000000000,
                       0.0000000000,   1.0000000000,   0.0000000000,
                       0.0000000000,   0.0000000000,   1.0000000000
                  </Orientation>
                  <Position type="Vector">0, -0.94458002, 5.7482858</Position>
               </HpEngine02>
               <HpMount>
                  <Orientation type="Matrix">
                       1.0000000000,   0.0000000000,   0.0000000000,
                       0.0000000000,   1.0000000000,   0.0000000000,
                       0.0000000000,   0.0000000000,   1.0000000000
                  </Orientation>
                  <Position type="Vector">0, -4.0611959, -1.682052</Position>
               </HpMount>
               <HpContrail02>
                  <Orientation type="Matrix">
                      -0.0083290963,   0.9999651900,   0.0000000000,
                      -0.9999651900,  -0.0083290963,  402.21409e-06,
                      402.20009e-06,  3.3500799e-06,   0.9999997600
                  </Orientation>
                  <Position type="Vector">9.7654152, -1.4200732, -4.3919272</Position>
               </HpContrail02>
               <HpDocklight01>
                  <Orientation type="Matrix">
                       0.7193397900,   0.6946584000,   0.0000000000,
                      -0.6946584000,   0.7193397900,   0.0000000000,
                       0.0000000000,   0.0000000000,   1.0000000000
                  </Orientation>
                  <Position type="Vector">8.3988523, 0.29888999, -0.327685</Position>
               </HpDocklight01>
               <HpDocklight02>
                  <Orientation type="Matrix">
                       0.7193397900,  -0.6946584000,  -0.0000000000,
                       0.6946584000,   0.7193397900,   0.0000000000,
                       0.0000000000,  -0.0000000000,   1.0000000000
                  </Orientation>
                  <Position type="Vector">-8.4331446, 0.310985, -0.358964</Position>
               </HpDocklight02>
               <HpCM01>
                  <Orientation type="Matrix">
                     -119.20929e-09,  -0.9999996400,  -0.0000000000,
                       0.9999996400, -119.20929e-09,   0.0000000000,
                       0.0000000000,  -0.0000000000,   1.0000000000
                  </Orientation>
                  <Position type="Vector">-1.789453, 0.12597001, 3.819802</Position>
               </HpCM01>
               <HpMine01>
                  <Orientation type="Matrix">
                     -119.20929e-09,   0.9999996400,   0.0000000000,
                      -0.9999996400, -119.20929e-09,   0.0000000000,
                       0.0000000000,   0.0000000000,   1.0000000000
                  </Orientation>
                  <Position type="Vector">1.739189, 0.13308001, 3.825331</Position>
               </HpMine01>
               <HpCloak02>
                  <Orientation type="Matrix">
                      -0.7375628400, -470.70202e-09,   0.0000000000,
                      470.70202e-09,  -0.7375628400,  -0.6752785400,
                      317.85498e-09,  -0.4980603500,   0.5439989600
                  </Orientation>
                  <Position type="Vector">-0.16666667, 0, -0.13333334</Position>
               </HpCloak02>
               <HpCloak01>
                  <Orientation type="Matrix">
                      -0.7375628400, -470.70202e-09,   0.0000000000,
                      470.70202e-09,  -0.7375628400,  -0.6752785400,
                      317.85498e-09,  -0.4980603500,   0.5439989600
                  </Orientation>
                  <Position type="Vector">-0.16666667, 0, -0.13333334</Position>
               </HpCloak01>
               <HpHeadLight>
                  <Orientation type="Matrix">
                       1.0000000000,   0.0000000000,   0.0000000000,
                       0.0000000000,   1.0000000000,   0.0000000000,
                       0.0000000000,   0.0000000000,   1.0000000000
                  </Orientation>
                  <Position type="Vector">-0.024389001, -1.849511, -8.9806147</Position>
               </HpHeadLight>
               <HpRunningLight01>
                  <Orientation type="Matrix">
                       1.0000000000,   0.0000000000,   0.0000000000,
                       0.0000000000,   0.7313537600,   0.6819983100,
                       0.0000000000,  -0.6819983100,   0.7313537600
                  </Orientation>
                  <Position type="Vector">3.2100451, 2.1658649, 5.1624341</Position>
               </HpRunningLight01>
               <HpRunningLight02>
                  <Orientation type="Matrix">
                       1.0000000000,   0.0000000000,   0.0000000000,
                       0.0000000000,   1.0000000000,   0.0000000000,
                       0.0000000000,   0.0000000000,   1.0000000000
                  </Orientation>
                  <Position type="Vector">-3.2533231, 2.1654069, 5.1872678</Position>
               </HpRunningLight02>
               <HpRunningLight03>
                  <Orientation type="Matrix">
                       1.0000000000,   0.0000000000,   0.0000000000,
                       0.0000000000,   1.0000000000,   0.0000000000,
                       0.0000000000,   0.0000000000,   1.0000000000
                  </Orientation>
                  <Position type="Vector">-0.027277, 5.977386, -0.44134501</Position>
               </HpRunningLight03>
               <HpContrail01>
                  <Orientation type="Matrix">
                      -0.0083254157,  -0.9999652500,   0.0000000000,
                       0.9999652500,  -0.0083254157,  403.87310e-06,
                     -403.85907e-06,  3.3624115e-06,   0.9999998200
                  </Orientation>
                  <Position type="Vector">-10.035976, -1.7533467, -4.39186</Position>
               </HpContrail01>
               <HpRunningLight04>
                  <Orientation type="Matrix">
                       0.7193397900,   0.6946584000,   0.0000000000,
                      -0.6946584000,   0.7193397900,   0.0000000000,
                       0.0000000000,   0.0000000000,   1.0000000000
                  </Orientation>
                  <Position type="Vector">9.936245, -1.201455, -4.146884</Position>
               </HpRunningLight04>
               <HpRunningLight05>
                  <Orientation type="Matrix">
                       0.7193397900,  -0.6946584000,  -0.0000000000,
                       0.6946584000,   0.7193397900,   0.0000000000,
                       0.0000000000,  -0.0000000000,   1.0000000000
                  </Orientation>
                  <Position type="Vector">-9.9985209, -1.204695, -4.1529398</Position>
               </HpRunningLight05>
               <HpRunningLight06>
                  <Orientation type="Matrix">
                       1.0000000000,   0.0000000000,   0.0000000000,
                       0.0000000000,   1.0000000000,   0.0000000000,
                       0.0000000000,   0.0000000000,   1.0000000000
                  </Orientation>
                  <Position type="Vector">4.9500771, -2.2643991, 6.8902268</Position>
               </HpRunningLight06>
               <HpRunningLight07>
                  <Orientation type="Matrix">
                       1.0000000000,   0.0000000000,   0.0000000000,
                       0.0000000000,   1.0000000000,   0.0000000000,
                       0.0000000000,   0.0000000000,   1.0000000000
                  </Orientation>
                  <Position type="Vector">-4.9770222, -2.2616911, 6.889071</Position>
               </HpRunningLight07>
               <Hpnew01>
                  <Orientation type="Matrix">
                      -0.7375628400, -470.70202e-09,   0.0000000000,
                      470.70202e-09,  -0.7375628400,  -0.6752785400,
                      317.85498e-09,  -0.4980603500,   0.5439989600
                  </Orientation>
                  <Position type="Vector">-0.16666667, 0, -0.13333334</Position>
               </Hpnew01>
               <Hpnew02>
                  <Orientation type="Matrix">
                      -0.7375628400, -470.70202e-09,   0.0000000000,
                      470.70202e-09,  -0.7375628400,  -0.6752785400,
                      317.85498e-09,  -0.4980603500,   0.5439989600
                  </Orientation>
                  <Position type="Vector">-0.16666667, 0, -0.13333334</Position>
               </Hpnew02>
               <Hpnew03>
                  <Orientation type="Matrix">
                      -0.7375628400, -470.70202e-09,   0.0000000000,
                      470.70202e-09,  -0.7375628400,  -0.6752785400,
                      317.85498e-09,  -0.4980603500,   0.5439989600
                  </Orientation>
                  <Position type="Vector">-0.16666667, 0, -0.13333334</Position>
               </Hpnew03>
               <HpTractor_Source>
                  <Orientation type="Matrix">
                       1.0000000000,   0.0000000000,   0.0000000000,
                       0.0000000000,   1.0000000000,   0.0000000000,
                       0.0000000000,   0.0000000000,   1.0000000000
                  </Orientation>
                  <Position type="Vector">-0.018035, -1.723416, -8.9894333</Position>
               </HpTractor_Source>
            </Fixed>
            <Revolute>
               <HpWeapon01>
                  <Axis type="Vector">0, 1, 0</Axis>
                  <Max type="float">0.78539819</Max>
                  <Min type="float">-0.78539819</Min>
                  <Orientation type="Matrix">
                     -119.20929e-09,  -0.9999996400,  -0.0000000000,
                       0.9999996400, -119.20929e-09,   0.0000000000,
                       0.0000000000,  -0.0000000000,   1.0000000000
                  </Orientation>
                  <Position type="Vector">-1.380759, -1.686231, -6.3296332</Position>
               </HpWeapon01>
               <HpWeapon02>
                  <Axis type="Vector">0, 1, 0</Axis>
                  <Max type="float">0.78539819</Max>
                  <Min type="float">-0.78539819</Min>
                  <Orientation type="Matrix">
                     -119.20929e-09,   0.9999996400,   0.0000000000,
                      -0.9999996400, -119.20929e-09,   0.0000000000,
                       0.0000000000,   0.0000000000,   1.0000000000
                  </Orientation>
                  <Position type="Vector">1.347504, -1.691393, -6.3384581</Position>
               </HpWeapon02>
               <HpTurret01>
                  <Axis type="Vector">0, 1, 0</Axis>
                  <Max type="float">3.1415927</Max>
                  <Min type="float">-3.1415927</Min>
                  <Orientation type="Matrix">
                      -1.0000000000, -87.427907e-09,   0.0000000000,
                      87.427907e-09,  -1.0000000000,  -0.0000000000,
                       0.0000000000,   0.0000000000,   1.0000000000
                  </Orientation>
                  <Position type="Vector">-0.021329001, -2.2217021, 4.2517128</Position>
               </HpTurret01>
               <HpWeapon03>
                  <Axis type="Vector">0, 1, 0</Axis>
                  <Max type="float">0.78539819</Max>
                  <Min type="float">-0.78539819</Min>
                  <Orientation type="Matrix">
                       0.9396926200,  -0.3420200900,  -0.0000000000,
                       0.3420200900,   0.9396926200,   0.0000000000,
                       0.0000000000,  -0.0000000000,   1.0000000000
                  </Orientation>
                  <Position type="Vector">-3.6126781, 2.244967, 0.149424</Position>
               </HpWeapon03>
               <HpWeapon04>
                  <Axis type="Vector">0, 1, 0</Axis>
                  <Max type="float">0.78539819</Max>
                  <Min type="float">-0.78539819</Min>
                  <Orientation type="Matrix">
                       0.9396926200,   0.3420200900,   0.0000000000,
                      -0.3420200900,   0.9396926200,   0.0000000000,
                       0.0000000000,   0.0000000000,   1.0000000000
                  </Orientation>
                  <Position type="Vector">3.578104, 2.2401619, 0.154557</Position>
               </HpWeapon04>
               <HpWeapon05>
                  <Axis type="Vector">0, 1, 0</Axis>
                  <Max type="float">0.78539819</Max>
                  <Min type="float">-0.78539819</Min>
                  <Orientation type="Matrix">
                      -0.7071067100,   0.7071067700,   0.0000000000,
                      -0.7071067700,  -0.7071067100,   0.0000000000,
                       0.0000000000,   0.0000000000,   1.0000000000
                  </Orientation>
                  <Position type="Vector">-9.4148388, -0.98101902, -2.948674</Position>
               </HpWeapon05>
               <HpWeapon06>
                  <Axis type="Vector">0, 1, 0</Axis>
                  <Max type="float">0.78539819</Max>
                  <Min type="float">-0.78539819</Min>
                  <Orientation type="Matrix">
                      -0.7071067100,  -0.7071067700,  -0.0000000000,
                       0.7071067700,  -0.7071067100,   0.0000000000,
                       0.0000000000,  -0.0000000000,   1.0000000000
                  </Orientation>
                  <Position type="Vector">9.5213318, -1.221164, -2.8820961</Position>
               </HpWeapon06>
               <HpTorpedo01>
                  <Axis type="Vector">0, 1, 0</Axis>
                  <Max type="float">0.78539819</Max>
                  <Min type="float">-0.78539819</Min>
                  <Orientation type="Matrix">
                      -1.0000000000, -87.427907e-09,   0.0000000000,
                      87.427907e-09,  -1.0000000000,  -0.0000000000,
                       0.0000000000,   0.0000000000,   1.0000000000
                  </Orientation>
                  <Position type="Vector">-0.010747, -2.246484, -8.1608477</Position>
               </HpTorpedo01>
            </Revolute>
         </Hardpoints>
         <MultiLevel>
            <Level0>
               <VMeshPart>
                  <VMeshRef type="VMeshRef">
                     <!-- header size  --> 60,
                     <!-- vmesh lib    --> green_eagle.lod0.vms,
                     <!-- start vert   --> 0,
                     <!-- num verts    --> 1500,
                     <!-- start index  --> 0,
                     <!-- num indices  --> 2703,
                     <!-- start mesh   --> 0,
                     <!-- num meshes   --> 24,
                     <!-- bounding box -->  9.9494715,  5.9780149,  8.3550053,
                                           -9.998558,  -2.415153,  -9.0166111,
                     <!-- center       -->  0,          0,          0,
                     <!-- radius       --> 17.38135
                  </VMeshRef>
               </VMeshPart>
            </Level0>
         </MultiLevel>
      </green_eagle.3db>
   </UTF_ROOT>
</UTFXML>
