<?xml version="1.0" encoding="ISO-8859-1"?>
<!-- XML generated by UTFXML Version 2.2 built 19-Aug-2010 -->
<UTFXML filename="fiery_eagle02.cmp" path="SHIPS\new\eagles">
   <UTF_ROOT>
      <VMeshLibrary>
         <fiery_eagle02.lod0.vms include="fiery_eagle02_cmp\lod0.vms.xml"/>
      </VMeshLibrary>
      <Cmpnd>
         <Root>
            <File_name name="File name" type="text">fiery_eagle02.3db</File_name>
            <Index type="int">0</Index>
            <Object_name name="Object name" type="text">Root</Object_name>
         </Root>
      </Cmpnd>
      <fiery_eagle02.3db>
         <Hardpoints>
            <Fixed>
               <HpShield01>
                  <Orientation type="Matrix">
                       1.0000000000,   0.0000000000,   0.0000000000,
                       0.0000000000,   1.0000000000,   0.0000000000,
                       0.0000000000,   0.0000000000,   1.0000000000
                  </Orientation>
                  <Position type="Vector">-0.020129001, 1.99763, -2.590488</Position>
               </HpShield01>
               <HpThruster01>
                  <Orientation type="Matrix">
                     -119.20929e-09,   0.9999996400,   0.0000000000,
                      -0.9999996400, -119.20929e-09,   0.0000000000,
                       0.0000000000,   0.0000000000,   1.0000000000
                  </Orientation>
                  <Position type="Vector">0.115626, 2.8211541, 2.0292671</Position>
               </HpThruster01>
               <HpScanner01>
                  <Orientation type="Matrix">
                      -1.0000000000,  37.648412e-09,   0.0000000000,
                     -37.648412e-09,  -1.0000000000,  255.00701e-06,
                      9.6006085e-12,  255.00701e-06,   1.0000000000
                  </Orientation>
                  <Position type="Vector">-0.069309197, -0.17887548, -3.9251893</Position>
               </HpScanner01>
               <HpPilot>
                  <Orientation type="Matrix">
                       1.0000000000,   0.0000000000,   0.0000000000,
                       0.0000000000,   1.0000000000,   0.0000000000,
                       0.0000000000,   0.0000000000,   1.0000000000
                  </Orientation>
                  <Position type="Vector">0, -1.1788419, -6.9840159</Position>
               </HpPilot>
               <HpEngine01>
                  <Orientation type="Matrix">
                       1.0000000000,   0.0000000000,   0.0000000000,
                       0.0000000000,   1.0000000000,   0.0000000000,
                       0.0000000000,   0.0000000000,   1.0000000000
                  </Orientation>
                  <Position type="Vector">0, 0.820126, 5.7482858</Position>
               </HpEngine01>
               <HpEngine02>
                  <Orientation type="Matrix">
                       1.0000000000,   0.0000000000,   0.0000000000,
                       0.0000000000,   1.0000000000,   0.0000000000,
                       0.0000000000,   0.0000000000,   1.0000000000
                  </Orientation>
                  <Position type="Vector">0, -0.94458002, 5.7482858</Position>
               </HpEngine02>
               <HpMount>
                  <Orientation type="Matrix">
                       1.0000000000,   0.0000000000,   0.0000000000,
                       0.0000000000,   1.0000000000,   0.0000000000,
                       0.0000000000,   0.0000000000,   1.0000000000
                  </Orientation>
                  <Position type="Vector">0, -4.0611959, -1.682052</Position>
               </HpMount>
               <HpContrail02>
                  <Orientation type="Matrix">
                      -0.0083290963,   0.9999651900,   0.0000000000,
                      -0.9999651900,  -0.0083290963,  402.21409e-06,
                      402.20009e-06,  3.3500799e-06,   0.9999997600
                  </Orientation>
                  <Position type="Vector">9.7654152, -1.4200732, -4.3919272</Position>
               </HpContrail02>
               <HpDocklight01>
                  <Orientation type="Matrix">
                       0.7189287500,   0.6950838000,   0.0000000000,
                      -0.6950838000,   0.7189287500, -46.126705e-06,
                     -32.061926e-06,  33.161814e-06,   1.0000000000
                  </Orientation>
                  <Position type="Vector">8.1775322, 0.52132952, -0.11341889</Position>
               </HpDocklight01>
               <HpDocklight02>
                  <Orientation type="Matrix">
                       0.7189289300,  -0.6950835600,   0.0000000000,
                       0.6950835600,   0.7189289300, -46.126748e-06,
                      32.061944e-06,  33.161854e-06,   1.0000000000
                  </Orientation>
                  <Position type="Vector">-8.5558014, 0.35630175, -0.11342957</Position>
               </HpDocklight02>
               <HpCM01>
                  <Orientation type="Matrix">
                     -119.20929e-09,  -0.9999996400,  -0.0000000000,
                       0.9999996400, -119.20929e-09,   0.0000000000,
                       0.0000000000,  -0.0000000000,   1.0000000000
                  </Orientation>
                  <Position type="Vector">-1.789439, 0.117896, 3.8198521</Position>
               </HpCM01>
               <HpMine01>
                  <Orientation type="Matrix">
                     -119.20929e-09,   0.9999996400,   0.0000000000,
                      -0.9999996400, -119.20929e-09,   0.0000000000,
                       0.0000000000,   0.0000000000,   1.0000000000
                  </Orientation>
                  <Position type="Vector">1.7391911, 0.106363, 3.8137231</Position>
               </HpMine01>
               <HpCloak02>
                  <Orientation type="Matrix">
                      -0.7375628400, -470.70202e-09,   0.0000000000,
                      470.70202e-09,  -0.7375628400,  -0.6752785400,
                      317.85498e-09,  -0.4980603500,   0.5439989600
                  </Orientation>
                  <Position type="Vector">-0.16666667, 0, -0.13333334</Position>
               </HpCloak02>
               <HpCloak01>
                  <Orientation type="Matrix">
                      -0.7375628400, -470.70202e-09,   0.0000000000,
                      470.70202e-09,  -0.7375628400,  -0.6752785400,
                      317.85498e-09,  -0.4980603500,   0.5439989600
                  </Orientation>
                  <Position type="Vector">-0.16666667, 0, -0.13333334</Position>
               </HpCloak01>
               <HpHeadLight>
                  <Orientation type="Matrix">
                       1.0000000000,   0.0000000000,   0.0000000000,
                       0.0000000000,   1.0000000000,   0.0000000000,
                       0.0000000000,   0.0000000000,   1.0000000000
                  </Orientation>
                  <Position type="Vector">-0.053111002, -1.779579, -8.9996901</Position>
               </HpHeadLight>
               <HpRunningLight01>
                  <Orientation type="Matrix">
                       1.0000000000,   0.0000000000,   0.0000000000,
                       0.0000000000,   1.0000000000,   0.0000000000,
                       0.0000000000,   0.0000000000,   1.0000000000
                  </Orientation>
                  <Position type="Vector">3.216536, 2.163538, 5.1824851</Position>
               </HpRunningLight01>
               <HpRunningLight02>
                  <Orientation type="Matrix">
                       1.0000000000,   0.0000000000,   0.0000000000,
                       0.0000000000,   1.0000000000,   0.0000000000,
                       0.0000000000,   0.0000000000,   1.0000000000
                  </Orientation>
                  <Position type="Vector">-3.251699, 2.1648109, 5.181417</Position>
               </HpRunningLight02>
               <HpRunningLight03>
                  <Orientation type="Matrix">
                       1.0000000000,   0.0000000000,   0.0000000000,
                       0.0000000000,   1.0000000000,   0.0000000000,
                       0.0000000000,   0.0000000000,   1.0000000000
                  </Orientation>
                  <Position type="Vector">-0.026471, 5.9774342, -0.54585803</Position>
               </HpRunningLight03>
               <HpContrail01>
                  <Orientation type="Matrix">
                      -0.0083254157,  -0.9999652500,   0.0000000000,
                       0.9999652500,  -0.0083254157,  403.87310e-06,
                     -403.85907e-06,  3.3624115e-06,   0.9999998200
                  </Orientation>
                  <Position type="Vector">-10.035976, -1.7533467, -4.39186</Position>
               </HpContrail01>
               <HpRunningLight04>
                  <Orientation type="Matrix">
                       0.7193397900,   0.6946584000,   0.0000000000,
                      -0.6946584000,   0.7193397900,   0.0000000000,
                       0.0000000000,   0.0000000000,   1.0000000000
                  </Orientation>
                  <Position type="Vector">9.9494257, -1.205613, -4.1533718</Position>
               </HpRunningLight04>
               <HpRunningLight05>
                  <Orientation type="Matrix">
                       0.7193397900,  -0.6946584000,  -0.0000000000,
                       0.6946584000,   0.7193397900,   0.0000000000,
                       0.0000000000,  -0.0000000000,   1.0000000000
                  </Orientation>
                  <Position type="Vector">-9.9978781, -1.200328, -4.151258</Position>
               </HpRunningLight05>
               <HpRunningLight06>
                  <Orientation type="Matrix">
                       0.7193397900,   0.6946584000,   0.0000000000,
                      -0.6946584000,   0.7193397900,   0.0000000000,
                       0.0000000000,   0.0000000000,   1.0000000000
                  </Orientation>
                  <Position type="Vector">4.9556189, -2.2680249, 6.8900018</Position>
               </HpRunningLight06>
               <HpRunningLight07>
                  <Orientation type="Matrix">
                       0.7193397900,  -0.6946584000,  -0.0000000000,
                       0.6946584000,   0.7193397900,   0.0000000000,
                       0.0000000000,  -0.0000000000,   1.0000000000
                  </Orientation>
                  <Position type="Vector">-4.9834509, -2.264195, 6.878624</Position>
               </HpRunningLight07>
               <Hpnew01>
                  <Orientation type="Matrix">
                      -0.7375628400, -470.70202e-09,   0.0000000000,
                      470.70202e-09,  -0.7375628400,  -0.6752785400,
                      317.85498e-09,  -0.4980603500,   0.5439989600
                  </Orientation>
                  <Position type="Vector">-0.16666667, 0, -0.13333334</Position>
               </Hpnew01>
               <Hpnew02>
                  <Orientation type="Matrix">
                      -0.7375628400, -470.70202e-09,   0.0000000000,
                      470.70202e-09,  -0.7375628400,  -0.6752785400,
                      317.85498e-09,  -0.4980603500,   0.5439989600
                  </Orientation>
                  <Position type="Vector">-0.16666667, 0, -0.13333334</Position>
               </Hpnew02>
               <Hpnew03>
                  <Orientation type="Matrix">
                      -0.7375628400, -470.70202e-09,   0.0000000000,
                      470.70202e-09,  -0.7375628400,  -0.6752785400,
                      317.85498e-09,  -0.4980603500,   0.5439989600
                  </Orientation>
                  <Position type="Vector">-0.16666667, 0, -0.13333334</Position>
               </Hpnew03>
               <HpTractor_Source>
                  <Orientation type="Matrix">
                       1.0000000000,   0.0000000000,   0.0000000000,
                       0.0000000000,   1.0000000000,   0.0000000000,
                       0.0000000000,   0.0000000000,   1.0000000000
                  </Orientation>
                  <Position type="Vector">-0.026746999, -1.658818, -8.9568729</Position>
               </HpTractor_Source>
            </Fixed>
            <Revolute>
               <HpWeapon01>
                  <Axis type="Vector">0, 1, 0</Axis>
                  <Max type="float">0.78539819</Max>
                  <Min type="float">-0.78539819</Min>
                  <Orientation type="Matrix">
                     -119.20929e-09,  -0.9999996400,  -0.0000000000,
                       0.9999996400, -119.20929e-09,   0.0000000000,
                       0.0000000000,  -0.0000000000,   1.0000000000
                  </Orientation>
                  <Position type="Vector">-1.380759, -1.939353, -6.36867</Position>
               </HpWeapon01>
               <HpWeapon02>
                  <Axis type="Vector">0, 1, 0</Axis>
                  <Max type="float">0.78539819</Max>
                  <Min type="float">-0.78539819</Min>
                  <Orientation type="Matrix">
                     -119.20929e-09,   0.9999996400,   0.0000000000,
                      -0.9999996400, -119.20929e-09,   0.0000000000,
                       0.0000000000,   0.0000000000,   1.0000000000
                  </Orientation>
                  <Position type="Vector">1.347504, -1.69463, -6.3451838</Position>
               </HpWeapon02>
               <HpTurret01>
                  <Axis type="Vector">0, 1, 0</Axis>
                  <Max type="float">3.1415927</Max>
                  <Min type="float">-3.1415927</Min>
                  <Orientation type="Matrix">
                      -1.0000000000, -87.427907e-09,   0.0000000000,
                      87.427907e-09,  -1.0000000000,  -0.0000000000,
                       0.0000000000,   0.0000000000,   1.0000000000
                  </Orientation>
                  <Position type="Vector">-0.011269, -2.2217021, 4.246088</Position>
               </HpTurret01>
               <HpWeapon03>
                  <Axis type="Vector">0, 1, 0</Axis>
                  <Max type="float">0.78539819</Max>
                  <Min type="float">-0.78539819</Min>
                  <Orientation type="Matrix">
                       0.9396926200,  -0.3420200900,  -0.0000000000,
                       0.3420200900,   0.9396926200,   0.0000000000,
                       0.0000000000,  -0.0000000000,   1.0000000000
                  </Orientation>
                  <Position type="Vector">-3.6349511, 2.23686, 0.143418</Position>
               </HpWeapon03>
               <HpWeapon04>
                  <Axis type="Vector">0, 1, 0</Axis>
                  <Max type="float">0.78539819</Max>
                  <Min type="float">-0.78539819</Min>
                  <Orientation type="Matrix">
                       0.9396926200,   0.3420200900,   0.0000000000,
                      -0.3420200900,   0.9396926200,   0.0000000000,
                       0.0000000000,   0.0000000000,   1.0000000000
                  </Orientation>
                  <Position type="Vector">3.5703959, 2.2429669, 0.14283501</Position>
               </HpWeapon04>
               <HpWeapon05>
                  <Axis type="Vector">0, 1, 0</Axis>
                  <Max type="float">0.78539819</Max>
                  <Min type="float">-0.78539819</Min>
                  <Orientation type="Matrix">
                      -0.7071067100,   0.7071067700,   0.0000000000,
                      -0.7071067700,  -0.7071067100,   0.0000000000,
                       0.0000000000,   0.0000000000,   1.0000000000
                  </Orientation>
                  <Position type="Vector">-9.4148388, -0.98101902, -2.948674</Position>
               </HpWeapon05>
               <HpWeapon06>
                  <Axis type="Vector">0, 1, 0</Axis>
                  <Max type="float">0.78539819</Max>
                  <Min type="float">-0.78539819</Min>
                  <Orientation type="Matrix">
                      -0.7071067100,  -0.7071067700,  -0.0000000000,
                       0.7071067700,  -0.7071067100,   0.0000000000,
                       0.0000000000,  -0.0000000000,   1.0000000000
                  </Orientation>
                  <Position type="Vector">9.5213318, -1.221164, -2.8820961</Position>
               </HpWeapon06>
               <HpTorpedo01>
                  <Axis type="Vector">0, 1, 0</Axis>
                  <Max type="float">0.78539819</Max>
                  <Min type="float">-0.78539819</Min>
                  <Orientation type="Matrix">
                      -1.0000000000, -87.427907e-09,   0.0000000000,
                      87.427907e-09,  -1.0000000000,  -0.0000000000,
                       0.0000000000,   0.0000000000,   1.0000000000
                  </Orientation>
                  <Position type="Vector">-0.026843, -2.246484, -8.1505499</Position>
               </HpTorpedo01>
            </Revolute>
         </Hardpoints>
         <MultiLevel>
            <Level0>
               <VMeshPart>
                  <VMeshRef type="VMeshRef">
                     <!-- header size  --> 60,
                     <!-- vmesh lib    --> fiery_eagle02.lod0.vms,
                     <!-- start vert   --> 0,
                     <!-- num verts    --> 1500,
                     <!-- start index  --> 0,
                     <!-- num indices  --> 2703,
                     <!-- start mesh   --> 0,
                     <!-- num meshes   --> 24,
                     <!-- bounding box -->  9.9494715,  5.9780149,  8.3550053,
                                           -9.998558,  -2.415153,  -9.0166111,
                     <!-- center       -->  0,          0,          0,
                     <!-- radius       --> 17.38135
                  </VMeshRef>
               </VMeshPart>
            </Level0>
         </MultiLevel>
      </fiery_eagle02.3db>
   </UTF_ROOT>
</UTFXML>
