<?xml version="1.0" encoding="ISO-8859-1"?>
<!-- XML generated by UTFXML Version 2.2 built 19-Aug-2010 -->
<UTFXML filename="EVE_Daredevil.cmp" path="SHIPS\new\EVE">
   <UTF_ROOT>
      <VMeshLibrary>
         <EVE_Daredevil.lod0.vms include="EVE_Daredevil_cmp\lod0.vms.xml"/>
      </VMeshLibrary>
      <Cmpnd>
         <Root>
            <File_name name="File name" type="text">EVE_Daredevil.3db</File_name>
            <Index type="int">0</Index>
            <Object_name name="Object name" type="text">Root</Object_name>
         </Root>
      </Cmpnd>
      <EVE_Daredevil.3db>
         <Hardpoints>
            <Fixed>
               <HpTractor_Source>
                  <Orientation type="Matrix">
                       1.0000000000,   0.0000000000,   0.0000000000,
                       0.0000000000,   1.0000000000,   0.0000000000,
                       0.0000000000,   0.0000000000,   1.0000000000
                  </Orientation>
                  <Position type="Vector">0, -2.359668, -24.742298</Position>
               </HpTractor_Source>
               <HpMount>
                  <Orientation type="Matrix">
                       1.0000000000,   0.0000000000,   0.0000000000,
                       0.0000000000,   1.0000000000,   0.0000000000,
                       0.0000000000,   0.0000000000,   1.0000000000
                  </Orientation>
                  <Position type="Vector">0, -14, 0</Position>
               </HpMount>
               <HpBayDoor01>
                  <Orientation type="Matrix">
                       1.0000000000,   0.0000000000,   0.0000000000,
                       0.0000000000,   1.0000000000,   0.0000000000,
                       0.0000000000,   0.0000000000,   1.0000000000
                  </Orientation>
                  <Position type="Vector">0, -16, 0</Position>
               </HpBayDoor01>
               <HpBayDoor02>
                  <Orientation type="Matrix">
                       1.0000000000,   0.0000000000,   0.0000000000,
                       0.0000000000,   1.0000000000,   0.0000000000,
                       0.0000000000,   0.0000000000,   1.0000000000
                  </Orientation>
                  <Position type="Vector">0, -19, 0</Position>
               </HpBayDoor02>
               <HpFX01>
                  <Orientation type="Matrix">
                       1.0000000000,   0.0000000000,   0.0000000000,
                       0.0000000000,   1.0000000000,   0.0000000000,
                       0.0000000000,   0.0000000000,   1.0000000000
                  </Orientation>
                  <Position type="Vector">0, 0, 0</Position>
               </HpFX01>
               <HpFX02>
                  <Orientation type="Matrix">
                      59.604645e-09,   0.9999998800,   0.0000000000,
                      -0.9999998800,  59.604645e-09,   0.0000000000,
                       0.0000000000,   0.0000000000,   1.0000000000
                  </Orientation>
                  <Position type="Vector">0, 0, 0</Position>
               </HpFX02>
               <HpFX03>
                  <Orientation type="Matrix">
                       1.0000000000,   0.0000000000,   0.0000000000,
                       0.0000000000,  59.604645e-09,   0.9999998800,
                       0.0000000000,  -0.9999998800,  59.604645e-09
                  </Orientation>
                  <Position type="Vector">0, 0, 0</Position>
               </HpFX03>
               <HpCloak01>
                  <Orientation type="Matrix">
                       1.0000000000,   0.0000000000,   0.0000000000,
                       0.0000000000,   1.0000000000,   0.0000000000,
                       0.0000000000,   0.0000000000,   1.0000000000
                  </Orientation>
                  <Position type="Vector">0, 4, 0</Position>
               </HpCloak01>
               <HpEngine01>
                  <Orientation type="Matrix">
                       1.0000000000,   0.0000000000,   0.0000000000,
                       0.0000000000,   1.0000000000,   0.0000000000,
                       0.0000000000,   0.0000000000,   1.0000000000
                  </Orientation>
                  <Position type="Vector">-11.071364, -1.60595, 3.2204609</Position>
               </HpEngine01>
               <HpEngine02>
                  <Orientation type="Matrix">
                       1.0000000000,   0.0000000000,   0.0000000000,
                       0.0000000000,   1.0000000000,   0.0000000000,
                       0.0000000000,   0.0000000000,   1.0000000000
                  </Orientation>
                  <Position type="Vector">-8.0117092, -0.577847, 3.9232659</Position>
               </HpEngine02>
               <HpEngine03>
                  <Orientation type="Matrix">
                       1.0000000000,   0.0000000000,   0.0000000000,
                       0.0000000000,   1.0000000000,   0.0000000000,
                       0.0000000000,   0.0000000000,   1.0000000000
                  </Orientation>
                  <Position type="Vector">11.063613, -1.610128, 3.2211461</Position>
               </HpEngine03>
               <HpEngine04>
                  <Orientation type="Matrix">
                       1.0000000000,   0.0000000000,   0.0000000000,
                       0.0000000000,   1.0000000000,   0.0000000000,
                       0.0000000000,   0.0000000000,   1.0000000000
                  </Orientation>
                  <Position type="Vector">8.0039949, -0.574238, 3.921865</Position>
               </HpEngine04>
               <HpThruster01>
                  <Orientation type="Matrix">
                      -1.0000000000, -87.422777e-09,   0.0000000000,
                      87.422777e-09,  -1.0000000000,  -0.0000000000,
                       0.0000000000,   0.0000000000,   1.0000000000
                  </Orientation>
                  <Position type="Vector">0, 3.933768, 31.673071</Position>
               </HpThruster01>
               <HpCM01>
                  <Orientation type="Matrix">
                      -0.9999998800, -61.817232e-09, -61.817232e-09,
                      87.422777e-09,  -0.7071067100,  -0.7071067700,
                       0.0000000000,  -0.7071067700,   0.7071068300
                  </Orientation>
                  <Position type="Vector">-19.180748, -11.130962, 0.91379303</Position>
               </HpCM01>
               <HpNew01>
                  <Orientation type="Matrix">
                       1.0000000000,   0.0000000000,   0.0000000000,
                       0.0000000000,   1.0000000000,   0.0000000000,
                       0.0000000000,   0.0000000000,   1.0000000000
                  </Orientation>
                  <Position type="Vector">0, 4, 0</Position>
               </HpNew01>
               <HpNew02>
                  <Orientation type="Matrix">
                       1.0000000000,   0.0000000000,   0.0000000000,
                       0.0000000000,   1.0000000000,   0.0000000000,
                       0.0000000000,   0.0000000000,   1.0000000000
                  </Orientation>
                  <Position type="Vector">0, 4, 0</Position>
               </HpNew02>
               <HpNew03>
                  <Orientation type="Matrix">
                       1.0000000000,   0.0000000000,   0.0000000000,
                       0.0000000000,   1.0000000000,   0.0000000000,
                       0.0000000000,   0.0000000000,   1.0000000000
                  </Orientation>
                  <Position type="Vector">0, 4, 0</Position>
               </HpNew03>
               <HpNew04>
                  <Orientation type="Matrix">
                       1.0000000000,   0.0000000000,   0.0000000000,
                       0.0000000000,   1.0000000000,   0.0000000000,
                       0.0000000000,   0.0000000000,   1.0000000000
                  </Orientation>
                  <Position type="Vector">0, 4, 0</Position>
               </HpNew04>
               <HpNew05>
                  <Orientation type="Matrix">
                       1.0000000000,   0.0000000000,   0.0000000000,
                       0.0000000000,   1.0000000000,   0.0000000000,
                       0.0000000000,   0.0000000000,   1.0000000000
                  </Orientation>
                  <Position type="Vector">0, 4, 0</Position>
               </HpNew05>
               <HpShield01>
                  <Orientation type="Matrix">
                       1.0000000000,   0.0000000000,   0.0000000000,
                       0.0000000000,   1.0000000000,   0.0000000000,
                       0.0000000000,   0.0000000000,   1.0000000000
                  </Orientation>
                  <Position type="Vector">0, 4, 0</Position>
               </HpShield01>
               <HpDocklight01>
                  <Orientation type="Matrix">
                       1.0000000000,   0.0000000000,   0.0000000000,
                       0.0000000000,   1.0000000000,   0.0000000000,
                       0.0000000000,   0.0000000000,   1.0000000000
                  </Orientation>
                  <Position type="Vector">-322.00001e-6, 6.0326142, 38.053562</Position>
               </HpDocklight01>
               <HpRunningLight01>
                  <Orientation type="Matrix">
                       1.0000000000,   0.0000000000,   0.0000000000,
                       0.0000000000,   1.0000000000,   0.0000000000,
                       0.0000000000,   0.0000000000,   1.0000000000
                  </Orientation>
                  <Position type="Vector">2e-6, 13.960546, -24.506523</Position>
               </HpRunningLight01>
            </Fixed>
            <Revolute>
               <HpTorpedo01>
                  <Axis type="Vector">0, 1, 0</Axis>
                  <Max type="float">0.78539819</Max>
                  <Min type="float">-0.78539819</Min>
                  <Orientation type="Matrix">
                      -1.0000000000, -87.422777e-09,   0.0000000000,
                      87.422777e-09,  -1.0000000000,  -0.0000000000,
                       0.0000000000,   0.0000000000,   1.0000000000
                  </Orientation>
                  <Position type="Vector">0, -6.8535819, -21.492048</Position>
               </HpTorpedo01>
               <HpTorpedo02>
                  <Axis type="Vector">0, 1, 0</Axis>
                  <Max type="float">0.78539819</Max>
                  <Min type="float">-0.78539819</Min>
                  <Orientation type="Matrix">
                       0.2588191600,  -0.9659256900,  -0.0000000000,
                       0.9659256900,   0.2588191600,   0.0000000000,
                       0.0000000000,  -0.0000000000,   1.0000000000
                  </Orientation>
                  <Position type="Vector">-21.341515, -10.264441, -23.137108</Position>
               </HpTorpedo02>
               <HpTorpedo03>
                  <Axis type="Vector">0, 1, 0</Axis>
                  <Max type="float">0.78539819</Max>
                  <Min type="float">-0.78539819</Min>
                  <Orientation type="Matrix">
                       0.2588191600,   0.9659256900,   0.0000000000,
                      -0.9659256900,   0.2588191600,   0.0000000000,
                       0.0000000000,   0.0000000000,   1.0000000000
                  </Orientation>
                  <Position type="Vector">21.336021, -10.258249, -23.154264</Position>
               </HpTorpedo03>
               <HpTorpedo04>
                  <Axis type="Vector">0, 1, 0</Axis>
                  <Max type="float">0.78539819</Max>
                  <Min type="float">-0.78539819</Min>
                  <Orientation type="Matrix">
                      59.604645e-09,  -0.9999998800,  -0.0000000000,
                       0.9999998800,  59.604645e-09,   0.0000000000,
                       0.0000000000,  -0.0000000000,   1.0000000000
                  </Orientation>
                  <Position type="Vector">-1.413174, -6.4181838, -21.492832</Position>
               </HpTorpedo04>
               <HpTorpedo05>
                  <Axis type="Vector">0, 1, 0</Axis>
                  <Max type="float">0.78539819</Max>
                  <Min type="float">-0.78539819</Min>
                  <Orientation type="Matrix">
                      59.604645e-09,   0.9999998800,   0.0000000000,
                      -0.9999998800,  59.604645e-09,   0.0000000000,
                       0.0000000000,   0.0000000000,   1.0000000000
                  </Orientation>
                  <Position type="Vector">1.416906, -6.4016519, -21.51782</Position>
               </HpTorpedo05>
               <HpTurret01>
                  <Axis type="Vector">0, 1, 0</Axis>
                  <Max type="float">1.6580628</Max>
                  <Min type="float">-1.6580628</Min>
                  <Orientation type="Matrix">
                      -0.0316295920,  -0.9057556400,   0.4226180900,
                       0.0147490800,   0.4223608100,   0.9063077000,
                      -0.9993906600,   0.0348994730,  59.604645e-09
                  </Orientation>
                  <Position type="Vector">-20.919899, -5.6126461, 1.148486</Position>
               </HpTurret01>
               <HpTurret02>
                  <Axis type="Vector">0, 1, 0</Axis>
                  <Max type="float">1.6580628</Max>
                  <Min type="float">-1.6580628</Min>
                  <Orientation type="Matrix">
                      -0.0316295920,   0.9057556400,  -0.4226180900,
                      -0.0147490800,   0.4223608100,   0.9063077000,
                       0.9993906600,   0.0348994730,  59.604645e-09
                  </Orientation>
                  <Position type="Vector">20.91493, -5.5950322, 1.122195</Position>
               </HpTurret02>
               <HpWeapon01>
                  <Axis type="Vector">0, 1, 0</Axis>
                  <Max type="float">0.34906584</Max>
                  <Min type="float">-0.34906584</Min>
                  <Orientation type="Matrix">
                       1.0000000000,   0.0000000000,   0.0000000000,
                       0.0000000000,   1.0000000000,   0.0000000000,
                       0.0000000000,   0.0000000000,   1.0000000000
                  </Orientation>
                  <Position type="Vector">-0.006508, 3.535542, -25.38612</Position>
               </HpWeapon01>
               <HpWeapon02>
                  <Axis type="Vector">0, 1, 0</Axis>
                  <Max type="float">0.34906584</Max>
                  <Min type="float">-0.34906584</Min>
                  <Orientation type="Matrix">
                       1.0000000000,   0.0000000000,   0.0000000000,
                       0.0000000000,   1.0000000000,   0.0000000000,
                       0.0000000000,   0.0000000000,   1.0000000000
                  </Orientation>
                  <Position type="Vector">-0.005338, -2.383698, -24.74271</Position>
               </HpWeapon02>
               <HpTurret03>
                  <Axis type="Vector">0, 1, 0</Axis>
                  <Max type="float">1.6580628</Max>
                  <Min type="float">-1.6580628</Min>
                  <Orientation type="Matrix">
                      -0.0316295920,  -0.9057556400,   0.4226180900,
                       0.0147490800,   0.4223608100,   0.9063077000,
                      -0.9993906600,   0.0348994730,  59.604645e-09
                  </Orientation>
                  <Position type="Vector">-20.920557, -5.6163058, 1.159673</Position>
               </HpTurret03>
               <HpTurret04>
                  <Axis type="Vector">0, 1, 0</Axis>
                  <Max type="float">1.6580628</Max>
                  <Min type="float">-1.6580628</Min>
                  <Orientation type="Matrix">
                      -0.0316295920,   0.9057556400,  -0.4226180900,
                      -0.0147490800,   0.4223608100,   0.9063077000,
                       0.9993906600,   0.0348994730,  59.604645e-09
                  </Orientation>
                  <Position type="Vector">20.913437, -5.5959558, 1.150265</Position>
               </HpTurret04>
               <HpTurret05>
                  <Axis type="Vector">0, 1, 0</Axis>
                  <Max type="float">1.6580628</Max>
                  <Min type="float">-1.6580628</Min>
                  <Orientation type="Matrix">
                      -0.0316295920,  -0.9057556400,   0.4226180900,
                       0.0147490800,   0.4223608100,   0.9063077000,
                      -0.9993906600,   0.0348994730,  59.604645e-09
                  </Orientation>
                  <Position type="Vector">-20.919085, -5.6094508, 1.142421</Position>
               </HpTurret05>
               <HpTurret06>
                  <Axis type="Vector">0, 1, 0</Axis>
                  <Max type="float">1.6580628</Max>
                  <Min type="float">-1.6580628</Min>
                  <Orientation type="Matrix">
                      -0.0316295920,   0.9057556400,  -0.4226180900,
                      -0.0147490800,   0.4223608100,   0.9063077000,
                       0.9993906600,   0.0348994730,  59.604645e-09
                  </Orientation>
                  <Position type="Vector">20.915455, -5.5993099, 1.138957</Position>
               </HpTurret06>
               <HpTurret07>
                  <Axis type="Vector">0, 1, 0</Axis>
                  <Max type="float">1.6580628</Max>
                  <Min type="float">-1.6580628</Min>
                  <Orientation type="Matrix">
                      -0.0316295920,  -0.9057556400,   0.4226180900,
                       0.0147490800,   0.4223608100,   0.9063077000,
                      -0.9993906600,   0.0348994730,  59.604645e-09
                  </Orientation>
                  <Position type="Vector">-20.924652, -5.6234031, 1.138399</Position>
               </HpTurret07>
               <HpTurret08>
                  <Axis type="Vector">0, 1, 0</Axis>
                  <Max type="float">1.6580628</Max>
                  <Min type="float">-1.6580628</Min>
                  <Orientation type="Matrix">
                      -0.0316295920,   0.9057556400,  -0.4226180900,
                      -0.0147490800,   0.4223608100,   0.9063077000,
                       0.9993906600,   0.0348994730,  59.604645e-09
                  </Orientation>
                  <Position type="Vector">20.917822, -5.6073518, 1.1494679</Position>
               </HpTurret08>
               <HpTurret09>
                  <Axis type="Vector">0, 1, 0</Axis>
                  <Max type="float">1.6580628</Max>
                  <Min type="float">-1.6580628</Min>
                  <Orientation type="Matrix">
                      -0.0316295920,  -0.9057556400,   0.4226180900,
                       0.0147490800,   0.4223608100,   0.9063077000,
                      -0.9993906600,   0.0348994730,  59.604645e-09
                  </Orientation>
                  <Position type="Vector">-20.918591, -5.614275, 1.18419</Position>
               </HpTurret09>
               <HpTurret10>
                  <Axis type="Vector">0, 1, 0</Axis>
                  <Max type="float">1.6580628</Max>
                  <Min type="float">-1.6580628</Min>
                  <Orientation type="Matrix">
                      -0.0316295920,   0.9057556400,  -0.4226180900,
                      -0.0147490800,   0.4223608100,   0.9063077000,
                       0.9993906600,   0.0348994730,  59.604645e-09
                  </Orientation>
                  <Position type="Vector">20.929296, -5.6307778, 1.110393</Position>
               </HpTurret10>
               <HpTurret11>
                  <Axis type="Vector">0, 1, 0</Axis>
                  <Max type="float">1.6580628</Max>
                  <Min type="float">-1.6580628</Min>
                  <Orientation type="Matrix">
                      -0.0316295920,  -0.9057556400,   0.4226180900,
                       0.0147490800,   0.4223608100,   0.9063077000,
                      -0.9993906600,   0.0348994730,  59.604645e-09
                  </Orientation>
                  <Position type="Vector">-20.91153, -5.5952058, 1.174953</Position>
               </HpTurret11>
               <HpTurret12>
                  <Axis type="Vector">0, 1, 0</Axis>
                  <Max type="float">1.6580628</Max>
                  <Min type="float">-1.6580628</Min>
                  <Orientation type="Matrix">
                      -0.0316295920,   0.9057556400,  -0.4226180900,
                      -0.0147490800,   0.4223608100,   0.9063077000,
                       0.9993906600,   0.0348994730,  59.604645e-09
                  </Orientation>
                  <Position type="Vector">20.92066, -5.6102958, 1.123313</Position>
               </HpTurret12>
               <HpTurret13>
                  <Axis type="Vector">0, 1, 0</Axis>
                  <Max type="float">1.6580628</Max>
                  <Min type="float">-1.6580628</Min>
                  <Orientation type="Matrix">
                      -0.0316295920,  -0.9057556400,   0.4226180900,
                       0.0147490800,   0.4223608100,   0.9063077000,
                      -0.9993906600,   0.0348994730,  59.604645e-09
                  </Orientation>
                  <Position type="Vector">-20.91927, -5.6106281, 1.146399</Position>
               </HpTurret13>
               <HpTurret14>
                  <Axis type="Vector">0, 1, 0</Axis>
                  <Max type="float">1.6580628</Max>
                  <Min type="float">-1.6580628</Min>
                  <Orientation type="Matrix">
                      -0.0316295920,   0.9057556400,  -0.4226180900,
                      -0.0147490800,   0.4223608100,   0.9063077000,
                       0.9993906600,   0.0348994730,  59.604645e-09
                  </Orientation>
                  <Position type="Vector">20.918917, -5.607296, 1.1324691</Position>
               </HpTurret14>
               <HpTurret15>
                  <Axis type="Vector">0, 1, 0</Axis>
                  <Max type="float">1.6580628</Max>
                  <Min type="float">-1.6580628</Min>
                  <Orientation type="Matrix">
                      -0.0316295920,  -0.9057556400,   0.4226180900,
                       0.0147490800,   0.4223608100,   0.9063077000,
                      -0.9993906600,   0.0348994730,  59.604645e-09
                  </Orientation>
                  <Position type="Vector">-20.913973, -5.6019678, 1.179973</Position>
               </HpTurret15>
               <HpTurret16>
                  <Axis type="Vector">0, 1, 0</Axis>
                  <Max type="float">1.6580628</Max>
                  <Min type="float">-1.6580628</Min>
                  <Orientation type="Matrix">
                      -0.0316295920,   0.9057556400,  -0.4226180900,
                      -0.0147490800,   0.4223608100,   0.9063077000,
                       0.9993906600,   0.0348994730,  59.604645e-09
                  </Orientation>
                  <Position type="Vector">20.924988, -5.6248188, 1.141511</Position>
               </HpTurret16>
               <HpTurret17>
                  <Axis type="Vector">0, 1, 0</Axis>
                  <Max type="float">1.6580628</Max>
                  <Min type="float">-1.6580628</Min>
                  <Orientation type="Matrix">
                      -0.0316295920,  -0.9057556400,   0.4226180900,
                       0.0147490800,   0.4223608100,   0.9063077000,
                      -0.9993906600,   0.0348994730,  59.604645e-09
                  </Orientation>
                  <Position type="Vector">-20.91625, -5.6035008, 1.151121</Position>
               </HpTurret17>
               <HpTurret18>
                  <Axis type="Vector">0, 1, 0</Axis>
                  <Max type="float">1.6580628</Max>
                  <Min type="float">-1.6580628</Min>
                  <Orientation type="Matrix">
                      -0.0316295920,   0.9057556400,  -0.4226180900,
                      -0.0147490800,   0.4223608100,   0.9063077000,
                       0.9993906600,   0.0348994730,  59.604645e-09
                  </Orientation>
                  <Position type="Vector">20.92293, -5.6133299, 1.106318</Position>
               </HpTurret18>
            </Revolute>
         </Hardpoints>
         <MultiLevel>
            <Level0>
               <VMeshPart>
                  <VMeshRef type="VMeshRef">
                     <!-- header size  --> 60,
                     <!-- vmesh lib    --> EVE_Daredevil.lod0.vms,
                     <!-- start vert   --> 0,
                     <!-- num verts    --> 2964,
                     <!-- start index  --> 0,
                     <!-- num indices  --> 12216,
                     <!-- start mesh   --> 0,
                     <!-- num meshes   --> 1,
                     <!-- bounding box -->  22.076801,  16.574039,   38.059826,
                                           -22.076801, -12.213832,  -40.607784,
                     <!-- center       -->   0,          2.1801038,  -1.2739792,
                     <!-- radius       --> 61.378387
                  </VMeshRef>
               </VMeshPart>
            </Level0>
         </MultiLevel>
      </EVE_Daredevil.3db>
   </UTF_ROOT>
</UTFXML>
