<?xml version="1.0" encoding="ISO-8859-1"?>
<!-- XML generated by UTFXML Version 2.2 built 19-Aug-2010 -->
<UTFXML filename="Stratios.cmp" path="SHIPS\new\EVE">
   <UTF_ROOT>
      <VMeshLibrary>
         <stratios.lod0-112.vms include="Stratios_cmp\lod0-112.vms.xml"/>
      </VMeshLibrary>
      <Exporter_Version name="Exporter Version" type="text">Export</Exporter_Version>
      <Cmpnd>
         <Cons>
            <Fix type="Fix" count="2">
               <part>
                  <!-- parent      --> "Root",
                  <!-- child       --> "Stratios_p1_lod1",
                  <!-- position    --> 0, 0, -0,
                  <!-- orientation -->   1.0000000000,   0.0000000000,  -0.0000000000,
                                         0.0000000000,   1.0000000000,  -0.0000000000,
                                        -0.0000000000,  -0.0000000000,   1.0000000000
               </part>
               <part>
                  <!-- parent      --> "Root",
                  <!-- child       --> "Stratios_p2_lod1",
                  <!-- position    --> 0, 0, -0,
                  <!-- orientation -->   1.0000000000,   0.0000000000,  -0.0000000000,
                                         0.0000000000,   1.0000000000,  -0.0000000000,
                                        -0.0000000000,  -0.0000000000,   1.0000000000
               </part>
            </Fix>
         </Cons>
         <Part_Stratios_p1_lod1>
            <Object_name name="Object name" type="text">Stratios_p1_lod1</Object_name>
            <Index type="int">0</Index>
            <File_name name="File name" type="text">Stratios_p1_lod1221102155107.3db</File_name>
         </Part_Stratios_p1_lod1>
         <Part_Stratios_p2_lod1>
            <Object_name name="Object name" type="text">Stratios_p2_lod1</Object_name>
            <Index type="int">0</Index>
            <File_name name="File name" type="text">Stratios_p2_lod1221102155107.3db</File_name>
         </Part_Stratios_p2_lod1>
         <Root>
            <Object_name name="Object name" type="text">Root</Object_name>
            <Index type="int">0</Index>
            <File_name name="File name" type="text">Stratios221102155107.3db</File_name>
         </Root>
      </Cmpnd>
      <Stratios221102155107.3db>
         <VMeshPart>
            <VMeshRef type="VMeshRef">
               <!-- header size  --> 60,
               <!-- vmesh lib    --> stratios.lod0-112.vms,
               <!-- start vert   --> 0,
               <!-- num verts    --> 20,
               <!-- start index  --> 0,
               <!-- num indices  --> 36,
               <!-- start mesh   --> 0,
               <!-- num meshes   --> 1,
               <!-- bounding box -->  0.12553965,    0.1368188,   0.48381203,
                                     -0.1255473,    -0.11426816,  0.23272507,
               <!-- center       -->  2.8610229e-6,  0.43209267, -3.1082554,
               <!-- radius       --> 3.6355498
            </VMeshRef>
         </VMeshPart>
         <Hardpoints>
            <Fixed>
               <HpMount>
                  <Position type="Vector">0, -15, -25</Position>
                  <Orientation type="Matrix">
                       1.0000000000,   0.0000000000,  -0.0000000000,
                       0.0000000000,   1.0000000000,  -0.0000000000,
                      -0.0000000000,  -0.0000000000,   1.0000000000
                  </Orientation>
               </HpMount>
               <HpFX01>
                  <Position type="Vector">0, 0, -0</Position>
                  <Orientation type="Matrix">
                       1.0000000000,   0.0000000000,  -0.0000000000,
                       0.0000000000,   1.0000000000,  -0.0000000000,
                      -0.0000000000,  -0.0000000000,   1.0000000000
                  </Orientation>
               </HpFX01>
               <HpFX02>
                  <Position type="Vector">0, 0, -0</Position>
                  <Orientation type="Matrix">
                      313.91644e-09,   0.9999998800,  -0.0000000000,
                      -0.9999998800,  313.91644e-09,  -0.0000000000,
                      -0.0000000000,  -0.0000000000,   1.0000000000
                  </Orientation>
               </HpFX02>
               <HpFX03>
                  <Position type="Vector">0, 0, -0</Position>
                  <Orientation type="Matrix">
                       1.0000000000,   0.0000000000,  -0.0000000000,
                       0.0000000000,  313.91644e-09,   0.9999998800,
                      -0.0000000000,  -0.9999998800,  313.91644e-09
                  </Orientation>
               </HpFX03>
               <HpFX04>
                  <Position type="Vector">0, 0, -0</Position>
                  <Orientation type="Matrix">
                       1.0000000000,   0.0000000000,  -0.0000000000,
                       0.0000000000,   1.0000000000,  -0.0000000000,
                      -0.0000000000,  -0.0000000000,   1.0000000000
                  </Orientation>
               </HpFX04>
               <HpFX05>
                  <Position type="Vector">0, 0, -0</Position>
                  <Orientation type="Matrix">
                       1.0000000000,   0.0000000000,  -0.0000000000,
                       0.0000000000,   1.0000000000,  -0.0000000000,
                      -0.0000000000,  -0.0000000000,   1.0000000000
                  </Orientation>
               </HpFX05>
               <HpFX06>
                  <Position type="Vector">0, 0, -0</Position>
                  <Orientation type="Matrix">
                       1.0000000000,   0.0000000000,  -0.0000000000,
                       0.0000000000,   1.0000000000,  -0.0000000000,
                      -0.0000000000,  -0.0000000000,   1.0000000000
                  </Orientation>
               </HpFX06>
               <HpFX07>
                  <Position type="Vector">0, 0, -0</Position>
                  <Orientation type="Matrix">
                       1.0000000000,   0.0000000000,  -0.0000000000,
                       0.0000000000,   1.0000000000,  -0.0000000000,
                      -0.0000000000,  -0.0000000000,   1.0000000000
                  </Orientation>
               </HpFX07>
               <HpShield01>
                  <Position type="Vector">0, 0, -0</Position>
                  <Orientation type="Matrix">
                       1.0000000000,   0.0000000000,  -0.0000000000,
                       0.0000000000,   1.0000000000,  -0.0000000000,
                      -0.0000000000,  -0.0000000000,   1.0000000000
                  </Orientation>
               </HpShield01>
               <HpCloak01>
                  <Position type="Vector">0, 0, -0</Position>
                  <Orientation type="Matrix">
                       1.0000000000,   0.0000000000,  -0.0000000000,
                       0.0000000000,   1.0000000000,  -0.0000000000,
                      -0.0000000000,  -0.0000000000,   1.0000000000
                  </Orientation>
               </HpCloak01>
            </Fixed>
         </Hardpoints>
      </Stratios221102155107.3db>
      <Stratios_p1_lod1221102155107.3db>
         <VMeshPart>
            <VMeshRef type="VMeshRef">
               <!-- header size  --> 60,
               <!-- vmesh lib    --> stratios.lod0-112.vms,
               <!-- start vert   --> 20,
               <!-- num verts    --> 8802,
               <!-- start index  --> 36,
               <!-- num indices  --> 27663,
               <!-- start mesh   --> 1,
               <!-- num meshes   --> 1,
               <!-- bounding box -->  24.816433,      22.893074,    46.946808,
                                     -24.816427,     -22.028889,   -53.163319,
               <!-- center       -->   2.8610229e-6,   0.43209267,  -3.1082554,
               <!-- radius       --> 51.10722
            </VMeshRef>
         </VMeshPart>
         <VMeshWire include="Stratios_cmp\Stratios_p1_lod1.vwd.xml"/>
         <Hardpoints>
            <Fixed>
               <HpBayDoor01>
                  <Position type="Vector">0, 25, 29</Position>
                  <Orientation type="Matrix">
                       1.0000000000,   0.0000000000,  -0.0000000000,
                       0.0000000000,   1.0000000000,  -0.0000000000,
                      -0.0000000000,  -0.0000000000,   1.0000000000
                  </Orientation>
               </HpBayDoor01>
               <HpBayDoor02>
                  <Position type="Vector">0, 31, 29</Position>
                  <Orientation type="Matrix">
                       1.0000000000,   0.0000000000,  -0.0000000000,
                       0.0000000000,   1.0000000000,  -0.0000000000,
                      -0.0000000000,  -0.0000000000,   1.0000000000
                  </Orientation>
               </HpBayDoor02>
               <HpEngine01>
                  <Position type="Vector">-7.4371338, 4.3705659, 46.405468</Position>
                  <Orientation type="Matrix">
                       1.0000000000,   0.0000000000,  -0.0000000000,
                       0.0000000000,   1.0000000000,  -0.0000000000,
                      -0.0000000000,  -0.0000000000,   1.0000000000
                  </Orientation>
               </HpEngine01>
               <HpEngine02>
                  <Position type="Vector">-7.408988, 1.2544791, 46.405468</Position>
                  <Orientation type="Matrix">
                       1.0000000000,   0.0000000000,  -0.0000000000,
                       0.0000000000,   1.0000000000,  -0.0000000000,
                      -0.0000000000,  -0.0000000000,   1.0000000000
                  </Orientation>
               </HpEngine02>
               <HpEngine03>
                  <Position type="Vector">-2.5393169, 3.0015659, 44.553955</Position>
                  <Orientation type="Matrix">
                       1.0000000000,   0.0000000000,  -0.0000000000,
                       0.0000000000,   1.0000000000,  -0.0000000000,
                      -0.0000000000,  -0.0000000000,   1.0000000000
                  </Orientation>
               </HpEngine03>
               <HpEngine04>
                  <Position type="Vector">0.007025, 3.0007901, 44.553955</Position>
                  <Orientation type="Matrix">
                       1.0000000000,   0.0000000000,  -0.0000000000,
                       0.0000000000,   1.0000000000,  -0.0000000000,
                      -0.0000000000,  -0.0000000000,   1.0000000000
                  </Orientation>
               </HpEngine04>
               <HpEngine05>
                  <Position type="Vector">2.4972811, 3.0112491, 44.553955</Position>
                  <Orientation type="Matrix">
                       1.0000000000,   0.0000000000,  -0.0000000000,
                       0.0000000000,   1.0000000000,  -0.0000000000,
                      -0.0000000000,  -0.0000000000,   1.0000000000
                  </Orientation>
               </HpEngine05>
               <HpEngine06>
                  <Position type="Vector">7.4315882, 4.3683858, 46.405468</Position>
                  <Orientation type="Matrix">
                       1.0000000000,   0.0000000000,  -0.0000000000,
                       0.0000000000,   1.0000000000,  -0.0000000000,
                      -0.0000000000,  -0.0000000000,   1.0000000000
                  </Orientation>
               </HpEngine06>
               <HpEngine07>
                  <Position type="Vector">7.4428072, 1.2611721, 46.405468</Position>
                  <Orientation type="Matrix">
                       1.0000000000,   0.0000000000,  -0.0000000000,
                       0.0000000000,   1.0000000000,  -0.0000000000,
                      -0.0000000000,  -0.0000000000,   1.0000000000
                  </Orientation>
               </HpEngine07>
               <HpThruster01>
                  <Position type="Vector">0, 0.995543, 45.024258</Position>
                  <Orientation type="Matrix">
                      -1.0000000000,  106.17260e-15, -325.84137e-09,
                       0.0000000000,  -1.0000000000, -325.84137e-09,
                     -325.84137e-09, -325.84137e-09,   1.0000000000
                  </Orientation>
               </HpThruster01>
               <HpCM01>
                  <Position type="Vector">-9.0124044, -21.692503, 30.557961</Position>
                  <Orientation type="Matrix">
                      -1.0000000000,  186.89494e-09, -266.91362e-09,
                     -1.7763568e-15,  -0.8191520600,  -0.5735764500,
                     -325.84134e-09,  -0.5735764500,   0.8191520600
                  </Orientation>
               </HpCM01>
               <HpCM02>
                  <Position type="Vector">8.9523726, -21.692286, 30.551817</Position>
                  <Orientation type="Matrix">
                      -1.0000000000,  186.89494e-09, -266.91362e-09,
                     -1.7763568e-15,  -0.8191520600,  -0.5735764500,
                     -325.84134e-09,  -0.5735764500,   0.8191520600
                  </Orientation>
               </HpCM02>
               <HpCM03>
                  <Position type="Vector">-9.0439243, -21.692617, 26.972309</Position>
                  <Orientation type="Matrix">
                      -0.8191518800,  104.30813e-09,  -0.5735763300,
                       0.3289898900,  -0.8191520000,  -0.4698462800,
                      -0.4698463100,  -0.5735763900,   0.6710100800
                  </Orientation>
               </HpCM03>
               <HpCM04>
                  <Position type="Vector">8.9832191, -21.692396, 27.033201</Position>
                  <Orientation type="Matrix">
                      -0.8191518800, -119.20929e-09,   0.5735763300,
                      -0.3289898600,  -0.8191518800,  -0.4698463700,
                       0.4698462500,  -0.5735762100,   0.6710099600
                  </Orientation>
               </HpCM04>
               <HpDocklight01>
                  <Position type="Vector">-24.042891, 0.336445, 28.815853</Position>
                  <Orientation type="Matrix">
                       1.0000000000,   0.0000000000,  -0.0000000000,
                       0.0000000000,   1.0000000000,  -0.0000000000,
                      -0.0000000000,  -0.0000000000,   1.0000000000
                  </Orientation>
               </HpDocklight01>
               <HpDocklight02>
                  <Position type="Vector">24.041885, 0.33719501, 28.842113</Position>
                  <Orientation type="Matrix">
                       1.0000000000,   0.0000000000,  -0.0000000000,
                       0.0000000000,   1.0000000000,  -0.0000000000,
                      -0.0000000000,  -0.0000000000,   1.0000000000
                  </Orientation>
               </HpDocklight02>
               <HpRunningLight01>
                  <Position type="Vector">-3.8303189, 5.6180449, 4.8575592</Position>
                  <Orientation type="Matrix">
                       1.0000000000,   0.0000000000,  -0.0000000000,
                       0.0000000000,   1.0000000000,  -0.0000000000,
                      -0.0000000000,  -0.0000000000,   1.0000000000
                  </Orientation>
               </HpRunningLight01>
               <HpRunningLight02>
                  <Position type="Vector">3.827106, 5.6180449, 4.8613038</Position>
                  <Orientation type="Matrix">
                       1.0000000000,   0.0000000000,  -0.0000000000,
                       0.0000000000,   1.0000000000,  -0.0000000000,
                      -0.0000000000,  -0.0000000000,   1.0000000000
                  </Orientation>
               </HpRunningLight02>
               <HpRunningLight03>
                  <Position type="Vector">-21.807674, 1.0357651, 15.560192</Position>
                  <Orientation type="Matrix">
                       1.0000000000,   0.0000000000,  -0.0000000000,
                       0.0000000000,   1.0000000000,  -0.0000000000,
                      -0.0000000000,  -0.0000000000,   1.0000000000
                  </Orientation>
               </HpRunningLight03>
               <HpRunningLight04>
                  <Position type="Vector">21.803482, 1.033621, 15.560184</Position>
                  <Orientation type="Matrix">
                       1.0000000000,   0.0000000000,  -0.0000000000,
                       0.0000000000,   1.0000000000,  -0.0000000000,
                      -0.0000000000,  -0.0000000000,   1.0000000000
                  </Orientation>
               </HpRunningLight04>
               <HpRunningLight05>
                  <Position type="Vector">-0.022472, 4.7347221, -14.298913</Position>
                  <Orientation type="Matrix">
                       1.0000000000,   0.0000000000,  -0.0000000000,
                       0.0000000000,   1.0000000000,  -0.0000000000,
                      -0.0000000000,  -0.0000000000,   1.0000000000
                  </Orientation>
               </HpRunningLight05>
               <HpRunningLight06>
                  <Position type="Vector">-1.925885, -4.8870449, -53.163319</Position>
                  <Orientation type="Matrix">
                       1.0000000000,   0.0000000000,  -0.0000000000,
                       0.0000000000,   1.0000000000,  -0.0000000000,
                      -0.0000000000,  -0.0000000000,   1.0000000000
                  </Orientation>
               </HpRunningLight06>
               <HpRunningLight07>
                  <Position type="Vector">1.921342, -4.8874192, -53.163319</Position>
                  <Orientation type="Matrix">
                       1.0000000000,   0.0000000000,  -0.0000000000,
                       0.0000000000,   1.0000000000,  -0.0000000000,
                      -0.0000000000,  -0.0000000000,   1.0000000000
                  </Orientation>
               </HpRunningLight07>
               <HpRunningLight08>
                  <Position type="Vector">0, 22.891867, 28.884043</Position>
                  <Orientation type="Matrix">
                       1.0000000000,   0.0000000000,  -0.0000000000,
                       0.0000000000,   1.0000000000,  -0.0000000000,
                      -0.0000000000,  -0.0000000000,   1.0000000000
                  </Orientation>
               </HpRunningLight08>
               <HpRunningLight09>
                  <Position type="Vector">0, -22.028252, 28.945915</Position>
                  <Orientation type="Matrix">
                       1.0000000000,   0.0000000000,  -0.0000000000,
                       0.0000000000,   1.0000000000,  -0.0000000000,
                      -0.0000000000,  -0.0000000000,   1.0000000000
                  </Orientation>
               </HpRunningLight09>
               <HpRunningLight10>
                  <Position type="Vector">0, -5.9126058, 0.31478</Position>
                  <Orientation type="Matrix">
                      -1.0000000000,  106.17260e-15, -325.84137e-09,
                       0.0000000000,  -1.0000000000, -325.84137e-09,
                     -325.84137e-09, -325.84137e-09,   1.0000000000
                  </Orientation>
               </HpRunningLight10>
               <HpTractor_Source>
                  <Position type="Vector">0, -2.606679, -47.239418</Position>
                  <Orientation type="Matrix">
                       1.0000000000,   0.0000000000,  -0.0000000000,
                       0.0000000000,   1.0000000000,  -0.0000000000,
                      -0.0000000000,  -0.0000000000,   1.0000000000
                  </Orientation>
               </HpTractor_Source>
            </Fixed>
            <Revolute>
               <HpTorpedo01>
                  <Position type="Vector">0, -7.9713368, -34.269051</Position>
                  <Orientation type="Matrix">
                      -1.0000000000,  106.17260e-15, -325.84137e-09,
                       0.0000000000,  -1.0000000000, -325.84137e-09,
                     -325.84137e-09, -325.84137e-09,   1.0000000000
                  </Orientation>
                  <Axis type="Vector">0, 1, -0</Axis>
                  <Min type="float">-0.78539819</Min>
                  <Max type="float">0.78539819</Max>
               </HpTorpedo01>
               <HpA01>
                  <Position type="Vector">-24.042753, 0.35470599, 28.780342</Position>
                  <Orientation type="Matrix">
                      313.91644e-09,  -0.9999998800,  -0.0000000000,
                       0.9999998800,  313.91644e-09,  -0.0000000000,
                      -0.0000000000,  -0.0000000000,   1.0000000000
                  </Orientation>
                  <Axis type="Vector">0, 1, -0</Axis>
                  <Min type="float">-3.1415927</Min>
                  <Max type="float">3.1415927</Max>
               </HpA01>
               <HpA02>
                  <Position type="Vector">24.042055, 0.31453601, 28.801306</Position>
                  <Orientation type="Matrix">
                      313.91644e-09,   0.9999998800,  -0.0000000000,
                      -0.9999998800,  313.91644e-09,  -0.0000000000,
                      -0.0000000000,  -0.0000000000,   1.0000000000
                  </Orientation>
                  <Axis type="Vector">0, 1, -0</Axis>
                  <Min type="float">-3.1415927</Min>
                  <Max type="float">3.1415927</Max>
               </HpA02>
               <HpTurret01>
                  <Position type="Vector">-24.672857, 4.8589211, 27.615185</Position>
                  <Orientation type="Matrix">
                       0.1391731200,  -0.9902681700,  -0.0000000000,
                       0.9902681700,   0.1391731200,  -0.0000000000,
                      -0.0000000000,  -0.0000000000,   1.0000000000
                  </Orientation>
                  <Axis type="Vector">0, 1, -0</Axis>
                  <Min type="float">-3.1415927</Min>
                  <Max type="float">3.1415927</Max>
               </HpTurret01>
               <HpTurret02>
                  <Position type="Vector">24.674025, 4.8508878, 27.588057</Position>
                  <Orientation type="Matrix">
                       0.1391730000,   0.9902682300,  -0.0000000000,
                      -0.9902682300,   0.1391730000,  -0.0000000000,
                      -0.0000000000,  -0.0000000000,   1.0000000000
                  </Orientation>
                  <Axis type="Vector">0, 1, -0</Axis>
                  <Min type="float">-3.1415927</Min>
                  <Max type="float">3.1415927</Max>
               </HpTurret02>
               <HpTurret03>
                  <Position type="Vector">-24.678539, 4.8196259, 32.501873</Position>
                  <Orientation type="Matrix">
                       0.1391731200,  -0.9902681700,  -0.0000000000,
                       0.9902681700,   0.1391731200,  -0.0000000000,
                      -0.0000000000,  -0.0000000000,   1.0000000000
                  </Orientation>
                  <Axis type="Vector">0, 1, -0</Axis>
                  <Min type="float">-3.1415927</Min>
                  <Max type="float">3.1415927</Max>
               </HpTurret03>
               <HpTurret04>
                  <Position type="Vector">24.673864, 4.8520012, 32.454128</Position>
                  <Orientation type="Matrix">
                       0.1391730000,   0.9902682300,  -0.0000000000,
                      -0.9902682300,   0.1391730000,  -0.0000000000,
                      -0.0000000000,  -0.0000000000,   1.0000000000
                  </Orientation>
                  <Axis type="Vector">0, 1, -0</Axis>
                  <Min type="float">-3.1415927</Min>
                  <Max type="float">3.1415927</Max>
               </HpTurret04>
               <HpTurret05>
                  <Position type="Vector">-24.674931, -3.9213991, 27.592424</Position>
                  <Orientation type="Matrix">
                      -0.1736492500,  -0.9848076700,  -0.0000000000,
                       0.9848076700,  -0.1736492500,  -0.0000000000,
                      -0.0000000000,  -0.0000000000,   1.0000000000
                  </Orientation>
                  <Axis type="Vector">0, 1, -0</Axis>
                  <Min type="float">-3.1415927</Min>
                  <Max type="float">3.1415927</Max>
               </HpTurret05>
               <HpTurret06>
                  <Position type="Vector">24.672918, -3.935333, 27.586859</Position>
                  <Orientation type="Matrix">
                      -0.1736485500,   0.9848077900,  -0.0000000000,
                      -0.9848077900,  -0.1736485500,  -0.0000000000,
                      -0.0000000000,  -0.0000000000,   1.0000000000
                  </Orientation>
                  <Axis type="Vector">0, 1, -0</Axis>
                  <Min type="float">-3.1415927</Min>
                  <Max type="float">3.1415927</Max>
               </HpTurret06>
               <HpTurret07>
                  <Position type="Vector">-24.674004, -3.9277971, 32.470608</Position>
                  <Orientation type="Matrix">
                      -0.1736492500,  -0.9848076700,  -0.0000000000,
                       0.9848076700,  -0.1736492500,  -0.0000000000,
                      -0.0000000000,  -0.0000000000,   1.0000000000
                  </Orientation>
                  <Axis type="Vector">0, 1, -0</Axis>
                  <Min type="float">-3.1415927</Min>
                  <Max type="float">3.1415927</Max>
               </HpTurret07>
               <HpTurret08>
                  <Position type="Vector">24.675943, -3.914449, 32.450218</Position>
                  <Orientation type="Matrix">
                      -0.1736485500,   0.9848077900,  -0.0000000000,
                      -0.9848077900,  -0.1736485500,  -0.0000000000,
                      -0.0000000000,  -0.0000000000,   1.0000000000
                  </Orientation>
                  <Axis type="Vector">0, 1, -0</Axis>
                  <Min type="float">-3.1415927</Min>
                  <Max type="float">3.1415927</Max>
               </HpTurret08>
               <HpTurret09>
                  <Position type="Vector">-13.236743, 21.473989, 27.403261</Position>
                  <Orientation type="Matrix">
                       0.8660254500,  -0.5000000000,  -0.0000000000,
                       0.5000000000,   0.8660254500,  -0.0000000000,
                      -0.0000000000,  -0.0000000000,   1.0000000000
                  </Orientation>
                  <Axis type="Vector">0, 1, -0</Axis>
                  <Min type="float">-3.1415927</Min>
                  <Max type="float">3.1415927</Max>
               </HpTurret09>
               <HpTurret10>
                  <Position type="Vector">13.200748, 21.494049, 27.446024</Position>
                  <Orientation type="Matrix">
                       0.8660253900,   0.5000000000,  -0.0000000000,
                      -0.5000000000,   0.8660253900,  -0.0000000000,
                      -0.0000000000,  -0.0000000000,   1.0000000000
                  </Orientation>
                  <Axis type="Vector">0, 1, -0</Axis>
                  <Min type="float">-3.1415927</Min>
                  <Max type="float">3.1415927</Max>
               </HpTurret10>
               <HpTurret11>
                  <Position type="Vector">-13.190594, -20.576658, 27.392397</Position>
                  <Orientation type="Matrix">
                      -0.8829479200,  -0.4694709500,  -0.0000000000,
                       0.4694709500,  -0.8829479200,  -0.0000000000,
                      -0.0000000000,  -0.0000000000,   1.0000000000
                  </Orientation>
                  <Axis type="Vector">0, 1, -0</Axis>
                  <Min type="float">-3.1415927</Min>
                  <Max type="float">3.1415927</Max>
               </HpTurret11>
               <HpTurret12>
                  <Position type="Vector">13.213982, -20.563633, 27.400238</Position>
                  <Orientation type="Matrix">
                      -0.8829475600,   0.4694715700,  -0.0000000000,
                      -0.4694715700,  -0.8829475600,  -0.0000000000,
                      -0.0000000000,  -0.0000000000,   1.0000000000
                  </Orientation>
                  <Axis type="Vector">0, 1, -0</Axis>
                  <Min type="float">-3.1415927</Min>
                  <Max type="float">3.1415927</Max>
               </HpTurret12>
               <HpTurret13>
                  <Position type="Vector">-6.7142591, 0.406982, -22.373989</Position>
                  <Orientation type="Matrix">
                       0.3583676500,  -0.9335805200,  -0.0000000000,
                       0.9335805200,   0.3583676500,  -0.0000000000,
                      -0.0000000000,  -0.0000000000,   1.0000000000
                  </Orientation>
                  <Axis type="Vector">0, 1, -0</Axis>
                  <Min type="float">-1.7278759</Min>
                  <Max type="float">1.7278759</Max>
               </HpTurret13>
               <HpTurret14>
                  <Position type="Vector">6.7178869, 0.39492199, -22.378881</Position>
                  <Orientation type="Matrix">
                       0.3583678600,   0.9335804600,  -0.0000000000,
                      -0.9335804600,   0.3583678600,  -0.0000000000,
                      -0.0000000000,  -0.0000000000,   1.0000000000
                  </Orientation>
                  <Axis type="Vector">0, 1, -0</Axis>
                  <Min type="float">-1.7278759</Min>
                  <Max type="float">1.7278759</Max>
               </HpTurret14>
               <HpTurret15>
                  <Position type="Vector">-6.7172718, 0.398918, -19.842405</Position>
                  <Orientation type="Matrix">
                       0.3583676500,  -0.9335805200,  -0.0000000000,
                       0.9335805200,   0.3583676500,  -0.0000000000,
                      -0.0000000000,  -0.0000000000,   1.0000000000
                  </Orientation>
                  <Axis type="Vector">0, 1, -0</Axis>
                  <Min type="float">-1.7278759</Min>
                  <Max type="float">1.7278759</Max>
               </HpTurret15>
               <HpTurret16>
                  <Position type="Vector">6.7312942, 0.35915199, -19.888178</Position>
                  <Orientation type="Matrix">
                       0.3583678600,   0.9335804600,  -0.0000000000,
                      -0.9335804600,   0.3583678600,  -0.0000000000,
                      -0.0000000000,  -0.0000000000,   1.0000000000
                  </Orientation>
                  <Axis type="Vector">0, 1, -0</Axis>
                  <Min type="float">-1.7278759</Min>
                  <Max type="float">1.7278759</Max>
               </HpTurret16>
               <HpTurret17>
                  <Position type="Vector">0, 2.966186, -22.767912</Position>
                  <Orientation type="Matrix">
                       1.0000000000,   0.0000000000,  -0.0000000000,
                       0.0000000000,   1.0000000000,  -0.0000000000,
                      -0.0000000000,  -0.0000000000,   1.0000000000
                  </Orientation>
                  <Axis type="Vector">0, 1, -0</Axis>
                  <Min type="float">-1.7278759</Min>
                  <Max type="float">1.7278759</Max>
               </HpTurret17>
               <HpTurret18>
                  <Position type="Vector">0, -7.2613521, -27.273746</Position>
                  <Orientation type="Matrix">
                      -1.0000000000,  106.17260e-15, -325.84137e-09,
                       0.0000000000,  -1.0000000000, -325.84137e-09,
                     -325.84137e-09, -325.84137e-09,   1.0000000000
                  </Orientation>
                  <Axis type="Vector">0, 1, -0</Axis>
                  <Min type="float">-1.7278759</Min>
                  <Max type="float">1.7278759</Max>
               </HpTurret18>
               <HpA03>
                  <Axis type="Vector">0, 1, 0</Axis>
                  <Max type="float">0.69813168</Max>
                  <Min type="float">-0.69813168</Min>
                  <Orientation type="Matrix">
                      -1.0000000000, -87.422777e-09,   0.0000000000,
                      87.422777e-09,  -1.0000000000,  -0.0000000000,
                       0.0000000000,   0.0000000000,   1.0000000000
                  </Orientation>
                  <Position type="Vector">0, -7.971602, -34.117805</Position>
               </HpA03>
            </Revolute>
         </Hardpoints>
      </Stratios_p1_lod1221102155107.3db>
      <Stratios_p2_lod1221102155107.3db>
         <VMeshPart>
            <VMeshRef type="VMeshRef">
               <!-- header size  --> 60,
               <!-- vmesh lib    --> stratios.lod0-112.vms,
               <!-- start vert   --> 8822,
               <!-- num verts    --> 58,
               <!-- start index  --> 27699,
               <!-- num indices  --> 168,
               <!-- start mesh   --> 2,
               <!-- num meshes   --> 1,
               <!-- bounding box -->  22.310083,      22.742172,   30.790119,
                                     -22.310076,     -21.877987,   26.765945,
               <!-- center       -->   2.8610229e-6,   0.43209267, -3.1082554,
               <!-- radius       --> 40.581326
            </VMeshRef>
         </VMeshPart>
         <VMeshWire include="Stratios_cmp\Stratios_p2_lod1.vwd.xml"/>
      </Stratios_p2_lod1221102155107.3db>
   </UTF_ROOT>
</UTFXML>
