<?xml version="1.0" encoding="ISO-8859-1"?>
<!-- XML generated by UTFXML Version 2.2 built 19-Aug-2010 -->
<UTFXML filename="thunderchild_v2.cmp" path="SHIPS\new\EVE">
   <UTF_ROOT>
      <VMeshLibrary>
         <thunderchild_v2_root.lod0.vms include="thunderchild_v2_cmp\lod0.vms.xml"/>
      </VMeshLibrary>
      <Cmpnd>
         <Cons>
            <Fix type="Fix" count="2">
               <part>
                  <!-- parent      --> "Root",
                  <!-- child       --> "thunderchild_v2_p1_lod1",
                  <!-- position    --> 0, 0, 0,
                  <!-- orientation -->   1.0000000000,   0.0000000000,   0.0000000000,
                                         0.0000000000,   1.0000000000,   0.0000000000,
                                         0.0000000000,   0.0000000000,   1.0000000000
               </part>
               <part>
                  <!-- parent      --> "Root",
                  <!-- child       --> "thunderchild_v2_p2_lod1",
                  <!-- position    --> 0, 0, 0,
                  <!-- orientation -->   1.0000000000,   0.0000000000,   0.0000000000,
                                         0.0000000000,   1.0000000000,   0.0000000000,
                                         0.0000000000,   0.0000000000,   1.0000000000
               </part>
            </Fix>
         </Cons>
         <Root>
            <File_name name="File name" type="text">thunderchild_v2_root_lod1.3db</File_name>
            <Index type="int">0</Index>
            <Object_name name="Object name" type="text">Root</Object_name>
         </Root>
         <Part_thunderchild_v2_p1_lod1>
            <File_name name="File name" type="text">thunderchild_v2_p1_lod1.3db</File_name>
            <Index type="int">1</Index>
            <Object_name name="Object name" type="text">thunderchild_v2_p1_lod1</Object_name>
         </Part_thunderchild_v2_p1_lod1>
         <Part_thunderchild_v2_p2_lod1>
            <File_name name="File name" type="text">thunderchild_v2_p2_lod1.3db</File_name>
            <Index type="int">2</Index>
            <Object_name name="Object name" type="text">thunderchild_v2_p2_lod1</Object_name>
         </Part_thunderchild_v2_p2_lod1>
      </Cmpnd>
      <thunderchild_v2_root_lod1.3db>
         <MultiLevel>
            <Level0>
               <VMeshPart>
                  <VMeshRef type="VMeshRef">
                     <!-- header size  --> 60,
                     <!-- vmesh lib    --> thunderchild_v2_root.lod0.vms,
                     <!-- start vert   --> 0,
                     <!-- num verts    --> 20,
                     <!-- start index  --> 0,
                     <!-- num indices  --> 36,
                     <!-- start mesh   --> 0,
                     <!-- num meshes   --> 1,
                     <!-- bounding box -->  180.56969,      66.025215,  138.01233,
                                           -180.56963,     -90.013329, -137.49524,
                     <!-- center       -->   30.517578e-6, -11.994057,    0.25854492,
                     <!-- radius       --> 305.56097
                  </VMeshRef>
               </VMeshPart>
            </Level0>
         </MultiLevel>
         <Hardpoints>
            <Fixed>
               <HpMount>
                  <Orientation type="Matrix">
                       1.0000000000,   0.0000000000,   0.0000000000,
                       0.0000000000,   1.0000000000,   0.0000000000,
                       0.0000000000,   0.0000000000,   1.0000000000
                  </Orientation>
                  <Position type="Vector">0, -55, -129</Position>
               </HpMount>
               <HpShield01>
                  <Orientation type="Matrix">
                       1.0000000000,   0.0000000000,   0.0000000000,
                       0.0000000000,   1.0000000000,   0.0000000000,
                       0.0000000000,   0.0000000000,   1.0000000000
                  </Orientation>
                  <Position type="Vector">0, 0, 0</Position>
               </HpShield01>
               <HpShield02>
                  <Orientation type="Matrix">
                       1.0000000000,   0.0000000000,   0.0000000000,
                       0.0000000000,   1.0000000000,   0.0000000000,
                       0.0000000000,   0.0000000000,   1.0000000000
                  </Orientation>
                  <Position type="Vector">0, 0, 0</Position>
               </HpShield02>
               <HpShield03>
                  <Orientation type="Matrix">
                       1.0000000000,   0.0000000000,   0.0000000000,
                       0.0000000000,   1.0000000000,   0.0000000000,
                       0.0000000000,   0.0000000000,   1.0000000000
                  </Orientation>
                  <Position type="Vector">0, 0, 0</Position>
               </HpShield03>
               <HpCloak01>
                  <Orientation type="Matrix">
                       1.0000000000,   0.0000000000,   0.0000000000,
                       0.0000000000,   1.0000000000,   0.0000000000,
                       0.0000000000,   0.0000000000,   1.0000000000
                  </Orientation>
                  <Position type="Vector">0, 0, 0</Position>
               </HpCloak01>
               <HpBayDoor01>
                  <Orientation type="Matrix">
                       1.0000000000,   0.0000000000,   0.0000000000,
                       0.0000000000,   1.0000000000,   0.0000000000,
                       0.0000000000,   0.0000000000,   1.0000000000
                  </Orientation>
                  <Position type="Vector">0, 85, 0</Position>
               </HpBayDoor01>
               <HpBayDoor02>
                  <Orientation type="Matrix">
                       1.0000000000,   0.0000000000,   0.0000000000,
                       0.0000000000,   1.0000000000,   0.0000000000,
                       0.0000000000,   0.0000000000,   1.0000000000
                  </Orientation>
                  <Position type="Vector">0, 90, 0</Position>
               </HpBayDoor02>
               <HpFX01>
                  <Orientation type="Matrix">
                       1.0000000000,   0.0000000000,   0.0000000000,
                       0.0000000000,   1.0000000000,   0.0000000000,
                       0.0000000000,   0.0000000000,   1.0000000000
                  </Orientation>
                  <Position type="Vector">0, 0, 0</Position>
               </HpFX01>
               <HpFX02>
                  <Orientation type="Matrix">
                      59.604645e-09,   0.9999998800,   0.0000000000,
                      -0.9999998800,  59.604645e-09,   0.0000000000,
                       0.0000000000,   0.0000000000,   1.0000000000
                  </Orientation>
                  <Position type="Vector">0, 0, 0</Position>
               </HpFX02>
               <HpFX03>
                  <Orientation type="Matrix">
                       1.0000000000,   0.0000000000,   0.0000000000,
                       0.0000000000,  59.604645e-09,   0.9999998800,
                       0.0000000000,  -0.9999998800,  59.604645e-09
                  </Orientation>
                  <Position type="Vector">0, 0, 0</Position>
               </HpFX03>
               <HpFX04>
                  <Orientation type="Matrix">
                       1.0000000000,   0.0000000000,   0.0000000000,
                       0.0000000000,   1.0000000000,   0.0000000000,
                       0.0000000000,   0.0000000000,   1.0000000000
                  </Orientation>
                  <Position type="Vector">0, 0, 0</Position>
               </HpFX04>
               <HpFX05>
                  <Orientation type="Matrix">
                       1.0000000000,   0.0000000000,   0.0000000000,
                       0.0000000000,   1.0000000000,   0.0000000000,
                       0.0000000000,   0.0000000000,   1.0000000000
                  </Orientation>
                  <Position type="Vector">0, 0, 0</Position>
               </HpFX05>
               <HpFX06>
                  <Orientation type="Matrix">
                       1.0000000000,   0.0000000000,   0.0000000000,
                       0.0000000000,   1.0000000000,   0.0000000000,
                       0.0000000000,   0.0000000000,   1.0000000000
                  </Orientation>
                  <Position type="Vector">0, 0, 0</Position>
               </HpFX06>
               <HpFX07>
                  <Orientation type="Matrix">
                       1.0000000000,   0.0000000000,   0.0000000000,
                       0.0000000000,   1.0000000000,   0.0000000000,
                       0.0000000000,   0.0000000000,   1.0000000000
                  </Orientation>
                  <Position type="Vector">0, 0, 0</Position>
               </HpFX07>
            </Fixed>
         </Hardpoints>
      </thunderchild_v2_root_lod1.3db>
      <thunderchild_v2_p1_lod1.3db>
         <MultiLevel>
            <Level0>
               <VMeshPart>
                  <VMeshRef type="VMeshRef">
                     <!-- header size  --> 60,
                     <!-- vmesh lib    --> thunderchild_v2_root.lod0.vms,
                     <!-- start vert   --> 20,
                     <!-- num verts    --> 2035,
                     <!-- start index  --> 36,
                     <!-- num indices  --> 5355,
                     <!-- start mesh   --> 1,
                     <!-- num meshes   --> 1,
                     <!-- bounding box -->  180.56969,      66.025215,  138.01233,
                                           -180.56963,     -90.013329, -137.49524,
                     <!-- center       -->   30.517578e-6, -11.994057,    0.25854492,
                     <!-- radius       --> 305.56097
                  </VMeshRef>
               </VMeshPart>
            </Level0>
         </MultiLevel>
         <Hardpoints>
            <Fixed>
               <HpEngine01>
                  <Orientation type="Matrix">
                       1.0000000000,   0.0000000000,   0.0000000000,
                       0.0000000000,   1.0000000000,   0.0000000000,
                       0.0000000000,   0.0000000000,   1.0000000000
                  </Orientation>
                  <Position type="Vector">15.589918, 26.820179, 78.513588</Position>
               </HpEngine01>
               <HpEngine02>
                  <Orientation type="Matrix">
                       1.0000000000,   0.0000000000,   0.0000000000,
                       0.0000000000,   1.0000000000,   0.0000000000,
                       0.0000000000,   0.0000000000,   1.0000000000
                  </Orientation>
                  <Position type="Vector">-15.4603, 27.103729, 78.73587</Position>
               </HpEngine02>
            </Fixed>
         </Hardpoints>
      </thunderchild_v2_p1_lod1.3db>
      <thunderchild_v2_p2_lod1.3db>
         <MultiLevel>
            <Level0>
               <VMeshPart>
                  <VMeshRef type="VMeshRef">
                     <!-- header size  --> 60,
                     <!-- vmesh lib    --> thunderchild_v2_root.lod0.vms,
                     <!-- start vert   --> 2055,
                     <!-- num verts    --> 11888,
                     <!-- start index  --> 5391,
                     <!-- num indices  --> 36093,
                     <!-- start mesh   --> 2,
                     <!-- num meshes   --> 1,
                     <!-- bounding box -->  180.56969,      66.025215,  138.01233,
                                           -180.56963,     -90.013329, -137.49524,
                     <!-- center       -->   30.517578e-6, -11.994057,    0.25854492,
                     <!-- radius       --> 305.56097
                  </VMeshRef>
               </VMeshPart>
            </Level0>
         </MultiLevel>
         <Hardpoints>
            <Fixed>
               <HpTractor_Source>
                  <Orientation type="Matrix">
                       1.0000000000,   0.0000000000,   0.0000000000,
                       0.0000000000,   1.0000000000,   0.0000000000,
                       0.0000000000,   0.0000000000,   1.0000000000
                  </Orientation>
                  <Position type="Vector">-0.00417, -10.731267, -137.49519</Position>
               </HpTractor_Source>
               <HpRunningLight01>
                  <Orientation type="Matrix">
                       1.0000000000,   0.0000000000,   0.0000000000,
                       0.0000000000,   1.0000000000,   0.0000000000,
                       0.0000000000,   0.0000000000,   1.0000000000
                  </Orientation>
                  <Position type="Vector">-180.30605, -89.24588, -61.994358</Position>
               </HpRunningLight01>
               <HpDocklight01>
                  <Orientation type="Matrix">
                       1.0000000000,   0.0000000000,   0.0000000000,
                       0.0000000000,   1.0000000000,   0.0000000000,
                       0.0000000000,   0.0000000000,   1.0000000000
                  </Orientation>
                  <Position type="Vector">-180.2977, -89.239555, -61.986835</Position>
               </HpDocklight01>
               <HpRunningLight02>
                  <Orientation type="Matrix">
                       1.0000000000,   0.0000000000,   0.0000000000,
                       0.0000000000,   1.0000000000,   0.0000000000,
                       0.0000000000,   0.0000000000,   1.0000000000
                  </Orientation>
                  <Position type="Vector">180.30408, -89.24559, -62.005745</Position>
               </HpRunningLight02>
               <HpDocklight02>
                  <Orientation type="Matrix">
                       1.0000000000,   0.0000000000,   0.0000000000,
                       0.0000000000,   1.0000000000,   0.0000000000,
                       0.0000000000,   0.0000000000,   1.0000000000
                  </Orientation>
                  <Position type="Vector">180.30743, -89.2472, -61.998215</Position>
               </HpDocklight02>
               <HpContrail01>
                  <Orientation type="Matrix">
                       1.0000000000,   0.0000000000,   0.0000000000,
                       0.0000000000,   1.0000000000,   0.0000000000,
                       0.0000000000,   0.0000000000,   1.0000000000
                  </Orientation>
                  <Position type="Vector">-180.56279, -88.642815, -53.091572</Position>
               </HpContrail01>
               <HpContrail02>
                  <Orientation type="Matrix">
                       1.0000000000,   0.0000000000,   0.0000000000,
                       0.0000000000,   1.0000000000,   0.0000000000,
                       0.0000000000,   0.0000000000,   1.0000000000
                  </Orientation>
                  <Position type="Vector">180.54195, -88.62915, -53.096832</Position>
               </HpContrail02>
               <HpRunningLight03>
                  <Orientation type="Matrix">
                       1.0000000000,   0.0000000000,   0.0000000000,
                       0.0000000000,   1.0000000000,   0.0000000000,
                       0.0000000000,   0.0000000000,   1.0000000000
                  </Orientation>
                  <Position type="Vector">-90.785774, -29.465662, -80.16935</Position>
               </HpRunningLight03>
               <HpRunningLight04>
                  <Orientation type="Matrix">
                       1.0000000000,   0.0000000000,   0.0000000000,
                       0.0000000000,   1.0000000000,   0.0000000000,
                       0.0000000000,   0.0000000000,   1.0000000000
                  </Orientation>
                  <Position type="Vector">90.810097, -29.477995, -80.12043</Position>
               </HpRunningLight04>
               <HpRunningLight05>
                  <Orientation type="Matrix">
                       1.0000000000,   0.0000000000,   0.0000000000,
                       0.0000000000,   1.0000000000,   0.0000000000,
                       0.0000000000,   0.0000000000,   1.0000000000
                  </Orientation>
                  <Position type="Vector">-27.69541, 66.016563, 136.96893</Position>
               </HpRunningLight05>
               <HpRunningLight06>
                  <Orientation type="Matrix">
                       1.0000000000,   0.0000000000,   0.0000000000,
                       0.0000000000,   1.0000000000,   0.0000000000,
                       0.0000000000,   0.0000000000,   1.0000000000
                  </Orientation>
                  <Position type="Vector">27.694063, 66.020332, 136.98244</Position>
               </HpRunningLight06>
               <HpRunningLight07>
                  <Orientation type="Matrix">
                       1.0000000000,   0.0000000000,   0.0000000000,
                       0.0000000000,   1.0000000000,   0.0000000000,
                       0.0000000000,   0.0000000000,   1.0000000000
                  </Orientation>
                  <Position type="Vector">-32.986729, -0.959517, -123.26547</Position>
               </HpRunningLight07>
               <HpRunningLight08>
                  <Orientation type="Matrix">
                       1.0000000000,   0.0000000000,   0.0000000000,
                       0.0000000000,   1.0000000000,   0.0000000000,
                       0.0000000000,   0.0000000000,   1.0000000000
                  </Orientation>
                  <Position type="Vector">32.994808, -0.94518501, -123.26547</Position>
               </HpRunningLight08>
               <HpRunningLight09>
                  <Orientation type="Matrix">
                       1.0000000000,   0.0000000000,   0.0000000000,
                       0.0000000000,   1.0000000000,   0.0000000000,
                       0.0000000000,   0.0000000000,   1.0000000000
                  </Orientation>
                  <Position type="Vector">-43.912666, -57.184357, -32.981998</Position>
               </HpRunningLight09>
               <HpRunningLight10>
                  <Orientation type="Matrix">
                       1.0000000000,   0.0000000000,   0.0000000000,
                       0.0000000000,   1.0000000000,   0.0000000000,
                       0.0000000000,   0.0000000000,   1.0000000000
                  </Orientation>
                  <Position type="Vector">43.917854, -57.178658, -32.980148</Position>
               </HpRunningLight10>
               <HpRunningLight11>
                  <Orientation type="Matrix">
                       1.0000000000,   0.0000000000,   0.0000000000,
                       0.0000000000,   1.0000000000,   0.0000000000,
                       0.0000000000,   0.0000000000,   1.0000000000
                  </Orientation>
                  <Position type="Vector">-77.418533, -20.057848, 44.378803</Position>
               </HpRunningLight11>
               <HpRunningLight12>
                  <Orientation type="Matrix">
                       1.0000000000,   0.0000000000,   0.0000000000,
                       0.0000000000,   1.0000000000,   0.0000000000,
                       0.0000000000,   0.0000000000,   1.0000000000
                  </Orientation>
                  <Position type="Vector">77.402412, -20.078924, 44.378059</Position>
               </HpRunningLight12>
               <HpCM01>
                  <Orientation type="Matrix">
                      -0.9999998800, -66.969733e-09, -56.194274e-09,
                      87.422777e-09,  -0.7660443800,  -0.6427875800,
                       0.0000000000,  -0.6427875800,   0.7660445000
                  </Orientation>
                  <Position type="Vector">0, -9.289155, 70.48468</Position>
               </HpCM01>
            </Fixed>
            <Revolute>
               <HpTorpedo01>
                  <Axis type="Vector">0, 1, 0</Axis>
                  <Max type="float">2.2689281</Max>
                  <Min type="float">-2.2689281</Min>
                  <Orientation type="Matrix">
                      -1.0000000000, -87.422777e-09,   0.0000000000,
                      87.422777e-09,  -1.0000000000,  -0.0000000000,
                       0.0000000000,   0.0000000000,   1.0000000000
                  </Orientation>
                  <Position type="Vector">0, -24.134125, -81.819572</Position>
               </HpTorpedo01>
               <HpGun01>
                  <Axis type="Vector">0, 1, 0</Axis>
                  <Max type="float">1.5707964</Max>
                  <Min type="float">-1.5707964</Min>
                  <Orientation type="Matrix">
                       1.0000000000,   0.0000000000,   0.0000000000,
                       0.0000000000,   1.0000000000,   0.0000000000,
                       0.0000000000,   0.0000000000,   1.0000000000
                  </Orientation>
                  <Position type="Vector">0.003754, -10.743532, -137.49522</Position>
               </HpGun01>
               <HpTurret01>
                  <Axis type="Vector">0, 1, 0</Axis>
                  <Max type="float">3.1415927</Max>
                  <Min type="float">-3.1415927</Min>
                  <Orientation type="Matrix">
                       0.7986354800,  -0.6009902400,  -0.0314965660,
                       0.6018150400,   0.7975410200,   0.0417973590,
                       0.0000000000,  -0.0523359590,   0.9986295100
                  </Orientation>
                  <Position type="Vector">-129.90614, -50.387867, -36.202766</Position>
               </HpTurret01>
               <HpTurret02>
                  <Axis type="Vector">0, 1, 0</Axis>
                  <Max type="float">3.1415927</Max>
                  <Min type="float">-3.1415927</Min>
                  <Orientation type="Matrix">
                       0.7986354800,   0.6009902400,   0.0314965660,
                      -0.6018150400,   0.7975410200,   0.0417973590,
                       0.0000000000,  -0.0523359590,   0.9986295100
                  </Orientation>
                  <Position type="Vector">129.87785, -50.384529, -36.435902</Position>
               </HpTurret02>
               <HpTurret03>
                  <Axis type="Vector">0, 1, 0</Axis>
                  <Max type="float">1.6231562</Max>
                  <Min type="float">-1.6231562</Min>
                  <Orientation type="Matrix">
                      238.41858e-09,   0.4539905200,   0.8910062900,
                      29.802322e-09,  -0.8910061100,   0.4539905200,
                       0.9999998200,   0.0000000000,  126.65987e-09
                  </Orientation>
                  <Position type="Vector">-139.9066, -65.765289, -44.395683</Position>
               </HpTurret03>
               <HpTurret04>
                  <Axis type="Vector">0, 1, 0</Axis>
                  <Max type="float">1.6231562</Max>
                  <Min type="float">-1.6231562</Min>
                  <Orientation type="Matrix">
                      238.41858e-09,  -0.4539905200,  -0.8910062900,
                     -29.802322e-09,  -0.8910061100,   0.4539905200,
                      -0.9999998200,   0.0000000000,  126.65987e-09
                  </Orientation>
                  <Position type="Vector">138.60832, -65.050499, -44.491154</Position>
               </HpTurret04>
               <HpTurret05>
                  <Axis type="Vector">0, 1, 0</Axis>
                  <Max type="float">3.1415927</Max>
                  <Min type="float">-3.1415927</Min>
                  <Orientation type="Matrix">
                       0.7660445000,  -0.6178870200,  -0.1771762700,
                       0.6427875800,   0.7363691900,   0.2111504700,
                       0.0000000000,  -0.2756373600,   0.9612616900
                  </Orientation>
                  <Position type="Vector">-85.900307, -11.499927, -13.500647</Position>
               </HpTurret05>
               <HpTurret06>
                  <Axis type="Vector">0, 1, 0</Axis>
                  <Max type="float">3.1415927</Max>
                  <Min type="float">-3.1415927</Min>
                  <Orientation type="Matrix">
                       0.7660445000,   0.6178870200,   0.1771762700,
                      -0.6427875800,   0.7363691900,   0.2111504700,
                       0.0000000000,  -0.2756373600,   0.9612616900
                  </Orientation>
                  <Position type="Vector">86.497704, -12.44621, -14.62483</Position>
               </HpTurret06>
               <HpTurret07>
                  <Axis type="Vector">0, 1, 0</Axis>
                  <Max type="float">3.1415927</Max>
                  <Min type="float">-3.1415927</Min>
                  <Orientation type="Matrix">
                      -1.0000000000, -87.422777e-09,   0.0000000000,
                      87.422777e-09,  -1.0000000000,  -0.0000000000,
                       0.0000000000,   0.0000000000,   1.0000000000
                  </Orientation>
                  <Position type="Vector">0, -24.135727, -77.902756</Position>
               </HpTurret07>
               <HpTurret08>
                  <Axis type="Vector">0, 1, 0</Axis>
                  <Max type="float">3.1415927</Max>
                  <Min type="float">-3.1415927</Min>
                  <Orientation type="Matrix">
                       0.7986354800,  -0.6009902400,  -0.0314965660,
                       0.6018150400,   0.7975410200,   0.0417973590,
                       0.0000000000,  -0.0523359590,   0.9986295100
                  </Orientation>
                  <Position type="Vector">-109.05759, -35.402256, -38.026627</Position>
               </HpTurret08>
               <HpTurret09>
                  <Axis type="Vector">0, 1, 0</Axis>
                  <Max type="float">3.1415927</Max>
                  <Min type="float">-3.1415927</Min>
                  <Orientation type="Matrix">
                       0.7986354800,   0.6009902400,   0.0314965660,
                      -0.6018150400,   0.7975410200,   0.0417973590,
                       0.0000000000,  -0.0523359590,   0.9986295100
                  </Orientation>
                  <Position type="Vector">109.02393, -35.363213, -37.83091</Position>
               </HpTurret09>
               <HpTurret10>
                  <Axis type="Vector">0, 1, 0</Axis>
                  <Max type="float">1.6231562</Max>
                  <Min type="float">-1.6231562</Min>
                  <Orientation type="Matrix">
                      238.41858e-09,   0.5000000000,   0.8660252100,
                      59.604645e-09,  -0.8660250300,   0.5000000000,
                       0.9999998800,   0.0000000000,  81.956387e-09
                  </Orientation>
                  <Position type="Vector">-161.72617, -77.655418, -48.214237</Position>
               </HpTurret10>
               <HpTurret11>
                  <Axis type="Vector">0, 1, 0</Axis>
                  <Max type="float">1.6231562</Max>
                  <Min type="float">-1.6231562</Min>
                  <Orientation type="Matrix">
                      238.41858e-09,  -0.5000000000,  -0.8660252100,
                     -59.604645e-09,  -0.8660250300,   0.5000000000,
                      -0.9999998800,   0.0000000000,  81.956387e-09
                  </Orientation>
                  <Position type="Vector">161.70024, -77.660774, -47.64473</Position>
               </HpTurret11>
               <HpTurret12>
                  <Axis type="Vector">0, 1, 0</Axis>
                  <Max type="float">1.5707964</Max>
                  <Min type="float">-1.5707964</Min>
                  <Orientation type="Matrix">
                      -0.0174496170,   0.4996954500,   0.8660252100,
                       0.0302238760,  -0.8654975900,   0.5000000000,
                       0.9993907200,   0.0348995030,  96.857548e-09
                  </Orientation>
                  <Position type="Vector">-118.65048, -53.742252, -40.335083</Position>
               </HpTurret12>
               <HpTurret13>
                  <Axis type="Vector">0, 1, 0</Axis>
                  <Max type="float">1.5707964</Max>
                  <Min type="float">-1.5707964</Min>
                  <Orientation type="Matrix">
                      -0.0174496170,  -0.4996954500,  -0.8660252100,
                      -0.0302238760,  -0.8654975900,   0.5000000000,
                      -0.9993907200,   0.0348995030,  96.857548e-09
                  </Orientation>
                  <Position type="Vector">118.64798, -53.73959, -40.303356</Position>
               </HpTurret13>
               <HpTurret14>
                  <Axis type="Vector">0, 1, 0</Axis>
                  <Max type="float">3.1415927</Max>
                  <Min type="float">-3.1415927</Min>
                  <Orientation type="Matrix">
                       0.7986354800,  -0.6009902400,  -0.0314965660,
                       0.6018150400,   0.7975410200,   0.0417973590,
                       0.0000000000,  -0.0523359590,   0.9986295100
                  </Orientation>
                  <Position type="Vector">-149.59486, -65.045708, -39.682983</Position>
               </HpTurret14>
               <HpTurret15>
                  <Axis type="Vector">0, 1, 0</Axis>
                  <Max type="float">3.1415927</Max>
                  <Min type="float">-3.1415927</Min>
                  <Orientation type="Matrix">
                       0.7986354800,   0.6009902400,   0.0314965660,
                      -0.6018150400,   0.7975410200,   0.0417973590,
                       0.0000000000,  -0.0523359590,   0.9986295100
                  </Orientation>
                  <Position type="Vector">149.13141, -64.707664, -39.763779</Position>
               </HpTurret15>
               <HpTurret16>
                  <Axis type="Vector">0, 1, 0</Axis>
                  <Max type="float">3.1415927</Max>
                  <Min type="float">-3.1415927</Min>
                  <Orientation type="Matrix">
                       1.0000000000,   0.0000000000,   0.0000000000,
                       0.0000000000,   0.9848077300,   0.1736481800,
                       0.0000000000,  -0.1736481800,   0.9848077300
                  </Orientation>
                  <Position type="Vector">-0.078305997, 46.488026, 108.67485</Position>
               </HpTurret16>
               <HpTurret17>
                  <Axis type="Vector">0, 1, 0</Axis>
                  <Max type="float">3.1415927</Max>
                  <Min type="float">-3.1415927</Min>
                  <Orientation type="Matrix">
                       1.0000000000,   0.0000000000,   0.0000000000,
                       0.0000000000,   0.9848077300,   0.1736481800,
                       0.0000000000,  -0.1736481800,   0.9848077300
                  </Orientation>
                  <Position type="Vector">0, 40.910126, 81.303848</Position>
               </HpTurret17>
               <HpTurret18>
                  <Axis type="Vector">0, 1, 0</Axis>
                  <Max type="float">3.1415927</Max>
                  <Min type="float">-3.1415927</Min>
                  <Orientation type="Matrix">
                       1.0000000000,   0.0000000000,   0.0000000000,
                       0.0000000000,   0.9902680500,   0.1391731100,
                       0.0000000000,  -0.1391731100,   0.9902680500
                  </Orientation>
                  <Position type="Vector">0, 31.48233, 25.594021</Position>
               </HpTurret18>
            </Revolute>
         </Hardpoints>
      </thunderchild_v2_p2_lod1.3db>
   </UTF_ROOT>
</UTFXML>
