<?xml version="1.0" encoding="ISO-8859-1"?>
<!-- XML generated by UTFXML Version 2.2 built 19-Aug-2010 -->
<UTFXML filename="barge.cmp" path="SHIPS\new\other\barge">
   <UTF_ROOT>
      <VMeshLibrary>
         <barge_root.lod0.vms include="barge_cmp\lod0.vms.xml"/>
      </VMeshLibrary>
      <Cmpnd>
         <Cons>
            <Fix type="Fix" count="3">
               <part>
                  <!-- parent      --> "Root",
                  <!-- child       --> "barge_aft_lod1",
                  <!-- position    --> 0, 0, 0,
                  <!-- orientation -->   1.0000000000,   0.0000000000,   0.0000000000,
                                         0.0000000000,   1.0000000000,   0.0000000000,
                                         0.0000000000,   0.0000000000,   1.0000000000
               </part>
               <part>
                  <!-- parent      --> "Root",
                  <!-- child       --> "barge_nose_lod1",
                  <!-- position    --> 0, 0, 0,
                  <!-- orientation -->   1.0000000000,   0.0000000000,   0.0000000000,
                                         0.0000000000,   1.0000000000,   0.0000000000,
                                         0.0000000000,   0.0000000000,   1.0000000000
               </part>
               <part>
                  <!-- parent      --> "Root",
                  <!-- child       --> "barge_rail_lod1",
                  <!-- position    --> 0, 0, 0,
                  <!-- orientation -->   1.0000000000,   0.0000000000,   0.0000000000,
                                         0.0000000000,   1.0000000000,   0.0000000000,
                                         0.0000000000,   0.0000000000,   1.0000000000
               </part>
            </Fix>
         </Cons>
         <Root>
            <File_name name="File name" type="text">barge_root_lod1.3db</File_name>
            <Index type="int">0</Index>
            <Object_name name="Object name" type="text">Root</Object_name>
         </Root>
         <Part_barge_aft_lod1>
            <File_name name="File name" type="text">barge_aft_lod1.3db</File_name>
            <Index type="int">1</Index>
            <Object_name name="Object name" type="text">barge_aft_lod1</Object_name>
         </Part_barge_aft_lod1>
         <Part_barge_nose_lod1>
            <File_name name="File name" type="text">barge_nose_lod1.3db</File_name>
            <Index type="int">2</Index>
            <Object_name name="Object name" type="text">barge_nose_lod1</Object_name>
         </Part_barge_nose_lod1>
         <Part_barge_rail_lod1>
            <File_name name="File name" type="text">barge_rail_lod1.3db</File_name>
            <Index type="int">3</Index>
            <Object_name name="Object name" type="text">barge_rail_lod1</Object_name>
         </Part_barge_rail_lod1>
      </Cmpnd>
      <barge_root_lod1.3db>
         <Hardpoints>
            <Fixed>
               <HpEngine01>
                  <Orientation type="Matrix">
                       1.0000000000,   0.0000000000,   0.0000000000,
                       0.0000000000,   1.0000000000,   0.0000000000,
                       0.0000000000,   0.0000000000,   1.0000000000
                  </Orientation>
                  <Position type="Vector">-61.063587, -50.5951, 440.69574</Position>
               </HpEngine01>
               <HpEngine02>
                  <Orientation type="Matrix">
                       1.0000000000,   0.0000000000,   0.0000000000,
                       0.0000000000,   1.0000000000,   0.0000000000,
                       0.0000000000,   0.0000000000,   1.0000000000
                  </Orientation>
                  <Position type="Vector">-74.572823, -61.571369, 440.69574</Position>
               </HpEngine02>
               <HpEngine03>
                  <Orientation type="Matrix">
                       1.0000000000,   0.0000000000,   0.0000000000,
                       0.0000000000,   1.0000000000,   0.0000000000,
                       0.0000000000,   0.0000000000,   1.0000000000
                  </Orientation>
                  <Position type="Vector">63.896931, -50.876549, 440.69574</Position>
               </HpEngine03>
               <HpEngine04>
                  <Orientation type="Matrix">
                       1.0000000000,   0.0000000000,   0.0000000000,
                       0.0000000000,   1.0000000000,   0.0000000000,
                       0.0000000000,   0.0000000000,   1.0000000000
                  </Orientation>
                  <Position type="Vector">78.53196, -61.008476, 440.69574</Position>
               </HpEngine04>
               <HpEngine05>
                  <Orientation type="Matrix">
                       1.0000000000,   0.0000000000,   0.0000000000,
                       0.0000000000,   1.0000000000,   0.0000000000,
                       0.0000000000,   0.0000000000,   1.0000000000
                  </Orientation>
                  <Position type="Vector">97.670052, -82.268173, -286.85297</Position>
               </HpEngine05>
               <HpEngine06>
                  <Orientation type="Matrix">
                       1.0000000000,   0.0000000000,   0.0000000000,
                       0.0000000000,   1.0000000000,   0.0000000000,
                       0.0000000000,   0.0000000000,   1.0000000000
                  </Orientation>
                  <Position type="Vector">85.005135, -72.703033, -286.52765</Position>
               </HpEngine06>
               <HpEngine07>
                  <Orientation type="Matrix">
                       1.0000000000,   0.0000000000,   0.0000000000,
                       0.0000000000,   1.0000000000,   0.0000000000,
                       0.0000000000,   0.0000000000,   1.0000000000
                  </Orientation>
                  <Position type="Vector">-85.549088, -72.703049, -286.52765</Position>
               </HpEngine07>
               <HpEngine08>
                  <Orientation type="Matrix">
                       1.0000000000,   0.0000000000,   0.0000000000,
                       0.0000000000,   1.0000000000,   0.0000000000,
                       0.0000000000,   0.0000000000,   1.0000000000
                  </Orientation>
                  <Position type="Vector">-98.213997, -82.268173, -286.85297</Position>
               </HpEngine08>
               <HpPilot01>
                  <Orientation type="Matrix">
                      -1.0000000000,   0.0000000000,   0.0000000000,
                      -0.0000000000,  -1.0000000000, -88.897359e-09,
                       0.0000000000, -88.897359e-09,   1.0000000000
                  </Orientation>
                  <Position type="Vector">1.4166666, -18.230984, -324.64575</Position>
               </HpPilot01>
               <HpShield01>
                  <Orientation type="Matrix">
                       0.9810875100,   0.1935645200,   0.0000000000,
                      -0.1935645200,   0.9810875100, -269.96622e-09,
                     -52.255881e-09,  264.86049e-09,   1.0000000000
                  </Orientation>
                  <Position type="Vector">-20.583338, -15.059559, -377.82721</Position>
               </HpShield01>
               <HpHeadLight01>
                  <Orientation type="Matrix">
                      -0.1963448100,   0.9805348500,   0.0000000000,
                      -0.9805348500,  -0.1963448100,   0.0000000000,
                       0.0000000000,   0.0000000000,   0.9999998800
                  </Orientation>
                  <Position type="Vector">-26.385767, -15.990202, -396.85721</Position>
               </HpHeadLight01>
               <HpHeadLight02>
                  <Orientation type="Matrix">
                       0.1959635800,  -0.9806112100,   0.0000000000,
                       0.9806112100,   0.1959635800,   0.0000000000,
                      -0.0000000000,   0.0000000000,   1.0000000000
                  </Orientation>
                  <Position type="Vector">-14.960373, -15.88056, -396.85721</Position>
               </HpHeadLight02>
               <HpHeadLight03>
                  <Orientation type="Matrix">
                      -0.9809598300,  -0.1942106300,   0.0000000000,
                       0.1942106300,  -0.9809598300,   0.0000000000,
                       0.0000000000,   0.0000000000,   1.0000000000
                  </Orientation>
                  <Position type="Vector">-20.842756, -10.222634, -396.85721</Position>
               </HpHeadLight03>
               <HpHeadLight04>
                  <Orientation type="Matrix">
                       0.9810352300,   0.1938293900,   0.0000000000,
                      -0.1938293900,   0.9810352300,   0.0000000000,
                       0.0000000000,  -0.0000000000,   1.0000000000
                  </Orientation>
                  <Position type="Vector">-20.729635, -21.534937, -396.85721</Position>
               </HpHeadLight04>
               <HpRunningLight01>
                  <Orientation type="Matrix">
                       1.0000000000,   0.0000000000,  -0.0000000000,
                      -0.0000000000,   0.0000000000,  -1.0000000000,
                       0.0000000000,   1.0000000000,   0.0000000000
                  </Orientation>
                  <Position type="Vector">-42.347507, -13.790565, -493.69308</Position>
               </HpRunningLight01>
               <HpRunningLight02>
                  <Orientation type="Matrix">
                       1.0000000000,  -0.0000000000,   0.0000000000,
                       0.0000000000,   0.0000000000,  -1.0000000000,
                       0.0000000000,   1.0000000000,   0.0000000000
                  </Orientation>
                  <Position type="Vector">-68.336609, -53.812103, -352.06522</Position>
               </HpRunningLight02>
               <HpRunningLight03>
                  <Orientation type="Matrix">
                       1.0000000000,  -0.0000000000,   0.0000000000,
                       0.0000000000,   0.0000000000,  -1.0000000000,
                       0.0000000000,   1.0000000000,   0.0000000000
                  </Orientation>
                  <Position type="Vector">-62.650093, -60.809135, -352.06522</Position>
               </HpRunningLight03>
               <HpRunningLight04>
                  <Orientation type="Matrix">
                       1.0000000000,   0.0000000000,  -0.0000000000,
                      -0.0000000000,   0.0000000000,  -1.0000000000,
                       0.0000000000,   1.0000000000,   0.0000000000
                  </Orientation>
                  <Position type="Vector">68.343201, -53.969849, -352.06522</Position>
               </HpRunningLight04>
               <HpRunningLight05>
                  <Orientation type="Matrix">
                       1.0000000000,   0.0000000000,  -0.0000000000,
                      -0.0000000000,   0.0000000000,  -1.0000000000,
                       0.0000000000,   1.0000000000,   0.0000000000
                  </Orientation>
                  <Position type="Vector">62.734921, -60.767632, -352.06522</Position>
               </HpRunningLight05>
               <HpRunningLight06>
                  <Orientation type="Matrix">
                      -1.0000000000,   0.0000000000,   0.0000000000,
                      -0.0000000000,  -1.0000000000, -104.43216e-09,
                       0.0000000000, -104.43216e-09,   1.0000000000
                  </Orientation>
                  <Position type="Vector">70.209717, -9.499382, -307.82629</Position>
               </HpRunningLight06>
               <HpRunningLight07>
                  <Orientation type="Matrix">
                       1.0000000000,   0.0000000000,   0.0000000000,
                      -0.0000000000,   1.0000000000, -104.43216e-09,
                      -0.0000000000,  104.43216e-09,   1.0000000000
                  </Orientation>
                  <Position type="Vector">70.273354, -9.4993801, -290.23453</Position>
               </HpRunningLight07>
               <HpRunningLight08>
                  <Orientation type="Matrix">
                       0.0000000000,  -1.0000000000,   0.0000000000,
                       1.0000000000,   0.0000000000,   0.0000000000,
                      -0.0000000000,   0.0000000000,   1.0000000000
                  </Orientation>
                  <Position type="Vector">7.7379866, 51.024738, -322.21823</Position>
               </HpRunningLight08>
               <HpRunningLight09>
                  <Orientation type="Matrix">
                       0.0000000000,  -1.0000000000,   0.0000000000,
                       1.0000000000,   0.0000000000,   0.0000000000,
                      -0.0000000000,   0.0000000000,   1.0000000000
                  </Orientation>
                  <Position type="Vector">7.7494888, 51.024738, -277.3826</Position>
               </HpRunningLight09>
               <HpRunningLight10>
                  <Orientation type="Matrix">
                       0.0000000000,   1.0000000000,   0.0000000000,
                      -1.0000000000,   0.0000000000,   0.0000000000,
                       0.0000000000,  -0.0000000000,   1.0000000000
                  </Orientation>
                  <Position type="Vector">1.4166666, 23.103905, 442.72153</Position>
               </HpRunningLight10>
               <HpBayDoor01>
                  <Orientation type="Matrix">
                      -0.4068273300,  -0.9135050800,   0.0000000000,
                       0.9135050800,  -0.4068273300, -96.815945e-09,
                      88.441858e-09, -39.387373e-09,   1.0000000000
                  </Orientation>
                  <Position type="Vector">-200.08333, 5.6159439, 7.1439648</Position>
               </HpBayDoor01>
               <HpBayDoor02>
                  <Orientation type="Matrix">
                      -0.4068273300,  -0.9135050800,   0.0000000000,
                       0.9135050800,  -0.4068273300, -96.815945e-09,
                      88.441858e-09, -39.387373e-09,   1.0000000000
                  </Orientation>
                  <Position type="Vector">-202.58333, 5.6159439, 7.1439648</Position>
               </HpBayDoor02>
               <HpMount>
                  <Orientation type="Matrix">
                       1.0000000000,   0.0000000000,   0.0000000000,
                       0.0000000000,   1.0000000000,   0.0000000000,
                       0.0000000000,   0.0000000000,   1.0000000000
                  </Orientation>
                  <Position type="Vector">0, -50, -400</Position>
               </HpMount>
               <HpDockCamA01>
                  <Orientation type="Matrix">
                      -1.0000000000,   0.0000000000,   0.0000000000,
                      -0.0000000000,  -1.0000000000, -88.893060e-09,
                       0.0000000000, -88.893060e-09,   1.0000000000
                  </Orientation>
                  <Position type="Vector">1.4166666, -18.394518, -299.40009</Position>
               </HpDockCamA01>
               <HpContrail01>
                  <Orientation type="Matrix">
                       0.8805338100,   0.4739834400,   0.0000000000,
                      -0.4739834400,   0.8805338100,  253.82286e-09,
                      120.30783e-09, -223.49961e-09,   1.0000000000
                  </Orientation>
                  <Position type="Vector">141.47641, -9.0293312, -276.64282</Position>
               </HpContrail01>
               <HpDocklight01>
                  <Orientation type="Matrix">
                       1.0000000000,   0.0000000000,  -0.0000000000,
                      -0.0000000000,   0.0000000000,  -1.0000000000,
                       0.0000000000,   1.0000000000,   0.0000000000
                  </Orientation>
                  <Position type="Vector">-20.552835, -21.029444, -396.85721</Position>
               </HpDocklight01>
               <HpDocklight02>
                  <Orientation type="Matrix">
                      -0.9809598300,  -0.1942106300,   0.0000000000,
                       0.1942106300,  -0.9809598300,   0.0000000000,
                       0.0000000000,   0.0000000000,   1.0000000000
                  </Orientation>
                  <Position type="Vector">-21.018095, -10.328208, -396.85721</Position>
               </HpDocklight02>
               <HpDocklight03>
                  <Orientation type="Matrix">
                      -0.1963448100,   0.9805348500,   0.0000000000,
                      -0.9805348500,  -0.1963448100,   0.0000000000,
                       0.0000000000,   0.0000000000,   0.9999998800
                  </Orientation>
                  <Position type="Vector">-26.601282, -15.909685, -396.85721</Position>
               </HpDocklight03>
               <HpDocklight04>
                  <Orientation type="Matrix">
                       0.1959635800,  -0.9806112100,   0.0000000000,
                       0.9806112100,   0.1959635800,   0.0000000000,
                      -0.0000000000,   0.0000000000,   1.0000000000
                  </Orientation>
                  <Position type="Vector">-14.96965, -16.145861, -396.85721</Position>
               </HpDocklight04>
               <HpScanner01>
                  <Orientation type="Matrix">
                      -0.6726173200,   0.7399904700,   0.0000000000,
                      -0.7399904700,  -0.6726173200,   0.0000000000,
                       0.0000000000,   0.0000000000,   1.0000000000
                  </Orientation>
                  <Position type="Vector">1.4166666, 4.0048323, 7.1439648</Position>
               </HpScanner01>
               <HpPilot>
                  <Orientation type="Matrix">
                       1.0000000000,   0.0000000000,   0.0000000000,
                      -0.0000000000,   0.0000000000,   1.0000000000,
                       0.0000000000,  -1.0000000000,   0.0000000000
                  </Orientation>
                  <Position type="Vector">-40.083332, 2.8192828, -324.185</Position>
               </HpPilot>
               <HpCM01>
                  <Orientation type="Matrix">
                       1.0000000000,   0.0000000000,  -0.0000000000,
                      -0.0000000000,  59.604645e-09,  -0.9999998800,
                       0.0000000000,   0.9999998800,  59.604645e-09
                  </Orientation>
                  <Position type="Vector">0.63894951, -30.376423, 475.69437</Position>
               </HpCM01>
               <HpFX01>
                  <Orientation type="Matrix">
                       1.0000000000,   0.0000000000,   0.0000000000,
                       0.0000000000,   1.0000000000,   0.0000000000,
                       0.0000000000,   0.0000000000,   1.0000000000
                  </Orientation>
                  <Position type="Vector">32.412403, 65, 438</Position>
               </HpFX01>
               <HpFX02>
                  <Orientation type="Matrix">
                       1.0000000000,   0.0000000000,   0.0000000000,
                       0.0000000000,   1.0000000000,   0.0000000000,
                       0.0000000000,   0.0000000000,   1.0000000000
                  </Orientation>
                  <Position type="Vector">-33.031422, 65, 438</Position>
               </HpFX02>
               <HpFX03>
                  <Orientation type="Matrix">
                     -119.20929e-09,   0.9999996400, -87.427878e-09,
                       0.9999996400,  894.06967e-09, -42.632564e-15,
                       0.0000000000, -87.427878e-09,  -0.9999992800
                  </Orientation>
                  <Position type="Vector">17, -24.5, -370</Position>
               </HpFX03>
               <HpShield02>
                  <Orientation type="Matrix">
                       1.0000000000,   0.0000000000,   0.0000000000,
                       0.0000000000,   1.0000000000,   0.0000000000,
                       0.0000000000,   0.0000000000,   1.0000000000
                  </Orientation>
                  <Position type="Vector">0, 0, 0</Position>
               </HpShield02>
               <HpDockingBay01>
                  <Orientation type="Matrix">
                     -119.20929e-09,   0.0000000000,  -0.9999996400,
                       0.0000000000,   1.0000000000,   0.0000000000,
                       0.9999996400,   0.0000000000, -119.20929e-09
                  </Orientation>
                  <Position type="Vector">42.077038, -13.670841, -246.69397</Position>
               </HpDockingBay01>
               <HpDockingBay02>
                  <Orientation type="Matrix">
                       0.7071068300,   0.0000000000,  -0.7071067700,
                       0.0000000000,   1.0000000000,   0.0000000000,
                       0.7071067700,   0.0000000000,   0.7071068300
                  </Orientation>
                  <Position type="Vector">36.399422, -14.589089, -356.65405</Position>
               </HpDockingBay02>
               <HpDockingBay03>
                  <Orientation type="Matrix">
                       1.0000000000,   0.0000000000,   0.0000000000,
                       0.0000000000,   1.0000000000,   0.0000000000,
                       0.0000000000,   0.0000000000,   1.0000000000
                  </Orientation>
                  <Position type="Vector">-0.1580535, 22.479761, -339.25763</Position>
               </HpDockingBay03>
               <HpDockingBay04>
                  <Orientation type="Matrix">
                       0.7071068300,   0.0000000000,   0.7071067700,
                      -0.0000000000,   1.0000000000,   0.0000000000,
                      -0.7071067700,  -0.0000000000,   0.7071068300
                  </Orientation>
                  <Position type="Vector">-47.850128, 29.434305, -335.11533</Position>
               </HpDockingBay04>
               <HpDockingBay05>
                  <Orientation type="Matrix">
                       1.0000000000,   0.0000000000,  -0.0000000000,
                      -0.0000000000,  -1.0000000000, -87.427907e-09,
                       0.0000000000,  87.427907e-09,  -1.0000000000
                  </Orientation>
                  <Position type="Vector">0, -32.520489, 466.73349</Position>
               </HpDockingBay05>
               <HpSpecialEquipment01>
                  <Orientation type="Matrix">
                     -119.20929e-09,  -0.9999996400,  -0.0000000000,
                       0.9999996400, -119.20929e-09,   0.0000000000,
                       0.0000000000,  -0.0000000000,   1.0000000000
                  </Orientation>
                  <Position type="Vector">-44.322723, 65, 415</Position>
               </HpSpecialEquipment01>
               <HpSpecialEquipment02>
                  <Orientation type="Matrix">
                     -119.20929e-09,   0.9999996400,   0.0000000000,
                      -0.9999996400, -119.20929e-09,   0.0000000000,
                       0.0000000000,   0.0000000000,   1.0000000000
                  </Orientation>
                  <Position type="Vector">44.382301, 65, 415</Position>
               </HpSpecialEquipment02>
               <HpSpecialEquipment03>
                  <Orientation type="Matrix">
                       1.0000000000,   0.0000000000,   0.0000000000,
                       0.0000000000,  -0.9612616300,   0.2756374500,
                       0.0000000000,  -0.2756374500,  -0.9612616300
                  </Orientation>
                  <Position type="Vector">20, -38.813797, -360</Position>
               </HpSpecialEquipment03>
               <HpCM02>
                  <Orientation type="Matrix">
                       1.0000000000,   0.0000000000,  -0.0000000000,
                      -0.0000000000,  59.604645e-09,  -0.9999998800,
                       0.0000000000,   0.9999998800,  59.604645e-09
                  </Orientation>
                  <Position type="Vector">3.7644246, -30.477026, 475.69437</Position>
               </HpCM02>
               <HpThruster01>
                  <Orientation type="Matrix">
                       1.0000000000,   0.0000000000,   0.0000000000,
                       0.0000000000,   1.0000000000,   0.0000000000,
                       0.0000000000,   0.0000000000,   1.0000000000
                  </Orientation>
                  <Position type="Vector">0, -32.520489, 475.29263</Position>
               </HpThruster01>
            </Fixed>
            <Revolute>
               <HpTurret01>
                  <Axis type="Vector">0, 1, 0</Axis>
                  <Max type="float">0.78539819</Max>
                  <Min type="float">-1.5707964</Min>
                  <Orientation type="Matrix">
                       1.0000000000,   0.0000000000,   0.0000000000,
                       0.0000000000,   1.0000000000,   0.0000000000,
                       0.0000000000,   0.0000000000,   1.0000000000
                  </Orientation>
                  <Position type="Vector">29.746113, -14.589089, -359.95392</Position>
               </HpTurret01>
               <HpTurret02>
                  <Axis type="Vector">0, 1, 0</Axis>
                  <Max type="float">1.5707964</Max>
                  <Min type="float">-0.78539819</Min>
                  <Orientation type="Matrix">
                      -1.0000000000, -86.094630e-09, -15.180806e-09,
                      87.422777e-09,  -0.9848078500,  -0.1736481800,
                     -888.17842e-18,  -0.1736481800,   0.9848077300
                  </Orientation>
                  <Position type="Vector">22.320824, -38.735004, -360.29346</Position>
               </HpTurret02>
               <HpTurret03>
                  <Axis type="Vector">0, 1, 0</Axis>
                  <Max type="float">1.5707964</Max>
                  <Min type="float">-1.5707964</Min>
                  <Orientation type="Matrix">
                       1.0000000000,   0.0000000000,   0.0000000000,
                       0.0000000000,   1.0000000000,   0.0000000000,
                       0.0000000000,   0.0000000000,   1.0000000000
                  </Orientation>
                  <Position type="Vector">-26.485771, -1.5704285, -355.07635</Position>
               </HpTurret03>
               <HpTurret04>
                  <Axis type="Vector">0, 1, 0</Axis>
                  <Max type="float">1.5707964</Max>
                  <Min type="float">-1.5707964</Min>
                  <Orientation type="Matrix">
                      59.604645e-09,  -0.9999998800,  -0.0000000000,
                       0.9999998800,  59.604645e-09,   0.0000000000,
                       0.0000000000,  -0.0000000000,   1.0000000000
                  </Orientation>
                  <Position type="Vector">-53.949501, -16.141193, -362.61932</Position>
               </HpTurret04>
               <HpTurret05>
                  <Axis type="Vector">0, 1, 0</Axis>
                  <Max type="float">0.78539819</Max>
                  <Min type="float">-1.5707964</Min>
                  <Orientation type="Matrix">
                       0.7071068300,   0.7071067700,   0.0000000000,
                      -0.7071067700,   0.7071068300,   0.0000000000,
                       0.0000000000,   0.0000000000,   1.0000000000
                  </Orientation>
                  <Position type="Vector">101.38793, -74.856735, -338.29718</Position>
               </HpTurret05>
               <HpTurret06>
                  <Axis type="Vector">0, 1, 0</Axis>
                  <Max type="float">1.5707964</Max>
                  <Min type="float">-0.78539819</Min>
                  <Orientation type="Matrix">
                       0.7660445000,  -0.6427875800,  -0.0000000000,
                       0.6427875800,   0.7660445000,   0.0000000000,
                       0.0000000000,  -0.0000000000,   1.0000000000
                  </Orientation>
                  <Position type="Vector">-98.855843, -72.490845, -338.38351</Position>
               </HpTurret06>
               <HpTurret07>
                  <Axis type="Vector">0, 1, 0</Axis>
                  <Max type="float">1.5707964</Max>
                  <Min type="float">-1.5707964</Min>
                  <Orientation type="Matrix">
                      119.20929e-09,   0.7071067100,  -0.7071066500,
                      89.406967e-09,   0.7071068300,   0.7071067100,
                       0.9999998200, -29.802322e-09,  119.20929e-09
                  </Orientation>
                  <Position type="Vector">104.82019, -75.416626, -308.76675</Position>
               </HpTurret07>
               <HpTurret08>
                  <Axis type="Vector">0, 1, 0</Axis>
                  <Max type="float">1.5707964</Max>
                  <Min type="float">-1.5707964</Min>
                  <Orientation type="Matrix">
                      119.20929e-09,  -0.7071067100,   0.7071066500,
                     -89.406967e-09,   0.7071068300,   0.7071067100,
                      -0.9999998200, -29.802322e-09,  119.20929e-09
                  </Orientation>
                  <Position type="Vector">-105.98505, -77.062531, -310.8801</Position>
               </HpTurret08>
               <HpTurret09>
                  <Axis type="Vector">0, 1, 0</Axis>
                  <Max type="float">0.78539819</Max>
                  <Min type="float">-1.5707964</Min>
                  <Orientation type="Matrix">
                      238.41858e-09,   0.9999997600, -59.604645e-09,
                      59.604645e-09,  178.81393e-09,  -0.9999997600,
                      -0.9999997600,   0.0000000000,  178.81393e-09
                  </Orientation>
                  <Position type="Vector">-17.960117, 60.422123, -327.20367</Position>
               </HpTurret09>
               <HpTurret10>
                  <Axis type="Vector">0, 1, 0</Axis>
                  <Max type="float">0.78539819</Max>
                  <Min type="float">-1.5707964</Min>
                  <Orientation type="Matrix">
                     -29.802322e-09,   0.9848077300,   0.1736482400,
                      89.406967e-09,   0.1736482100,  -0.9848077300,
                      -1.0000000000, -29.802322e-09, -119.20929e-09
                  </Orientation>
                  <Position type="Vector">13.521317, 37.747261, -322.4071</Position>
               </HpTurret10>
               <HpTurret11>
                  <Axis type="Vector">0, 1, 0</Axis>
                  <Max type="float">0.78539819</Max>
                  <Min type="float">-0.78539819</Min>
                  <Orientation type="Matrix">
                      178.81393e-09, -87.422769e-09,  -0.9999998800,
                     -7.1054274e-15,  -0.9999997600,  87.422769e-09,
                      -0.9999998800,   0.0000000000,  59.604641e-09
                  </Orientation>
                  <Position type="Vector">112.33824, -11.099347, -298.40555</Position>
               </HpTurret11>
               <HpTurret12>
                  <Axis type="Vector">0, 1, 0</Axis>
                  <Max type="float">0.78539819</Max>
                  <Min type="float">-3.1415927</Min>
                  <Orientation type="Matrix">
                      -0.6427874600,  -0.7660444400,  56.194271e-09,
                      -0.7660444400,   0.6427875800,  66.969733e-09,
                     -87.422777e-09,   0.0000000000,  -0.9999998800
                  </Orientation>
                  <Position type="Vector">-79.911324, -52.077255, 417.06812</Position>
               </HpTurret12>
               <HpTurret13>
                  <Axis type="Vector">0, 1, 0</Axis>
                  <Max type="float">3.1415927</Max>
                  <Min type="float">-0.78539819</Min>
                  <Orientation type="Matrix">
                      -0.6427874600,   0.7660444400,  56.194271e-09,
                       0.7660444400,   0.6427875800, -66.969733e-09,
                     -87.422777e-09,   0.0000000000,  -0.9999998800
                  </Orientation>
                  <Position type="Vector">89.148727, -58.382759, 416.88965</Position>
               </HpTurret13>
               <HpTurret14>
                  <Axis type="Vector">0, 1, 0</Axis>
                  <Max type="float">1.5707964</Max>
                  <Min type="float">-1.5707964</Min>
                  <Orientation type="Matrix">
                      -1.0000000000,  87.422777e-09, -7.6427419e-15,
                      87.422777e-09,   1.0000000000, -87.422777e-09,
                       0.0000000000, -87.422777e-09,  -1.0000000000
                  </Orientation>
                  <Position type="Vector">4.780159, 23.037237, 462.02698</Position>
               </HpTurret14>
               <HpTurret15>
                  <Axis type="Vector">0, 1, 0</Axis>
                  <Max type="float">1.5707964</Max>
                  <Min type="float">-1.5707964</Min>
                  <Orientation type="Matrix">
                      -1.0000000000,   0.0000000000,  87.422777e-09,
                       0.0000000000,   1.0000000000,  -0.0000000000,
                     -87.422777e-09,   0.0000000000,  -1.0000000000
                  </Orientation>
                  <Position type="Vector">-23.461624, 23.037237, 461.27185</Position>
               </HpTurret15>
               <HpTurret16>
                  <Axis type="Vector">0, 1, 0</Axis>
                  <Max type="float">1.5707964</Max>
                  <Min type="float">-1.5707964</Min>
                  <Orientation type="Matrix">
                      -1.0000000000,   0.0000000000,  87.422777e-09,
                       0.0000000000,   1.0000000000,  -0.0000000000,
                     -87.422777e-09,   0.0000000000,  -1.0000000000
                  </Orientation>
                  <Position type="Vector">33.151695, 23.037237, 461.01123</Position>
               </HpTurret16>
               <HpTurret17>
                  <Axis type="Vector">0, 1, 0</Axis>
                  <Max type="float">3.1415927</Max>
                  <Min type="float">-3.1415927</Min>
                  <Orientation type="Matrix">
                       1.0000000000,   0.0000000000,  -0.0000000000,
                      -0.0000000000,  59.604645e-09,  -0.9999998800,
                       0.0000000000,   0.9999998800,  59.604645e-09
                  </Orientation>
                  <Position type="Vector">0, -1.3501395, 475.69437</Position>
               </HpTurret17>
               <HpTurret18>
                  <Axis type="Vector">0, 1, 0</Axis>
                  <Max type="float">1.5707964</Max>
                  <Min type="float">-1.5707964</Min>
                  <Orientation type="Matrix">
                      -1.0000000000,   0.0000000000,  87.422777e-09,
                       0.0000000000,   1.0000000000,  -0.0000000000,
                     -87.422777e-09,   0.0000000000,  -1.0000000000
                  </Orientation>
                  <Position type="Vector">29.787584, 87.222862, 427.63477</Position>
               </HpTurret18>
               <HpTurret19>
                  <Axis type="Vector">0, 1, 0</Axis>
                  <Max type="float">1.5707964</Max>
                  <Min type="float">-1.5707964</Min>
                  <Orientation type="Matrix">
                      -1.0000000000,   0.0000000000,  87.422777e-09,
                       0.0000000000,   1.0000000000,  -0.0000000000,
                     -87.422777e-09,   0.0000000000,  -1.0000000000
                  </Orientation>
                  <Position type="Vector">-28.059282, 87.222862, 427.16827</Position>
               </HpTurret19>
               <HpTurret20>
                  <Axis type="Vector">0, 1, 0</Axis>
                  <Max type="float">1.5707964</Max>
                  <Min type="float">-1.5707964</Min>
                  <Orientation type="Matrix">
                       1.0000000000, -87.422777e-09, -87.422777e-09,
                     -87.422777e-09,  -1.0000000000,  7.6427419e-15,
                     -87.422777e-09,   0.0000000000,  -1.0000000000
                  </Orientation>
                  <Position type="Vector">1.0073195, -32.520489, 468.49506</Position>
               </HpTurret20>
            </Revolute>
         </Hardpoints>
         <MultiLevel>
            <Level0>
               <VMeshPart>
                  <VMeshRef type="VMeshRef">
                     <!-- header size  --> 60,
                     <!-- vmesh lib    --> barge_root.lod0.vms,
                     <!-- start vert   --> 0,
                     <!-- num verts    --> 14492,
                     <!-- start index  --> 0,
                     <!-- num indices  --> 43026,
                     <!-- start mesh   --> 0,
                     <!-- num meshes   --> 11,
                     <!-- bounding box -->  142.55681,    95.067825,   475.69437,
                                           -118.74541,  -101.45284,   -493.6264,
                     <!-- center       -->   11.905697,   -3.1925049,   -8.9660187,
                     <!-- radius       --> 654.64941
                  </VMeshRef>
               </VMeshPart>
            </Level0>
         </MultiLevel>
      </barge_root_lod1.3db>
      <barge_aft_lod1.3db>
         <MultiLevel>
            <Level0>
               <VMeshPart>
                  <VMeshRef type="VMeshRef">
                     <!-- header size  --> 60,
                     <!-- vmesh lib    --> barge_root.lod0.vms,
                     <!-- start vert   --> 14492,
                     <!-- num verts    --> 17,
                     <!-- start index  --> 43026,
                     <!-- num indices  --> 48,
                     <!-- start mesh   --> 11,
                     <!-- num meshes   --> 1,
                     <!-- bounding box -->  142.55681,    95.067825,   475.69437,
                                           -118.74541,  -101.45284,   -493.6264,
                     <!-- center       -->   11.905697,   -3.1925049,   -8.9660187,
                     <!-- radius       --> 654.64941
                  </VMeshRef>
               </VMeshPart>
            </Level0>
         </MultiLevel>
         <Hardpoints>
            <Fixed>
               <HpNew01>
                  <Orientation type="Matrix">
                       1.0000000000,   0.0000000000,   0.0000000000,
                       0.0000000000,   1.0000000000,   0.0000000000,
                       0.0000000000,   0.0000000000,   1.0000000000
                  </Orientation>
                  <Position type="Vector">0, 0, 0</Position>
               </HpNew01>
               <HpNew02>
                  <Orientation type="Matrix">
                       1.0000000000,   0.0000000000,   0.0000000000,
                       0.0000000000,   1.0000000000,   0.0000000000,
                       0.0000000000,   0.0000000000,   1.0000000000
                  </Orientation>
                  <Position type="Vector">0, 0, 0</Position>
               </HpNew02>
            </Fixed>
         </Hardpoints>
      </barge_aft_lod1.3db>
      <barge_nose_lod1.3db>
         <MultiLevel>
            <Level0>
               <VMeshPart>
                  <VMeshRef type="VMeshRef">
                     <!-- header size  --> 60,
                     <!-- vmesh lib    --> barge_root.lod0.vms,
                     <!-- start vert   --> 14509,
                     <!-- num verts    --> 142,
                     <!-- start index  --> 43074,
                     <!-- num indices  --> 228,
                     <!-- start mesh   --> 12,
                     <!-- num meshes   --> 1,
                     <!-- bounding box -->  142.55681,    95.067825,   475.69437,
                                           -118.74541,  -101.45284,   -493.6264,
                     <!-- center       -->   11.905697,   -3.1925049,   -8.9660187,
                     <!-- radius       --> 654.64941
                  </VMeshRef>
               </VMeshPart>
            </Level0>
         </MultiLevel>
