<?xml version="1.0" encoding="ISO-8859-1"?>
<!-- XML generated by UTFXML Version 2.2 built 19-Aug-2010 -->
<UTFXML filename="ku_elite.cmp" path="SHIPS\KUSARI\KU_ELITE">
   <UTF_ROOT>
      <VMeshLibrary>
         <data.ships.kusari.ku_elite.ku_elite.lod0-112.vms include="ku_elite_cmp\lod0-112.vms.xml"/>
         <data.ships.kusari.ku_elite.ku_elite.lod1-112.vms include="ku_elite_cmp\lod1-112.vms.xml"/>
         <data.ships.kusari.ku_elite.ku_elite.lod2-112.vms include="ku_elite_cmp\lod2-112.vms.xml"/>
         <data.ships.kusari.ku_elite.ku_elite.lod3-112.vms include="ku_elite_cmp\lod3-112.vms.xml"/>
      </VMeshLibrary>
      <Animation>
         <Script>
            <Sc_end_anim name="Sc_end anim">
               <Joint_map_0 name="Joint map 0">
                  <Channel>
                     <Header type="Header">
                        <!-- count    --> 1,
                        <!-- interval --> 0.033333335,
                        <!-- flags    --> 0x1
                     </Header>
                     <Frames type="Frames" count="2">
                          1.7802299000
                          0.0000000000
                     </Frames>
                  </Channel>
                  <Child_name name="Child name" type="text">BayDoor01_lod1</Child_name>
                  <Parent_name name="Parent name" type="text">Root</Parent_name>
               </Joint_map_0>
               <Joint_map_1 name="Joint map 1">
                  <Channel>
                     <Header type="Header">
                        <!-- count    --> 1,
                        <!-- interval --> 0.033333335,
                        <!-- flags    --> 0x1
                     </Header>
                     <Frames type="Frames" count="2">
                          1.7802299000
                          0.0000000000
                     </Frames>
                  </Channel>
                  <Child_name name="Child name" type="text">BayDoor02_lod1</Child_name>
                  <Parent_name name="Parent name" type="text">Root</Parent_name>
               </Joint_map_1>
            </Sc_end_anim>
            <Sc_open_baydoor name="Sc_open baydoor">
               <Joint_map_0 name="Joint map 0">
                  <Channel>
                     <Header type="Header">
                        <!-- count    --> 2,
                        <!-- interval --> Explicit,
                        <!-- flags    --> 0x1
                     </Header>
                     <Frames type="Frames" count="2">
                          0.0000000000:   0.0000000000
                          2.1333334000:   1.7802299000
                     </Frames>
                  </Channel>
                  <Child_name name="Child name" type="text">BayDoor01_lod1</Child_name>
                  <Parent_name name="Parent name" type="text">Root</Parent_name>
               </Joint_map_0>
               <Joint_map_1 name="Joint map 1">
                  <Channel>
                     <Header type="Header">
                        <!-- count    --> 2,
                        <!-- interval --> Explicit,
                        <!-- flags    --> 0x1
                     </Header>
                     <Frames type="Frames" count="2">
                          0.0000000000:   0.0000000000
                          2.1333334000:   1.7802299000
                     </Frames>
                  </Channel>
                  <Child_name name="Child name" type="text">BayDoor02_lod1</Child_name>
                  <Parent_name name="Parent name" type="text">Root</Parent_name>
               </Joint_map_1>
            </Sc_open_baydoor>
         </Script>
      </Animation>
      <BayDoor01_lod1030110104503.3db>
         <VMeshWire include="ku_elite_cmp\BayDoor01_lod1.vwd.xml"/>
         <MultiLevel>
            <Level0>
               <VMeshPart>
                  <VMeshRef type="VMeshRef">
                     <!-- header size  --> 60,
                     <!-- vmesh lib    --> data.ships.kusari.ku_elite.ku_elite.lod0-112.vms,
                     <!-- start vert   --> 2723,
                     <!-- num verts    --> 12,
                     <!-- start index  --> 3297,
                     <!-- num indices  --> 30,
                     <!-- start mesh   --> 13,
                     <!-- num meshes   --> 1,
                     <!-- bounding box -->  0.080509044,  0.10102165,    1.7665753,
                                           -0.73911172,  -0.10920571,   -1.9296435,
                     <!-- center       --> -0.3379271,   -0.0041129757, -0.083940402,
                     <!-- radius       --> 1.8954558
                  </VMeshRef>
               </VMeshPart>
            </Level0>
            <Level1>
               <VMeshPart>
                  <VMeshRef type="VMeshRef">
                     <!-- header size  --> 60,
                     <!-- vmesh lib    --> data.ships.kusari.ku_elite.ku_elite.lod1-112.vms,
                     <!-- start vert   --> 1452,
                     <!-- num verts    --> 12,
                     <!-- start index  --> 1752,
                     <!-- num indices  --> 30,
                     <!-- start mesh   --> 16,
                     <!-- num meshes   --> 1,
                     <!-- bounding box -->  0.080509044,  0.10102165,    1.7665753,
                                           -0.73911172,  -0.10920571,   -1.9296435,
                     <!-- center       --> -0.3379271,   -0.0041129757, -0.083940402,
                     <!-- radius       --> 1.8954558
                  </VMeshRef>
               </VMeshPart>
            </Level1>
            <Level2>
               <VMeshPart>
                  <VMeshRef type="VMeshRef">
                     <!-- header size  --> 60,
                     <!-- vmesh lib    --> data.ships.kusari.ku_elite.ku_elite.lod2-112.vms,
                     <!-- start vert   --> 833,
                     <!-- num verts    --> 6,
                     <!-- start index  --> 1029,
                     <!-- num indices  --> 12,
                     <!-- start mesh   --> 13,
                     <!-- num meshes   --> 1,
                     <!-- bounding box -->  0.080509044,  0.10102165,    1.7665753,
                                           -0.73911172,  -0.10920571,   -1.9296435,
                     <!-- center       --> -0.3379271,   -0.0041129757, -0.083940402,
                     <!-- radius       --> 1.8954558
                  </VMeshRef>
               </VMeshPart>
            </Level2>
            <Level3>
               <VMeshPart>
                  <VMeshRef type="VMeshRef">
                     <!-- header size  --> 60,
                     <!-- vmesh lib    --> data.ships.kusari.ku_elite.ku_elite.lod3-112.vms,
                     <!-- start vert   --> 268,
                     <!-- num verts    --> 4,
                     <!-- start index  --> 360,
                     <!-- num indices  --> 6,
                     <!-- start mesh   --> 10,
                     <!-- num meshes   --> 1,
                     <!-- bounding box -->  0.080509044,  0.10102165,    1.7665753,
                                           -0.73911172,  -0.10920571,   -1.9296435,
                     <!-- center       --> -0.3379271,   -0.0041129757, -0.083940402,
                     <!-- radius       --> 1.8954558
                  </VMeshRef>
               </VMeshPart>
            </Level3>
            <Switch2 type="float array" count="5">
               0,
               100,
               1000,
               10000,
               1000000
            </Switch2>
         </MultiLevel>
         <Hardpoints>
            <Fixed>
               <Hpnew01>
                  <Orientation type="Matrix">
                       1.0000000000,   0.0000000000,   0.0000000000,
                       0.0000000000,   1.0000000000,   0.0000000000,
                       0.0000000000,   0.0000000000,   1.0000000000
                  </Orientation>
                  <Position type="Vector">-1, -1, 0</Position>
               </Hpnew01>
               <Hpnew02>
                  <Orientation type="Matrix">
                       1.0000000000,   0.0000000000,   0.0000000000,
                       0.0000000000,   1.0000000000,   0.0000000000,
                       0.0000000000,   0.0000000000,   1.0000000000
                  </Orientation>
                  <Position type="Vector">-1, -1, 0</Position>
               </Hpnew02>
               <Hpnew03>
                  <Orientation type="Matrix">
                       1.0000000000,   0.0000000000,   0.0000000000,
                       0.0000000000,   1.0000000000,   0.0000000000,
                       0.0000000000,   0.0000000000,   1.0000000000
                  </Orientation>
                  <Position type="Vector">-1, -1, 0</Position>
               </Hpnew03>
            </Fixed>
         </Hardpoints>
      </BayDoor01_lod1030110104503.3db>
      <BayDoor02_lod1030110104503.3db>
         <VMeshWire include="ku_elite_cmp\BayDoor02_lod1.vwd.xml"/>
         <MultiLevel>
            <Level0>
               <VMeshPart>
                  <VMeshRef type="VMeshRef">
                     <!-- header size  --> 60,
                     <!-- vmesh lib    --> data.ships.kusari.ku_elite.ku_elite.lod0-112.vms,
                     <!-- start vert   --> 3579,
                     <!-- num verts    --> 12,
                     <!-- start index  --> 4266,
                     <!-- num indices  --> 30,
                     <!-- start mesh   --> 20,
                     <!-- num meshes   --> 1,
                     <!-- bounding box -->  0.74693763,   0.10102171,   1.7665753,
                                           -0.078184277, -0.10920577,  -1.9296436,
                     <!-- center       -->  0.33893368,  -0.004055745, -0.082973883,
                     <!-- radius       --> 1.8961099
                  </VMeshRef>
               </VMeshPart>
            </Level0>
            <Level1>
               <VMeshPart>
                  <VMeshRef type="VMeshRef">
                     <!-- header size  --> 60,
                     <!-- vmesh lib    --> data.ships.kusari.ku_elite.ku_elite.lod1-112.vms,
                     <!-- start vert   --> 1968,
                     <!-- num verts    --> 12,
                     <!-- start index  --> 2313,
                     <!-- num indices  --> 30,
                     <!-- start mesh   --> 23,
                     <!-- num meshes   --> 1,
                     <!-- bounding box -->  0.74693763,   0.10102171,   1.7665753,
                                           -0.078184277, -0.10920577,  -1.9296436,
                     <!-- center       -->  0.33893368,  -0.004055745, -0.082973883,
                     <!-- radius       --> 1.8961099
                  </VMeshRef>
               </VMeshPart>
            </Level1>
            <Level2>
               <VMeshPart>
                  <VMeshRef type="VMeshRef">
                     <!-- header size  --> 60,
                     <!-- vmesh lib    --> data.ships.kusari.ku_elite.ku_elite.lod2-112.vms,
                     <!-- start vert   --> 1140,
                     <!-- num verts    --> 6,
                     <!-- start index  --> 1365,
                     <!-- num indices  --> 12,
                     <!-- start mesh   --> 20,
                     <!-- num meshes   --> 1,
                     <!-- bounding box -->  0.74693763,   0.10102171,   1.7665753,
                                           -0.078184277, -0.10920577,  -1.9296436,
                     <!-- center       -->  0.33893368,  -0.004055745, -0.082973883,
                     <!-- radius       --> 1.8961099
                  </VMeshRef>
               </VMeshPart>
            </Level2>
            <Level3>
               <VMeshPart>
                  <VMeshRef type="VMeshRef">
                     <!-- header size  --> 60,
                     <!-- vmesh lib    --> data.ships.kusari.ku_elite.ku_elite.lod3-112.vms,
                     <!-- start vert   --> 410,
                     <!-- num verts    --> 4,
                     <!-- start index  --> 516,
                     <!-- num indices  --> 6,
                     <!-- start mesh   --> 16,
                     <!-- num meshes   --> 1,
                     <!-- bounding box -->  0.74693763,   0.10102171,   1.7665753,
                                           -0.078184277, -0.10920577,  -1.9296436,
                     <!-- center       -->  0.33893368,  -0.004055745, -0.082973883,
                     <!-- radius       --> 1.8961099
                  </VMeshRef>
               </VMeshPart>
            </Level3>
            <Switch2 type="float array" count="5">
               0,
               100,
               1000,
               10000,
               1000000
            </Switch2>
         </MultiLevel>
      </BayDoor02_lod1030110104503.3db>
      <Cmpnd>
         <Cons>
            <Fix type="Fix" count="8">
               <part>
                  <!-- parent      --> "Root",
                  <!-- child       --> "starboard_wing_lod1",
                  <!-- position    --> 2.423373, -1.7623379, 3.2736626,
                  <!-- orientation -->   1.0000000000, -105.87912e-24, -26.469780e-24,
                                        105.87912e-24,   1.0000000000,  158.81868e-24,
                                        26.469780e-24, -158.81868e-24,   1.0000000000
               </part>
               <part>
                  <!-- parent      --> "Root",
                  <!-- child       --> "port_wing_lod1",
                  <!-- position    --> -2.4314554, -1.7623376, 3.2736621,
                  <!-- orientation -->   1.0000000000, -105.87912e-24, -26.469780e-24,
                                        105.87912e-24,   1.0000000000,  158.81868e-24,
                                        26.469780e-24, -158.81868e-24,   1.0000000000
               </part>
               <part>
                  <!-- parent      --> "Root",
                  <!-- child       --> "tail_lod1",
                  <!-- position    --> -0.002876417, -0.60730404, 3.6767049,
                  <!-- orientation -->   1.0000000000, -105.87912e-24, -26.469780e-24,
                                        105.87912e-24,   1.0000000000,  158.81868e-24,
                                        26.469780e-24, -158.81868e-24,   1.0000000000
               </part>
               <part>
                  <!-- parent      --> "Root",
                  <!-- child       --> "port_engine_lod1",
                  <!-- position    --> -1.9831972, -0.217648, 1.2503617,
                  <!-- orientation -->   1.0000000000, -105.87912e-24, -26.469780e-24,
                                        105.87912e-24,   1.0000000000,  158.81868e-24,
                                        26.469780e-24, -158.81868e-24,   1.0000000000
               </part>
               <part>
                  <!-- parent      --> "Root",
                  <!-- child       --> "starboard_engine_lod1",
                  <!-- position    --> 1.9776952, -0.21764785, 1.250362,
                  <!-- orientation -->   1.0000000000, -105.87912e-24, -26.469780e-24,
                                        105.87912e-24,   1.0000000000,  158.81868e-24,
                                        26.469780e-24, -158.81868e-24,   1.0000000000
               </part>
               <part>
                  <!-- parent      --> "Root",
                  <!-- child       --> "glass_lod1",
                  <!-- position    --> 336.69806e-9, -0.16041009, -4.1461158,
                  <!-- orientation -->   1.0000000000, -105.87912e-24, -26.469780e-24,
                                        105.87912e-24,   1.0000000000,  158.81868e-24,
                                        26.469780e-24, -158.81868e-24,   1.0000000000
               </part>
               <part>
                  <!-- parent      --> "Root",
                  <!-- child       --> "port_spike_lod1",
                  <!-- position    --> -1.5424879, 0.88621193, 0.7140612,
                  <!-- orientation -->   1.0000000000, -105.49284e-09,  56.723650e-09,
                                        112.36060e-09,   0.9902680500,  -0.1391732200,
                                       -41.489841e-09,   0.1391732200,   0.9902680500
               </part>
               <part>
                  <!-- parent      --> "Root",
                  <!-- child       --> "starboard_spike_lod1",
                  <!-- position    --> 1.5366328, 0.8862223, 0.71412456,
                  <!-- orientation -->   1.0000000000,  16.856999e-09,  114.68097e-09,
                                       -732.42890e-12,   0.9902680500,  -0.1391732100,
                                       -115.91094e-09,   0.1391732100,   0.9902680500
               </part>
            </Fix>
            <Rev type="Rev" count="2">
               <part>
                  <!-- parent      --> "Root",
                  <!-- child       --> "BayDoor01_lod1",
                  <!-- position    --> 0.73911148, 1.3857341, 60.818458e-9,
                  <!-- offset      --> 0, 0, 0,
                  <!-- orientation -->   1.0000000000, -10.973053e-09, -3.4394176e-09,
                                        10.973053e-09,   1.0000000000,  94.217711e-09,
                                        3.4394165e-09, -94.217711e-09,   1.0000000000,
                  <!-- axis        -->  29.339942e-09, -87.750095e-09,  -1.0000000000,
                  <!-- min, max    --> 0, 1.7802299
               </part>
               <part>
                  <!-- parent      --> "Root",
                  <!-- child       --> "BayDoor02_lod1",
                  <!-- position    --> -0.74693763, 1.3857342, -206.15514e-9,
                  <!-- offset      --> 0, 0, 0,
                  <!-- orientation -->   1.0000000000, -10.973053e-09, -3.4394176e-09,
                                        10.973053e-09,   1.0000000000,  94.217711e-09,
                                        3.4394165e-09, -94.217711e-09,   1.0000000000,
                  <!-- axis        --> -28.041963e-09,  90.416044e-09,   1.0000000000,
                  <!-- min, max    --> 0, 1.7802299
               </part>
            </Rev>
         </Cons>
         <Part_BayDoor01_lod1>
            <File_name name="File name" type="text">BayDoor01_lod1030110104503.3db</File_name>
            <Index type="int">6</Index>
            <Object_name name="Object name" type="text">BayDoor01_lod1</Object_name>
         </Part_BayDoor01_lod1>
         <Part_BayDoor02_lod1>
            <File_name name="File name" type="text">BayDoor02_lod1030110104503.3db</File_name>
            <Index type="int">7</Index>
            <Object_name name="Object name" type="text">BayDoor02_lod1</Object_name>
         </Part_BayDoor02_lod1>
         <Part_glass_lod1>
            <File_name name="File name" type="text">glass_lod1030110104503.3db</File_name>
            <Index type="int">8</Index>
            <Object_name name="Object name" type="text">glass_lod1</Object_name>
         </Part_glass_lod1>
         <Part_port_engine_lod1>
            <File_name name="File name" type="text">port_engine_lod1030110104503.3db</File_name>
            <Index type="int">4</Index>
            <Object_name name="Object name" type="text">port_engine_lod1</Object_name>
         </Part_port_engine_lod1>
         <Part_port_spike_lod1>
            <File_name name="File name" type="text">port_spike_lod1030110104503.3db</File_name>
            <Index type="int">9</Index>
            <Object_name name="Object name" type="text">port_spike_lod1</Object_name>
         </Part_port_spike_lod1>
         <Part_port_wing_lod1>
            <File_name name="File name" type="text">port_wing_lod1030110104503.3db</File_name>
            <Index type="int">2</Index>
            <Object_name name="Object name" type="text">port_wing_lod1</Object_name>
         </Part_port_wing_lod1>
         <Part_starboard_engine_lod1>
            <File_name name="File name" type="text">starboard_engine_lod1030110104503.3db</File_name>
            <Index type="int">5</Index>
            <Object_name name="Object name" type="text">starboard_engine_lod1</Object_name>
         </Part_starboard_engine_lod1>
         <Part_starboard_spike_lod1>
            <File_name name="File name" type="text">starboard_spike_lod1030110104503.3db</File_name>
            <Index type="int">10</Index>
            <Object_name name="Object name" type="text">starboard_spike_lod1</Object_name>
         </Part_starboard_spike_lod1>
         <Part_starboard_wing_lod1>
            <File_name name="File name" type="text">starboard_wing_lod1030110104503.3db</File_name>
            <Index type="int">1</Index>
            <Object_name name="Object name" type="text">starboard_wing_lod1</Object_name>
         </Part_starboard_wing_lod1>
         <Part_tail_lod1>
            <File_name name="File name" type="text">tail_lod1030110104503.3db</File_name>
            <Index type="int">3</Index>
            <Object_name name="Object name" type="text">tail_lod1</Object_name>
         </Part_tail_lod1>
         <Root>
            <File_name name="File name" type="text">ku_elite_lod1030110104503.3db</File_name>
            <Index type="int">0</Index>
            <Object_name name="Object name" type="text">Root</Object_name>
         </Root>
      </Cmpnd>
      <Exporter_Version name="Exporter Version" type="text">Nov  5 2002 11:41:55</Exporter_Version>
      <glass_lod1030110104503.3db>
         <VMeshWire include="ku_elite_cmp\glass_lod1.vwd.xml"/>
         <MultiLevel>
            <Level0>
               <VMeshPart>
                  <VMeshRef type="VMeshRef">
                     <!-- header size  --> 60,
                     <!-- vmesh lib    --> data.ships.kusari.ku_elite.ku_elite.lod0-112.vms,
                     <!-- start vert   --> 2667,
                     <!-- num verts    --> 56,
                     <!-- start index  --> 3147,
                     <!-- num indices  --> 150,
                     <!-- start mesh   --> 12,
                     <!-- num meshes   --> 1,
                     <!-- bounding box -->  0.78102785,   0.90593415,  0.79608411,
                                           -0.78102803,  -0.58869797, -1.4136952,
                     <!-- center       -->  0.062337585,  0.17438106, -0.26673222,
                     <!-- radius       --> 1.4032099
                  </VMeshRef>
               </VMeshPart>
            </Level0>
            <Level1>
               <VMeshPart>
                  <VMeshRef type="VMeshRef">
                     <!-- header size  --> 60,
                     <!-- vmesh lib    --> data.ships.kusari.ku_elite.ku_elite.lod1-112.vms,
                     <!-- start vert   --> 1412,
                     <!-- num verts    --> 40,
                     <!-- start index  --> 1662,
                     <!-- num indices  --> 90,
                     <!-- start mesh   --> 15,
                     <!-- num meshes   --> 1,
                     <!-- bounding box -->  0.78102785,   0.90593415,  0.79608411,
                                           -0.78102803,  -0.58869797, -1.4136952,
                     <!-- center       -->  0.062337585,  0.17438106, -0.26673222,
                     <!-- radius       --> 1.4032099
                  </VMeshRef>
               </VMeshPart>
            </Level1>
            <Level2>
               <VMeshPart>
                  <VMeshRef type="VMeshRef">
                     <!-- header size  --> 60,
                     <!-- vmesh lib    --> data.ships.kusari.ku_elite.ku_elite.lod2-112.vms,
                     <!-- start vert   --> 799,
                     <!-- num verts    --> 34,
                     <!-- start index  --> 972,
                     <!-- num indices  --> 57,
                     <!-- start mesh   --> 12,
                     <!-- num meshes   --> 1,
                     <!-- bounding box -->  0.78102785,   0.90593415,  0.79608411,
                                           -0.78102803,  -0.58869797, -1.4136952,
                     <!-- center       -->  0.062337585,  0.17438106, -0.26673222,
                     <!-- radius       --> 1.4032099
                  </VMeshRef>
               </VMeshPart>
            </Level2>
            <Level3>
               <VMeshPart>
                  <VMeshRef type="VMeshRef">
                     <!-- header size  --> 60,
                     <!-- vmesh lib    --> data.ships.kusari.ku_elite.ku_elite.lod3-112.vms,
                     <!-- start vert   --> 257,
                     <!-- num verts    --> 11,
                     <!-- start index  --> 336,
                     <!-- num indices  --> 24,
                     <!-- start mesh   --> 9,
                     <!-- num meshes   --> 1,
                     <!-- bounding box -->  0.78102785,   0.90593415,  0.79608411,
                                           -0.78102803,  -0.58869797, -1.4136952,
                     <!-- center       -->  0.062337585,  0.17438106, -0.26673222,
                     <!-- radius       --> 1.4032099
                  </VMeshRef>
               </VMeshPart>
            </Level3>
            <Switch2 type="float array" count="5">
               0,
               100,
               1000,
               10000,
               1000000
            </Switch2>
         </MultiLevel>
      </glass_lod1030110104503.3db>
      <ku_elite_lod1030110104503.3db>
         <Hardpoints>
            <Fixed>
               <DpPort__arm_rotator name="DpPort _arm rotator">
                  <Orientation type="Matrix">
                       1.0000000000, -22.351738e-09, -126.65987e-09,
                      22.351745e-09,   1.0000000000,  59.604641e-09,
                      126.65987e-09, -59.604645e-09,   1.0000000000
                  </Orientation>
                  <Position type="Vector">-1.3389915, 0.76547158, 1.3987979</Position>
               </DpPort__arm_rotator>
               <DpPort__engine name="DpPort _engine">
                  <Orientation type="Matrix">
                       1.0000000000, -22.351736e-09, -126.65986e-09,
                      22.351744e-09,   1.0000000000,  59.604638e-09,
                      126.65986e-09, -59.604641e-09,   1.0000000000
                  </Orientation>
                  <Position type="Vector">-1.5741272, -0.20309126, 1.2126454</Position>
               </DpPort__engine>
               <DpPort_wing>
                  <Orientation type="Matrix">
                       1.0000000000, -22.351731e-09, -126.65986e-09,
                      22.351738e-09,   1.0000000000,  59.604631e-09,
                      126.65986e-09, -59.604634e-09,   1.0000000000
                  </Orientation>
                  <Position type="Vector">-0.24899882, -0.61808568, 1.1784648</Position>
               </DpPort_wing>
               <DpStarboard__arm_rotator name="DpStarboard _arm rotator">
                  <Orientation type="Matrix">
                       1.0000000000, -22.351738e-09, -126.65987e-09,
                      22.351745e-09,   1.0000000000,  59.604641e-09,
                      126.65987e-09, -59.604645e-09,   1.0000000000
                  </Orientation>
                  <Position type="Vector">1.3293549, 0.76547176, 1.398798</Position>
               </DpStarboard__arm_rotator>
               <DpStarboard__engine name="DpStarboard _engine">
                  <Orientation type="Matrix">
                       1.0000000000, -22.351738e-09, -126.65987e-09,
                      22.351745e-09,   1.0000000000,  59.604641e-09,
                      126.65987e-09, -59.604645e-09,   1.0000000000
                  </Orientation>
                  <Position type="Vector">1.5662651, -0.20309114, 1.2126456</Position>
               </DpStarboard__engine>
               <DpStarboard_wing>
                  <Orientation type="Matrix">
                       1.0000000000, -22.351733e-09, -126.65986e-09,
                      22.351740e-09,   1.0000000000,  59.604634e-09,
                      126.65986e-09, -59.604638e-09,   1.0000000000
                  </Orientation>
                  <Position type="Vector">0.24962641, -0.61808562, 1.1784647</Position>
               </DpStarboard_wing>
               <DpTail>
                  <Orientation type="Matrix">
                       1.0000000000, -22.351736e-09, -126.65986e-09,
                      22.351744e-09,   1.0000000000,  59.604638e-09,
                      126.65986e-09, -59.604641e-09,   1.0000000000
                  </Orientation>
                  <Position type="Vector">-585.54076e-9, 0.80039227, 2.3618927</Position>
               </DpTail>
               <HpBayDoor01>
                  <Orientation type="Matrix">
                       1.0000000000, -14.901167e-09, -163.91277e-09,
                      14.901167e-09,   1.0000000000, -132.34890e-24,
                      163.91277e-09, -2.4424915e-15,   1.0000000000
                  </Orientation>
                  <Position type="Vector">-3.4857865e-9, 1.3879499, -0.15995388</Position>
               </HpBayDoor01>
               <HpBayDoor02>
                  <Orientation type="Matrix">
                       1.0000000000, -14.901167e-09, -163.91277e-09,
                      14.901167e-09,   1.0000000000, -132.34890e-24,
                      163.91277e-09, -2.4424915e-15,   1.0000000000
                  </Orientation>
                  <Position type="Vector">-42.68712e-9, 2.2847722, -0.15995391</Position>
               </HpBayDoor02>
               <HpCloak01>
                  <Orientation type="Matrix">
                     -89.406967e-09,   1.0000000000,   0.0000000000,
                      59.604645e-09,  5.3290705e-15,   1.0000000000,
                       1.0000000000,  89.406967e-09, -59.604645e-09
                  </Orientation>
                  <Position type="Vector">-0.043617856, 0.20912836, 0.226</Position>
               </HpCloak01>
               <HpCockpit>
                  <Orientation type="Matrix">
                       1.0000000000, -105.87912e-24, -26.469780e-24,
                      105.87912e-24,   1.0000000000,  158.81868e-24,
                      26.469780e-24, -158.81868e-24,   1.0000000000
                  </Orientation>
                  <Position type="Vector">337.42188e-9, 0.20912819, -3.774</Position>
               </HpCockpit>
               <HpEngineGlow>
                  <Orientation type="Matrix">
                       1.0000000000, -14.901165e-09, -163.91277e-09,
                      14.901165e-09,   1.0000000000, -132.34890e-24,
                      163.91277e-09, -2.4424911e-15,   1.0000000000
                  </Orientation>
                  <Position type="Vector">-1.3290256e-6, 0.55109274, 7.4934173</Position>
               </HpEngineGlow>
               <HpHeadLight>
                  <Orientation type="Matrix">
                       1.0000000000, -14.901167e-09, -163.91277e-09,
                      14.901167e-09,   1.0000000000, -132.34890e-24,
                      163.91277e-09, -2.4424915e-15,   1.0000000000
                  </Orientation>
                  <Position type="Vector">1.2584549e-6, -1.7930717, -6.5100951</Position>
               </HpHeadLight>
               <HpMount>
                  <Orientation type="Matrix">
                       1.0000000000, -14.901167e-09, -163.91277e-09,
                      14.901167e-09,   1.0000000000, -132.34890e-24,
                      163.91277e-09, -2.4424915e-15,   1.0000000000
                  </Orientation>
                  <Position type="Vector">248.22972e-9, -4.7035894, -0.077647641</Position>
               </HpMount>
               <HpPilot>
                  <Orientation type="Matrix">
                       1.0000000000,  3.9968020e-15, -89.406967e-09,
                      3.9968037e-15,   1.0000000000,  89.406967e-09,
                      89.406967e-09, -89.406967e-09,   1.0000000000
                  </Orientation>
                  <Position type="Vector">-0.0080756107, -0.93212247, -3.7956135</Position>
               </HpPilot>
               <HpRunningLight07>
                  <Orientation type="Matrix">
                      -1.0000000000, -2.6645353e-15,  178.81393e-09,
                     -7.9936058e-15,   1.0000000000, -29.802322e-09,
                     -178.81393e-09, -29.802322e-09,  -1.0000000000
                  </Orientation>
                  <Position type="Vector">-1.2067425, 2.1434557, 1.4289902</Position>
               </HpRunningLight07>
               <HpRunningLight08>
                  <Orientation type="Matrix">
                      -1.0000000000, -2.6645353e-15,  178.81393e-09,
                     -7.9936058e-15,   1.0000000000, -29.802322e-09,
                     -178.81393e-09, -29.802322e-09,  -1.0000000000
                  </Orientation>
                  <Position type="Vector">1.2022096, 2.1434562, 1.4289904</Position>
               </HpRunningLight08>
               <HpShield01>
                  <Orientation type="Matrix">
                      -1.0000000000, -23.241036e-09, -100.66806e-09,
                     -38.443390e-15,  -0.9743700000,   0.2249512400,
                     -103.31605e-09,   0.2249512400,   0.9743700000
                  </Orientation>
                  <Position type="Vector">7.3933375e-6, -0.14330593, -0.64310902</Position>
               </HpShield01>
               <HpTractor_Source>
                  <Orientation type="Matrix">
                       1.0000000000, -14.901167e-09, -163.91277e-09,
                      14.901167e-09,   1.0000000000, -132.34890e-24,
                      163.91277e-09, -2.4424915e-15,   1.0000000000
                  </Orientation>
                  <Position type="Vector">1.2584549e-6, -1.7930717, -6.5100951</Position>
               </HpTractor_Source>
            </Fixed>
            <Revolute>
               <HpTorpedo01>
                  <Axis type="Vector">0, 1, 0</Axis>
                  <Max type="float">0.17452</Max>
                  <Min type="float">-0.17454</Min>
                  <Orientation type="Matrix">
                      -1.0000000000,  33.975649e-09, -62.675028e-09,
                     -46.735654e-09,  -0.9762960100,   0.2164396800,
                     -53.835702e-09,   0.2164396800,   0.9762960100
                  </Orientation>
                  <Position type="Vector">-0.0231629, -1.4127425, -3.5285745</Position>
               </HpTorpedo01>
               <HpWeapon01>
                  <Axis type="Vector">0, 1, 0</Axis>
                  <Max type="float">0.17452</Max>
                  <Min type="float">-0.7854</Min>
                  <Orientation type="Matrix">
                      -0.9205048700,  -0.3907311000, -228.20207e-09,
                       0.3907311000,  -0.9205048700,  29.693211e-09,
                     -221.66317e-09, -61.832900e-09,   1.0000000000
                  </Orientation>
                  <Position type="Vector">-1.010398, -1.6145, -3.4722497</Position>
               </HpWeapon01>
               <HpWeapon02>
                  <Axis type="Vector">0, 1, 0</Axis>
                  <Max type="float">0.78538001</Max>
                  <Min type="float">-0.17454</Min>
                  <Orientation type="Matrix">
                      -0.9205048100,   0.3907312500, -232.67349e-09,
                      -0.3907312500,  -0.9205048100, -77.141770e-09,
                     -244.31876e-09,  19.903430e-09,   1.0000000000
                  </Orientation>
                  <Position type="Vector">1.0160326, -1.6173254, -3.4722493</Position>
               </HpWeapon02>
            </Revolute>
         </Hardpoints>
         <VMeshWire include="ku_elite_cmp\ku_elite_lod1.vwd.xml"/>
         <MultiLevel>
            <Level0>
               <VMeshPart>
                  <VMeshRef type="VMeshRef">
                     <!-- header size  --> 60,
                     <!-- vmesh lib    --> data.ships.kusari.ku_elite.ku_elite.lod0-112.vms,
                     <!-- start vert   --> 164,
                     <!-- num verts    --> 1673,
                     <!-- start index  --> 198,
                     <!-- num indices  --> 1998,
                     <!-- start mesh   --> 2,
                     <!-- num meshes   --> 3,
                     <!-- bounding box -->  1.5679823,    2.3047259,   2.3554337,
                                           -1.5734839,   -1.7740906,  -6.6858077,
                     <!-- center       --> -0.024095293,  0.19499879, -2.2439384,
                     <!-- radius       --> 4.7713695
                  </VMeshRef>
               </VMeshPart>
            </Level0>
            <Level1>
               <VMeshPart>
                  <VMeshRef type="VMeshRef">
                     <!-- header size  --> 60,
                     <!-- vmesh lib    --> data.ships.kusari.ku_elite.ku_elite.lod1-112.vms,
                     <!-- start vert   --> 115,
                     <!-- num verts    --> 828,
                     <!-- start index  --> 138,
                     <!-- num indices  --> 1017,
                     <!-- start mesh   --> 3,
                     <!-- num meshes   --> 4,
                     <!-- bounding box -->  1.5679823,    2.3047259,   2.3554337,
                                           -1.5734839,   -1.7740906,  -6.6858077,
                     <!-- center       --> -0.024095293,  0.19499879, -2.2439384,
                     <!-- radius       --> 4.7713695
                  </VMeshRef>
               </VMeshPart>
            </Level1>
            <Level2>
               <VMeshPart>
                  <VMeshRef type="VMeshRef">
                     <!-- header size  --> 60,
                     <!-- vmesh lib    --> data.ships.kusari.ku_elite.ku_elite.lod2-112.vms,
                     <!-- start vert   --> 43,
                     <!-- num verts    --> 508,
                     <!-- start index  --> 60,
                     <!-- num indices  --> 636,
                     <!-- start mesh   --> 2,
                     <!-- num meshes   --> 4,
                     <!-- bounding box -->  1.5679823,    2.3047259,   2.3554337,
                                           -1.5734839,   -1.7740906,  -6.6858077,
                     <!-- center       --> -0.024095293,  0.19499879, -2.2439384,
                     <!-- radius       --> 4.7713695
                  </VMeshRef>
               </VMeshPart>
            </Level2>
            <Level3>
               <VMeshPart>
                  <VMeshRef type="VMeshRef">
                     <!-- header size  --> 60,
                     <!-- vmesh lib    --> data.ships.kusari.ku_elite.ku_elite.lod3-112.vms,
                     <!-- start vert   --> 25,
                     <!-- num verts    --> 165,
                     <!-- start index  --> 36,
                     <!-- num indices  --> 222,
                     <!-- start mesh   --> 2,
                     <!-- num meshes   --> 3,
                     <!-- bounding box -->  1.5679823,    2.3047259,   2.3554337,
                                           -1.5734839,   -1.7740906,  -6.6858077,
                     <!-- center       --> -0.024095293,  0.19499879, -2.2439384,
                     <!-- radius       --> 4.7713695
                  </VMeshRef>
               </VMeshPart>
            </Level3>
            <Switch2 type="float array" count="5">
               0,
               100,
               1000,
               10000,
               1000000
            </Switch2>
         </MultiLevel>
      </ku_elite_lod1030110104503.3db>
      <port_engine_lod1030110104503.3db>
         <Hardpoints>
            <Fixed>
               <HpEngine01>
                  <Orientation type="Matrix">
                       1.0000000000,  24.059293e-09, -166.45065e-09,
