<?xml version="1.0" encoding="ISO-8859-1"?>
<!-- XML generated by UTFXML Version 2.2 built 19-Aug-2010 -->
<UTFXML filename="rh_battlecruiser02.cmp" path="SHIPS\RHEINLAND\rh_battlecruiser02">
   <UTF_ROOT>
      <VMeshLibrary>
         <bsrhgroup80.lod0.vms include="rh_battlecruiser02_cmp\lod0.vms.xml"/>
      </VMeshLibrary>
      <Cmpnd>
         <Root>
            <File_name name="File name" type="text">bsrhgroup80.3db</File_name>
            <Index type="int">0</Index>
            <Object_name name="Object name" type="text">Root</Object_name>
         </Root>
      </Cmpnd>
      <bsrhgroup80.3db>
         <MultiLevel>
            <Level0>
               <VMeshPart>
                  <VMeshRef type="VMeshRef">
                     <!-- header size  --> 60,
                     <!-- vmesh lib    --> bsrhgroup80.lod0.vms,
                     <!-- start vert   --> 0,
                     <!-- num verts    --> 9903,
                     <!-- start index  --> 0,
                     <!-- num indices  --> 22833,
                     <!-- start mesh   --> 0,
                     <!-- num meshes   --> 80,
                     <!-- bounding box -->  95.516228,    92.077591,   200.62627,
                                           -94.918404,   -74.135582,  -295.35428,
                     <!-- center       -->   0.29891205,   8.9710045,  -47.364006,
                     <!-- radius       --> 295.35428
                  </VMeshRef>
               </VMeshPart>
            </Level0>
         </MultiLevel>
         <Hardpoints>
            <Fixed>
               <HpRunningLight10>
                  <Orientation type="Matrix">
                       0.7771460400,   0.0000000000,   0.6293201400,
                       0.6284577300,   0.0523366330,  -0.7760806100,
                      -0.0329363050,   0.9986292100,   0.0406732560
                  </Orientation>
                  <Position type="Vector">-1.212881, 15.814499, -238.58514</Position>
               </HpRunningLight10>
               <HpRunningLight11>
                  <Orientation type="Matrix">
                       0.7771460400,   0.0000000000,   0.6293201400,
                       0.6284577300,   0.0523366330,  -0.7760806100,
                      -0.0329363050,   0.9986292100,   0.0406732560
                  </Orientation>
                  <Position type="Vector">21.348871, 22.560198, -230.29263</Position>
               </HpRunningLight11>
               <HpRunningLight12>
                  <Orientation type="Matrix">
                       0.7771460400,   0.0000000000,   0.6293201400,
                       0.6284577300,   0.0523366330,  -0.7760806100,
                      -0.0329363050,   0.9986292100,   0.0406732560
                  </Orientation>
                  <Position type="Vector">-21.482431, 21.232918, -230.37341</Position>
               </HpRunningLight12>
               <SpConnect02>
                  <Orientation type="Matrix">
                       1.0000000000,   0.0000000000,   0.0000000000,
                       0.0000000000,   1.0000000000,   0.0000000000,
                       0.0000000000,   0.0000000000,   1.0000000000
                  </Orientation>
                  <Position type="Vector">-0.059721, 25.880192, -119.10559</Position>
               </SpConnect02>
               <SpConnect03>
                  <Orientation type="Matrix">
                       1.0000000000,   0.0000000000,   0.0000000000,
                       0.0000000000,   1.0000000000,   0.0000000000,
                       0.0000000000,   0.0000000000,   1.0000000000
                  </Orientation>
                  <Position type="Vector">-0.059687, 2.9845741, -174.27219</Position>
               </SpConnect03>
               <DpEngine>
                  <Orientation type="Matrix">
                       1.0000000000,   0.0000000000,   0.0000000000,
                       0.0000000000,   1.0000000000,   0.0000000000,
                       0.0000000000,   0.0000000000,   1.0000000000
                  </Orientation>
                  <Position type="Vector">-0.569031, -11.445115, 155.34764</Position>
               </DpEngine>
               <HpFX02>
                  <Orientation type="Matrix">
                       1.0000000000,   0.0000000000,   0.0000000000,
                       0.0000000000,   1.0000000000,   0.0000000000,
                       0.0000000000,   0.0000000000,   1.0000000000
                  </Orientation>
                  <Position type="Vector">0.22468001, -0.207178, 0</Position>
               </HpFX02>
               <DpFrnt>
                  <Orientation type="Matrix">
                       1.0000000000,  112.34101e-09,  83.861970e-09,
                     -112.34105e-09,   1.0000000000,  525.26741e-09,
                     -83.861913e-09, -525.26741e-09,   1.0000000000
                  </Orientation>
                  <Position type="Vector">-2.3787184, 18.925369, 111.82964</Position>
               </DpFrnt>
               <HpTractor_Source>
                  <Orientation type="Matrix">
                       1.0000000000,   0.0000000000,  -0.0000000000,
                      -0.0000000000,  -1.0000000000, -87.427907e-09,
                       0.0000000000,  87.427907e-09,  -1.0000000000
                  </Orientation>
                  <Position type="Vector">-1.389402, 0, 0</Position>
               </HpTractor_Source>
               <HpTorp01>
                  <Orientation type="Matrix">
                       1.0000000000,   0.0000000000,   0.0000000000,
                       0.0000000000,   1.0000000000,   0.0000000000,
                       0.0000000000,   0.0000000000,   1.0000000000
                  </Orientation>
                  <Position type="Vector">-81.764771, -0.83398002, -266.09152</Position>
               </HpTorp01>
               <HpTorp02>
                  <Orientation type="Matrix">
                      -1.0000000000, -87.427907e-09,   0.0000000000,
                      87.427907e-09,  -1.0000000000,  -0.0000000000,
                       0.0000000000,   0.0000000000,   1.0000000000
                  </Orientation>
                  <Position type="Vector">-82.276657, -66.837952, -264.65964</Position>
               </HpTorp02>
               <HpBayDoor01>
                  <Orientation type="Matrix">
                       1.0000000000,   0.0000000000,   0.0000000000,
                       0.0000000000,   1.0000000000,   0.0000000000,
                       0.0000000000,   0.0000000000,   1.0000000000
                  </Orientation>
                  <Position type="Vector">0, -105, 0</Position>
               </HpBayDoor01>
               <HpBayDoor02>
                  <Orientation type="Matrix">
                       1.0000000000,   0.0000000000,   0.0000000000,
                       0.0000000000,   1.0000000000,   0.0000000000,
                       0.0000000000,   0.0000000000,   1.0000000000
                  </Orientation>
                  <Position type="Vector">0, -95, 0</Position>
               </HpBayDoor02>
               <HpDockMountA>
                  <Orientation type="Matrix">
                      -0.9998476500,   0.0174498860, -304.59135e-06,
                       0.0174525450,   0.9996954200,  -0.0174498860,
                       0.0000000000,  -0.0174525450,  -0.9998476500
                  </Orientation>
                  <Position type="Vector">-1.42651, -20.798313, -107.79525</Position>
               </HpDockMountA>
               <HpDockMountB>
                  <Orientation type="Matrix">
                       1.0000000000,   0.0000000000,   0.0000000000,
                       0.0000000000,   0.9816271700,   0.1908090000,
                       0.0000000000,  -0.1908090000,   0.9816271700
                  </Orientation>
                  <Position type="Vector">0.231398, -20.757153, -107.24902</Position>
               </HpDockMountB>
               <HpDockPointA01>
                  <Orientation type="Matrix">
                      -1.0000000000, -94.443237e-09, -54.865627e-09,
                     -94.443244e-09,   1.0000000000,  168.58738e-09,
                      54.865612e-09,  168.58738e-09,  -1.0000000000
                  </Orientation>
                  <Position type="Vector">-0.54175138, -316.73346, -171.07434</Position>
               </HpDockPointA01>
               <HpDockPointA02>
                  <Orientation type="Matrix">
                      -1.0000000000, -94.443237e-09, -54.865627e-09,
                     -94.443244e-09,   1.0000000000,  168.58738e-09,
                      54.865612e-09,  168.58738e-09,  -1.0000000000
                  </Orientation>
                  <Position type="Vector">-0.54174238, -546.1297, -170.80269</Position>
               </HpDockPointA02>
               <HpDockPointB01>
                  <Orientation type="Matrix">
                       1.0000000000, -50.365973e-09, -15.973146e-09,
                      52.586358e-09,   0.9781476300,   0.2079114900,
                      5.1524318e-09,  -0.2079114900,   0.9781476300
                  </Orientation>
                  <Position type="Vector">-0.54188681, 722.35114, 2309.9189</Position>
               </HpDockPointB01>
               <HpDockPointB02>
                  <Orientation type="Matrix">
                       1.0000000000, -50.365973e-09, -15.973146e-09,
                      52.586358e-09,   0.9781476300,   0.2079114900,
                      5.1524318e-09,  -0.2079114900,   0.9781476300
                  </Orientation>
                  <Position type="Vector">-0.54189265, 798.31641, 2667.3081</Position>
               </HpDockPointB02>
               <DpBaydoor>
                  <Orientation type="Matrix">
                      -1.0000000000, -116.25670e-09,  273.66514e-09,
                     -273.66514e-09,  60.522460e-09,  -1.0000000000,
                      116.25669e-09,  -1.0000000000, -60.522488e-09
                  </Orientation>
                  <Position type="Vector">0.094489515, -133.88791, 356.06204</Position>
               </DpBaydoor>
               <DpPortskid>
                  <Orientation type="Matrix">
                      7.2499304e-09,  -0.5591924200,  -0.8290379000,
                     -531.58192e-09,   0.8290379000,  -0.5591924200,
                       1.0000000000,  444.75567e-09, -291.24610e-09
                  </Orientation>
                  <Position type="Vector">-220.08032, -147.82011, 631.29077</Position>
               </DpPortskid>
               <DpStarboardskid>
                  <Orientation type="Matrix">
                     -78.258651e-09,   0.4383710300,   0.8987941100,
                      96.968300e-09,   0.8987941100,  -0.4383710300,
                      -1.0000000000,  52.848211e-09, -112.84651e-09
                  </Orientation>
                  <Position type="Vector">96.682938, -92.682388, 185.43085</Position>
               </DpStarboardskid>
               <HpEngine01>
                  <Orientation type="Matrix">
                       1.0000000000,   0.0000000000,   0.0000000000,
                       0.0000000000,   1.0000000000,   0.0000000000,
                       0.0000000000,   0.0000000000,   1.0000000000
                  </Orientation>
                  <Position type="Vector">-0.69490701, -1.01148, 161.58096</Position>
               </HpEngine01>
               <DpBottom>
                  <Orientation type="Matrix">
                       1.0000000000,  246.73886e-09,  4.5194213e-09,
                     -246.73886e-09,   1.0000000000,  503.51491e-09,
                     -4.5192969e-09, -503.51491e-09,   1.0000000000
                  </Orientation>
                  <Position type="Vector">-2.3786316, -275.72226, -36.88932</Position>
               </DpBottom>
               <DpCntrltwr>
                  <Orientation type="Matrix">
                      -1.0000000000, -811.27638e-12,  588.98610e-09,
                      588.98610e-09, -278.51627e-09,   1.0000000000,
                     -811.11234e-12,   1.0000000000,  278.51627e-09
                  </Orientation>
                  <Position type="Vector">0.094884157, 245.12601, 109.55257</Position>
               </DpCntrltwr>
               <DpMidsection>
                  <Orientation type="Matrix">
                      -1.0000000000,  236.33051e-09,  141.32986e-09,
                      236.33055e-09,   1.0000000000,  320.87897e-09,
                     -141.32979e-09,  320.87900e-09,  -1.0000000000
                  </Orientation>
                  <Position type="Vector">-2.3785501, -16.396128, -131.72055</Position>
               </DpMidsection>
               <DpRearsection>
                  <Orientation type="Matrix">
                       1.0000000000,  211.42989e-09, -350.02822e-09,
                     -211.42976e-09,   1.0000000000,  362.87253e-09,
                      350.02830e-09, -362.87244e-09,   1.0000000000
                  </Orientation>
                  <Position type="Vector">-2.3787091, -47.886238, 332.42908</Position>
               </DpRearsection>
               <HpDockCamA>
                  <Orientation type="Matrix">
                      -0.2779744000,   0.5329266800,   0.7991992200,
                       0.2618268100,   0.8425219700,  -0.4707478000,
                      -0.9242169300,   0.0783959480,  -0.3737340300
                  </Orientation>
                  <Position type="Vector">256.30429, -439.03433, -953.08789</Position>
               </HpDockCamA>
               <HpDockMountC>
                  <Orientation type="Matrix">
                      -1.0000000000,  37.252907e-09,  9.4347712e-09,
                      37.252907e-09,   1.0000000000,  74.505806e-09,
                     -9.4347685e-09,  74.505806e-09,  -1.0000000000
                  </Orientation>
                  <Position type="Vector">0.036418468, 1150.9697, -47.510464</Position>
               </HpDockMountC>
               <HpDockPointC01>
                  <Orientation type="Matrix">
                      -1.0000000000,  37.252907e-09,  9.4347712e-09,
                      37.252907e-09,   1.0000000000,  74.505806e-09,
                     -9.4347685e-09,  74.505806e-09,  -1.0000000000
                  </Orientation>
                  <Position type="Vector">0.036438316, 1150.9698, -2151.1543</Position>
               </HpDockPointC01>
               <HpDockPointC02>
                  <Orientation type="Matrix">
                      -1.0000000000,  37.252907e-09,  9.4347712e-09,
                      37.252907e-09,   1.0000000000,  74.505806e-09,
                     -9.4347685e-09,  74.505806e-09,  -1.0000000000
                  </Orientation>
                  <Position type="Vector">0.036445014, 1150.9698, -2860.6287</Position>
               </HpDockPointC02>
               <HpLaunchCamA>
                  <Orientation type="Matrix">
                       0.9999930300,   0.0037223676, -382.14098e-06,
                      -0.0013043187,   0.4424625000,   0.8967860300,
                       0.0035072505,  -0.8967793000,   0.4424642600
                  </Orientation>
                  <Position type="Vector">-0.56991768, 33.730549, -763.77521</Position>
               </HpLaunchCamA>
               <HpMount>
                  <Orientation type="Matrix">
                       1.0000000000,   0.0000000000,   0.0000000000,
                       0.0000000000,   1.0000000000,   0.0000000000,
                       0.0000000000,   0.0000000000,   1.0000000000
                  </Orientation>
                  <Position type="Vector">0.036623001, -70, -278.99194</Position>
               </HpMount>
               <HpShield01>
                  <Orientation type="Matrix">
                       1.0000000000,   0.0000000000,   0.0000000000,
                       0.0000000000,   1.0000000000,   0.0000000000,
                       0.0000000000,   0.0000000000,   1.0000000000
                  </Orientation>
                  <Position type="Vector">0, 0, 0</Position>
               </HpShield01>
               <SpConnect01>
                  <Orientation type="Matrix">
                       1.0000000000,   0.0000000000,   0.0000000000,
                       0.0000000000,   1.0000000000,   0.0000000000,
                       0.0000000000,   0.0000000000,   1.0000000000
                  </Orientation>
                  <Position type="Vector">-0.29786101, 24.22681, -167.42387</Position>
               </SpConnect01>
               <HpThruster01>
                  <Orientation type="Matrix">
                       1.0000000000,   0.0000000000,   0.0000000000,
                       0.0000000000,   1.0000000000,   0.0000000000,
                       0.0000000000,   0.0000000000,   1.0000000000
                  </Orientation>
                  <Position type="Vector">-0.64634001, -44.869621, 193.9306</Position>
               </HpThruster01>
               <HpScanner01>
                  <Orientation type="Matrix">
                       1.0000000000,   0.0000000000,   0.0000000000,
                       0.0000000000,   1.0000000000,   0.0000000000,
                       0.0000000000,   0.0000000000,   1.0000000000
                  </Orientation>
                  <Position type="Vector">0, 0, 0</Position>
               </HpScanner01>
               <HpCockpit>
                  <Orientation type="Matrix">
                       1.0000000000,   0.0000000000,   0.0000000000,
                       0.0000000000,   1.0000000000,   0.0000000000,
                       0.0000000000,   0.0000000000,   1.0000000000
                  </Orientation>
                  <Position type="Vector">0, 0, 0</Position>
               </HpCockpit>
               <HpHeadLight01>
                  <Orientation type="Matrix">
                       1.0000000000,   0.0000000000,   0.0000000000,
                       0.0000000000,   1.0000000000,   0.0000000000,
                       0.0000000000,   0.0000000000,   1.0000000000
                  </Orientation>
                  <Position type="Vector">1.488551, -47.449505, -280.13568</Position>
               </HpHeadLight01>
               <CFcloak01>
                  <Orientation type="Matrix">
                       1.0000000000,   0.0000000000,   0.0000000000,
                       0.0000000000,   1.0000000000,   0.0000000000,
                       0.0000000000,   0.0000000000,   1.0000000000
                  </Orientation>
                  <Position type="Vector">0, 0, 0</Position>
               </CFcloak01>
               <HpPilot>
                  <Orientation type="Matrix">
                       1.0000000000,   0.0000000000,   0.0000000000,
                       0.0000000000,   1.0000000000,   0.0000000000,
                       0.0000000000,   0.0000000000,   1.0000000000
                  </Orientation>
                  <Position type="Vector">0, 0, 0</Position>
               </HpPilot>
               <HpDockMountxyz>
                  <Orientation type="Matrix">
                       1.0000000000,   0.0000000000,   0.0000000000,
                       0.0000000000,   1.0000000000,   0.0000000000,
                       0.0000000000,   0.0000000000,   1.0000000000
                  </Orientation>
                  <Position type="Vector">-0.887676, -20.777931, -108.73406</Position>
               </HpDockMountxyz>
               <HpFX01>
                  <Orientation type="Matrix">
                       1.0000000000,   0.0000000000,   0.0000000000,
                       0.0000000000,   1.0000000000,   0.0000000000,
                       0.0000000000,   0.0000000000,   1.0000000000
                  </Orientation>
                  <Position type="Vector">-0.002511, 0, 0</Position>
               </HpFX01>
               <HpFX03>
                  <Orientation type="Matrix">
                       1.0000000000,   0.0000000000,   0.0000000000,
                       0.0000000000,   1.0000000000,   0.0000000000,
                       0.0000000000,   0.0000000000,   1.0000000000
                  </Orientation>
                  <Position type="Vector">-0.64952701, 0, 0</Position>
               </HpFX03>
               <HpFX04>
                  <Orientation type="Matrix">
                       1.0000000000,   0.0000000000,   0.0000000000,
                       0.0000000000,   1.0000000000,   0.0000000000,
                       0.0000000000,   0.0000000000,   1.0000000000
                  </Orientation>
                  <Position type="Vector">-1.706382, 0, 0</Position>
               </HpFX04>
               <HpFX05>
                  <Orientation type="Matrix">
                       1.0000000000,   0.0000000000,   0.0000000000,
                       0.0000000000,   1.0000000000,   0.0000000000,
                       0.0000000000,   0.0000000000,   1.0000000000
                  </Orientation>
                  <Position type="Vector">-1.1666141, 0, 0</Position>
               </HpFX05>
               <HpFX06>
                  <Orientation type="Matrix">
                       1.0000000000,   0.0000000000,   0.0000000000,
                       0.0000000000,   1.0000000000,   0.0000000000,
                       0.0000000000,   0.0000000000,   1.0000000000
                  </Orientation>
                  <Position type="Vector">-2.1837261, 0, 0</Position>
               </HpFX06>
               <HpFX07>
                  <Orientation type="Matrix">
                       1.0000000000,   0.0000000000,   0.0000000000,
                       0.0000000000,   1.0000000000,   0.0000000000,
                       0.0000000000,   0.0000000000,   1.0000000000
                  </Orientation>
                  <Position type="Vector">-2.697475, 0, 0</Position>
               </HpFX07>
               <HpFX08>
                  <Orientation type="Matrix">
                       1.0000000000,   0.0000000000,   0.0000000000,
                       0.0000000000,   1.0000000000,   0.0000000000,
                       0.0000000000,   0.0000000000,   1.0000000000
                  </Orientation>
                  <Position type="Vector">-2.1589179, 0, 0</Position>
               </HpFX08>
               <HpFX09>
                  <Orientation type="Matrix">
                       1.0000000000,   0.0000000000,   0.0000000000,
                       0.0000000000,   1.0000000000,   0.0000000000,
                       0.0000000000,   0.0000000000,   1.0000000000
                  </Orientation>
                  <Position type="Vector">-2.1713221, 0, 0</Position>
               </HpFX09>
               <HpFX10>
                  <Orientation type="Matrix">
                       1.0000000000,   0.0000000000,   0.0000000000,
                       0.0000000000,   1.0000000000,   0.0000000000,
                       0.0000000000,   0.0000000000,   1.0000000000
                  </Orientation>
                  <Position type="Vector">-1.570246, 0, 0</Position>
               </HpFX10>
               <HpFX11>
                  <Orientation type="Matrix">
                       1.0000000000,   0.0000000000,   0.0000000000,
                       0.0000000000,   1.0000000000,   0.0000000000,
                       0.0000000000,   0.0000000000,   1.0000000000
                  </Orientation>
                  <Position type="Vector">-0.40114999, 0, 0</Position>
               </HpFX11>
               <HpEngine02>
                  <Orientation type="Matrix">
                       1.0000000000,   0.0000000000,   0.0000000000,
                       0.0000000000,   1.0000000000,   0.0000000000,
                       0.0000000000,   0.0000000000,   1.0000000000
                  </Orientation>
                  <Position type="Vector">0.039531, -45.336815, 195.9306</Position>
               </HpEngine02>
               <HpEngine03>
                  <Orientation type="Matrix">
                       1.0000000000,   0.0000000000,   0.0000000000,
                       0.0000000000,   1.0000000000,   0.0000000000,
                       0.0000000000,   0.0000000000,   1.0000000000
                  </Orientation>
                  <Position type="Vector">0.17860501, -1.527451, 161.58281</Position>
               </HpEngine03>
               <HpRunningLight30>
                  <Orientation type="Matrix">
                       1.0000000000,   0.0000000000,   0.0000000000,
                       0.0000000000,   1.0000000000,   0.0000000000,
                       0.0000000000,   0.0000000000,   1.0000000000
                  </Orientation>
                  <Position type="Vector">-30.975145, 37.054512, -41.326675</Position>
               </HpRunningLight30>
               <HpRunningLight31>
                  <Orientation type="Matrix">
                       1.0000000000,   0.0000000000,   0.0000000000,
                       0.0000000000,   1.0000000000,   0.0000000000,
                       0.0000000000,   0.0000000000,   1.0000000000
                  </Orientation>
                  <Position type="Vector">30.346174, 40.017162, -40.1409</Position>
               </HpRunningLight31>
               <HpRunningLight32>
                  <Orientation type="Matrix">
                       1.0000000000,   0.0000000000,   0.0000000000,
                       0.0000000000,   1.0000000000,   0.0000000000,
                       0.0000000000,   0.0000000000,   1.0000000000
                  </Orientation>
                  <Position type="Vector">-34.252605, 37.529476, 2.4351571</Position>
               </HpRunningLight32>
               <HpRunningLight33>
                  <Orientation type="Matrix">
                       1.0000000000,   0.0000000000,   0.0000000000,
                       0.0000000000,   1.0000000000,   0.0000000000,
                       0.0000000000,   0.0000000000,   1.0000000000
                  </Orientation>
                  <Position type="Vector">32.890995, 38.765678, 3.167274</Position>
               </HpRunningLight33>
               <HpRunningLight15>
                  <Orientation type="Matrix">
                       1.0000000000,   0.0000000000,   0.0000000000,
                       0.0000000000,   1.0000000000,   0.0000000000,
                       0.0000000000,   0.0000000000,   1.0000000000
                  </Orientation>
                  <Position type="Vector">-31.386908, 42.198887, 49.513073</Position>
               </HpRunningLight15>
               <HpRunningLight17>
                  <Orientation type="Matrix">
                       1.0000000000,   0.0000000000,   0.0000000000,
                       0.0000000000,   1.0000000000,   0.0000000000,
                       0.0000000000,   0.0000000000,   1.0000000000
                  </Orientation>
                  <Position type="Vector">31.588306, 42.849503, 48.579571</Position>
               </HpRunningLight17>
               <HpRunningLight09>
                  <Orientation type="Matrix">
                       1.0000000000,   0.0000000000,   0.0000000000,
                       0.0000000000,   1.0000000000,   0.0000000000,
                       0.0000000000,   0.0000000000,   1.0000000000
                  </Orientation>
                  <Position type="Vector">-1.022451, 69.995613, -9.7523813</Position>
               </HpRunningLight09>
               <HpRunningLight34>
                  <Orientation type="Matrix">
                       1.0000000000,   0.0000000000,   0.0000000000,
                       0.0000000000,   1.0000000000,   0.0000000000,
                       0.0000000000,   0.0000000000,   1.0000000000
                  </Orientation>
                  <Position type="Vector">22.502937, 17.146477, 83.014732</Position>
               </HpRunningLight34>
               <HpRunningLight01>
                  <Orientation type="Matrix">
                       1.0000000000,   0.0000000000,   0.0000000000,
                       0.0000000000,   1.0000000000,   0.0000000000,
                       0.0000000000,   0.0000000000,   1.0000000000
                  </Orientation>
                  <Position type="Vector">-0.195674, 31.008919, 143.97334</Position>
               </HpRunningLight01>
               <HpRunningLight02>
                  <Orientation type="Matrix">
                       1.0000000000,   0.0000000000,   0.0000000000,
                       0.0000000000,   1.0000000000,   0.0000000000,
                       0.0000000000,   0.0000000000,   1.0000000000
                  </Orientation>
                  <Position type="Vector">-21.259777, 16.826162, 82.532883</Position>
               </HpRunningLight02>
               <HpRunningLight03>
                  <Orientation type="Matrix">
                       1.0000000000,   0.0000000000,   0.0000000000,
                       0.0000000000,   1.0000000000,   0.0000000000,
                       0.0000000000,   0.0000000000,   1.0000000000
                  </Orientation>
                  <Position type="Vector">19.890533, 9.8315878, -149.43073</Position>
               </HpRunningLight03>
               <HpRunningLight04>
                  <Orientation type="Matrix">
                       1.0000000000,   0.0000000000,   0.0000000000,
                       0.0000000000,   1.0000000000,   0.0000000000,
                       0.0000000000,   0.0000000000,   1.0000000000
                  </Orientation>
                  <Position type="Vector">-21.517422, 9.0564423, -149.7506</Position>
               </HpRunningLight04>
               <HpRunningLight05>
                  <Orientation type="Matrix">
                       1.0000000000,   0.0000000000,   0.0000000000,
                       0.0000000000,   1.0000000000,   0.0000000000,
                       0.0000000000,   0.0000000000,   1.0000000000
                  </Orientation>
                  <Position type="Vector">-20.433102, 0.162935, -259.16342</Position>
               </HpRunningLight05>
               <HpRunningLight06>
                  <Orientation type="Matrix">
                       1.0000000000,   0.0000000000,   0.0000000000,
                       0.0000000000,   1.0000000000,   0.0000000000,
                       0.0000000000,   0.0000000000,   1.0000000000
                  </Orientation>
                  <Position type="Vector">19.401974, 0.63992798, -260.1218</Position>
               </HpRunningLight06>
               <HpRunningLight13>
                  <Orientation type="Matrix">
                       1.0000000000,   0.0000000000,   0.0000000000,
                       0.0000000000,   1.0000000000,   0.0000000000,
                       0.0000000000,   0.0000000000,   1.0000000000
                  </Orientation>
                  <Position type="Vector">-53.2304, -5.6553359, -165.74461</Position>
               </HpRunningLight13>
               <HpRunningLight14>
                  <Orientation type="Matrix">
                       1.0000000000,   0.0000000000,   0.0000000000,
                       0.0000000000,   1.0000000000,   0.0000000000,
                       0.0000000000,   0.0000000000,   1.0000000000
                  </Orientation>
                  <Position type="Vector">54.209949, -2.7064371, -165.16414</Position>
               </HpRunningLight14>
               <HpRunningLight18>
                  <Orientation type="Matrix">
                       1.0000000000,   0.0000000000,   0.0000000000,
                       0.0000000000,   1.0000000000,   0.0000000000,
                       0.0000000000,   0.0000000000,   1.0000000000
                  </Orientation>
                  <Position type="Vector">56.05278, -1.947749, -91.884308</Position>
               </HpRunningLight18>
               <HpRunningLight19>
                  <Orientation type="Matrix">
                       1.0000000000,   0.0000000000,   0.0000000000,
                       0.0000000000,   1.0000000000,   0.0000000000,
                       0.0000000000,   0.0000000000,   1.0000000000
                  </Orientation>
                  <Position type="Vector">-56.71196, -4.7069912, -79.600601</Position>
               </HpRunningLight19>
               <HpCM01>
                  <Orientation type="Matrix">
                      -1.0000000000, -79.236600e-09,  36.948631e-09,
                      87.427907e-09,  -0.9063078200,   0.4226182700,
                       0.0000000000,   0.4226182700,   0.9063077600
                  </Orientation>
                  <Position type="Vector">0, -57.197853, 194.72153</Position>
               </HpCM01>
               <HpCloak01>
                  <Orientation type="Matrix">
                       1.0000000000,   0.0000000000,   0.0000000000,
                       0.0000000000,   1.0000000000,   0.0000000000,
                       0.0000000000,   0.0000000000,   1.0000000000
                  </Orientation>
                  <Position type="Vector">0, 0, 0</Position>
               </HpCloak01>
            </Fixed>
            <Revolute>
               <HpTorp03>
                  <Axis type="Vector">0, 1, 0</Axis>
                  <Max type="float">0.78539819</Max>
                  <Min type="float">-0.78539819</Min>
                  <Orientation type="Matrix">
                      -1.0000000000, -87.427907e-09,   0.0000000000,
                      87.427907e-09,  -1.0000000000,  -0.0000000000,
                       0.0000000000,   0.0000000000,   1.0000000000
                  </Orientation>
                  <Position type="Vector">82.409195, -66.837944, -264.98874</Position>
               </HpTorp03>
               <HpTorp04>
                  <Axis type="Vector">0, 1, 0</Axis>
                  <Max type="float">0.78539819</Max>
                  <Min type="float">-0.78539819</Min>
                  <Orientation type="Matrix">
                       1.0000000000,   0.0000000000,   0.0000000000,
                       0.0000000000,   1.0000000000,   0.0000000000,
                       0.0000000000,   0.0000000000,   1.0000000000
                  </Orientation>
                  <Position type="Vector">82.651787, -0.83399701, -265.43045</Position>
               </HpTorp04>
               <HpTurret01>
                  <Axis type="Vector">0, 1, 0</Axis>
                  <Max type="float">3.4906585</Max>
                  <Min type="float">-0.87266463</Min>
                  <Orientation type="Matrix">
                       1.0000000000,   0.0000000000,   0.0000000000,
                       0.0000000000,   1.0000000000,   0.0000000000,
                       0.0000000000,   0.0000000000,   1.0000000000
                  </Orientation>
                  <Position type="Vector">-81.992477, -0.83397901, -265.66098</Position>
               </HpTurret01>
               <HpTurret02>
                  <Axis type="Vector">0, 1, 0</Axis>
                  <Max type="float">0.87266463</Max>
                  <Min type="float">-3.4906585</Min>
                  <Orientation type="Matrix">
                       1.0000000000,   0.0000000000,   0.0000000000,
                       0.0000000000,   1.0000000000,   0.0000000000,
                       0.0000000000,   0.0000000000,   1.0000000000
                  </Orientation>
                  <Position type="Vector">82.610359, -0.83399701, -265.49503</Position>
               </HpTurret02>
               <HpTurret03>
                  <Axis type="Vector">0, 1, 0</Axis>
                  <Max type="float">0.87266463</Max>
                  <Min type="float">-3.4906585</Min>
                  <Orientation type="Matrix">
                      -1.0000000000, -87.427907e-09,   0.0000000000,
                      87.427907e-09,  -1.0000000000,  -0.0000000000,
                       0.0000000000,   0.0000000000,   1.0000000000
                  </Orientation>
                  <Position type="Vector">-81.994507, -66.837952, -265.23669</Position>
               </HpTurret03>
               <HpTurret04>
                  <Axis type="Vector">0, 1, 0</Axis>
                  <Max type="float">3.4906585</Max>
                  <Min type="float">-0.87266463</Min>
                  <Orientation type="Matrix">
                      -1.0000000000, -87.427907e-09,   0.0000000000,
                      87.427907e-09,  -1.0000000000,  -0.0000000000,
                       0.0000000000,   0.0000000000,   1.0000000000
                  </Orientation>
                  <Position type="Vector">82.61277, -66.837944, -265.12558</Position>
               </HpTurret04>
               <HpTurret05>
                  <Axis type="Vector">0, 1, 0</Axis>
                  <Max type="float">0.78539819</Max>
                  <Min type="float">-1.5707964</Min>
                  <Orientation type="Matrix">
                     -119.20929e-09,   0.0000000000,   0.9999996400,
                      -0.0000000000,   1.0000000000,   0.0000000000,
                      -0.9999996400,  -0.0000000000, -119.20929e-09
                  </Orientation>
                  <Position type="Vector">-27.732117, 33.788322, -118.11796</Position>
               </HpTurret05>
               <HpTurret06>
                  <Axis type="Vector">0, 1, 0</Axis>
                  <Max type="float">1.5707964</Max>
                  <Min type="float">-0.78539819</Min>
                  <Orientation type="Matrix">
                     -119.20929e-09,  -0.0697564410,  -0.9975636600,
                     -37.252903e-09,   0.9975640800,  -0.0697564410,
                       0.9999995800,   0.0000000000, -119.20929e-09
                  </Orientation>
                  <Position type="Vector">27.010397, 37.02961, -117.97809</Position>
               </HpTurret06>
               <HpTurret07>
                  <Axis type="Vector">0, 1, 0</Axis>
                  <Max type="float">1.5707964</Max>
                  <Min type="float">-0.78539819</Min>
                  <Orientation type="Matrix">
                      178.81393e-09, -87.422769e-09,   0.9999998800,
                     -7.1054274e-15,  -0.9999997600, -87.422769e-09,
                       0.9999998800,   0.0000000000,  59.604641e-09
                  </Orientation>
                  <Position type="Vector">-23.682838, -57.737228, -151.51611</Position>
               </HpTurret07>
               <HpTurret08>
                  <Axis type="Vector">0, 1, 0</Axis>
                  <Max type="float">0.78539819</Max>
                  <Min type="float">-1.5707964</Min>
                  <Orientation type="Matrix">
                      178.81393e-09, -87.422769e-09,  -0.9999998800,
                     -7.1054274e-15,  -0.9999997600,  87.422769e-09,
                      -0.9999998800,   0.0000000000,  59.604641e-09
                  </Orientation>
                  <Position type="Vector">25.02367, -54.853271, -151.84334</Position>
               </HpTurret08>
               <HpTurret09>
                  <Axis type="Vector">0, 1, 0</Axis>
                  <Max type="float">1.5707964</Max>
                  <Min type="float">-1.5707964</Min>
                  <Orientation type="Matrix">
                      -1.0000000000, -55.511151e-18,  87.427900e-09,
                     -1.5258272e-09,   0.9998477100,  -0.0174524060,
                     -87.414584e-09,  -0.0174524060,  -0.9998476500
                  </Orientation>
                  <Position type="Vector">-0.51639402, 29.815485, 88.943016</Position>
               </HpTurret09>
               <HpTurret10>
                  <Axis type="Vector">0, 1, 0</Axis>
                  <Max type="float">2.0943952</Max>
                  <Min type="float">-2.0943952</Min>
                  <Orientation type="Matrix">
                      -0.0348995920,  -0.9939156800,  -0.1044647500,
                      -0.9993904800,   0.0347090360,   0.0036481209,
