<?xml version="1.0" encoding="ISO-8859-1"?>
<!-- XML generated by UTFXML Version 2.2 built 19-Aug-2010 -->
<UTFXML filename="hw_03_dreadnought.cmp" path="SHIPS\new\Homeworld">
   <UTF_ROOT>
      <VMeshLibrary>
         <hw_03_dreadnought_root.lod0.vms include="hw_03_dreadnought_cmp\lod0.vms.xml"/>
      </VMeshLibrary>
      <Cmpnd>
         <Cons>
            <Fix type="Fix" count="3">
               <part>
                  <!-- parent      --> "Root",
                  <!-- child       --> "hw_03_dreadnought_p1_lod1",
                  <!-- position    --> 0, 0, 20,
                  <!-- orientation -->   1.0000000000,   0.0000000000,   0.0000000000,
                                         0.0000000000,   1.0000000000,   0.0000000000,
                                         0.0000000000,   0.0000000000,   1.0000000000
               </part>
               <part>
                  <!-- parent      --> "Root",
                  <!-- child       --> "hw_03_dreadnought_p2_lod1",
                  <!-- position    --> 0, 0, 20,
                  <!-- orientation -->   1.0000000000,   0.0000000000,   0.0000000000,
                                         0.0000000000,   1.0000000000,   0.0000000000,
                                         0.0000000000,   0.0000000000,   1.0000000000
               </part>
               <part>
                  <!-- parent      --> "Root",
                  <!-- child       --> "hw_03_dreadnought_p3_lod1",
                  <!-- position    --> 0, 0, 20,
                  <!-- orientation -->   1.0000000000,   0.0000000000,   0.0000000000,
                                         0.0000000000,   1.0000000000,   0.0000000000,
                                         0.0000000000,   0.0000000000,   1.0000000000
               </part>
            </Fix>
         </Cons>
         <Root>
            <File_name name="File name" type="text">hw_03_dreadnought_root_lod1.3db</File_name>
            <Index type="int">0</Index>
            <Object_name name="Object name" type="text">Root</Object_name>
         </Root>
         <Part_hw_03_dreadnought_p1_lod1>
            <File_name name="File name" type="text">hw_03_dreadnought_p1_lod1.3db</File_name>
            <Index type="int">1</Index>
            <Object_name name="Object name" type="text">hw_03_dreadnought_p1_lod1</Object_name>
         </Part_hw_03_dreadnought_p1_lod1>
         <Part_hw_03_dreadnought_p2_lod1>
            <File_name name="File name" type="text">hw_03_dreadnought_p2_lod1.3db</File_name>
            <Index type="int">2</Index>
            <Object_name name="Object name" type="text">hw_03_dreadnought_p2_lod1</Object_name>
         </Part_hw_03_dreadnought_p2_lod1>
         <Part_hw_03_dreadnought_p3_lod1>
            <File_name name="File name" type="text">hw_03_dreadnought_p3_lod1.3db</File_name>
            <Index type="int">3</Index>
            <Object_name name="Object name" type="text">hw_03_dreadnought_p3_lod1</Object_name>
         </Part_hw_03_dreadnought_p3_lod1>
      </Cmpnd>
      <hw_03_dreadnought_root_lod1.3db>
         <MultiLevel>
            <Level0>
               <VMeshPart>
                  <VMeshRef type="VMeshRef">
                     <!-- header size  --> 60,
                     <!-- vmesh lib    --> hw_03_dreadnought_root.lod0.vms,
                     <!-- start vert   --> 0,
                     <!-- num verts    --> 20,
                     <!-- start index  --> 0,
                     <!-- num indices  --> 36,
                     <!-- start mesh   --> 0,
                     <!-- num meshes   --> 1,
                     <!-- bounding box -->  72.765694,     99.282043,  246.49228,
                                           -73.450836,   -103.36344,  -268.58319,
                     <!-- center       -->  -0.34257126,   -2.040699,  -11.045456,
                     <!-- radius       --> 371.26465
                  </VMeshRef>
               </VMeshPart>
            </Level0>
         </MultiLevel>
         <Hardpoints>
            <Fixed>
               <HpMount>
                  <Orientation type="Matrix">
                       1.0000000000,   0.0000000000,   0.0000000000,
                       0.0000000000,   1.0000000000,   0.0000000000,
                       0.0000000000,   0.0000000000,   1.0000000000
                  </Orientation>
                  <Position type="Vector">0, -95, -199</Position>
               </HpMount>
               <HpBayDoor01>
                  <Orientation type="Matrix">
                       1.0000000000,   0.0000000000,   0.0000000000,
                       0.0000000000,   1.0000000000,   0.0000000000,
                       0.0000000000,   0.0000000000,   1.0000000000
                  </Orientation>
                  <Position type="Vector">0, 120, 0</Position>
               </HpBayDoor01>
               <HpBayDoor02>
                  <Orientation type="Matrix">
                       1.0000000000,   0.0000000000,   0.0000000000,
                       0.0000000000,   1.0000000000,   0.0000000000,
                       0.0000000000,   0.0000000000,   1.0000000000
                  </Orientation>
                  <Position type="Vector">0, 125, 0</Position>
               </HpBayDoor02>
               <HpFX01>
                  <Orientation type="Matrix">
                       1.0000000000,   0.0000000000,   0.0000000000,
                       0.0000000000,   1.0000000000,   0.0000000000,
                       0.0000000000,   0.0000000000,   1.0000000000
                  </Orientation>
                  <Position type="Vector">0, 0, 0</Position>
               </HpFX01>
               <HpFX02>
                  <Orientation type="Matrix">
                      59.604645e-09,   0.9999998800,   0.0000000000,
                      -0.9999998800,  59.604645e-09,   0.0000000000,
                       0.0000000000,   0.0000000000,   1.0000000000
                  </Orientation>
                  <Position type="Vector">0, 0, 0</Position>
               </HpFX02>
               <HpFX03>
                  <Orientation type="Matrix">
                       1.0000000000,   0.0000000000,   0.0000000000,
                       0.0000000000,  59.604645e-09,   0.9999998800,
                       0.0000000000,  -0.9999998800,  59.604645e-09
                  </Orientation>
                  <Position type="Vector">0, 0, 0</Position>
               </HpFX03>
               <HpCloak01>
                  <Orientation type="Matrix">
                       1.0000000000,   0.0000000000,   0.0000000000,
                       0.0000000000,   1.0000000000,   0.0000000000,
                       0.0000000000,   0.0000000000,   1.0000000000
                  </Orientation>
                  <Position type="Vector">0, 11, 0</Position>
               </HpCloak01>
               <HpShield01>
                  <Orientation type="Matrix">
                       1.0000000000,   0.0000000000,   0.0000000000,
                       0.0000000000,   1.0000000000,   0.0000000000,
                       0.0000000000,   0.0000000000,   1.0000000000
                  </Orientation>
                  <Position type="Vector">0, 0, 0</Position>
               </HpShield01>
               <HpShield02>
                  <Orientation type="Matrix">
                       1.0000000000,   0.0000000000,   0.0000000000,
                       0.0000000000,   1.0000000000,   0.0000000000,
                       0.0000000000,   0.0000000000,   1.0000000000
                  </Orientation>
                  <Position type="Vector">0, 0, 0</Position>
               </HpShield02>
               <HpShield03>
                  <Orientation type="Matrix">
                       1.0000000000,   0.0000000000,   0.0000000000,
                       0.0000000000,   1.0000000000,   0.0000000000,
                       0.0000000000,   0.0000000000,   1.0000000000
                  </Orientation>
                  <Position type="Vector">0, 0, 0</Position>
               </HpShield03>
               <HpShield04>
                  <Orientation type="Matrix">
                       1.0000000000,   0.0000000000,   0.0000000000,
                       0.0000000000,   1.0000000000,   0.0000000000,
                       0.0000000000,   0.0000000000,   1.0000000000
                  </Orientation>
                  <Position type="Vector">0, 0, 0</Position>
               </HpShield04>
            </Fixed>
         </Hardpoints>
      </hw_03_dreadnought_root_lod1.3db>
      <hw_03_dreadnought_p1_lod1.3db>
         <MultiLevel>
            <Level0>
               <VMeshPart>
                  <VMeshRef type="VMeshRef">
                     <!-- header size  --> 60,
                     <!-- vmesh lib    --> hw_03_dreadnought_root.lod0.vms,
                     <!-- start vert   --> 20,
                     <!-- num verts    --> 2023,
                     <!-- start index  --> 36,
                     <!-- num indices  --> 8004,
                     <!-- start mesh   --> 1,
                     <!-- num meshes   --> 1,
                     <!-- bounding box -->  72.765694,     99.282043,  246.49228,
                                           -73.450836,   -103.36344,  -268.58319,
                     <!-- center       -->  -0.34257126,   -2.040699,  -11.045456,
                     <!-- radius       --> 371.26465
                  </VMeshRef>
               </VMeshPart>
            </Level0>
         </MultiLevel>
         <Hardpoints>
            <Fixed>
               <HpTractor_Source>
                  <Orientation type="Matrix">
                       1.0000000000,   0.0000000000,   0.0000000000,
                       0.0000000000,   1.0000000000,   0.0000000000,
                       0.0000000000,   0.0000000000,   1.0000000000
                  </Orientation>
                  <Position type="Vector">-0.42243901, -66.546379, -244.05563</Position>
               </HpTractor_Source>
               <HpCM01>
                  <Orientation type="Matrix">
                      -0.9999998800, -61.817232e-09, -61.817232e-09,
                      87.422777e-09,  -0.7071067100,  -0.7071067700,
                       0.0000000000,  -0.7071067700,   0.7071068300
                  </Orientation>
                  <Position type="Vector">-0.26653299, -62.408569, 213.09325</Position>
               </HpCM01>
               <HpRunningLight05>
                  <Orientation type="Matrix">
                       1.0000000000,   0.0000000000,   0.0000000000,
                       0.0000000000,   1.0000000000,   0.0000000000,
                       0.0000000000,   0.0000000000,   1.0000000000
                  </Orientation>
                  <Position type="Vector">-0.343422, -102.62021, 114.97095</Position>
               </HpRunningLight05>
            </Fixed>
            <Revolute>
               <HpTorpedo01>
                  <Axis type="Vector">0, 1, 0</Axis>
                  <Max type="float">0.78539819</Max>
                  <Min type="float">-0.78539819</Min>
                  <Orientation type="Matrix">
                      -1.0000000000, -87.422777e-09,   0.0000000000,
                      87.422777e-09,  -1.0000000000,  -0.0000000000,
                       0.0000000000,   0.0000000000,   1.0000000000
                  </Orientation>
                  <Position type="Vector">-0.36203399, -67.666679, -240.53766</Position>
               </HpTorpedo01>
               <HpTurret01>
                  <Axis type="Vector">0, 1, 0</Axis>
                  <Max type="float">3.1415927</Max>
                  <Min type="float">-3.1415927</Min>
                  <Orientation type="Matrix">
                       0.0000000000,  -0.9925461400,  -0.1218693400,
                       1.0000000000,   0.0000000000, -11.175871e-09,
                       0.0000000000,  -0.1218693400,   0.9925462000
                  </Orientation>
                  <Position type="Vector">-47.483486, -5.2972112, 156.84055</Position>
               </HpTurret01>
               <HpTurret02>
                  <Axis type="Vector">0, 1, 0</Axis>
                  <Max type="float">3.1415927</Max>
                  <Min type="float">-3.1415927</Min>
                  <Orientation type="Matrix">
                       0.0000000000,   0.9925461400,   0.1218693400,
                      -1.0000000000,   0.0000000000, -11.175871e-09,
                       0.0000000000,  -0.1218693400,   0.9925462000
                  </Orientation>
                  <Position type="Vector">46.759171, -5.2022738, 156.53481</Position>
               </HpTurret02>
               <HpTurret05>
                  <Axis type="Vector">0, 1, 0</Axis>
                  <Max type="float">3.1415927</Max>
                  <Min type="float">-3.1415927</Min>
                  <Orientation type="Matrix">
                       0.2249511500,  -0.9737764000,  -0.0340050240,
                       0.9743699400,   0.2248141200,   0.0078506786,
                      1.8626451e-09,  -0.0348994960,   0.9993907800
                  </Orientation>
                  <Position type="Vector">-19.245861, 38.214188, -35.017189</Position>
               </HpTurret05>
               <HpTurret06>
                  <Axis type="Vector">0, 1, 0</Axis>
                  <Max type="float">3.1415927</Max>
                  <Min type="float">-3.1415927</Min>
                  <Orientation type="Matrix">
                       0.2249511500,   0.9737764000,   0.0340050240,
                      -0.9743699400,   0.2248141200,   0.0078506786,
                     -1.8626451e-09,  -0.0348994960,   0.9993907800
                  </Orientation>
                  <Position type="Vector">18.539104, 38.266678, -35.230824</Position>
               </HpTurret06>
               <HpTurret07>
                  <Axis type="Vector">0, 1, 0</Axis>
                  <Max type="float">3.1415927</Max>
                  <Min type="float">-3.1415927</Min>
                  <Orientation type="Matrix">
                       0.2249511500,  -0.9737764000,  -0.0340050240,
                       0.9743699400,   0.2248141200,   0.0078506786,
                      1.8626451e-09,  -0.0348994960,   0.9993907800
                  </Orientation>
                  <Position type="Vector">-24.465668, 11.003347, -60.625683</Position>
               </HpTurret07>
               <HpTurret08>
                  <Axis type="Vector">0, 1, 0</Axis>
                  <Max type="float">3.1415927</Max>
                  <Min type="float">-3.1415927</Min>
                  <Orientation type="Matrix">
                       0.2249511500,   0.9737764000,   0.0340050240,
                      -0.9743699400,   0.2248141200,   0.0078506786,
                     -1.8626451e-09,  -0.0348994960,   0.9993907800
                  </Orientation>
                  <Position type="Vector">24.027475, 9.8824291, -60.95369</Position>
               </HpTurret08>
               <HpTurret09>
                  <Axis type="Vector">0, 1, 0</Axis>
                  <Max type="float">3.1415927</Max>
                  <Min type="float">-3.1415927</Min>
                  <Orientation type="Matrix">
                      -0.0871558190,  -0.9948294200,   0.0521368050,
                       0.9961947200,  -0.0870363710,   0.0045613851,
                       0.0000000000,   0.0523359630,   0.9986295700
                  </Orientation>
                  <Position type="Vector">-22.790249, -37.020897, 8.7376423</Position>
               </HpTurret09>
               <HpTurret10>
                  <Axis type="Vector">0, 1, 0</Axis>
                  <Max type="float">3.1415927</Max>
                  <Min type="float">-3.1415927</Min>
                  <Orientation type="Matrix">
                      -0.0871558190,   0.9948294200,  -0.0521368050,
                      -0.9961947200,  -0.0870363710,   0.0045613851,
                       0.0000000000,   0.0523359630,   0.9986295700
                  </Orientation>
                  <Position type="Vector">21.971981, -38.314552, 8.6476803</Position>
               </HpTurret10>
               <HpTurret11>
                  <Axis type="Vector">0, 1, 0</Axis>
                  <Max type="float">3.1415927</Max>
                  <Min type="float">-3.1415927</Min>
                  <Orientation type="Matrix">
                      -0.0871558790,  -0.9955878300,  -0.0347666930,
                       0.9961947200,  -0.0871028300,  -0.0030416958,
                       0.0000000000,  -0.0348994960,   0.9993908400
                  </Orientation>
                  <Position type="Vector">-7.1498208, -77.129005, 131.65346</Position>
               </HpTurret11>
               <HpTurret12>
                  <Axis type="Vector">0, 1, 0</Axis>
                  <Max type="float">3.1415927</Max>
                  <Min type="float">-3.1415927</Min>
                  <Orientation type="Matrix">
                      -0.0871558790,   0.9955878300,   0.0347666930,
                      -0.9961947200,  -0.0871028300,  -0.0030416958,
                       0.0000000000,  -0.0348994960,   0.9993908400
                  </Orientation>
                  <Position type="Vector">6.463347, -77.612015, 132.2587</Position>
               </HpTurret12>
               <HpTurret13>
                  <Axis type="Vector">0, 1, 0</Axis>
                  <Max type="float">3.1415927</Max>
                  <Min type="float">-3.1415927</Min>
                  <Orientation type="Matrix">
                      -0.0871558790,  -0.9937680400,   0.0694910290,
                       0.9961946600,  -0.0869435670,   0.0060796887,
                      3.7252903e-09,   0.0697564710,   0.9975640800
                  </Orientation>
                  <Position type="Vector">-23.136353, -47.938641, -10.683416</Position>
               </HpTurret13>
               <HpTurret14>
                  <Axis type="Vector">0, 1, 0</Axis>
                  <Max type="float">3.1415927</Max>
                  <Min type="float">-3.1415927</Min>
                  <Orientation type="Matrix">
                      -0.0871558790,   0.9937680400,  -0.0694910290,
                      -0.9961946600,  -0.0869435670,   0.0060796887,
                     -3.7252903e-09,   0.0697564710,   0.9975640800
                  </Orientation>
                  <Position type="Vector">22.447905, -47.676022, -10.279904</Position>
               </HpTurret14>
               <HpTurret15>
                  <Axis type="Vector">0, 1, 0</Axis>
                  <Max type="float">3.1415927</Max>
                  <Min type="float">-3.1415927</Min>
                  <Orientation type="Matrix">
                       0.2249511500,  -0.9737764000,  -0.0340050240,
                       0.9743699400,   0.2248141200,   0.0078506786,
                      1.8626451e-09,  -0.0348994960,   0.9993907800
                  </Orientation>
                  <Position type="Vector">-21.682045, -8.1770773, -219.33662</Position>
               </HpTurret15>
               <HpTurret16>
                  <Axis type="Vector">0, 1, 0</Axis>
                  <Max type="float">3.1415927</Max>
                  <Min type="float">-3.1415927</Min>
                  <Orientation type="Matrix">
                       0.2249511500,   0.9737764000,   0.0340050240,
                      -0.9743699400,   0.2248141200,   0.0078506786,
                     -1.8626451e-09,  -0.0348994960,   0.9993907800
                  </Orientation>
                  <Position type="Vector">21.107868, -8.6308594, -219.26997</Position>
               </HpTurret16>
               <HpTurret17>
                  <Axis type="Vector">0, 1, 0</Axis>
                  <Max type="float">3.1415927</Max>
                  <Min type="float">-3.1415927</Min>
                  <Orientation type="Matrix">
                       0.2249511500,  -0.9737764000,  -0.0340050240,
                       0.9743699400,   0.2248141200,   0.0078506786,
                      1.8626451e-09,  -0.0348994960,   0.9993907800
                  </Orientation>
                  <Position type="Vector">-8.842062, 73.050995, -83.084297</Position>
               </HpTurret17>
               <HpTurret18>
                  <Axis type="Vector">0, 1, 0</Axis>
                  <Max type="float">3.1415927</Max>
                  <Min type="float">-3.1415927</Min>
                  <Orientation type="Matrix">
                       0.2249511500,   0.9737764000,   0.0340050240,
                      -0.9743699400,   0.2248141200,   0.0078506786,
                     -1.8626451e-09,  -0.0348994960,   0.9993907800
                  </Orientation>
                  <Position type="Vector">8.164093, 73.039757, -82.989296</Position>
               </HpTurret18>
            </Revolute>
         </Hardpoints>
      </hw_03_dreadnought_p1_lod1.3db>
      <hw_03_dreadnought_p2_lod1.3db>
         <MultiLevel>
            <Level0>
               <VMeshPart>
                  <VMeshRef type="VMeshRef">
                     <!-- header size  --> 60,
                     <!-- vmesh lib    --> hw_03_dreadnought_root.lod0.vms,
                     <!-- start vert   --> 2043,
                     <!-- num verts    --> 854,
                     <!-- start index  --> 8040,
                     <!-- num indices  --> 3204,
                     <!-- start mesh   --> 2,
                     <!-- num meshes   --> 1,
                     <!-- bounding box -->  72.765694,     99.282043,  246.49228,
                                           -73.450836,   -103.36344,  -268.58319,
                     <!-- center       -->  -0.34257126,   -2.040699,  -11.045456,
                     <!-- radius       --> 371.26465
                  </VMeshRef>
               </VMeshPart>
            </Level0>
         </MultiLevel>
         <Hardpoints>
            <Fixed>
               <HpDocklight01>
                  <Orientation type="Matrix">
                       1.0000000000,   0.0000000000,   0.0000000000,
                       0.0000000000,   1.0000000000,   0.0000000000,
                       0.0000000000,   0.0000000000,   1.0000000000
                  </Orientation>
                  <Position type="Vector">-68.551048, 26.656549, 89.023499</Position>
               </HpDocklight01>
               <HpDocklight02>
                  <Orientation type="Matrix">
                       1.0000000000,   0.0000000000,   0.0000000000,
                       0.0000000000,   1.0000000000,   0.0000000000,
                       0.0000000000,   0.0000000000,   1.0000000000
                  </Orientation>
                  <Position type="Vector">67.866814, 26.650553, 89.022064</Position>
               </HpDocklight02>
               <HpRunningLight01>
                  <Orientation type="Matrix">
                       1.0000000000,   0.0000000000,   0.0000000000,
                       0.0000000000,   1.0000000000,   0.0000000000,
                       0.0000000000,   0.0000000000,   1.0000000000
                  </Orientation>
                  <Position type="Vector">-73.377426, 56.493317, 79.035873</Position>
               </HpRunningLight01>
               <HpRunningLight02>
                  <Orientation type="Matrix">
                       1.0000000000,   0.0000000000,   0.0000000000,
                       0.0000000000,   1.0000000000,   0.0000000000,
                       0.0000000000,   0.0000000000,   1.0000000000
                  </Orientation>
                  <Position type="Vector">72.737206, 56.497021, 79.016418</Position>
               </HpRunningLight02>
               <HpRunningLight03>
                  <Orientation type="Matrix">
                       1.0000000000,   0.0000000000,   0.0000000000,
                       0.0000000000,   1.0000000000,   0.0000000000,
                       0.0000000000,   0.0000000000,   1.0000000000
                  </Orientation>
                  <Position type="Vector">-73.420532, 7.9316978, 79.0186</Position>
               </HpRunningLight03>
               <HpRunningLight04>
                  <Orientation type="Matrix">
                       1.0000000000,   0.0000000000,   0.0000000000,
                       0.0000000000,   1.0000000000,   0.0000000000,
                       0.0000000000,   0.0000000000,   1.0000000000
                  </Orientation>
                  <Position type="Vector">72.754906, 7.9308052, 79.013855</Position>
               </HpRunningLight04>
            </Fixed>
            <Revolute>
               <HpTurret03>
                  <Axis type="Vector">0, 1, 0</Axis>
                  <Max type="float">3.1415927</Max>
                  <Min type="float">-3.1415927</Min>
                  <Orientation type="Matrix">
                      59.604645e-09,  -0.9999998800,  -0.0000000000,
                       0.9999998800,  59.604645e-09,   0.0000000000,
                       0.0000000000,  -0.0000000000,   1.0000000000
                  </Orientation>
                  <Position type="Vector">-69.781601, 26.612593, 78.354042</Position>
               </HpTurret03>
               <HpTurret04>
                  <Axis type="Vector">0, 1, 0</Axis>
                  <Max type="float">3.1415927</Max>
                  <Min type="float">-3.1415927</Min>
                  <Orientation type="Matrix">
                      59.604645e-09,   0.9999998800,   0.0000000000,
                      -0.9999998800,  59.604645e-09,   0.0000000000,
                       0.0000000000,   0.0000000000,   1.0000000000
                  </Orientation>
                  <Position type="Vector">69.099472, 26.673864, 78.404221</Position>
               </HpTurret04>
            </Revolute>
         </Hardpoints>
      </hw_03_dreadnought_p2_lod1.3db>
      <hw_03_dreadnought_p3_lod1.3db>
         <MultiLevel>
            <Level0>
               <VMeshPart>
                  <VMeshRef type="VMeshRef">
                     <!-- header size  --> 60,
                     <!-- vmesh lib    --> hw_03_dreadnought_root.lod0.vms,
                     <!-- start vert   --> 2897,
                     <!-- num verts    --> 215,
                     <!-- start index  --> 11244,
                     <!-- num indices  --> 744,
                     <!-- start mesh   --> 3,
                     <!-- num meshes   --> 1,
                     <!-- bounding box -->  72.765694,     99.282043,  246.49228,
                                           -73.450836,   -103.36344,  -268.58319,
                     <!-- center       -->  -0.34257126,   -2.040699,  -11.045456,
                     <!-- radius       --> 371.26465
                  </VMeshRef>
               </VMeshPart>
            </Level0>
         </MultiLevel>
         <Hardpoints>
            <Fixed>
               <HpEngine01>
                  <Orientation type="Matrix">
                       1.0000000000,   0.0000000000,   0.0000000000,
                       0.0000000000,   1.0000000000,   0.0000000000,
                       0.0000000000,   0.0000000000,   1.0000000000
                  </Orientation>
                  <Position type="Vector">-0.022149, 9.1108131, 238.99168</Position>
               </HpEngine01>
               <HpEngine02>
                  <Orientation type="Matrix">
                       1.0000000000,   0.0000000000,   0.0000000000,
                       0.0000000000,   1.0000000000,   0.0000000000,
                       0.0000000000,   0.0000000000,   1.0000000000
                  </Orientation>
                  <Position type="Vector">-0.28810099, -14.409561, 234.76033</Position>
               </HpEngine02>
            </Fixed>
         </Hardpoints>
      </hw_03_dreadnought_p3_lod1.3db>
   </UTF_ROOT>
</UTFXML>
