<?xml version="1.0" encoding="ISO-8859-1"?>
<!-- XML generated by UTFXML Version 2.2 built 19-Aug-2010 -->
<UTFXML filename="ku_battleship.cmp" path="SHIPS\KUSARI\KU_BATTLESHIP">
   <UTF_ROOT>
      <VMeshLibrary>
         <data.ships.kusari.ku_battleship.ku_battleship.lod0-112.vms include="ku_battleship_cmp\lod0-112.vms.xml"/>
         <data.ships.kusari.ku_battleship.ku_battleship.lod0-212.vms include="ku_battleship_cmp\lod0-212.vms.xml"/>
         <data.ships.kusari.ku_battleship.ku_battleship.lod1-112.vms include="ku_battleship_cmp\lod1-112.vms.xml"/>
         <data.ships.kusari.ku_battleship.ku_battleship.lod1-212.vms include="ku_battleship_cmp\lod1-212.vms.xml"/>
         <data.ships.kusari.ku_battleship.ku_battleship.lod2-112.vms include="ku_battleship_cmp\lod2-112.vms.xml"/>
         <data.ships.kusari.ku_battleship.ku_battleship.lod3-112.vms include="ku_battleship_cmp\lod3-112.vms.xml"/>
      </VMeshLibrary>
      <Animation>
         <Script>
            <Sc_open_dock_A name="Sc_open dock A">
               <Joint_map_0 name="Joint map 0">
                  <Channel>
                     <Header type="Header">
                        <!-- count    --> 2,
                        <!-- interval --> Explicit,
                        <!-- flags    --> 0x1
                     </Header>
                     <Frames type="Frames" count="2">
                          0.0000000000:   0.0000000000
                          3.3333335000:   0.8726599800
                     </Frames>
                  </Channel>
                  <Child_name name="Child name" type="text">baydoor_a_lod1</Child_name>
                  <Parent_name name="Parent name" type="text">Ku_rear_lod1</Parent_name>
               </Joint_map_0>
               <Joint_map_1 name="Joint map 1">
                  <Channel>
                     <Header type="Header">
                        <!-- count    --> 2,
                        <!-- interval --> Explicit,
                        <!-- flags    --> 0x1
                     </Header>
                     <Frames type="Frames" count="2">
                          0.0000000000:   0.0000000000
                          3.3333335000:   0.8726599800
                     </Frames>
                  </Channel>
                  <Child_name name="Child name" type="text">baydoor_b_lod1</Child_name>
                  <Parent_name name="Parent name" type="text">Ku_rear_lod1</Parent_name>
               </Joint_map_1>
            </Sc_open_dock_A>
         </Script>
      </Animation>
      <baydoor_a_lod1021230105011.3db>
         <VMeshWire include="ku_battleship_cmp\baydoor_a_lod1.vwd.xml"/>
         <MultiLevel>
            <Level0>
               <VMeshPart>
                  <VMeshRef type="VMeshRef">
                     <!-- header size  --> 60,
                     <!-- vmesh lib    --> data.ships.kusari.ku_battleship.ku_battleship.lod0-112.vms,
                     <!-- start vert   --> 301,
                     <!-- num verts    --> 102,
                     <!-- start index  --> 528,
                     <!-- num indices  --> 144,
                     <!-- start mesh   --> 4,
                     <!-- num meshes   --> 1,
                     <!-- bounding box --> 25.144917,     18.305473, -12.243329,
                                           -0.015043804, -12.868929, -24.784189,
                     <!-- center       --> 11.925669,      3.101294, -18.868919,
                     <!-- radius       --> 21.733473
                  </VMeshRef>
               </VMeshPart>
            </Level0>
            <Level1>
               <VMeshPart>
                  <VMeshRef type="VMeshRef">
                     <!-- header size  --> 60,
                     <!-- vmesh lib    --> data.ships.kusari.ku_battleship.ku_battleship.lod1-112.vms,
                     <!-- start vert   --> 152,
                     <!-- num verts    --> 32,
                     <!-- start index  --> 288,
                     <!-- num indices  --> 48,
                     <!-- start mesh   --> 4,
                     <!-- num meshes   --> 1,
                     <!-- bounding box --> 25.144917,     18.305473, -12.243329,
                                           -0.015043804, -12.868929, -24.784189,
                     <!-- center       --> 11.925669,      3.101294, -18.868919,
                     <!-- radius       --> 21.733473
                  </VMeshRef>
               </VMeshPart>
            </Level1>
            <Switch2 type="float array" count="3">
               0,
               100,
               1000000
            </Switch2>
         </MultiLevel>
         <Hardpoints>
            <Fixed>
               <HpCloak01>
                  <Orientation type="Matrix">
                       1.0000000000,   0.0000000000,   0.0000000000,
                       0.0000000000,   1.0000000000,   0.0000000000,
                       0.0000000000,   0.0000000000,   1.0000000000
                  </Orientation>
                  <Position type="Vector">0, 70, -60</Position>
               </HpCloak01>
            </Fixed>
         </Hardpoints>
      </baydoor_a_lod1021230105011.3db>
      <baydoor_b_lod1021230105011.3db>
         <VMeshWire include="ku_battleship_cmp\baydoor_b_lod1.vwd.xml"/>
         <MultiLevel>
            <Level0>
               <VMeshPart>
                  <VMeshRef type="VMeshRef">
                     <!-- header size  --> 60,
                     <!-- vmesh lib    --> data.ships.kusari.ku_battleship.ku_battleship.lod0-112.vms,
                     <!-- start vert   --> 0,
                     <!-- num verts    --> 116,
                     <!-- start index  --> 0,
                     <!-- num indices  --> 144,
                     <!-- start mesh   --> 0,
                     <!-- num meshes   --> 1,
                     <!-- bounding box -->   0.015069211,  18.30549,   -12.243378,
                                           -25.144917,    -12.868923,  -24.784178,
                     <!-- center       --> -11.938707,      3.1332183, -18.865479,
                     <!-- radius       --> 21.747986
                  </VMeshRef>
               </VMeshPart>
            </Level0>
            <Level1>
               <VMeshPart>
                  <VMeshRef type="VMeshRef">
                     <!-- header size  --> 60,
                     <!-- vmesh lib    --> data.ships.kusari.ku_battleship.ku_battleship.lod1-112.vms,
                     <!-- start vert   --> 0,
                     <!-- num verts    --> 32,
                     <!-- start index  --> 0,
                     <!-- num indices  --> 48,
                     <!-- start mesh   --> 0,
                     <!-- num meshes   --> 1,
                     <!-- bounding box -->   0.015069211,  18.30549,   -12.243378,
                                           -25.144917,    -12.868923,  -24.784178,
                     <!-- center       --> -11.938707,      3.1332183, -18.865479,
                     <!-- radius       --> 21.747986
                  </VMeshRef>
               </VMeshPart>
            </Level1>
            <Switch2 type="float array" count="3">
               0,
               100,
               1000000
            </Switch2>
         </MultiLevel>
      </baydoor_b_lod1021230105011.3db>
      <Cmpnd>
         <Cons>
            <Fix type="Fix" count="15">
               <part>
                  <!-- parent      --> "Root",
                  <!-- child       --> "Ku_cntrltwr_lod1",
                  <!-- position    --> 26.940256, 9.7419977, -4.576004,
                  <!-- orientation -->   1.0000000000,  107.59435e-09,  21.223197e-09,
                                       -107.59436e-09,   1.0000000000,  188.46836e-09,
                                       -21.223178e-09, -188.46836e-09,   1.0000000000
               </part>
               <part>
                  <!-- parent      --> "Root",
                  <!-- child       --> "Ku_rear_lod1",
                  <!-- position    --> -17.656746, -17.76399, 78.548004,
                  <!-- orientation -->   1.0000000000,  74.137631e-09,  8.7378806e-09,
                                       -74.137631e-09,   1.0000000000,  112.12265e-09,
                                       -8.7378726e-09, -112.12265e-09,   1.0000000000
               </part>
               <part>
                  <!-- parent      --> "Ku_rear_lod1",
                  <!-- child       --> "Ku_port_fan_lod1",
                  <!-- position    --> -22.544001, -68.147003, 125.591,
                  <!-- orientation -->   1.0000000000, -61.922191e-18,  208.58926e-18,
                                        61.922191e-18,   1.0000000000, -186.89730e-18,
                                       -208.58926e-18,  186.89730e-18,   1.0000000000
               </part>
               <part>
                  <!-- parent      --> "Ku_rear_lod1",
                  <!-- child       --> "Ku_star_fan_lod1",
                  <!-- position    --> 57.857063, -68.146767, 125.59048,
                  <!-- orientation -->   1.0000000000, -61.922191e-18,  208.58926e-18,
                                        61.922191e-18,   1.0000000000, -186.89730e-18,
                                       -208.58926e-18,  186.89730e-18,   1.0000000000
               </part>
               <part>
                  <!-- parent      --> "Root",
                  <!-- child       --> "Ku_nose_lod1",
                  <!-- position    --> -14.121745, 0.73897159, -246.771,
                  <!-- orientation -->   1.0000000000,  66.233753e-09,  11.237351e-09,
                                       -66.233753e-09,   1.0000000000,  113.79909e-09,
                                       -11.237344e-09, -113.79909e-09,   1.0000000000
               </part>
               <part>
                  <!-- parent      --> "Root",
                  <!-- child       --> "Ku_front_lod1",
                  <!-- position    --> -14.121745, 0.73897159, -246.771,
                  <!-- orientation -->   1.0000000000,  77.874056e-09,  10.879074e-09,
                                       -77.874056e-09,   1.0000000000,  107.42014e-09,
                                       -10.879066e-09, -107.42014e-09,   1.0000000000
               </part>
               <part>
                  <!-- parent      --> "Ku_front_lod1",
                  <!-- child       --> "Ku_star_spikemount_lod1",
                  <!-- position    --> 56.39539, -40.393291, 149.70934,
                  <!-- orientation -->   1.0000000000, -128.25498e-18,  391.05277e-18,
                                        128.25498e-18,   1.0000000000,  360.86491e-18,
                                       -391.05277e-18, -360.86491e-18,   1.0000000000
               </part>
               <part>
                  <!-- parent      --> "Ku_front_lod1",
                  <!-- child       --> "Ku_port_spikemount_lod1",
                  <!-- position    --> -28.061594, -40.393307, 149.70932,
                  <!-- orientation -->   1.0000000000,  18.034896e-09,  559.00129e-12,
                                       -18.034896e-09,   1.0000000000, -1.1988824e-09,
                                       -559.00129e-12,  1.1988824e-09,   1.0000000000
               </part>
               <part>
                  <!-- parent      --> "Root",
                  <!-- child       --> "Ku_engine_lod1",
                  <!-- position    --> -18.703747, -3.4269793, 165.64799,
                  <!-- orientation -->   1.0000000000,  19.385535e-09, -3.7623344e-09,
                                       -19.385535e-09,   1.0000000000,  123.22508e-09,
                                        3.7623367e-09, -123.22508e-09,   1.0000000000
               </part>
               <part>
                  <!-- parent      --> "Ku_engine_lod1",
                  <!-- child       --> "Ku_port_engine01_lod1",
                  <!-- position    --> -1.9830037, 31.702978, 106.677,
                  <!-- orientation -->   1.0000000000,  1.7612481e-15,  545.76059e-18,
                                       -1.7612481e-15,   1.0000000000,  95.254711e-18,
                                       -545.76059e-18, -95.254711e-18,   1.0000000000
               </part>
               <part>
                  <!-- parent      --> "Ku_engine_lod1",
                  <!-- child       --> "Ku_port_engine02_lod1",
                  <!-- position    --> -1.982999, -8.438, 119.20601,
                  <!-- orientation -->   1.0000000000,  1.7612481e-15,  545.76059e-18,
                                       -1.7612481e-15,   1.0000000000,  95.254711e-18,
                                       -545.76059e-18, -95.254711e-18,   1.0000000000
               </part>
               <part>
                  <!-- parent      --> "Ku_engine_lod1",
                  <!-- child       --> "Ku_port_spike_lod1",
                  <!-- position    --> -8.6857166, 53.991657, 15.217102,
                  <!-- orientation -->   1.0000000000,  38.014754e-09, -581.37689e-12,
                                       -38.014754e-09,   1.0000000000, -9.6223109e-09,
                                        581.37650e-12,  9.6223109e-09,   1.0000000000
               </part>
               <part>
                  <!-- parent      --> "Ku_engine_lod1",
                  <!-- child       --> "Ku_star_engine01_lod1",
                  <!-- position    --> 39.371994, 31.703379, 106.6774,
                  <!-- orientation -->   1.0000000000,  1.7612481e-15,  545.76059e-18,
                                       -1.7612481e-15,   1.0000000000,  95.254711e-18,
                                       -545.76059e-18, -95.254711e-18,   1.0000000000
               </part>
               <part>
                  <!-- parent      --> "Ku_engine_lod1",
                  <!-- child       --> "Ku_star_engine02_lod1",
                  <!-- position    --> 39.372002, -8.4380016, 119.205,
                  <!-- orientation -->   1.0000000000,  1.7612481e-15,  545.76059e-18,
                                       -1.7612481e-15,   1.0000000000,  95.254711e-18,
                                       -545.76059e-18, -95.254711e-18,   1.0000000000
               </part>
               <part>
                  <!-- parent      --> "Ku_engine_lod1",
                  <!-- child       --> "Ku_star_spike_lod1",
                  <!-- position    --> 46.183495, 53.991665, 15.217102,
                  <!-- orientation -->   1.0000000000, -14.172617e-09, -19.771539e-09,
                                        14.172617e-09,   1.0000000000,  9.3510488e-09,
                                        19.771539e-09, -9.3510488e-09,   1.0000000000
               </part>
            </Fix>
            <Rev type="Rev" count="2">
               <part>
                  <!-- parent      --> "Ku_rear_lod1",
                  <!-- child       --> "baydoor_a_lod1",
                  <!-- position    --> 17.668596, -52.078674, -27.006334,
                  <!-- offset      --> 0, 0, 0,
                  <!-- orientation -->   1.0000000000,  28.133956e-09, -9.6838004e-09,
                                       -28.133952e-09,   1.0000000000,  283.34264e-09,
                                        9.6838084e-09, -283.34264e-09,   1.0000000000,
                  <!-- axis        --> -138.28532e-09,  -1.0000000000,  86.490843e-09,
                  <!-- min, max    --> 0, 0.87265998
               </part>
               <part>
                  <!-- parent      --> "Ku_rear_lod1",
                  <!-- child       --> "baydoor_b_lod1",
                  <!-- position    --> 17.668596, -52.078674, -27.006334,
                  <!-- offset      --> 0, 0, 0,
                  <!-- orientation -->   1.0000000000,  28.133956e-09, -9.6838004e-09,
                                       -28.133952e-09,   1.0000000000,  283.34264e-09,
                                        9.6838084e-09, -283.34264e-09,   1.0000000000,
                  <!-- axis        -->  174.22677e-09,   1.0000000000, -77.288369e-09,
                  <!-- min, max    --> 0, 0.87265998
               </part>
            </Rev>
         </Cons>
         <Part_baydoor_a_lod1>
            <File_name name="File name" type="text">baydoor_a_lod1021230105011.3db</File_name>
            <Index type="int">5</Index>
            <Object_name name="Object name" type="text">baydoor_a_lod1</Object_name>
         </Part_baydoor_a_lod1>
         <Part_baydoor_b_lod1>
            <File_name name="File name" type="text">baydoor_b_lod1021230105011.3db</File_name>
            <Index type="int">6</Index>
            <Object_name name="Object name" type="text">baydoor_b_lod1</Object_name>
         </Part_baydoor_b_lod1>
         <Part_Ku_cntrltwr_lod1>
            <File_name name="File name" type="text">Ku_cntrltwr_lod1021230105011.3db</File_name>
            <Index type="int">1</Index>
            <Object_name name="Object name" type="text">Ku_cntrltwr_lod1</Object_name>
         </Part_Ku_cntrltwr_lod1>
         <Part_Ku_engine_lod1>
            <File_name name="File name" type="text">Ku_engine_lod1021230105011.3db</File_name>
            <Index type="int">11</Index>
            <Object_name name="Object name" type="text">Ku_engine_lod1</Object_name>
         </Part_Ku_engine_lod1>
         <Part_Ku_front_lod1>
            <File_name name="File name" type="text">Ku_front_lod1021230105011.3db</File_name>
            <Index type="int">8</Index>
            <Object_name name="Object name" type="text">Ku_front_lod1</Object_name>
         </Part_Ku_front_lod1>
         <Part_Ku_nose_lod1>
            <File_name name="File name" type="text">Ku_nose_lod1021230105011.3db</File_name>
            <Index type="int">7</Index>
            <Object_name name="Object name" type="text">Ku_nose_lod1</Object_name>
         </Part_Ku_nose_lod1>
         <Part_Ku_port_engine01_lod1>
            <File_name name="File name" type="text">Ku_port_engine01_lod1021230105011.3db</File_name>
            <Index type="int">12</Index>
            <Object_name name="Object name" type="text">Ku_port_engine01_lod1</Object_name>
         </Part_Ku_port_engine01_lod1>
         <Part_Ku_port_engine02_lod1>
            <File_name name="File name" type="text">Ku_port_engine02_lod1021230105011.3db</File_name>
            <Index type="int">13</Index>
            <Object_name name="Object name" type="text">Ku_port_engine02_lod1</Object_name>
         </Part_Ku_port_engine02_lod1>
         <Part_Ku_port_fan_lod1>
            <File_name name="File name" type="text">Ku_port_fan_lod1021230105011.3db</File_name>
            <Index type="int">3</Index>
            <Object_name name="Object name" type="text">Ku_port_fan_lod1</Object_name>
         </Part_Ku_port_fan_lod1>
         <Part_Ku_port_spikemount_lod1>
            <File_name name="File name" type="text">Ku_port_spikemount_lod1021230105011.3db</File_name>
            <Index type="int">10</Index>
            <Object_name name="Object name" type="text">Ku_port_spikemount_lod1</Object_name>
         </Part_Ku_port_spikemount_lod1>
         <Part_Ku_port_spike_lod1>
            <File_name name="File name" type="text">Ku_port_spike_lod1021230105011.3db</File_name>
            <Index type="int">14</Index>
            <Object_name name="Object name" type="text">Ku_port_spike_lod1</Object_name>
         </Part_Ku_port_spike_lod1>
         <Part_Ku_rear_lod1>
            <File_name name="File name" type="text">Ku_rear_lod1021230105011.3db</File_name>
            <Index type="int">2</Index>
            <Object_name name="Object name" type="text">Ku_rear_lod1</Object_name>
         </Part_Ku_rear_lod1>
         <Part_Ku_star_engine01_lod1>
            <File_name name="File name" type="text">Ku_star_engine01_lod1021230105011.3db</File_name>
            <Index type="int">15</Index>
            <Object_name name="Object name" type="text">Ku_star_engine01_lod1</Object_name>
         </Part_Ku_star_engine01_lod1>
         <Part_Ku_star_engine02_lod1>
            <File_name name="File name" type="text">Ku_star_engine02_lod1021230105011.3db</File_name>
            <Index type="int">16</Index>
            <Object_name name="Object name" type="text">Ku_star_engine02_lod1</Object_name>
         </Part_Ku_star_engine02_lod1>
         <Part_Ku_star_fan_lod1>
            <File_name name="File name" type="text">Ku_star_fan_lod1021230105011.3db</File_name>
            <Index type="int">4</Index>
            <Object_name name="Object name" type="text">Ku_star_fan_lod1</Object_name>
         </Part_Ku_star_fan_lod1>
         <Part_Ku_star_spikemount_lod1>
            <File_name name="File name" type="text">Ku_star_spikemount_lod1021230105011.3db</File_name>
            <Index type="int">9</Index>
            <Object_name name="Object name" type="text">Ku_star_spikemount_lod1</Object_name>
         </Part_Ku_star_spikemount_lod1>
         <Part_Ku_star_spike_lod1>
            <File_name name="File name" type="text">Ku_star_spike_lod1021230105011.3db</File_name>
            <Index type="int">17</Index>
            <Object_name name="Object name" type="text">Ku_star_spike_lod1</Object_name>
         </Part_Ku_star_spike_lod1>
         <Root>
            <File_name name="File name" type="text">Ku_battleship_lod1021230105011.3db</File_name>
            <Index type="int">0</Index>
            <Object_name name="Object name" type="text">Root</Object_name>
         </Root>
      </Cmpnd>
      <Exporter_Version name="Exporter Version" type="text">Nov  5 2002 11:41:55</Exporter_Version>
      <Ku_battleship_lod1021230105011.3db>
         <Hardpoints>
            <Fixed>
               <DpCntrltwr>
                  <Orientation type="Matrix">
                       1.0000000000, -564.40945e-09, -90.306131e-09,
                      90.305875e-09, -453.38254e-09,   1.0000000000,
                     -564.40950e-09,  -1.0000000000, -453.38248e-09
                  </Orientation>
                  <Position type="Vector">-1.1409035, 55.600811, -11.079485</Position>
               </DpCntrltwr>
               <DpFront>
                  <Orientation type="Matrix">
                       1.0000000000,  134.81491e-09, -478.02434e-12,
                     -134.81491e-09,   1.0000000000,  100.19524e-09,
                      478.03783e-12, -100.19524e-09,   1.0000000000
                  </Orientation>
                  <Position type="Vector">0.0096664522, -5.7807627, -50.200382</Position>
               </DpFront>
               <DpRear>
                  <Orientation type="Matrix">
                       1.0000000000,  114.69330e-09,  1.9282300e-09,
                     -114.69330e-09,   1.0000000000,  154.57169e-09,
                     -1.9282123e-09, -154.57169e-09,   1.0000000000
                  </Orientation>
                  <Position type="Vector">0.0096757878, 6.4143224, 25.707951</Position>
               </DpRear>
               <HpDockCamA>
                  <Orientation type="Matrix">
                      -0.4547832000,   0.1935626300,  -0.8693133600,
                      -0.0133151570,   0.9745093000,   0.2239515600,
                       0.8905026300,   0.1134244500,  -0.4406131500
                  </Orientation>
                  <Position type="Vector">-60.422085, -57.755589, -23.973743</Position>
               </HpDockCamA>
               <HpDockMountA>
                  <Orientation type="Matrix">
                      -1.0000000000, -46.680611e-09,  63.650326e-09,
                     -46.680615e-09,   1.0000000000, -44.497089e-09,
                     -63.650326e-09, -44.497092e-09,  -1.0000000000
                  </Orientation>
                  <Position type="Vector">-0.042265568, -73.981865, 60.902199</Position>
               </HpDockMountA>
               <HpDockMountB>
                  <Orientation type="Matrix">
                      -1.0000000000, -46.680611e-09,  63.650326e-09,
                     -46.680615e-09,   1.0000000000, -44.497089e-09,
                     -63.650326e-09, -44.497092e-09,  -1.0000000000
                  </Orientation>
                  <Position type="Vector">-0.042244576, 29.372911, -351.69315</Position>
               </HpDockMountB>
               <HpDockMountC>
                  <Orientation type="Matrix">
                       1.0000000000,  147.29542e-09,  22.770609e-09,
                     -147.29542e-09,   1.0000000000,  221.70342e-09,
                     -22.770577e-09, -221.70342e-09,   1.0000000000
                  </Orientation>
                  <Position type="Vector">-0.042209107, 282.94281, -166.19443</Position>
               </HpDockMountC>
               <HpDockPointA01>
                  <Orientation type="Matrix">
                      -1.0000000000, -46.680611e-09,  63.650326e-09,
                     -46.680615e-09,   1.0000000000, -44.497089e-09,
                     -63.650326e-09, -44.497092e-09,  -1.0000000000
                  </Orientation>
                  <Position type="Vector">-0.042264774, -76.008141, -0.7528109</Position>
               </HpDockPointA01>
               <HpDockPointA02>
                  <Orientation type="Matrix">
                      -1.0000000000, -46.680611e-09,  63.650326e-09,
                     -46.680615e-09,   1.0000000000, -44.497089e-09,
                     -63.650326e-09, -44.497092e-09,  -1.0000000000
                  </Orientation>
                  <Position type="Vector">-0.042265709, -107.21591, -29.242418</Position>
               </HpDockPointA02>
               <HpDockPointB01>
                  <Orientation type="Matrix">
                      -1.0000000000, -46.680611e-09,  63.650326e-09,
                     -46.680615e-09,   1.0000000000, -44.497089e-09,
                     -63.650326e-09, -44.497092e-09,  -1.0000000000
                  </Orientation>
                  <Position type="Vector">-0.042230107, 29.372898, -578.95032</Position>
               </HpDockPointB01>
               <HpDockPointB02>
                  <Orientation type="Matrix">
                      -1.0000000000, -46.680611e-09,  63.650326e-09,
                     -46.680615e-09,   1.0000000000, -44.497089e-09,
                     -63.650326e-09, -44.497092e-09,  -1.0000000000
                  </Orientation>
                  <Position type="Vector">-0.042222042, 29.372894, -705.67859</Position>
               </HpDockPointB02>
               <HpDockPointC01>
                  <Orientation type="Matrix">
                       1.0000000000,  147.29542e-09,  22.770609e-09,
                     -147.29542e-09,   1.0000000000,  221.70342e-09,
                     -22.770577e-09, -221.70342e-09,   1.0000000000
                  </Orientation>
                  <Position type="Vector">-0.042203709, 282.94287, 61.062653</Position>
               </HpDockPointC01>
               <HpDockPointC02>
                  <Orientation type="Matrix">
                       1.0000000000,  147.29542e-09,  22.770609e-09,
                     -147.29542e-09,   1.0000000000,  221.70342e-09,
                     -22.770577e-09, -221.70342e-09,   1.0000000000
                  </Orientation>
                  <Position type="Vector">-0.042200696, 282.94287, 187.79092</Position>
               </HpDockPointC02>
               <HpFX03>
                  <Orientation type="Matrix">
                       1.0000000000, -564.40945e-09, -90.306131e-09,
                      90.305875e-09, -453.38254e-09,   1.0000000000,
                     -564.40950e-09,  -1.0000000000, -453.38248e-09
                  </Orientation>
                  <Position type="Vector">-1.1409035, 23.085888, -66.034531</Position>
               </HpFX03>
               <HpFX04>
                  <Orientation type="Matrix">
                       1.0000000000, -564.40945e-09, -90.306131e-09,
                      90.305875e-09, -453.38254e-09,   1.0000000000,
                     -564.40950e-09,  -1.0000000000, -453.38248e-09
                  </Orientation>
                  <Position type="Vector">-1.1409035, -35.65403, -77.025688</Position>
               </HpFX04>
               <HpFX05>
                  <Orientation type="Matrix">
                       1.0000000000, -564.40945e-09, -90.306131e-09,
                      90.305875e-09, -453.38254e-09,   1.0000000000,
                     -564.40950e-09,  -1.0000000000, -453.38248e-09
                  </Orientation>
                  <Position type="Vector">-1.1409034, 28.846474, 62.433384</Position>
               </HpFX05>
               <HpFX06>
                  <Orientation type="Matrix">
                       1.0000000000, -564.40945e-09, -90.306131e-09,
                      90.305875e-09, -453.38254e-09,   1.0000000000,
                     -564.40950e-09,  -1.0000000000, -453.38248e-09
                  </Orientation>
                  <Position type="Vector">-1.1409034, -17.011078, 59.037643</Position>
               </HpFX06>
               <HpLaunchCamA>
                  <Orientation type="Matrix">
                       0.9999930300,   0.0037222742, -382.02500e-06,
                      -0.0030985086,   0.8809778100,   0.4731474500,
                       0.0020977401,  -0.4731429800,   0.8809831700
                  </Orientation>
                  <Position type="Vector">-0.5852161, -51.416126, 84.563629</Position>
               </HpLaunchCamA>
               <HpMount>
                  <Orientation type="Matrix">
                       1.0000000000,   0.0000000000,   0.0000000000,
                       0.0000000000,   1.0000000000,   0.0000000000,
                       0.0000000000,   0.0000000000,   1.0000000000
                  </Orientation>
                  <Position type="Vector">254.054e-6, -76.568001, -260.36301</Position>
               </HpMount>
               <HpRunningLight02>
                  <Orientation type="Matrix">
                      85.414520e-09, -31.946009e-09,   1.0000000000,
                       1.0000000000,  162.80539e-09, -85.414513e-09,
                     -162.80539e-09,   1.0000000000,  31.946023e-09
                  </Orientation>
                  <Position type="Vector">-55.130821, 3.6967523, -6.9038997</Position>
               </HpRunningLight02>
               <HpRunningLight09>
                  <Orientation type="Matrix">
                      121.19567e-09, -162.80846e-09,  -1.0000000000,
                       1.0000000000, -131.60592e-09,  121.19570e-09,
                     -131.60593e-09,  -1.0000000000,  162.80845e-09
                  </Orientation>
                  <Position type="Vector">55.094299, 3.6967635, -6.9038882</Position>
               </HpRunningLight09>
               <HpShield01>
                  <Orientation type="Matrix">
                       1.0000000000,   0.0000000000,   0.0000000000,
                       0.0000000000,   1.0000000000,   0.0000000000,
                       0.0000000000,   0.0000000000,   1.0000000000
                  </Orientation>
                  <Position type="Vector">-0.065223999, 10.7846, -9.1932001</Position>
               </HpShield01>
               <HpPilot>
                  <Orientation type="Matrix">
                       1.0000000000,   0.0000000000,   0.0000000000,
                       0.0000000000,   1.0000000000,   0.0000000000,
                       0.0000000000,   0.0000000000,   1.0000000000
                  </Orientation>
                  <Position type="Vector">0, 20, -170</Position>
               </HpPilot>
            </Fixed>
            <Revolute>
               <HpTurret_K1_01>
                  <Axis type="Vector">0, 1, 0</Axis>
                  <Max type="float">2.35618</Max>
                  <Min type="float">-0.87266999</Min>
                  <Orientation type="Matrix">
                       0.1637540200,  -0.9510565400,   0.2620612400,
                       0.8480480900, -21.850624e-09,  -0.5299192700,
                       0.5039832000,   0.3090169400,   0.8065416800
                  </Orientation>
                  <Position type="Vector">-45.866173, -26.869932, 20.293715</Position>
               </HpTurret_K1_01>
               <HpTurret_K1_02>
                  <Axis type="Vector">0, 1, 0</Axis>
                  <Max type="float">0.87264997</Max>
                  <Min type="float">-2.3562</Min>
                  <Orientation type="Matrix">
                      -0.1637541100,  -0.9510565400,   0.2620610900,
                       0.8480479700, -84.358547e-09,   0.5299194500,
                      -0.5039833200,   0.3090168500,   0.8065416200
                  </Orientation>
                  <Position type="Vector">-45.866173, 35.475319, 20.293707</Position>
               </HpTurret_K1_02>
               <HpTurret_K1_03>
                  <Axis type="Vector">0, 1, 0</Axis>
                  <Max type="float">6.2831855</Max>
                  <Min type="float">-6.2831855</Min>
                  <Orientation type="Matrix">
                       0.4226182100,  -0.9063078200, -79.231945e-09,
                      -0.9063078200,  -0.4226181500, -36.946460e-09,
                       0.0000000000,  87.422777e-09,  -1.0000000000
                  </Orientation>
                  <Position type="Vector">-52.2, -20, -7</Position>
               </HpTurret_K1_03>
               <HpTurret_K1_04>
                  <Axis type="Vector">0, 1, 0</Axis>
                  <Max type="float">6.2831855</Max>
                  <Min type="float">-6.2831855</Min>
                  <Orientation type="Matrix">
                       0.4226182100,  -0.9063078200,  -0.0000000000,
                       0.9063078200,   0.4226182100,   0.0000000000,
                       0.0000000000,  -0.0000000000,   1.0000000000
                  </Orientation>
                  <Position type="Vector">-52.15, 29, -7</Position>
               </HpTurret_K1_04>
               <HpTurret_K1_05>
                  <Axis type="Vector">0, 1, 0</Axis>
                  <Max type="float">6.2831855</Max>
                  <Min type="float">-6.2831855</Min>
                  <Orientation type="Matrix">
                       0.4226182100,   0.9063078200,  79.231945e-09,
                       0.9063078200,  -0.4226181500, -36.946460e-09,
                       0.0000000000,  87.422777e-09,  -1.0000000000
                  </Orientation>
                  <Position type="Vector">52.2, -20, -7</Position>
               </HpTurret_K1_05>
               <HpTurret_K1_06>
                  <Axis type="Vector">0, 1, 0</Axis>
                  <Max type="float">6.2831855</Max>
                  <Min type="float">-6.2831855</Min>
                  <Orientation type="Matrix">
                       0.4226182100,   0.9063078200,   0.0000000000,
                      -0.9063078200,   0.4226182100,   0.0000000000,
                       0.0000000000,   0.0000000000,   1.0000000000
                  </Orientation>
                  <Position type="Vector">52.15, 29, -7</Position>
               </HpTurret_K1_06>
               <HpTurret_K1_07>
                  <Axis type="Vector">0, 1, 0</Axis>
                  <Max type="float">2.35618</Max>
                  <Min type="float">-0.87266999</Min>
                  <Orientation type="Matrix">
                      -0.0889124870,   0.9645227800,  -0.2485767200,
                      -0.8877280400,   0.0364404660,   0.4589237900,
                       0.4517006900,   0.2614725800,   0.8529939100
                  </Orientation>
                  <Position type="Vector">45.845959, 35.477715, 20.310917</Position>
               </HpTurret_K1_07>
               <HpTurret_K1_08>
                  <Axis type="Vector">0, 1, 0</Axis>
                  <Max type="float">0.87264997</Max>
                  <Min type="float">-2.3562</Min>
                  <Orientation type="Matrix">
                       0.1225196600,   0.9608322400,  -0.2485765400,
                      -0.8884591500,  -0.0054368651,  -0.4589235500,
                      -0.4423000000,   0.2770772600,   0.8529940800
                  </Orientation>
                  <Position type="Vector">45.845718, -26.870295, 20.311949</Position>
               </HpTurret_K1_08>
               <HpTurret_K3_03>
                  <Axis type="Vector">0, 1, 0</Axis>
                  <Max type="float">0.87264997</Max>
                  <Min type="float">-0.87266999</Min>
                  <Orientation type="Matrix">
                     -94.027257e-09,  88.579540e-09,   1.0000000000,
                      35.053290e-09,  -1.0000000000,  88.579540e-09,
                       1.0000000000,  35.053297e-09,  94.027257e-09
                  </Orientation>
                  <Position type="Vector">-18.193819, -37.388626, -7.1565537</Position>
               </HpTurret_K3_03>
               <HpTurret_K3_04>
                  <Axis type="Vector">0, 1, 0</Axis>
                  <Max type="float">0.87264997</Max>
                  <Min type="float">-0.87266999</Min>
                  <Orientation type="Matrix">
                     -239.10786e-09, -13.731312e-09,  -1.0000000000,
                     -19.051601e-09,  -1.0000000000,  13.731317e-09,
                      -1.0000000000,  19.051605e-09,  239.10786e-09
                  </Orientation>
                  <Position type="Vector">18.544697, -37.388607, -7.1565423</Position>
               </HpTurret_K3_04>
            </Revolute>
         </Hardpoints>
         <VMeshWire include="ku_battleship_cmp\Ku_battleship_lod1.vwd.xml"/>
         <MultiLevel>
            <Level0>
               <VMeshPart>
                  <VMeshRef type="VMeshRef">
                     <!-- header size  --> 60,
                     <!-- vmesh lib    --> data.ships.kusari.ku_battleship.ku_battleship.lod0-212.vms,
                     <!-- start vert   --> 638,
                     <!-- num verts    --> 1252,
                     <!-- start index  --> 948,
                     <!-- num indices  --> 2094,
                     <!-- start mesh   --> 3,
                     <!-- num meshes   --> 10,
                     <!-- bounding box -->  53.88002,    50.437923,   57.118843,
                                           -53.88002,   -50.436947,  -57.119236,
                     <!-- center       -->  -5.7694864,  -1.9050307,   0.54182905,
                     <!-- radius       --> 85.683098
                  </VMeshRef>
               </VMeshPart>
            </Level0>
            <Level1>
               <VMeshPart>
                  <VMeshRef type="VMeshRef">
                     <!-- header size  --> 60,
                     <!-- vmesh lib    --> data.ships.kusari.ku_battleship.ku_battleship.lod1-212.vms,
                     <!-- start vert   --> 110,
                     <!-- num verts    --> 266,
                     <!-- start index  --> 150,
                     <!-- num indices  --> 414,
                     <!-- start mesh   --> 2,
                     <!-- num meshes   --> 7,
                     <!-- bounding box -->  53.88002,    50.437923,   57.118843,
                                           -53.88002,   -50.436947,  -57.119236,
                     <!-- center       -->  -5.7694864,  -1.9050307,   0.54182905,
                     <!-- radius       --> 85.683098
                  </VMeshRef>
               </VMeshPart>
            </Level1>
            <Level2>
               <VMeshPart>
                  <VMeshRef type="VMeshRef">
                     <!-- header size  --> 60,
                     <!-- vmesh lib    --> data.ships.kusari.ku_battleship.ku_battleship.lod2-112.vms,
                     <!-- start vert   --> 338,
                     <!-- num verts    --> 150,
                     <!-- start index  --> 426,
                     <!-- num indices  --> 156,
                     <!-- start mesh   --> 10,
                     <!-- num meshes   --> 1,
