<?xml version="1.0" encoding="ISO-8859-1"?>
<!-- XML generated by UTFXML Version 2.2 built 19-Aug-2010 -->
<UTFXML filename="Blackeagle.cmp" path="SHIPS\eagle\Blackeagle">
   <UTF_ROOT>
      <VMeshLibrary>
         <blackeagle01.lod0.vms include="Blackeagle_cmp\lod0.vms.xml"/>
      </VMeshLibrary>
      <Cmpnd>
         <Root>
            <File_name name="File name" type="text">blackeagle01.3db</File_name>
            <Index type="int">0</Index>
            <Object_name name="Object name" type="text">Root</Object_name>
         </Root>
      </Cmpnd>
      <blackeagle01.3db>
         <Hardpoints>
            <Fixed>
               <HpShield01>
                  <Orientation type="Matrix">
                       1.0000000000,   0.0000000000,   0.0000000000,
                      -0.0000000000,   1.0000000000,   0.0000000000,
                       0.0000000000,  -0.0000000000,   1.0000000000
                  </Orientation>
                  <Position type="Vector">-0.1049665, 2.0021245, -2.6696618</Position>
               </HpShield01>
               <HpThruster01>
                  <Orientation type="Matrix">
                      17.813014e-06,   1.0000000000,   0.0000000000,
                      -1.0000000000,  17.813014e-06,  369.17001e-09,
                      369.17001e-09, -6.5760305e-12,   1.0000000000
                  </Orientation>
                  <Position type="Vector">0.080275811, 2.7020726, 2.2038689</Position>
               </HpThruster01>
               <HpScanner01>
                  <Orientation type="Matrix">
                      -1.0000000000,  37.648423e-09,   0.0000000000,
                     -37.648423e-09,  -1.0000000000,  255.00706e-06,
                      9.6006137e-12,  255.00706e-06,   1.0000000000
                  </Orientation>
                  <Position type="Vector">-0.23829986, -0.174346, -3.7951517</Position>
               </HpScanner01>
               <tractor_source>
                  <Orientation type="Matrix">
                      -1.0000000000,  37.648423e-09,   0.0000000000,
                     -37.648423e-09,  -1.0000000000,  255.00706e-06,
                      9.6006137e-12,  255.00706e-06,   1.0000000000
                  </Orientation>
                  <Position type="Vector">-0.23829986, -0.174346, -3.7951517</Position>
               </tractor_source>
               <HpPilot>
                  <Orientation type="Matrix">
                       1.0000000000, -215.15065e-09,   0.0000000000,
                      215.15065e-09,   1.0000000000, -179.58656e-09,
                      38.638167e-15,  179.58656e-09,   1.0000000000
                  </Orientation>
                  <Position type="Vector">-0.10496653, -1.1743462, -6.8539782</Position>
               </HpPilot>
               <Headlight>
                  <Orientation type="Matrix">
                       0.3806250100,  -0.3604728000,   0.0000000000,
                       0.3604728000,   0.3806250100,  -0.8515773400,
                       0.3069704800,   0.3241316400,   0.2748160400
                  </Orientation>
                  <Position type="Vector">-0.10496653, -1.7391033, -9.0952072</Position>
               </Headlight>
               <HpEngine01>
                  <Orientation type="Matrix">
                       1.0000000000,   0.0000000000,   0.0000000000,
                       0.0000000000,   1.0000000000,   0.0000000000,
                       0.0000000000,   0.0000000000,   1.0000000000
                  </Orientation>
                  <Position type="Vector">-0.10496662, 0.82462126, 5.878324</Position>
               </HpEngine01>
               <HpEngine02>
                  <Orientation type="Matrix">
                       1.0000000000,   0.0000000000,   0.0000000000,
                       0.0000000000,   1.0000000000,   0.0000000000,
                       0.0000000000,   0.0000000000,   1.0000000000
                  </Orientation>
                  <Position type="Vector">-0.10496662, -0.94008476, 5.878324</Position>
               </HpEngine02>
               <HpMount>
                  <Orientation type="Matrix">
                       1.0000000000,   0.0000000000,   0.0000000000,
                       0.0000000000,   1.0000000000,   0.0000000000,
                       0.0000000000,   0.0000000000,   1.0000000000
                  </Orientation>
                  <Position type="Vector">-0.104966, -2.6, 0</Position>
               </HpMount>
               <HpContrail01>
                  <Orientation type="Matrix">
                       0.9999998800,  12.132281e-06,   0.0000000000,
                     -12.132281e-06,   0.9999998800,  455.64160e-06,
                      5.5279719e-09, -455.64154e-06,   0.9999997600
                  </Orientation>
                  <Position type="Vector">-0.038299937, 6.1511464, -1.9951552</Position>
               </HpContrail01>
               <HpContrail02>
                  <Orientation type="Matrix">
                      -0.0083290655,   0.9999651900,   0.0000000000,
                      -0.9999651900,  -0.0083290655,  402.76872e-06,
                      402.75470e-06,  3.3546871e-06,   0.9999997600
                  </Orientation>
                  <Position type="Vector">9.7617016, -1.582185, -4.2618222</Position>
               </HpContrail02>
               <HpContrail03>
                  <Orientation type="Matrix">
                      -0.0083290348,  -0.9999651900,   0.0000000000,
                       0.9999651900,  -0.0083290348,  403.87333e-06,
                     -403.85927e-06,  3.3638751e-06,   0.9999997600
                  </Orientation>
                  <Position type="Vector">-10.038301, -1.582185, -4.2618222</Position>
               </HpContrail03>
               <HpContrail04>
                  <Orientation type="Matrix">
                      -0.9450587600,   0.3269005400,   0.0000000000,
                      -0.3269005400,  -0.9450587600,  21.700613e-06,
                      7.0939423e-06,  20.508354e-06,   1.0000000000
                  </Orientation>
                  <Position type="Vector">-5.1049709, -2.5233614, 6.8009233</Position>
               </HpContrail04>
               <HpContrail05>
                  <Orientation type="Matrix">
                      -0.9450591800,  -0.3268993200,   0.0000000000,
                       0.3268993200,  -0.9450591800,  21.939406e-06,
                     -7.1719769e-06,  20.734036e-06,   1.0000000000
                  </Orientation>
                  <Position type="Vector">4.7616968, -2.5233614, 6.7499423</Position>
               </HpContrail05>
               <HpDocklight01>
                  <Orientation type="Matrix">
                       0.7189289900,   0.6950835600,   0.0000000000,
                      -0.6950835600,   0.7189289900, -46.057303e-06,
                     -32.013675e-06,  33.111930e-06,   1.0000000000
                  </Orientation>
                  <Position type="Vector">8.2950296, 0.40997162, 0.016612967</Position>
               </HpDocklight01>
               <HpDocklight02>
                  <Orientation type="Matrix">
                       0.7189289300,  -0.6950835600,   0.0000000000,
                       0.6950835600,   0.7189289300, -46.126770e-06,
                      32.061958e-06,  33.161868e-06,   1.0000000000
                  </Orientation>
                  <Position type="Vector">-8.4383049, 0.47663841, 0.016612967</Position>
               </HpDocklight02>
               <HpCM01>
                  <Orientation type="Matrix">
                     -6.5439569e-09,  -0.9999983900,   0.0000000000,
                       0.9999983900, -6.5439569e-09,   0.0017547592,
                      -0.0017547564,  11.483069e-12,   0.9999967800
                  </Orientation>
                  <Position type="Vector">-1.883083, 0.18180865, 3.8113675</Position>
               </HpCM01>
               <HpMine01>
                  <Orientation type="Matrix">
                       0.0000000000,   1.0000000000,   0.0000000000,
                      -1.0000000000,   0.0000000000,  288.34766e-06,
                      288.34766e-06,  -0.0000000000,   1.0000000000
                  </Orientation>
                  <Position type="Vector">1.7169172, 0.18180865, 3.9113677</Position>
               </HpMine01>
               <HpRunningLight01>
                  <Orientation type="Matrix">
                       1.0000000000,   0.0000000000,   0.0000000000,
                       0.0000000000,   1.0000000000,   0.0000000000,
                       0.0000000000,   0.0000000000,   1.0000000000
                  </Orientation>
                  <Position type="Vector">10, -1.5, -4</Position>
               </HpRunningLight01>
               <HpRunningLight02>
                  <Orientation type="Matrix">
                       1.0000000000,   0.0000000000,   0.0000000000,
                       0.0000000000,   1.0000000000,   0.0000000000,
                       0.0000000000,   0.0000000000,   1.0000000000
                  </Orientation>
                  <Position type="Vector">-10, -1.5, -4</Position>
               </HpRunningLight02>
               <HpRunningLight03>
                  <Orientation type="Matrix">
                       1.0000000000,   0.0000000000,   0.0000000000,
                       0.0000000000,   1.0000000000,   0.0000000000,
                       0.0000000000,   0.0000000000,   1.0000000000
                  </Orientation>
                  <Position type="Vector">0, 5.75, -1</Position>
               </HpRunningLight03>
               <HpCloak01>
                  <Orientation type="Matrix">
                      -1.0000000000, -84.448878e-09,  22.628010e-09,
                      87.427914e-09,  -0.9659259300,   0.2588190700,
                       0.0000000000,   0.2588190700,   0.9659258100
                  </Orientation>
                  <Position type="Vector">0, -1.35, -2</Position>
               </HpCloak01>
               <HpCloak02>
                  <Orientation type="Matrix">
                       1.0000000000,   0.0000000000,   0.0000000000,
                       0.0000000000,   1.0000000000,   0.0000000000,
                       0.0000000000,   0.0000000000,   1.0000000000
                  </Orientation>
                  <Position type="Vector">0, 0, 0</Position>
               </HpCloak02>
               <Hpnew01>
                  <Orientation type="Matrix">
                       1.0000000000,   0.0000000000,   0.0000000000,
                       0.0000000000,   1.0000000000,   0.0000000000,
                       0.0000000000,   0.0000000000,   1.0000000000
                  </Orientation>
                  <Position type="Vector">0, 0, 0</Position>
               </Hpnew01>
               <Hpnew02>
                  <Orientation type="Matrix">
                       1.0000000000,   0.0000000000,   0.0000000000,
                       0.0000000000,   1.0000000000,   0.0000000000,
                       0.0000000000,   0.0000000000,   1.0000000000
                  </Orientation>
                  <Position type="Vector">0, 0, 0</Position>
               </Hpnew02>
               <Hpnew03>
                  <Orientation type="Matrix">
                       1.0000000000,   0.0000000000,   0.0000000000,
                       0.0000000000,   1.0000000000,   0.0000000000,
                       0.0000000000,   0.0000000000,   1.0000000000
                  </Orientation>
                  <Position type="Vector">0, 0, 0</Position>
               </Hpnew03>
            </Fixed>
            <Revolute>
               <HpWeapon01>
                  <Axis type="Vector">0, 1, 0</Axis>
                  <Max type="float">0.78538001</Max>
                  <Min type="float">-0.7854</Min>
                  <Orientation type="Matrix">
                       0.0000000000,  -1.0000000000,   0.0000000000,
                       1.0000000000,   0.0000000000,   0.0000000000,
                      -0.0000000000,   0.0000000000,   1.0000000000
                  </Orientation>
                  <Position type="Vector">-1.3830829, -1.7681911, -6.2386327</Position>
               </HpWeapon01>
               <HpWeapon02>
                  <Axis type="Vector">0, 1, 0</Axis>
                  <Max type="float">0.76794487</Max>
                  <Min type="float">-0.78539819</Min>
                  <Orientation type="Matrix">
                     -119.20929e-09,   0.9999996400,   0.0000000000,
                      -0.9999996400, -119.20929e-09,   0.0000000000,
                       0.0000000000,   0.0000000000,   1.0000000000
                  </Orientation>
                  <Position type="Vector">1.15025, -1.76819, -6.3053002</Position>
               </HpWeapon02>
               <HpTurret01>
                  <Axis type="Vector">0, 1, 0</Axis>
                  <Max type="float">2.3561945</Max>
                  <Min type="float">-2.3561945</Min>
                  <Orientation type="Matrix">
                       1.0000000000,  87.427907e-09, -87.427907e-09,
                      87.427907e-09,  -1.0000000000, -7.6436389e-15,
                     -87.427907e-09,   0.0000000000,  -1.0000000000
                  </Orientation>
                  <Position type="Vector">-0.104966, -2.2655201, 4.1303401</Position>
               </HpTurret01>
               <HpWeapon03>
                  <Axis type="Vector">0, 1, 0</Axis>
                  <Max type="float">0.78538001</Max>
                  <Min type="float">-0.7854</Min>
                  <Orientation type="Matrix">
                       0.9396924400,  -0.3420206000,   0.0000000000,
                       0.3420206000,   0.9396924400,   0.0000000000,
                      -0.0000000000,   0.0000000000,   1.0000000000
                  </Orientation>
                  <Position type="Vector">-3.6382995, 2.178596, 0.036221933</Position>
               </HpWeapon03>
               <HpWeapon04>
                  <Axis type="Vector">0, 1, 0</Axis>
                  <Max type="float">0.76794487</Max>
                  <Min type="float">-0.78539819</Min>
                  <Orientation type="Matrix">
                       0.9396926200,   0.3420201200,   0.0000000000,
                      -0.3420201200,   0.9396926200,   0.0000000000,
                       0.0000000000,   0.0000000000,   1.0000000000
                  </Orientation>
                  <Position type="Vector">3.4950299, 2.1786001, 0.036221899</Position>
               </HpWeapon04>
               <HpWeapon05>
                  <Axis type="Vector">0, 1, 0</Axis>
                  <Max type="float">0.76794487</Max>
                  <Min type="float">-0.78539819</Min>
                  <Orientation type="Matrix">
                      -0.7071067100,   0.7071067700,   0.0000000000,
                      -0.7071067700,  -0.7071067100,   0.0000000000,
                       0.0000000000,   0.0000000000,   1.0000000000
                  </Orientation>
                  <Position type="Vector">-8.65, -0.5, -2.5</Position>
               </HpWeapon05>
               <HpWeapon06>
                  <Axis type="Vector">0, 1, 0</Axis>
                  <Max type="float">0.76794487</Max>
                  <Min type="float">-0.78539819</Min>
                  <Orientation type="Matrix">
                      -0.7071067100,  -0.7071067700,  -0.0000000000,
                       0.7071067700,  -0.7071067100,   0.0000000000,
                       0.0000000000,  -0.0000000000,   1.0000000000
                  </Orientation>
                  <Position type="Vector">8.65, -0.5, -2.5</Position>
               </HpWeapon06>
               <HpTorpedo01>
                  <Axis type="Vector">0, 1, 0</Axis>
                  <Max type="float">0.78538001</Max>
                  <Min type="float">-0.7854</Min>
                  <Orientation type="Matrix">
                      -1.0000000000,   0.0000000000,   0.0000000000,
                      -0.0000000000,  -1.0000000000,  466.15659e-09,
                       0.0000000000,  466.15659e-09,   1.0000000000
                  </Orientation>
                  <Position type="Vector">-0.1049665, -2.256701, -8.2520132</Position>
               </HpTorpedo01>
            </Revolute>
         </Hardpoints>
         <MultiLevel>
            <Level0>
               <VMeshPart>
                  <VMeshRef type="VMeshRef">
                     <!-- header size  --> 60,
                     <!-- vmesh lib    --> blackeagle01.lod0.vms,
                     <!-- start vert   --> 0,
                     <!-- num verts    --> 1291,
                     <!-- start index  --> 0,
                     <!-- num indices  --> 2703,
                     <!-- start mesh   --> 0,
                     <!-- num meshes   --> 24,
                     <!-- bounding box -->   9.9471464,    5.9825106,  8.3517094,
                                           -10.000882,    -2.4106576, -9.019906,
                     <!-- center       -->  -0.026867867,  1.7859265, -0.33409834,
                     <!-- radius       --> 18.420725
                  </VMeshRef>
               </VMeshPart>
            </Level0>
         </MultiLevel>
      </blackeagle01.3db>
   </UTF_ROOT>
</UTFXML>
