<?xml version="1.0" encoding="ISO-8859-1"?>
<!-- XML generated by UTFXML Version 2.2 built 19-Aug-2010 -->
<UTFXML filename="li_gunship.cmp" path="SHIPS\gunboats\gunboats">
   <UTF_ROOT>
      <VMeshLibrary>
         <li_gunboat.lod0.vms include="li_gunship_cmp\lod0.vms.xml"/>
      </VMeshLibrary>
      <Cmpnd>
         <Root>
            <File_name name="File name" type="text">li_gunboat.3db</File_name>
            <Index type="int">0</Index>
            <Object_name name="Object name" type="text">Root</Object_name>
         </Root>
      </Cmpnd>
      <li_gunboat.3db>
         <Hardpoints>
            <Fixed>
               <HpEngine01>
                  <Orientation type="Matrix">
                       1.0000000000,   0.0000000000,   0.0000000000,
                       0.0000000000,   1.0000000000,   0.0000000000,
                       0.0000000000,   0.0000000000,   1.0000000000
                  </Orientation>
                  <Position type="Vector">3.2805638, 0.34833449, 32.9837</Position>
               </HpEngine01>
               <HpEngine02>
                  <Orientation type="Matrix">
                       1.0000000000,   0.0000000000,   0.0000000000,
                       0.0000000000,   1.0000000000,   0.0000000000,
                       0.0000000000,   0.0000000000,   1.0000000000
                  </Orientation>
                  <Position type="Vector">-3.4928746, 0.33101115, 32.9837</Position>
               </HpEngine02>
               <HpEngine03>
                  <Orientation type="Matrix">
                       1.0000000000,   0.0000000000,   0.0000000000,
                       0.0000000000,   1.0000000000,   0.0000000000,
                       0.0000000000,   0.0000000000,   1.0000000000
                  </Orientation>
                  <Position type="Vector">-0.13214049, 2.8428998, 32.9837</Position>
               </HpEngine03>
               <HpEngine04>
                  <Orientation type="Matrix">
                       1.0000000000,   0.0000000000,   0.0000000000,
                       0.0000000000,   1.0000000000,   0.0000000000,
                       0.0000000000,   0.0000000000,   1.0000000000
                  </Orientation>
                  <Position type="Vector">-0.13214049, -1.9210269, 32.9837</Position>
               </HpEngine04>
               <HpThruster01>
                  <Orientation type="Matrix">
                       1.0000000000,   0.0000000000,   0.0000000000,
                       0.0000000000,   1.0000000000,   0.0000000000,
                       0.0000000000,   0.0000000000,   1.0000000000
                  </Orientation>
                  <Position type="Vector">0, 0, 32.983681</Position>
               </HpThruster01>
               <HpShield01>
                  <Orientation type="Matrix">
                      -0.9999997000,  3.8364506e-06,   0.0000000000,
                     -3.8364506e-06,  -0.9999997000, -775.04828e-06,
                     -2.9734344e-09, -775.04804e-06,   0.9999994000
                  </Orientation>
                  <Position type="Vector">-0.17714277, -4.2130432, 33.224453</Position>
               </HpShield01>
               <HpTractor_Source>
                  <Orientation type="Matrix">
                      -1.0000000000,  104.67700e-06,   0.0000000000,
                     -104.67700e-06,  -1.0000000000, -135.36491e-06,
                     -14.169593e-09, -135.36491e-06,   1.0000000000
                  </Orientation>
                  <Position type="Vector">0.019332744, -11.142395, -18.406792</Position>
               </HpTractor_Source>
               <HpMount>
                  <Orientation type="Matrix">
                       1.0000000000,   0.0000000000,   0.0000000000,
                       0.0000000000,   1.0000000000,   0.0000000000,
                       0.0000000000,   0.0000000000,   1.0000000000
                  </Orientation>
                  <Position type="Vector">-0.019572001, -11.47308, -18.984241</Position>
               </HpMount>
               <HpDockLight01>
                  <Orientation type="Matrix">
                      -0.9883733400,   0.1520446400,   0.0000000000,
                      -0.1520446400,  -0.9883733400, -733.65011e-06,
                     -111.54757e-06, -725.12019e-06,   0.9999994000
                  </Orientation>
                  <Position type="Vector">12.644223, -2.3282614, -13.408633</Position>
               </HpDockLight01>
               <HpDockLight02>
                  <Orientation type="Matrix">
                      -0.9886699300,  -0.1501041400,   0.0000000000,
                       0.1501041400,  -0.9886699300, -704.97836e-06,
                      105.82017e-06, -696.99093e-06,   0.9999994600
                  </Orientation>
                  <Position type="Vector">-12.976832, -2.3282614, -13.408633</Position>
               </HpDockLight02>
               <HpHeadLight01>
                  <Orientation type="Matrix">
                      -0.9883733400,   0.1520446400,   0.0000000000,
                      -0.1520446400,  -0.9883733400, -733.65011e-06,
                     -111.54757e-06, -725.12019e-06,   0.9999994000
                  </Orientation>
                  <Position type="Vector">12.623896, -2.3282614, -17.596733</Position>
               </HpHeadLight01>
               <HpHeadLight02>
                  <Orientation type="Matrix">
                      -0.9886699300,  -0.1501041400,   0.0000000000,
                       0.1501041400,  -0.9886699300, -704.97836e-06,
                      105.82017e-06, -696.99093e-06,   0.9999994600
                  </Orientation>
                  <Position type="Vector">-12.956506, -2.3282614, -17.596733</Position>
               </HpHeadLight02>
               <HpContrail01>
                  <Orientation type="Matrix">
                      -0.9883733400,   0.1520446400,   0.0000000000,
                      -0.1520446400,  -0.9883733400, -733.65011e-06,
                     -111.54757e-06, -725.12019e-06,   0.9999994000
                  </Orientation>
                  <Position type="Vector">12.644223, -2.3836963, -13.408633</Position>
               </HpContrail01>
               <HpContrail02>
                  <Orientation type="Matrix">
                      -0.9886699300,  -0.1501041400,   0.0000000000,
                       0.1501041400,  -0.9886699300, -704.97836e-06,
                      105.82017e-06, -696.99093e-06,   0.9999994600
                  </Orientation>
                  <Position type="Vector">-12.976832, -2.3836963, -13.408633</Position>
               </HpContrail02>
               <HpHeadLight03>
                  <Orientation type="Matrix">
                       0.0462575520, -596.84513e-12,   0.0000000000,
                      596.84513e-12,   0.0462575520,  -0.9989295600,
                      596.20625e-12,   0.0462080350,   0.0021397611
                  </Orientation>
                  <Position type="Vector">0.0096224509, 2.7023447, -30.557467</Position>
               </HpHeadLight03>
               <HpRunningLight01>
                  <Orientation type="Matrix">
                      -0.9961465600,  -0.0876878650,   0.0000000000,
                       0.0876878650,  -0.9961465600,  -0.0016846930,
                      147.72713e-06,  -0.0016782011,   0.9999971400
                  </Orientation>
                  <Position type="Vector">-8.312706, -4.5401115, -21.353104</Position>
               </HpRunningLight01>
               <HpRunningLight02>
                  <Orientation type="Matrix">
                      -0.9958632600,   0.0907724430,   0.0000000000,
                      -0.0907724430,  -0.9958632600,  -0.0040900558,
                     -371.26435e-06,  -0.0040731365,   0.9999832500
                  </Orientation>
                  <Position type="Vector">7.9246635, -4.5401115, -21.353104</Position>
               </HpRunningLight02>
               <HpDockLight03>
                  <Orientation type="Matrix">
                      -0.1823682200,  -0.9105338500,   0.0000000000,
                       0.9105338500,  -0.1823682200,   0.3710389400,
                      -0.3378435100,   0.0676657110,   0.8623300800
                  </Orientation>
                  <Position type="Vector">-4.3893967, 4.8782606, 27.020254</Position>
               </HpDockLight03>
               <HpDockLight04>
                  <Orientation type="Matrix">
                      -0.1823686200,   0.9105330100,   0.0000000000,
                      -0.9105330100,  -0.1823686200,   0.3710407900,
                       0.3378448800,   0.0676661950,   0.8623286500
                  </Orientation>
                  <Position type="Vector">4.1621132, 4.8782606, 27.020254</Position>
               </HpDockLight04>
               <HpTorpedo01>
                  <Orientation type="Matrix">
                      -0.9998476500,   0.0174525450,   0.0000000000,
                      -0.0174525450,  -0.9998476500,   0.0000000000,
                       0.0000000000,   0.0000000000,   1.0000000000
                  </Orientation>
                  <Position type="Vector">0, -9.6, -22.8</Position>
               </HpTorpedo01>
               <HpCM01>
                  <Orientation type="Matrix">
                      -1.0000000000,  87.427907e-09,   0.0000000000,
                     -87.427907e-09,  -1.0000000000,   0.0000000000,
                       0.0000000000,  -0.0000000000,   1.0000000000
                  </Orientation>
                  <Position type="Vector">0, -5.4, 4.56</Position>
               </HpCM01>
               <HpBayDoor01>
                  <Orientation type="Matrix">
                       1.0000000000,   0.0000000000,   0.0000000000,
                       0.0000000000,   1.0000000000,   0.0000000000,
                       0.0000000000,   0.0000000000,   1.0000000000
                  </Orientation>
                  <Position type="Vector">0, -10.2, 10.8</Position>
               </HpBayDoor01>
               <HpBayDoor02>
                  <Orientation type="Matrix">
                       1.0000000000,   0.0000000000,   0.0000000000,
                       0.0000000000,   1.0000000000,   0.0000000000,
                       0.0000000000,   0.0000000000,   1.0000000000
                  </Orientation>
                  <Position type="Vector">0, -12, 10.8</Position>
               </HpBayDoor02>
               <HpPilot>
                  <Orientation type="Matrix">
                       1.0000000000,   0.0000000000,   0.0000000000,
                       0.0000000000,   1.0000000000,   0.0000000000,
                       0.0000000000,   0.0000000000,   1.0000000000
                  </Orientation>
                  <Position type="Vector">0, 0, -8.4</Position>
               </HpPilot>
               <HpCloak01>
                  <Orientation type="Matrix">
                       1.0000000000,   0.0000000000,   0.0000000000,
                       0.0000000000,   1.0000000000,   0.0000000000,
                       0.0000000000,   0.0000000000,   1.0000000000
                  </Orientation>
                  <Position type="Vector">0, 0, 0</Position>
               </HpCloak01>
               <HpShield02>
                  <Orientation type="Matrix">
                       1.0000000000,   0.0000000000,   0.0000000000,
                       0.0000000000,   1.0000000000,   0.0000000000,
                       0.0000000000,   0.0000000000,   1.0000000000
                  </Orientation>
                  <Position type="Vector">0, 0, 0</Position>
               </HpShield02>
               <HpNew01>
                  <Orientation type="Matrix">
                       1.0000000000,   0.0000000000,   0.0000000000,
                       0.0000000000,   1.0000000000,   0.0000000000,
                       0.0000000000,   0.0000000000,   1.0000000000
                  </Orientation>
                  <Position type="Vector">0, 0, 0</Position>
               </HpNew01>
               <HpNew02>
                  <Orientation type="Matrix">
                       1.0000000000,   0.0000000000,   0.0000000000,
                       0.0000000000,   1.0000000000,   0.0000000000,
                       0.0000000000,   0.0000000000,   1.0000000000
                  </Orientation>
                  <Position type="Vector">0, 0, 0</Position>
               </HpNew02>
               <HpNew03>
                  <Orientation type="Matrix">
                       1.0000000000,   0.0000000000,   0.0000000000,
                       0.0000000000,   1.0000000000,   0.0000000000,
                       0.0000000000,   0.0000000000,   1.0000000000
                  </Orientation>
                  <Position type="Vector">0, 0, 0</Position>
               </HpNew03>
            </Fixed>
            <Revolute>
               <HpWeapon01>
                  <Axis type="Vector">0, 1, 0</Axis>
                  <Max type="float">0.2617994</Max>
                  <Min type="float">-0.2617994</Min>
                  <Orientation type="Matrix">
                       1.0000000000,   0.0000000000,   0.0000000000,
                       0.0000000000,   1.0000000000,   0.0000000000,
                       0.0000000000,   0.0000000000,   1.0000000000
                  </Orientation>
                  <Position type="Vector">-0, 9.7288084, -8.3406</Position>
               </HpWeapon01>
               <HpTurret01>
                  <Axis type="Vector">0, 1, 0</Axis>
                  <Max type="float">6.2657323</Max>
                  <Min type="float">-6.2657323</Min>
                  <Orientation type="Matrix">
                     -119.20929e-09,   0.9999996400,   0.0000000000,
                      -0.9999996400, -119.20929e-09,   0.0000000000,
                       0.0000000000,   0.0000000000,   1.0000000000
                  </Orientation>
                  <Position type="Vector">5.22, 3.24, -5.4</Position>
               </HpTurret01>
               <HpTurret02>
                  <Axis type="Vector">0, 1, 0</Axis>
                  <Max type="float">6.2657323</Max>
                  <Min type="float">-6.2657323</Min>
                  <Orientation type="Matrix">
                     -119.20929e-09,  -0.9999996400,  -0.0000000000,
                       0.9999996400, -119.20929e-09,   0.0000000000,
                       0.0000000000,  -0.0000000000,   1.0000000000
                  </Orientation>
                  <Position type="Vector">-5.4, 3.24, -5.4</Position>
               </HpTurret02>
               <HpTurret03>
                  <Axis type="Vector">0, 1, 0</Axis>
                  <Max type="float">0.68067843</Max>
                  <Min type="float">-2.984513</Min>
                  <Orientation type="Matrix">
                       1.0000000000,   0.0000000000,   0.0000000000,
                       0.0000000000,   1.0000000000,   0.0000000000,
                       0.0000000000,   0.0000000000,   1.0000000000
                  </Orientation>
                  <Position type="Vector">7.9699225, -2.300544, -15.529716</Position>
               </HpTurret03>
               <HpTurret04>
                  <Axis type="Vector">0, 1, 0</Axis>
                  <Max type="float">2.984513</Max>
                  <Min type="float">-0.69813168</Min>
                  <Orientation type="Matrix">
                       1.0000000000,   0.0000000000,   0.0000000000,
                       0.0000000000,   1.0000000000,   0.0000000000,
                       0.0000000000,   0.0000000000,   1.0000000000
                  </Orientation>
                  <Position type="Vector">-7.9699225, -2.300544, -15.529716</Position>
               </HpTurret04>
               <HpTurret07>
                  <Axis type="Vector">0, 1, 0</Axis>
                  <Max type="float">2.0943952</Max>
                  <Min type="float">-2.0943952</Min>
                  <Orientation type="Matrix">
                       1.0000000000, -87.422777e-09, -87.422777e-09,
                     -87.422777e-09,  -1.0000000000,  7.6427419e-15,
                     -87.422777e-09,   0.0000000000,  -1.0000000000
                  </Orientation>
                  <Position type="Vector">0, -3.8804376, 16.010141</Position>
               </HpTurret07>
               <HpTurret05>
                  <Axis type="Vector">0, 1, 0</Axis>
                  <Max type="float">2.0943952</Max>
                  <Min type="float">-2.0943952</Min>
                  <Orientation type="Matrix">
                      -1.0000000000,   0.0000000000,  87.422777e-09,
                       0.0000000000,   1.0000000000,  -0.0000000000,
                     -87.422777e-09,   0.0000000000,  -1.0000000000
                  </Orientation>
                  <Position type="Vector">0, 4.4902153, 16.010141</Position>
               </HpTurret05>
               <HpTurret06>
                  <Axis type="Vector">0, 1, 0</Axis>
                  <Max type="float">6.2831855</Max>
                  <Min type="float">-6.2831855</Min>
                  <Orientation type="Matrix">
                      -1.0000000000, -87.422777e-09,   0.0000000000,
                      87.422777e-09,  -1.0000000000,  -0.0000000000,
                       0.0000000000,   0.0000000000,   1.0000000000
                  </Orientation>
                  <Position type="Vector">0, -11.142396, -18.398281</Position>
               </HpTurret06>
               <HpTorpedo02>
                  <Axis type="Vector">0, 1, 0</Axis>
                  <Max type="float">0.78539819</Max>
                  <Min type="float">-0.78539819</Min>
                  <Orientation type="Matrix">
                      -0.9961947200,  -0.0871558790,  -0.0000000000,
                       0.0871558790,  -0.9961947200,   0.0000000000,
                       0.0000000000,  -0.0000000000,   1.0000000000
                  </Orientation>
                  <Position type="Vector">-6.615181, -4.6924009, -20.195669</Position>
               </HpTorpedo02>
               <HpTorpedo03>
                  <Axis type="Vector">0, 1, 0</Axis>
                  <Max type="float">0.78539819</Max>
                  <Min type="float">-0.78539819</Min>
                  <Orientation type="Matrix">
                      -0.9961947200,   0.0871558790,   0.0000000000,
                      -0.0871558790,  -0.9961947200,   0.0000000000,
                       0.0000000000,   0.0000000000,   1.0000000000
                  </Orientation>
                  <Position type="Vector">6.615181, -4.6924009, -20.195669</Position>
               </HpTorpedo03>
            </Revolute>
         </Hardpoints>
         <MultiLevel>
            <Level0>
               <VMeshPart>
                  <VMeshRef type="VMeshRef">
                     <!-- header size  --> 60,
                     <!-- vmesh lib    --> li_gunboat.lod0.vms,
                     <!-- start vert   --> 0,
                     <!-- num verts    --> 0,
                     <!-- start index  --> 0,
                     <!-- num indices  --> 0,
                     <!-- start mesh   --> 0,
                     <!-- num meshes   --> 35,
                     <!-- bounding box -->  12.646237,     9.7391567,  34.197781,
                                           -12.982661,   -11.148042,  -30.641266,
                     <!-- center       -->  -0.16821194,  -0.7044425,   1.7782574,
                     <!-- radius       --> 47.800308
                  </VMeshRef>
               </VMeshPart>
            </Level0>
         </MultiLevel>
      </li_gunboat.3db>
   </UTF_ROOT>
</UTFXML>
