<?xml version="1.0" encoding="ISO-8859-1"?>
<!-- XML generated by UTFXML Version 2.2 built 19-Aug-2010 -->
<UTFXML filename="li_gunship_upgrade.cmp" path="SHIPS\gunboats\gunboats">
   <UTF_ROOT>
      <VMeshLibrary>
         <li_gunboat_upgrade.lod0.vms include="li_gunship_upgrade_cmp\lod0.vms.xml"/>
      </VMeshLibrary>
      <Cmpnd>
         <Root>
            <File_name name="File name" type="text">li_gunboat_upgrade.3db</File_name>
            <Index type="int">0</Index>
            <Object_name name="Object name" type="text">Root</Object_name>
         </Root>
      </Cmpnd>
      <li_gunboat_upgrade.3db>
         <Hardpoints>
            <Fixed>
               <HpEngine01>
                  <Orientation type="Matrix">
                       1.0000000000,   0.0000000000,   0.0000000000,
                       0.0000000000,   1.0000000000,   0.0000000000,
                       0.0000000000,   0.0000000000,   1.0000000000
                  </Orientation>
                  <Position type="Vector">5.5769587, 0.59216863, 56.072292</Position>
               </HpEngine01>
               <HpEngine02>
                  <Orientation type="Matrix">
                       1.0000000000,   0.0000000000,   0.0000000000,
                       0.0000000000,   1.0000000000,   0.0000000000,
                       0.0000000000,   0.0000000000,   1.0000000000
                  </Orientation>
                  <Position type="Vector">-5.9378872, 0.56271899, 56.072292</Position>
               </HpEngine02>
               <HpEngine03>
                  <Orientation type="Matrix">
                       1.0000000000,   0.0000000000,   0.0000000000,
                       0.0000000000,   1.0000000000,   0.0000000000,
                       0.0000000000,   0.0000000000,   1.0000000000
                  </Orientation>
                  <Position type="Vector">-0.22463883, 4.8329296, 56.072292</Position>
               </HpEngine03>
               <HpEngine04>
                  <Orientation type="Matrix">
                       1.0000000000,   0.0000000000,   0.0000000000,
                       0.0000000000,   1.0000000000,   0.0000000000,
                       0.0000000000,   0.0000000000,   1.0000000000
                  </Orientation>
                  <Position type="Vector">-0.22463883, -3.2657459, 56.072292</Position>
               </HpEngine04>
               <HpThruster01>
                  <Orientation type="Matrix">
                       1.0000000000,   0.0000000000,   0.0000000000,
                       0.0000000000,   1.0000000000,   0.0000000000,
                       0.0000000000,   0.0000000000,   1.0000000000
                  </Orientation>
                  <Position type="Vector">0, 0, 56.072258</Position>
               </HpThruster01>
               <HpShield01>
                  <Orientation type="Matrix">
                      -0.9999997000,  3.8364506e-06,   0.0000000000,
                     -3.8364506e-06,  -0.9999997000, -775.04828e-06,
                     -2.9734344e-09, -775.04804e-06,   0.9999994000
                  </Orientation>
                  <Position type="Vector">-0.30114272, -7.1621737, 56.481571</Position>
               </HpShield01>
               <HpTractor_Source>
                  <Orientation type="Matrix">
                      -1.0000000000,  104.67700e-06,   0.0000000000,
                     -104.67700e-06,  -1.0000000000, -135.36491e-06,
                     -14.169593e-09, -135.36491e-06,   1.0000000000
                  </Orientation>
                  <Position type="Vector">0.032865666, -18.942072, -31.291546</Position>
               </HpTractor_Source>
               <HpMount>
                  <Orientation type="Matrix">
                       1.0000000000,   0.0000000000,   0.0000000000,
                       0.0000000000,   1.0000000000,   0.0000000000,
                       0.0000000000,   0.0000000000,   1.0000000000
                  </Orientation>
                  <Position type="Vector">-0.033272404, -19.504236, -32.273212</Position>
               </HpMount>
               <HpDockLight01>
                  <Orientation type="Matrix">
                      -0.9883733400,   0.1520446400,   0.0000000000,
                      -0.1520446400,  -0.9883733400, -733.65011e-06,
                     -111.54757e-06, -725.12019e-06,   0.9999994000
                  </Orientation>
                  <Position type="Vector">21.49518, -3.9580445, -22.794678</Position>
               </HpDockLight01>
               <HpDockLight02>
                  <Orientation type="Matrix">
                      -0.9886699300,  -0.1501041400,   0.0000000000,
                       0.1501041400,  -0.9886699300, -704.97836e-06,
                      105.82017e-06, -696.99093e-06,   0.9999994600
                  </Orientation>
                  <Position type="Vector">-22.060616, -3.9580445, -22.794678</Position>
               </HpDockLight02>
               <HpHeadLight01>
                  <Orientation type="Matrix">
                      -0.9883733400,   0.1520446400,   0.0000000000,
                      -0.1520446400,  -0.9883733400, -733.65011e-06,
                     -111.54757e-06, -725.12019e-06,   0.9999994000
                  </Orientation>
                  <Position type="Vector">21.460623, -3.9580445, -29.914448</Position>
               </HpHeadLight01>
               <HpHeadLight02>
                  <Orientation type="Matrix">
                      -0.9886699300,  -0.1501041400,   0.0000000000,
                       0.1501041400,  -0.9886699300, -704.97836e-06,
                      105.82017e-06, -696.99093e-06,   0.9999994600
                  </Orientation>
                  <Position type="Vector">-22.02606, -3.9580445, -29.914448</Position>
               </HpHeadLight02>
               <HpContrail01>
                  <Orientation type="Matrix">
                      -0.9883733400,   0.1520446400,   0.0000000000,
                      -0.1520446400,  -0.9883733400, -733.65011e-06,
                     -111.54757e-06, -725.12019e-06,   0.9999994000
                  </Orientation>
                  <Position type="Vector">21.49518, -4.0522838, -22.794678</Position>
               </HpContrail01>
               <HpContrail02>
                  <Orientation type="Matrix">
                      -0.9886699300,  -0.1501041400,   0.0000000000,
                       0.1501041400,  -0.9886699300, -704.97836e-06,
                      105.82017e-06, -696.99093e-06,   0.9999994600
                  </Orientation>
                  <Position type="Vector">-22.060616, -4.0522838, -22.794678</Position>
               </HpContrail02>
               <HpHeadLight03>
                  <Orientation type="Matrix">
                       0.0462575520, -596.84513e-12,   0.0000000000,
                      596.84513e-12,   0.0462575520,  -0.9989295600,
                      596.20625e-12,   0.0462080350,   0.0021397611
                  </Orientation>
                  <Position type="Vector">0.016358167, 4.593986, -51.947693</Position>
               </HpHeadLight03>
               <HpRunningLight01>
                  <Orientation type="Matrix">
                      -0.9961465600,  -0.0876878650,   0.0000000000,
                       0.0876878650,  -0.9961465600,  -0.0016846930,
                      147.72713e-06,  -0.0016782011,   0.9999971400
                  </Orientation>
                  <Position type="Vector">-14.1316, -7.7181897, -36.300278</Position>
               </HpRunningLight01>
               <HpRunningLight02>
                  <Orientation type="Matrix">
                      -0.9958632600,   0.0907724430,   0.0000000000,
                      -0.0907724430,  -0.9958632600,  -0.0040900558,
                     -371.26435e-06,  -0.0040731365,   0.9999832500
                  </Orientation>
                  <Position type="Vector">13.471929, -7.7181897, -36.300278</Position>
               </HpRunningLight02>
               <HpDockLight03>
                  <Orientation type="Matrix">
                      -0.1823682200,  -0.9105338500,   0.0000000000,
                       0.9105338500,  -0.1823682200,   0.3710389400,
                      -0.3378435100,   0.0676657110,   0.8623300800
                  </Orientation>
                  <Position type="Vector">-7.4619746, 8.2930431, 45.934433</Position>
               </HpDockLight03>
               <HpDockLight04>
                  <Orientation type="Matrix">
                      -0.1823686200,   0.9105330100,   0.0000000000,
                      -0.9105330100,  -0.1823686200,   0.3710407900,
                       0.3378448800,   0.0676661950,   0.8623286500
                  </Orientation>
                  <Position type="Vector">7.0755925, 8.2930431, 45.934433</Position>
               </HpDockLight04>
               <HpTorpedo01>
                  <Orientation type="Matrix">
                      -0.9998476500,   0.0174525450,   0.0000000000,
                      -0.0174525450,  -0.9998476500,   0.0000000000,
                       0.0000000000,   0.0000000000,   1.0000000000
                  </Orientation>
                  <Position type="Vector">0, -16.32, -38.76</Position>
               </HpTorpedo01>
               <HpCM01>
                  <Orientation type="Matrix">
                      -1.0000000000,  87.427907e-09,   0.0000000000,
                     -87.427907e-09,  -1.0000000000,   0.0000000000,
                       0.0000000000,  -0.0000000000,   1.0000000000
                  </Orientation>
                  <Position type="Vector">0, -9.18, 7.752</Position>
               </HpCM01>
               <HpBayDoor01>
                  <Orientation type="Matrix">
                       1.0000000000,   0.0000000000,   0.0000000000,
                       0.0000000000,   1.0000000000,   0.0000000000,
                       0.0000000000,   0.0000000000,   1.0000000000
                  </Orientation>
                  <Position type="Vector">0, -17.34, 18.36</Position>
               </HpBayDoor01>
               <HpBayDoor02>
                  <Orientation type="Matrix">
                       1.0000000000,   0.0000000000,   0.0000000000,
                       0.0000000000,   1.0000000000,   0.0000000000,
                       0.0000000000,   0.0000000000,   1.0000000000
                  </Orientation>
                  <Position type="Vector">0, -20.4, 18.36</Position>
               </HpBayDoor02>
               <HpPilot>
                  <Orientation type="Matrix">
                       1.0000000000,   0.0000000000,   0.0000000000,
                       0.0000000000,   1.0000000000,   0.0000000000,
                       0.0000000000,   0.0000000000,   1.0000000000
                  </Orientation>
                  <Position type="Vector">0, 0, -14.28</Position>
               </HpPilot>
               <HpCloak01>
                  <Orientation type="Matrix">
                       1.0000000000,   0.0000000000,   0.0000000000,
                       0.0000000000,   1.0000000000,   0.0000000000,
                       0.0000000000,   0.0000000000,   1.0000000000
                  </Orientation>
                  <Position type="Vector">0, 0, 0</Position>
               </HpCloak01>
               <HpShield02>
                  <Orientation type="Matrix">
                       1.0000000000,   0.0000000000,   0.0000000000,
                       0.0000000000,   1.0000000000,   0.0000000000,
                       0.0000000000,   0.0000000000,   1.0000000000
                  </Orientation>
                  <Position type="Vector">0, 0, 0</Position>
               </HpShield02>
               <HpNew01>
                  <Orientation type="Matrix">
                       1.0000000000,   0.0000000000,   0.0000000000,
                       0.0000000000,   1.0000000000,   0.0000000000,
                       0.0000000000,   0.0000000000,   1.0000000000
                  </Orientation>
                  <Position type="Vector">0, 0, 0</Position>
               </HpNew01>
               <HpNew02>
                  <Orientation type="Matrix">
                       1.0000000000,   0.0000000000,   0.0000000000,
                       0.0000000000,   1.0000000000,   0.0000000000,
                       0.0000000000,   0.0000000000,   1.0000000000
                  </Orientation>
                  <Position type="Vector">0, 0, 0</Position>
               </HpNew02>
               <HpNew03>
                  <Orientation type="Matrix">
                       1.0000000000,   0.0000000000,   0.0000000000,
                       0.0000000000,   1.0000000000,   0.0000000000,
                       0.0000000000,   0.0000000000,   1.0000000000
                  </Orientation>
                  <Position type="Vector">0, 0, 0</Position>
               </HpNew03>
            </Fixed>
            <Revolute>
               <HpWeapon01>
                  <Axis type="Vector">0, 1, 0</Axis>
                  <Max type="float">0.2617994</Max>
                  <Min type="float">-0.2617994</Min>
                  <Orientation type="Matrix">
                       1.0000000000,   0.0000000000,   0.0000000000,
                       0.0000000000,   1.0000000000,   0.0000000000,
                       0.0000000000,   0.0000000000,   1.0000000000
                  </Orientation>
                  <Position type="Vector">-0, 16.538975, -14.179021</Position>
               </HpWeapon01>
               <HpTurret01>
                  <Axis type="Vector">0, 1, 0</Axis>
                  <Max type="float">6.2657323</Max>
                  <Min type="float">-6.2657323</Min>
                  <Orientation type="Matrix">
                     -119.20929e-09,   0.9999996400,   0.0000000000,
                      -0.9999996400, -119.20929e-09,   0.0000000000,
                       0.0000000000,   0.0000000000,   1.0000000000
                  </Orientation>
                  <Position type="Vector">8.874, 5.508, -9.18</Position>
               </HpTurret01>
               <HpTurret02>
                  <Axis type="Vector">0, 1, 0</Axis>
                  <Max type="float">6.2657323</Max>
                  <Min type="float">-6.2657323</Min>
                  <Orientation type="Matrix">
                     -119.20929e-09,  -0.9999996400,  -0.0000000000,
                       0.9999996400, -119.20929e-09,   0.0000000000,
                       0.0000000000,  -0.0000000000,   1.0000000000
                  </Orientation>
                  <Position type="Vector">-9.18, 5.508, -9.18</Position>
               </HpTurret02>
               <HpTurret03>
                  <Axis type="Vector">0, 1, 0</Axis>
                  <Max type="float">0.68067843</Max>
                  <Min type="float">-2.984513</Min>
                  <Orientation type="Matrix">
                       1.0000000000,   0.0000000000,   0.0000000000,
                       0.0000000000,   1.0000000000,   0.0000000000,
                       0.0000000000,   0.0000000000,   1.0000000000
                  </Orientation>
                  <Position type="Vector">13.548869, -3.9109249, -26.400518</Position>
               </HpTurret03>
               <HpTurret04>
                  <Axis type="Vector">0, 1, 0</Axis>
                  <Max type="float">2.984513</Max>
                  <Min type="float">-0.69813168</Min>
                  <Orientation type="Matrix">
                       1.0000000000,   0.0000000000,   0.0000000000,
                       0.0000000000,   1.0000000000,   0.0000000000,
                       0.0000000000,   0.0000000000,   1.0000000000
                  </Orientation>
                  <Position type="Vector">-13.548869, -3.9109249, -26.400518</Position>
               </HpTurret04>
               <HpTurret07>
                  <Axis type="Vector">0, 1, 0</Axis>
                  <Max type="float">2.0943952</Max>
                  <Min type="float">-2.0943952</Min>
                  <Orientation type="Matrix">
                       1.0000000000, -87.422777e-09, -87.422777e-09,
                     -87.422777e-09,  -1.0000000000,  7.6427419e-15,
                     -87.422777e-09,   0.0000000000,  -1.0000000000
                  </Orientation>
                  <Position type="Vector">0, -6.5967441, 27.217241</Position>
               </HpTurret07>
               <HpTurret05>
                  <Axis type="Vector">0, 1, 0</Axis>
                  <Max type="float">2.0943952</Max>
                  <Min type="float">-2.0943952</Min>
                  <Orientation type="Matrix">
                      -1.0000000000,   0.0000000000,  87.422777e-09,
                       0.0000000000,   1.0000000000,  -0.0000000000,
                     -87.422777e-09,   0.0000000000,  -1.0000000000
                  </Orientation>
                  <Position type="Vector">0, 7.6333661, 27.217241</Position>
               </HpTurret05>
               <HpTurret06>
                  <Axis type="Vector">0, 1, 0</Axis>
                  <Max type="float">6.2831855</Max>
                  <Min type="float">-6.2831855</Min>
                  <Orientation type="Matrix">
                      -1.0000000000, -87.422777e-09,   0.0000000000,
                      87.422777e-09,  -1.0000000000,  -0.0000000000,
                       0.0000000000,   0.0000000000,   1.0000000000
                  </Orientation>
                  <Position type="Vector">0, -18.942074, -31.277079</Position>
               </HpTurret06>
               <HpTorpedo02>
                  <Axis type="Vector">0, 1, 0</Axis>
                  <Max type="float">0.78539819</Max>
                  <Min type="float">-0.78539819</Min>
                  <Orientation type="Matrix">
                      -0.9961947200,  -0.0871558790,  -0.0000000000,
                       0.0871558790,  -0.9961947200,   0.0000000000,
                       0.0000000000,  -0.0000000000,   1.0000000000
                  </Orientation>
                  <Position type="Vector">-11.245808, -7.9770818, -34.332638</Position>
               </HpTorpedo02>
               <HpTorpedo03>
                  <Axis type="Vector">0, 1, 0</Axis>
                  <Max type="float">0.78539819</Max>
                  <Min type="float">-0.78539819</Min>
                  <Orientation type="Matrix">
                      -0.9961947200,   0.0871558790,   0.0000000000,
                      -0.0871558790,  -0.9961947200,   0.0000000000,
                       0.0000000000,   0.0000000000,   1.0000000000
                  </Orientation>
                  <Position type="Vector">11.245808, -7.9770818, -34.332638</Position>
               </HpTorpedo03>
               <HpTurret08>
                  <Axis type="Vector">0, 1, 0</Axis>
                  <Max type="float">3.1415927</Max>
                  <Min type="float">-3.1415927</Min>
                  <Orientation type="Matrix">
                       1.0000000000,   0.0000000000,   0.0000000000,
                       0.0000000000,   1.0000000000,   0.0000000000,
                       0.0000000000,   0.0000000000,   1.0000000000
                  </Orientation>
                  <Position type="Vector">0, 15.908638, -33.553669</Position>
               </HpTurret08>
               <HpTurret09>
                  <Axis type="Vector">0, 1, 0</Axis>
                  <Max type="float">3.1415927</Max>
                  <Min type="float">-3.1415927</Min>
                  <Orientation type="Matrix">
                       1.0000000000,   0.0000000000,   0.0000000000,
                       0.0000000000,   1.0000000000,   0.0000000000,
                       0.0000000000,   0.0000000000,   1.0000000000
                  </Orientation>
                  <Position type="Vector">0, 14.373735, -23.167849</Position>
               </HpTurret09>
            </Revolute>
         </Hardpoints>
         <MultiLevel>
            <Level0>
               <VMeshPart>
                  <VMeshRef type="VMeshRef">
                     <!-- header size  --> 60,
                     <!-- vmesh lib    --> li_gunboat_upgrade.lod0.vms,
                     <!-- start vert   --> 0,
                     <!-- num verts    --> 0,
                     <!-- start index  --> 0,
                     <!-- num indices  --> 0,
                     <!-- start mesh   --> 0,
                     <!-- num meshes   --> 35,
                     <!-- bounding box -->  21.498604,   16.556566,   58.13623,
                                           -22.070524,  -18.951672,  -52.090153,
                     <!-- center       -->  -0.2859602,  -1.1975527,   3.0230389,
                     <!-- radius       --> 81.260529
                  </VMeshRef>
               </VMeshPart>
            </Level0>
         </MultiLevel>
      </li_gunboat_upgrade.3db>
   </UTF_ROOT>
</UTFXML>
