<?xml version="1.0" encoding="ISO-8859-1"?>
<!-- XML generated by UTFXML Version 2.2 built 19-Aug-2010 -->
<UTFXML filename="acclamator_collab.cmp" path="SHIPS\new\other\Starwars">
   <UTF_ROOT>
      <VMeshLibrary>
         <acclamator_collab.lod0-112.vms include="acclamator_collab_cmp\lod0-112.vms.xml"/>
         <acclamator_collab_p4.lod0-112.vms include="acclamator_collab_cmp\lod0-112.vms.xml"/>
      </VMeshLibrary>
      <Cmpnd>
         <Cons>
            <Fix type="Fix" count="4">
               <part>
                  <!-- parent      --> "Root",
                  <!-- child       --> "acclamator_collab_p1_lod1",
                  <!-- position    --> 0, 0, 0,
                  <!-- orientation -->  -1.0000000000,   0.0000000000,   0.0000000000,
                                         0.0000000000,   1.0000000000,   0.0000000000,
                                         0.0000000000,   0.0000000000,  -1.0000000000
               </part>
               <part>
                  <!-- parent      --> "Root",
                  <!-- child       --> "acclamator_collab_p2_lod1",
                  <!-- position    --> 0, 0, 0,
                  <!-- orientation -->  -1.0000000000,   0.0000000000,   0.0000000000,
                                         0.0000000000,   1.0000000000,   0.0000000000,
                                         0.0000000000,   0.0000000000,  -1.0000000000
               </part>
               <part>
                  <!-- parent      --> "Root",
                  <!-- child       --> "acclamator_collab_p3_lod1",
                  <!-- position    --> 0, 0, 0,
                  <!-- orientation -->  -1.0000000000,   0.0000000000,   0.0000000000,
                                         0.0000000000,   1.0000000000,   0.0000000000,
                                         0.0000000000,   0.0000000000,  -1.0000000000
               </part>
               <part>
                  <!-- parent      --> "Root",
                  <!-- child       --> "acclamator_collab_p4_lod1",
                  <!-- position    --> 0, 0, 0,
                  <!-- orientation -->  -1.0000000000,   0.0000000000,   0.0000000000,
                                         0.0000000000,   1.0000000000,   0.0000000000,
                                         0.0000000000,   0.0000000000,  -1.0000000000
               </part>
            </Fix>
         </Cons>
         <Part_acclamator_collab_p3_lod1>
            <Object_name name="Object name" type="text">acclamator_collab_p3_lod1</Object_name>
            <Index type="int">0</Index>
            <File_name name="File name" type="text">acclamator_collab_p3_lod1.3db</File_name>
         </Part_acclamator_collab_p3_lod1>
         <Part_acclamator_collab_p2_lod1>
            <Object_name name="Object name" type="text">acclamator_collab_p2_lod1</Object_name>
            <Index type="int">0</Index>
            <File_name name="File name" type="text">acclamator_collab_p2_lod1.3db</File_name>
         </Part_acclamator_collab_p2_lod1>
         <Part_acclamator_collab_p1_lod1>
            <Object_name name="Object name" type="text">acclamator_collab_p1_lod1</Object_name>
            <Index type="int">0</Index>
            <File_name name="File name" type="text">acclamator_collab_p1_lod1.3db</File_name>
         </Part_acclamator_collab_p1_lod1>
         <Part_acclamator_collab_p4_lod1>
            <Object_name name="Object name" type="text">acclamator_collab_p4_lod1</Object_name>
            <Index type="int">0</Index>
            <File_name name="File name" type="text">acclamator_collab_p4_lod1.3db</File_name>
         </Part_acclamator_collab_p4_lod1>
         <Root>
            <Object_name name="Object name" type="text">Root</Object_name>
            <Index type="int">0</Index>
            <File_name name="File name" type="text">acclamator_collab.3db</File_name>
         </Root>
      </Cmpnd>
      <acclamator_collab.3db>
         <VMeshPart>
            <VMeshRef type="VMeshRef">
               <!-- header size  --> 60,
               <!-- vmesh lib    --> 0x00000000,
               <!-- start vert   --> 0,
               <!-- num verts    --> 0,
               <!-- start index  --> 0,
               <!-- num indices  --> 0,
               <!-- start mesh   --> 0,
               <!-- num meshes   --> 0,
               <!-- bounding box --> 0, 0, 0,
                                     0, 0, 0,
               <!-- center       --> 0, 0, 0,
               <!-- radius       --> 0
            </VMeshRef>
         </VMeshPart>
         <Hardpoints>
            <Fixed>
               <HpMount>
                  <Orientation type="Matrix">
                       1.0000000000,   0.0000000000,   0.0000000000,
                       0.0000000000,   1.0000000000,   0.0000000000,
                       0.0000000000,   0.0000000000,   1.0000000000
                  </Orientation>
                  <Position type="Vector">0, -51.983997, -163.61279</Position>
               </HpMount>
               <HpBayDoor01>
                  <Orientation type="Matrix">
                       1.0000000000,   0.0000000000,   0.0000000000,
                       0.0000000000,   1.0000000000,   0.0000000000,
                       0.0000000000,   0.0000000000,   1.0000000000
                  </Orientation>
                  <Position type="Vector">0, 51.983997, 0</Position>
               </HpBayDoor01>
               <HpBayDoor02>
                  <Orientation type="Matrix">
                       1.0000000000,   0.0000000000,   0.0000000000,
                       0.0000000000,   1.0000000000,   0.0000000000,
                       0.0000000000,   0.0000000000,   1.0000000000
                  </Orientation>
                  <Position type="Vector">0, 54.72, 0</Position>
               </HpBayDoor02>
               <HpFX01>
                  <Orientation type="Matrix">
                       1.0000000000,   0.0000000000,   0.0000000000,
                       0.0000000000,   1.0000000000,   0.0000000000,
                       0.0000000000,   0.0000000000,   1.0000000000
                  </Orientation>
                  <Position type="Vector">0, 0, 0</Position>
               </HpFX01>
               <HpFX02>
                  <Orientation type="Matrix">
                      59.604645e-09,   0.9999998800,   0.0000000000,
                      -0.9999998800,  59.604645e-09,   0.0000000000,
                       0.0000000000,   0.0000000000,   1.0000000000
                  </Orientation>
                  <Position type="Vector">0, 0, 0</Position>
               </HpFX02>
               <HpFX03>
                  <Orientation type="Matrix">
                       1.0000000000,   0.0000000000,   0.0000000000,
                       0.0000000000,  59.604645e-09,   0.9999998800,
                       0.0000000000,  -0.9999998800,  59.604645e-09
                  </Orientation>
                  <Position type="Vector">0, 0, 0</Position>
               </HpFX03>
               <HpFX04>
                  <Orientation type="Matrix">
                       1.0000000000,   0.0000000000,   0.0000000000,
                       0.0000000000,   1.0000000000,   0.0000000000,
                       0.0000000000,   0.0000000000,   1.0000000000
                  </Orientation>
                  <Position type="Vector">0, 0, 0</Position>
               </HpFX04>
               <HpFX05>
                  <Orientation type="Matrix">
                       1.0000000000,   0.0000000000,   0.0000000000,
                       0.0000000000,   1.0000000000,   0.0000000000,
                       0.0000000000,   0.0000000000,   1.0000000000
                  </Orientation>
                  <Position type="Vector">0, 0, 0</Position>
               </HpFX05>
               <HpFX06>
                  <Orientation type="Matrix">
                       1.0000000000,   0.0000000000,   0.0000000000,
                       0.0000000000,   1.0000000000,   0.0000000000,
                       0.0000000000,   0.0000000000,   1.0000000000
                  </Orientation>
                  <Position type="Vector">0, 0, 0</Position>
               </HpFX06>
               <HpFX07>
                  <Orientation type="Matrix">
                       1.0000000000,   0.0000000000,   0.0000000000,
                       0.0000000000,   1.0000000000,   0.0000000000,
                       0.0000000000,   0.0000000000,   1.0000000000
                  </Orientation>
                  <Position type="Vector">0, 0, 0</Position>
               </HpFX07>
               <HpShield01>
                  <Orientation type="Matrix">
                       1.0000000000,   0.0000000000,   0.0000000000,
                       0.0000000000,   1.0000000000,   0.0000000000,
                       0.0000000000,   0.0000000000,   1.0000000000
                  </Orientation>
                  <Position type="Vector">0, 0, 0</Position>
               </HpShield01>
               <HpShield02>
                  <Orientation type="Matrix">
                       1.0000000000,   0.0000000000,   0.0000000000,
                       0.0000000000,   1.0000000000,   0.0000000000,
                       0.0000000000,   0.0000000000,   1.0000000000
                  </Orientation>
                  <Position type="Vector">0, 0, 0</Position>
               </HpShield02>
               <HpCloak01>
                  <Orientation type="Matrix">
                       1.0000000000,   0.0000000000,   0.0000000000,
                       0.0000000000,   1.0000000000,   0.0000000000,
                       0.0000000000,   0.0000000000,   1.0000000000
                  </Orientation>
                  <Position type="Vector">0, -5, 0</Position>
               </HpCloak01>
            </Fixed>
         </Hardpoints>
      </acclamator_collab.3db>
      <acclamator_collab_p3_lod1.3db>
         <VMeshPart>
            <VMeshRef type="VMeshRef">
               <!-- header size  --> 60,
               <!-- vmesh lib    --> acclamator_collab.lod0-112.vms,
               <!-- start vert   --> 0,
               <!-- num verts    --> 12021,
               <!-- start index  --> 0,
               <!-- num indices  --> 14664,
               <!-- start mesh   --> 0,
               <!-- num meshes   --> 1,
               <!-- bounding box -->  92.81134,      43.015224,   164.25046,
                                     -92.806854,    -35.794052,  -164.07022,
               <!-- center       -->   0.002243042,   3.6105862,    0.090118408,
               <!-- radius       --> 241.8757
            </VMeshRef>
         </VMeshPart>
      </acclamator_collab_p3_lod1.3db>
      <acclamator_collab_p2_lod1.3db>
         <VMeshPart>
            <VMeshRef type="VMeshRef">
               <!-- header size  --> 60,
               <!-- vmesh lib    --> acclamator_collab.lod0-112.vms,
               <!-- start vert   --> 12021,
               <!-- num verts    --> 45162,
               <!-- start index  --> 14664,
               <!-- num indices  --> 45162,
               <!-- start mesh   --> 1,
               <!-- num meshes   --> 1,
               <!-- bounding box -->  92.81134,      43.015224,   164.25046,
                                     -92.806854,    -35.794052,  -164.07022,
               <!-- center       -->   0.002243042,   3.6105862,    0.090118408,
               <!-- radius       --> 241.8757
            </VMeshRef>
         </VMeshPart>
         <Hardpoints>
            <Fixed>
               <HpTractor_Source>
                  <Orientation type="Matrix">
                      -1.0000000000,   0.0000000000,  87.422777e-09,
                       0.0000000000,   1.0000000000,  -0.0000000000,
                     -87.422777e-09,   0.0000000000,  -1.0000000000
                  </Orientation>
                  <Position type="Vector">-0.012379305, -4.9727869, 163.93283</Position>
               </HpTractor_Source>
               <HpEngine01>
                  <Orientation type="Matrix">
                      -1.0000000000,  87.422777e-09, -7.6427419e-15,
                      87.422777e-09,   1.0000000000, -87.422777e-09,
                       0.0000000000, -87.422777e-09,  -1.0000000000
                  </Orientation>
                  <Position type="Vector">31.687361, -17.310575, -85</Position>
               </HpEngine01>
               <HpEngine02>
                  <Orientation type="Matrix">
                      -1.0000000000,  87.422777e-09, -7.6427419e-15,
                      87.422777e-09,   1.0000000000, -87.422777e-09,
                       0.0000000000, -87.422777e-09,  -1.0000000000
                  </Orientation>
                  <Position type="Vector">-31.652393, -17.309584, -85</Position>
               </HpEngine02>
               <HpEngine03>
                  <Orientation type="Matrix">
                      -1.0000000000,  87.422777e-09, -7.6427419e-15,
                      87.422777e-09,   1.0000000000, -87.422777e-09,
                       0.0000000000, -87.422777e-09,  -1.0000000000
                  </Orientation>
                  <Position type="Vector">13.401695, -21.663544, -110</Position>
               </HpEngine03>
               <HpEngine04>
                  <Orientation type="Matrix">
                      -1.0000000000,  87.422777e-09, -7.6427419e-15,
                      87.422777e-09,   1.0000000000, -87.422777e-09,
                       0.0000000000, -87.422777e-09,  -1.0000000000
                  </Orientation>
                  <Position type="Vector">-13.580143, -21.629641, -110</Position>
               </HpEngine04>
               <HpRunningLight01>
                  <Orientation type="Matrix">
                      -1.0000000000,   0.0000000000,  87.422777e-09,
                       0.0000000000,   1.0000000000,  -0.0000000000,
                     -87.422777e-09,   0.0000000000,  -1.0000000000
                  </Orientation>
                  <Position type="Vector">92.392792, -1.0109776, -66.00061</Position>
               </HpRunningLight01>
               <HpDocklight01>
                  <Orientation type="Matrix">
                      -1.0000000000,   0.0000000000,  87.422777e-09,
                       0.0000000000,   1.0000000000,  -0.0000000000,
                     -87.422777e-09,   0.0000000000,  -1.0000000000
                  </Orientation>
                  <Position type="Vector">92.397102, -1.0117319, -65.9991</Position>
               </HpDocklight01>
               <HpRunningLight02>
                  <Orientation type="Matrix">
                      -1.0000000000,   0.0000000000,  87.422777e-09,
                       0.0000000000,   1.0000000000,  -0.0000000000,
                     -87.422777e-09,   0.0000000000,  -1.0000000000
                  </Orientation>
                  <Position type="Vector">-92.380104, -1.0095474, -65.997704</Position>
               </HpRunningLight02>
               <HpDocklight02>
                  <Orientation type="Matrix">
                      -1.0000000000,   0.0000000000,  87.422777e-09,
                       0.0000000000,   1.0000000000,  -0.0000000000,
                     -87.422777e-09,   0.0000000000,  -1.0000000000
                  </Orientation>
                  <Position type="Vector">-92.37764, -1.0091162, -65.992081</Position>
               </HpDocklight02>
            </Fixed>
            <Revolute>
               <HpTurret01>
                  <Axis type="Vector">0, 1, 0</Axis>
                  <Max type="float">3.1415927</Max>
                  <Min type="float">-3.1415927</Min>
                  <Orientation type="Matrix">
                       0.9848077300,   0.1736483000, -86.094630e-09,
                       0.1736483000,  -0.9848078500, -15.180817e-09,
                     -87.422777e-09,   0.0000000000,  -1.0000000000
                  </Orientation>
                  <Position type="Vector">81.137512, -13.285313, -40.040287</Position>
               </HpTurret01>
               <HpTurret02>
                  <Axis type="Vector">0, 1, 0</Axis>
                  <Max type="float">3.1415927</Max>
                  <Min type="float">-3.1415927</Min>
                  <Orientation type="Matrix">
                       0.9848077300,  -0.1736483000, -86.094630e-09,
                      -0.1736483000,  -0.9848078500,  15.180817e-09,
                     -87.422777e-09,   0.0000000000,  -1.0000000000
                  </Orientation>
                  <Position type="Vector">-81.008377, -13.314282, -39.958668</Position>
               </HpTurret02>
               <HpTurret03>
                  <Axis type="Vector">0, 1, 0</Axis>
                  <Max type="float">3.1415927</Max>
                  <Min type="float">-3.1415927</Min>
                  <Orientation type="Matrix">
                      -1.0000000000,   0.0000000000,  87.422777e-09,
                       0.0000000000,   1.0000000000,  -0.0000000000,
                     -87.422777e-09,   0.0000000000,  -1.0000000000
                  </Orientation>
                  <Position type="Vector">0.0072728358, 43.012951, -54.464764</Position>
               </HpTurret03>
               <HpTurret05>
                  <Axis type="Vector">0, 1, 0</Axis>
                  <Max type="float">1.5707964</Max>
                  <Min type="float">-1.5707964</Min>
                  <Orientation type="Matrix">
                     -47.031790e-09,   0.1736481600,  -0.9848076700,
                      14.901161e-09,   0.9848077300,   0.1736481600,
                       1.0000000000,   0.0000000000, -59.604645e-09
                  </Orientation>
                  <Position type="Vector">56.242447, 5.749033, -48.417313</Position>
               </HpTurret05>
               <HpTurret06>
                  <Axis type="Vector">0, 1, 0</Axis>
                  <Max type="float">1.5707964</Max>
                  <Min type="float">-1.5707964</Min>
                  <Orientation type="Matrix">
                     -47.031790e-09,  -0.1736481600,   0.9848076700,
                     -14.901161e-09,   0.9848077300,   0.1736481600,
                      -1.0000000000,   0.0000000000, -59.604645e-09
                  </Orientation>
                  <Position type="Vector">-56.181721, 5.759346, -48.408398</Position>
               </HpTurret06>
               <HpTurret09>
                  <Axis type="Vector">0, 1, 0</Axis>
                  <Max type="float">1.5707964</Max>
                  <Min type="float">-1.5707964</Min>
                  <Orientation type="Matrix">
                      138.30140e-09,   0.1564344500,  -0.9876881200,
                      14.901161e-09,   0.9876883000,   0.1564344500,
                       0.9999998200,   0.0000000000,  119.20929e-09
                  </Orientation>
                  <Position type="Vector">51.167713, 7.0803013, -22.168789</Position>
               </HpTurret09>
               <HpTurret10>
                  <Axis type="Vector">0, 1, 0</Axis>
                  <Max type="float">1.5707964</Max>
                  <Min type="float">-1.5707964</Min>
                  <Orientation type="Matrix">
                      138.30140e-09,  -0.1564344500,   0.9876881200,
                     -14.901161e-09,   0.9876883000,   0.1564344500,
                      -0.9999998200,   0.0000000000,  119.20929e-09
                  </Orientation>
                  <Position type="Vector">-51.199383, 7.0739784, -22.157637</Position>
               </HpTurret10>
               <HpTurret13>
                  <Axis type="Vector">0, 1, 0</Axis>
                  <Max type="float">1.6580628</Max>
                  <Min type="float">-1.6580628</Min>
                  <Orientation type="Matrix">
                      138.30140e-09,   0.1564344500,  -0.9876881200,
                      14.901161e-09,   0.9876883000,   0.1564344500,
                       0.9999998200,   0.0000000000,  119.20929e-09
                  </Orientation>
                  <Position type="Vector">80.557152, 1.9457905, -56.086594</Position>
               </HpTurret13>
               <HpTurret14>
                  <Axis type="Vector">0, 1, 0</Axis>
                  <Max type="float">1.6580628</Max>
                  <Min type="float">-1.6580628</Min>
                  <Orientation type="Matrix">
                      138.30140e-09,  -0.1564344500,   0.9876881200,
                     -14.901161e-09,   0.9876883000,   0.1564344500,
                      -0.9999998200,   0.0000000000,  119.20929e-09
                  </Orientation>
                  <Position type="Vector">-80.728447, 1.9150716, -55.928703</Position>
               </HpTurret14>
               <HpTurret17>
                  <Axis type="Vector">0, 1, 0</Axis>
                  <Max type="float">1.6580628</Max>
                  <Min type="float">-1.6580628</Min>
                  <Orientation type="Matrix">
                      138.30140e-09,   0.1564344500,  -0.9876881200,
                      14.901161e-09,   0.9876883000,   0.1564344500,
                       0.9999998200,   0.0000000000,  119.20929e-09
                  </Orientation>
                  <Position type="Vector">75.777267, 2.3355086, -33.852123</Position>
               </HpTurret17>
               <HpTurret18>
                  <Axis type="Vector">0, 1, 0</Axis>
                  <Max type="float">1.6580628</Max>
                  <Min type="float">-1.6580628</Min>
                  <Orientation type="Matrix">
                      138.30140e-09,  -0.1564344500,   0.9876881200,
                     -14.901161e-09,   0.9876883000,   0.1564344500,
                      -0.9999998200,   0.0000000000,  119.20929e-09
                  </Orientation>
                  <Position type="Vector">-75.784294, 2.3341687, -33.855339</Position>
               </HpTurret18>
               <HpTurret19>
                  <Axis type="Vector">0, 1, 0</Axis>
                  <Max type="float">3.1415927</Max>
                  <Min type="float">-3.1415927</Min>
                  <Orientation type="Matrix">
                       0.9848077300,   0.1729875200,   0.0151343610,
                       0.1736483000,  -0.9810604500,  -0.0858316720,
                     -86.612999e-09,   0.0871557440,  -0.9961949000
                  </Orientation>
                  <Position type="Vector">52.378685, -11.172964, 61.913506</Position>
               </HpTurret19>
               <HpTurret20>
                  <Axis type="Vector">0, 1, 0</Axis>
                  <Max type="float">3.1415927</Max>
                  <Min type="float">-3.1415927</Min>
                  <Orientation type="Matrix">
                       0.9848077300,  -0.1729875200,  -0.0151345330,
                      -0.1736483000,  -0.9810604500,  -0.0858316420,
                     -87.544322e-09,   0.0871557440,  -0.9961949000
                  </Orientation>
                  <Position type="Vector">-52.372997, -11.182241, 61.845474</Position>
               </HpTurret20>
               <HpTurret21>
                  <Axis type="Vector">0, 1, 0</Axis>
                  <Max type="float">1.5707964</Max>
                  <Min type="float">-1.5707964</Min>
                  <Orientation type="Matrix">
                      138.30140e-09,   0.1564344500,  -0.9876881200,
                      14.901161e-09,   0.9876883000,   0.1564344500,
                       0.9999998200,   0.0000000000,  119.20929e-09
                  </Orientation>
                  <Position type="Vector">27.436296, 13.407724, -58.187737</Position>
               </HpTurret21>
               <HpTurret22>
                  <Axis type="Vector">0, 1, 0</Axis>
                  <Max type="float">1.5707964</Max>
                  <Min type="float">-1.5707964</Min>
                  <Orientation type="Matrix">
                      138.30140e-09,  -0.1564344500,   0.9876881200,
                     -14.901161e-09,   0.9876883000,   0.1564344500,
                      -0.9999998200,   0.0000000000,  119.20929e-09
                  </Orientation>
                  <Position type="Vector">-27.510027, 13.395047, -58.062</Position>
               </HpTurret22>
               <HpTurret23>
                  <Axis type="Vector">0, 1, 0</Axis>
                  <Max type="float">0.78539819</Max>
                  <Min type="float">-3.1415927</Min>
                  <Orientation type="Matrix">
                      -0.0072837677,   0.1389823600,  -0.9902680500,
                      -0.0518266220,   0.9889109700,   0.1391730900,
                       0.9986295100,   0.0523359550,   0.0000000000
                  </Orientation>
                  <Position type="Vector">26.948366, 4.7069616, 55.340504</Position>
               </HpTurret23>
               <HpTurret24>
                  <Axis type="Vector">0, 1, 0</Axis>
                  <Max type="float">3.1415927</Max>
                  <Min type="float">-0.78539819</Min>
                  <Orientation type="Matrix">
                      -0.0072837677,  -0.1389823600,   0.9902680500,
                       0.0518266220,   0.9889109700,   0.1391730900,
                      -0.9986295100,   0.0523359550,   0.0000000000
                  </Orientation>
                  <Position type="Vector">-26.238768, 4.780767, 55.930588</Position>
               </HpTurret24>
               <HpTurret25>
                  <Axis type="Vector">0, 1, 0</Axis>
                  <Max type="float">0.78539819</Max>
                  <Min type="float">-0.78539819</Min>
                  <Orientation type="Matrix">
                      -0.0081870081,  -0.1562200600,  -0.9876881200,
                       0.0516915920,   0.9863347400,  -0.1564344600,
                       0.9986292700,  -0.0523359510,  119.20929e-09
                  </Orientation>
                  <Position type="Vector">71.673515, -11.153027, 22.533716</Position>
               </HpTurret25>
               <HpTurret26>
                  <Axis type="Vector">0, 1, 0</Axis>
                  <Max type="float">0.78539819</Max>
                  <Min type="float">-0.78539819</Min>
                  <Orientation type="Matrix">
                      -0.0081870081,   0.1562200600,   0.9876881200,
                      -0.0516915920,   0.9863347400,  -0.1564344600,
                      -0.9986292700,  -0.0523359510,  119.20929e-09
                  </Orientation>
                  <Position type="Vector">-71.609894, -11.153903, 22.652758</Position>
               </HpTurret26>
               <HpTurret27>
                  <Axis type="Vector">0, 1, 0</Axis>
                  <Max type="float">0.78539819</Max>
                  <Min type="float">-0.78539819</Min>
                  <Orientation type="Matrix">
                      -0.0081870081,  -0.1562200600,  -0.9876881200,
                       0.0516915920,   0.9863347400,  -0.1564344600,
                       0.9986292700,  -0.0523359510,  119.20929e-09
                  </Orientation>
                  <Position type="Vector">33.234234, -11.174786, 101.15663</Position>
               </HpTurret27>
               <HpTurret28>
                  <Axis type="Vector">0, 1, 0</Axis>
                  <Max type="float">0.78539819</Max>
                  <Min type="float">-0.78539819</Min>
                  <Orientation type="Matrix">
                      -0.0081870081,   0.1562200600,   0.9876881200,
                      -0.0516915920,   0.9863347400,  -0.1564344600,
                      -0.9986292700,  -0.0523359510,  119.20929e-09
                  </Orientation>
                  <Position type="Vector">-33.123066, -11.175384, 101.37009</Position>
               </HpTurret28>
            </Revolute>
         </Hardpoints>
      </acclamator_collab_p2_lod1.3db>
      <acclamator_collab_p1_lod1.3db>
         <VMeshPart>
            <VMeshRef type="VMeshRef">
               <!-- header size  --> 60,
               <!-- vmesh lib    --> acclamator_collab.lod0-112.vms,
               <!-- start vert   --> 57183,
               <!-- num verts    --> 4302,
               <!-- start index  --> 59826,
               <!-- num indices  --> 4302,
               <!-- start mesh   --> 2,
               <!-- num meshes   --> 1,
               <!-- bounding box -->  92.81134,      43.015224,   164.25046,
                                     -92.806854,    -35.794052,  -164.07022,
               <!-- center       -->   0.002243042,   3.6105862,    0.090118408,
               <!-- radius       --> 241.8757
            </VMeshRef>
         </VMeshPart>
         <Hardpoints>
            <Fixed>
               <HpCM01>
                  <Orientation type="Matrix">
                       1.0000000000, -66.969733e-09, -143.61704e-09,
                     -143.61704e-09,  -0.7660443800,  -0.6427875800,
                     -66.969733e-09,   0.6427875800,  -0.7660443800
                  </Orientation>
                  <Position type="Vector">-0.023999099, -30.013292, -131.16913</Position>
               </HpCM01>
            </Fixed>
            <Revolute>
               <HpTorpedo01>
                  <Axis type="Vector">0, 1, 0</Axis>
                  <Max type="float">0.78539819</Max>
                  <Min type="float">-0.78539819</Min>
                  <Orientation type="Matrix">
                       1.0000000000, -87.422777e-09, -87.422777e-09,
                     -87.422777e-09,  -1.0000000000,  7.6427419e-15,
                     -87.422777e-09,   0.0000000000,  -1.0000000000
                  </Orientation>
                  <Position type="Vector">0.014829667, -14.992391, 137.66058</Position>
               </HpTorpedo01>
               <HpTurret04>
                  <Axis type="Vector">0, 1, 0</Axis>
                  <Max type="float">3.1415927</Max>
                  <Min type="float">-3.1415927</Min>
                  <Orientation type="Matrix">
                       1.0000000000, -86.571987e-09, -99.589684e-09,
                     -99.589684e-09,  -0.9902682300,  -0.1391731100,
                     -86.571987e-09,   0.1391731100,  -0.9902682300
                  </Orientation>
                  <Position type="Vector">0.026662868, -25.076736, 73.400467</Position>
               </HpTurret04>
               <HpTurret07>
                  <Axis type="Vector">0, 1, 0</Axis>
                  <Max type="float">3.1415927</Max>
                  <Min type="float">-3.1415927</Min>
                  <Orientation type="Matrix">
                       0.9848077300,   0.1729875200,   0.0151343610,
                       0.1736483000,  -0.9810604500,  -0.0858316720,
                     -86.612999e-09,   0.0871557440,  -0.9961949000
                  </Orientation>
                  <Position type="Vector">57.46114, -15.777275, 6.8985767</Position>
               </HpTurret07>
               <HpTurret08>
                  <Axis type="Vector">0, 1, 0</Axis>
                  <Max type="float">3.1415927</Max>
                  <Min type="float">-3.1415927</Min>
                  <Orientation type="Matrix">
                       0.9848077300,  -0.1729875200,  -0.0151345330,
                      -0.1736483000,  -0.9810604500,  -0.0858316420,
                     -87.544322e-09,   0.0871557440,  -0.9961949000
                  </Orientation>
                  <Position type="Vector">-52.097855, -17.03138, 6.832314</Position>
               </HpTurret08>
               <HpTurret11>
                  <Axis type="Vector">0, 1, 0</Axis>
                  <Max type="float">3.1415927</Max>
                  <Min type="float">-3.1415927</Min>
                  <Orientation type="Matrix">
                       0.9902680500,   0.1391731800, -86.571987e-09,
                       0.1391731800,  -0.9902682300, -12.166906e-09,
                     -87.422777e-09,  444.08921e-18,  -1.0000000000
                  </Orientation>
                  <Position type="Vector">14.389194, -34.305672, -46.799141</Position>
               </HpTurret11>
               <HpTurret12>
                  <Axis type="Vector">0, 1, 0</Axis>
                  <Max type="float">3.1415927</Max>
                  <Min type="float">-3.1415927</Min>
                  <Orientation type="Matrix">
                       0.9902680500,  -0.1391731800, -86.571987e-09,
                      -0.1391731800,  -0.9902682300,  12.166906e-09,
                     -87.422777e-09, -444.08921e-18,  -1.0000000000
                  </Orientation>
                  <Position type="Vector">-14.386192, -34.305981, -46.810345</Position>
               </HpTurret12>
               <HpTurret15>
                  <Axis type="Vector">0, 1, 0</Axis>
                  <Max type="float">3.1415927</Max>
                  <Min type="float">-3.1415927</Min>
                  <Orientation type="Matrix">
                       0.9848077300,   0.1726970200,   0.0181511040,
                       0.1736482800,  -0.9794127900,  -0.1029404600,
                     -86.612999e-09,   0.1045284700,  -0.9945218600
                  </Orientation>
                  <Position type="Vector">12.776088, -23.212809, 56.049095</Position>
               </HpTurret15>
               <HpTurret16>
                  <Axis type="Vector">0, 1, 0</Axis>
                  <Max type="float">3.1415927</Max>
                  <Min type="float">-3.1415927</Min>
                  <Orientation type="Matrix">
                       0.9848077300,  -0.1726970200,  -0.0181512760,
                      -0.1736482800,  -0.9794127900,  -0.1029404300,
                     -87.544322e-09,   0.1045284700,  -0.9945218600
                  </Orientation>
                  <Position type="Vector">-12.725104, -23.223919, 56.053215</Position>
               </HpTurret16>
            </Revolute>
         </Hardpoints>
      </acclamator_collab_p1_lod1.3db>
      <acclamator_collab_p4_lod1.3db>
         <VMeshPart>
            <VMeshRef type="VMeshRef">
               <!-- header size  --> 60,
               <!-- vmesh lib    --> acclamator_collab_p4.lod0-112.vms,
               <!-- start vert   --> 0,
               <!-- num verts    --> 14608,
               <!-- start index  --> 0,
               <!-- num indices  --> 29088,
               <!-- start mesh   --> 0,
               <!-- num meshes   --> 1,
               <!-- bounding box -->  93.468063,     0,         135.81828,
                                     -93.415596,    -7.5017667, -69.336296,
               <!-- center       -->   0.026233673, -3.7508833,  33.240993,
               <!-- radius       --> 206.30363
            </VMeshRef>
         </VMeshPart>
      </acclamator_collab_p4_lod1.3db>
   </UTF_ROOT>
</UTFXML>
