<?xml version="1.0" encoding="ISO-8859-1"?>
<!-- XML generated by UTFXML Version 2.2 built 19-Aug-2010 -->
<UTFXML filename="Allegiance_v2.cmp" path="SHIPS\new\other\Starwars">
   <UTF_ROOT>
      <VMeshLibrary>
         <Allegiance_v2_root.lod0.vms include="Allegiance_v2_cmp\lod0.vms.xml"/>
         <Allegiance_v2_ss_med.lod0.vms include="Allegiance_v2_cmp\lod0.vms.xml"/>
      </VMeshLibrary>
      <Cmpnd>
         <Cons>
            <Fix type="Fix" count="9">
               <part>
                  <!-- parent      --> "Root",
                  <!-- child       --> "Allegiance_v2_Hull_Rear_lod1",
                  <!-- position    --> 0, 0, 0,
                  <!-- orientation -->   1.0000000000,   0.0000000000,   0.0000000000,
                                         0.0000000000,   1.0000000000,   0.0000000000,
                                         0.0000000000,   0.0000000000,   1.0000000000
               </part>
               <part>
                  <!-- parent      --> "Root",
                  <!-- child       --> "Allegiance_v2_Hull_Front_lod1",
                  <!-- position    --> 0, 0, 0,
                  <!-- orientation -->   1.0000000000,   0.0000000000,   0.0000000000,
                                         0.0000000000,   1.0000000000,   0.0000000000,
                                         0.0000000000,   0.0000000000,   1.0000000000
               </part>
               <part>
                  <!-- parent      --> "Root",
                  <!-- child       --> "Allegiance_v2_ss_large_lod1",
                  <!-- position    --> 0, 0, 0,
                  <!-- orientation -->   1.0000000000,   0.0000000000,   0.0000000000,
                                         0.0000000000,   1.0000000000,   0.0000000000,
                                         0.0000000000,   0.0000000000,   1.0000000000
               </part>
               <part>
                  <!-- parent      --> "Root",
                  <!-- child       --> "Allegiance_v2_plating_top_lod1",
                  <!-- position    --> 0, 0, 0,
                  <!-- orientation -->   1.0000000000,   0.0000000000,   0.0000000000,
                                         0.0000000000,   1.0000000000,   0.0000000000,
                                         0.0000000000,   0.0000000000,   1.0000000000
               </part>
               <part>
                  <!-- parent      --> "Root",
                  <!-- child       --> "Allegiance_v2_plating_bot_lod1",
                  <!-- position    --> 0, 0, 0,
                  <!-- orientation -->   1.0000000000,   0.0000000000,   0.0000000000,
                                         0.0000000000,   1.0000000000,   0.0000000000,
                                         0.0000000000,   0.0000000000,   1.0000000000
               </part>
               <part>
                  <!-- parent      --> "Root",
                  <!-- child       --> "Allegiance_v2_eng_lod1",
                  <!-- position    --> 0, 0, 0,
                  <!-- orientation -->   1.0000000000,   0.0000000000,   0.0000000000,
                                         0.0000000000,   1.0000000000,   0.0000000000,
                                         0.0000000000,   0.0000000000,   1.0000000000
               </part>
               <part>
                  <!-- parent      --> "Root",
                  <!-- child       --> "Allegiance_v2_ss_small_lod1",
                  <!-- position    --> 0, 0, 0,
                  <!-- orientation -->   1.0000000000,   0.0000000000,   0.0000000000,
                                         0.0000000000,   1.0000000000,   0.0000000000,
                                         0.0000000000,   0.0000000000,   1.0000000000
               </part>
               <part>
                  <!-- parent      --> "Root",
                  <!-- child       --> "Allegiance_v2_lights_lod1",
                  <!-- position    --> 0, 0, 0,
                  <!-- orientation -->   1.0000000000,   0.0000000000,   0.0000000000,
                                         0.0000000000,   1.0000000000,   0.0000000000,
                                         0.0000000000,   0.0000000000,   1.0000000000
               </part>
               <part>
                  <!-- parent      --> "Root",
                  <!-- child       --> "Part_Allegiance_v2_ss_med_lod1",
                  <!-- position    --> 0, 0, 0,
                  <!-- orientation -->   1.0000000000,   0.0000000000,   0.0000000000,
                                         0.0000000000,   1.0000000000,   0.0000000000,
                                         0.0000000000,   0.0000000000,   1.0000000000
               </part>
            </Fix>
         </Cons>
         <Root>
            <File_name name="File name" type="text">Allegiance_v2_root_lod1.3db</File_name>
            <Index type="int">0</Index>
            <Object_name name="Object name" type="text">Root</Object_name>
         </Root>
         <Part_Allegiance_v2_Hull_Rear_lod1>
            <File_name name="File name" type="text">Allegiance_v2_Hull_Rear_lod1.3db</File_name>
            <Index type="int">1</Index>
            <Object_name name="Object name" type="text">Allegiance_v2_Hull_Rear_lod1</Object_name>
         </Part_Allegiance_v2_Hull_Rear_lod1>
         <Part_Allegiance_v2_Hull_Front_lod1>
            <File_name name="File name" type="text">Allegiance_v2_Hull_Front_lod1.3db</File_name>
            <Index type="int">2</Index>
            <Object_name name="Object name" type="text">Allegiance_v2_Hull_Front_lod1</Object_name>
         </Part_Allegiance_v2_Hull_Front_lod1>
         <Part_Allegiance_v2_ss_large_lod1>
            <File_name name="File name" type="text">Allegiance_v2_ss_large_lod1.3db</File_name>
            <Index type="int">3</Index>
            <Object_name name="Object name" type="text">Allegiance_v2_ss_large_lod1</Object_name>
         </Part_Allegiance_v2_ss_large_lod1>
         <Part_Allegiance_v2_plating_top_lod1>
            <File_name name="File name" type="text">Allegiance_v2_plating_top_lod1.3db</File_name>
            <Index type="int">4</Index>
            <Object_name name="Object name" type="text">Allegiance_v2_plating_top_lod1</Object_name>
         </Part_Allegiance_v2_plating_top_lod1>
         <Part_Allegiance_v2_plating_bot_lod1>
            <File_name name="File name" type="text">Allegiance_v2_plating_bot_lod1.3db</File_name>
            <Index type="int">5</Index>
            <Object_name name="Object name" type="text">Allegiance_v2_plating_bot_lod1</Object_name>
         </Part_Allegiance_v2_plating_bot_lod1>
         <Part_Allegiance_v2_eng_lod1>
            <File_name name="File name" type="text">Allegiance_v2_eng_lod1.3db</File_name>
            <Index type="int">6</Index>
            <Object_name name="Object name" type="text">Allegiance_v2_eng_lod1</Object_name>
         </Part_Allegiance_v2_eng_lod1>
         <Part_Allegiance_v2_ss_small_lod1>
            <File_name name="File name" type="text">Allegiance_v2_ss_small_lod1.3db</File_name>
            <Index type="int">7</Index>
            <Object_name name="Object name" type="text">Allegiance_v2_ss_small_lod1</Object_name>
         </Part_Allegiance_v2_ss_small_lod1>
         <Part_Allegiance_v2_lights_lod1>
            <File_name name="File name" type="text">Allegiance_v2_lights_lod1.3db</File_name>
            <Index type="int">8</Index>
            <Object_name name="Object name" type="text">Allegiance_v2_lights_lod1</Object_name>
         </Part_Allegiance_v2_lights_lod1>
         <Part_Allegiance_v2_ss_med_lod1>
            <File_name name="File name" type="text">Allegiance_v2_ss_med_lod1.3db</File_name>
            <Index type="int">9</Index>
            <Object_name name="Object name" type="text">Part_Allegiance_v2_ss_med_lod1</Object_name>
         </Part_Allegiance_v2_ss_med_lod1>
      </Cmpnd>
      <Allegiance_v2_root_lod1.3db>
         <MultiLevel>
            <Level0>
               <VMeshPart>
                  <VMeshRef type="VMeshRef">
                     <!-- header size  --> 60,
                     <!-- vmesh lib    --> Allegiance_v2_root.lod0.vms,
                     <!-- start vert   --> 0,
                     <!-- num verts    --> 20,
                     <!-- start index  --> 0,
                     <!-- num indices  --> 36,
                     <!-- start mesh   --> 0,
                     <!-- num meshes   --> 1,
                     <!-- bounding box -->  132.84026,  65.43631,   203.75644,
                                           -132.84026, -40.557102, -228.6241,
                     <!-- center       -->    0,        12.439604,  -12.43383,
                     <!-- radius       --> 340.49005
                  </VMeshRef>
               </VMeshPart>
            </Level0>
         </MultiLevel>
         <Hardpoints>
            <Fixed>
               <HpMount>
                  <Orientation type="Matrix">
                       1.0000000000,   0.0000000000,   0.0000000000,
                       0.0000000000,   1.0000000000,   0.0000000000,
                       0.0000000000,   0.0000000000,   1.0000000000
                  </Orientation>
                  <Position type="Vector">0, -55, -155</Position>
               </HpMount>
               <HpBayDoor01>
                  <Orientation type="Matrix">
                       1.0000000000,   0.0000000000,   0.0000000000,
                       0.0000000000,   1.0000000000,   0.0000000000,
                       0.0000000000,   0.0000000000,   1.0000000000
                  </Orientation>
                  <Position type="Vector">0, -60, 0</Position>
               </HpBayDoor01>
               <HpBayDoor02>
                  <Orientation type="Matrix">
                       1.0000000000,   0.0000000000,   0.0000000000,
                       0.0000000000,   1.0000000000,   0.0000000000,
                       0.0000000000,   0.0000000000,   1.0000000000
                  </Orientation>
                  <Position type="Vector">0, -65, 0</Position>
               </HpBayDoor02>
               <HpCloak01>
                  <Orientation type="Matrix">
                       1.0000000000,   0.0000000000,   0.0000000000,
                       0.0000000000,   1.0000000000,   0.0000000000,
                       0.0000000000,   0.0000000000,   1.0000000000
                  </Orientation>
                  <Position type="Vector">0, 0, 0</Position>
               </HpCloak01>
               <HpFX01>
                  <Orientation type="Matrix">
                       1.0000000000,   0.0000000000,   0.0000000000,
                       0.0000000000,   1.0000000000,   0.0000000000,
                       0.0000000000,   0.0000000000,   1.0000000000
                  </Orientation>
                  <Position type="Vector">0, 0, 0</Position>
               </HpFX01>
               <HpFX02>
                  <Orientation type="Matrix">
                      59.604645e-09,   0.9999998800,   0.0000000000,
                      -0.9999998800,  59.604645e-09,   0.0000000000,
                       0.0000000000,   0.0000000000,   1.0000000000
                  </Orientation>
                  <Position type="Vector">0, 0, 0</Position>
               </HpFX02>
               <HpFX03>
                  <Orientation type="Matrix">
                       1.0000000000,   0.0000000000,   0.0000000000,
                       0.0000000000,  59.604645e-09,   0.9999998800,
                       0.0000000000,  -0.9999998800,  59.604645e-09
                  </Orientation>
                  <Position type="Vector">0, 0, 0</Position>
               </HpFX03>
               <HpFX04>
                  <Orientation type="Matrix">
                       1.0000000000,   0.0000000000,   0.0000000000,
                       0.0000000000,   1.0000000000,   0.0000000000,
                       0.0000000000,   0.0000000000,   1.0000000000
                  </Orientation>
                  <Position type="Vector">0, 0, 0</Position>
               </HpFX04>
               <HpFX05>
                  <Orientation type="Matrix">
                       1.0000000000,   0.0000000000,   0.0000000000,
                       0.0000000000,   1.0000000000,   0.0000000000,
                       0.0000000000,   0.0000000000,   1.0000000000
                  </Orientation>
                  <Position type="Vector">0, 0, 0</Position>
               </HpFX05>
               <HpFX06>
                  <Orientation type="Matrix">
                       1.0000000000,   0.0000000000,   0.0000000000,
                       0.0000000000,   1.0000000000,   0.0000000000,
                       0.0000000000,   0.0000000000,   1.0000000000
                  </Orientation>
                  <Position type="Vector">0, 0, 0</Position>
               </HpFX06>
               <HpFX07>
                  <Orientation type="Matrix">
                       1.0000000000,   0.0000000000,   0.0000000000,
                       0.0000000000,   1.0000000000,   0.0000000000,
                       0.0000000000,   0.0000000000,   1.0000000000
                  </Orientation>
                  <Position type="Vector">0, 0, 0</Position>
               </HpFX07>
               <HpShield01>
                  <Orientation type="Matrix">
                       1.0000000000,   0.0000000000,   0.0000000000,
                       0.0000000000,   1.0000000000,   0.0000000000,
                       0.0000000000,   0.0000000000,   1.0000000000
                  </Orientation>
                  <Position type="Vector">0, 0, 0</Position>
               </HpShield01>
               <HpShieldGenerator01>
                  <Orientation type="Matrix">
                       1.0000000000,   0.0000000000,   0.0000000000,
                       0.0000000000,   1.0000000000,   0.0000000000,
                       0.0000000000,   0.0000000000,   1.0000000000
                  </Orientation>
                  <Position type="Vector">0, 0, 0</Position>
               </HpShieldGenerator01>
               <HpShieldGenerator02>
                  <Orientation type="Matrix">
                       1.0000000000,   0.0000000000,   0.0000000000,
                       0.0000000000,   1.0000000000,   0.0000000000,
                       0.0000000000,   0.0000000000,   1.0000000000
                  </Orientation>
                  <Position type="Vector">0, 0, 0</Position>
               </HpShieldGenerator02>
               <HpShieldGenerator03>
                  <Orientation type="Matrix">
                       1.0000000000,   0.0000000000,   0.0000000000,
                       0.0000000000,   1.0000000000,   0.0000000000,
                       0.0000000000,   0.0000000000,   1.0000000000
                  </Orientation>
                  <Position type="Vector">0, 0, 0</Position>
               </HpShieldGenerator03>
               <HpShieldGenerator04>
                  <Orientation type="Matrix">
                       1.0000000000,   0.0000000000,   0.0000000000,
                       0.0000000000,   1.0000000000,   0.0000000000,
                       0.0000000000,   0.0000000000,   1.0000000000
                  </Orientation>
                  <Position type="Vector">0, 0, 0</Position>
               </HpShieldGenerator04>
               <HpShieldCapacity01>
                  <Orientation type="Matrix">
                       1.0000000000,   0.0000000000,   0.0000000000,
                       0.0000000000,   1.0000000000,   0.0000000000,
                       0.0000000000,   0.0000000000,   1.0000000000
                  </Orientation>
                  <Position type="Vector">0, 0, 0</Position>
               </HpShieldCapacity01>
               <HpShieldCapacity02>
                  <Orientation type="Matrix">
                       1.0000000000,   0.0000000000,   0.0000000000,
                       0.0000000000,   1.0000000000,   0.0000000000,
                       0.0000000000,   0.0000000000,   1.0000000000
                  </Orientation>
                  <Position type="Vector">0, 0, 0</Position>
               </HpShieldCapacity02>
               <HpShieldCapacity03>
                  <Orientation type="Matrix">
                       1.0000000000,   0.0000000000,   0.0000000000,
                       0.0000000000,   1.0000000000,   0.0000000000,
                       0.0000000000,   0.0000000000,   1.0000000000
                  </Orientation>
                  <Position type="Vector">0, 0, 0</Position>
               </HpShieldCapacity03>
            </Fixed>
         </Hardpoints>
      </Allegiance_v2_root_lod1.3db>
      <Allegiance_v2_Hull_Rear_lod1.3db>
         <MultiLevel>
            <Level0>
               <VMeshPart>
                  <VMeshRef type="VMeshRef">
                     <!-- header size  --> 60,
                     <!-- vmesh lib    --> Allegiance_v2_root.lod0.vms,
                     <!-- start vert   --> 20,
                     <!-- num verts    --> 737,
                     <!-- start index  --> 36,
                     <!-- num indices  --> 738,
                     <!-- start mesh   --> 1,
                     <!-- num meshes   --> 1,
                     <!-- bounding box -->  132.84026,  65.43631,   203.75644,
                                           -132.84026, -40.557102, -228.6241,
                     <!-- center       -->    0,        12.439604,  -12.43383,
                     <!-- radius       --> 340.49005
                  </VMeshRef>
               </VMeshPart>
            </Level0>
         </MultiLevel>
         <Hardpoints>
            <Fixed>
               <HpCM01>
                  <Orientation type="Matrix">
                      -1.0000000000, -71.612547e-09, -50.143644e-09,
                      87.422777e-09,  -0.8191520000,  -0.5735763900,
                       0.0000000000,  -0.5735763900,   0.8191520600
                  </Orientation>
                  <Position type="Vector">0, -35.506348, 201.85045</Position>
               </HpCM01>
               <HpMine01>
                  <Orientation type="Matrix">
                       1.0000000000,   0.0000000000,   0.0000000000,
                       0.0000000000,   1.0000000000,   0.0000000000,
                       0.0000000000,   0.0000000000,   1.0000000000
                  </Orientation>
                  <Position type="Vector">0, 31.27346, 199.87383</Position>
               </HpMine01>
            </Fixed>
         </Hardpoints>
      </Allegiance_v2_Hull_Rear_lod1.3db>
      <Allegiance_v2_Hull_Front_lod1.3db>
         <MultiLevel>
            <Level0>
               <VMeshPart>
                  <VMeshRef type="VMeshRef">
                     <!-- header size  --> 60,
                     <!-- vmesh lib    --> Allegiance_v2_root.lod0.vms,
                     <!-- start vert   --> 757,
                     <!-- num verts    --> 2437,
                     <!-- start index  --> 774,
                     <!-- num indices  --> 3000,
                     <!-- start mesh   --> 2,
                     <!-- num meshes   --> 1,
                     <!-- bounding box -->  132.84026,  65.43631,   203.75644,
                                           -132.84026, -40.557102, -228.6241,
                     <!-- center       -->    0,        12.439604,  -12.43383,
                     <!-- radius       --> 340.49005
                  </VMeshRef>
               </VMeshPart>
            </Level0>
         </MultiLevel>
         <Hardpoints>
            <Revolute>
               <HpTorpedo01>
                  <Axis type="Vector">0, 1, 0</Axis>
                  <Max type="float">0.78539819</Max>
                  <Min type="float">-0.78539819</Min>
                  <Orientation type="Matrix">
                      -1.0000000000, -87.422777e-09,   0.0000000000,
                      87.422777e-09,  -1.0000000000,  -0.0000000000,
                       0.0000000000,   0.0000000000,   1.0000000000
                  </Orientation>
                  <Position type="Vector">0, -6.8236089, -221.99361</Position>
               </HpTorpedo01>
               <HpLTurret09>
                  <Axis type="Vector">0, 1, 0</Axis>
                  <Max type="float">3.1415927</Max>
                  <Min type="float">-3.1415927</Min>
                  <Orientation type="Matrix">
                      -1.0000000000, -87.209820e-09, -6.0983045e-09,
                      87.422784e-09,  -0.9975640800,  -0.0697564710,
                       0.0000000000,  -0.0697564710,   0.9975640800
                  </Orientation>
                  <Position type="Vector">0, -14.550443, -107.79035</Position>
               </HpLTurret09>
            </Revolute>
         </Hardpoints>
      </Allegiance_v2_Hull_Front_lod1.3db>
      <Allegiance_v2_ss_large_lod1.3db>
         <MultiLevel>
            <Level0>
               <VMeshPart>
                  <VMeshRef type="VMeshRef">
                     <!-- header size  --> 60,
                     <!-- vmesh lib    --> Allegiance_v2_root.lod0.vms,
                     <!-- start vert   --> 3194,
                     <!-- num verts    --> 1978,
                     <!-- start index  --> 3774,
                     <!-- num indices  --> 2304,
                     <!-- start mesh   --> 3,
                     <!-- num meshes   --> 1,
                     <!-- bounding box -->  132.84026,  65.43631,   203.75644,
                                           -132.84026, -40.557102, -228.6241,
                     <!-- center       -->    0,        12.439604,  -12.43383,
                     <!-- radius       --> 340.49005
                  </VMeshRef>
               </VMeshPart>
            </Level0>
         </MultiLevel>
      </Allegiance_v2_ss_large_lod1.3db>
      <Allegiance_v2_plating_top_lod1.3db>
         <MultiLevel>
            <Level0>
               <VMeshPart>
                  <VMeshRef type="VMeshRef">
                     <!-- header size  --> 60,
                     <!-- vmesh lib    --> Allegiance_v2_root.lod0.vms,
                     <!-- start vert   --> 5172,
                     <!-- num verts    --> 1983,
                     <!-- start index  --> 6078,
                     <!-- num indices  --> 2514,
                     <!-- start mesh   --> 4,
                     <!-- num meshes   --> 1,
                     <!-- bounding box -->  132.84026,  65.43631,   203.75644,
                                           -132.84026, -40.557102, -228.6241,
                     <!-- center       -->    0,        12.439604,  -12.43383,
                     <!-- radius       --> 340.49005
                  </VMeshRef>
               </VMeshPart>
            </Level0>
         </MultiLevel>
         <Hardpoints>
            <Fixed>
               <HpTractor_Source>
                  <Orientation type="Matrix">
                       1.0000000000,   0.0000000000,   0.0000000000,
                       0.0000000000,   1.0000000000,   0.0000000000,
                       0.0000000000,   0.0000000000,   1.0000000000
                  </Orientation>
                  <Position type="Vector">0.014018, -6.0915179, -227.23051</Position>
               </HpTractor_Source>
            </Fixed>
            <Revolute>
               <HpSTurret13>
                  <Axis type="Vector">0, 1, 0</Axis>
                  <Max type="float">1.7278759</Max>
                  <Min type="float">-1.7278759</Min>
                  <Orientation type="Matrix">
                       1.0000000000,   0.0000000000,   0.0000000000,
                       0.0000000000,   0.9975640800,   0.0697564710,
                       0.0000000000,  -0.0697564710,   0.9975640800
                  </Orientation>
                  <Position type="Vector">0, 13.772559, -90.751678</Position>
               </HpSTurret13>
            </Revolute>
         </Hardpoints>
      </Allegiance_v2_plating_top_lod1.3db>
      <Allegiance_v2_plating_bot_lod1.3db>
         <MultiLevel>
            <Level0>
               <VMeshPart>
                  <VMeshRef type="VMeshRef">
                     <!-- header size  --> 60,
                     <!-- vmesh lib    --> Allegiance_v2_root.lod0.vms,
                     <!-- start vert   --> 7155,
                     <!-- num verts    --> 2181,
                     <!-- start index  --> 8592,
                     <!-- num indices  --> 4566,
                     <!-- start mesh   --> 5,
                     <!-- num meshes   --> 1,
                     <!-- bounding box -->  132.84026,  65.43631,   203.75644,
                                           -132.84026, -40.557102, -228.6241,
                     <!-- center       -->    0,        12.439604,  -12.43383,
                     <!-- radius       --> 340.49005
                  </VMeshRef>
               </VMeshPart>
            </Level0>
         </MultiLevel>
         <Hardpoints>
            <Revolute>
               <HpLTurret07>
                  <Axis type="Vector">0, 1, 0</Axis>
                  <Max type="float">3.1415927</Max>
                  <Min type="float">-3.1415927</Min>
                  <Orientation type="Matrix">
                      -1.0000000000, -87.302965e-09, -4.5753548e-09,
                      87.422777e-09,  -0.9986295700,  -0.0523359590,
                       0.0000000000,  -0.0523359590,   0.9986295100
                  </Orientation>
                  <Position type="Vector">0.001674, -40.119267, 72.182449</Position>
               </HpLTurret07>
               <HpSTurret07>
                  <Axis type="Vector">0, 1, 0</Axis>
                  <Max type="float">3.1415927</Max>
                  <Min type="float">-3.1415927</Min>
                  <Orientation type="Matrix">
                      -1.0000000000, -87.209820e-09, -6.0983045e-09,
                      87.422784e-09,  -0.9975640800,  -0.0697564710,
                       0.0000000000,  -0.0697564710,   0.9975640800
                  </Orientation>
                  <Position type="Vector">0, -20.486151, -62.006966</Position>
               </HpSTurret07>
               <HpSTurret09>
                  <Axis type="Vector">0, 1, 0</Axis>
                  <Max type="float">3.1415927</Max>
                  <Min type="float">-3.1415927</Min>
                  <Orientation type="Matrix">
                      -0.9816270500,  -0.1905475100,  -0.0099861724,
                       0.1908090000,  -0.9802817700,  -0.0513744020,
                       0.0000000000,  -0.0523359590,   0.9986295700
                  </Orientation>
                  <Position type="Vector">-86.947983, -12.391412, 121.79626</Position>
               </HpSTurret09>
               <HpSTurret10>
                  <Axis type="Vector">0, 1, 0</Axis>
                  <Max type="float">3.1415927</Max>
                  <Min type="float">-3.1415927</Min>
                  <Orientation type="Matrix">
                      -0.9816270500,   0.1905475100,   0.0099861724,
                      -0.1908090000,  -0.9802817700,  -0.0513744020,
                       0.0000000000,  -0.0523359590,   0.9986295700
                  </Orientation>
                  <Position type="Vector">87.167526, -12.333843, 121.63368</Position>
               </HpSTurret10>
               <HpLTurret11>
                  <Axis type="Vector">0, 1, 0</Axis>
                  <Max type="float">3.1415927</Max>
                  <Min type="float">-3.1415927</Min>
                  <Orientation type="Matrix">
                      -0.9816270500,  -0.1905475100,  -0.0099861724,
                       0.1908090000,  -0.9802817700,  -0.0513744020,
                       0.0000000000,  -0.0523359590,   0.9986295700
                  </Orientation>
                  <Position type="Vector">-66.672745, -16.566263, 119.83095</Position>
               </HpLTurret11>
               <HpLTurret12>
                  <Axis type="Vector">0, 1, 0</Axis>
                  <Max type="float">3.1415927</Max>
                  <Min type="float">-3.1415927</Min>
                  <Orientation type="Matrix">
                      -0.9816270500,   0.1905475100,   0.0099861724,
                      -0.1908090000,  -0.9802817700,  -0.0513744020,
                       0.0000000000,  -0.0523359590,   0.9986295700
                  </Orientation>
                  <Position type="Vector">66.951347, -16.518496, 120.00013</Position>
               </HpLTurret12>
               <HpSTurret11>
                  <Axis type="Vector">0, 1, 0</Axis>
                  <Max type="float">0.78539819</Max>
                  <Min type="float">-0.78539819</Min>
                  <Orientation type="Matrix">
                      -0.0145030020,  -0.2074051400,   0.9781475700,
                      -0.0682321340,  -0.9757648100,  -0.2079116000,
                       0.9975640200,  -0.0697564630, -74.505806e-09
                  </Orientation>
                  <Position type="Vector">-43.268188, -10.601928, -47.795811</Position>
               </HpSTurret11>
               <HpSTurret12>
                  <Axis type="Vector">0, 1, 0</Axis>
                  <Max type="float">0.78539819</Max>
                  <Min type="float">-0.78539819</Min>
                  <Orientation type="Matrix">
                      -0.0145030020,   0.2074051400,  -0.9781475700,
                       0.0682321340,  -0.9757648100,  -0.2079116000,
                      -0.9975640200,  -0.0697564630, -74.505806e-09
                  </Orientation>
                  <Position type="Vector">43.326073, -10.589855, -47.794804</Position>
               </HpSTurret12>
               <HpLTurret13>
                  <Axis type="Vector">0, 1, 0</Axis>
                  <Max type="float">3.1415927</Max>
                  <Min type="float">-3.1415927</Min>
                  <Orientation type="Matrix">
                      -1.0000000000, -87.302965e-09, -4.5753548e-09,
                      87.422777e-09,  -0.9986295700,  -0.0523359590,
                       0.0000000000,  -0.0523359590,   0.9986295100
                  </Orientation>
                  <Position type="Vector">0, -22.712002, -4.080236</Position>
               </HpLTurret13>
            </Revolute>
         </Hardpoints>
      </Allegiance_v2_plating_bot_lod1.3db>
      <Allegiance_v2_eng_lod1.3db>
         <MultiLevel>
            <Level0>
               <VMeshPart>
                  <VMeshRef type="VMeshRef">
                     <!-- header size  --> 60,
                     <!-- vmesh lib    --> Allegiance_v2_root.lod0.vms,
                     <!-- start vert   --> 9336,
                     <!-- num verts    --> 9948,
                     <!-- start index  --> 13158,
                     <!-- num indices  --> 20244,
                     <!-- start mesh   --> 6,
                     <!-- num meshes   --> 1,
                     <!-- bounding box -->  132.84026,  65.43631,   203.75644,
                                           -132.84026, -40.557102, -228.6241,
                     <!-- center       -->    0,        12.439604,  -12.43383,
                     <!-- radius       --> 340.49005
                  </VMeshRef>
               </VMeshPart>
            </Level0>
         </MultiLevel>
         <Hardpoints>
            <Fixed>
               <HpEngine01>
                  <Orientation type="Matrix">
                       1.0000000000,   0.0000000000,   0.0000000000,
                       0.0000000000,   1.0000000000,   0.0000000000,
                       0.0000000000,   0.0000000000,   1.0000000000
                  </Orientation>
                  <Position type="Vector">0, -2.0467329, 178.13066</Position>
               </HpEngine01>
               <HpEngine02>
                  <Orientation type="Matrix">
                       1.0000000000,   0.0000000000,   0.0000000000,
                       0.0000000000,   1.0000000000,   0.0000000000,
                       0.0000000000,   0.0000000000,   1.0000000000
                  </Orientation>
                  <Position type="Vector">-71.707413, -2.030756, 178.1321</Position>
               </HpEngine02>
               <HpEngine03>
                  <Orientation type="Matrix">
                       1.0000000000,   0.0000000000,   0.0000000000,
                       0.0000000000,   1.0000000000,   0.0000000000,
                       0.0000000000,   0.0000000000,   1.0000000000
                  </Orientation>
                  <Position type="Vector">71.713707, -2.038146, 178.13092</Position>
               </HpEngine03>
               <HpEngFx01>
                  <Orientation type="Matrix">
                       1.0000000000,   0.0000000000,   0.0000000000,
                       0.0000000000,   1.0000000000,   0.0000000000,
                       0.0000000000,   0.0000000000,   1.0000000000
                  </Orientation>
                  <Position type="Vector">-36.812965, 9.8756475, 186.14372</Position>
               </HpEngFx01>
               <HpEngFx02>
                  <Orientation type="Matrix">
                       1.0000000000,   0.0000000000,   0.0000000000,
                       0.0000000000,   1.0000000000,   0.0000000000,
                       0.0000000000,   0.0000000000,   1.0000000000
                  </Orientation>
                  <Position type="Vector">37.105576, 9.7026405, 186.14372</Position>
               </HpEngFx02>
               <HpEngFx03>
                  <Orientation type="Matrix">
                       1.0000000000,   0.0000000000,   0.0000000000,
                       0.0000000000,   1.0000000000,   0.0000000000,
                       0.0000000000,   0.0000000000,   1.0000000000
                  </Orientation>
                  <Position type="Vector">-36.79686, -14.185545, 186.14372</Position>
               </HpEngFx03>
               <HpEngFx04>
                  <Orientation type="Matrix">
                       1.0000000000,   0.0000000000,   0.0000000000,
                       0.0000000000,   1.0000000000,   0.0000000000,
                       0.0000000000,   0.0000000000,   1.0000000000
                  </Orientation>
                  <Position type="Vector">37.145172, -14.16684, 186.14372</Position>
               </HpEngFx04>
            </Fixed>
            <Revolute>
               <HpLTurret01>
                  <Axis type="Vector">0, 1, 0</Axis>
                  <Max type="float">1.5707964</Max>
                  <Min type="float">-1.5707964</Min>
                  <Orientation type="Matrix">
                       0.0108812660,  -0.2076267500,   0.9781475100,
                      -0.0511922990,   0.9768070600,   0.2079116900,
                      -0.9986294500,  -0.0523359630,   0.0000000000
                  </Orientation>
                  <Position type="Vector">-74.757942, 8.9199772, 73.469757</Position>
               </HpLTurret01>
               <HpLTurret02>
                  <Axis type="Vector">0, 1, 0</Axis>
                  <Max type="float">1.5707964</Max>
                  <Min type="float">-1.5707964</Min>
                  <Orientation type="Matrix">
                       0.0108812660,   0.2076267500,  -0.9781475100,
                       0.0511922990,   0.9768070600,   0.2079116900,
                       0.9986294500,  -0.0523359630,   0.0000000000
                  </Orientation>
                  <Position type="Vector">74.546135, 8.9590015, 73.3965</Position>
               </HpLTurret02>
               <HpSTurret01>
                  <Axis type="Vector">0, 1, 0</Axis>
                  <Max type="float">1.5707964</Max>
                  <Min type="float">-1.5707964</Min>
                  <Orientation type="Matrix">
                       0.0108812660,  -0.2076267500,   0.9781475100,
                      -0.0511922990,   0.9768070600,   0.2079116900,
                      -0.9986294500,  -0.0523359630,   0.0000000000
                  </Orientation>
                  <Position type="Vector">-80.283524, 8.4971256, 84.433548</Position>
               </HpSTurret01>
               <HpSTurret02>
                  <Axis type="Vector">0, 1, 0</Axis>
                  <Max type="float">1.5707964</Max>
                  <Min type="float">-1.5707964</Min>
                  <Orientation type="Matrix">
                       0.0108812660,   0.2076267500,  -0.9781475100,
                       0.0511922990,   0.9768070600,   0.2079116900,
                       0.9986294500,  -0.0523359630,   0.0000000000
                  </Orientation>
                  <Position type="Vector">80.429016, 8.4576263, 84.291618</Position>
               </HpSTurret02>
               <HpLTurret03>
                  <Axis type="Vector">0, 1, 0</Axis>
                  <Max type="float">1.5707964</Max>
                  <Min type="float">-1.5707964</Min>
                  <Orientation type="Matrix">
                       0.0108812660,  -0.2076267500,   0.9781475100,
                      -0.0511922990,   0.9768070600,   0.2079116900,
                      -0.9986294500,  -0.0523359630,   0.0000000000
                  </Orientation>
                  <Position type="Vector">-86.30397, 8.2920141, 100.26279</Position>
               </HpLTurret03>
               <HpLTurret04>
                  <Axis type="Vector">0, 1, 0</Axis>
                  <Max type="float">1.5707964</Max>
                  <Min type="float">-1.5707964</Min>
                  <Orientation type="Matrix">
                       0.0108812660,   0.2076267500,  -0.9781475100,
                       0.0511922990,   0.9768070600,   0.2079116900,
                       0.9986294500,  -0.0523359630,   0.0000000000
                  </Orientation>
                  <Position type="Vector">86.349258, 8.2708015, 100.0834</Position>
               </HpLTurret04>
               <HpSTurret03>
                  <Axis type="Vector">0, 1, 0</Axis>
                  <Max type="float">1.5707964</Max>
                  <Min type="float">-1.5707964</Min>
                  <Orientation type="Matrix">
                       0.0108812660,  -0.2076267500,   0.9781475100,
                      -0.0511922990,   0.9768070600,   0.2079116900,
                      -0.9986294500,  -0.0523359630,   0.0000000000
                  </Orientation>
                  <Position type="Vector">-92.279007, 7.780582, 111.29522</Position>
               </HpSTurret03>
               <HpSTurret04>
                  <Axis type="Vector">0, 1, 0</Axis>
                  <Max type="float">1.5707964</Max>
                  <Min type="float">-1.5707964</Min>
                  <Orientation type="Matrix">
                       0.0108812660,   0.2076267500,  -0.9781475100,
                       0.0511922990,   0.9768070600,   0.2079116900,
                       0.9986294500,  -0.0523359630,   0.0000000000
                  </Orientation>
                  <Position type="Vector">92.182053, 7.7825851, 111.02099</Position>
               </HpSTurret04>
               <HpLTurret05>
                  <Axis type="Vector">0, 1, 0</Axis>
                  <Max type="float">1.5707964</Max>
                  <Min type="float">-1.5707964</Min>
                  <Orientation type="Matrix">
                       0.0108812660,  -0.2076267500,   0.9781475100,
                      -0.0511922990,   0.9768070600,   0.2079116900,
                      -0.9986294500,  -0.0523359630,   0.0000000000
                  </Orientation>
                  <Position type="Vector">-98.072838, 7.6186061, 127.06664</Position>
               </HpLTurret05>
               <HpLTurret06>
                  <Axis type="Vector">0, 1, 0</Axis>
                  <Max type="float">1.5707964</Max>
                  <Min type="float">-1.5707964</Min>
                  <Orientation type="Matrix">
                       0.0108812660,   0.2076267500,  -0.9781475100,
