<?xml version="1.0" encoding="ISO-8859-1"?>
<!-- XML generated by UTFXML Version 2.2 built 19-Aug-2010 -->
<UTFXML filename="Centurion_v4.cmp" path="SHIPS\new\other\Starwars">
   <UTF_ROOT>
      <VMeshLibrary>
         <Centurion_v4_root.lod0.vms include="Centurion_v4_cmp\lod0.vms.xml"/>
         <Centurion_v4_p3.lod0.vms include="Centurion_v4_cmp\lod0.vms.xml"/>
      </VMeshLibrary>
      <Cmpnd>
         <Cons>
            <Fix type="Fix" count="3">
               <part>
                  <!-- parent      --> "Root",
                  <!-- child       --> "Centurion_v1_p1_lod1",
                  <!-- position    --> 0, 0, 0,
                  <!-- orientation -->   1.0000000000,   0.0000000000,   0.0000000000,
                                         0.0000000000,   1.0000000000,   0.0000000000,
                                         0.0000000000,   0.0000000000,   1.0000000000
               </part>
               <part>
                  <!-- parent      --> "Root",
                  <!-- child       --> "Centurion_v1_p2_lod1",
                  <!-- position    --> 0, 0, 0,
                  <!-- orientation -->   1.0000000000,   0.0000000000,   0.0000000000,
                                         0.0000000000,   1.0000000000,   0.0000000000,
                                         0.0000000000,   0.0000000000,   1.0000000000
               </part>
               <part>
                  <!-- parent      --> "Root",
                  <!-- child       --> "Centurion_v1_p3_lod1",
                  <!-- position    --> 0, 0, 0,
                  <!-- orientation -->   1.0000000000,   0.0000000000,   0.0000000000,
                                         0.0000000000,   1.0000000000,   0.0000000000,
                                         0.0000000000,   0.0000000000,   1.0000000000
               </part>
            </Fix>
         </Cons>
         <Root>
            <File_name name="File name" type="text">Centurion_v1_root_lod1.3db</File_name>
            <Index type="int">0</Index>
            <Object_name name="Object name" type="text">Root</Object_name>
         </Root>
         <Part_Centurion_v1_p1_lod1>
            <File_name name="File name" type="text">Centurion_v1_p1_lod1.3db</File_name>
            <Index type="int">1</Index>
            <Object_name name="Object name" type="text">Centurion_v1_p1_lod1</Object_name>
         </Part_Centurion_v1_p1_lod1>
         <Part_Centurion_v1_p2_lod1>
            <File_name name="File name" type="text">Centurion_v1_p2_lod1.3db</File_name>
            <Index type="int">2</Index>
            <Object_name name="Object name" type="text">Centurion_v1_p2_lod1</Object_name>
         </Part_Centurion_v1_p2_lod1>
         <Part_Centurion_v1_p3_lod1>
            <File_name name="File name" type="text">Centurion_v1_p3_lod1.3db</File_name>
            <Index type="int">3</Index>
            <Object_name name="Object name" type="text">Centurion_v1_p3_lod1</Object_name>
         </Part_Centurion_v1_p3_lod1>
      </Cmpnd>
      <Centurion_v1_root_lod1.3db>
         <MultiLevel>
            <Level0>
               <VMeshPart>
                  <VMeshRef type="VMeshRef">
                     <!-- header size  --> 60,
                     <!-- vmesh lib    --> Centurion_v4_root.lod0.vms,
                     <!-- start vert   --> 0,
                     <!-- num verts    --> 20,
                     <!-- start index  --> 0,
                     <!-- num indices  --> 36,
                     <!-- start mesh   --> 0,
                     <!-- num meshes   --> 1,
                     <!-- bounding box -->  120.29467,       87.622101,  227.18228,
                                           -120.29247,      -63.320103, -194.76076,
                     <!-- center       -->    0.0011024475,  12.150999,   16.210762,
                     <!-- radius       --> 339.48544
                  </VMeshRef>
               </VMeshPart>
            </Level0>
         </MultiLevel>
         <Hardpoints>
            <Fixed>
               <HpMount>
                  <Orientation type="Matrix">
                       1.0000000000,   0.0000000000,   0.0000000000,
                       0.0000000000,   1.0000000000,   0.0000000000,
                       0.0000000000,   0.0000000000,   1.0000000000
                  </Orientation>
                  <Position type="Vector">0, -61.182003, -142.758</Position>
               </HpMount>
               <HpBayDoor01>
                  <Orientation type="Matrix">
                       1.0000000000,   0.0000000000,   0.0000000000,
                       0.0000000000,   1.0000000000,   0.0000000000,
                       0.0000000000,   0.0000000000,   1.0000000000
                  </Orientation>
                  <Position type="Vector">0, -69.3396, 0</Position>
               </HpBayDoor01>
               <HpBayDoor02>
                  <Orientation type="Matrix">
                       1.0000000000,   0.0000000000,   0.0000000000,
                       0.0000000000,   1.0000000000,   0.0000000000,
                       0.0000000000,   0.0000000000,   1.0000000000
                  </Orientation>
                  <Position type="Vector">0, -89.733604, 0</Position>
               </HpBayDoor02>
               <HpFX01>
                  <Orientation type="Matrix">
                       1.0000000000,   0.0000000000,   0.0000000000,
                       0.0000000000,   1.0000000000,   0.0000000000,
                       0.0000000000,   0.0000000000,   1.0000000000
                  </Orientation>
                  <Position type="Vector">0, 0, 0</Position>
               </HpFX01>
               <HpCloak01>
                  <Orientation type="Matrix">
                       1.0000000000,   0.0000000000,   0.0000000000,
                       0.0000000000,   1.0000000000,   0.0000000000,
                       0.0000000000,   0.0000000000,   1.0000000000
                  </Orientation>
                  <Position type="Vector">0, 0, 0</Position>
               </HpCloak01>
               <HpFX02>
                  <Orientation type="Matrix">
                      59.604645e-09,   0.9999998800,   0.0000000000,
                      -0.9999998800,  59.604645e-09,   0.0000000000,
                       0.0000000000,   0.0000000000,   1.0000000000
                  </Orientation>
                  <Position type="Vector">0, 0, 0</Position>
               </HpFX02>
               <HpFX03>
                  <Orientation type="Matrix">
                       1.0000000000,   0.0000000000,   0.0000000000,
                       0.0000000000,  59.604645e-09,   0.9999998800,
                       0.0000000000,  -0.9999998800,  59.604645e-09
                  </Orientation>
                  <Position type="Vector">0, 0, 0</Position>
               </HpFX03>
               <HpFX04>
                  <Orientation type="Matrix">
                       1.0000000000,   0.0000000000,   0.0000000000,
                       0.0000000000,   1.0000000000,   0.0000000000,
                       0.0000000000,   0.0000000000,   1.0000000000
                  </Orientation>
                  <Position type="Vector">0, 0, 0</Position>
               </HpFX04>
               <HpFX05>
                  <Orientation type="Matrix">
                       1.0000000000,   0.0000000000,   0.0000000000,
                       0.0000000000,   1.0000000000,   0.0000000000,
                       0.0000000000,   0.0000000000,   1.0000000000
                  </Orientation>
                  <Position type="Vector">0, 0, 0</Position>
               </HpFX05>
               <HpFX06>
                  <Orientation type="Matrix">
                       1.0000000000,   0.0000000000,   0.0000000000,
                       0.0000000000,   1.0000000000,   0.0000000000,
                       0.0000000000,   0.0000000000,   1.0000000000
                  </Orientation>
                  <Position type="Vector">0, 0, 0</Position>
               </HpFX06>
               <HpFX07>
                  <Orientation type="Matrix">
                       1.0000000000,   0.0000000000,   0.0000000000,
                       0.0000000000,   1.0000000000,   0.0000000000,
                       0.0000000000,   0.0000000000,   1.0000000000
                  </Orientation>
                  <Position type="Vector">0, 0, 0</Position>
               </HpFX07>
               <HpShield01>
                  <Orientation type="Matrix">
                       1.0000000000,   0.0000000000,   0.0000000000,
                       0.0000000000,   1.0000000000,   0.0000000000,
                       0.0000000000,   0.0000000000,   1.0000000000
                  </Orientation>
                  <Position type="Vector">0, 0, 0</Position>
               </HpShield01>
               <HpNew01>
                  <Orientation type="Matrix">
                       1.0000000000,   0.0000000000,   0.0000000000,
                       0.0000000000,   1.0000000000,   0.0000000000,
                       0.0000000000,   0.0000000000,   1.0000000000
                  </Orientation>
                  <Position type="Vector">0, 0, 0</Position>
               </HpNew01>
               <HpNew02>
                  <Orientation type="Matrix">
                       1.0000000000,   0.0000000000,   0.0000000000,
                       0.0000000000,   1.0000000000,   0.0000000000,
                       0.0000000000,   0.0000000000,   1.0000000000
                  </Orientation>
                  <Position type="Vector">0, 0, 0</Position>
               </HpNew02>
               <HpNew03>
                  <Orientation type="Matrix">
                       1.0000000000,   0.0000000000,   0.0000000000,
                       0.0000000000,   1.0000000000,   0.0000000000,
                       0.0000000000,   0.0000000000,   1.0000000000
                  </Orientation>
                  <Position type="Vector">0, 0, 0</Position>
               </HpNew03>
               <HpNew04>
                  <Orientation type="Matrix">
                       1.0000000000,   0.0000000000,   0.0000000000,
                       0.0000000000,   1.0000000000,   0.0000000000,
                       0.0000000000,   0.0000000000,   1.0000000000
                  </Orientation>
                  <Position type="Vector">0, 0, 0</Position>
               </HpNew04>
               <HpNew05>
                  <Orientation type="Matrix">
                       1.0000000000,   0.0000000000,   0.0000000000,
                       0.0000000000,   1.0000000000,   0.0000000000,
                       0.0000000000,   0.0000000000,   1.0000000000
                  </Orientation>
                  <Position type="Vector">0, 0, 0</Position>
               </HpNew05>
               <HpNew06>
                  <Orientation type="Matrix">
                       1.0000000000,   0.0000000000,   0.0000000000,
                       0.0000000000,   1.0000000000,   0.0000000000,
                       0.0000000000,   0.0000000000,   1.0000000000
                  </Orientation>
                  <Position type="Vector">0, 0, 0</Position>
               </HpNew06>
               <HpShieldGenerator01>
                  <Orientation type="Matrix">
                       1.0000000000,   0.0000000000,   0.0000000000,
                       0.0000000000,   1.0000000000,   0.0000000000,
                       0.0000000000,   0.0000000000,   1.0000000000
                  </Orientation>
                  <Position type="Vector">0, 0, 0</Position>
               </HpShieldGenerator01>
               <HpShieldGenerator02>
                  <Orientation type="Matrix">
                       1.0000000000,   0.0000000000,   0.0000000000,
                       0.0000000000,   1.0000000000,   0.0000000000,
                       0.0000000000,   0.0000000000,   1.0000000000
                  </Orientation>
                  <Position type="Vector">0, 0, 0</Position>
               </HpShieldGenerator02>
               <HpShieldGenerator03>
                  <Orientation type="Matrix">
                       1.0000000000,   0.0000000000,   0.0000000000,
                       0.0000000000,   1.0000000000,   0.0000000000,
                       0.0000000000,   0.0000000000,   1.0000000000
                  </Orientation>
                  <Position type="Vector">0, 0, 0</Position>
               </HpShieldGenerator03>
               <HpShieldCapacity01>
                  <Orientation type="Matrix">
                       1.0000000000,   0.0000000000,   0.0000000000,
                       0.0000000000,   1.0000000000,   0.0000000000,
                       0.0000000000,   0.0000000000,   1.0000000000
                  </Orientation>
                  <Position type="Vector">0, 0, 0</Position>
               </HpShieldCapacity01>
               <HpShieldCapacity02>
                  <Orientation type="Matrix">
                       1.0000000000,   0.0000000000,   0.0000000000,
                       0.0000000000,   1.0000000000,   0.0000000000,
                       0.0000000000,   0.0000000000,   1.0000000000
                  </Orientation>
                  <Position type="Vector">0, 0, 0</Position>
               </HpShieldCapacity02>
               <HpShieldCapacity03>
                  <Orientation type="Matrix">
                       1.0000000000,   0.0000000000,   0.0000000000,
                       0.0000000000,   1.0000000000,   0.0000000000,
                       0.0000000000,   0.0000000000,   1.0000000000
                  </Orientation>
                  <Position type="Vector">0, 0, 0</Position>
               </HpShieldCapacity03>
               <HpShield02>
                  <Orientation type="Matrix">
                       1.0000000000,   0.0000000000,   0.0000000000,
                       0.0000000000,   1.0000000000,   0.0000000000,
                       0.0000000000,   0.0000000000,   1.0000000000
                  </Orientation>
                  <Position type="Vector">0, 0, 0</Position>
               </HpShield02>
               <HpShield03>
                  <Orientation type="Matrix">
                       1.0000000000,   0.0000000000,   0.0000000000,
                       0.0000000000,   1.0000000000,   0.0000000000,
                       0.0000000000,   0.0000000000,   1.0000000000
                  </Orientation>
                  <Position type="Vector">0, 0, 0</Position>
               </HpShield03>
            </Fixed>
         </Hardpoints>
      </Centurion_v1_root_lod1.3db>
      <Centurion_v1_p1_lod1.3db>
         <MultiLevel>
            <Level0>
               <VMeshPart>
                  <VMeshRef type="VMeshRef">
                     <!-- header size  --> 60,
                     <!-- vmesh lib    --> Centurion_v4_root.lod0.vms,
                     <!-- start vert   --> 20,
                     <!-- num verts    --> 29605,
                     <!-- start index  --> 36,
                     <!-- num indices  --> 53196,
                     <!-- start mesh   --> 1,
                     <!-- num meshes   --> 1,
                     <!-- bounding box -->  120.29467,       87.622101,  227.18228,
                                           -120.29247,      -63.320103, -194.76076,
                     <!-- center       -->    0.0011024475,  12.150999,   16.210762,
                     <!-- radius       --> 339.48544
                  </VMeshRef>
               </VMeshPart>
            </Level0>
         </MultiLevel>
         <Hardpoints>
            <Fixed>
               <HpEngine01>
                  <Orientation type="Matrix">
                       1.0000000000,   0.0000000000,   0.0000000000,
                       0.0000000000,   1.0000000000,   0.0000000000,
                       0.0000000000,   0.0000000000,   1.0000000000
                  </Orientation>
                  <Position type="Vector">-0.063058257, -7.8665252, 201.0336</Position>
               </HpEngine01>
               <HpEngine02>
                  <Orientation type="Matrix">
                       1.0000000000,   0.0000000000,   0.0000000000,
                       0.0000000000,   1.0000000000,   0.0000000000,
                       0.0000000000,   0.0000000000,   1.0000000000
                  </Orientation>
                  <Position type="Vector">-55.343307, -7.8792262, 201.0336</Position>
               </HpEngine02>
               <HpEngine03>
                  <Orientation type="Matrix">
                       1.0000000000,   0.0000000000,   0.0000000000,
                       0.0000000000,   1.0000000000,   0.0000000000,
                       0.0000000000,   0.0000000000,   1.0000000000
                  </Orientation>
                  <Position type="Vector">55.381153, -7.9247899, 201.0336</Position>
               </HpEngine03>
               <HpTractor_Source>
                  <Orientation type="Matrix">
                       1.0000000000,   0.0000000000,   0.0000000000,
                       0.0000000000,   1.0000000000,   0.0000000000,
                       0.0000000000,   0.0000000000,   1.0000000000
                  </Orientation>
                  <Position type="Vector">-0.0043235281, -19.737637, -194.71655</Position>
               </HpTractor_Source>
               <HpRunningLight01>
                  <Orientation type="Matrix">
                       1.0000000000,   0.0000000000,   0.0000000000,
                       0.0000000000,   1.0000000000,   0.0000000000,
                       0.0000000000,   0.0000000000,   1.0000000000
                  </Orientation>
                  <Position type="Vector">0.0099971397, 66.025871, 98.921722</Position>
               </HpRunningLight01>
               <HpDocklight01>
                  <Orientation type="Matrix">
                       1.0000000000,   0.0000000000,   0.0000000000,
                       0.0000000000,   1.0000000000,   0.0000000000,
                       0.0000000000,   0.0000000000,   1.0000000000
                  </Orientation>
                  <Position type="Vector">0.0099971397, 66.025871, 98.921722</Position>
               </HpDocklight01>
               <HpRunningLight02>
                  <Orientation type="Matrix">
                       1.0000000000,   0.0000000000,   0.0000000000,
                       0.0000000000,   1.0000000000,   0.0000000000,
                       0.0000000000,   0.0000000000,   1.0000000000
                  </Orientation>
                  <Position type="Vector">29.823868, 71.44397, 162.37836</Position>
               </HpRunningLight02>
               <HpDocklight02>
                  <Orientation type="Matrix">
                       1.0000000000,   0.0000000000,   0.0000000000,
                       0.0000000000,   1.0000000000,   0.0000000000,
                       0.0000000000,   0.0000000000,   1.0000000000
                  </Orientation>
                  <Position type="Vector">29.815947, 71.448639, 162.39119</Position>
               </HpDocklight02>
               <HpRunningLight03>
                  <Orientation type="Matrix">
                       1.0000000000,   0.0000000000,   0.0000000000,
                       0.0000000000,   1.0000000000,   0.0000000000,
                       0.0000000000,   0.0000000000,   1.0000000000
                  </Orientation>
                  <Position type="Vector">-29.818701, 71.448631, 162.39099</Position>
               </HpRunningLight03>
               <HpDocklight03>
                  <Orientation type="Matrix">
                       1.0000000000,   0.0000000000,   0.0000000000,
                       0.0000000000,   1.0000000000,   0.0000000000,
                       0.0000000000,   0.0000000000,   1.0000000000
                  </Orientation>
                  <Position type="Vector">-29.818226, 71.448685, 162.39131</Position>
               </HpDocklight03>
               <HpMine01>
                  <Orientation type="Matrix">
                      -1.0000000000, -87.422777e-09,   0.0000000000,
                      87.422777e-09,  -1.0000000000,  -0.0000000000,
                       0.0000000000,   0.0000000000,   1.0000000000
                  </Orientation>
                  <Position type="Vector">0.023036003, -44.364258, 211.26721</Position>
               </HpMine01>
               <HpCM01>
                  <Orientation type="Matrix">
                      -1.0000000000, -71.612547e-09, -50.143644e-09,
                      87.422777e-09,  -0.8191520000,  -0.5735763900,
                       0.0000000000,  -0.5735763900,   0.8191520600
                  </Orientation>
                  <Position type="Vector">-0.015552521, -43.544922, 219.62073</Position>
               </HpCM01>
               <HpEngFX01>
                  <Orientation type="Matrix">
                       1.0000000000,   0.0000000000,   0.0000000000,
                       0.0000000000,   1.0000000000,   0.0000000000,
                       0.0000000000,   0.0000000000,   1.0000000000
                  </Orientation>
                  <Position type="Vector">-27.863359, 8.7441101, 212.83203</Position>
               </HpEngFX01>
               <HpEngFX02>
                  <Orientation type="Matrix">
                       1.0000000000,   0.0000000000,   0.0000000000,
                       0.0000000000,   1.0000000000,   0.0000000000,
                       0.0000000000,   0.0000000000,   1.0000000000
                  </Orientation>
                  <Position type="Vector">27.772745, 8.6534977, 212.83398</Position>
               </HpEngFX02>
               <HpEngFX03>
                  <Orientation type="Matrix">
                       1.0000000000,   0.0000000000,   0.0000000000,
                       0.0000000000,   1.0000000000,   0.0000000000,
                       0.0000000000,   0.0000000000,   1.0000000000
                  </Orientation>
                  <Position type="Vector">-27.863359, -24.238857, 212.83203</Position>
               </HpEngFX03>
               <HpEngFX04>
                  <Orientation type="Matrix">
                       1.0000000000,   0.0000000000,   0.0000000000,
                       0.0000000000,   1.0000000000,   0.0000000000,
                       0.0000000000,   0.0000000000,   1.0000000000
                  </Orientation>
                  <Position type="Vector">27.863358, -24.32947, 212.83203</Position>
               </HpEngFX04>
            </Fixed>
            <Revolute>
               <HpLTurret02>
                  <Axis type="Vector">0, 1, 0</Axis>
                  <Max type="float">1.5707964</Max>
                  <Min type="float">-1.5707964</Min>
                  <Orientation type="Matrix">
                      156.46219e-09,  -0.4539904600,   0.8910063500,
                     -44.703484e-09,   0.8910065300,   0.4539904300,
                      -0.9999997600,   0.0000000000,  119.20929e-09
                  </Orientation>
                  <Position type="Vector">-38.195847, 57.380802, 183.20334</Position>
               </HpLTurret02>
               <HpLTurret03>
                  <Axis type="Vector">0, 1, 0</Axis>
                  <Max type="float">1.5707964</Max>
                  <Min type="float">-1.5707964</Min>
                  <Orientation type="Matrix">
                      156.46219e-09,   0.4539904600,  -0.8910063500,
                      44.703484e-09,   0.8910065300,   0.4539904300,
                       0.9999997600,   0.0000000000,  119.20929e-09
                  </Orientation>
                  <Position type="Vector">38.138351, 57.411125, 183.0345</Position>
               </HpLTurret03>
               <HpLTurret04>
                  <Axis type="Vector">0, 1, 0</Axis>
                  <Max type="float">3.1415927</Max>
                  <Min type="float">-3.1415927</Min>
                  <Orientation type="Matrix">
                       0.0522646900,  -0.4972608700,  -0.8660250900,
                       0.0905242410,  -0.8612806200,   0.5000000000,
                      -0.9945216200,  -0.1045284700,  156.46219e-09
                  </Orientation>
                  <Position type="Vector">-51.060135, -33.897957, 138.06738</Position>
               </HpLTurret04>
               <HpLTurret05>
                  <Axis type="Vector">0, 1, 0</Axis>
                  <Max type="float">3.1415927</Max>
                  <Min type="float">-3.1415927</Min>
                  <Orientation type="Matrix">
                       0.0522646900,   0.4972608700,   0.8660250900,
                      -0.0905242410,  -0.8612806200,   0.5000000000,
                       0.9945216200,  -0.1045284700,  156.46219e-09
                  </Orientation>
                  <Position type="Vector">51.304375, -33.734192, 137.83453</Position>
               </HpLTurret05>
               <HpLTurret06>
                  <Axis type="Vector">0, 1, 0</Axis>
                  <Max type="float">3.1415927</Max>
                  <Min type="float">-3.1415927</Min>
                  <Orientation type="Matrix">
                       1.0000000000,   0.0000000000,   0.0000000000,
                       0.0000000000,   1.0000000000,   0.0000000000,
                       0.0000000000,   0.0000000000,   1.0000000000
                  </Orientation>
                  <Position type="Vector">0.0090712504, 87.622101, 186.50266</Position>
               </HpLTurret06>
               <HpLTurret07>
                  <Axis type="Vector">0, 1, 0</Axis>
                  <Max type="float">3.1415927</Max>
                  <Min type="float">-3.1415927</Min>
                  <Orientation type="Matrix">
                      -1.0000000000, -86.943864e-09, -9.1381684e-09,
                      87.422769e-09,  -0.9945218600,  -0.1045284600,
                       0.0000000000,  -0.1045284600,   0.9945219200
                  </Orientation>
                  <Position type="Vector">-0.038197964, -55.271984, 102.77657</Position>
               </HpLTurret07>
               <HpSTurret01>
                  <Axis type="Vector">0, 1, 0</Axis>
                  <Max type="float">3.1415927</Max>
                  <Min type="float">-3.1415927</Min>
                  <Orientation type="Matrix">
                      -0.5735765100,  -0.8111801700,  -0.1140039300,
                       0.8191520600,  -0.5679944800,  -0.0798264150,
                      3.7252903e-09,  -0.1391730900,   0.9902680500
                  </Orientation>
                  <Position type="Vector">-117.49234, -31.534281, 195.37859</Position>
               </HpSTurret01>
               <HpSTurret02>
                  <Axis type="Vector">0, 1, 0</Axis>
                  <Max type="float">3.1415927</Max>
                  <Min type="float">-3.1415927</Min>
                  <Orientation type="Matrix">
                      -0.5735765100,   0.8111801700,   0.1140039300,
                      -0.8191520600,  -0.5679944800,  -0.0798264150,
                     -3.7252903e-09,  -0.1391730900,   0.9902680500
                  </Orientation>
                  <Position type="Vector">117.53064, -31.467333, 195.30347</Position>
               </HpSTurret02>
               <HpSTurret03>
                  <Axis type="Vector">0, 1, 0</Axis>
                  <Max type="float">3.1415927</Max>
                  <Min type="float">-3.1415927</Min>
                  <Orientation type="Matrix">
                       0.0435780290,  -0.4980973600,  -0.8660253300,
                       0.0754790160,  -0.8627297300,   0.5000000000,
                      -0.9961946000,  -0.0871557300, -33.527613e-09
                  </Orientation>
                  <Position type="Vector">-29.122515, -44.450169, 120.55427</Position>
               </HpSTurret03>
               <HpSTurret04>
                  <Axis type="Vector">0, 1, 0</Axis>
                  <Max type="float">3.1415927</Max>
                  <Min type="float">-3.1415927</Min>
                  <Orientation type="Matrix">
                       0.0435780290,   0.4980973600,   0.8660253300,
                      -0.0754790160,  -0.8627297300,   0.5000000000,
                       0.9961946000,  -0.0871557300, -33.527613e-09
                  </Orientation>
                  <Position type="Vector">29.25659, -44.358475, 120.40518</Position>
               </HpSTurret04>
               <HpSTurret09>
                  <Axis type="Vector">0, 1, 0</Axis>
                  <Max type="float">3.1415927</Max>
                  <Min type="float">-3.1415927</Min>
                  <Orientation type="Matrix">
                      -1.0000000000, -86.943864e-09, -9.1381684e-09,
                      87.422769e-09,  -0.9945218600,  -0.1045284600,
                       0.0000000000,  -0.1045284600,   0.9945219200
                  </Orientation>
                  <Position type="Vector">-0.026973106, -50.569145, 60.916882</Position>
               </HpSTurret09>
               <HpSTurret12>
                  <Axis type="Vector">0, 1, 0</Axis>
                  <Max type="float">3.1415927</Max>
                  <Min type="float">-3.1415927</Min>
                  <Orientation type="Matrix">
                      -1.0000000000, -86.943864e-09, -9.1381684e-09,
                      87.422769e-09,  -0.9945218600,  -0.1045284600,
                       0.0000000000,  -0.1045284600,   0.9945219200
                  </Orientation>
                  <Position type="Vector">0.070028931, -43.092201, -5.1757202</Position>
               </HpSTurret12>
               <HpSTurret13>
                  <Axis type="Vector">0, 1, 0</Axis>
                  <Max type="float">1.5707964</Max>
                  <Min type="float">-0.78539819</Min>
                  <Orientation type="Matrix">
                      7.4505806e-09,  -0.4383710900,   0.8987939400,
                     -29.802322e-09,   0.8987940500,   0.4383710900,
                      -0.9999998800,   0.0000000000,   0.0000000000
                  </Orientation>
                  <Position type="Vector">-28.034559, 62.523239, 187.2263</Position>
               </HpSTurret13>
               <HpSTurret14>
                  <Axis type="Vector">0, 1, 0</Axis>
                  <Max type="float">0.78539819</Max>
                  <Min type="float">-1.5707964</Min>
                  <Orientation type="Matrix">
                      7.4505806e-09,   0.4383710900,  -0.8987939400,
                      29.802322e-09,   0.8987940500,   0.4383710900,
                       0.9999998800,   0.0000000000,   0.0000000000
                  </Orientation>
                  <Position type="Vector">28.208273, 62.436298, 187.38116</Position>
               </HpSTurret14>
            </Revolute>
         </Hardpoints>
      </Centurion_v1_p1_lod1.3db>
      <Centurion_v1_p2_lod1.3db>
         <MultiLevel>
            <Level0>
               <VMeshPart>
                  <VMeshRef type="VMeshRef">
                     <!-- header size  --> 60,
                     <!-- vmesh lib    --> Centurion_v4_root.lod0.vms,
                     <!-- start vert   --> 29625,
                     <!-- num verts    --> 909,
                     <!-- start index  --> 53232,
                     <!-- num indices  --> 2352,
                     <!-- start mesh   --> 2,
                     <!-- num meshes   --> 1,
                     <!-- bounding box -->  120.29467,       87.622101,  227.18228,
                                           -120.29247,      -63.320103, -194.76076,
                     <!-- center       -->    0.0011024475,  12.150999,   16.210762,
                     <!-- radius       --> 339.48544
                  </VMeshRef>
               </VMeshPart>
            </Level0>
         </MultiLevel>
         <Hardpoints>
            <Revolute>
               <HpLTurret01>
                  <Axis type="Vector">0, 1, 0</Axis>
                  <Max type="float">3.1415927</Max>
                  <Min type="float">-3.1415927</Min>
                  <Orientation type="Matrix">
                      -1.0000000000, -86.094630e-09,  15.180806e-09,
                      87.422777e-09,  -0.9848078500,   0.1736481800,
                      888.17842e-18,   0.1736481800,   0.9848077300
                  </Orientation>
                  <Position type="Vector">-0.0075743319, -62.918491, 168.14847</Position>
               </HpLTurret01>
            </Revolute>
         </Hardpoints>
      </Centurion_v1_p2_lod1.3db>
      <Centurion_v1_p3_lod1.3db>
         <Hardpoints>
            <Revolute>
               <HpLTurret08>
                  <Axis type="Vector">0, 1, 0</Axis>
                  <Max type="float">3.1415927</Max>
                  <Min type="float">-3.1415927</Min>
                  <Orientation type="Matrix">
                       0.0000000000,  -0.9781475700,  -0.2079116700,
                       1.0000000000,   0.0000000000, -14.901161e-09,
                       0.0000000000,  -0.2079116700,   0.9781476300
                  </Orientation>
                  <Position type="Vector">-113.54934, 9.2079115, 130.91872</Position>
               </HpLTurret08>
               <HpLTurret09>
                  <Axis type="Vector">0, 1, 0</Axis>
                  <Max type="float">3.1415927</Max>
                  <Min type="float">-3.1415927</Min>
                  <Orientation type="Matrix">
                       0.0000000000,   0.9781475700,   0.2079116700,
                      -1.0000000000,   0.0000000000, -14.901161e-09,
                       0.0000000000,  -0.2079116700,   0.9781476300
                  </Orientation>
                  <Position type="Vector">113.53508, 8.9630775, 130.83675</Position>
               </HpLTurret09>
               <HpLTurret10>
                  <Axis type="Vector">0, 1, 0</Axis>
                  <Max type="float">1.5707964</Max>
                  <Min type="float">-1.5707964</Min>
                  <Orientation type="Matrix">
                       1.0000000000,   0.0000000000,   0.0000000000,
                       0.0000000000,   0.9945219200,   0.1045284600,
                       0.0000000000,  -0.1045284600,   0.9945219200
                  </Orientation>
                  <Position type="Vector">0.084006965, 47.7118, 80.398384</Position>
               </HpLTurret10>
               <HpLTurret11>
                  <Axis type="Vector">0, 1, 0</Axis>
                  <Max type="float">1.5707964</Max>
                  <Min type="float">-1.5707964</Min>
                  <Orientation type="Matrix">
                       0.0441756140,  -0.4203030800,   0.9063077000,
                      -0.0947349970,   0.9013429300,   0.4226182100,
                      -0.9945217400,  -0.1045284400, -59.604645e-09
                  </Orientation>
                  <Position type="Vector">-109.46804, 21.439882, 193.53394</Position>
               </HpLTurret11>
               <HpLTurret12>
                  <Axis type="Vector">0, 1, 0</Axis>
                  <Max type="float">1.5707964</Max>
                  <Min type="float">-1.5707964</Min>
                  <Orientation type="Matrix">
                       0.0441756140,   0.4203030800,  -0.9063077000,
                       0.0947349970,   0.9013429300,   0.4226182100,
                       0.9945217400,  -0.1045284400, -59.604645e-09
                  </Orientation>
                  <Position type="Vector">109.4816, 21.42136, 193.41364</Position>
               </HpLTurret12>
               <HpSTurret05>
                  <Axis type="Vector">0, 1, 0</Axis>
                  <Max type="float">1.5707964</Max>
                  <Min type="float">-1.5707964</Min>
                  <Orientation type="Matrix">
                       0.0382065440,  -0.4367029700,   0.8987939400,
                      -0.0783351210,   0.8953738200,   0.4383710600,
                      -0.9961946000,  -0.0871557440, -59.604645e-09
                  </Orientation>
                  <Position type="Vector">-97.06633, 26.126644, 174.54901</Position>
               </HpSTurret05>
               <HpSTurret06>
                  <Axis type="Vector">0, 1, 0</Axis>
                  <Max type="float">1.5707964</Max>
                  <Min type="float">-1.5707964</Min>
                  <Orientation type="Matrix">
                       0.0382065440,   0.4367029700,  -0.8987939400,
                       0.0783351210,   0.8953738200,   0.4383710600,
                       0.9961946000,  -0.0871557440, -59.604645e-09
                  </Orientation>
                  <Position type="Vector">96.549355, 26.360075, 174.34874</Position>
               </HpSTurret06>
               <HpSTurret07>
                  <Axis type="Vector">0, 1, 0</Axis>
                  <Max type="float">1.5707964</Max>
                  <Min type="float">-1.5707964</Min>
                  <Orientation type="Matrix">
                       0.0382065440,  -0.4367029700,   0.8987939400,
                      -0.0783351210,   0.8953738200,   0.4383710600,
                      -0.9961946000,  -0.0871557440, -59.604645e-09
                  </Orientation>
                  <Position type="Vector">-97.714691, 28.4499, 202.22716</Position>
               </HpSTurret07>
               <HpSTurret08>
                  <Axis type="Vector">0, 1, 0</Axis>
                  <Max type="float">1.5707964</Max>
                  <Min type="float">-1.5707964</Min>
                  <Orientation type="Matrix">
                       0.0382065440,   0.4367029700,  -0.8987939400,
                       0.0783351210,   0.8953738200,   0.4383710600,
                       0.9961946000,  -0.0871557440, -59.604645e-09
                  </Orientation>
                  <Position type="Vector">97.961334, 28.324621, 202.14857</Position>
               </HpSTurret08>
               <HpSTurret10>
                  <Axis type="Vector">0, 1, 0</Axis>
                  <Max type="float">1.7278759</Max>
                  <Min type="float">-1.7278759</Min>
                  <Orientation type="Matrix">
                     -59.604645e-09,  -0.9848076700,  -0.1736481600,
                       1.0000000000, -59.604645e-09, -14.901161e-09,
                       0.0000000000,  -0.1736481600,   0.9848077300
                  </Orientation>
                  <Position type="Vector">-60.448101, 4.1927738, -54.092846</Position>
               </HpSTurret10>
               <HpSTurret11>
                  <Axis type="Vector">0, 1, 0</Axis>
                  <Max type="float">1.7278759</Max>
                  <Min type="float">-1.7278759</Min>
                  <Orientation type="Matrix">
                     -59.604645e-09,   0.9848076700,   0.1736481600,
                      -1.0000000000, -59.604645e-09, -14.901161e-09,
                       0.0000000000,  -0.1736481600,   0.9848077300
                  </Orientation>
                  <Position type="Vector">60.433681, 4.2308168, -54.163586</Position>
               </HpSTurret11>
               <HpLTurret13>
                  <Axis type="Vector">0, 1, 0</Axis>
                  <Max type="float">0.78539819</Max>
                  <Min type="float">-0.78539819</Min>
                  <Orientation type="Matrix">
                      -0.1564341800,  -0.9876880600,  59.604645e-09,
                     -59.604645e-09,  178.81393e-09,  -0.9999997600,
                       0.9876880600,  -0.1564344500,  178.81393e-09
                  </Orientation>
                  <Position type="Vector">-48.349197, 4.0993609, -113.59844</Position>
               </HpLTurret13>
               <HpLTurret14>
                  <Axis type="Vector">0, 1, 0</Axis>
                  <Max type="float">0.78539819</Max>
                  <Min type="float">-0.78539819</Min>
                  <Orientation type="Matrix">
