<?xml version="1.0" encoding="ISO-8859-1"?>
<!-- XML generated by UTFXML Version 2.2 built 19-Aug-2010 -->
<UTFXML filename="Chancellor.cmp" path="SHIPS\new\other\Starwars">
   <UTF_ROOT>
      <VMeshLibrary>
         <chancellor.lod0-112.vms include="Chancellor_cmp\lod0-112.vms.xml"/>
      </VMeshLibrary>
      <Exporter_Version name="Exporter Version" type="text">Export</Exporter_Version>
      <Cmpnd>
         <Cons>
            <Fix type="Fix" count="6">
               <part>
                  <!-- parent      --> "Root",
                  <!-- child       --> "Chancellor_Lights_lod1",
                  <!-- position    --> -2.4018593, 0, 0,
                  <!-- orientation -->   1.0000000000,   0.0000000000,   0.0000000000,
                                         0.0000000000,   1.0000000000,   0.0000000000,
                                         0.0000000000,   0.0000000000,   1.0000000000
               </part>
               <part>
                  <!-- parent      --> "Root",
                  <!-- child       --> "Chancellor_Hull_Light_lod1",
                  <!-- position    --> -2.4018593, 0, 0,
                  <!-- orientation -->   1.0000000000,   0.0000000000,   0.0000000000,
                                         0.0000000000,   1.0000000000,   0.0000000000,
                                         0.0000000000,   0.0000000000,   1.0000000000
               </part>
               <part>
                  <!-- parent      --> "Root",
                  <!-- child       --> "Chancellor_Super_Str_lod1",
                  <!-- position    --> -2.4018593, 0, 0,
                  <!-- orientation -->   1.0000000000,   0.0000000000,   0.0000000000,
                                         0.0000000000,   1.0000000000,   0.0000000000,
                                         0.0000000000,   0.0000000000,   1.0000000000
               </part>
               <part>
                  <!-- parent      --> "Root",
                  <!-- child       --> "Chancellor_Engines_lod1",
                  <!-- position    --> -2.4018593, 0, 0,
                  <!-- orientation -->   1.0000000000,   0.0000000000,   0.0000000000,
                                         0.0000000000,   1.0000000000,   0.0000000000,
                                         0.0000000000,   0.0000000000,   1.0000000000
               </part>
               <part>
                  <!-- parent      --> "Root",
                  <!-- child       --> "Chancellor_Hull_lod1",
                  <!-- position    --> -2.4018593, 0, 0,
                  <!-- orientation -->   1.0000000000,   0.0000000000,   0.0000000000,
                                         0.0000000000,   1.0000000000,   0.0000000000,
                                         0.0000000000,   0.0000000000,   1.0000000000
               </part>
               <part>
                  <!-- parent      --> "Root",
                  <!-- child       --> "Chancellor_Hanger_lod1",
                  <!-- position    --> -2.4018593, 0, 0,
                  <!-- orientation -->   1.0000000000,   0.0000000000,   0.0000000000,
                                         0.0000000000,   1.0000000000,   0.0000000000,
                                         0.0000000000,   0.0000000000,   1.0000000000
               </part>
            </Fix>
         </Cons>
         <Part_Chancellor_Lights_lod1>
            <Object_name name="Object name" type="text">Chancellor_Lights_lod1</Object_name>
            <Index type="int">0</Index>
            <File_name name="File name" type="text">Chancellor_Lights_lod1221028124520.3db</File_name>
         </Part_Chancellor_Lights_lod1>
         <Part_Chancellor_Hull_Light_lod1>
            <Object_name name="Object name" type="text">Chancellor_Hull_Light_lod1</Object_name>
            <Index type="int">0</Index>
            <File_name name="File name" type="text">Chancellor_Hull_Light_lod1221028124520.3db</File_name>
         </Part_Chancellor_Hull_Light_lod1>
         <Part_Chancellor_Super_Str_lod1>
            <Object_name name="Object name" type="text">Chancellor_Super_Str_lod1</Object_name>
            <Index type="int">0</Index>
            <File_name name="File name" type="text">Chancellor_Super_Str_lod1221028124520.3db</File_name>
         </Part_Chancellor_Super_Str_lod1>
         <Part_Chancellor_Engines_lod1>
            <Object_name name="Object name" type="text">Chancellor_Engines_lod1</Object_name>
            <Index type="int">0</Index>
            <File_name name="File name" type="text">Chancellor_Engines_lod1221028124520.3db</File_name>
         </Part_Chancellor_Engines_lod1>
         <Part_Chancellor_Hull_lod1>
            <Object_name name="Object name" type="text">Chancellor_Hull_lod1</Object_name>
            <Index type="int">0</Index>
            <File_name name="File name" type="text">Chancellor_Hull_lod1221028124520.3db</File_name>
         </Part_Chancellor_Hull_lod1>
         <Part_Chancellor_Hanger_lod1>
            <Object_name name="Object name" type="text">Chancellor_Hanger_lod1</Object_name>
            <Index type="int">0</Index>
            <File_name name="File name" type="text">Chancellor_Hanger_lod1221028124520.3db</File_name>
         </Part_Chancellor_Hanger_lod1>
         <Root>
            <Object_name name="Object name" type="text">Root</Object_name>
            <Index type="int">0</Index>
            <File_name name="File name" type="text">Chancellor221028124520.3db</File_name>
         </Root>
      </Cmpnd>
      <Chancellor221028124520.3db>
         <VMeshPart>
            <VMeshRef type="VMeshRef">
               <!-- header size  --> 60,
               <!-- vmesh lib    --> chancellor.lod0-112.vms,
               <!-- start vert   --> 0,
               <!-- num verts    --> 20,
               <!-- start index  --> 0,
               <!-- num indices  --> 36,
               <!-- start mesh   --> 0,
               <!-- num meshes   --> 1,
               <!-- bounding box -->  0.28389454,   -1.9319696,   1.9235754,
                                     -0.2814858,    -2.49735,     1.3581949,
               <!-- center       -->  0.0011842493, 23.69331,   -21.794159,
               <!-- radius       --> 35.334991
            </VMeshRef>
         </VMeshPart>
         <Hardpoints>
            <Fixed>
               <HpMount>
                  <Orientation type="Matrix">
                       1.0000000000,   0.0000000000,   0.0000000000,
                       0.0000000000,   1.0000000000,   0.0000000000,
                       0.0000000000,   0.0000000000,   1.0000000000
                  </Orientation>
                  <Position type="Vector">0, -45, -149</Position>
               </HpMount>
               <HpBayDoor01>
                  <Orientation type="Matrix">
                       1.0000000000,   0.0000000000,   0.0000000000,
                       0.0000000000,   1.0000000000,   0.0000000000,
                       0.0000000000,   0.0000000000,   1.0000000000
                  </Orientation>
                  <Position type="Vector">0, -50, 0</Position>
               </HpBayDoor01>
               <HpBayDoor02>
                  <Orientation type="Matrix">
                       1.0000000000,   0.0000000000,   0.0000000000,
                       0.0000000000,   1.0000000000,   0.0000000000,
                       0.0000000000,   0.0000000000,   1.0000000000
                  </Orientation>
                  <Position type="Vector">0, -57, 0</Position>
               </HpBayDoor02>
               <HpCloak01>
                  <Orientation type="Matrix">
                       1.0000000000,   0.0000000000,   0.0000000000,
                       0.0000000000,   1.0000000000,   0.0000000000,
                       0.0000000000,   0.0000000000,   1.0000000000
                  </Orientation>
                  <Position type="Vector">0, 0, 0</Position>
               </HpCloak01>
               <HpShield01>
                  <Orientation type="Matrix">
                       1.0000000000,   0.0000000000,   0.0000000000,
                       0.0000000000,   1.0000000000,   0.0000000000,
                       0.0000000000,   0.0000000000,   1.0000000000
                  </Orientation>
                  <Position type="Vector">0, 0, 0</Position>
               </HpShield01>
               <HpFX01>
                  <Orientation type="Matrix">
                       1.0000000000,   0.0000000000,   0.0000000000,
                       0.0000000000,   1.0000000000,   0.0000000000,
                       0.0000000000,   0.0000000000,   1.0000000000
                  </Orientation>
                  <Position type="Vector">0, 0, 0</Position>
               </HpFX01>
               <HpFX02>
                  <Orientation type="Matrix">
                      59.604645e-09,   0.9999998800,   0.0000000000,
                      -0.9999998800,  59.604645e-09,   0.0000000000,
                       0.0000000000,   0.0000000000,   1.0000000000
                  </Orientation>
                  <Position type="Vector">0, 0, 0</Position>
               </HpFX02>
               <HpFX03>
                  <Orientation type="Matrix">
                       1.0000000000,   0.0000000000,   0.0000000000,
                       0.0000000000,  59.604645e-09,   0.9999998800,
                       0.0000000000,  -0.9999998800,  59.604645e-09
                  </Orientation>
                  <Position type="Vector">0, 0, 0</Position>
               </HpFX03>
               <HpFX04>
                  <Orientation type="Matrix">
                       1.0000000000,   0.0000000000,   0.0000000000,
                       0.0000000000,   1.0000000000,   0.0000000000,
                       0.0000000000,   0.0000000000,   1.0000000000
                  </Orientation>
                  <Position type="Vector">0, 0, 0</Position>
               </HpFX04>
               <HpFX05>
                  <Orientation type="Matrix">
                       1.0000000000,   0.0000000000,   0.0000000000,
                       0.0000000000,   1.0000000000,   0.0000000000,
                       0.0000000000,   0.0000000000,   1.0000000000
                  </Orientation>
                  <Position type="Vector">0, 0, 0</Position>
               </HpFX05>
               <HpFX06>
                  <Orientation type="Matrix">
                       1.0000000000,   0.0000000000,   0.0000000000,
                       0.0000000000,   1.0000000000,   0.0000000000,
                       0.0000000000,   0.0000000000,   1.0000000000
                  </Orientation>
                  <Position type="Vector">0, 0, 0</Position>
               </HpFX06>
               <HpFX07>
                  <Orientation type="Matrix">
                       1.0000000000,   0.0000000000,   0.0000000000,
                       0.0000000000,   1.0000000000,   0.0000000000,
                       0.0000000000,   0.0000000000,   1.0000000000
                  </Orientation>
                  <Position type="Vector">0, 0, 0</Position>
               </HpFX07>
               <HpShield02>
                  <Orientation type="Matrix">
                       1.0000000000,   0.0000000000,   0.0000000000,
                       0.0000000000,   1.0000000000,   0.0000000000,
                       0.0000000000,   0.0000000000,   1.0000000000
                  </Orientation>
                  <Position type="Vector">0, 0, 0</Position>
               </HpShield02>
               <HpShield03>
                  <Orientation type="Matrix">
                       1.0000000000,   0.0000000000,   0.0000000000,
                       0.0000000000,   1.0000000000,   0.0000000000,
                       0.0000000000,   0.0000000000,   1.0000000000
                  </Orientation>
                  <Position type="Vector">0, 0, 0</Position>
               </HpShield03>
            </Fixed>
         </Hardpoints>
      </Chancellor221028124520.3db>
      <Chancellor_Lights_lod1221028124520.3db>
         <VMeshPart>
            <VMeshRef type="VMeshRef">
               <!-- header size  --> 60,
               <!-- vmesh lib    --> chancellor.lod0-112.vms,
               <!-- start vert   --> 20,
               <!-- num verts    --> 1826,
               <!-- start index  --> 36,
               <!-- num indices  --> 3282,
               <!-- start mesh   --> 1,
               <!-- num meshes   --> 1,
               <!-- bounding box -->  128.41309,   78.084282,   171.75363,
                                     -123.60938,   -6.9591608, -216.64378,
               <!-- center       -->    2.4018629, 23.69331,    -21.794159,
               <!-- radius       --> 203.90511
            </VMeshRef>
         </VMeshPart>
      </Chancellor_Lights_lod1221028124520.3db>
      <Chancellor_Hull_Light_lod1221028124520.3db>
         <VMeshPart>
            <VMeshRef type="VMeshRef">
               <!-- header size  --> 60,
               <!-- vmesh lib    --> chancellor.lod0-112.vms,
               <!-- start vert   --> 1846,
               <!-- num verts    --> 963,
               <!-- start index  --> 3318,
               <!-- num indices  --> 1674,
               <!-- start mesh   --> 2,
               <!-- num meshes   --> 1,
               <!-- bounding box -->  114.69548,    70.909271,  182.40303,
                                     -109.89172,   -36.832054, -233.02997,
               <!-- center       -->    2.4018629,  23.69331,   -21.794159,
               <!-- radius       --> 212.33153
            </VMeshRef>
         </VMeshPart>
      </Chancellor_Hull_Light_lod1221028124520.3db>
      <Chancellor_Super_Str_lod1221028124520.3db>
         <VMeshPart>
            <VMeshRef type="VMeshRef">
               <!-- header size  --> 60,
               <!-- vmesh lib    --> chancellor.lod0-112.vms,
               <!-- start vert   --> 2809,
               <!-- num verts    --> 15328,
               <!-- start index  --> 4992,
               <!-- num indices  --> 26466,
               <!-- start mesh   --> 3,
               <!-- num meshes   --> 1,
               <!-- bounding box -->  133.7574,     84.853996,  191.07153,
                                     -128.95367,   -37.467377, -234.65985,
               <!-- center       -->    2.4018629,  23.69331,   -21.794159,
               <!-- radius       --> 221.21301
            </VMeshRef>
         </VMeshPart>
         <Hardpoints>
            <Fixed>
               <HpTractor_Source>
                  <Orientation type="Matrix">
                       1.0000000000,   0.0000000000,   0.0000000000,
                       0.0000000000,   1.0000000000,   0.0000000000,
                       0.0000000000,   0.0000000000,   1.0000000000
                  </Orientation>
                  <Position type="Vector">2.4084871, -6.8068771, -233.86565</Position>
               </HpTractor_Source>
               <HpCM01>
                  <Orientation type="Matrix">
                      -1.0000000000, -87.422777e-09,   0.0000000000,
                      87.422777e-09,  -1.0000000000,  -0.0000000000,
                       0.0000000000,   0.0000000000,   1.0000000000
                  </Orientation>
                  <Position type="Vector">2.3839841, -37.426907, 189.58412</Position>
               </HpCM01>
               <HpRunningLight01>
                  <Orientation type="Matrix">
                       1.0000000000,   0.0000000000,   0.0000000000,
                       0.0000000000,   1.0000000000,   0.0000000000,
                       0.0000000000,   0.0000000000,   1.0000000000
                  </Orientation>
                  <Position type="Vector">-23.17861, 84.772232, 105.88562</Position>
               </HpRunningLight01>
               <HpDocklight01>
                  <Orientation type="Matrix">
                       1.0000000000,   0.0000000000,   0.0000000000,
                       0.0000000000,   1.0000000000,   0.0000000000,
                       0.0000000000,   0.0000000000,   1.0000000000
                  </Orientation>
                  <Position type="Vector">-23.178612, 84.772232, 105.88562</Position>
               </HpDocklight01>
               <HpRunningLight02>
                  <Orientation type="Matrix">
                       1.0000000000,   0.0000000000,   0.0000000000,
                       0.0000000000,   1.0000000000,   0.0000000000,
                       0.0000000000,   0.0000000000,   1.0000000000
                  </Orientation>
                  <Position type="Vector">27.991261, 84.770134, 105.88224</Position>
               </HpRunningLight02>
               <HpDocklight02>
                  <Orientation type="Matrix">
                       1.0000000000,   0.0000000000,   0.0000000000,
                       0.0000000000,   1.0000000000,   0.0000000000,
                       0.0000000000,   0.0000000000,   1.0000000000
                  </Orientation>
                  <Position type="Vector">27.977867, 84.771057, 105.8836</Position>
               </HpDocklight02>
               <HpRunningLight03>
                  <Orientation type="Matrix">
                       1.0000000000,   0.0000000000,   0.0000000000,
                       0.0000000000,   1.0000000000,   0.0000000000,
                       0.0000000000,   0.0000000000,   1.0000000000
                  </Orientation>
                  <Position type="Vector">-128.9521, 0.76784301, 140.86087</Position>
               </HpRunningLight03>
               <HpRunningLight04>
                  <Orientation type="Matrix">
                       1.0000000000,   0.0000000000,   0.0000000000,
                       0.0000000000,   1.0000000000,   0.0000000000,
                       0.0000000000,   0.0000000000,   1.0000000000
                  </Orientation>
                  <Position type="Vector">133.75668, 0.769665, 140.86334</Position>
               </HpRunningLight04>
               <HpRunningLight05>
                  <Orientation type="Matrix">
                       1.0000000000,   0.0000000000,   0.0000000000,
                       0.0000000000,   1.0000000000,   0.0000000000,
                       0.0000000000,   0.0000000000,   1.0000000000
                  </Orientation>
                  <Position type="Vector">-128.9269, -5.2119002, 140.87561</Position>
               </HpRunningLight05>
               <HpRunningLight06>
                  <Orientation type="Matrix">
                       1.0000000000,   0.0000000000,   0.0000000000,
                       0.0000000000,   1.0000000000,   0.0000000000,
                       0.0000000000,   0.0000000000,   1.0000000000
                  </Orientation>
                  <Position type="Vector">133.75719, -5.1892509, 140.86478</Position>
               </HpRunningLight06>
               <HpRunningLight07>
                  <Orientation type="Matrix">
                       1.0000000000,   0.0000000000,   0.0000000000,
                       0.0000000000,   1.0000000000,   0.0000000000,
                       0.0000000000,   0.0000000000,   1.0000000000
                  </Orientation>
                  <Position type="Vector">2.4015911, 1.211206, -234.65985</Position>
               </HpRunningLight07>
               <HpRunningLight08>
                  <Orientation type="Matrix">
                       1.0000000000,   0.0000000000,   0.0000000000,
                       0.0000000000,   1.0000000000,   0.0000000000,
                       0.0000000000,   0.0000000000,   1.0000000000
                  </Orientation>
                  <Position type="Vector">2.3997531, -5.6157808, -234.65985</Position>
               </HpRunningLight08>
            </Fixed>
            <Revolute>
               <HpGun01>
                  <Axis type="Vector">0, 1, 0</Axis>
                  <Max type="float">1.5707964</Max>
                  <Min type="float">-1.5707964</Min>
                  <Orientation type="Matrix">
                      -1.0000000000, -87.422777e-09,   0.0000000000,
                      87.422777e-09,  -1.0000000000,  -0.0000000000,
                       0.0000000000,   0.0000000000,   1.0000000000
                  </Orientation>
                  <Position type="Vector">2.3894801, -14.357021, -130.62306</Position>
               </HpGun01>
               <HpTurret14>
                  <Axis type="Vector">0, 1, 0</Axis>
                  <Max type="float">3.1415927</Max>
                  <Min type="float">-3.1415927</Min>
                  <Orientation type="Matrix">
                      -0.9816270500,  -0.1905475100,  -0.0099861724,
                       0.1908090000,  -0.9802817700,  -0.0513744020,
                       0.0000000000,  -0.0523359590,   0.9986295700
                  </Orientation>
                  <Position type="Vector">-13.47176, -16.217304, -75.869583</Position>
               </HpTurret14>
               <HpTurret15>
                  <Axis type="Vector">0, 1, 0</Axis>
                  <Max type="float">3.1415927</Max>
                  <Min type="float">-3.1415927</Min>
                  <Orientation type="Matrix">
                      -0.9816270500,   0.1905475100,   0.0099861724,
                      -0.1908090000,  -0.9802817700,  -0.0513744020,
                       0.0000000000,  -0.0523359590,   0.9986295700
                  </Orientation>
                  <Position type="Vector">18.414162, -16.184088, -75.918221</Position>
               </HpTurret15>
               <HpTurret16>
                  <Axis type="Vector">0, 1, 0</Axis>
                  <Max type="float">1.5707964</Max>
                  <Min type="float">-1.5707964</Min>
                  <Orientation type="Matrix">
                       1.0000000000,   0.0000000000,   0.0000000000,
                       0.0000000000,   0.9975640800,   0.0697564710,
                       0.0000000000,  -0.0697564710,   0.9975640800
                  </Orientation>
                  <Position type="Vector">2.3759279, 49.99337, 52.464451</Position>
               </HpTurret16>
               <HpTurret17>
                  <Axis type="Vector">0, 1, 0</Axis>
                  <Max type="float">3.1415927</Max>
                  <Min type="float">-0.78539819</Min>
                  <Orientation type="Matrix">
                       0.9816272300,  -0.1903442000,  -0.0133101620,
                       0.1908090000,   0.9792360100,   0.0684748520,
                       0.0000000000,  -0.0697564710,   0.9975640800
                  </Orientation>
                  <Position type="Vector">-21.896536, 45.085148, 64.129906</Position>
               </HpTurret17>
               <HpTurret18>
                  <Axis type="Vector">0, 1, 0</Axis>
                  <Max type="float">0.78539819</Max>
                  <Min type="float">-3.1415927</Min>
                  <Orientation type="Matrix">
                       0.9816272300,   0.1903442000,   0.0133101620,
                      -0.1908090000,   0.9792360100,   0.0684748520,
                       0.0000000000,  -0.0697564710,   0.9975640800
                  </Orientation>
                  <Position type="Vector">26.481142, 45.129681, 64.10096</Position>
               </HpTurret18>
            </Revolute>
         </Hardpoints>
      </Chancellor_Super_Str_lod1221028124520.3db>
      <Chancellor_Engines_lod1221028124520.3db>
         <VMeshPart>
            <VMeshRef type="VMeshRef">
               <!-- header size  --> 60,
               <!-- vmesh lib    --> chancellor.lod0-112.vms,
               <!-- start vert   --> 18137,
               <!-- num verts    --> 4141,
               <!-- start index  --> 31458,
               <!-- num indices  --> 12636,
               <!-- start mesh   --> 4,
               <!-- num meshes   --> 1,
               <!-- bounding box -->  108.32104,    23.233335, 172.63466,
                                     -103.51729,   -27.662718, 128.36835,
               <!-- center       -->    2.4018629,  23.69331,  -21.794159,
               <!-- radius       --> 208.37563
            </VMeshRef>
         </VMeshPart>
         <Hardpoints>
            <Fixed>
               <HpEngine01>
                  <Orientation type="Matrix">
                       1.0000000000,   0.0000000000,   0.0000000000,
                       0.0000000000,   1.0000000000,   0.0000000000,
                       0.0000000000,   0.0000000000,   1.0000000000
                  </Orientation>
                  <Position type="Vector">2.5671721, -2.0607309, 156.03549</Position>
               </HpEngine01>
               <HpEngine02>
                  <Orientation type="Matrix">
                       1.0000000000,   0.0000000000,   0.0000000000,
                       0.0000000000,   1.0000000000,   0.0000000000,
                       0.0000000000,   0.0000000000,   1.0000000000
                  </Orientation>
                  <Position type="Vector">-52.539917, -2.1008241, 156.03098</Position>
               </HpEngine02>
               <HpEngine03>
                  <Orientation type="Matrix">
                       1.0000000000,   0.0000000000,   0.0000000000,
                       0.0000000000,   1.0000000000,   0.0000000000,
                       0.0000000000,   0.0000000000,   1.0000000000
                  </Orientation>
                  <Position type="Vector">57.648098, -2.103349, 156.02965</Position>
               </HpEngine03>
               <HpEngFx01>
                  <Orientation type="Matrix">
                       1.0000000000,   0.0000000000,   0.0000000000,
                       0.0000000000,   1.0000000000,   0.0000000000,
                       0.0000000000,   0.0000000000,   1.0000000000
                  </Orientation>
                  <Position type="Vector">-24.99155, 9.3124018, 164.82748</Position>
               </HpEngFx01>
               <HpEngFx02>
                  <Orientation type="Matrix">
                       1.0000000000,   0.0000000000,   0.0000000000,
                       0.0000000000,   1.0000000000,   0.0000000000,
                       0.0000000000,   0.0000000000,   1.0000000000
                  </Orientation>
                  <Position type="Vector">-25.012558, -13.733245, 164.82748</Position>
               </HpEngFx02>
               <HpEngFx03>
                  <Orientation type="Matrix">
                       1.0000000000,   0.0000000000,   0.0000000000,
                       0.0000000000,   1.0000000000,   0.0000000000,
                       0.0000000000,   0.0000000000,   1.0000000000
                  </Orientation>
                  <Position type="Vector">29.829166, 9.3203211, 164.82748</Position>
               </HpEngFx03>
               <HpEngFx04>
                  <Orientation type="Matrix">
                       1.0000000000,   0.0000000000,   0.0000000000,
                       0.0000000000,   1.0000000000,   0.0000000000,
                       0.0000000000,   0.0000000000,   1.0000000000
                  </Orientation>
                  <Position type="Vector">29.832336, -13.737586, 164.82748</Position>
               </HpEngFx04>
            </Fixed>
         </Hardpoints>
      </Chancellor_Engines_lod1221028124520.3db>
      <Chancellor_Hull_lod1221028124520.3db>
         <VMeshPart>
            <VMeshRef type="VMeshRef">
               <!-- header size  --> 60,
               <!-- vmesh lib    --> chancellor.lod0-112.vms,
               <!-- start vert   --> 22278,
               <!-- num verts    --> 4611,
               <!-- start index  --> 44094,
               <!-- num indices  --> 9282,
               <!-- start mesh   --> 5,
               <!-- num meshes   --> 1,
               <!-- bounding box -->  114.63972,    77.3983,    183.89667,
                                     -109.83597,   -36.832054, -232.96124,
               <!-- center       -->    2.4018629,  23.69331,   -21.794159,
               <!-- radius       --> 213.901
            </VMeshRef>
         </VMeshPart>
         <Hardpoints>
            <Revolute>
               <HpTorpedo01>
                  <Axis type="Vector">0, 1, 0</Axis>
                  <Max type="float">2.2689281</Max>
                  <Min type="float">-2.2689281</Min>
                  <Orientation type="Matrix">
                      -1.0000000000, -87.090108e-09, -7.6193967e-09,
                      87.422784e-09,  -0.9961947200,  -0.0871557440,
                      444.08921e-18,  -0.0871557440,   0.9961947200
                  </Orientation>
                  <Position type="Vector">2.4018829, -34.009846, 58.614677</Position>
               </HpTorpedo01>
               <HpTurret01>
                  <Axis type="Vector">0, 1, 0</Axis>
                  <Max type="float">3.1415927</Max>
                  <Min type="float">-3.1415927</Min>
                  <Orientation type="Matrix">
                      -1.0000000000, -87.090108e-09, -7.6193967e-09,
                      87.422784e-09,  -0.9961947200,  -0.0871557440,
                      444.08921e-18,  -0.0871557440,   0.9961947200
                  </Orientation>
                  <Position type="Vector">2.418128, -34.006557, 58.607018</Position>
               </HpTurret01>
               <HpTurret02>
                  <Axis type="Vector">0, 1, 0</Axis>
                  <Max type="float">1.5707964</Max>
                  <Min type="float">-1.5707964</Min>
                  <Orientation type="Matrix">
                      46.216883e-09,   0.0000000000,   0.9999998200,
                      -0.0697564630,   0.9975640800, -7.4505806e-09,
                      -0.9975639000,  -0.0697564630,  59.604645e-09
                  </Orientation>
                  <Position type="Vector">-58.743492, 11.658657, 57.984753</Position>
               </HpTurret02>
               <HpTurret03>
                  <Axis type="Vector">0, 1, 0</Axis>
                  <Max type="float">1.5707964</Max>
                  <Min type="float">-1.5707964</Min>
                  <Orientation type="Matrix">
                      46.216883e-09,   0.0000000000,  -0.9999998200,
                       0.0697564630,   0.9975640800, -7.4505806e-09,
                       0.9975639000,  -0.0697564630,  59.604645e-09
                  </Orientation>
                  <Position type="Vector">63.500534, 11.663813, 58.057472</Position>
               </HpTurret03>
               <HpTurret04>
                  <Axis type="Vector">0, 1, 0</Axis>
                  <Max type="float">1.5707964</Max>
                  <Min type="float">-1.5707964</Min>
                  <Orientation type="Matrix">
                      46.216883e-09,   0.0000000000,   0.9999998200,
                      -0.0697564630,   0.9975640800, -7.4505806e-09,
                      -0.9975639000,  -0.0697564630,  59.604645e-09
                  </Orientation>
                  <Position type="Vector">-58.677971, 12.813185, 74.290283</Position>
               </HpTurret04>
               <HpTurret05>
                  <Axis type="Vector">0, 1, 0</Axis>
                  <Max type="float">1.5707964</Max>
                  <Min type="float">-1.5707964</Min>
                  <Orientation type="Matrix">
                      46.216883e-09,   0.0000000000,  -0.9999998200,
                       0.0697564630,   0.9975640800, -7.4505806e-09,
                       0.9975639000,  -0.0697564630,  59.604645e-09
                  </Orientation>
                  <Position type="Vector">63.473454, 12.822571, 74.422752</Position>
               </HpTurret05>
               <HpTurret06>
                  <Axis type="Vector">0, 1, 0</Axis>
                  <Max type="float">1.5707964</Max>
                  <Min type="float">-1.5707964</Min>
                  <Orientation type="Matrix">
                      46.216883e-09,   0.0000000000,   0.9999998200,
                      -0.0697564630,   0.9975640800, -7.4505806e-09,
                      -0.9975639000,  -0.0697564630,  59.604645e-09
                  </Orientation>
                  <Position type="Vector">-58.753902, 13.980024, 90.770248</Position>
               </HpTurret06>
               <HpTurret07>
                  <Axis type="Vector">0, 1, 0</Axis>
                  <Max type="float">1.5707964</Max>
                  <Min type="float">-1.5707964</Min>
                  <Orientation type="Matrix">
                      46.216883e-09,   0.0000000000,  -0.9999998200,
                       0.0697564630,   0.9975640800, -7.4505806e-09,
                       0.9975639000,  -0.0697564630,  59.604645e-09
                  </Orientation>
                  <Position type="Vector">63.447266, 13.973221, 90.67411</Position>
               </HpTurret07>
               <HpTurret08>
                  <Axis type="Vector">0, 1, 0</Axis>
                  <Max type="float">1.5707964</Max>
                  <Min type="float">-1.5707964</Min>
                  <Orientation type="Matrix">
                      46.216883e-09,   0.0000000000,   0.9999998200,
                      -0.0697564630,   0.9975640800, -7.4505806e-09,
                      -0.9975639000,  -0.0697564630,  59.604645e-09
                  </Orientation>
                  <Position type="Vector">-58.916759, 15.138968, 107.13885</Position>
               </HpTurret08>
               <HpTurret09>
                  <Axis type="Vector">0, 1, 0</Axis>
                  <Max type="float">1.5707964</Max>
                  <Min type="float">-1.5707964</Min>
                  <Orientation type="Matrix">
                      46.216883e-09,   0.0000000000,  -0.9999998200,
                       0.0697564630,   0.9975640800, -7.4505806e-09,
                       0.9975639000,  -0.0697564630,  59.604645e-09
                  </Orientation>
                  <Position type="Vector">63.548496, 15.13165, 107.03542</Position>
               </HpTurret09>
               <HpTurret10>
                  <Axis type="Vector">0, 1, 0</Axis>
                  <Max type="float">3.1415927</Max>
                  <Min type="float">-3.1415927</Min>
                  <Orientation type="Matrix">
                      -0.9816270500,  -0.1905475100,  -0.0099861724,
                       0.1908090000,  -0.9802817700,  -0.0513744020,
                       0.0000000000,  -0.0523359590,   0.9986295700
                  </Orientation>
                  <Position type="Vector">-53.399574, -15.055796, 26.315245</Position>
               </HpTurret10>
               <HpTurret11>
                  <Axis type="Vector">0, 1, 0</Axis>
                  <Max type="float">3.1415927</Max>
                  <Min type="float">-3.1415927</Min>
                  <Orientation type="Matrix">
                      -0.9816270500,   0.1905475100,   0.0099861724,
                      -0.1908090000,  -0.9802817700,  -0.0513744020,
                       0.0000000000,  -0.0523359590,   0.9986295700
                  </Orientation>
                  <Position type="Vector">58.204483, -15.049281, 26.229708</Position>
               </HpTurret11>
               <HpTurret12>
                  <Axis type="Vector">0, 1, 0</Axis>
                  <Max type="float">3.1415927</Max>
                  <Min type="float">-3.1415927</Min>
                  <Orientation type="Matrix">
                      -0.9816270500,  -0.1905475100,  -0.0099861724,
                       0.1908090000,  -0.9802817700,  -0.0513744020,
                       0.0000000000,  -0.0523359590,   0.9986295700
                  </Orientation>
                  <Position type="Vector">-96.278412, -12.914668, 121.42413</Position>
               </HpTurret12>
               <HpTurret13>
                  <Axis type="Vector">0, 1, 0</Axis>
                  <Max type="float">3.1415927</Max>
                  <Min type="float">-3.1415927</Min>
                  <Orientation type="Matrix">
                      -0.9816270500,   0.1905475100,   0.0099861724,
                      -0.1908090000,  -0.9802817700,  -0.0513744020,
                       0.0000000000,  -0.0523359590,   0.9986295700
                  </Orientation>
                  <Position type="Vector">101.21549, -12.896437, 121.55688</Position>
               </HpTurret13>
            </Revolute>
         </Hardpoints>
      </Chancellor_Hull_lod1221028124520.3db>
      <Chancellor_Hanger_lod1221028124520.3db>
         <VMeshPart>
            <VMeshRef type="VMeshRef">
               <!-- header size  --> 60,
               <!-- vmesh lib    --> chancellor.lod0-112.vms,
               <!-- start vert   --> 26889,
               <!-- num verts    --> 64,
               <!-- start index  --> 53376,
               <!-- num indices  --> 120,
               <!-- start mesh   --> 6,
               <!-- num meshes   --> 1,
               <!-- bounding box -->  21.199707,   -6.4930601,  -19.069113,
                                     -16.395943,  -22.371096,  -106.28803,
               <!-- center       -->   2.4018629,  23.69331,    -21.794159,
               <!-- radius       --> 93.404053
            </VMeshRef>
         </VMeshPart>
      </Chancellor_Hanger_lod1221028124520.3db>
   </UTF_ROOT>
</UTFXML>
