<?xml version="1.0" encoding="ISO-8859-1"?>
<!-- XML generated by UTFXML Version 2.2 built 19-Aug-2010 -->
<UTFXML filename="Imperial2_class_Star_Destroyer.cmp" path="SHIPS\new\other\Starwars">
   <UTF_ROOT>
      <VMeshLibrary>
         <I2_S_D_Root.lod0.vms include="Imperial2_class_Star_Destroyer_cmp\lod0.vms.xml"/>
      </VMeshLibrary>
      <Cmpnd>
         <Cons>
            <Fix type="Fix" count="8">
               <part>
                  <!-- parent      --> "Root",
                  <!-- child       --> "I2_S_D1_lod1",
                  <!-- position    --> 0, 0, 0,
                  <!-- orientation -->   1.0000000000,   0.0000000000,   0.0000000000,
                                         0.0000000000,   1.0000000000,   0.0000000000,
                                         0.0000000000,   0.0000000000,   1.0000000000
               </part>
               <part>
                  <!-- parent      --> "Root",
                  <!-- child       --> "I2_S_D2_lod1",
                  <!-- position    --> 0, 0, 0,
                  <!-- orientation -->   1.0000000000,   0.0000000000,   0.0000000000,
                                         0.0000000000,   1.0000000000,   0.0000000000,
                                         0.0000000000,   0.0000000000,   1.0000000000
               </part>
               <part>
                  <!-- parent      --> "Root",
                  <!-- child       --> "I2_S_D3_lod1",
                  <!-- position    --> 0, 0, 0,
                  <!-- orientation -->   1.0000000000,   0.0000000000,   0.0000000000,
                                         0.0000000000,   1.0000000000,   0.0000000000,
                                         0.0000000000,   0.0000000000,   1.0000000000
               </part>
               <part>
                  <!-- parent      --> "Root",
                  <!-- child       --> "I2_S_D4_lod1",
                  <!-- position    --> 0, 0, 0,
                  <!-- orientation -->   1.0000000000,   0.0000000000,   0.0000000000,
                                         0.0000000000,   1.0000000000,   0.0000000000,
                                         0.0000000000,   0.0000000000,   1.0000000000
               </part>
               <part>
                  <!-- parent      --> "Root",
                  <!-- child       --> "I2_S_D5_lod1",
                  <!-- position    --> 0, 0, 0,
                  <!-- orientation -->   1.0000000000,   0.0000000000,   0.0000000000,
                                         0.0000000000,   1.0000000000,   0.0000000000,
                                         0.0000000000,   0.0000000000,   1.0000000000
               </part>
               <part>
                  <!-- parent      --> "Root",
                  <!-- child       --> "I2_S_D6_lod1",
                  <!-- position    --> 0, 0, 0,
                  <!-- orientation -->   1.0000000000,   0.0000000000,   0.0000000000,
                                         0.0000000000,   1.0000000000,   0.0000000000,
                                         0.0000000000,   0.0000000000,   1.0000000000
               </part>
               <part>
                  <!-- parent      --> "Root",
                  <!-- child       --> "I2_S_D7_lod1",
                  <!-- position    --> 0, 0, 0,
                  <!-- orientation -->   1.0000000000,   0.0000000000,   0.0000000000,
                                         0.0000000000,   1.0000000000,   0.0000000000,
                                         0.0000000000,   0.0000000000,   1.0000000000
               </part>
               <part>
                  <!-- parent      --> "Root",
                  <!-- child       --> "I2_S_D8_lod1",
                  <!-- position    --> 0, 0, 0,
                  <!-- orientation -->   1.0000000000,   0.0000000000,   0.0000000000,
                                         0.0000000000,   1.0000000000,   0.0000000000,
                                         0.0000000000,   0.0000000000,   1.0000000000
               </part>
            </Fix>
         </Cons>
         <Root>
            <File_name name="File name" type="text">I2_S_D_Root_lod1.3db</File_name>
            <Index type="int">0</Index>
            <Object_name name="Object name" type="text">Root</Object_name>
         </Root>
         <Part_I2_S_D1_lod1>
            <File_name name="File name" type="text">I2_S_D1_lod1.3db</File_name>
            <Index type="int">1</Index>
            <Object_name name="Object name" type="text">I2_S_D1_lod1</Object_name>
         </Part_I2_S_D1_lod1>
         <Part_I2_S_D2_lod1>
            <File_name name="File name" type="text">I2_S_D2_lod1.3db</File_name>
            <Index type="int">2</Index>
            <Object_name name="Object name" type="text">I2_S_D2_lod1</Object_name>
         </Part_I2_S_D2_lod1>
         <Part_I2_S_D3_lod1>
            <File_name name="File name" type="text">I2_S_D3_lod1.3db</File_name>
            <Index type="int">3</Index>
            <Object_name name="Object name" type="text">I2_S_D3_lod1</Object_name>
         </Part_I2_S_D3_lod1>
         <Part_I2_S_D4_lod1>
            <File_name name="File name" type="text">I2_S_D4_lod1.3db</File_name>
            <Index type="int">4</Index>
            <Object_name name="Object name" type="text">I2_S_D4_lod1</Object_name>
         </Part_I2_S_D4_lod1>
         <Part_I2_S_D5_lod1>
            <File_name name="File name" type="text">I2_S_D5_lod1.3db</File_name>
            <Index type="int">5</Index>
            <Object_name name="Object name" type="text">I2_S_D5_lod1</Object_name>
         </Part_I2_S_D5_lod1>
         <Part_I2_S_D6_lod1>
            <File_name name="File name" type="text">I2_S_D6_lod1.3db</File_name>
            <Index type="int">6</Index>
            <Object_name name="Object name" type="text">I2_S_D6_lod1</Object_name>
         </Part_I2_S_D6_lod1>
         <Part_I2_S_D7_lod1>
            <File_name name="File name" type="text">I2_S_D7_lod1.3db</File_name>
            <Index type="int">7</Index>
            <Object_name name="Object name" type="text">I2_S_D7_lod1</Object_name>
         </Part_I2_S_D7_lod1>
         <Part_I2_S_D8_lod1>
            <File_name name="File name" type="text">I2_S_D8_lod1.3db</File_name>
            <Index type="int">8</Index>
            <Object_name name="Object name" type="text">I2_S_D8_lod1</Object_name>
         </Part_I2_S_D8_lod1>
      </Cmpnd>
      <I2_S_D_Root_lod1.3db>
         <MultiLevel>
            <Level0>
               <VMeshPart>
                  <VMeshRef type="VMeshRef">
                     <!-- header size  --> 60,
                     <!-- vmesh lib    --> I2_S_D_Root.lod0.vms,
                     <!-- start vert   --> 0,
                     <!-- num verts    --> 20,
                     <!-- start index  --> 0,
                     <!-- num indices  --> 36,
                     <!-- start mesh   --> 0,
                     <!-- num meshes   --> 1,
                     <!-- bounding box -->  132.33073,     87.866859,  180.55867,
                                           -132.33249,    -34.772923, -248.3367,
                     <!-- center       --> -877.38037e-6,  26.546968,  -33.889015,
                     <!-- radius       --> 368.49271
                  </VMeshRef>
               </VMeshPart>
            </Level0>
         </MultiLevel>
         <Hardpoints>
            <Fixed>
               <HpMount>
                  <Orientation type="Matrix">
                       1.0000000000,   0.0000000000,   0.0000000000,
                       0.0000000000,   1.0000000000,   0.0000000000,
                       0.0000000000,   0.0000000000,   1.0000000000
                  </Orientation>
                  <Position type="Vector">0, -45, -175</Position>
               </HpMount>
               <HpCloak01>
                  <Orientation type="Matrix">
                       1.0000000000,   0.0000000000,   0.0000000000,
                       0.0000000000,   1.0000000000,   0.0000000000,
                       0.0000000000,   0.0000000000,   1.0000000000
                  </Orientation>
                  <Position type="Vector">0, 0, 0</Position>
               </HpCloak01>
               <HpBayDoor01>
                  <Orientation type="Matrix">
                       1.0000000000,   0.0000000000,   0.0000000000,
                       0.0000000000,   1.0000000000,   0.0000000000,
                       0.0000000000,   0.0000000000,   1.0000000000
                  </Orientation>
                  <Position type="Vector">0, -55, 0</Position>
               </HpBayDoor01>
               <HpBayDoor02>
                  <Orientation type="Matrix">
                       1.0000000000,   0.0000000000,   0.0000000000,
                       0.0000000000,   1.0000000000,   0.0000000000,
                       0.0000000000,   0.0000000000,   1.0000000000
                  </Orientation>
                  <Position type="Vector">0, -60, 0</Position>
               </HpBayDoor02>
               <HpFX01>
                  <Orientation type="Matrix">
                       1.0000000000,   0.0000000000,   0.0000000000,
                       0.0000000000,   1.0000000000,   0.0000000000,
                       0.0000000000,   0.0000000000,   1.0000000000
                  </Orientation>
                  <Position type="Vector">0, 0, 0</Position>
               </HpFX01>
               <HpFX02>
                  <Orientation type="Matrix">
                      59.604645e-09,   0.9999998800,   0.0000000000,
                      -0.9999998800,  59.604645e-09,   0.0000000000,
                       0.0000000000,   0.0000000000,   1.0000000000
                  </Orientation>
                  <Position type="Vector">0, 0, 0</Position>
               </HpFX02>
               <HpFX03>
                  <Orientation type="Matrix">
                       1.0000000000,   0.0000000000,   0.0000000000,
                       0.0000000000,  59.604645e-09,   0.9999998800,
                       0.0000000000,  -0.9999998800,  59.604645e-09
                  </Orientation>
                  <Position type="Vector">0, 0, 0</Position>
               </HpFX03>
               <HpFX04>
                  <Orientation type="Matrix">
                       1.0000000000,   0.0000000000,   0.0000000000,
                       0.0000000000,   1.0000000000,   0.0000000000,
                       0.0000000000,   0.0000000000,   1.0000000000
                  </Orientation>
                  <Position type="Vector">0, 0, 0</Position>
               </HpFX04>
               <HpFX05>
                  <Orientation type="Matrix">
                       1.0000000000,   0.0000000000,   0.0000000000,
                       0.0000000000,   1.0000000000,   0.0000000000,
                       0.0000000000,   0.0000000000,   1.0000000000
                  </Orientation>
                  <Position type="Vector">0, 0, 0</Position>
               </HpFX05>
               <HpFX06>
                  <Orientation type="Matrix">
                       1.0000000000,   0.0000000000,   0.0000000000,
                       0.0000000000,   1.0000000000,   0.0000000000,
                       0.0000000000,   0.0000000000,   1.0000000000
                  </Orientation>
                  <Position type="Vector">0, 0, 0</Position>
               </HpFX06>
               <HpFX07>
                  <Orientation type="Matrix">
                       1.0000000000,   0.0000000000,   0.0000000000,
                       0.0000000000,   1.0000000000,   0.0000000000,
                       0.0000000000,   0.0000000000,   1.0000000000
                  </Orientation>
                  <Position type="Vector">0, 0, 0</Position>
               </HpFX07>
               <HpShield01>
                  <Orientation type="Matrix">
                       1.0000000000,   0.0000000000,   0.0000000000,
                       0.0000000000,   1.0000000000,   0.0000000000,
                       0.0000000000,   0.0000000000,   1.0000000000
                  </Orientation>
                  <Position type="Vector">0, 0, 0</Position>
               </HpShield01>
            </Fixed>
         </Hardpoints>
      </I2_S_D_Root_lod1.3db>
      <I2_S_D1_lod1.3db>
         <MultiLevel>
            <Level0>
               <VMeshPart>
                  <VMeshRef type="VMeshRef">
                     <!-- header size  --> 60,
                     <!-- vmesh lib    --> I2_S_D_Root.lod0.vms,
                     <!-- start vert   --> 20,
                     <!-- num verts    --> 1812,
                     <!-- start index  --> 36,
                     <!-- num indices  --> 3282,
                     <!-- start mesh   --> 1,
                     <!-- num meshes   --> 1,
                     <!-- bounding box -->  132.33073,     87.866859,  180.55867,
                                           -132.33249,    -34.772923, -248.3367,
                     <!-- center       --> -877.38037e-6,  26.546968,  -33.889015,
                     <!-- radius       --> 368.49271
                  </VMeshRef>
               </VMeshPart>
            </Level0>
         </MultiLevel>
      </I2_S_D1_lod1.3db>
      <I2_S_D2_lod1.3db>
         <MultiLevel>
            <Level0>
               <VMeshPart>
                  <VMeshRef type="VMeshRef">
                     <!-- header size  --> 60,
                     <!-- vmesh lib    --> I2_S_D_Root.lod0.vms,
                     <!-- start vert   --> 1832,
                     <!-- num verts    --> 9083,
                     <!-- start index  --> 3318,
                     <!-- num indices  --> 15954,
                     <!-- start mesh   --> 2,
                     <!-- num meshes   --> 1,
                     <!-- bounding box -->  132.33073,     87.866859,  180.55867,
                                           -132.33249,    -34.772923, -248.3367,
                     <!-- center       --> -877.38037e-6,  26.546968,  -33.889015,
                     <!-- radius       --> 368.49271
                  </VMeshRef>
               </VMeshPart>
            </Level0>
         </MultiLevel>
         <Hardpoints>
            <Fixed>
               <HpDocklight01>
                  <Orientation type="Matrix">
                       1.0000000000,   0.0000000000,   0.0000000000,
                       0.0000000000,   1.0000000000,   0.0000000000,
                       0.0000000000,   0.0000000000,   1.0000000000
                  </Orientation>
                  <Position type="Vector">-25.748169, 87.785919, 94.826233</Position>
               </HpDocklight01>
               <HpDocklight02>
                  <Orientation type="Matrix">
                       1.0000000000,   0.0000000000,   0.0000000000,
                       0.0000000000,   1.0000000000,   0.0000000000,
                       0.0000000000,   0.0000000000,   1.0000000000
                  </Orientation>
                  <Position type="Vector">25.760345, 87.782761, 94.828323</Position>
               </HpDocklight02>
               <HpRunningLight01>
                  <Orientation type="Matrix">
                       1.0000000000,   0.0000000000,   0.0000000000,
                       0.0000000000,   1.0000000000,   0.0000000000,
                       0.0000000000,   0.0000000000,   1.0000000000
                  </Orientation>
                  <Position type="Vector">-25.754745, 87.784332, 94.821396</Position>
               </HpRunningLight01>
               <HpRunningLight02>
                  <Orientation type="Matrix">
                       1.0000000000,   0.0000000000,   0.0000000000,
                       0.0000000000,   1.0000000000,   0.0000000000,
                       0.0000000000,   0.0000000000,   1.0000000000
                  </Orientation>
                  <Position type="Vector">25.750507, 87.784523, 94.820152</Position>
               </HpRunningLight02>
            </Fixed>
            <Revolute>
               <HpTurret06>
                  <Axis type="Vector">0, 1, 0</Axis>
                  <Max type="float">1.5707964</Max>
                  <Min type="float">-3.1415927</Min>
                  <Orientation type="Matrix">
                       0.0145031010,  -0.2074052100,   0.9781475700,
                      -0.0682321410,   0.9757649300,   0.2079116700,
                      -0.9975640200,  -0.0697564710, -59.604645e-09
                  </Orientation>
                  <Position type="Vector">-24.546484, 47.82954, 52.924221</Position>
               </HpTurret06>
               <HpTurret07>
                  <Axis type="Vector">0, 1, 0</Axis>
                  <Max type="float">3.1415927</Max>
                  <Min type="float">-1.5707964</Min>
                  <Orientation type="Matrix">
                       0.0145031010,   0.2074052100,  -0.9781475700,
                       0.0682321410,   0.9757649300,   0.2079116700,
                       0.9975640200,  -0.0697564710, -59.604645e-09
                  </Orientation>
                  <Position type="Vector">24.535082, 47.833118, 52.945854</Position>
               </HpTurret07>
               <HpTurret16>
                  <Axis type="Vector">0, 1, 0</Axis>
                  <Max type="float">1.6580628</Max>
                  <Min type="float">-1.6580628</Min>
                  <Orientation type="Matrix">
                       1.0000000000,   0.0000000000,   0.0000000000,
                       0.0000000000,   0.9975640800,   0.0697564710,
                       0.0000000000,  -0.0697564710,   0.9975640800
                  </Orientation>
                  <Position type="Vector">0, 52.793362, 41.248684</Position>
               </HpTurret16>
            </Revolute>
         </Hardpoints>
      </I2_S_D2_lod1.3db>
      <I2_S_D3_lod1.3db>
         <MultiLevel>
            <Level0>
               <VMeshPart>
                  <VMeshRef type="VMeshRef">
                     <!-- header size  --> 60,
                     <!-- vmesh lib    --> I2_S_D_Root.lod0.vms,
                     <!-- start vert   --> 10915,
                     <!-- num verts    --> 3303,
                     <!-- start index  --> 19272,
                     <!-- num indices  --> 7872,
                     <!-- start mesh   --> 3,
                     <!-- num meshes   --> 1,
                     <!-- bounding box -->  132.33073,     87.866859,  180.55867,
                                           -132.33249,    -34.772923, -248.3367,
                     <!-- center       --> -877.38037e-6,  26.546968,  -33.889015,
                     <!-- radius       --> 368.49271
                  </VMeshRef>
               </VMeshPart>
            </Level0>
         </MultiLevel>
         <Hardpoints>
            <Revolute>
               <HpTurret01>
                  <Axis type="Vector">0, 1, 0</Axis>
                  <Max type="float">3.1415927</Max>
                  <Min type="float">-3.1415927</Min>
                  <Orientation type="Matrix">
                      -1.0000000000, -87.209820e-09, -6.0983045e-09,
                      87.422784e-09,  -0.9975640800,  -0.0697564710,
                       0.0000000000,  -0.0697564710,   0.9975640800
                  </Orientation>
                  <Position type="Vector">0, -31.706755, 47.055161</Position>
               </HpTurret01>
               <HpTurret02>
                  <Axis type="Vector">0, 1, 0</Axis>
                  <Max type="float">1.6580628</Max>
                  <Min type="float">-1.6580628</Min>
                  <Orientation type="Matrix">
                       0.0121129350,  -0.1732251800,   0.9848077300,
                      -0.0686967220,   0.9824087600,   0.1736481600,
                      -0.9975640800,  -0.0697564630, -178.81393e-09
                  </Orientation>
                  <Position type="Vector">-92.593712, 11.408701, 97.735283</Position>
               </HpTurret02>
               <HpTurret03>
                  <Axis type="Vector">0, 1, 0</Axis>
                  <Max type="float">1.6580628</Max>
                  <Min type="float">-1.6580628</Min>
                  <Orientation type="Matrix">
                       0.0121129350,   0.1732251800,  -0.9848077300,
                       0.0686967220,   0.9824087600,   0.1736481600,
                       0.9975640800,  -0.0697564630, -178.81393e-09
                  </Orientation>
                  <Position type="Vector">92.542496, 11.411653, 97.634552</Position>
               </HpTurret03>
               <HpTurret04>
                  <Axis type="Vector">0, 1, 0</Axis>
                  <Max type="float">3.1415927</Max>
                  <Min type="float">-3.1415927</Min>
                  <Orientation type="Matrix">
                      -0.0145030020,  -0.2074051400,   0.9781475700,
                      -0.0682321340,  -0.9757648100,  -0.2079116000,
                       0.9975640200,  -0.0697564630, -74.505806e-09
                  </Orientation>
                  <Position type="Vector">-99.107445, -10.801447, 111.22762</Position>
               </HpTurret04>
               <HpTurret05>
                  <Axis type="Vector">0, 1, 0</Axis>
                  <Max type="float">3.1415927</Max>
                  <Min type="float">-3.1415927</Min>
                  <Orientation type="Matrix">
                      -0.0145030020,   0.2074051400,  -0.9781475700,
                       0.0682321340,  -0.9757648100,  -0.2079116000,
                      -0.9975640200,  -0.0697564630, -74.505806e-09
                  </Orientation>
                  <Position type="Vector">99.066399, -10.788683, 110.94065</Position>
               </HpTurret05>
               <HpTurret08>
                  <Axis type="Vector">0, 1, 0</Axis>
                  <Max type="float">3.1415927</Max>
                  <Min type="float">-3.1415927</Min>
                  <Orientation type="Matrix">
                      -0.9816271700,  -0.1903442100,  -0.0133101630,
                       0.1908090100,  -0.9792359500,  -0.0684748520,
                       0.0000000000,  -0.0697564710,   0.9975640800
                  </Orientation>
                  <Position type="Vector">-55.466297, -13.01476, 14.717477</Position>
               </HpTurret08>
               <HpTurret09>
                  <Axis type="Vector">0, 1, 0</Axis>
                  <Max type="float">3.1415927</Max>
                  <Min type="float">-3.1415927</Min>
                  <Orientation type="Matrix">
                      -0.9816271700,   0.1903442100,   0.0133101630,
                      -0.1908090100,  -0.9792359500,  -0.0684748520,
                       0.0000000000,  -0.0697564710,   0.9975640800
                  </Orientation>
                  <Position type="Vector">55.456448, -13.011269, 14.667952</Position>
               </HpTurret09>
               <HpTurret10>
                  <Axis type="Vector">0, 1, 0</Axis>
                  <Max type="float">1.5707964</Max>
                  <Min type="float">-1.5707964</Min>
                  <Orientation type="Matrix">
                      238.41858e-09,  -0.9999997600,  59.604645e-09,
                     -59.604645e-09,  178.81393e-09,  -0.9999997600,
                       0.9999997600,   0.0000000000,  178.81393e-09
                  </Orientation>
                  <Position type="Vector">-37.181824, 67.327782, 98.947289</Position>
               </HpTurret10>
               <HpTurret11>
                  <Axis type="Vector">0, 1, 0</Axis>
                  <Max type="float">1.5707964</Max>
                  <Min type="float">-1.5707964</Min>
                  <Orientation type="Matrix">
                      238.41858e-09,   0.9999997600, -59.604645e-09,
                      59.604645e-09,  178.81393e-09,  -0.9999997600,
                      -0.9999997600,   0.0000000000,  178.81393e-09
                  </Orientation>
                  <Position type="Vector">37.180031, 67.349449, 99.023781</Position>
               </HpTurret11>
               <HpTurret22>
                  <Axis type="Vector">0, 1, 0</Axis>
                  <Max type="float">1.5707964</Max>
                  <Min type="float">-1.5707964</Min>
                  <Orientation type="Matrix">
                      -1.0000000000,  444.08921e-18,  87.422784e-09,
                     -7.6193967e-09,   0.9961947200,  -0.0871557440,
                     -87.090108e-09,  -0.0871557440,  -0.9961947200
                  </Orientation>
                  <Position type="Vector">0, 73.420975, 146.75122</Position>
               </HpTurret22>
               <HpTurret23>
                  <Axis type="Vector">0, 1, 0</Axis>
                  <Max type="float">0.78539819</Max>
                  <Min type="float">-0.78539819</Min>
                  <Orientation type="Matrix">
                      46.216883e-09,   0.0000000000,   0.9999998200,
                      -0.0697564630,   0.9975640800, -7.4505806e-09,
                      -0.9975639000,  -0.0697564630,  59.604645e-09
                  </Orientation>
                  <Position type="Vector">-62.140221, 14.033531, 46.604927</Position>
               </HpTurret23>
               <HpTurret24>
                  <Axis type="Vector">0, 1, 0</Axis>
                  <Max type="float">0.78539819</Max>
                  <Min type="float">-0.78539819</Min>
                  <Orientation type="Matrix">
                      46.216883e-09,   0.0000000000,  -0.9999998200,
                       0.0697564630,   0.9975640800, -7.4505806e-09,
                       0.9975639000,  -0.0697564630,  59.604645e-09
                  </Orientation>
                  <Position type="Vector">62.089428, 14.034711, 46.621841</Position>
               </HpTurret24>
               <HpTurret25>
                  <Axis type="Vector">0, 1, 0</Axis>
                  <Max type="float">0.78539819</Max>
                  <Min type="float">-0.78539819</Min>
                  <Orientation type="Matrix">
                      46.216883e-09,   0.0000000000,   0.9999998200,
                      -0.0697564630,   0.9975640800, -7.4505806e-09,
                      -0.9975639000,  -0.0697564630,  59.604645e-09
                  </Orientation>
                  <Position type="Vector">-62.131187, 15.194957, 63.008327</Position>
               </HpTurret25>
               <HpTurret26>
                  <Axis type="Vector">0, 1, 0</Axis>
                  <Max type="float">0.78539819</Max>
                  <Min type="float">-0.78539819</Min>
                  <Orientation type="Matrix">
                      46.216883e-09,   0.0000000000,  -0.9999998200,
                       0.0697564630,   0.9975640800, -7.4505806e-09,
                       0.9975639000,  -0.0697564630,  59.604645e-09
                  </Orientation>
                  <Position type="Vector">62.124786, 15.195648, 63.01841</Position>
               </HpTurret26>
               <HpTurret27>
                  <Axis type="Vector">0, 1, 0</Axis>
                  <Max type="float">0.78539819</Max>
                  <Min type="float">-0.78539819</Min>
                  <Orientation type="Matrix">
                      46.216883e-09,   0.0000000000,   0.9999998200,
                      -0.0697564630,   0.9975640800, -7.4505806e-09,
                      -0.9975639000,  -0.0697564630,  59.604645e-09
                  </Orientation>
                  <Position type="Vector">-62.13435, 16.358475, 79.441307</Position>
               </HpTurret27>
               <HpTurret28>
                  <Axis type="Vector">0, 1, 0</Axis>
                  <Max type="float">0.78539819</Max>
                  <Min type="float">-0.78539819</Min>
                  <Orientation type="Matrix">
                      46.216883e-09,   0.0000000000,  -0.9999998200,
                       0.0697564630,   0.9975640800, -7.4505806e-09,
                       0.9975639000,  -0.0697564630,  59.604645e-09
                  </Orientation>
                  <Position type="Vector">62.122581, 16.359175, 79.451485</Position>
               </HpTurret28>
               <HpTurret29>
                  <Axis type="Vector">0, 1, 0</Axis>
                  <Max type="float">0.78539819</Max>
                  <Min type="float">-0.78539819</Min>
                  <Orientation type="Matrix">
                      46.216883e-09,   0.0000000000,   0.9999998200,
                      -0.0697564630,   0.9975640800, -7.4505806e-09,
                      -0.9975639000,  -0.0697564630,  59.604645e-09
                  </Orientation>
                  <Position type="Vector">-62.170013, 17.521158, 95.862442</Position>
               </HpTurret29>
               <HpTurret30>
                  <Axis type="Vector">0, 1, 0</Axis>
                  <Max type="float">0.78539819</Max>
                  <Min type="float">-0.78539819</Min>
                  <Orientation type="Matrix">
                      46.216883e-09,   0.0000000000,  -0.9999998200,
                       0.0697564630,   0.9975640800, -7.4505806e-09,
                       0.9975639000,  -0.0697564630,  59.604645e-09
                  </Orientation>
                  <Position type="Vector">62.150703, 17.519098, 95.833519</Position>
               </HpTurret30>
            </Revolute>
         </Hardpoints>
      </I2_S_D3_lod1.3db>
      <I2_S_D4_lod1.3db>
         <MultiLevel>
            <Level0>
               <VMeshPart>
                  <VMeshRef type="VMeshRef">
                     <!-- header size  --> 60,
                     <!-- vmesh lib    --> I2_S_D_Root.lod0.vms,
                     <!-- start vert   --> 14218,
                     <!-- num verts    --> 1932,
                     <!-- start index  --> 27144,
                     <!-- num indices  --> 3366,
                     <!-- start mesh   --> 4,
                     <!-- num meshes   --> 1,
                     <!-- bounding box -->  132.33073,     87.866859,  180.55867,
                                           -132.33249,    -34.772923, -248.3367,
                     <!-- center       --> -877.38037e-6,  26.546968,  -33.889015,
                     <!-- radius       --> 368.49271
                  </VMeshRef>
               </VMeshPart>
            </Level0>
         </MultiLevel>
         <Hardpoints>
            <Revolute>
               <HpTurret18>
                  <Axis type="Vector">0, 1, 0</Axis>
                  <Max type="float">0.78539819</Max>
                  <Min type="float">-2.6179938</Min>
                  <Orientation type="Matrix">
                       0.0145031010,  -0.2074052100,   0.9781475700,
                      -0.0682321410,   0.9757649300,   0.2079116700,
                      -0.9975640200,  -0.0697564710, -59.604645e-09
                  </Orientation>
                  <Position type="Vector">-46.272415, 13.588087, -24.076561</Position>
               </HpTurret18>
               <HpTurret19>
                  <Axis type="Vector">0, 1, 0</Axis>
                  <Max type="float">2.6179938</Max>
                  <Min type="float">-0.78539819</Min>
                  <Orientation type="Matrix">
                       0.0145031010,   0.2074052100,  -0.9781475700,
                       0.0682321410,   0.9757649300,   0.2079116700,
                       0.9975640200,  -0.0697564710, -59.604645e-09
                  </Orientation>
                  <Position type="Vector">46.302395, 13.57921, -24.107561</Position>
               </HpTurret19>
            </Revolute>
         </Hardpoints>
      </I2_S_D4_lod1.3db>
      <I2_S_D5_lod1.3db>
         <MultiLevel>
            <Level0>
               <VMeshPart>
                  <VMeshRef type="VMeshRef">
                     <!-- header size  --> 60,
                     <!-- vmesh lib    --> I2_S_D_Root.lod0.vms,
                     <!-- start vert   --> 16150,
                     <!-- num verts    --> 3421,
                     <!-- start index  --> 30510,
                     <!-- num indices  --> 7542,
                     <!-- start mesh   --> 5,
                     <!-- num meshes   --> 1,
                     <!-- bounding box -->  132.33073,     87.866859,  180.55867,
                                           -132.33249,    -34.772923, -248.3367,
                     <!-- center       --> -877.38037e-6,  26.546968,  -33.889015,
                     <!-- radius       --> 368.49271
                  </VMeshRef>
               </VMeshPart>
            </Level0>
         </MultiLevel>
         <Hardpoints>
            <Fixed>
               <HpTractor_Source>
                  <Orientation type="Matrix">
                       1.0000000000,   0.0000000000,   0.0000000000,
                       0.0000000000,   1.0000000000,   0.0000000000,
                       0.0000000000,   0.0000000000,   1.0000000000
                  </Orientation>
                  <Position type="Vector">0, -3.664283, -248.33661</Position>
               </HpTractor_Source>
               <HpCM01>
                  <Orientation type="Matrix">
                      -1.0000000000, -71.612547e-09, -50.143644e-09,
                      87.422777e-09,  -0.8191520000,  -0.5735763900,
                       0.0000000000,  -0.5735763900,   0.8191520600
                  </Orientation>
                  <Position type="Vector">0, -34.291454, 178.32465</Position>
               </HpCM01>
            </Fixed>
            <Revolute>
               <HpTorpedo01>
                  <Axis type="Vector">0, 1, 0</Axis>
                  <Max type="float">0.78539819</Max>
                  <Min type="float">-0.78539819</Min>
                  <Orientation type="Matrix">
                      -1.0000000000, -87.422777e-09,   0.0000000000,
                      87.422777e-09,  -1.0000000000,  -0.0000000000,
                       0.0000000000,   0.0000000000,   1.0000000000
                  </Orientation>
                  <Position type="Vector">0, -6.3031931, -222.31854</Position>
               </HpTorpedo01>
               <HpTurret12>
                  <Axis type="Vector">0, 1, 0</Axis>
                  <Max type="float">1.6580628</Max>
                  <Min type="float">-1.6580628</Min>
                  <Orientation type="Matrix">
                       0.0133100520,  -0.1903441800,   0.9816271700,
                      -0.0684748590,   0.9792360100,   0.1908089700,
                      -0.9975640200,  -0.0697564630, -119.20929e-09
                  </Orientation>
                  <Position type="Vector">-112.79051, 7.3126912, 119.05444</Position>
               </HpTurret12>
               <HpTurret13>
                  <Axis type="Vector">0, 1, 0</Axis>
                  <Max type="float">1.6580628</Max>
                  <Min type="float">-1.6580628</Min>
                  <Orientation type="Matrix">
                       0.0133100520,   0.1903441800,  -0.9816271700,
                       0.0684748590,   0.9792360100,   0.1908089700,
                       0.9975640200,  -0.0697564630, -119.20929e-09
                  </Orientation>
                  <Position type="Vector">112.73388, 7.3260231, 119.0836</Position>
               </HpTurret13>
               <HpTurret14>
                  <Axis type="Vector">0, 1, 0</Axis>
                  <Max type="float">3.1415927</Max>
                  <Min type="float">-3.1415927</Min>
                  <Orientation type="Matrix">
                      -0.9781477500,  -0.2074051500,  -0.0145031810,
                       0.2079116100,  -0.9757650500,  -0.0682321340,
                      465.66129e-12,  -0.0697564780,   0.9975640200
                  </Orientation>
                  <Position type="Vector">-84.397057, -10.261204, 78.787109</Position>
               </HpTurret14>
               <HpTurret15>
                  <Axis type="Vector">0, 1, 0</Axis>
                  <Max type="float">3.1415927</Max>
                  <Min type="float">-3.1415927</Min>
                  <Orientation type="Matrix">
                      -0.9781477500,   0.2074051500,   0.0145031810,
                      -0.2079116100,  -0.9757650500,  -0.0682321340,
                     -465.66129e-12,  -0.0697564780,   0.9975640200
                  </Orientation>
                  <Position type="Vector">84.075912, -10.355744, 79.180908</Position>
               </HpTurret15>
               <HpTurret17>
                  <Axis type="Vector">0, 1, 0</Axis>
                  <Max type="float">3.1415927</Max>
                  <Min type="float">-3.1415927</Min>
                  <Orientation type="Matrix">
                      -1.0000000000, -87.209820e-09, -6.0983045e-09,
                      87.422784e-09,  -0.9975640800,  -0.0697564710,
                       0.0000000000,  -0.0697564710,   0.9975640800
                  </Orientation>
                  <Position type="Vector">-0.002345, -15.778594, -90.910423</Position>
               </HpTurret17>
               <HpTurret20>
                  <Axis type="Vector">0, 1, 0</Axis>
                  <Max type="float">3.1415927</Max>
                  <Min type="float">-3.1415927</Min>
                  <Orientation type="Matrix">
                      -0.9781477500,  -0.2074051500,  -0.0145031810,
                       0.2079116100,  -0.9757650500,  -0.0682321340,
                      465.66129e-12,  -0.0697564780,   0.9975640200
                  </Orientation>
                  <Position type="Vector">-18.017143, -9.0630789, -131.52054</Position>
               </HpTurret20>
               <HpTurret21>
                  <Axis type="Vector">0, 1, 0</Axis>
                  <Max type="float">3.1415927</Max>
                  <Min type="float">-3.1415927</Min>
                  <Orientation type="Matrix">
                      -0.9781477500,   0.2074051500,   0.0145031810,
                      -0.2079116100,  -0.9757650500,  -0.0682321340,
                     -465.66129e-12,  -0.0697564780,   0.9975640200
                  </Orientation>
                  <Position type="Vector">18.036081, -9.0541992, -131.58331</Position>
               </HpTurret21>
            </Revolute>
         </Hardpoints>
      </I2_S_D5_lod1.3db>
      <I2_S_D6_lod1.3db>
         <MultiLevel>
            <Level0>
               <VMeshPart>
                  <VMeshRef type="VMeshRef">
                     <!-- header size  --> 60,
                     <!-- vmesh lib    --> I2_S_D_Root.lod0.vms,
                     <!-- start vert   --> 19571,
                     <!-- num verts    --> 2132,
                     <!-- start index  --> 38052,
                     <!-- num indices  --> 3984,
                     <!-- start mesh   --> 6,
                     <!-- num meshes   --> 1,
                     <!-- bounding box -->  132.33073,     87.866859,  180.55867,
                                           -132.33249,    -34.772923, -248.3367,
                     <!-- center       --> -877.38037e-6,  26.546968,  -33.889015,
                     <!-- radius       --> 368.49271
                  </VMeshRef>
               </VMeshPart>
            </Level0>
         </MultiLevel>
      </I2_S_D6_lod1.3db>
      <I2_S_D7_lod1.3db>
         <MultiLevel>
            <Level0>
               <VMeshPart>
                  <VMeshRef type="VMeshRef">
                     <!-- header size  --> 60,
                     <!-- vmesh lib    --> I2_S_D_Root.lod0.vms,
                     <!-- start vert   --> 21703,
                     <!-- num verts    --> 5555,
                     <!-- start index  --> 42036,
                     <!-- num indices  --> 19272,
                     <!-- start mesh   --> 7,
                     <!-- num meshes   --> 1,
                     <!-- bounding box -->  132.33073,     87.866859,  180.55867,
                                           -132.33249,    -34.772923, -248.3367,
