<?xml version="1.0" encoding="ISO-8859-1"?>
<!-- XML generated by UTFXML Version 2.2 built 19-Aug-2010 -->
<UTFXML filename="mando_centurion.cmp" path="SHIPS\new\other\Starwars">
   <UTF_ROOT>
      <VMeshLibrary>
         <mando_centurion_root.lod0.vms include="mando_centurion_cmp\lod0.vms.xml"/>
      </VMeshLibrary>
      <Cmpnd>
         <Cons>
            <Fix type="Fix" count="3">
               <part>
                  <!-- parent      --> "Root",
                  <!-- child       --> "mando_centurion_hull_lod1",
                  <!-- position    --> 0, 0, 0,
                  <!-- orientation -->   1.0000000000,   0.0000000000,   0.0000000000,
                                         0.0000000000,   1.0000000000,   0.0000000000,
                                         0.0000000000,   0.0000000000,   1.0000000000
               </part>
               <part>
                  <!-- parent      --> "Root",
                  <!-- child       --> "mando_centurion_hangar_lod1",
                  <!-- position    --> 0, 0, 0,
                  <!-- orientation -->   1.0000000000,   0.0000000000,   0.0000000000,
                                         0.0000000000,   1.0000000000,   0.0000000000,
                                         0.0000000000,   0.0000000000,   1.0000000000
               </part>
               <part>
                  <!-- parent      --> "Root",
                  <!-- child       --> "mando_centurion_lights_lod1",
                  <!-- position    --> 0, 0, 0,
                  <!-- orientation -->   1.0000000000,   0.0000000000,   0.0000000000,
                                         0.0000000000,   1.0000000000,   0.0000000000,
                                         0.0000000000,   0.0000000000,   1.0000000000
               </part>
            </Fix>
         </Cons>
         <Root>
            <File_name name="File name" type="text">mando_centurion_root_lod1.3db</File_name>
            <Index type="int">0</Index>
            <Object_name name="Object name" type="text">Root</Object_name>
         </Root>
         <Part_mando_centurion_hull_lod1>
            <File_name name="File name" type="text">mando_centurion_hull_lod1.3db</File_name>
            <Index type="int">1</Index>
            <Object_name name="Object name" type="text">mando_centurion_hull_lod1</Object_name>
         </Part_mando_centurion_hull_lod1>
         <Part_mando_centurion_hangar_lod1>
            <File_name name="File name" type="text">mando_centurion_hangar_lod1.3db</File_name>
            <Index type="int">2</Index>
            <Object_name name="Object name" type="text">mando_centurion_hangar_lod1</Object_name>
         </Part_mando_centurion_hangar_lod1>
         <Part_mando_centurion_lights_lod1>
            <File_name name="File name" type="text">mando_centurion_lights_lod1.3db</File_name>
            <Index type="int">3</Index>
            <Object_name name="Object name" type="text">mando_centurion_lights_lod1</Object_name>
         </Part_mando_centurion_lights_lod1>
      </Cmpnd>
      <mando_centurion_root_lod1.3db>
         <MultiLevel>
            <Level0>
               <VMeshPart>
                  <VMeshRef type="VMeshRef">
                     <!-- header size  --> 60,
                     <!-- vmesh lib    --> mando_centurion_root.lod0.vms,
                     <!-- start vert   --> 0,
                     <!-- num verts    --> 20,
                     <!-- start index  --> 0,
                     <!-- num indices  --> 36,
                     <!-- start mesh   --> 0,
                     <!-- num meshes   --> 1,
                     <!-- bounding box -->  183.93645, 133.62753,   350.64429,
                                           -183.93645, -84.504784, -414.16187,
                     <!-- center       -->    0,        24.561375,  -31.758789,
                     <!-- radius       --> 590.57568
                  </VMeshRef>
               </VMeshPart>
            </Level0>
         </MultiLevel>
         <Hardpoints>
            <Fixed>
               <HpMount>
                  <Orientation type="Matrix">
                       1.0000000000,   0.0000000000,   0.0000000000,
                       0.0000000000,   1.0000000000,   0.0000000000,
                       0.0000000000,   0.0000000000,   1.0000000000
                  </Orientation>
                  <Position type="Vector">0, -95, -299</Position>
               </HpMount>
               <HpBayDoor01>
                  <Orientation type="Matrix">
                       1.0000000000,   0.0000000000,   0.0000000000,
                       0.0000000000,   1.0000000000,   0.0000000000,
                       0.0000000000,   0.0000000000,   1.0000000000
                  </Orientation>
                  <Position type="Vector">0, 170, 0</Position>
               </HpBayDoor01>
               <HpBayDoor02>
                  <Orientation type="Matrix">
                       1.0000000000,   0.0000000000,   0.0000000000,
                       0.0000000000,   1.0000000000,   0.0000000000,
                       0.0000000000,   0.0000000000,   1.0000000000
                  </Orientation>
                  <Position type="Vector">0, 175, 0</Position>
               </HpBayDoor02>
               <HpFX01>
                  <Orientation type="Matrix">
                       1.0000000000,   0.0000000000,   0.0000000000,
                       0.0000000000,   1.0000000000,   0.0000000000,
                       0.0000000000,   0.0000000000,   1.0000000000
                  </Orientation>
                  <Position type="Vector">0, 0, 0</Position>
               </HpFX01>
               <HpFX02>
                  <Orientation type="Matrix">
                      59.604645e-09,   0.9999998800,   0.0000000000,
                      -0.9999998800,  59.604645e-09,   0.0000000000,
                       0.0000000000,   0.0000000000,   1.0000000000
                  </Orientation>
                  <Position type="Vector">0, 0, 0</Position>
               </HpFX02>
               <HpFX03>
                  <Orientation type="Matrix">
                       1.0000000000,   0.0000000000,   0.0000000000,
                       0.0000000000,  59.604645e-09,   0.9999998800,
                       0.0000000000,  -0.9999998800,  59.604645e-09
                  </Orientation>
                  <Position type="Vector">0, 0, 0</Position>
               </HpFX03>
               <HpCloak01>
                  <Orientation type="Matrix">
                       1.0000000000,   0.0000000000,   0.0000000000,
                       0.0000000000,   1.0000000000,   0.0000000000,
                       0.0000000000,   0.0000000000,   1.0000000000
                  </Orientation>
                  <Position type="Vector">0, 0, 0</Position>
               </HpCloak01>
            </Fixed>
         </Hardpoints>
      </mando_centurion_root_lod1.3db>
      <mando_centurion_hull_lod1.3db>
         <MultiLevel>
            <Level0>
               <VMeshPart>
                  <VMeshRef type="VMeshRef">
                     <!-- header size  --> 60,
                     <!-- vmesh lib    --> mando_centurion_root.lod0.vms,
                     <!-- start vert   --> 20,
                     <!-- num verts    --> 9811,
                     <!-- start index  --> 36,
                     <!-- num indices  --> 22344,
                     <!-- start mesh   --> 1,
                     <!-- num meshes   --> 1,
                     <!-- bounding box -->  183.93645, 133.62753,   350.64429,
                                           -183.93645, -84.504784, -414.16187,
                     <!-- center       -->    0,        24.561375,  -31.758789,
                     <!-- radius       --> 590.57568
                  </VMeshRef>
               </VMeshPart>
            </Level0>
         </MultiLevel>
         <Hardpoints>
            <Fixed>
               <HpTractor_Source>
                  <Orientation type="Matrix">
                       1.0000000000,   0.0000000000,   0.0000000000,
                       0.0000000000,   1.0000000000,   0.0000000000,
                       0.0000000000,   0.0000000000,   1.0000000000
                  </Orientation>
                  <Position type="Vector">0.023545001, 21.282694, -414.15945</Position>
               </HpTractor_Source>
               <HpEngine01>
                  <Orientation type="Matrix">
                       1.0000000000,   0.0000000000,   0.0000000000,
                       0.0000000000,   1.0000000000,   0.0000000000,
                       0.0000000000,   0.0000000000,   1.0000000000
                  </Orientation>
                  <Position type="Vector">-78.833549, -1.7909321, 310.46585</Position>
               </HpEngine01>
               <HpEngine02>
                  <Orientation type="Matrix">
                       1.0000000000,   0.0000000000,   0.0000000000,
                       0.0000000000,   1.0000000000,   0.0000000000,
                       0.0000000000,   0.0000000000,   1.0000000000
                  </Orientation>
                  <Position type="Vector">-0.018553, -1.731645, 310.45541</Position>
               </HpEngine02>
               <HpEngine03>
                  <Orientation type="Matrix">
                       1.0000000000,   0.0000000000,   0.0000000000,
                       0.0000000000,   1.0000000000,   0.0000000000,
                       0.0000000000,   0.0000000000,   1.0000000000
                  </Orientation>
                  <Position type="Vector">78.79657, -1.712553, 310.45236</Position>
               </HpEngine03>
               <HpEngFX01>
                  <Orientation type="Matrix">
                       1.0000000000,   0.0000000000,   0.0000000000,
                       0.0000000000,   1.0000000000,   0.0000000000,
                       0.0000000000,   0.0000000000,   1.0000000000
                  </Orientation>
                  <Position type="Vector">-39.444054, 32.358639, 323.13437</Position>
               </HpEngFX01>
               <HpEngFX02>
                  <Orientation type="Matrix">
                       1.0000000000,   0.0000000000,   0.0000000000,
                       0.0000000000,   1.0000000000,   0.0000000000,
                       0.0000000000,   0.0000000000,   1.0000000000
                  </Orientation>
                  <Position type="Vector">-39.432472, -35.763062, 323.12927</Position>
               </HpEngFX02>
               <HpEngFX03>
                  <Orientation type="Matrix">
                       1.0000000000,   0.0000000000,   0.0000000000,
                       0.0000000000,   1.0000000000,   0.0000000000,
                       0.0000000000,   0.0000000000,   1.0000000000
                  </Orientation>
                  <Position type="Vector">39.400898, 32.406273, 323.12039</Position>
               </HpEngFX03>
               <HpEngFX04>
                  <Orientation type="Matrix">
                       1.0000000000,   0.0000000000,   0.0000000000,
                       0.0000000000,   1.0000000000,   0.0000000000,
                       0.0000000000,   0.0000000000,   1.0000000000
                  </Orientation>
                  <Position type="Vector">39.398411, -35.788876, 323.12155</Position>
               </HpEngFX04>
               <HpDocklight01>
                  <Orientation type="Matrix">
                       1.0000000000,   0.0000000000,   0.0000000000,
                       0.0000000000,   1.0000000000,   0.0000000000,
                       0.0000000000,   0.0000000000,   1.0000000000
                  </Orientation>
                  <Position type="Vector">-179.67314, 35.862144, 321.82574</Position>
               </HpDocklight01>
               <HpDocklight02>
                  <Orientation type="Matrix">
                       1.0000000000,   0.0000000000,   0.0000000000,
                       0.0000000000,   1.0000000000,   0.0000000000,
                       0.0000000000,   0.0000000000,   1.0000000000
                  </Orientation>
                  <Position type="Vector">179.65974, 35.865284, 321.79337</Position>
               </HpDocklight02>
               <HpRunningLight01>
                  <Orientation type="Matrix">
                       1.0000000000,   0.0000000000,   0.0000000000,
                       0.0000000000,   1.0000000000,   0.0000000000,
                       0.0000000000,   0.0000000000,   1.0000000000
                  </Orientation>
                  <Position type="Vector">-121.31148, 61.728745, 322.00989</Position>
               </HpRunningLight01>
               <HpRunningLight02>
                  <Orientation type="Matrix">
                       1.0000000000,   0.0000000000,   0.0000000000,
                       0.0000000000,   1.0000000000,   0.0000000000,
                       0.0000000000,   0.0000000000,   1.0000000000
                  </Orientation>
                  <Position type="Vector">121.2972, 61.728771, 322.01431</Position>
               </HpRunningLight02>
               <HpCM01>
                  <Orientation type="Matrix">
                      -1.0000000000, -71.612547e-09, -50.143644e-09,
                      87.422777e-09,  -0.8191520000,  -0.5735763900,
                       0.0000000000,  -0.5735763900,   0.8191520600
                  </Orientation>
                  <Position type="Vector">-0.040414002, -52.519405, 338.31119</Position>
               </HpCM01>
               <HpCM02>
                  <Orientation type="Matrix">
                      -1.0000000000, -71.612547e-09, -50.143644e-09,
                      87.422777e-09,  -0.8191520000,  -0.5735763900,
                       0.0000000000,  -0.5735763900,   0.8191520600
                  </Orientation>
                  <Position type="Vector">-34.259838, -52.519405, 333.6517</Position>
               </HpCM02>
               <HpCM03>
                  <Orientation type="Matrix">
                      -1.0000000000, -71.612547e-09, -50.143644e-09,
                      87.422777e-09,  -0.8191520000,  -0.5735763900,
                       0.0000000000,  -0.5735763900,   0.8191520600
                  </Orientation>
                  <Position type="Vector">34.143799, -52.519405, 333.26416</Position>
               </HpCM03>
            </Fixed>
            <Revolute>
               <HpTorpedo01>
                  <Axis type="Vector">0, 1, 0</Axis>
                  <Max type="float">3.1415927</Max>
                  <Min type="float">-3.1415927</Min>
                  <Orientation type="Matrix">
                      -1.0000000000, -87.422777e-09,   0.0000000000,
                      87.422777e-09,  -1.0000000000,  -0.0000000000,
                       0.0000000000,   0.0000000000,   1.0000000000
                  </Orientation>
                  <Position type="Vector">0.037753999, -84.503166, 273.51172</Position>
               </HpTorpedo01>
               <HpTorpedo02>
                  <Axis type="Vector">0, 1, 0</Axis>
                  <Max type="float">1.5707964</Max>
                  <Min type="float">-1.5707964</Min>
                  <Orientation type="Matrix">
                      -0.9063078200,  -0.4226182700,  79.231938e-09,
                      -0.4226182700,   0.9063077600,  36.946464e-09,
                     -87.422777e-09,   0.0000000000,  -1.0000000000
                  </Orientation>
                  <Position type="Vector">-147.21594, 49.885742, 317.73727</Position>
               </HpTorpedo02>
               <HpTorpedo03>
                  <Axis type="Vector">0, 1, 0</Axis>
                  <Max type="float">1.5707964</Max>
                  <Min type="float">-1.5707964</Min>
                  <Orientation type="Matrix">
                      -0.9063078200,   0.4226182700,  79.231938e-09,
                       0.4226182700,   0.9063077600, -36.946464e-09,
                     -87.422777e-09,   0.0000000000,  -1.0000000000
                  </Orientation>
                  <Position type="Vector">146.91664, 50.023052, 317.79208</Position>
               </HpTorpedo03>
               <HpTorpedo04>
                  <Axis type="Vector">0, 1, 0</Axis>
                  <Max type="float">1.5707964</Max>
                  <Min type="float">-1.5707964</Min>
                  <Orientation type="Matrix">
                      -1.0000000000,   0.0000000000,  87.422777e-09,
                       0.0000000000,   1.0000000000,  -0.0000000000,
                     -87.422777e-09,   0.0000000000,  -1.0000000000
                  </Orientation>
                  <Position type="Vector">0.109459, 133.62753, 280.46973</Position>
               </HpTorpedo04>
               <HpTurret01>
                  <Axis type="Vector">0, 1, 0</Axis>
                  <Max type="float">1.5707964</Max>
                  <Min type="float">-1.5707964</Min>
                  <Orientation type="Matrix">
                      -0.9063078200,  -0.4226182700,  79.231938e-09,
                      -0.4226182700,   0.9063077600,  36.946464e-09,
                     -87.422777e-09,   0.0000000000,  -1.0000000000
                  </Orientation>
                  <Position type="Vector">-133.45374, 53.28344, 286.48608</Position>
               </HpTurret01>
               <HpTurret02>
                  <Axis type="Vector">0, 1, 0</Axis>
                  <Max type="float">1.5707964</Max>
                  <Min type="float">-1.5707964</Min>
                  <Orientation type="Matrix">
                      -0.9063078200,   0.4226182700,  79.231938e-09,
                       0.4226182700,   0.9063077600, -36.946464e-09,
                     -87.422777e-09,   0.0000000000,  -1.0000000000
                  </Orientation>
                  <Position type="Vector">133.74536, 53.076469, 285.58505</Position>
               </HpTurret02>
               <HpTurret03>
                  <Axis type="Vector">0, 1, 0</Axis>
                  <Max type="float">1.5707964</Max>
                  <Min type="float">-1.5707964</Min>
                  <Orientation type="Matrix">
                       1.0000000000, -87.422777e-09, -87.422777e-09,
                     -87.422777e-09,  -1.0000000000,  7.6427419e-15,
                     -87.422777e-09,   0.0000000000,  -1.0000000000
                  </Orientation>
                  <Position type="Vector">0.063334003, -84.342117, 283.31604</Position>
               </HpTurret03>
               <HpTurret04>
                  <Axis type="Vector">0, 1, 0</Axis>
                  <Max type="float">1.5707964</Max>
                  <Min type="float">-1.5707964</Min>
                  <Orientation type="Matrix">
                      -1.0000000000,   0.0000000000,  87.422777e-09,
                       0.0000000000,   1.0000000000,  -0.0000000000,
                     -87.422777e-09,   0.0000000000,  -1.0000000000
                  </Orientation>
                  <Position type="Vector">-0.015342, 133.62753, 272.3822</Position>
               </HpTurret04>
               <HpTurret05>
                  <Axis type="Vector">0, 1, 0</Axis>
                  <Max type="float">1.5707964</Max>
                  <Min type="float">-1.5707964</Min>
                  <Orientation type="Matrix">
                       0.9063077600,  -0.4226183300, -79.231938e-09,
                      -0.4226183300,  -0.9063078200,  36.946467e-09,
                     -87.422777e-09,   0.0000000000,  -1.0000000000
                  </Orientation>
                  <Position type="Vector">-77.731369, -41.160728, 268.98996</Position>
               </HpTurret05>
               <HpTurret06>
                  <Axis type="Vector">0, 1, 0</Axis>
                  <Max type="float">1.5707964</Max>
                  <Min type="float">-1.5707964</Min>
                  <Orientation type="Matrix">
                       0.9063077600,   0.4226183300, -79.231938e-09,
                       0.4226183300,  -0.9063078200, -36.946467e-09,
                     -87.422777e-09,   0.0000000000,  -1.0000000000
                  </Orientation>
                  <Position type="Vector">78.314888, -40.891502, 268.81082</Position>
               </HpTurret06>
               <HpTurret07>
                  <Axis type="Vector">0, 1, 0</Axis>
                  <Max type="float">1.5707964</Max>
                  <Min type="float">-1.5707964</Min>
                  <Orientation type="Matrix">
                      139.23272e-09,  -0.9848076700,   0.1736481800,
                      -1.0000000000, -39.581209e-09,  96.857548e-09,
                     -81.956387e-09,  -0.1736481800,  -0.9848076700
                  </Orientation>
                  <Position type="Vector">-160.54294, 30.08769, 216.74458</Position>
               </HpTurret07>
               <HpTurret08>
                  <Axis type="Vector">0, 1, 0</Axis>
                  <Max type="float">1.5707964</Max>
                  <Min type="float">-1.5707964</Min>
                  <Orientation type="Matrix">
                      124.33156e-09,   0.9848076700,  -0.1736481600,
                       1.0000000000, -54.482371e-09, -74.505806e-09,
                     -89.406967e-09,  -0.1736481600,  -0.9848076700
                  </Orientation>
                  <Position type="Vector">160.33044, 29.983139, 215.65726</Position>
               </HpTurret08>
               <HpTurret09>
                  <Axis type="Vector">0, 1, 0</Axis>
                  <Max type="float">1.5707964</Max>
                  <Min type="float">-1.5707964</Min>
                  <Orientation type="Matrix">
                       0.9063078200,  -0.4220390900,  -0.0221181330,
                       0.4226182700,   0.9050657700,   0.0474324900,
                     -931.32257e-12,  -0.0523359630,   0.9986295700
                  </Orientation>
                  <Position type="Vector">-70.758621, 41.667675, 71.233391</Position>
               </HpTurret09>
               <HpTurret10>
                  <Axis type="Vector">0, 1, 0</Axis>
                  <Max type="float">1.5707964</Max>
                  <Min type="float">-1.5707964</Min>
                  <Orientation type="Matrix">
                       0.9063078200,   0.4220390900,   0.0221181330,
                      -0.4226182700,   0.9050657700,   0.0474324900,
                      931.32257e-12,  -0.0523359630,   0.9986295700
                  </Orientation>
                  <Position type="Vector">70.741013, 41.670414, 71.176651</Position>
               </HpTurret10>
               <HpTurret11>
                  <Axis type="Vector">0, 1, 0</Axis>
                  <Max type="float">1.5707964</Max>
                  <Min type="float">-1.5707964</Min>
                  <Orientation type="Matrix">
                      -0.9063077600,  -0.4220391500,  -0.0221181360,
                       0.4226183300,  -0.9050657200,  -0.0474324900,
                      931.32257e-12,  -0.0523359630,   0.9986295700
                  </Orientation>
                  <Position type="Vector">-70.600899, -38.123695, 205.4686</Position>
               </HpTurret11>
               <HpTurret12>
                  <Axis type="Vector">0, 1, 0</Axis>
                  <Max type="float">1.5707964</Max>
                  <Min type="float">-1.5707964</Min>
                  <Orientation type="Matrix">
                      -0.9063077600,   0.4220391500,   0.0221181360,
                      -0.4226183300,  -0.9050657200,  -0.0474324900,
                     -931.32257e-12,  -0.0523359630,   0.9986295700
                  </Orientation>
                  <Position type="Vector">70.705902, -38.06842, 205.36885</Position>
               </HpTurret12>
            </Revolute>
         </Hardpoints>
      </mando_centurion_hull_lod1.3db>
      <mando_centurion_hangar_lod1.3db>
         <MultiLevel>
            <Level0>
               <VMeshPart>
                  <VMeshRef type="VMeshRef">
                     <!-- header size  --> 60,
                     <!-- vmesh lib    --> mando_centurion_root.lod0.vms,
                     <!-- start vert   --> 9831,
                     <!-- num verts    --> 40,
                     <!-- start index  --> 22380,
                     <!-- num indices  --> 60,
                     <!-- start mesh   --> 2,
                     <!-- num meshes   --> 1,
                     <!-- bounding box -->  183.93645, 133.62753,   350.64429,
                                           -183.93645, -84.504784, -414.16187,
                     <!-- center       -->    0,        24.561375,  -31.758789,
                     <!-- radius       --> 590.57568
                  </VMeshRef>
               </VMeshPart>
            </Level0>
         </MultiLevel>
      </mando_centurion_hangar_lod1.3db>
      <mando_centurion_lights_lod1.3db>
         <MultiLevel>
            <Level0>
               <VMeshPart>
                  <VMeshRef type="VMeshRef">
                     <!-- header size  --> 60,
                     <!-- vmesh lib    --> mando_centurion_root.lod0.vms,
                     <!-- start vert   --> 9871,
                     <!-- num verts    --> 286,
                     <!-- start index  --> 22440,
                     <!-- num indices  --> 462,
                     <!-- start mesh   --> 3,
                     <!-- num meshes   --> 1,
                     <!-- bounding box -->  183.93645, 133.62753,   350.64429,
                                           -183.93645, -84.504784, -414.16187,
                     <!-- center       -->    0,        24.561375,  -31.758789,
                     <!-- radius       --> 590.57568
                  </VMeshRef>
               </VMeshPart>
            </Level0>
         </MultiLevel>
      </mando_centurion_lights_lod1.3db>
   </UTF_ROOT>
</UTFXML>
