<?xml version="1.0" encoding="ISO-8859-1"?>
<!-- XML generated by UTFXML Version 2.2 built 19-Aug-2010 -->
<UTFXML filename="overlord_corvette.cmp" path="SHIPS\new\other\Starwars">
   <UTF_ROOT>
      <VMeshLibrary>
         <overlord_corvette.lod0-112.vms include="overlord_corvette_cmp\lod0-112.vms.xml"/>
      </VMeshLibrary>
      <Cmpnd>
         <Cons>
            <Fix type="Fix" count="2">
               <part>
                  <!-- parent      --> "Root",
                  <!-- child       --> "overlord_corvette_p2_lod1",
                  <!-- position    --> 0, 0, 0,
                  <!-- orientation -->  -1.0000000000,   0.0000000000,   0.0000000000,
                                         0.0000000000,   1.0000000000,   0.0000000000,
                                         0.0000000000,   0.0000000000,  -1.0000000000
               </part>
               <part>
                  <!-- parent      --> "Root",
                  <!-- child       --> "overlord_corvette_p1_lod1",
                  <!-- position    --> 0, 0, 0,
                  <!-- orientation -->  -1.0000000000,   0.0000000000,   0.0000000000,
                                         0.0000000000,   1.0000000000,   0.0000000000,
                                         0.0000000000,   0.0000000000,  -1.0000000000
               </part>
            </Fix>
         </Cons>
         <Part_overlord_corvette_p2_lod1>
            <Object_name name="Object name" type="text">overlord_corvette_p2_lod1</Object_name>
            <Index type="int">0</Index>
            <File_name name="File name" type="text">overlord_corvette_p2_lod1.3db</File_name>
         </Part_overlord_corvette_p2_lod1>
         <Part_overlord_corvette_p1_lod1>
            <Object_name name="Object name" type="text">overlord_corvette_p1_lod1</Object_name>
            <Index type="int">0</Index>
            <File_name name="File name" type="text">overlord_corvette_p1_lod1.3db</File_name>
         </Part_overlord_corvette_p1_lod1>
         <Root>
            <Object_name name="Object name" type="text">Root</Object_name>
            <Index type="int">0</Index>
            <File_name name="File name" type="text">overlord_corvette.3db</File_name>
         </Root>
      </Cmpnd>
      <overlord_corvette.3db>
         <VMeshPart>
            <VMeshRef type="VMeshRef">
               <!-- header size  --> 60,
               <!-- vmesh lib    --> 0x00000000,
               <!-- start vert   --> 0,
               <!-- num verts    --> 0,
               <!-- start index  --> 0,
               <!-- num indices  --> 0,
               <!-- start mesh   --> 0,
               <!-- num meshes   --> 0,
               <!-- bounding box --> 0, 0, 0,
                                     0, 0, 0,
               <!-- center       --> 0, 0, 0,
               <!-- radius       --> 0
            </VMeshRef>
         </VMeshPart>
         <Hardpoints>
            <Fixed>
               <HpMount>
                  <Orientation type="Matrix">
                       1.0000000000,   0.0000000000,   0.0000000000,
                       0.0000000000,   1.0000000000,   0.0000000000,
                       0.0000000000,   0.0000000000,   1.0000000000
                  </Orientation>
                  <Position type="Vector">0, -22, -25</Position>
               </HpMount>
               <HpBayDoor01>
                  <Orientation type="Matrix">
                       1.0000000000,   0.0000000000,   0.0000000000,
                       0.0000000000,   1.0000000000,   0.0000000000,
                       0.0000000000,   0.0000000000,   1.0000000000
                  </Orientation>
                  <Position type="Vector">0, 40, 0</Position>
               </HpBayDoor01>
               <HpBayDoor02>
                  <Orientation type="Matrix">
                       1.0000000000,   0.0000000000,   0.0000000000,
                       0.0000000000,   1.0000000000,   0.0000000000,
                       0.0000000000,   0.0000000000,   1.0000000000
                  </Orientation>
                  <Position type="Vector">0, 45, 0</Position>
               </HpBayDoor02>
               <HpFX01>
                  <Orientation type="Matrix">
                       1.0000000000,   0.0000000000,   0.0000000000,
                       0.0000000000,   1.0000000000,   0.0000000000,
                       0.0000000000,   0.0000000000,   1.0000000000
                  </Orientation>
                  <Position type="Vector">0, 0, 0</Position>
               </HpFX01>
               <HpFX02>
                  <Orientation type="Matrix">
                      59.604645e-09,   0.9999998800,   0.0000000000,
                      -0.9999998800,  59.604645e-09,   0.0000000000,
                       0.0000000000,   0.0000000000,   1.0000000000
                  </Orientation>
                  <Position type="Vector">0, 0, 0</Position>
               </HpFX02>
               <HpFX03>
                  <Orientation type="Matrix">
                       1.0000000000,   0.0000000000,   0.0000000000,
                       0.0000000000,  59.604645e-09,   0.9999998800,
                       0.0000000000,  -0.9999998800,  59.604645e-09
                  </Orientation>
                  <Position type="Vector">0, 0, 0</Position>
               </HpFX03>
               <HpFX04>
                  <Orientation type="Matrix">
                       1.0000000000,   0.0000000000,   0.0000000000,
                       0.0000000000,   1.0000000000,   0.0000000000,
                       0.0000000000,   0.0000000000,   1.0000000000
                  </Orientation>
                  <Position type="Vector">0, 0, 0</Position>
               </HpFX04>
               <HpFX05>
                  <Orientation type="Matrix">
                       1.0000000000,   0.0000000000,   0.0000000000,
                       0.0000000000,   1.0000000000,   0.0000000000,
                       0.0000000000,   0.0000000000,   1.0000000000
                  </Orientation>
                  <Position type="Vector">0, 0, 0</Position>
               </HpFX05>
               <HpFX06>
                  <Orientation type="Matrix">
                       1.0000000000,   0.0000000000,   0.0000000000,
                       0.0000000000,   1.0000000000,   0.0000000000,
                       0.0000000000,   0.0000000000,   1.0000000000
                  </Orientation>
                  <Position type="Vector">0, 0, 0</Position>
               </HpFX06>
               <HpFX07>
                  <Orientation type="Matrix">
                       1.0000000000,   0.0000000000,   0.0000000000,
                       0.0000000000,   1.0000000000,   0.0000000000,
                       0.0000000000,   0.0000000000,   1.0000000000
                  </Orientation>
                  <Position type="Vector">0, 0, 0</Position>
               </HpFX07>
               <HpShield01>
                  <Orientation type="Matrix">
                       1.0000000000,   0.0000000000,   0.0000000000,
                       0.0000000000,   1.0000000000,   0.0000000000,
                       0.0000000000,   0.0000000000,   1.0000000000
                  </Orientation>
                  <Position type="Vector">0, 0, 0</Position>
               </HpShield01>
               <HpShield02>
                  <Orientation type="Matrix">
                       1.0000000000,   0.0000000000,   0.0000000000,
                       0.0000000000,   1.0000000000,   0.0000000000,
                       0.0000000000,   0.0000000000,   1.0000000000
                  </Orientation>
                  <Position type="Vector">0, 0, 0</Position>
               </HpShield02>
               <HpNew01>
                  <Orientation type="Matrix">
                       1.0000000000,   0.0000000000,   0.0000000000,
                       0.0000000000,   1.0000000000,   0.0000000000,
                       0.0000000000,   0.0000000000,   1.0000000000
                  </Orientation>
                  <Position type="Vector">0, 0, 0</Position>
               </HpNew01>
               <HpNew02>
                  <Orientation type="Matrix">
                       1.0000000000,   0.0000000000,   0.0000000000,
                       0.0000000000,   1.0000000000,   0.0000000000,
                       0.0000000000,   0.0000000000,   1.0000000000
                  </Orientation>
                  <Position type="Vector">0, 0, 0</Position>
               </HpNew02>
               <HpNew03>
                  <Orientation type="Matrix">
                       1.0000000000,   0.0000000000,   0.0000000000,
                       0.0000000000,   1.0000000000,   0.0000000000,
                       0.0000000000,   0.0000000000,   1.0000000000
                  </Orientation>
                  <Position type="Vector">0, 0, 0</Position>
               </HpNew03>
               <HpNew04>
                  <Orientation type="Matrix">
                       1.0000000000,   0.0000000000,   0.0000000000,
                       0.0000000000,   1.0000000000,   0.0000000000,
                       0.0000000000,   0.0000000000,   1.0000000000
                  </Orientation>
                  <Position type="Vector">0, 0, 0</Position>
               </HpNew04>
            </Fixed>
         </Hardpoints>
      </overlord_corvette.3db>
      <overlord_corvette_p2_lod1.3db>
         <VMeshPart>
            <VMeshRef type="VMeshRef">
               <!-- header size  --> 60,
               <!-- vmesh lib    --> overlord_corvette.lod0-112.vms,
               <!-- start vert   --> 0,
               <!-- num verts    --> 181,
               <!-- start index  --> 0,
               <!-- num indices  --> 288,
               <!-- start mesh   --> 0,
               <!-- num meshes   --> 1,
               <!-- bounding box -->  39.422436,  28.062551,   67.819626,
                                     -39.422436, -15.616793,  -62.435379,
               <!-- center       -->   0,          6.2228794,   2.6921234,
               <!-- radius       --> 104.14185
            </VMeshRef>
         </VMeshPart>
         <Hardpoints>
            <Fixed>
               <HpEngine01>
                  <Orientation type="Matrix">
                      -1.0000000000,   0.0000000000,  87.422777e-09,
                       0.0000000000,   1.0000000000,  -0.0000000000,
                     -87.422777e-09,   0.0000000000,  -1.0000000000
                  </Orientation>
                  <Position type="Vector">14.291964, -2.7155881, -58.715584</Position>
               </HpEngine01>
               <HpEngine02>
                  <Orientation type="Matrix">
                      -1.0000000000,   0.0000000000,  87.422777e-09,
                       0.0000000000,   1.0000000000,  -0.0000000000,
                     -87.422777e-09,   0.0000000000,  -1.0000000000
                  </Orientation>
                  <Position type="Vector">-14.085895, -2.8102961, -58.715584</Position>
               </HpEngine02>
            </Fixed>
         </Hardpoints>
      </overlord_corvette_p2_lod1.3db>
      <overlord_corvette_p1_lod1.3db>
         <VMeshPart>
            <VMeshRef type="VMeshRef">
               <!-- header size  --> 60,
               <!-- vmesh lib    --> overlord_corvette.lod0-112.vms,
               <!-- start vert   --> 181,
               <!-- num verts    --> 6942,
               <!-- start index  --> 288,
               <!-- num indices  --> 6948,
               <!-- start mesh   --> 1,
               <!-- num meshes   --> 1,
               <!-- bounding box -->  39.422436,  28.062551,   67.819626,
                                     -39.422436, -15.616793,  -62.435379,
               <!-- center       -->   0,          6.2228794,   2.6921234,
               <!-- radius       --> 104.14185
            </VMeshRef>
         </VMeshPart>
         <Hardpoints>
            <Fixed>
               <HpTractor_Source>
                  <Orientation type="Matrix">
                      -1.0000000000,   0.0000000000,  87.422777e-09,
                       0.0000000000,   1.0000000000,  -0.0000000000,
                     -87.422777e-09,   0.0000000000,  -1.0000000000
                  </Orientation>
                  <Position type="Vector">0, -0.71786302, 67.800766</Position>
               </HpTractor_Source>
               <HpThruster01>
                  <Orientation type="Matrix">
                       1.0000000000, -87.422777e-09, -87.422777e-09,
                     -87.422777e-09,  -1.0000000000,  7.6427419e-15,
                     -87.422777e-09,   0.0000000000,  -1.0000000000
                  </Orientation>
                  <Position type="Vector">8.7904053, -9.9482222, -59.564579</Position>
               </HpThruster01>
               <HpThruster02>
                  <Orientation type="Matrix">
                       1.0000000000, -87.422777e-09, -87.422777e-09,
                     -87.422777e-09,  -1.0000000000,  7.6427419e-15,
                     -87.422777e-09,   0.0000000000,  -1.0000000000
                  </Orientation>
                  <Position type="Vector">-8.6957874, -9.9390402, -59.630215</Position>
               </HpThruster02>
               <HpCM01>
                  <Orientation type="Matrix">
                       1.0000000000, -71.612547e-09, -137.56642e-09,
                     -137.56642e-09,  -0.8191520000,  -0.5735763900,
                     -71.612547e-09,   0.5735763900,  -0.8191520000
                  </Orientation>
                  <Position type="Vector">0, -14.570326, -46.067379</Position>
               </HpCM01>
               <HpCM02>
                  <Orientation type="Matrix">
                       1.0000000000, -71.612547e-09, -137.56642e-09,
                     -137.56642e-09,  -0.8191520000,  -0.5735763900,
                     -71.612547e-09,   0.5735763900,  -0.8191520000
                  </Orientation>
                  <Position type="Vector">14.681586, -14.474648, -44.587933</Position>
               </HpCM02>
               <HpCM03>
                  <Orientation type="Matrix">
                       1.0000000000, -71.612547e-09, -137.56642e-09,
                     -137.56642e-09,  -0.8191520000,  -0.5735763900,
                     -71.612547e-09,   0.5735763900,  -0.8191520000
                  </Orientation>
                  <Position type="Vector">-14.625372, -14.482121, -44.765717</Position>
               </HpCM03>
               <HpRunningLight01>
                  <Orientation type="Matrix">
                      -1.0000000000,   0.0000000000,  87.422777e-09,
                       0.0000000000,   1.0000000000,  -0.0000000000,
                     -87.422777e-09,   0.0000000000,  -1.0000000000
                  </Orientation>
                  <Position type="Vector">39.413391, -3.49841, -60.5242</Position>
               </HpRunningLight01>
               <HpDocklight01>
                  <Orientation type="Matrix">
                      -1.0000000000,   0.0000000000,  87.422777e-09,
                       0.0000000000,   1.0000000000,  -0.0000000000,
                     -87.422777e-09,   0.0000000000,  -1.0000000000
                  </Orientation>
                  <Position type="Vector">39.421936, -3.5022881, -60.520779</Position>
               </HpDocklight01>
               <HpContrail01>
                  <Orientation type="Matrix">
                      -1.0000000000,   0.0000000000,  87.422777e-09,
                       0.0000000000,   1.0000000000,  -0.0000000000,
                     -87.422777e-09,   0.0000000000,  -1.0000000000
                  </Orientation>
                  <Position type="Vector">39.407684, -3.49582, -60.514729</Position>
               </HpContrail01>
               <HpRunningLight02>
                  <Orientation type="Matrix">
                      -1.0000000000,   0.0000000000,  87.422777e-09,
                       0.0000000000,   1.0000000000,  -0.0000000000,
                     -87.422777e-09,   0.0000000000,  -1.0000000000
                  </Orientation>
                  <Position type="Vector">-39.422169, -3.503387, -60.526966</Position>
               </HpRunningLight02>
               <HpDocklight02>
                  <Orientation type="Matrix">
                      -1.0000000000,   0.0000000000,  87.422777e-09,
                       0.0000000000,   1.0000000000,  -0.0000000000,
                     -87.422777e-09,   0.0000000000,  -1.0000000000
                  </Orientation>
                  <Position type="Vector">-39.410713, -3.497195, -60.529121</Position>
               </HpDocklight02>
               <HpContrail02>
                  <Orientation type="Matrix">
                      -1.0000000000,   0.0000000000,  87.422777e-09,
                       0.0000000000,   1.0000000000,  -0.0000000000,
                     -87.422777e-09,   0.0000000000,  -1.0000000000
                  </Orientation>
                  <Position type="Vector">-39.416405, -3.499778, -60.530861</Position>
               </HpContrail02>
               <HpRunningLight03>
                  <Orientation type="Matrix">
                      -1.0000000000,   0.0000000000,  87.422777e-09,
                       0.0000000000,   1.0000000000,  -0.0000000000,
                     -87.422777e-09,   0.0000000000,  -1.0000000000
                  </Orientation>
                  <Position type="Vector">11.555912, 28.056398, -58.9716</Position>
               </HpRunningLight03>
               <HpRunningLight04>
                  <Orientation type="Matrix">
                      -1.0000000000,   0.0000000000,  87.422777e-09,
                       0.0000000000,   1.0000000000,  -0.0000000000,
                     -87.422777e-09,   0.0000000000,  -1.0000000000
                  </Orientation>
                  <Position type="Vector">-11.57693, 28.060783, -58.974495</Position>
               </HpRunningLight04>
            </Fixed>
            <Revolute>
               <HpTurret01>
                  <Axis type="Vector">0, 1, 0</Axis>
                  <Max type="float">1.5707964</Max>
                  <Min type="float">-1.5707964</Min>
                  <Orientation type="Matrix">
                      29.802322e-09,   0.3907310400,  -0.9205046900,
                      14.901161e-09,   0.9205048100,   0.3907310400,
                       0.9999998800,  14.901161e-09,   0.0000000000
                  </Orientation>
                  <Position type="Vector">31.418154, 0.129316, -47.504829</Position>
               </HpTurret01>
               <HpTurret02>
                  <Axis type="Vector">0, 1, 0</Axis>
                  <Max type="float">1.5707964</Max>
                  <Min type="float">-1.5707964</Min>
                  <Orientation type="Matrix">
                      29.802322e-09,  -0.3907310400,   0.9205046900,
                     -14.901161e-09,   0.9205048100,   0.3907310400,
                      -0.9999998800,  14.901161e-09,   0.0000000000
                  </Orientation>
                  <Position type="Vector">-31.430389, 0.123764, -47.484715</Position>
               </HpTurret02>
               <HpTurret03>
                  <Axis type="Vector">0, 1, 0</Axis>
                  <Max type="float">3.1415927</Max>
                  <Min type="float">-3.1415927</Min>
                  <Orientation type="Matrix">
                       0.9659258100,   0.2588191300, -84.443911e-09,
                       0.2588191300,  -0.9659256900, -22.626686e-09,
                     -87.422777e-09, -888.17842e-18,  -0.9999998800
                  </Orientation>
                  <Position type="Vector">27.664516, -10.460509, -46.819931</Position>
               </HpTurret03>
               <HpTurret04>
                  <Axis type="Vector">0, 1, 0</Axis>
                  <Max type="float">3.1415927</Max>
                  <Min type="float">-3.1415927</Min>
                  <Orientation type="Matrix">
                       0.9659258100,  -0.2588191300, -84.443911e-09,
                      -0.2588191300,  -0.9659256900,  22.626686e-09,
                     -87.422777e-09,  888.17842e-18,  -0.9999998800
                  </Orientation>
                  <Position type="Vector">-27.535631, -10.495415, -46.861786</Position>
               </HpTurret04>
               <HpTurret05>
                  <Axis type="Vector">0, 1, 0</Axis>
                  <Max type="float">3.1415927</Max>
                  <Min type="float">-3.1415927</Min>
                  <Orientation type="Matrix">
                       0.9925461400,   0.1218692800, -86.771138e-09,
                       0.1218692800,  -0.9925460800, -10.654150e-09,
                     -87.422777e-09,   0.0000000000,  -1.0000000000
                  </Orientation>
                  <Position type="Vector">14.765051, -14.463574, -44.924206</Position>
               </HpTurret05>
               <HpTurret06>
                  <Axis type="Vector">0, 1, 0</Axis>
                  <Max type="float">3.1415927</Max>
                  <Min type="float">-3.1415927</Min>
                  <Orientation type="Matrix">
                       0.9925461400,  -0.1218692800, -86.771138e-09,
                      -0.1218692800,  -0.9925460800,  10.654150e-09,
                     -87.422777e-09,   0.0000000000,  -1.0000000000
                  </Orientation>
                  <Position type="Vector">-14.588107, -14.487062, -44.554012</Position>
               </HpTurret06>
               <HpTurret07>
                  <Axis type="Vector">0, 1, 0</Axis>
                  <Max type="float">1.5707964</Max>
                  <Min type="float">-1.5707964</Min>
                  <Orientation type="Matrix">
                      50.291419e-09,   0.2923716300,  -0.9563046700,
                      14.901161e-09,   0.9563047900,   0.2923716600,
                       0.9999998800,   0.0000000000,  59.604645e-09
                  </Orientation>
                  <Position type="Vector">14.813031, 8.1688366, -44.810135</Position>
               </HpTurret07>
               <HpTurret08>
                  <Axis type="Vector">0, 1, 0</Axis>
                  <Max type="float">1.5707964</Max>
                  <Min type="float">-1.5707964</Min>
                  <Orientation type="Matrix">
                      50.291419e-09,  -0.2923716300,   0.9563046700,
                     -14.901161e-09,   0.9563047900,   0.2923716600,
                      -0.9999998800,   0.0000000000,  59.604645e-09
                  </Orientation>
                  <Position type="Vector">-14.720834, 8.1972237, -44.812199</Position>
               </HpTurret08>
               <HpTurret09>
                  <Axis type="Vector">0, 1, 0</Axis>
                  <Max type="float">1.5707964</Max>
                  <Min type="float">-1.5707964</Min>
                  <Orientation type="Matrix">
                      29.802322e-09,   0.3907310400,  -0.9205046900,
                      14.901161e-09,   0.9205048100,   0.3907310400,
                       0.9999998800,  14.901161e-09,   0.0000000000
                  </Orientation>
                  <Position type="Vector">23.966717, 3.49207, -24.378029</Position>
               </HpTurret09>
               <HpTurret10>
                  <Axis type="Vector">0, 1, 0</Axis>
                  <Max type="float">1.5707964</Max>
                  <Min type="float">-1.5707964</Min>
                  <Orientation type="Matrix">
                      29.802322e-09,  -0.3907310400,   0.9205046900,
                     -14.901161e-09,   0.9205048100,   0.3907310400,
                      -0.9999998800,  14.901161e-09,   0.0000000000
                  </Orientation>
                  <Position type="Vector">-23.646347, 3.6370561, -24.071972</Position>
               </HpTurret10>
               <HpTurret11>
                  <Axis type="Vector">0, 1, 0</Axis>
                  <Max type="float">1.5707964</Max>
                  <Min type="float">-1.5707964</Min>
                  <Orientation type="Matrix">
                      -1.0000000000,   0.0000000000,  87.422777e-09,
                       0.0000000000,   1.0000000000,  -0.0000000000,
                     -87.422777e-09,   0.0000000000,  -1.0000000000
                  </Orientation>
                  <Position type="Vector">0, 19.393442, -41.791634</Position>
               </HpTurret11>
               <HpTurret12>
                  <Axis type="Vector">0, 1, 0</Axis>
                  <Max type="float">1.5707964</Max>
                  <Min type="float">-1.5707964</Min>
                  <Orientation type="Matrix">
                      -1.0000000000,   0.0000000000,  87.422777e-09,
                       0.0000000000,   1.0000000000,  -0.0000000000,
                     -87.422777e-09,   0.0000000000,  -1.0000000000
                  </Orientation>
                  <Position type="Vector">0, 15.708583, -31.063938</Position>
               </HpTurret12>
               <HpTurret13>
                  <Axis type="Vector">0, 1, 0</Axis>
                  <Max type="float">1.5707964</Max>
                  <Min type="float">-1.5707964</Min>
                  <Orientation type="Matrix">
                      -1.0000000000,   0.0000000000,  87.422777e-09,
                       0.0000000000,   1.0000000000,  -0.0000000000,
                     -87.422777e-09,   0.0000000000,  -1.0000000000
                  </Orientation>
                  <Position type="Vector">0, 15.708608, -21.331619</Position>
               </HpTurret13>
               <HpTurret14>
                  <Axis type="Vector">0, 1, 0</Axis>
                  <Max type="float">1.5707964</Max>
                  <Min type="float">-1.5707964</Min>
                  <Orientation type="Matrix">
                      -1.0000000000,   0.0000000000,  87.422777e-09,
                       0.0000000000,   1.0000000000,  -0.0000000000,
                     -87.422777e-09,   0.0000000000,  -1.0000000000
                  </Orientation>
                  <Position type="Vector">0, 15.708477, -11.852106</Position>
               </HpTurret14>
               <HpTurret15>
                  <Axis type="Vector">0, 1, 0</Axis>
                  <Max type="float">1.5707964</Max>
                  <Min type="float">-1.5707964</Min>
                  <Orientation type="Matrix">
                      -1.0000000000,   0.0000000000,  87.422777e-09,
                       0.0000000000,   1.0000000000,  -0.0000000000,
                     -87.422777e-09,   0.0000000000,  -1.0000000000
                  </Orientation>
                  <Position type="Vector">0, 10.799009, 22.425192</Position>
               </HpTurret15>
               <HpTurret16>
                  <Axis type="Vector">0, 1, 0</Axis>
                  <Max type="float">1.5707964</Max>
                  <Min type="float">-1.5707964</Min>
                  <Orientation type="Matrix">
                       1.0000000000, -87.422777e-09, -87.422777e-09,
                     -87.422777e-09,  -1.0000000000,  7.6427419e-15,
                     -87.422777e-09,   0.0000000000,  -1.0000000000
                  </Orientation>
                  <Position type="Vector">0, -11.884637, -18.801868</Position>
               </HpTurret16>
               <HpTurret17>
                  <Axis type="Vector">0, 1, 0</Axis>
                  <Max type="float">1.5707964</Max>
                  <Min type="float">-1.5707964</Min>
                  <Orientation type="Matrix">
                      -0.9271837500,   0.3746065800,  81.056982e-09,
                       0.3746065800,   0.9271838700, -32.749149e-09,
                     -87.422777e-09,   0.0000000000,  -0.9999998800
                  </Orientation>
                  <Position type="Vector">17.214222, 5.3136549, 27.874731</Position>
               </HpTurret17>
               <HpTurret18>
                  <Axis type="Vector">0, 1, 0</Axis>
                  <Max type="float">1.5707964</Max>
                  <Min type="float">-1.5707964</Min>
                  <Orientation type="Matrix">
                      -0.9271837500,  -0.3746065800,  81.056982e-09,
                      -0.3746065800,   0.9271838700,  32.749149e-09,
                     -87.422777e-09,   0.0000000000,  -0.9999998800
                  </Orientation>
                  <Position type="Vector">-17.160759, 5.3379459, 27.8</Position>
               </HpTurret18>
            </Revolute>
         </Hardpoints>
      </overlord_corvette_p1_lod1.3db>
   </UTF_ROOT>
</UTFXML>
