<?xml version="1.0" encoding="ISO-8859-1"?>
<!-- XML generated by UTFXML Version 2.2 built 19-Aug-2010 -->
<UTFXML filename="procursator.cmp" path="SHIPS\new\other\Starwars">
   <UTF_ROOT>
      <VMeshLibrary>
         <procursator_p1.lod0.vms include="procursator_cmp\lod0.vms.xml"/>
      </VMeshLibrary>
      <Cmpnd>
         <Cons>
            <Fix type="Fix" count="2">
               <part>
                  <!-- parent      --> "Root",
                  <!-- child       --> "procursator_p2_lod1",
                  <!-- position    --> 0, 0, 0,
                  <!-- orientation -->   1.0000000000,   0.0000000000,   0.0000000000,
                                         0.0000000000,   1.0000000000,   0.0000000000,
                                         0.0000000000,   0.0000000000,   1.0000000000
               </part>
               <part>
                  <!-- parent      --> "Root",
                  <!-- child       --> "procursator_p3_lod1",
                  <!-- position    --> 0, 0, 0,
                  <!-- orientation -->   1.0000000000,   0.0000000000,   0.0000000000,
                                         0.0000000000,   1.0000000000,   0.0000000000,
                                         0.0000000000,   0.0000000000,   1.0000000000
               </part>
            </Fix>
         </Cons>
         <Root>
            <File_name name="File name" type="text">procursator_p1_lod1.3db</File_name>
            <Index type="int">0</Index>
            <Object_name name="Object name" type="text">Root</Object_name>
         </Root>
         <Part_procursator_p2_lod1>
            <File_name name="File name" type="text">procursator_p2_lod1.3db</File_name>
            <Index type="int">1</Index>
            <Object_name name="Object name" type="text">procursator_p2_lod1</Object_name>
         </Part_procursator_p2_lod1>
         <Part_procursator_p3_lod1>
            <File_name name="File name" type="text">procursator_p3_lod1.3db</File_name>
            <Index type="int">2</Index>
            <Object_name name="Object name" type="text">procursator_p3_lod1</Object_name>
         </Part_procursator_p3_lod1>
      </Cmpnd>
      <procursator_p1_lod1.3db>
         <MultiLevel>
            <Level0>
               <VMeshPart>
                  <VMeshRef type="VMeshRef">
                     <!-- header size  --> 60,
                     <!-- vmesh lib    --> procursator_p1.lod0.vms,
                     <!-- start vert   --> 0,
                     <!-- num verts    --> 4124,
                     <!-- start index  --> 0,
                     <!-- num indices  --> 7542,
                     <!-- start mesh   --> 0,
                     <!-- num meshes   --> 1,
                     <!-- bounding box -->  149.98575,      100.80293,   213.90166,
                                           -149.98573,      -42.012089, -254.10677,
                     <!-- center       -->    7.6293945e-6,  29.395422,  -20.102554,
                     <!-- radius       --> 389.76596
                  </VMeshRef>
               </VMeshPart>
            </Level0>
         </MultiLevel>
         <Hardpoints>
            <Fixed>
               <HpTractor_Source>
                  <Orientation type="Matrix">
                       1.0000000000,   0.0000000000,   0.0000000000,
                       0.0000000000,   1.0000000000,   0.0000000000,
                       0.0000000000,   0.0000000000,   1.0000000000
                  </Orientation>
                  <Position type="Vector">0, -8.1095095, -254.12656</Position>
               </HpTractor_Source>
               <HpCM01>
                  <Orientation type="Matrix">
                      -1.0000000000, -71.612547e-09, -50.143644e-09,
                      87.422777e-09,  -0.8191520000,  -0.5735763900,
                       0.0000000000,  -0.5735763900,   0.8191520600
                  </Orientation>
                  <Position type="Vector">0, -41.871925, 211.95123</Position>
               </HpCM01>
               <HpAGun02>
                  <Orientation type="Matrix">
                       1.0000000000,   0.0000000000,   0.0000000000,
                       0.0000000000,   1.0000000000,   0.0000000000,
                       0.0000000000,   0.0000000000,   1.0000000000
                  </Orientation>
                  <Position type="Vector">0.02298825, -7.8560114, -254.12648</Position>
               </HpAGun02>
               <HpRunningLight01>
                  <Orientation type="Matrix">
                       1.0000000000,   0.0000000000,   0.0000000000,
                       0.0000000000,   1.0000000000,   0.0000000000,
                       0.0000000000,   0.0000000000,   1.0000000000
                  </Orientation>
                  <Position type="Vector">-149.99701, 5.0423846, 162.06439</Position>
               </HpRunningLight01>
               <HpDocklight01>
                  <Orientation type="Matrix">
                       1.0000000000,   0.0000000000,   0.0000000000,
                       0.0000000000,   1.0000000000,   0.0000000000,
                       0.0000000000,   0.0000000000,   1.0000000000
                  </Orientation>
                  <Position type="Vector">-149.99756, 5.0420609, 162.06464</Position>
               </HpDocklight01>
               <HpRunningLight02>
                  <Orientation type="Matrix">
                       1.0000000000,   0.0000000000,   0.0000000000,
                       0.0000000000,   1.0000000000,   0.0000000000,
                       0.0000000000,   0.0000000000,   1.0000000000
                  </Orientation>
                  <Position type="Vector">149.99753, 5.042336, 162.06487</Position>
               </HpRunningLight02>
               <HpDocklight02>
                  <Orientation type="Matrix">
                       1.0000000000,   0.0000000000,   0.0000000000,
                       0.0000000000,   1.0000000000,   0.0000000000,
                       0.0000000000,   0.0000000000,   1.0000000000
                  </Orientation>
                  <Position type="Vector">149.99741, 5.0423632, 162.06487</Position>
               </HpDocklight02>
               <HpMount>
                  <Orientation type="Matrix">
                       1.0000000000,   0.0000000000,   0.0000000000,
                       0.0000000000,   1.0000000000,   0.0000000000,
                       0.0000000000,   0.0000000000,   1.0000000000
                  </Orientation>
                  <Position type="Vector">0, -46.75, -165.75</Position>
               </HpMount>
               <HpFX01>
                  <Orientation type="Matrix">
                       1.0000000000,   0.0000000000,   0.0000000000,
                       0.0000000000,   1.0000000000,   0.0000000000,
                       0.0000000000,   0.0000000000,   1.0000000000
                  </Orientation>
                  <Position type="Vector">0, 0, 0</Position>
               </HpFX01>
               <HpFX02>
                  <Orientation type="Matrix">
                      59.604645e-09,   0.9999998800,   0.0000000000,
                      -0.9999998800,  59.604645e-09,   0.0000000000,
                       0.0000000000,   0.0000000000,   1.0000000000
                  </Orientation>
                  <Position type="Vector">0, 0, 0</Position>
               </HpFX02>
               <HpFX03>
                  <Orientation type="Matrix">
                       1.0000000000,   0.0000000000,   0.0000000000,
                       0.0000000000,  59.604645e-09,   0.9999998800,
                       0.0000000000,  -0.9999998800,  59.604645e-09
                  </Orientation>
                  <Position type="Vector">0, 0, 0</Position>
               </HpFX03>
               <HpFX04>
                  <Orientation type="Matrix">
                       1.0000000000,   0.0000000000,   0.0000000000,
                       0.0000000000,   1.0000000000,   0.0000000000,
                       0.0000000000,   0.0000000000,   1.0000000000
                  </Orientation>
                  <Position type="Vector">0, 0, 0</Position>
               </HpFX04>
               <HpFX05>
                  <Orientation type="Matrix">
                       1.0000000000,   0.0000000000,   0.0000000000,
                       0.0000000000,   1.0000000000,   0.0000000000,
                       0.0000000000,   0.0000000000,   1.0000000000
                  </Orientation>
                  <Position type="Vector">0, 0, 0</Position>
               </HpFX05>
               <HpFX06>
                  <Orientation type="Matrix">
                       1.0000000000,   0.0000000000,   0.0000000000,
                       0.0000000000,   1.0000000000,   0.0000000000,
                       0.0000000000,   0.0000000000,   1.0000000000
                  </Orientation>
                  <Position type="Vector">0, 0, 0</Position>
               </HpFX06>
               <HpFX07>
                  <Orientation type="Matrix">
                       1.0000000000,   0.0000000000,   0.0000000000,
                       0.0000000000,   1.0000000000,   0.0000000000,
                       0.0000000000,   0.0000000000,   1.0000000000
                  </Orientation>
                  <Position type="Vector">0, 0, 0</Position>
               </HpFX07>
               <HpShield01>
                  <Orientation type="Matrix">
                       1.0000000000,   0.0000000000,   0.0000000000,
                       0.0000000000,   1.0000000000,   0.0000000000,
                       0.0000000000,   0.0000000000,   1.0000000000
                  </Orientation>
                  <Position type="Vector">0, 0, 0</Position>
               </HpShield01>
               <HpShield02>
                  <Orientation type="Matrix">
                       1.0000000000,   0.0000000000,   0.0000000000,
                       0.0000000000,   1.0000000000,   0.0000000000,
                       0.0000000000,   0.0000000000,   1.0000000000
                  </Orientation>
                  <Position type="Vector">0, 0, 0</Position>
               </HpShield02>
               <HpShield03>
                  <Orientation type="Matrix">
                       1.0000000000,   0.0000000000,   0.0000000000,
                       0.0000000000,   1.0000000000,   0.0000000000,
                       0.0000000000,   0.0000000000,   1.0000000000
                  </Orientation>
                  <Position type="Vector">0, 0, 0</Position>
               </HpShield03>
               <HpShield04>
                  <Orientation type="Matrix">
                       1.0000000000,   0.0000000000,   0.0000000000,
                       0.0000000000,   1.0000000000,   0.0000000000,
                       0.0000000000,   0.0000000000,   1.0000000000
                  </Orientation>
                  <Position type="Vector">0, 0, 0</Position>
               </HpShield04>
               <HpCloak01>
                  <Orientation type="Matrix">
                       1.0000000000,   0.0000000000,   0.0000000000,
                       0.0000000000,   1.0000000000,   0.0000000000,
                       0.0000000000,   0.0000000000,   1.0000000000
                  </Orientation>
                  <Position type="Vector">0, 0, 0</Position>
               </HpCloak01>
               <HpBayDoor01>
                  <Orientation type="Matrix">
                       1.0000000000,   0.0000000000,   0.0000000000,
                       0.0000000000,   1.0000000000,   0.0000000000,
                       0.0000000000,   0.0000000000,   1.0000000000
                  </Orientation>
                  <Position type="Vector">0, -51, 0</Position>
               </HpBayDoor01>
               <HpBayDoor02>
                  <Orientation type="Matrix">
                       1.0000000000,   0.0000000000,   0.0000000000,
                       0.0000000000,   1.0000000000,   0.0000000000,
                       0.0000000000,   0.0000000000,   1.0000000000
                  </Orientation>
                  <Position type="Vector">0, -55.25, 0</Position>
               </HpBayDoor02>
            </Fixed>
            <Revolute>
               <HpTorpedo01>
                  <Axis type="Vector">0, 1, 0</Axis>
                  <Max type="float">2.2689281</Max>
                  <Min type="float">-2.2689281</Min>
                  <Orientation type="Matrix">
                      -1.0000000000, -87.302965e-09, -4.5753548e-09,
                      87.422777e-09,  -0.9986295700,  -0.0523359590,
                       0.0000000000,  -0.0523359590,   0.9986295100
                  </Orientation>
                  <Position type="Vector">0, -11.48154, -205.57817</Position>
               </HpTorpedo01>
               <HpT01>
                  <Axis type="Vector">0, 1, 0</Axis>
                  <Max type="float">0.43633232</Max>
                  <Min type="float">-0.43633232</Min>
                  <Orientation type="Matrix">
                       0.9848077300,  -0.1729875200,   0.0151343610,
                      -0.1736483000,  -0.9810604500,   0.0858316720,
                     -86.612999e-09,  -0.0871557440,  -0.9961949000
                  </Orientation>
                  <Position type="Vector">-20.072248, -35.056118, 179.28838</Position>
               </HpT01>
               <HpT02>
                  <Axis type="Vector">0, 1, 0</Axis>
                  <Max type="float">0.43633232</Max>
                  <Min type="float">-0.43633232</Min>
                  <Orientation type="Matrix">
                       0.9848077300,   0.1729875200,  -0.0151345330,
                       0.1736483000,  -0.9810604500,   0.0858316420,
                     -87.544322e-09,  -0.0871557440,  -0.9961949000
                  </Orientation>
                  <Position type="Vector">19.936495, -35.090355, 179.34621</Position>
               </HpT02>
               <HpAGun01>
                  <Axis type="Vector">0, 1, 0</Axis>
                  <Max type="float">0</Max>
                  <Min type="float">0</Min>
                  <Orientation type="Matrix">
                       1.0000000000,   0.0000000000,   0.0000000000,
                       0.0000000000,   1.0000000000,   0.0000000000,
                       0.0000000000,   0.0000000000,   1.0000000000
                  </Orientation>
                  <Position type="Vector">0.03416745, 7.8113117, -254.12648</Position>
               </HpAGun01>
               <HpBGun01>
                  <Axis type="Vector">0, 1, 0</Axis>
                  <Max type="float">0</Max>
                  <Min type="float">0</Min>
                  <Orientation type="Matrix">
                       1.0000000000,   0.0000000000,   0.0000000000,
                       0.0000000000,   1.0000000000,   0.0000000000,
                       0.0000000000,   0.0000000000,   1.0000000000
                  </Orientation>
                  <Position type="Vector">0.037768051, 7.8082209, -254.12648</Position>
               </HpBGun01>
               <HpBGun02>
                  <Axis type="Vector">0, 1, 0</Axis>
                  <Max type="float">0</Max>
                  <Min type="float">0</Min>
                  <Orientation type="Matrix">
                       1.0000000000,   0.0000000000,   0.0000000000,
                       0.0000000000,   1.0000000000,   0.0000000000,
                       0.0000000000,   0.0000000000,   1.0000000000
                  </Orientation>
                  <Position type="Vector">0.002448, -7.9415617, -254.12651</Position>
               </HpBGun02>
               <HpWeapon01>
                  <Axis type="Vector">0, 1, 0</Axis>
                  <Max type="float">0</Max>
                  <Min type="float">0</Min>
                  <Orientation type="Matrix">
                      59.604645e-09,   0.0000000000,  -0.9999998800,
                       0.0000000000,   1.0000000000,   0.0000000000,
                       0.9999998800,   0.0000000000,  59.604645e-09
                  </Orientation>
                  <Position type="Vector">-0.15669835, 11.380874, -206.57932</Position>
               </HpWeapon01>
               <HpWeapon02>
                  <Axis type="Vector">0, 1, 0</Axis>
                  <Max type="float">0</Max>
                  <Min type="float">0</Min>
                  <Orientation type="Matrix">
                      59.604645e-09,   0.0000000000,  -0.9999998800,
                       0.0000000000,   1.0000000000,   0.0000000000,
                       0.9999998800,   0.0000000000,  59.604645e-09
                  </Orientation>
                  <Position type="Vector">-0.0458779, 12.334911, -193.80603</Position>
               </HpWeapon02>
               <HpWeapon03>
                  <Axis type="Vector">0, 1, 0</Axis>
                  <Max type="float">0</Max>
                  <Min type="float">0</Min>
                  <Orientation type="Matrix">
                      59.604645e-09,   0.0000000000,  -0.9999998800,
                       0.0000000000,   1.0000000000,   0.0000000000,
                       0.9999998800,   0.0000000000,  59.604645e-09
                  </Orientation>
                  <Position type="Vector">0.0053108004, 13.257662, -181.24867</Position>
               </HpWeapon03>
               <HpWeapon04>
                  <Axis type="Vector">0, 1, 0</Axis>
                  <Max type="float">0</Max>
                  <Min type="float">0</Min>
                  <Orientation type="Matrix">
                      59.604645e-09,   0.0000000000,  -0.9999998800,
                       0.0000000000,   1.0000000000,   0.0000000000,
                       0.9999998800,   0.0000000000,  59.604645e-09
                  </Orientation>
                  <Position type="Vector">-0.16941436, 14.166832, -168.25676</Position>
               </HpWeapon04>
               <HpTurret02>
                  <Axis type="Vector">0, 1, 0</Axis>
                  <Max type="float">1.5707964</Max>
                  <Min type="float">-1.5707964</Min>
                  <Orientation type="Matrix">
                       0.0145031010,  -0.2074052100,   0.9781475700,
                      -0.0682321410,   0.9757649300,   0.2079116700,
                      -0.9975640200,  -0.0697564710, -59.604645e-09
                  </Orientation>
                  <Position type="Vector">-110.50533, 12.850469, 149.0153</Position>
               </HpTurret02>
               <HpTurret03>
                  <Axis type="Vector">0, 1, 0</Axis>
                  <Max type="float">1.5707964</Max>
                  <Min type="float">-1.5707964</Min>
                  <Orientation type="Matrix">
                       0.0145031010,   0.2074052100,  -0.9781475700,
                       0.0682321410,   0.9757649300,   0.2079116700,
                       0.9975640200,  -0.0697564710, -59.604645e-09
                  </Orientation>
                  <Position type="Vector">111.1275, 12.668517, 148.41074</Position>
               </HpTurret03>
               <HpTurret04>
                  <Axis type="Vector">0, 1, 0</Axis>
                  <Max type="float">3.1415927</Max>
                  <Min type="float">-3.1415927</Min>
                  <Orientation type="Matrix">
                      -0.9781477500,  -0.2074051500,  -0.0145031810,
                       0.2079116100,  -0.9757650500,  -0.0682321340,
                      465.66129e-12,  -0.0697564780,   0.9975640200
                  </Orientation>
                  <Position type="Vector">-94.876862, -16.201773, 147.56511</Position>
               </HpTurret04>
               <HpTurret05>
                  <Axis type="Vector">0, 1, 0</Axis>
                  <Max type="float">3.1415927</Max>
                  <Min type="float">-3.1415927</Min>
                  <Orientation type="Matrix">
                      -0.9781477500,   0.2074051500,   0.0145031810,
                      -0.2079116100,  -0.9757650500,  -0.0682321340,
                     -465.66129e-12,  -0.0697564780,   0.9975640200
                  </Orientation>
                  <Position type="Vector">95.150772, -16.12858, 147.39197</Position>
               </HpTurret05>
               <HpTurret08>
                  <Axis type="Vector">0, 1, 0</Axis>
                  <Max type="float">1.5707964</Max>
                  <Min type="float">-1.5707964</Min>
                  <Orientation type="Matrix">
                       0.9781475700,  -0.2074052400,  -0.0145031870,
                       0.2079117000,   0.9757648700,   0.0682321340,
                       0.0000000000,  -0.0697564780,   0.9975640200
                  </Orientation>
                  <Position type="Vector">-27.337423, 43.76376, 34.932861</Position>
               </HpTurret08>
               <HpTurret09>
                  <Axis type="Vector">0, 1, 0</Axis>
                  <Max type="float">1.5707964</Max>
                  <Min type="float">-1.5707964</Min>
                  <Orientation type="Matrix">
                       0.9781475700,   0.2074052400,   0.0145031870,
                      -0.2079117000,   0.9757648700,   0.0682321340,
                       0.0000000000,  -0.0697564780,   0.9975640200
                  </Orientation>
                  <Position type="Vector">27.212942, 43.779976, 34.774597</Position>
               </HpTurret09>
               <HpTurret10>
                  <Axis type="Vector">0, 1, 0</Axis>
                  <Max type="float">1.5707964</Max>
                  <Min type="float">-1.5707964</Min>
                  <Orientation type="Matrix">
                      -0.9781477500,  -0.2074051500,  -0.0145031810,
                       0.2079116100,  -0.9757650500,  -0.0682321340,
                      465.66129e-12,  -0.0697564780,   0.9975640200
                  </Orientation>
                  <Position type="Vector">-56.604359, -14.919077, 13.570373</Position>
               </HpTurret10>
               <HpTurret11>
                  <Axis type="Vector">0, 1, 0</Axis>
                  <Max type="float">1.5707964</Max>
                  <Min type="float">-1.5707964</Min>
                  <Orientation type="Matrix">
                      -0.9781477500,   0.2074051500,   0.0145031810,
                      -0.2079116100,  -0.9757650500,  -0.0682321340,
                     -465.66129e-12,  -0.0697564780,   0.9975640200
                  </Orientation>
                  <Position type="Vector">56.668198, -14.929526, 13.908287</Position>
               </HpTurret11>
               <HpTurret12>
                  <Axis type="Vector">0, 1, 0</Axis>
                  <Max type="float">1.5707964</Max>
                  <Min type="float">-0.78539819</Min>
                  <Orientation type="Matrix">
                       0.0145031010,  -0.2074052100,   0.9781475700,
                      -0.0682321410,   0.9757649300,   0.2079116700,
                      -0.9975640200,  -0.0697564710, -59.604645e-09
                  </Orientation>
                  <Position type="Vector">-104.38417, 11.100792, 106.35499</Position>
               </HpTurret12>
               <HpTurret13>
                  <Axis type="Vector">0, 1, 0</Axis>
                  <Max type="float">0.78539819</Max>
                  <Min type="float">-1.5707964</Min>
                  <Orientation type="Matrix">
                       0.0145031010,   0.2074052100,  -0.9781475700,
                       0.0682321410,   0.9757649300,   0.2079116700,
                       0.9975640200,  -0.0697564710, -59.604645e-09
                  </Orientation>
                  <Position type="Vector">104.48035, 11.076785, 106.33364</Position>
               </HpTurret13>
               <HpTurret14>
                  <Axis type="Vector">0, 1, 0</Axis>
                  <Max type="float">1.5707964</Max>
                  <Min type="float">-1.5707964</Min>
                  <Orientation type="Matrix">
                       0.9781475700,  -0.2074051500,   0.0145030950,
                      -0.2079116100,  -0.9757650500,   0.0682321490,
                     -87.078661e-09,  -0.0697564780,  -0.9975642000
                  </Orientation>
                  <Position type="Vector">-59.760399, -24.14208, 149.93918</Position>
               </HpTurret14>
               <HpTurret15>
                  <Axis type="Vector">0, 1, 0</Axis>
                  <Max type="float">1.5707964</Max>
                  <Min type="float">-1.5707964</Min>
                  <Orientation type="Matrix">
                       0.9781475700,   0.2074051500,  -0.0145032670,
                       0.2079116100,  -0.9757650500,   0.0682321190,
                     -87.078661e-09,  -0.0697564780,  -0.9975642000
                  </Orientation>
                  <Position type="Vector">59.998016, -24.104864, 150.15015</Position>
               </HpTurret15>
               <HpTurret16>
                  <Axis type="Vector">0, 1, 0</Axis>
                  <Max type="float">1.5707964</Max>
                  <Min type="float">-1.5707964</Min>
                  <Orientation type="Matrix">
                       0.9781475700,  -0.2074051500,   0.0145030950,
                      -0.2079116100,  -0.9757650500,   0.0682321490,
                     -87.078661e-09,  -0.0697564780,  -0.9975642000
                  </Orientation>
                  <Position type="Vector">-64.57782, -16.883503, 64.814514</Position>
               </HpTurret16>
               <HpTurret17>
                  <Axis type="Vector">0, 1, 0</Axis>
                  <Max type="float">1.5707964</Max>
                  <Min type="float">-1.5707964</Min>
                  <Orientation type="Matrix">
                       0.9781475700,   0.2074051500,  -0.0145032670,
                       0.2079116100,  -0.9757650500,   0.0682321190,
                     -87.078661e-09,  -0.0697564780,  -0.9975642000
                  </Orientation>
                  <Position type="Vector">64.749634, -16.839987, 64.73893</Position>
               </HpTurret17>
            </Revolute>
         </Hardpoints>
      </procursator_p1_lod1.3db>
      <procursator_p2_lod1.3db>
         <MultiLevel>
            <Level0>
               <VMeshPart>
                  <VMeshRef type="VMeshRef">
                     <!-- header size  --> 60,
                     <!-- vmesh lib    --> procursator_p1.lod0.vms,
                     <!-- start vert   --> 4124,
                     <!-- num verts    --> 19228,
                     <!-- start index  --> 7542,
                     <!-- num indices  --> 22908,
                     <!-- start mesh   --> 1,
                     <!-- num meshes   --> 1,
                     <!-- bounding box -->  149.98575,      100.80293,   213.90166,
                                           -149.98573,      -42.012089, -254.10677,
                     <!-- center       -->    7.6293945e-6,  29.395422,  -20.102554,
                     <!-- radius       --> 389.76596
                  </VMeshRef>
               </VMeshPart>
            </Level0>
         </MultiLevel>
         <Hardpoints>
            <Fixed>
               <HpEngine01>
                  <Orientation type="Matrix">
                       1.0000000000,   0.0000000000,   0.0000000000,
                       0.0000000000,   1.0000000000,   0.0000000000,
                       0.0000000000,   0.0000000000,   1.0000000000
                  </Orientation>
                  <Position type="Vector">-54.954395, -0.053856, 180.16777</Position>
               </HpEngine01>
               <HpEngine02>
                  <Orientation type="Matrix">
                       1.0000000000,   0.0000000000,   0.0000000000,
                       0.0000000000,   1.0000000000,   0.0000000000,
                       0.0000000000,   0.0000000000,   1.0000000000
                  </Orientation>
                  <Position type="Vector">0.048183952, -0.036075704, 180.16733</Position>
               </HpEngine02>
               <HpEngine03>
                  <Orientation type="Matrix">
                       1.0000000000,   0.0000000000,   0.0000000000,
                       0.0000000000,   1.0000000000,   0.0000000000,
                       0.0000000000,   0.0000000000,   1.0000000000
                  </Orientation>
                  <Position type="Vector">55.050781, 0.031127851, 180.16858</Position>
               </HpEngine03>
               <HpThruster01>
                  <Orientation type="Matrix">
                       1.0000000000,   0.0000000000,   0.0000000000,
                       0.0000000000,   1.0000000000,   0.0000000000,
                       0.0000000000,   0.0000000000,   1.0000000000
                  </Orientation>
                  <Position type="Vector">-55.018066, -0.0173111, 180.16388</Position>
               </HpThruster01>
               <HpThruster02>
                  <Orientation type="Matrix">
                       1.0000000000,   0.0000000000,   0.0000000000,
                       0.0000000000,   1.0000000000,   0.0000000000,
                       0.0000000000,   0.0000000000,   1.0000000000
                  </Orientation>
                  <Position type="Vector">54.947639, 0.065852903, 180.16962</Position>
               </HpThruster02>
               <HpRunningLight03>
                  <Orientation type="Matrix">
                       1.0000000000,   0.0000000000,   0.0000000000,
                       0.0000000000,   1.0000000000,   0.0000000000,
                       0.0000000000,   0.0000000000,   1.0000000000
                  </Orientation>
                  <Position type="Vector">-31.932234, 100.65586, 117.69212</Position>
               </HpRunningLight03>
               <HpDocklight03>
                  <Orientation type="Matrix">
                       1.0000000000,   0.0000000000,   0.0000000000,
                       0.0000000000,   1.0000000000,   0.0000000000,
                       0.0000000000,   0.0000000000,   1.0000000000
                  </Orientation>
                  <Position type="Vector">-31.941488, 100.65976, 117.69989</Position>
               </HpDocklight03>
               <HpRunningLight04>
                  <Orientation type="Matrix">
                       1.0000000000,   0.0000000000,   0.0000000000,
                       0.0000000000,   1.0000000000,   0.0000000000,
                       0.0000000000,   0.0000000000,   1.0000000000
                  </Orientation>
                  <Position type="Vector">31.944296, 100.65959, 117.69946</Position>
               </HpRunningLight04>
               <HpDocklight04>
                  <Orientation type="Matrix">
                       1.0000000000,   0.0000000000,   0.0000000000,
                       0.0000000000,   1.0000000000,   0.0000000000,
                       0.0000000000,   0.0000000000,   1.0000000000
                  </Orientation>
                  <Position type="Vector">31.944296, 100.65959, 117.69946</Position>
               </HpDocklight04>
            </Fixed>
            <Revolute>
               <HpTurret01>
                  <Axis type="Vector">0, 1, 0</Axis>
                  <Max type="float">3.1415927</Max>
                  <Min type="float">-3.1415927</Min>
                  <Orientation type="Matrix">
                      -1.0000000000, -87.090108e-09, -7.6193967e-09,
                      87.422784e-09,  -0.9961947200,  -0.0871557440,
                      444.08921e-18,  -0.0871557440,   0.9961947200
                  </Orientation>
                  <Position type="Vector">-0.0223618, -37.32225, 29.843517</Position>
               </HpTurret01>
               <HpTurret06>
                  <Axis type="Vector">0, 1, 0</Axis>
                  <Max type="float">1.5707964</Max>
                  <Min type="float">-1.5707964</Min>
                  <Orientation type="Matrix">
                       1.0000000000,   0.0000000000,   0.0000000000,
                       0.0000000000,   0.9975640800,   0.0697564710,
                       0.0000000000,  -0.0697564710,   0.9975640800
                  </Orientation>
                  <Position type="Vector">0, 39.289215, -18.034678</Position>
               </HpTurret06>
               <HpTurret07>
                  <Axis type="Vector">0, 1, 0</Axis>
                  <Max type="float">1.5707964</Max>
                  <Min type="float">-1.5707964</Min>
                  <Orientation type="Matrix">
                       1.0000000000,   0.0000000000,   0.0000000000,
                       0.0000000000,   0.9975640800,   0.0697564710,
                       0.0000000000,  -0.0697564710,   0.9975640800
                  </Orientation>
                  <Position type="Vector">0, 27.991089, -57.535362</Position>
               </HpTurret07>
            </Revolute>
         </Hardpoints>
      </procursator_p2_lod1.3db>
      <procursator_p3_lod1.3db>
         <MultiLevel>
            <Level0>
               <VMeshPart>
                  <VMeshRef type="VMeshRef">
                     <!-- header size  --> 60,
                     <!-- vmesh lib    --> procursator_p1.lod0.vms,
                     <!-- start vert   --> 23352,
                     <!-- num verts    --> 1017,
                     <!-- start index  --> 30450,
                     <!-- num indices  --> 1260,
                     <!-- start mesh   --> 2,
                     <!-- num meshes   --> 1,
                     <!-- bounding box -->  149.98575,      100.80293,   213.90166,
                                           -149.98573,      -42.012089, -254.10677,
                     <!-- center       -->    7.6293945e-6,  29.395422,  -20.102554,
                     <!-- radius       --> 389.76596
                  </VMeshRef>
               </VMeshPart>
            </Level0>
         </MultiLevel>
      </procursator_p3_lod1.3db>
   </UTF_ROOT>
</UTFXML>
