<?xml version="1.0" encoding="ISO-8859-1"?>
<!-- XML generated by UTFXML Version 2.2 built 19-Aug-2010 -->
<UTFXML filename="resurgent_modified.cmp" path="SHIPS\new\other\Starwars">
   <UTF_ROOT>
      <VMeshLibrary>
         <resurgent_modified_root.lod0.vms include="resurgent_modified_cmp\lod0.vms.xml"/>
         <resurgent_modified_details_1.lod0.vms include="resurgent_modified_cmp\lod0.vms.xml"/>
         <resurgent_modified_details_2.lod0.vms include="resurgent_modified_cmp\lod0.vms.xml"/>
         <resurgent_modified_details_3.lod0.vms include="resurgent_modified_cmp\lod0.vms.xml"/>
      </VMeshLibrary>
      <Cmpnd>
         <Cons>
            <Fix type="Fix" count="4">
               <part>
                  <!-- parent      --> "Root",
                  <!-- child       --> "resurgent_modified_body_lod1",
                  <!-- position    --> 0, 0, 0,
                  <!-- orientation -->   1.0000000000,   0.0000000000,   0.0000000000,
                                         0.0000000000,   1.0000000000,   0.0000000000,
                                         0.0000000000,   0.0000000000,   1.0000000000
               </part>
               <part>
                  <!-- parent      --> "Root",
                  <!-- child       --> "resurgent_modified_details_1_lod1",
                  <!-- position    --> 0, 0, 0,
                  <!-- orientation -->   1.0000000000,   0.0000000000,   0.0000000000,
                                         0.0000000000,   1.0000000000,   0.0000000000,
                                         0.0000000000,   0.0000000000,   1.0000000000
               </part>
               <part>
                  <!-- parent      --> "Root",
                  <!-- child       --> "resurgent_modified_details_2_lod1",
                  <!-- position    --> 0, 0, 0,
                  <!-- orientation -->   1.0000000000,   0.0000000000,   0.0000000000,
                                         0.0000000000,   1.0000000000,   0.0000000000,
                                         0.0000000000,   0.0000000000,   1.0000000000
               </part>
               <part>
                  <!-- parent      --> "Root",
                  <!-- child       --> "resurgent_modified_details_3_lod1",
                  <!-- position    --> 0, 0, 0,
                  <!-- orientation -->   1.0000000000,   0.0000000000,   0.0000000000,
                                         0.0000000000,   1.0000000000,   0.0000000000,
                                         0.0000000000,   0.0000000000,   1.0000000000
               </part>
            </Fix>
         </Cons>
         <Root>
            <File_name name="File name" type="text">resurgent_modified_root_lod1.3db</File_name>
            <Index type="int">0</Index>
            <Object_name name="Object name" type="text">Root</Object_name>
         </Root>
         <Part_resurgent_modified_body_lod1>
            <File_name name="File name" type="text">resurgent_modified_body_lod1.3db</File_name>
            <Index type="int">1</Index>
            <Object_name name="Object name" type="text">resurgent_modified_body_lod1</Object_name>
         </Part_resurgent_modified_body_lod1>
         <Part_resurgent_modified_details_1_lod1>
            <File_name name="File name" type="text">resurgent_modified_details_1_lod1.3db</File_name>
            <Index type="int">1</Index>
            <Object_name name="Object name" type="text">resurgent_modified_details_1_lod1</Object_name>
         </Part_resurgent_modified_details_1_lod1>
         <Part_resurgent_modified_details_2_lod1>
            <File_name name="File name" type="text">resurgent_modified_details_2_lod1.3db</File_name>
            <Index type="int">1</Index>
            <Object_name name="Object name" type="text">resurgent_modified_details_2_lod1</Object_name>
         </Part_resurgent_modified_details_2_lod1>
         <Part_resurgent_modified_details_3_lod1>
            <File_name name="File name" type="text">resurgent_modified_details_3_lod1.3db</File_name>
            <Index type="int">1</Index>
            <Object_name name="Object name" type="text">resurgent_modified_details_3_lod1</Object_name>
         </Part_resurgent_modified_details_3_lod1>
      </Cmpnd>
      <resurgent_modified_root_lod1.3db>
         <MultiLevel>
            <Level0>
               <VMeshPart>
                  <VMeshRef type="VMeshRef">
                     <!-- header size  --> 60,
                     <!-- vmesh lib    --> resurgent_modified_root.lod0.vms,
                     <!-- start vert   --> 0,
                     <!-- num verts    --> 20,
                     <!-- start index  --> 0,
                     <!-- num indices  --> 36,
                     <!-- start mesh   --> 0,
                     <!-- num meshes   --> 1,
                     <!-- bounding box -->  91.037102,  22.3484,     189.14212,
                                           -91.037102, -32.422886,  -184.73169,
                     <!-- center       -->   0,         -5.0372429,    2.2052155,
                     <!-- radius       --> 265.49994
                  </VMeshRef>
               </VMeshPart>
            </Level0>
         </MultiLevel>
         <Hardpoints>
            <Fixed>
               <HpMount>
                  <Orientation type="Matrix">
                       1.0000000000,   0.0000000000,   0.0000000000,
                       0.0000000000,   1.0000000000,   0.0000000000,
                       0.0000000000,   0.0000000000,   1.0000000000
                  </Orientation>
                  <Position type="Vector">0, -45, -155</Position>
               </HpMount>
               <HpBayDoor01>
                  <Orientation type="Matrix">
                       1.0000000000,   0.0000000000,   0.0000000000,
                       0.0000000000,   1.0000000000,   0.0000000000,
                       0.0000000000,   0.0000000000,   1.0000000000
                  </Orientation>
                  <Position type="Vector">0, 45, 0</Position>
               </HpBayDoor01>
               <HpBayDoor02>
                  <Orientation type="Matrix">
                       1.0000000000,   0.0000000000,   0.0000000000,
                       0.0000000000,   1.0000000000,   0.0000000000,
                       0.0000000000,   0.0000000000,   1.0000000000
                  </Orientation>
                  <Position type="Vector">0, 50, 0</Position>
               </HpBayDoor02>
               <HpCloak01>
                  <Orientation type="Matrix">
                       1.0000000000,   0.0000000000,   0.0000000000,
                       0.0000000000,   1.0000000000,   0.0000000000,
                       0.0000000000,   0.0000000000,   1.0000000000
                  </Orientation>
                  <Position type="Vector">0, -8, 15</Position>
               </HpCloak01>
               <HpShield01>
                  <Orientation type="Matrix">
                       1.0000000000,   0.0000000000,   0.0000000000,
                       0.0000000000,   1.0000000000,   0.0000000000,
                       0.0000000000,   0.0000000000,   1.0000000000
                  </Orientation>
                  <Position type="Vector">0, 0, 0</Position>
               </HpShield01>
               <HpShield02>
                  <Orientation type="Matrix">
                       1.0000000000,   0.0000000000,   0.0000000000,
                       0.0000000000,   1.0000000000,   0.0000000000,
                       0.0000000000,   0.0000000000,   1.0000000000
                  </Orientation>
                  <Position type="Vector">0, 0, 0</Position>
               </HpShield02>
               <HpShield03>
                  <Orientation type="Matrix">
                       1.0000000000,   0.0000000000,   0.0000000000,
                       0.0000000000,   1.0000000000,   0.0000000000,
                       0.0000000000,   0.0000000000,   1.0000000000
                  </Orientation>
                  <Position type="Vector">0, 0, 0</Position>
               </HpShield03>
               <HpShield04>
                  <Orientation type="Matrix">
                       1.0000000000,   0.0000000000,   0.0000000000,
                       0.0000000000,   1.0000000000,   0.0000000000,
                       0.0000000000,   0.0000000000,   1.0000000000
                  </Orientation>
                  <Position type="Vector">0, 0, 0</Position>
               </HpShield04>
               <HpShield05>
                  <Orientation type="Matrix">
                       1.0000000000,   0.0000000000,   0.0000000000,
                       0.0000000000,   1.0000000000,   0.0000000000,
                       0.0000000000,   0.0000000000,   1.0000000000
                  </Orientation>
                  <Position type="Vector">0, 0, 0</Position>
               </HpShield05>
               <HpFX01>
                  <Orientation type="Matrix">
                       1.0000000000,   0.0000000000,   0.0000000000,
                       0.0000000000,   1.0000000000,   0.0000000000,
                       0.0000000000,   0.0000000000,   1.0000000000
                  </Orientation>
                  <Position type="Vector">0, 0, 0</Position>
               </HpFX01>
               <HpFX02>
                  <Orientation type="Matrix">
                      59.604645e-09,   0.9999998800,   0.0000000000,
                      -0.9999998800,  59.604645e-09,   0.0000000000,
                       0.0000000000,   0.0000000000,   1.0000000000
                  </Orientation>
                  <Position type="Vector">0, 0, 0</Position>
               </HpFX02>
               <HpFX03>
                  <Orientation type="Matrix">
                       1.0000000000,   0.0000000000,   0.0000000000,
                       0.0000000000,  59.604645e-09,   0.9999998800,
                       0.0000000000,  -0.9999998800,  59.604645e-09
                  </Orientation>
                  <Position type="Vector">0, 0, 0</Position>
               </HpFX03>
               <HpFX04>
                  <Orientation type="Matrix">
                       1.0000000000,   0.0000000000,   0.0000000000,
                       0.0000000000,   1.0000000000,   0.0000000000,
                       0.0000000000,   0.0000000000,   1.0000000000
                  </Orientation>
                  <Position type="Vector">0, 0, 0</Position>
               </HpFX04>
               <HpFX05>
                  <Orientation type="Matrix">
                       1.0000000000,   0.0000000000,   0.0000000000,
                       0.0000000000,   1.0000000000,   0.0000000000,
                       0.0000000000,   0.0000000000,   1.0000000000
                  </Orientation>
                  <Position type="Vector">0, 0, 0</Position>
               </HpFX05>
               <HpFX06>
                  <Orientation type="Matrix">
                       1.0000000000,   0.0000000000,   0.0000000000,
                       0.0000000000,   1.0000000000,   0.0000000000,
                       0.0000000000,   0.0000000000,   1.0000000000
                  </Orientation>
                  <Position type="Vector">0, 0, 0</Position>
               </HpFX06>
               <HpFX07>
                  <Orientation type="Matrix">
                       1.0000000000,   0.0000000000,   0.0000000000,
                       0.0000000000,   1.0000000000,   0.0000000000,
                       0.0000000000,   0.0000000000,   1.0000000000
                  </Orientation>
                  <Position type="Vector">0, 0, 0</Position>
               </HpFX07>
               <HpAA01>
                  <Orientation type="Matrix">
                       1.0000000000,   0.0000000000,   0.0000000000,
                       0.0000000000,   1.0000000000,   0.0000000000,
                       0.0000000000,   0.0000000000,   1.0000000000
                  </Orientation>
                  <Position type="Vector">0, 0, 0</Position>
               </HpAA01>
               <HpAA02>
                  <Orientation type="Matrix">
                       1.0000000000,   0.0000000000,   0.0000000000,
                       0.0000000000,   1.0000000000,   0.0000000000,
                       0.0000000000,   0.0000000000,   1.0000000000
                  </Orientation>
                  <Position type="Vector">0, 0, 0</Position>
               </HpAA02>
               <HpAA03>
                  <Orientation type="Matrix">
                       1.0000000000,   0.0000000000,   0.0000000000,
                       0.0000000000,   1.0000000000,   0.0000000000,
                       0.0000000000,   0.0000000000,   1.0000000000
                  </Orientation>
                  <Position type="Vector">0, 0, 0</Position>
               </HpAA03>
               <HpT03>
                  <Orientation type="Matrix">
                       1.0000000000,   0.0000000000,   0.0000000000,
                       0.0000000000,   1.0000000000,   0.0000000000,
                       0.0000000000,   0.0000000000,   1.0000000000
                  </Orientation>
                  <Position type="Vector">0, 0, 0</Position>
               </HpT03>
               <HpT04>
                  <Orientation type="Matrix">
                       1.0000000000,   0.0000000000,   0.0000000000,
                       0.0000000000,   1.0000000000,   0.0000000000,
                       0.0000000000,   0.0000000000,   1.0000000000
                  </Orientation>
                  <Position type="Vector">0, 0, 0</Position>
               </HpT04>
               <HpShield06>
                  <Orientation type="Matrix">
                       1.0000000000,   0.0000000000,   0.0000000000,
                       0.0000000000,   1.0000000000,   0.0000000000,
                       0.0000000000,   0.0000000000,   1.0000000000
                  </Orientation>
                  <Position type="Vector">0, 0, 0</Position>
               </HpShield06>
               <HpShield07>
                  <Orientation type="Matrix">
                       1.0000000000,   0.0000000000,   0.0000000000,
                       0.0000000000,   1.0000000000,   0.0000000000,
                       0.0000000000,   0.0000000000,   1.0000000000
                  </Orientation>
                  <Position type="Vector">0, 0, 0</Position>
               </HpShield07>
               <HpShield08>
                  <Orientation type="Matrix">
                       1.0000000000,   0.0000000000,   0.0000000000,
                       0.0000000000,   1.0000000000,   0.0000000000,
                       0.0000000000,   0.0000000000,   1.0000000000
                  </Orientation>
                  <Position type="Vector">0, 0, 0</Position>
               </HpShield08>
               <HpShield09>
                  <Orientation type="Matrix">
                       1.0000000000,   0.0000000000,   0.0000000000,
                       0.0000000000,   1.0000000000,   0.0000000000,
                       0.0000000000,   0.0000000000,   1.0000000000
                  </Orientation>
                  <Position type="Vector">0, 0, 0</Position>
               </HpShield09>
            </Fixed>
         </Hardpoints>
      </resurgent_modified_root_lod1.3db>
      <resurgent_modified_body_lod1.3db>
         <MultiLevel>
            <Level0>
               <VMeshPart>
                  <VMeshRef type="VMeshRef">
                     <!-- header size  --> 60,
                     <!-- vmesh lib    --> resurgent_modified_root.lod0.vms,
                     <!-- start vert   --> 20,
                     <!-- num verts    --> 28559,
                     <!-- start index  --> 36,
                     <!-- num indices  --> 62808,
                     <!-- start mesh   --> 1,
                     <!-- num meshes   --> 1,
                     <!-- bounding box -->  91.037102,  22.3484,     189.14212,
                                           -91.037102, -32.422886,  -184.73169,
                     <!-- center       -->   0,         -5.0372429,    2.2052155,
                     <!-- radius       --> 265.49994
                  </VMeshRef>
               </VMeshPart>
            </Level0>
         </MultiLevel>
         <Hardpoints>
            <Fixed>
               <HpTractor_Source>
                  <Orientation type="Matrix">
                       1.0000000000,   0.0000000000,   0.0000000000,
                       0.0000000000,   1.0000000000,   0.0000000000,
                       0.0000000000,   0.0000000000,   1.0000000000
                  </Orientation>
                  <Position type="Vector">0, -19.179724, -184.28006</Position>
               </HpTractor_Source>
               <HpRunningLight01>
                  <Orientation type="Matrix">
                       1.0000000000,   0.0000000000,   0.0000000000,
                       0.0000000000,   1.0000000000,   0.0000000000,
                       0.0000000000,   0.0000000000,   1.0000000000
                  </Orientation>
                  <Position type="Vector">0, -18.280724, -184.70271</Position>
               </HpRunningLight01>
               <HpDocklight01>
                  <Orientation type="Matrix">
                       1.0000000000,   0.0000000000,   0.0000000000,
                       0.0000000000,   1.0000000000,   0.0000000000,
                       0.0000000000,   0.0000000000,   1.0000000000
                  </Orientation>
                  <Position type="Vector">-90.747108, -6.6225858, 146.49239</Position>
               </HpDocklight01>
               <HpDocklight02>
                  <Orientation type="Matrix">
                       1.0000000000,   0.0000000000,   0.0000000000,
                       0.0000000000,   1.0000000000,   0.0000000000,
                       0.0000000000,   0.0000000000,   1.0000000000
                  </Orientation>
                  <Position type="Vector">90.747139, -6.6227999, 146.49249</Position>
               </HpDocklight02>
               <HpCM01>
                  <Orientation type="Matrix">
                      -0.8191519400, -89.406967e-09,  -0.5735763900,
                       0.3289899500,  -0.8191519400,  -0.4698462200,
                      -0.4698462200,  -0.5735763900,   0.6710101400
                  </Orientation>
                  <Position type="Vector">0.007079, -32.101227, 172.54295</Position>
               </HpCM01>
               <HpCM02>
                  <Orientation type="Matrix">
                      -0.8191519400, -44.703484e-09,   0.5735763300,
                      -0.3289898000,  -0.8191519400,  -0.4698462500,
                       0.4698462500,  -0.5735763300,   0.6710101400
                  </Orientation>
                  <Position type="Vector">-0.017802, -32.099762, 172.56403</Position>
               </HpCM02>
               <HpFXCockpit>
                  <Orientation type="Matrix">
                       1.0000000000,   0.0000000000,   0.0000000000,
                       0.0000000000,   1.0000000000,   0.0000000000,
                       0.0000000000,   0.0000000000,   1.0000000000
                  </Orientation>
                  <Position type="Vector">0, -18.421638, -183</Position>
               </HpFXCockpit>
               <HpCockpit>
                  <Orientation type="Matrix">
                       1.0000000000,   0.0000000000,   0.0000000000,
                       0.0000000000,   1.0000000000,   0.0000000000,
                       0.0000000000,   0.0000000000,   1.0000000000
                  </Orientation>
                  <Position type="Vector">0, -18.421638, -179.5</Position>
               </HpCockpit>
            </Fixed>
            <Revolute>
               <HpTorpedo01>
                  <Axis type="Vector">0, 1, 0</Axis>
                  <Max type="float">3.1415927</Max>
                  <Min type="float">-3.1415927</Min>
                  <Orientation type="Matrix">
                      -0.9335804000,  -0.3583679500,  -0.0000000000,
                       0.3583679500,  -0.9335804000,   0.0000000000,
                       0.0000000000,  -0.0000000000,   1.0000000000
                  </Orientation>
                  <Position type="Vector">-39.474976, -22.511719, 116.68066</Position>
               </HpTorpedo01>
               <HpTurret02>
                  <Axis type="Vector">0, 1, 0</Axis>
                  <Max type="float">1.5707964</Max>
                  <Min type="float">-1.5707964</Min>
                  <Orientation type="Matrix">
                       0.0085010352,  -0.1215724700,   0.9925461400,
                      -0.0692365240,   0.9901284000,   0.1218693300,
                      -0.9975640200,  -0.0697564630, -119.20929e-09
                  </Orientation>
                  <Position type="Vector">-54.369747, -1.615034, 117.40154</Position>
               </HpTurret02>
               <HpTurret03>
                  <Axis type="Vector">0, 1, 0</Axis>
                  <Max type="float">1.5707964</Max>
                  <Min type="float">-1.5707964</Min>
                  <Orientation type="Matrix">
                       0.0085010352,   0.1215724700,  -0.9925461400,
                       0.0692365240,   0.9901284000,   0.1218693300,
                       0.9975640200,  -0.0697564630, -119.20929e-09
                  </Orientation>
                  <Position type="Vector">54.352077, -1.616891, 117.32941</Position>
               </HpTurret03>
               <HpTurret04>
                  <Axis type="Vector">0, 1, 0</Axis>
                  <Max type="float">3.1415927</Max>
                  <Min type="float">-3.1415927</Min>
                  <Orientation type="Matrix">
                      -0.9925462000,  -0.1217950400,  -0.0042531760,
                       0.1218692800,  -0.9919415700,  -0.0346393620,
                      232.83064e-12,  -0.0348994990,   0.9993908400
                  </Orientation>
                  <Position type="Vector">-69.698105, -17.336699, 123.73569</Position>
               </HpTurret04>
               <HpTurret05>
                  <Axis type="Vector">0, 1, 0</Axis>
                  <Max type="float">3.1415927</Max>
                  <Min type="float">-3.1415927</Min>
                  <Orientation type="Matrix">
                      -0.9925462000,   0.1217950400,   0.0042531760,
                      -0.1218692800,  -0.9919415700,  -0.0346393620,
                     -232.83064e-12,  -0.0348994990,   0.9993908400
                  </Orientation>
                  <Position type="Vector">69.376587, -17.352249, 123.26327</Position>
               </HpTurret05>
               <HpTurret06>
                  <Axis type="Vector">0, 1, 0</Axis>
                  <Max type="float">3.1415927</Max>
                  <Min type="float">-3.1415927</Min>
                  <Orientation type="Matrix">
                      -0.9975643200,  -0.0697139730,  -0.0024344656,
                       0.0697564710,  -0.9969565900,  -0.0348144840,
                     -116.41532e-12,  -0.0348994960,   0.9993908400
                  </Orientation>
                  <Position type="Vector">-42.137123, -20.087421, 40.74651</Position>
               </HpTurret06>
               <HpTurret07>
                  <Axis type="Vector">0, 1, 0</Axis>
                  <Max type="float">3.1415927</Max>
                  <Min type="float">-3.1415927</Min>
                  <Orientation type="Matrix">
                      -0.9975643200,   0.0697139730,   0.0024344656,
                      -0.0697564710,  -0.9969565900,  -0.0348144840,
                      116.41532e-12,  -0.0348994960,   0.9993908400
                  </Orientation>
                  <Position type="Vector">42.315613, -20.071566, 40.694687</Position>
               </HpTurret07>
               <HpTurret08>
                  <Axis type="Vector">0, 1, 0</Axis>
                  <Max type="float">1.5707964</Max>
                  <Min type="float">-1.5707964</Min>
                  <Orientation type="Matrix">
                       0.0085010352,  -0.1215724700,   0.9925461400,
                      -0.0692365240,   0.9901284000,   0.1218693300,
                      -0.9975640200,  -0.0697564630, -119.20929e-09
                  </Orientation>
                  <Position type="Vector">-61.775684, -4.6104178, 92.304276</Position>
               </HpTurret08>
               <HpTurret09>
                  <Axis type="Vector">0, 1, 0</Axis>
                  <Max type="float">1.5707964</Max>
                  <Min type="float">-1.5707964</Min>
                  <Orientation type="Matrix">
                       0.0085010352,   0.1215724700,  -0.9925461400,
                       0.0692365240,   0.9901284000,   0.1218693300,
                       0.9975640200,  -0.0697564630, -119.20929e-09
                  </Orientation>
                  <Position type="Vector">61.69537, -4.6093121, 92.121048</Position>
               </HpTurret09>
               <HpTurret10>
                  <Axis type="Vector">0, 1, 0</Axis>
                  <Max type="float">3.1415927</Max>
                  <Min type="float">-3.1415927</Min>
                  <Orientation type="Matrix">
                      -0.9781478000,  -0.2077849500,  -0.0072560105,
                       0.2079116100,  -0.9775519400,  -0.0341368620,
                     -232.83064e-12,  -0.0348994960,   0.9993907800
                  </Orientation>
                  <Position type="Vector">-28.858957, -19.571064, -16.375061</Position>
               </HpTurret10>
               <HpTurret11>
                  <Axis type="Vector">0, 1, 0</Axis>
                  <Max type="float">3.1415927</Max>
                  <Min type="float">-3.1415927</Min>
                  <Orientation type="Matrix">
                      -0.9781478000,   0.2077849500,   0.0072560105,
                      -0.2079116100,  -0.9775519400,  -0.0341368620,
                      232.83064e-12,  -0.0348994960,   0.9993907800
                  </Orientation>
                  <Position type="Vector">28.651016, -19.620785, -16.199202</Position>
               </HpTurret11>
               <HpTurret12>
                  <Axis type="Vector">0, 1, 0</Axis>
                  <Max type="float">1.5707964</Max>
                  <Min type="float">-1.5707964</Min>
                  <Orientation type="Matrix">
                       0.0085010352,  -0.1215724700,   0.9925461400,
                      -0.0692365240,   0.9901284000,   0.1218693300,
                      -0.9975640200,  -0.0697564630, -119.20929e-09
                  </Orientation>
                  <Position type="Vector">-78.914871, -4.7103758, 139.79443</Position>
               </HpTurret12>
               <HpTurret13>
                  <Axis type="Vector">0, 1, 0</Axis>
                  <Max type="float">1.5707964</Max>
                  <Min type="float">-1.5707964</Min>
                  <Orientation type="Matrix">
                       0.0085010352,   0.1215724700,  -0.9925461400,
                       0.0692365240,   0.9901284000,   0.1218693300,
                       0.9975640200,  -0.0697564630, -119.20929e-09
                  </Orientation>
                  <Position type="Vector">78.959206, -4.715971, 139.82184</Position>
               </HpTurret13>
               <HpTurret14>
                  <Axis type="Vector">0, 1, 0</Axis>
                  <Max type="float">3.1415927</Max>
                  <Min type="float">-3.1415927</Min>
                  <Orientation type="Matrix">
                      -0.9781478000,  -0.2077849500,  -0.0072560105,
                       0.2079116100,  -0.9775519400,  -0.0341368620,
                     -232.83064e-12,  -0.0348994960,   0.9993907800
                  </Orientation>
                  <Position type="Vector">-48.01918, -20.237974, 102.26604</Position>
               </HpTurret14>
               <HpTurret15>
                  <Axis type="Vector">0, 1, 0</Axis>
                  <Max type="float">3.1415927</Max>
                  <Min type="float">-3.1415927</Min>
                  <Orientation type="Matrix">
                      -0.9781478000,   0.2077849500,   0.0072560105,
                      -0.2079116100,  -0.9775519400,  -0.0341368620,
                      232.83064e-12,  -0.0348994960,   0.9993907800
                  </Orientation>
                  <Position type="Vector">48.227783, -20.197134, 102.31777</Position>
               </HpTurret15>
               <HpTurret16>
                  <Axis type="Vector">0, 1, 0</Axis>
                  <Max type="float">3.1415927</Max>
                  <Min type="float">-3.1415927</Min>
                  <Orientation type="Matrix">
                       1.0000000000,   0.0000000000,   0.0000000000,
                       0.0000000000,   1.0000000000,   0.0000000000,
                       0.0000000000,   0.0000000000,   1.0000000000
                  </Orientation>
                  <Position type="Vector">0, 21.393442, 95.577789</Position>
               </HpTurret16>
               <HpTurret17>
                  <Axis type="Vector">0, 1, 0</Axis>
                  <Max type="float">3.1415927</Max>
                  <Min type="float">-3.1415927</Min>
                  <Orientation type="Matrix">
                       0.9816271700,  -0.1906927700,   0.0066591292,
                      -0.1908090000,  -0.9810292700,   0.0342582500,
                       0.0000000000,  -0.0348994550,  -0.9993909000
                  </Orientation>
                  <Position type="Vector">-35.470551, -24.266504, 142.95372</Position>
               </HpTurret17>
               <HpTurret18>
                  <Axis type="Vector">0, 1, 0</Axis>
                  <Max type="float">3.1415927</Max>
                  <Min type="float">-3.1415927</Min>
                  <Orientation type="Matrix">
                       0.9816271700,   0.1906927700,  -0.0066591292,
                       0.1908090000,  -0.9810292700,   0.0342582500,
                       0.0000000000,  -0.0348994550,  -0.9993909000
                  </Orientation>
                  <Position type="Vector">35.911118, -24.174044, 142.91971</Position>
               </HpTurret18>
               <HpWeapon01>
                  <Axis type="Vector">0, 1, 0</Axis>
                  <Max type="float">0</Max>
                  <Min type="float">0</Min>
                  <Orientation type="Matrix">
                      59.604645e-09,   0.0000000000,  -0.9999998800,
                       0.0000000000,   1.0000000000,   0.0000000000,
                       0.9999998800,   0.0000000000,  59.604645e-09
                  </Orientation>
                  <Position type="Vector">19.791016, -16.557617, -106.25383</Position>
               </HpWeapon01>
               <HpWeapon02>
                  <Axis type="Vector">0, 1, 0</Axis>
                  <Max type="float">0</Max>
                  <Min type="float">0</Min>
                  <Orientation type="Matrix">
                      59.604645e-09,   0.0000000000,  -0.9999998800,
                       0.0000000000,   1.0000000000,   0.0000000000,
                       0.9999998800,   0.0000000000,  59.604645e-09
                  </Orientation>
                  <Position type="Vector">22.288452, -16.404297, -98.820297</Position>
               </HpWeapon02>
               <HpWeapon03>
                  <Axis type="Vector">0, 1, 0</Axis>
                  <Max type="float">0</Max>
                  <Min type="float">0</Min>
                  <Orientation type="Matrix">
                      59.604645e-09,   0.0000000000,  -0.9999998800,
                       0.0000000000,   1.0000000000,   0.0000000000,
                       0.9999998800,   0.0000000000,  59.604645e-09
                  </Orientation>
                  <Position type="Vector">15.705266, -16.458406, -122.07002</Position>
               </HpWeapon03>
               <HpWeapon04>
                  <Axis type="Vector">0, 1, 0</Axis>
                  <Max type="float">0</Max>
                  <Min type="float">0</Min>
                  <Orientation type="Matrix">
                      59.604645e-09,   0.0000000000,  -0.9999998800,
                       0.0000000000,   1.0000000000,   0.0000000000,
                       0.9999998800,   0.0000000000,  59.604645e-09
                  </Orientation>
                  <Position type="Vector">18.166515, -16.054895, -114.02487</Position>
               </HpWeapon04>
               <HpT01>
                  <Axis type="Vector">0, 1, 0</Axis>
                  <Max type="float">0.43633232</Max>
                  <Min type="float">-0.43633232</Min>
                  <Orientation type="Matrix">
                       1.0000000000, -87.369521e-09, -84.371770e-09,
                     -84.371770e-09,  -0.9993908400,   0.0348994960,
                     -87.369521e-09,  -0.0348994960,  -0.9993908400
                  </Orientation>
                  <Position type="Vector">0, -31.871275, 167.02786</Position>
               </HpT01>
               <HpT02>
                  <Axis type="Vector">0, 1, 0</Axis>
                  <Max type="float">0.43633232</Max>
                  <Min type="float">-0.43633232</Min>
                  <Orientation type="Matrix">
                      -1.0000000000,   0.0000000000,  87.422777e-09,
                       0.0000000000,   1.0000000000,  -0.0000000000,
                     -87.422777e-09,   0.0000000000,  -1.0000000000
                  </Orientation>
                  <Position type="Vector">0, 15.208662, 171.93468</Position>
               </HpT02>
               <HpAGun01>
                  <Axis type="Vector">0, 1, 0</Axis>
                  <Max type="float">0</Max>
                  <Min type="float">0</Min>
                  <Orientation type="Matrix">
                      -1.0000000000, -87.422777e-09,   0.0000000000,
                      87.422777e-09,  -1.0000000000,  -0.0000000000,
                       0.0000000000,   0.0000000000,   1.0000000000
                  </Orientation>
                  <Position type="Vector">2.3495419, -19.568232, -163.48508</Position>
               </HpAGun01>
               <HpAGun02>
                  <Axis type="Vector">0, 1, 0</Axis>
                  <Max type="float">0</Max>
                  <Min type="float">0</Min>
                  <Orientation type="Matrix">
                      -1.0000000000, -87.422777e-09,   0.0000000000,
                      87.422777e-09,  -1.0000000000,  -0.0000000000,
                       0.0000000000,   0.0000000000,   1.0000000000
                  </Orientation>
                  <Position type="Vector">-2.2281671, -19.593084, -163.48936</Position>
               </HpAGun02>
               <HpBGun01>
                  <Axis type="Vector">0, 1, 0</Axis>
                  <Max type="float">0</Max>
                  <Min type="float">0</Min>
                  <Orientation type="Matrix">
                       1.0000000000,   0.0000000000,   0.0000000000,
                       0.0000000000,   1.0000000000,   0.0000000000,
                       0.0000000000,   0.0000000000,   1.0000000000
                  </Orientation>
                  <Position type="Vector">11.923026, -16.842083, -141.33479</Position>
               </HpBGun01>
               <HpBGun02>
                  <Axis type="Vector">0, 1, 0</Axis>
                  <Max type="float">0</Max>
                  <Min type="float">0</Min>
                  <Orientation type="Matrix">
                       1.0000000000,   0.0000000000,   0.0000000000,
                       0.0000000000,   1.0000000000,   0.0000000000,
                       0.0000000000,   0.0000000000,   1.0000000000
                  </Orientation>
                  <Position type="Vector">-11.813057, -16.840168, -141.42313</Position>
               </HpBGun02>
               <HpTorpedo02>
                  <Axis type="Vector">0, 1, 0</Axis>
                  <Max type="float">3.1415927</Max>
                  <Min type="float">-3.1415927</Min>
                  <Orientation type="Matrix">
                      -0.9335804000,   0.3583679500,   0.0000000000,
                      -0.3583679500,  -0.9335804000,   0.0000000000,
                       0.0000000000,   0.0000000000,   1.0000000000
                  </Orientation>
                  <Position type="Vector">39.714142, -22.46875, 116.91309</Position>
               </HpTorpedo02>
            </Revolute>
         </Hardpoints>
      </resurgent_modified_body_lod1.3db>
      <resurgent_modified_details_1_lod1.3db>
         <MultiLevel>
            <Level0>
               <VMeshPart>
                  <VMeshRef type="VMeshRef">
                     <!-- header size  --> 60,
                     <!-- vmesh lib    --> resurgent_modified_details_1.lod0.vms,
                     <!-- start vert   --> 0,
                     <!-- num verts    --> 21337,
                     <!-- start index  --> 0,
                     <!-- num indices  --> 62211,
                     <!-- start mesh   --> 0,
                     <!-- num meshes   --> 1,
                     <!-- bounding box -->  90.484451,   7.7694588, 178.70453,
                                           -90.484451, -31.712765,    0,
                     <!-- center       -->   0,        -11.971653,   89.352264,
                     <!-- radius       --> 253.50186
                  </VMeshRef>
               </VMeshPart>
            </Level0>
         </MultiLevel>
         <Hardpoints>
            <Fixed>
               <HpEngine01>
                  <Orientation type="Matrix">
                       1.0000000000,   0.0000000000,   0.0000000000,
                       0.0000000000,   1.0000000000,   0.0000000000,
                       0.0000000000,   0.0000000000,   1.0000000000
                  </Orientation>
                  <Position type="Vector">-33.844582, -9.8757782, 162</Position>
               </HpEngine01>
               <HpEngine02>
                  <Orientation type="Matrix">
                       1.0000000000,   0.0000000000,   0.0000000000,
                       0.0000000000,   1.0000000000,   0.0000000000,
                       0.0000000000,   0.0000000000,   1.0000000000
                  </Orientation>
                  <Position type="Vector">0.239456, -10.621567, 161</Position>
               </HpEngine02>
               <HpEngine03>
                  <Orientation type="Matrix">
                       1.0000000000,   0.0000000000,   0.0000000000,
                       0.0000000000,   1.0000000000,   0.0000000000,
                       0.0000000000,   0.0000000000,   1.0000000000
                  </Orientation>
                  <Position type="Vector">33.690472, -10.034288, 162</Position>
               </HpEngine03>
               <HpEngine04>
                  <Orientation type="Matrix">
                       1.0000000000,   0.0000000000,   0.0000000000,
                       0.0000000000,   1.0000000000,   0.0000000000,
                       0.0000000000,   0.0000000000,   1.0000000000
                  </Orientation>
                  <Position type="Vector">17.43412, -3.7530746, 165.08057</Position>
               </HpEngine04>
               <HpEngine05>
                  <Orientation type="Matrix">
                       1.0000000000,   0.0000000000,   0.0000000000,
                       0.0000000000,   1.0000000000,   0.0000000000,
                       0.0000000000,   0.0000000000,   1.0000000000
                  </Orientation>
                  <Position type="Vector">17.706703, -17.931351, 164.58496</Position>
               </HpEngine05>
               <HpEngine06>
                  <Orientation type="Matrix">
                       1.0000000000,   0.0000000000,   0.0000000000,
