<?xml version="1.0" encoding="ISO-8859-1"?>
<!-- XML generated by UTFXML Version 2.2 built 19-Aug-2010 -->
<UTFXML filename="strident.cmp" path="SHIPS\new\other\Starwars">
   <UTF_ROOT>
      <VMeshLibrary>
         <stridennt_hull.lod0.vms include="strident_cmp\lod0.vms.xml"/>
      </VMeshLibrary>
      <Cmpnd>
         <Cons>
            <Fix type="Fix" count="1">
               <part>
                  <!-- parent      --> "Root",
                  <!-- child       --> "strident_lights_lod1",
                  <!-- position    --> 0, 0, 0,
                  <!-- orientation -->   1.0000000000,   0.0000000000,   0.0000000000,
                                         0.0000000000,   1.0000000000,   0.0000000000,
                                         0.0000000000,   0.0000000000,   1.0000000000
               </part>
            </Fix>
         </Cons>
         <Root>
            <File_name name="File name" type="text">stridennt_hull_lod1.3db</File_name>
            <Index type="int">0</Index>
            <Object_name name="Object name" type="text">Root</Object_name>
         </Root>
         <Part_strident_lights_lod1>
            <File_name name="File name" type="text">strident_lights_lod1.3db</File_name>
            <Index type="int">1</Index>
            <Object_name name="Object name" type="text">strident_lights_lod1</Object_name>
         </Part_strident_lights_lod1>
      </Cmpnd>
      <stridennt_hull_lod1.3db>
         <MultiLevel>
            <Level0>
               <VMeshPart>
                  <VMeshRef type="VMeshRef">
                     <!-- header size  --> 60,
                     <!-- vmesh lib    --> stridennt_hull.lod0.vms,
                     <!-- start vert   --> 0,
                     <!-- num verts    --> 12059,
                     <!-- start index  --> 0,
                     <!-- num indices  --> 28182,
                     <!-- start mesh   --> 0,
                     <!-- num meshes   --> 1,
                     <!-- bounding box -->  128.57613,    113.81867,   318.70013,
                                           -128.57431,    -82.260437, -345.20282,
                     <!-- center       -->  907.89795e-6,  15.779118,  -13.251343,
                     <!-- radius       --> 481.94186
                  </VMeshRef>
               </VMeshPart>
            </Level0>
         </MultiLevel>
         <Hardpoints>
            <Fixed>
               <HpCM01>
                  <Orientation type="Matrix">
                      -0.8191519400, -44.703484e-09,  -0.5735764500,
                       0.4055798100,  -0.7071067100,  -0.5792279200,
                      -0.4055797500,  -0.7071067100,   0.5792279800
                  </Orientation>
                  <Position type="Vector">-124.59748, -2.112313, 230.16051</Position>
               </HpCM01>
               <HpCM02>
                  <Orientation type="Matrix">
                      -0.8191519400, -29.802322e-09,   0.5735762700,
                      -0.4055796600,  -0.7071066500,  -0.5792279200,
                       0.4055797200,  -0.7071067100,   0.5792280400
                  </Orientation>
                  <Position type="Vector">124.4731, -2.130671, 230.25485</Position>
               </HpCM02>
               <HpTractor_Source>
                  <Orientation type="Matrix">
                       1.0000000000,   0.0000000000,   0.0000000000,
                       0.0000000000,   1.0000000000,   0.0000000000,
                       0.0000000000,   0.0000000000,   1.0000000000
                  </Orientation>
                  <Position type="Vector">0, 0.52363503, -345.19693</Position>
               </HpTractor_Source>
               <HpRunningLight01>
                  <Orientation type="Matrix">
                       1.0000000000,   0.0000000000,   0.0000000000,
                       0.0000000000,   1.0000000000,   0.0000000000,
                       0.0000000000,   0.0000000000,   1.0000000000
                  </Orientation>
                  <Position type="Vector">-107.46669, 53.611107, 277.42914</Position>
               </HpRunningLight01>
               <HpDocklight01>
                  <Orientation type="Matrix">
                       1.0000000000,   0.0000000000,   0.0000000000,
                       0.0000000000,   1.0000000000,   0.0000000000,
                       0.0000000000,   0.0000000000,   1.0000000000
                  </Orientation>
                  <Position type="Vector">-107.46684, 53.611046, 277.42926</Position>
               </HpDocklight01>
               <HpRunningLight02>
                  <Orientation type="Matrix">
                       1.0000000000,   0.0000000000,   0.0000000000,
                       0.0000000000,   1.0000000000,   0.0000000000,
                       0.0000000000,   0.0000000000,   1.0000000000
                  </Orientation>
                  <Position type="Vector">107.4669, 53.611034, 277.42929</Position>
               </HpRunningLight02>
               <HpDocklight02>
                  <Orientation type="Matrix">
                       1.0000000000,   0.0000000000,   0.0000000000,
                       0.0000000000,   1.0000000000,   0.0000000000,
                       0.0000000000,   0.0000000000,   1.0000000000
                  </Orientation>
                  <Position type="Vector">107.46686, 53.611046, 277.42926</Position>
               </HpDocklight02>
               <HpRunningLight03>
                  <Orientation type="Matrix">
                       1.0000000000,   0.0000000000,   0.0000000000,
                       0.0000000000,   1.0000000000,   0.0000000000,
                       0.0000000000,   0.0000000000,   1.0000000000
                  </Orientation>
                  <Position type="Vector">-0.012795, 2.8964789, -345.19693</Position>
               </HpRunningLight03>
               <HpDocklight03>
                  <Orientation type="Matrix">
                       1.0000000000,   0.0000000000,   0.0000000000,
                       0.0000000000,   1.0000000000,   0.0000000000,
                       0.0000000000,   0.0000000000,   1.0000000000
                  </Orientation>
                  <Position type="Vector">-0.012796, 2.8382571, -345.19693</Position>
               </HpDocklight03>
               <HpShield01>
                  <Orientation type="Matrix">
                       1.0000000000,   0.0000000000,   0.0000000000,
                       0.0000000000,   1.0000000000,   0.0000000000,
                       0.0000000000,   0.0000000000,   1.0000000000
                  </Orientation>
                  <Position type="Vector">0, 0, 0</Position>
               </HpShield01>
               <HpShield02>
                  <Orientation type="Matrix">
                       1.0000000000,   0.0000000000,   0.0000000000,
                       0.0000000000,   1.0000000000,   0.0000000000,
                       0.0000000000,   0.0000000000,   1.0000000000
                  </Orientation>
                  <Position type="Vector">0, 0, 0</Position>
               </HpShield02>
               <HpNew01>
                  <Orientation type="Matrix">
                       1.0000000000,   0.0000000000,   0.0000000000,
                       0.0000000000,   1.0000000000,   0.0000000000,
                       0.0000000000,   0.0000000000,   1.0000000000
                  </Orientation>
                  <Position type="Vector">0, 0, 0</Position>
               </HpNew01>
               <HpNew02>
                  <Orientation type="Matrix">
                       1.0000000000,   0.0000000000,   0.0000000000,
                       0.0000000000,   1.0000000000,   0.0000000000,
                       0.0000000000,   0.0000000000,   1.0000000000
                  </Orientation>
                  <Position type="Vector">0, 0, 0</Position>
               </HpNew02>
               <HpBayDoor01>
                  <Orientation type="Matrix">
                       1.0000000000,   0.0000000000,   0.0000000000,
                       0.0000000000,   1.0000000000,   0.0000000000,
                       0.0000000000,   0.0000000000,   1.0000000000
                  </Orientation>
                  <Position type="Vector">0, 135, 0</Position>
               </HpBayDoor01>
               <HpBayDoor02>
                  <Orientation type="Matrix">
                       1.0000000000,   0.0000000000,   0.0000000000,
                       0.0000000000,   1.0000000000,   0.0000000000,
                       0.0000000000,   0.0000000000,   1.0000000000
                  </Orientation>
                  <Position type="Vector">0, 140, 0</Position>
               </HpBayDoor02>
               <HpMount>
                  <Orientation type="Matrix">
                       1.0000000000,   0.0000000000,   0.0000000000,
                       0.0000000000,   1.0000000000,   0.0000000000,
                       0.0000000000,   0.0000000000,   1.0000000000
                  </Orientation>
                  <Position type="Vector">0, -70, -222</Position>
               </HpMount>
            </Fixed>
            <Revolute>
               <HpTurret01>
                  <Axis type="Vector">0, 1, 0</Axis>
                  <Max type="float">1.5707964</Max>
                  <Min type="float">-1.5707964</Min>
                  <Orientation type="Matrix">
                      238.41858e-09,  -0.9999997600,  59.604645e-09,
                     -59.604645e-09,  178.81393e-09,  -0.9999997600,
                       0.9999997600,   0.0000000000,  178.81393e-09
                  </Orientation>
                  <Position type="Vector">-21.561157, 107.47997, 284.65332</Position>
               </HpTurret01>
               <HpTurret02>
                  <Axis type="Vector">0, 1, 0</Axis>
                  <Max type="float">1.5707964</Max>
                  <Min type="float">-1.5707964</Min>
                  <Orientation type="Matrix">
                      238.41858e-09,   0.9999997600, -59.604645e-09,
                      59.604645e-09,  178.81393e-09,  -0.9999997600,
                      -0.9999997600,   0.0000000000,  178.81393e-09
                  </Orientation>
                  <Position type="Vector">21.561152, 107.45036, 284.50577</Position>
               </HpTurret02>
               <HpTurret03>
                  <Axis type="Vector">0, 1, 0</Axis>
                  <Max type="float">3.1415927</Max>
                  <Min type="float">-3.1415927</Min>
                  <Orientation type="Matrix">
                      -0.1391731500,  -0.9902681100,  -0.0000000000,
                       0.9902681100,  -0.1391731500,   0.0000000000,
                       0.0000000000,  -0.0000000000,   1.0000000000
                  </Orientation>
                  <Position type="Vector">-108.16415, 0.89268303, 69.667282</Position>
               </HpTurret03>
               <HpTurret04>
                  <Axis type="Vector">0, 1, 0</Axis>
                  <Max type="float">3.1415927</Max>
                  <Min type="float">-3.1415927</Min>
                  <Orientation type="Matrix">
                      -0.1391731500,   0.9902681100,   0.0000000000,
                      -0.9902681100,  -0.1391731500,   0.0000000000,
                       0.0000000000,   0.0000000000,   1.0000000000
                  </Orientation>
                  <Position type="Vector">108.15482, 0.83009899, 69.60157</Position>
               </HpTurret04>
               <HpTurret05>
                  <Axis type="Vector">0, 1, 0</Axis>
                  <Max type="float">3.1415927</Max>
                  <Min type="float">-3.1415927</Min>
                  <Orientation type="Matrix">
                      -1.0000000000, -87.422777e-09,   0.0000000000,
                      87.422777e-09,  -1.0000000000,  -0.0000000000,
                       0.0000000000,   0.0000000000,   1.0000000000
                  </Orientation>
                  <Position type="Vector">-14.38505, -82.258972, 181.26955</Position>
               </HpTurret05>
               <HpTurret06>
                  <Axis type="Vector">0, 1, 0</Axis>
                  <Max type="float">3.1415927</Max>
                  <Min type="float">-3.1415927</Min>
                  <Orientation type="Matrix">
                      -1.0000000000, -87.422777e-09,   0.0000000000,
                      87.422777e-09,  -1.0000000000,  -0.0000000000,
                       0.0000000000,   0.0000000000,   1.0000000000
                  </Orientation>
                  <Position type="Vector">14.365801, -82.25898, 181.24861</Position>
               </HpTurret06>
               <HpTurret07>
                  <Axis type="Vector">0, 1, 0</Axis>
                  <Max type="float">3.1415927</Max>
                  <Min type="float">-3.1415927</Min>
                  <Orientation type="Matrix">
                      -1.0000000000, -87.422777e-09,   0.0000000000,
                      87.422777e-09,  -1.0000000000,  -0.0000000000,
                       0.0000000000,   0.0000000000,   1.0000000000
                  </Orientation>
                  <Position type="Vector">0, -82.258972, 185.24069</Position>
               </HpTurret07>
               <HpTurret08>
                  <Axis type="Vector">0, 1, 0</Axis>
                  <Max type="float">3.1415927</Max>
                  <Min type="float">-3.1415927</Min>
                  <Orientation type="Matrix">
                       0.9205048700,  -0.3907311000,  -0.0000000000,
                       0.3907311000,   0.9205048700,   0.0000000000,
                       0.0000000000,  -0.0000000000,   1.0000000000
                  </Orientation>
                  <Position type="Vector">-95.579803, 59.881493, 268.55615</Position>
               </HpTurret08>
               <HpTurret09>
                  <Axis type="Vector">0, 1, 0</Axis>
                  <Max type="float">3.1415927</Max>
                  <Min type="float">-3.1415927</Min>
                  <Orientation type="Matrix">
                       0.9205048700,   0.3907311000,   0.0000000000,
                      -0.3907311000,   0.9205048700,   0.0000000000,
                       0.0000000000,   0.0000000000,   1.0000000000
                  </Orientation>
                  <Position type="Vector">95.449501, 59.936741, 268.50772</Position>
               </HpTurret09>
               <HpTurret10>
                  <Axis type="Vector">0, 1, 0</Axis>
                  <Max type="float">3.1415927</Max>
                  <Min type="float">-3.1415927</Min>
                  <Orientation type="Matrix">
                      59.604645e-09,  -0.9999998800,  -0.0000000000,
                       0.9999998800,  59.604645e-09,   0.0000000000,
                       0.0000000000,  -0.0000000000,   1.0000000000
                  </Orientation>
                  <Position type="Vector">-128.573, 2.9005539, 209.34856</Position>
               </HpTurret10>
               <HpTurret11>
                  <Axis type="Vector">0, 1, 0</Axis>
                  <Max type="float">3.1415927</Max>
                  <Min type="float">-3.1415927</Min>
                  <Orientation type="Matrix">
                      59.604645e-09,   0.9999998800,   0.0000000000,
                      -0.9999998800,  59.604645e-09,   0.0000000000,
                       0.0000000000,   0.0000000000,   1.0000000000
                  </Orientation>
                  <Position type="Vector">128.573, 2.9081681, 209.36282</Position>
               </HpTurret11>
               <HpTurret12>
                  <Axis type="Vector">0, 1, 0</Axis>
                  <Max type="float">1.5707964</Max>
                  <Min type="float">-1.5707964</Min>
                  <Orientation type="Matrix">
                      178.81393e-09,  -0.1391731500,   0.9902680500,
                     -7.4505806e-09,  -0.9902679300,  -0.1391731500,
                       1.0000000000,   0.0000000000, -25.611371e-09
                  </Orientation>
                  <Position type="Vector">-107.35411, -11.625706, 209.13884</Position>
               </HpTurret12>
               <HpTurret13>
                  <Axis type="Vector">0, 1, 0</Axis>
                  <Max type="float">1.5707964</Max>
                  <Min type="float">-1.5707964</Min>
                  <Orientation type="Matrix">
                      178.81393e-09,   0.1391731500,  -0.9902680500,
                      7.4505806e-09,  -0.9902679300,  -0.1391731500,
                      -1.0000000000,   0.0000000000, -25.611371e-09
                  </Orientation>
                  <Position type="Vector">107.35209, -11.625998, 209.12607</Position>
               </HpTurret13>
               <HpTurret14>
                  <Axis type="Vector">0, 1, 0</Axis>
                  <Max type="float">1.5707964</Max>
                  <Min type="float">-1.5707964</Min>
                  <Orientation type="Matrix">
                      178.81393e-09,  -0.9743698800,  -0.2249510600,
                     -89.406967e-09,  -0.2249509100,   0.9743698800,
                      -0.9999998800, -29.802322e-09,  59.604645e-09
                  </Orientation>
                  <Position type="Vector">-27.843424, -71.24765, 179.1561</Position>
               </HpTurret14>
               <HpTurret15>
                  <Axis type="Vector">0, 1, 0</Axis>
                  <Max type="float">1.5707964</Max>
                  <Min type="float">-1.5707964</Min>
                  <Orientation type="Matrix">
                      178.81393e-09,   0.9743698800,   0.2249510600,
                      89.406967e-09,  -0.2249509100,   0.9743698800,
                       0.9999998800, -29.802322e-09,  59.604645e-09
                  </Orientation>
                  <Position type="Vector">27.855759, -71.197113, 178.89784</Position>
               </HpTurret15>
               <HpTurret16>
                  <Axis type="Vector">0, 1, 0</Axis>
                  <Max type="float">1.5707964</Max>
                  <Min type="float">-1.5707964</Min>
                  <Orientation type="Matrix">
                      29.802322e-09,  -0.3907310400,   0.9205046900,
                     -14.901161e-09,   0.9205048100,   0.3907310400,
                      -0.9999998800,  14.901161e-09,   0.0000000000
                  </Orientation>
                  <Position type="Vector">-40.450726, 83.252029, 283.06683</Position>
               </HpTurret16>
               <HpTurret17>
                  <Axis type="Vector">0, 1, 0</Axis>
                  <Max type="float">1.5707964</Max>
                  <Min type="float">-1.5707964</Min>
                  <Orientation type="Matrix">
                      29.802322e-09,   0.3907310400,  -0.9205046900,
                      14.901161e-09,   0.9205048100,   0.3907310400,
                       0.9999998800,  14.901161e-09,   0.0000000000
                  </Orientation>
                  <Position type="Vector">40.274117, 83.326912, 283.03397</Position>
               </HpTurret17>
               <HpTurret18>
                  <Axis type="Vector">0, 1, 0</Axis>
                  <Max type="float">1.5707964</Max>
                  <Min type="float">-1.5707964</Min>
                  <Orientation type="Matrix">
                       1.0000000000,   0.0000000000,   0.0000000000,
                       0.0000000000,   1.0000000000,   0.0000000000,
                       0.0000000000,   0.0000000000,   1.0000000000
                  </Orientation>
                  <Position type="Vector">0, 96.493439, 195.19975</Position>
               </HpTurret18>
               <HpTurret19>
                  <Axis type="Vector">0, 1, 0</Axis>
                  <Max type="float">1.5707964</Max>
                  <Min type="float">-0.78539819</Min>
                  <Orientation type="Matrix">
                      -0.0121296050,  -0.1386435600,   0.9902679900,
                      -0.0863075480,  -0.9864996100,  -0.1391731500,
                       0.9961946000,  -0.0871557370,  24.214387e-09
                  </Orientation>
                  <Position type="Vector">-50.206657, -18.873985, 34.294155</Position>
               </HpTurret19>
               <HpTurret20>
                  <Axis type="Vector">0, 1, 0</Axis>
                  <Max type="float">0.78539819</Max>
                  <Min type="float">-1.5707964</Min>
                  <Orientation type="Matrix">
                      -0.0121296050,   0.1386435600,  -0.9902679900,
                       0.0863075480,  -0.9864996100,  -0.1391731500,
                      -0.9961946000,  -0.0871557370,  24.214387e-09
                  </Orientation>
                  <Position type="Vector">47.888554, -19.227123, 34.039635</Position>
               </HpTurret20>
               <HpTurret21>
                  <Axis type="Vector">0, 1, 0</Axis>
                  <Max type="float">3.1415927</Max>
                  <Min type="float">-3.1415927</Min>
                  <Orientation type="Matrix">
                       1.0000000000,   0.0000000000,  -0.0000000000,
                      -0.0000000000,  59.604645e-09,  -0.9999998800,
                       0.0000000000,   0.9999998800,  59.604645e-09
                  </Orientation>
                  <Position type="Vector">-10.415863, 79.349945, 318.69461</Position>
               </HpTurret21>
               <HpTurret22>
                  <Axis type="Vector">0, 1, 0</Axis>
                  <Max type="float">3.1415927</Max>
                  <Min type="float">-3.1415927</Min>
                  <Orientation type="Matrix">
                       1.0000000000,   0.0000000000,  -0.0000000000,
                      -0.0000000000,  59.604645e-09,  -0.9999998800,
                       0.0000000000,   0.9999998800,  59.604645e-09
                  </Orientation>
                  <Position type="Vector">10.171885, 79.372261, 318.69461</Position>
               </HpTurret22>
            </Revolute>
         </Hardpoints>
      </stridennt_hull_lod1.3db>
      <strident_lights_lod1.3db>
         <MultiLevel>
            <Level0>
               <VMeshPart>
                  <VMeshRef type="VMeshRef">
                     <!-- header size  --> 60,
                     <!-- vmesh lib    --> stridennt_hull.lod0.vms,
                     <!-- start vert   --> 12059,
                     <!-- num verts    --> 553,
                     <!-- start index  --> 28182,
                     <!-- num indices  --> 1068,
                     <!-- start mesh   --> 1,
                     <!-- num meshes   --> 1,
                     <!-- bounding box -->  128.57613,    113.81867,   318.70013,
                                           -128.57431,    -82.260437, -345.20282,
                     <!-- center       -->  907.89795e-6,  15.779118,  -13.251343,
                     <!-- radius       --> 481.94186
                  </VMeshRef>
               </VMeshPart>
            </Level0>
         </MultiLevel>
         <Hardpoints>
            <Fixed>
               <HpEngine01>
                  <Orientation type="Matrix">
                       1.0000000000,   0.0000000000,   0.0000000000,
                       0.0000000000,   1.0000000000,   0.0000000000,
                       0.0000000000,   0.0000000000,   1.0000000000
                  </Orientation>
                  <Position type="Vector">-93.706161, 2.778296, 239.29657</Position>
               </HpEngine01>
               <HpEngine02>
                  <Orientation type="Matrix">
                       1.0000000000,   0.0000000000,   0.0000000000,
                       0.0000000000,   1.0000000000,   0.0000000000,
                       0.0000000000,   0.0000000000,   1.0000000000
                  </Orientation>
                  <Position type="Vector">-72.934746, 2.874742, 241.43288</Position>
               </HpEngine02>
               <HpEngine03>
                  <Orientation type="Matrix">
                       1.0000000000,   0.0000000000,   0.0000000000,
                       0.0000000000,   1.0000000000,   0.0000000000,
                       0.0000000000,   0.0000000000,   1.0000000000
                  </Orientation>
                  <Position type="Vector">-44.095207, 2.8747351, 244.67644</Position>
               </HpEngine03>
               <HpEngine04>
                  <Orientation type="Matrix">
                       1.0000000000,   0.0000000000,   0.0000000000,
                       0.0000000000,   1.0000000000,   0.0000000000,
                       0.0000000000,   0.0000000000,   1.0000000000
                  </Orientation>
                  <Position type="Vector">44.108719, 2.8764219, 244.67644</Position>
               </HpEngine04>
               <HpEngine05>
                  <Orientation type="Matrix">
                       1.0000000000,   0.0000000000,   0.0000000000,
                       0.0000000000,   1.0000000000,   0.0000000000,
                       0.0000000000,   0.0000000000,   1.0000000000
                  </Orientation>
                  <Position type="Vector">72.999313, 2.8325751, 241.43288</Position>
               </HpEngine05>
               <HpEngine06>
                  <Orientation type="Matrix">
                       1.0000000000,   0.0000000000,   0.0000000000,
                       0.0000000000,   1.0000000000,   0.0000000000,
                       0.0000000000,   0.0000000000,   1.0000000000
                  </Orientation>
                  <Position type="Vector">93.779572, 2.788728, 239.29657</Position>
               </HpEngine06>
            </Fixed>
         </Hardpoints>
      </strident_lights_lod1.3db>
   </UTF_ROOT>
</UTFXML>
