<?xml version="1.0" encoding="ISO-8859-1"?>
<!-- XML generated by UTFXML Version 2.2 built 19-Aug-2010 -->
<UTFXML filename="venator_collab.cmp" path="SHIPS\new\other\Starwars">
   <UTF_ROOT>
      <VMeshLibrary>
         <venator_collab.lod0-112.vms include="venator_collab_cmp\lod0-112.vms.xml"/>
         <venator_collab_p3.lod0-112.vms include="venator_collab_cmp\lod0-112.vms.xml"/>
         <venator_collab_p4.lod0-112.vms include="venator_collab_cmp\lod0-112.vms.xml"/>
         <venator_collab_p5.lod0-112.vms include="venator_collab_cmp\lod0-112.vms.xml"/>
      </VMeshLibrary>
      <Cmpnd>
         <Cons>
            <Fix type="Fix" count="5">
               <part>
                  <!-- parent      --> "Root",
                  <!-- child       --> "venator_collab_p1_lod1",
                  <!-- position    --> 0, 0, 20,
                  <!-- orientation -->  -1.0000000000, -87.422777e-09,   0.0000000000,
                                       -87.422777e-09,   1.0000000000, -87.422777e-09,
                                         0.0000000000, -87.422777e-09,  -1.0000000000
               </part>
               <part>
                  <!-- parent      --> "Root",
                  <!-- child       --> "venator_collab_p2_lod1",
                  <!-- position    --> 0, 0, 20,
                  <!-- orientation -->  -1.0000000000, -87.422777e-09,   0.0000000000,
                                       -87.422777e-09,   1.0000000000, -87.422777e-09,
                                         0.0000000000, -87.422777e-09,  -1.0000000000
               </part>
               <part>
                  <!-- parent      --> "Root",
                  <!-- child       --> "venator_collab_p3_lod1",
                  <!-- position    --> 0, 0, 20,
                  <!-- orientation -->  -1.0000000000, -87.422777e-09,   0.0000000000,
                                       -87.422777e-09,   1.0000000000, -87.422777e-09,
                                         0.0000000000, -87.422777e-09,  -1.0000000000
               </part>
               <part>
                  <!-- parent      --> "Root",
                  <!-- child       --> "venator_collab_p4_lod1",
                  <!-- position    --> 0, 0, 20,
                  <!-- orientation -->  -1.0000000000, -87.422777e-09,   0.0000000000,
                                       -87.422777e-09,   1.0000000000, -87.422777e-09,
                                         0.0000000000, -87.422777e-09,  -1.0000000000
               </part>
               <part>
                  <!-- parent      --> "Root",
                  <!-- child       --> "venator_collab_p5_lod1",
                  <!-- position    --> 0, 0, 20,
                  <!-- orientation -->  -1.0000000000, -87.422777e-09,   0.0000000000,
                                       -87.422777e-09,   1.0000000000, -87.422777e-09,
                                         0.0000000000, -87.422777e-09,  -1.0000000000
               </part>
            </Fix>
         </Cons>
         <Part_venator_collab_p2_lod1>
            <Object_name name="Object name" type="text">venator_collab_p2_lod1</Object_name>
            <Index type="int">0</Index>
            <File_name name="File name" type="text">venator_collab_p2_lod1.3db</File_name>
         </Part_venator_collab_p2_lod1>
         <Part_venator_collab_p1_lod1>
            <Object_name name="Object name" type="text">venator_collab_p1_lod1</Object_name>
            <Index type="int">0</Index>
            <File_name name="File name" type="text">venator_collab_p1_lod1.3db</File_name>
         </Part_venator_collab_p1_lod1>
         <Part_venator_collab_p3_lod1>
            <Object_name name="Object name" type="text">venator_collab_p3_lod1</Object_name>
            <Index type="int">0</Index>
            <File_name name="File name" type="text">venator_collab_p3_lod1.3db</File_name>
         </Part_venator_collab_p3_lod1>
         <Part_venator_collab_p4_lod1>
            <Object_name name="Object name" type="text">venator_collab_p4_lod1</Object_name>
            <Index type="int">0</Index>
            <File_name name="File name" type="text">venator_collab_p4_lod1.3db</File_name>
         </Part_venator_collab_p4_lod1>
         <Part_venator_collab_p5_lod1>
            <Object_name name="Object name" type="text">venator_collab_p5_lod1</Object_name>
            <Index type="int">0</Index>
            <File_name name="File name" type="text">venator_collab_p5_lod1.3db</File_name>
         </Part_venator_collab_p5_lod1>
         <Root>
            <Object_name name="Object name" type="text">Root</Object_name>
            <Index type="int">0</Index>
            <File_name name="File name" type="text">venator_collab.3db</File_name>
         </Root>
      </Cmpnd>
      <venator_collab.3db>
         <VMeshPart>
            <VMeshRef type="VMeshRef">
               <!-- header size  --> 60,
               <!-- vmesh lib    --> 0x00000000,
               <!-- start vert   --> 0,
               <!-- num verts    --> 0,
               <!-- start index  --> 0,
               <!-- num indices  --> 0,
               <!-- start mesh   --> 0,
               <!-- num meshes   --> 0,
               <!-- bounding box --> 0, 0, 0,
                                     0, 0, 0,
               <!-- center       --> 0, 0, 0,
               <!-- radius       --> 0
            </VMeshRef>
         </VMeshPart>
         <Hardpoints>
            <Fixed>
               <HpMount>
                  <Orientation type="Matrix">
                       1.0000000000,   0.0000000000,   0.0000000000,
                       0.0000000000,   1.0000000000,   0.0000000000,
                       0.0000000000,   0.0000000000,   1.0000000000
                  </Orientation>
                  <Position type="Vector">0, -30.255686, -155</Position>
               </HpMount>
               <HpBayDoor01>
                  <Orientation type="Matrix">
                       1.0000000000,   0.0000000000,   0.0000000000,
                       0.0000000000,   1.0000000000,   0.0000000000,
                       0.0000000000,   0.0000000000,   1.0000000000
                  </Orientation>
                  <Position type="Vector">0, 72.613655, 0</Position>
               </HpBayDoor01>
               <HpBayDoor02>
                  <Orientation type="Matrix">
                       1.0000000000,   0.0000000000,   0.0000000000,
                       0.0000000000,   1.0000000000,   0.0000000000,
                       0.0000000000,   0.0000000000,   1.0000000000
                  </Orientation>
                  <Position type="Vector">0, 74.630692, 0</Position>
               </HpBayDoor02>
               <HpFX01>
                  <Orientation type="Matrix">
                       1.0000000000,   0.0000000000,   0.0000000000,
                       0.0000000000,   1.0000000000,   0.0000000000,
                       0.0000000000,   0.0000000000,   1.0000000000
                  </Orientation>
                  <Position type="Vector">0, 0, 0</Position>
               </HpFX01>
               <HpFX02>
                  <Orientation type="Matrix">
                      59.604645e-09,   0.9999998800,   0.0000000000,
                      -0.9999998800,  59.604645e-09,   0.0000000000,
                       0.0000000000,   0.0000000000,   1.0000000000
                  </Orientation>
                  <Position type="Vector">0, 0, 0</Position>
               </HpFX02>
               <HpFX03>
                  <Orientation type="Matrix">
                       1.0000000000,   0.0000000000,   0.0000000000,
                       0.0000000000,  59.604645e-09,   0.9999998800,
                       0.0000000000,  -0.9999998800,  59.604645e-09
                  </Orientation>
                  <Position type="Vector">0, 0, 0</Position>
               </HpFX03>
               <HpFX04>
                  <Orientation type="Matrix">
                       1.0000000000,   0.0000000000,   0.0000000000,
                       0.0000000000,   1.0000000000,   0.0000000000,
                       0.0000000000,   0.0000000000,   1.0000000000
                  </Orientation>
                  <Position type="Vector">0, 0, 0</Position>
               </HpFX04>
               <HpFX05>
                  <Orientation type="Matrix">
                       1.0000000000,   0.0000000000,   0.0000000000,
                       0.0000000000,   1.0000000000,   0.0000000000,
                       0.0000000000,   0.0000000000,   1.0000000000
                  </Orientation>
                  <Position type="Vector">0, 0, 0</Position>
               </HpFX05>
               <HpFX06>
                  <Orientation type="Matrix">
                       1.0000000000,   0.0000000000,   0.0000000000,
                       0.0000000000,   1.0000000000,   0.0000000000,
                       0.0000000000,   0.0000000000,   1.0000000000
                  </Orientation>
                  <Position type="Vector">0, 0, 0</Position>
               </HpFX06>
               <HpFX07>
                  <Orientation type="Matrix">
                       1.0000000000,   0.0000000000,   0.0000000000,
                       0.0000000000,   1.0000000000,   0.0000000000,
                       0.0000000000,   0.0000000000,   1.0000000000
                  </Orientation>
                  <Position type="Vector">0, 0, 0</Position>
               </HpFX07>
               <HpShield01>
                  <Orientation type="Matrix">
                       1.0000000000,   0.0000000000,   0.0000000000,
                       0.0000000000,   1.0000000000,   0.0000000000,
                       0.0000000000,   0.0000000000,   1.0000000000
                  </Orientation>
                  <Position type="Vector">0, 0, 0</Position>
               </HpShield01>
               <HpShield02>
                  <Orientation type="Matrix">
                       1.0000000000,   0.0000000000,   0.0000000000,
                       0.0000000000,   1.0000000000,   0.0000000000,
                       0.0000000000,   0.0000000000,   1.0000000000
                  </Orientation>
                  <Position type="Vector">0, 0, 0</Position>
               </HpShield02>
               <HpShield03>
                  <Orientation type="Matrix">
                       1.0000000000,   0.0000000000,   0.0000000000,
                       0.0000000000,   1.0000000000,   0.0000000000,
                       0.0000000000,   0.0000000000,   1.0000000000
                  </Orientation>
                  <Position type="Vector">0, 0, 0</Position>
               </HpShield03>
               <HpShield04>
                  <Orientation type="Matrix">
                       1.0000000000,   0.0000000000,   0.0000000000,
                       0.0000000000,   1.0000000000,   0.0000000000,
                       0.0000000000,   0.0000000000,   1.0000000000
                  </Orientation>
                  <Position type="Vector">0, 0, 0</Position>
               </HpShield04>
               <HpCloak01>
                  <Orientation type="Matrix">
                       1.0000000000,   0.0000000000,   0.0000000000,
                       0.0000000000,   1.0000000000,   0.0000000000,
                       0.0000000000,   0.0000000000,   1.0000000000
                  </Orientation>
                  <Position type="Vector">0, 0, 30</Position>
               </HpCloak01>
               <HpShield05>
                  <Orientation type="Matrix">
                       1.0000000000,   0.0000000000,   0.0000000000,
                       0.0000000000,   1.0000000000,   0.0000000000,
                       0.0000000000,   0.0000000000,   1.0000000000
                  </Orientation>
                  <Position type="Vector">0, 0, 0</Position>
               </HpShield05>
               <HpShield06>
                  <Orientation type="Matrix">
                       1.0000000000,   0.0000000000,   0.0000000000,
                       0.0000000000,   1.0000000000,   0.0000000000,
                       0.0000000000,   0.0000000000,   1.0000000000
                  </Orientation>
                  <Position type="Vector">0, 0, 0</Position>
               </HpShield06>
               <HpAA01>
                  <Orientation type="Matrix">
                       1.0000000000,   0.0000000000,   0.0000000000,
                       0.0000000000,   1.0000000000,   0.0000000000,
                       0.0000000000,   0.0000000000,   1.0000000000
                  </Orientation>
                  <Position type="Vector">0, 0, 0</Position>
               </HpAA01>
               <HpAA02>
                  <Orientation type="Matrix">
                       1.0000000000,   0.0000000000,   0.0000000000,
                       0.0000000000,   1.0000000000,   0.0000000000,
                       0.0000000000,   0.0000000000,   1.0000000000
                  </Orientation>
                  <Position type="Vector">0, 0, 0</Position>
               </HpAA02>
               <HpT03>
                  <Orientation type="Matrix">
                       1.0000000000,   0.0000000000,   0.0000000000,
                       0.0000000000,   1.0000000000,   0.0000000000,
                       0.0000000000,   0.0000000000,   1.0000000000
                  </Orientation>
                  <Position type="Vector">0, 0, 0</Position>
               </HpT03>
               <HpT04>
                  <Orientation type="Matrix">
                       1.0000000000,   0.0000000000,   0.0000000000,
                       0.0000000000,   1.0000000000,   0.0000000000,
                       0.0000000000,   0.0000000000,   1.0000000000
                  </Orientation>
                  <Position type="Vector">0, 0, 0</Position>
               </HpT04>
               <HpShield07>
                  <Orientation type="Matrix">
                       1.0000000000,   0.0000000000,   0.0000000000,
                       0.0000000000,   1.0000000000,   0.0000000000,
                       0.0000000000,   0.0000000000,   1.0000000000
                  </Orientation>
                  <Position type="Vector">0, 0, 0</Position>
               </HpShield07>
            </Fixed>
         </Hardpoints>
      </venator_collab.3db>
      <venator_collab_p2_lod1.3db>
         <VMeshPart>
            <VMeshRef type="VMeshRef">
               <!-- header size  --> 60,
               <!-- vmesh lib    --> venator_collab.lod0-112.vms,
               <!-- start vert   --> 0,
               <!-- num verts    --> 27269,
               <!-- start index  --> 0,
               <!-- num indices  --> 41823,
               <!-- start mesh   --> 0,
               <!-- num meshes   --> 1,
               <!-- bounding box -->  87.050095,    60.49638,   213.51682,
                                     -86.805252,   -21.679556, -170.11205,
               <!-- center       -->   0.12242126,  19.408413,   21.702385,
               <!-- radius       --> 297.98007
            </VMeshRef>
         </VMeshPart>
         <Hardpoints>
            <Fixed>
               <HpTractor_Source>
                  <Orientation type="Matrix">
                      -1.0000000000,   0.0000000000,  87.422777e-09,
                       0.0000000000,   1.0000000000,  -0.0000000000,
                     -87.422777e-09,   0.0000000000,  -1.0000000000
                  </Orientation>
                  <Position type="Vector">0.18477833, -2.3314991, 212.81433</Position>
               </HpTractor_Source>
               <HpCM01>
                  <Orientation type="Matrix">
                       1.0000000000, -71.612547e-09, -137.56642e-09,
                     -137.56642e-09,  -0.8191520000,  -0.5735763900,
                     -71.612547e-09,   0.5735763900,  -0.8191520000
                  </Orientation>
                  <Position type="Vector">7.9366531, -18.560547, -101.22412</Position>
               </HpCM01>
               <HpCM02>
                  <Orientation type="Matrix">
                       1.0000000000, -71.612547e-09, -137.56642e-09,
                     -137.56642e-09,  -0.8191520000,  -0.5735763900,
                     -71.612547e-09,   0.5735763900,  -0.8191520000
                  </Orientation>
                  <Position type="Vector">-7.8435097, -18.560547, -101.10132</Position>
               </HpCM02>
               <HpAGun01>
                  <Orientation type="Matrix">
                      -1.0000000000,   0.0000000000,  87.422777e-09,
                       0.0000000000,   1.0000000000,  -0.0000000000,
                     -87.422777e-09,   0.0000000000,  -1.0000000000
                  </Orientation>
                  <Position type="Vector">9.1554718, -0.33844, 208.87988</Position>
               </HpAGun01>
               <HpAGun02>
                  <Orientation type="Matrix">
                      -1.0000000000,   0.0000000000,  87.422777e-09,
                       0.0000000000,   1.0000000000,  -0.0000000000,
                     -87.422777e-09,   0.0000000000,  -1.0000000000
                  </Orientation>
                  <Position type="Vector">-8.923439, -0.39453101, 208.87988</Position>
               </HpAGun02>
               <HpBGun01>
                  <Orientation type="Matrix">
                      -1.0000000000,   0.0000000000,  87.422777e-09,
                       0.0000000000,   1.0000000000,  -0.0000000000,
                     -87.422777e-09,   0.0000000000,  -1.0000000000
                  </Orientation>
                  <Position type="Vector">9.1554871, -0.38821399, 208.88086</Position>
               </HpBGun01>
               <HpBGun02>
                  <Orientation type="Matrix">
                      -1.0000000000,   0.0000000000,  87.422777e-09,
                       0.0000000000,   1.0000000000,  -0.0000000000,
                     -87.422777e-09,   0.0000000000,  -1.0000000000
                  </Orientation>
                  <Position type="Vector">-8.9732285, -0.394501, 208.88184</Position>
               </HpBGun02>
               <HpThruster01>
                  <Orientation type="Matrix">
                      178.81393e-09,   0.9999998800, -7.1054274e-15,
                       0.9999998800,  59.604641e-09, -87.422769e-09,
                     -87.422769e-09,   0.0000000000,  -0.9999997600
                  </Orientation>
                  <Position type="Vector">85.544922, -0.15081801, -90.179688</Position>
               </HpThruster01>
               <HpThruster02>
                  <Orientation type="Matrix">
                      178.81393e-09,  -0.9999998800, -7.1054274e-15,
                      -0.9999998800,  59.604641e-09,  87.422769e-09,
                     -87.422769e-09,   0.0000000000,  -0.9999997600
                  </Orientation>
                  <Position type="Vector">-85.301758, -0.18499801, -90.179688</Position>
               </HpThruster02>
            </Fixed>
            <Revolute>
               <HpTurret01>
                  <Axis type="Vector">0, 1, 0</Axis>
                  <Max type="float">3.1415927</Max>
                  <Min type="float">-3.1415927</Min>
                  <Orientation type="Matrix">
                      -1.0000000000,   0.0000000000,  87.422777e-09,
                       0.0000000000,   1.0000000000,  -0.0000000000,
                     -87.422777e-09,   0.0000000000,  -1.0000000000
                  </Orientation>
                  <Position type="Vector">7.7951455, 60.495167, -68.205673</Position>
               </HpTurret01>
               <HpTurret02>
                  <Axis type="Vector">0, 1, 0</Axis>
                  <Max type="float">3.1415927</Max>
                  <Min type="float">-3.1415927</Min>
                  <Orientation type="Matrix">
                      -1.0000000000,   0.0000000000,  87.422777e-09,
                       0.0000000000,   1.0000000000,  -0.0000000000,
                     -87.422777e-09,   0.0000000000,  -1.0000000000
                  </Orientation>
                  <Position type="Vector">-7.5584769, 60.495438, -68.204506</Position>
               </HpTurret02>
               <HpTurret19A>
                  <Axis type="Vector">0, 1, 0</Axis>
                  <Max type="float">1.5707964</Max>
                  <Min type="float">-1.5707964</Min>
                  <Orientation type="Matrix">
                      -1.0000000000,   0.0000000000,  87.422784e-09,
                      3.0510108e-09,   0.9993908400,   0.0348994960,
                     -87.369521e-09,   0.0348994960,  -0.9993908400
                  </Orientation>
                  <Position type="Vector">0.10081482, -1.2703171, -170.11182</Position>
               </HpTurret19A>
               <HpTurret20A>
                  <Axis type="Vector">0, 1, 0</Axis>
                  <Max type="float">3.1415927</Max>
                  <Min type="float">-3.1415927</Min>
                  <Orientation type="Matrix">
                       1.0000000000,   0.0000000000,   0.0000000000,
                       0.0000000000,  59.604645e-09,   0.9999998800,
                       0.0000000000,  -0.9999998800,  59.604645e-09
                  </Orientation>
                  <Position type="Vector">0.059204001, 15.722656, -139.56445</Position>
               </HpTurret20A>
               <HpT01>
                  <Axis type="Vector">0, 1, 0</Axis>
                  <Max type="float">0.43633232</Max>
                  <Min type="float">-0.43633232</Min>
                  <Orientation type="Matrix">
                       1.0000000000,   0.0000000000,   0.0000000000,
                       0.0000000000,   1.0000000000,   0.0000000000,
                       0.0000000000,   0.0000000000,   1.0000000000
                  </Orientation>
                  <Position type="Vector">7.7188721, 60.046875, -86.480179</Position>
               </HpT01>
               <HpT02>
                  <Axis type="Vector">0, 1, 0</Axis>
                  <Max type="float">0.43633232</Max>
                  <Min type="float">-0.43633232</Min>
                  <Orientation type="Matrix">
                       1.0000000000,   0.0000000000,   0.0000000000,
                       0.0000000000,   1.0000000000,   0.0000000000,
                       0.0000000000,   0.0000000000,   1.0000000000
                  </Orientation>
                  <Position type="Vector">-7.7194214, 60.048828, -86.43277</Position>
               </HpT02>
               <HpWeapon01>
                  <Axis type="Vector">0, 1, 0</Axis>
                  <Max type="float">0</Max>
                  <Min type="float">0</Min>
                  <Orientation type="Matrix">
                      59.604645e-09,   0.0000000000,   0.9999998800,
                      -0.0000000000,   1.0000000000,   0.0000000000,
                      -0.9999998800,  -0.0000000000,  59.604645e-09
                  </Orientation>
                  <Position type="Vector">0.203125, 8.9042969, 173.15956</Position>
               </HpWeapon01>
               <HpWeapon02>
                  <Axis type="Vector">0, 1, 0</Axis>
                  <Max type="float">0</Max>
                  <Min type="float">0</Min>
                  <Orientation type="Matrix">
                      59.604645e-09,   0.0000000000,   0.9999998800,
                      -0.0000000000,   1.0000000000,   0.0000000000,
                      -0.9999998800,  -0.0000000000,  59.604645e-09
                  </Orientation>
                  <Position type="Vector">0.096679688, 9.5019531, 159.42021</Position>
               </HpWeapon02>
               <HpWeapon03>
                  <Axis type="Vector">0, 1, 0</Axis>
                  <Max type="float">0</Max>
                  <Min type="float">0</Min>
                  <Orientation type="Matrix">
                      59.604645e-09,   0.0000000000,   0.9999998800,
                      -0.0000000000,   1.0000000000,   0.0000000000,
                      -0.9999998800,  -0.0000000000,  59.604645e-09
                  </Orientation>
                  <Position type="Vector">0.24023438, 10.125, 145.18922</Position>
               </HpWeapon03>
               <HpWeapon04>
                  <Axis type="Vector">0, 1, 0</Axis>
                  <Max type="float">0</Max>
                  <Min type="float">0</Min>
                  <Orientation type="Matrix">
                      59.604645e-09,   0.0000000000,   0.9999998800,
                      -0.0000000000,   1.0000000000,   0.0000000000,
                      -0.9999998800,  -0.0000000000,  59.604645e-09
                  </Orientation>
                  <Position type="Vector">0.13037109, 10.746094, 130.96352</Position>
               </HpWeapon04>
               <HpTurret23>
                  <Axis type="Vector">0, 1, 0</Axis>
                  <Max type="float">1.5707964</Max>
                  <Min type="float">-1.5707964</Min>
                  <Orientation type="Matrix">
                      238.41858e-09,   0.9999997600, -59.604645e-09,
                      59.604645e-09,  178.81393e-09,  -0.9999997600,
                      -0.9999997600,   0.0000000000,  178.81393e-09
                  </Orientation>
                  <Position type="Vector">13.515625, 34.029297, -65.613403</Position>
               </HpTurret23>
               <HpTurret24>
                  <Axis type="Vector">0, 1, 0</Axis>
                  <Max type="float">1.5707964</Max>
                  <Min type="float">-1.5707964</Min>
                  <Orientation type="Matrix">
                      238.41858e-09,  -0.9999997600,  59.604645e-09,
                     -59.604645e-09,  178.81393e-09,  -0.9999997600,
                       0.9999997600,   0.0000000000,  178.81393e-09
                  </Orientation>
                  <Position type="Vector">-13.244141, 34.182007, -65.56337</Position>
               </HpTurret24>
               <HpTorpedo02>
                  <Axis type="Vector">0, 1, 0</Axis>
                  <Max type="float">2.2689281</Max>
                  <Min type="float">-2.2689281</Min>
                  <Orientation type="Matrix">
                      -1.0000000000,   0.0000000000,  87.422777e-09,
                       0.0000000000,   1.0000000000,  -0.0000000000,
                     -87.422777e-09,   0.0000000000,  -1.0000000000
                  </Orientation>
                  <Position type="Vector">7.8044429, 60.491211, -68.183502</Position>
               </HpTorpedo02>
               <HpTorpedo03>
                  <Axis type="Vector">0, 1, 0</Axis>
                  <Max type="float">2.2689281</Max>
                  <Min type="float">-2.2689281</Min>
                  <Orientation type="Matrix">
                      -1.0000000000,   0.0000000000,  87.422777e-09,
                       0.0000000000,   1.0000000000,  -0.0000000000,
                     -87.422777e-09,   0.0000000000,  -1.0000000000
                  </Orientation>
                  <Position type="Vector">-7.5898442, 60.489258, -68.221031</Position>
               </HpTorpedo03>
            </Revolute>
         </Hardpoints>
      </venator_collab_p2_lod1.3db>
      <venator_collab_p1_lod1.3db>
         <VMeshPart>
            <VMeshRef type="VMeshRef">
               <!-- header size  --> 60,
               <!-- vmesh lib    --> venator_collab.lod0-112.vms,
               <!-- start vert   --> 27269,
               <!-- num verts    --> 8946,
               <!-- start index  --> 41823,
               <!-- num indices  --> 8946,
               <!-- start mesh   --> 1,
               <!-- num meshes   --> 2,
               <!-- bounding box -->  87.050095,    60.49638,   213.51682,
                                     -86.805252,   -21.679556, -170.11205,
               <!-- center       -->   0.12242126,  19.408413,   21.702385,
               <!-- radius       --> 297.98007
            </VMeshRef>
         </VMeshPart>
         <Hardpoints>
            <Fixed>
               <HpRunningLight01>
                  <Orientation type="Matrix">
                      -1.0000000000,   0.0000000000,  87.422777e-09,
                       0.0000000000,   1.0000000000,  -0.0000000000,
                     -87.422777e-09,   0.0000000000,  -1.0000000000
                  </Orientation>
                  <Position type="Vector">87.045372, 3.6916897, -94.566856</Position>
               </HpRunningLight01>
               <HpDocklight01>
                  <Orientation type="Matrix">
                      -1.0000000000,   0.0000000000,  87.422777e-09,
                       0.0000000000,   1.0000000000,  -0.0000000000,
                     -87.422777e-09,   0.0000000000,  -1.0000000000
                  </Orientation>
                  <Position type="Vector">87.049232, 3.6868212, -94.567886</Position>
               </HpDocklight01>
               <HpRunningLight02>
                  <Orientation type="Matrix">
                      -1.0000000000,   0.0000000000,  87.422777e-09,
                       0.0000000000,   1.0000000000,  -0.0000000000,
                     -87.422777e-09,   0.0000000000,  -1.0000000000
                  </Orientation>
                  <Position type="Vector">-86.778107, 3.6957533, -94.560493</Position>
               </HpRunningLight02>
               <HpDocklight02>
                  <Orientation type="Matrix">
                      -1.0000000000,   0.0000000000,  87.422777e-09,
                       0.0000000000,   1.0000000000,  -0.0000000000,
                     -87.422777e-09,   0.0000000000,  -1.0000000000
                  </Orientation>
                  <Position type="Vector">-86.779839, 3.6950862, -94.553856</Position>
               </HpDocklight02>
            </Fixed>
            <Revolute>
               <HpTurret03>
                  <Axis type="Vector">0, 1, 0</Axis>
                  <Max type="float">3.1415927</Max>
                  <Min type="float">-3.1415927</Min>
                  <Orientation type="Matrix">
                       0.9816271700,   0.1905475100,   0.0099860867,
                       0.1908090000,  -0.9802817700,  -0.0513744170,
                     -87.544322e-09,   0.0523359590,  -0.9986294500
                  </Orientation>
                  <Position type="Vector">53.357197, -10.46747, -68.633018</Position>
               </HpTurret03>
               <HpTurret04>
                  <Axis type="Vector">0, 1, 0</Axis>
                  <Max type="float">3.1415927</Max>
                  <Min type="float">-3.1415927</Min>
                  <Orientation type="Matrix">
                       0.9816271700,  -0.1905475000,  -0.0099862590,
                      -0.1908090100,  -0.9802817700,  -0.0513743830,
                     -87.078661e-09,   0.0523359630,  -0.9986294500
                  </Orientation>
                  <Position type="Vector">-53.002125, -10.486765, -68.587471</Position>
               </HpTurret04>
               <HpTurret05>
                  <Axis type="Vector">0, 1, 0</Axis>
                  <Max type="float">1.5707964</Max>
                  <Min type="float">-1.5707964</Min>
                  <Orientation type="Matrix">
                      -0.0054593291,   0.1563391500,  -0.9876881800,
                      -0.0344698090,   0.9870867100,   0.1564344500,
                       0.9993907200,   0.0348994810,  178.81393e-09
                  </Orientation>
                  <Position type="Vector">42.353497, 11.519684, -55.990112</Position>
               </HpTurret05>
               <HpTurret06>
                  <Axis type="Vector">0, 1, 0</Axis>
                  <Max type="float">1.5707964</Max>
                  <Min type="float">-1.5707964</Min>
                  <Orientation type="Matrix">
                      -0.0054593291,  -0.1563391500,   0.9876881800,
                       0.0344698090,   0.9870867100,   0.1564344500,
                      -0.9993907200,   0.0348994810,  178.81393e-09
                  </Orientation>
                  <Position type="Vector">-42.125057, 11.518963, -56.039539</Position>
               </HpTurret06>
               <HpTurret07>
                  <Axis type="Vector">0, 1, 0</Axis>
                  <Max type="float">3.1415927</Max>
                  <Min type="float">-3.1415927</Min>
                  <Orientation type="Matrix">
                       0.9816271700,   0.1905475100,   0.0099860867,
                       0.1908090000,  -0.9802817700,  -0.0513744170,
                     -87.544322e-09,   0.0523359590,  -0.9986294500
                  </Orientation>
                  <Position type="Vector">29.282217, -12.903534, -23.541132</Position>
               </HpTurret07>
               <HpTurret08>
                  <Axis type="Vector">0, 1, 0</Axis>
                  <Max type="float">3.1415927</Max>
                  <Min type="float">-3.1415927</Min>
                  <Orientation type="Matrix">
                       0.9816271700,  -0.1905475000,  -0.0099862590,
                      -0.1908090100,  -0.9802817700,  -0.0513743830,
                     -87.078661e-09,   0.0523359630,  -0.9986294500
                  </Orientation>
                  <Position type="Vector">-29.046373, -12.895461, -23.414303</Position>
               </HpTurret08>
               <HpTurret09>
                  <Axis type="Vector">0, 1, 0</Axis>
                  <Max type="float">1.5707964</Max>
                  <Min type="float">-1.5707964</Min>
                  <Orientation type="Matrix">
                      -0.0099861892,   0.1905474800,  -0.9816271700,
                      -0.0513743910,   0.9802819500,   0.1908089800,
                       0.9986295100,   0.0523359480,   0.0000000000
                  </Orientation>
                  <Position type="Vector">60.259232, 8.1345015, -74.561913</Position>
               </HpTurret09>
               <HpTurret10>
                  <Axis type="Vector">0, 1, 0</Axis>
                  <Max type="float">1.5707964</Max>
                  <Min type="float">-1.5707964</Min>
                  <Orientation type="Matrix">
                      -0.0099861892,  -0.1905474800,   0.9816271700,
                       0.0513743910,   0.9802819500,   0.1908089800,
                      -0.9986295100,   0.0523359480,   0.0000000000
                  </Orientation>
                  <Position type="Vector">-59.887436, 8.1578236, -74.53096</Position>
               </HpTurret10>
               <HpTurret11A>
                  <Axis type="Vector">0, 1, 0</Axis>
                  <Max type="float">0.78539819</Max>
                  <Min type="float">-0.78539819</Min>
                  <Orientation type="Matrix">
                       0.0090882182,   0.1734103000,  -0.9848076100,
                      -0.0515408480,  -0.9834579200,  -0.1736482800,
                      -0.9986294500,   0.0523359740, -31.199306e-09
                  </Orientation>
                  <Position type="Vector">46.30098, -11.95739, -82.649979</Position>
               </HpTurret11A>
               <HpTurret12A>
                  <Axis type="Vector">0, 1, 0</Axis>
                  <Max type="float">0.78539819</Max>
                  <Min type="float">-0.78539819</Min>
                  <Orientation type="Matrix">
                       0.0090882182,  -0.1734103000,   0.9848076100,
                       0.0515408480,  -0.9834579200,  -0.1736482800,
                       0.9986294500,   0.0523359740, -31.199306e-09
                  </Orientation>
                  <Position type="Vector">-46.174053, -11.928764, -82.543213</Position>
               </HpTurret12A>
               <HpTurret13>
                  <Axis type="Vector">0, 1, 0</Axis>
                  <Max type="float">1.5707964</Max>
                  <Min type="float">-2.0943952</Min>
                  <Orientation type="Matrix">
                     -10.244548e-09,   0.2079116700,  -0.9781475700,
                      14.901161e-09,   0.9781476300,   0.2079116700,
                       1.0000000000,   0.0000000000,   0.0000000000
                  </Orientation>
                  <Position type="Vector">37.422104, 8.0825891, 32.141117</Position>
               </HpTurret13>
               <HpTurret14>
                  <Axis type="Vector">0, 1, 0</Axis>
                  <Max type="float">2.0943952</Max>
                  <Min type="float">-1.5707964</Min>
                  <Orientation type="Matrix">
                     -10.244548e-09,  -0.2079116700,   0.9781475700,
                     -14.901161e-09,   0.9781476300,   0.2079116700,
                      -1.0000000000,   0.0000000000,   0.0000000000
                  </Orientation>
                  <Position type="Vector">-37.18129, 8.0867987, 32.040718</Position>
               </HpTurret14>
               <HpTurret15>
                  <Axis type="Vector">0, 1, 0</Axis>
                  <Max type="float">3.1415927</Max>
                  <Min type="float">-3.1415927</Min>
                  <Orientation type="Matrix">
                       0.9816271700,   0.1905475100,   0.0099860867,
                       0.1908090000,  -0.9802817700,  -0.0513744170,
                     -87.544322e-09,   0.0523359590,  -0.9986294500
                  </Orientation>
                  <Position type="Vector">38.303806, -7.7222705, 45.129108</Position>
               </HpTurret15>
               <HpTurret16>
                  <Axis type="Vector">0, 1, 0</Axis>
                  <Max type="float">3.1415927</Max>
                  <Min type="float">-3.1415927</Min>
                  <Orientation type="Matrix">
                       0.9816271700,  -0.1905475000,  -0.0099862590,
                      -0.1908090100,  -0.9802817700,  -0.0513743830,
                     -87.078661e-09,   0.0523359630,  -0.9986294500
                  </Orientation>
                  <Position type="Vector">-37.99839, -7.7321658, 45.167728</Position>
               </HpTurret16>
               <HpTurret17A>
                  <Axis type="Vector">0, 1, 0</Axis>
                  <Max type="float">0.78539819</Max>
                  <Min type="float">-0.78539819</Min>
                  <Orientation type="Matrix">
                      -0.0099861892,   0.1905475000,  -0.9816272300,
                      -0.0513743910,   0.9802818900,   0.1908090000,
                       0.9986295100,   0.0523359510,   0.0000000000
                  </Orientation>
                  <Position type="Vector">39.263649, 13.39324, -81.279602</Position>
               </HpTurret17A>
               <HpTurret18A>
                  <Axis type="Vector">0, 1, 0</Axis>
                  <Max type="float">0.78539819</Max>
                  <Min type="float">-0.78539819</Min>
                  <Orientation type="Matrix">
                      -0.0099861892,  -0.1905475000,   0.9816272300,
                       0.0513743910,   0.9802818900,   0.1908090000,
                      -0.9986295100,   0.0523359510,   0.0000000000
                  </Orientation>
                  <Position type="Vector">-39.03796, 13.38356, -81.161179</Position>
               </HpTurret18A>
               <HpTorpedo01>
                  <Axis type="Vector">0, 1, 0</Axis>
                  <Max type="float">3.1415927</Max>
                  <Min type="float">-3.1415927</Min>
                  <Orientation type="Matrix">
                       1.0000000000, -87.422777e-09, -87.422777e-09,
                     -87.422777e-09,  -1.0000000000,  7.6427419e-15,
                     -87.422777e-09,   0.0000000000,  -1.0000000000
                  </Orientation>
                  <Position type="Vector">0.123535, -14.782715, 64.532082</Position>
               </HpTorpedo01>
               <HpTurret21>
                  <Axis type="Vector">0, 1, 0</Axis>
                  <Max type="float">3.1415927</Max>
