<?xml version="1.0" encoding="ISO-8859-1"?>
<!-- XML generated by UTFXML Version 2.2 built 19-Aug-2010 -->
<UTFXML filename="cylon_fenrir.cmp" path="SHIPS\new\bsg">
   <UTF_ROOT>
      <VMeshLibrary>
         <cylon_fenrir.lod0-112.vms include="cylon_fenrir_cmp\lod0-112.vms.xml"/>
      </VMeshLibrary>
      <Cmpnd>
         <Cons>
            <Fix type="Fix" count="2">
               <part>
                  <!-- parent      --> "Root",
                  <!-- child       --> "cylon_fenrir_p2_lod1",
                  <!-- position    --> 0, 0, 0,
                  <!-- orientation -->  -1.0000000000,   0.0000000000,  87.422777e-09,
                                       -87.422777e-09,  43.711388e-09,  -1.0000000000,
                                         0.0000000000,  -1.0000000000, -43.711388e-09
               </part>
               <part>
                  <!-- parent      --> "Root",
                  <!-- child       --> "cylon_fenrir_p1_lod1",
                  <!-- position    --> 0, 0, 0,
                  <!-- orientation -->  -1.0000000000,   0.0000000000,  87.422777e-09,
                                       -87.422777e-09,  43.711388e-09,  -1.0000000000,
                                         0.0000000000,  -1.0000000000, -43.711388e-09
               </part>
            </Fix>
         </Cons>
         <Part_cylon_fenrir_p2_lod1>
            <Object_name name="Object name" type="text">cylon_fenrir_p2_lod1</Object_name>
            <Index type="int">0</Index>
            <File_name name="File name" type="text">cylon_fenrir_p2_lod1.3db</File_name>
         </Part_cylon_fenrir_p2_lod1>
         <Part_cylon_fenrir_p1_lod1>
            <Object_name name="Object name" type="text">cylon_fenrir_p1_lod1</Object_name>
            <Index type="int">0</Index>
            <File_name name="File name" type="text">cylon_fenrir_p1_lod1.3db</File_name>
         </Part_cylon_fenrir_p1_lod1>
         <Root>
            <Object_name name="Object name" type="text">Root</Object_name>
            <Index type="int">0</Index>
            <File_name name="File name" type="text">cylon_fenrir.3db</File_name>
         </Root>
      </Cmpnd>
      <cylon_fenrir.3db>
         <VMeshPart>
            <VMeshRef type="VMeshRef">
               <!-- header size  --> 60,
               <!-- vmesh lib    --> 0x00000000,
               <!-- start vert   --> 0,
               <!-- num verts    --> 0,
               <!-- start index  --> 0,
               <!-- num indices  --> 0,
               <!-- start mesh   --> 0,
               <!-- num meshes   --> 0,
               <!-- bounding box --> 0, 0, 0,
                                     0, 0, 0,
               <!-- center       --> 0, 0, 0,
               <!-- radius       --> 0
            </VMeshRef>
         </VMeshPart>
         <Hardpoints>
            <Fixed>
               <HpMount>
                  <Orientation type="Matrix">
                       1.0000000000,   0.0000000000,   0.0000000000,
                       0.0000000000,   1.0000000000,   0.0000000000,
                       0.0000000000,   0.0000000000,   1.0000000000
                  </Orientation>
                  <Position type="Vector">0, -150, -255</Position>
               </HpMount>
               <HpShield01>
                  <Orientation type="Matrix">
                       1.0000000000,   0.0000000000,   0.0000000000,
                       0.0000000000,   1.0000000000,   0.0000000000,
                       0.0000000000,   0.0000000000,   1.0000000000
                  </Orientation>
                  <Position type="Vector">0, 0, 0</Position>
               </HpShield01>
               <HpShield02>
                  <Orientation type="Matrix">
                       1.0000000000,   0.0000000000,   0.0000000000,
                       0.0000000000,   1.0000000000,   0.0000000000,
                       0.0000000000,   0.0000000000,   1.0000000000
                  </Orientation>
                  <Position type="Vector">0, 0, 0</Position>
               </HpShield02>
               <HpCloak01>
                  <Orientation type="Matrix">
                       1.0000000000,   0.0000000000,   0.0000000000,
                       0.0000000000,   1.0000000000,   0.0000000000,
                       0.0000000000,   0.0000000000,   1.0000000000
                  </Orientation>
                  <Position type="Vector">0, 0, 0</Position>
               </HpCloak01>
               <HpBayDoor01>
                  <Orientation type="Matrix">
                       1.0000000000,   0.0000000000,   0.0000000000,
                       0.0000000000,   1.0000000000,   0.0000000000,
                       0.0000000000,   0.0000000000,   1.0000000000
                  </Orientation>
                  <Position type="Vector">0, 199, 220</Position>
               </HpBayDoor01>
               <HpBayDoor02>
                  <Orientation type="Matrix">
                       1.0000000000,   0.0000000000,   0.0000000000,
                       0.0000000000,   1.0000000000,   0.0000000000,
                       0.0000000000,   0.0000000000,   1.0000000000
                  </Orientation>
                  <Position type="Vector">0, 204, 220</Position>
               </HpBayDoor02>
               <HpFX01>
                  <Orientation type="Matrix">
                       1.0000000000,   0.0000000000,   0.0000000000,
                       0.0000000000,   1.0000000000,   0.0000000000,
                       0.0000000000,   0.0000000000,   1.0000000000
                  </Orientation>
                  <Position type="Vector">0, 0, 0</Position>
               </HpFX01>
               <HpFX02>
                  <Orientation type="Matrix">
                      59.604645e-09,   0.9999998800,   0.0000000000,
                      -0.9999998800,  59.604645e-09,   0.0000000000,
                       0.0000000000,   0.0000000000,   1.0000000000
                  </Orientation>
                  <Position type="Vector">0, 0, 0</Position>
               </HpFX02>
               <HpFX03>
                  <Orientation type="Matrix">
                       1.0000000000,   0.0000000000,   0.0000000000,
                       0.0000000000,  59.604645e-09,   0.9999998800,
                       0.0000000000,  -0.9999998800,  59.604645e-09
                  </Orientation>
                  <Position type="Vector">0, 0, 0</Position>
               </HpFX03>
               <HpFX04>
                  <Orientation type="Matrix">
                       1.0000000000,   0.0000000000,   0.0000000000,
                       0.0000000000,   1.0000000000,   0.0000000000,
                       0.0000000000,   0.0000000000,   1.0000000000
                  </Orientation>
                  <Position type="Vector">0, 0, 0</Position>
               </HpFX04>
               <HpFX05>
                  <Orientation type="Matrix">
                       1.0000000000,   0.0000000000,   0.0000000000,
                       0.0000000000,   1.0000000000,   0.0000000000,
                       0.0000000000,   0.0000000000,   1.0000000000
                  </Orientation>
                  <Position type="Vector">0, 0, 0</Position>
               </HpFX05>
               <HpFX06>
                  <Orientation type="Matrix">
                       1.0000000000,   0.0000000000,   0.0000000000,
                       0.0000000000,   1.0000000000,   0.0000000000,
                       0.0000000000,   0.0000000000,   1.0000000000
                  </Orientation>
                  <Position type="Vector">0, 0, 0</Position>
               </HpFX06>
               <HpFX07>
                  <Orientation type="Matrix">
                       1.0000000000,   0.0000000000,   0.0000000000,
                       0.0000000000,   1.0000000000,   0.0000000000,
                       0.0000000000,   0.0000000000,   1.0000000000
                  </Orientation>
                  <Position type="Vector">0, 0, 0</Position>
               </HpFX07>
               <HpShield03>
                  <Orientation type="Matrix">
                       1.0000000000,   0.0000000000,   0.0000000000,
                       0.0000000000,   1.0000000000,   0.0000000000,
                       0.0000000000,   0.0000000000,   1.0000000000
                  </Orientation>
                  <Position type="Vector">0, 0, 0</Position>
               </HpShield03>
            </Fixed>
         </Hardpoints>
      </cylon_fenrir.3db>
      <cylon_fenrir_p2_lod1.3db>
         <VMeshPart>
            <VMeshRef type="VMeshRef">
               <!-- header size  --> 60,
               <!-- vmesh lib    --> cylon_fenrir.lod0-112.vms,
               <!-- start vert   --> 0,
               <!-- num verts    --> 3133,
               <!-- start index  --> 0,
               <!-- num indices  --> 10020,
               <!-- start mesh   --> 0,
               <!-- num meshes   --> 1,
               <!-- bounding box -->   93.831734,    381.87518,   152.50485,
                                      -93.832436,   -331.81705,  -183.19005,
               <!-- center       --> -350.95215e-6,   25.029068,  -15.342598,
               <!-- radius       --> 542.26343
            </VMeshRef>
         </VMeshPart>
         <Hardpoints>
            <Revolute>
               <HpTurret01>
                  <Axis type="Vector">0, 1, 0</Axis>
                  <Max type="float">3.1415927</Max>
                  <Min type="float">-3.1415927</Min>
                  <Orientation type="Matrix">
                       0.0697566270,   0.9969562300,   0.0348144770,
                      -0.9975639600,   0.0697141290,   0.0024344679,
                       0.0000000000,  -0.0348994880,   0.9993907800
                  </Orientation>
                  <Position type="Vector">93.074333, -36.614635, 0.84575576</Position>
               </HpTurret01>
               <HpTurret02>
                  <Axis type="Vector">0, 1, 0</Axis>
                  <Max type="float">3.1415927</Max>
                  <Min type="float">-3.1415927</Min>
                  <Orientation type="Matrix">
                       0.0697566270,  -0.9969562300,  -0.0348144770,
                       0.9975639600,   0.0697141290,   0.0024344679,
                       0.0000000000,  -0.0348994880,   0.9993907800
                  </Orientation>
                  <Position type="Vector">-93.098846, -36.830677, 1.2062267</Position>
               </HpTurret02>
               <HpTurret07>
                  <Axis type="Vector">0, 1, 0</Axis>
                  <Max type="float">1.5707964</Max>
                  <Min type="float">-1.5707964</Min>
                  <Orientation type="Matrix">
                      59.604645e-09,   0.9999998800,   0.0000000000,
                      -0.9999998800,  59.604645e-09,   0.0000000000,
                       0.0000000000,   0.0000000000,   1.0000000000
                  </Orientation>
                  <Position type="Vector">15.627956, -145.11249, -113.19225</Position>
               </HpTurret07>
               <HpTurret08>
                  <Axis type="Vector">0, 1, 0</Axis>
                  <Max type="float">1.5707964</Max>
                  <Min type="float">-1.5707964</Min>
                  <Orientation type="Matrix">
                      59.604645e-09,  -0.9999998800,  -0.0000000000,
                       0.9999998800,  59.604645e-09,   0.0000000000,
                       0.0000000000,  -0.0000000000,   1.0000000000
                  </Orientation>
                  <Position type="Vector">-15.644704, -144.82909, -112.84402</Position>
               </HpTurret08>
               <HpTurret13>
                  <Axis type="Vector">0, 1, 0</Axis>
                  <Max type="float">1.5707964</Max>
                  <Min type="float">-1.5707964</Min>
                  <Orientation type="Matrix">
                      59.604645e-09,   0.9999998800,   0.0000000000,
                      -0.9999998800,  59.604645e-09,   0.0000000000,
                       0.0000000000,   0.0000000000,   1.0000000000
                  </Orientation>
                  <Position type="Vector">16.578278, -118.91766, -94.463654</Position>
               </HpTurret13>
               <HpTurret14>
                  <Axis type="Vector">0, 1, 0</Axis>
                  <Max type="float">1.5707964</Max>
                  <Min type="float">-1.5707964</Min>
                  <Orientation type="Matrix">
                      59.604645e-09,  -0.9999998800,  -0.0000000000,
                       0.9999998800,  59.604645e-09,   0.0000000000,
                       0.0000000000,  -0.0000000000,   1.0000000000
                  </Orientation>
                  <Position type="Vector">-16.567907, -118.91988, -94.534386</Position>
               </HpTurret14>
               <HpTurret25>
                  <Axis type="Vector">0, 1, 0</Axis>
                  <Max type="float">1.5707964</Max>
                  <Min type="float">-0.78539819</Min>
                  <Orientation type="Matrix">
                      -0.1045284300,   0.9945219200,  9.1381658e-09,
                       0.9945219200,   0.1045284300, -86.943871e-09,
                     -87.422777e-09,  3.5527137e-15,  -1.0000000000
                  </Orientation>
                  <Position type="Vector">14.959176, -106.55992, 98.737183</Position>
               </HpTurret25>
               <HpTurret26>
                  <Axis type="Vector">0, 1, 0</Axis>
                  <Max type="float">0.78539819</Max>
                  <Min type="float">-1.5707964</Min>
                  <Orientation type="Matrix">
                      -0.1045284300,  -0.9945219200,  9.1381658e-09,
                      -0.9945219200,   0.1045284300,  86.943871e-09,
                     -87.422777e-09, -3.5527137e-15,  -1.0000000000
                  </Orientation>
                  <Position type="Vector">-14.939523, -106.66354, 98.751053</Position>
               </HpTurret26>
               <HpTurret27>
                  <Axis type="Vector">0, 1, 0</Axis>
                  <Max type="float">1.5707964</Max>
                  <Min type="float">-1.5707964</Min>
                  <Orientation type="Matrix">
                      238.41858e-09,   0.9999997600,  59.604645e-09,
                      59.604645e-09,  178.81393e-09,   0.9999997600,
                       0.9999997600,   0.0000000000,  178.81393e-09
                  </Orientation>
                  <Position type="Vector">64.515602, -225.3781, -32.756699</Position>
               </HpTurret27>
               <HpTurret28>
                  <Axis type="Vector">0, 1, 0</Axis>
                  <Max type="float">1.5707964</Max>
                  <Min type="float">-1.5707964</Min>
                  <Orientation type="Matrix">
                      238.41858e-09,  -0.9999997600, -59.604645e-09,
                     -59.604645e-09,  178.81393e-09,   0.9999997600,
                      -0.9999997600,   0.0000000000,  178.81393e-09
                  </Orientation>
                  <Position type="Vector">-64.604637, -225.91513, -32.795815</Position>
               </HpTurret28>
               <HpTurret29>
                  <Axis type="Vector">0, 1, 0</Axis>
                  <Max type="float">1.5707964</Max>
                  <Min type="float">-1.5707964</Min>
                  <Orientation type="Matrix">
                       0.0000000000,   0.9396925600,  -0.3420200900,
                      119.20929e-09,   0.3420201500,   0.9396926200,
                       1.0000000000, -29.802322e-09, -119.20929e-09
                  </Orientation>
                  <Position type="Vector">59.903179, -234.51083, 78.675659</Position>
               </HpTurret29>
               <HpTurret30>
                  <Axis type="Vector">0, 1, 0</Axis>
                  <Max type="float">1.5707964</Max>
                  <Min type="float">-1.5707964</Min>
                  <Orientation type="Matrix">
                       0.0000000000,  -0.9396925600,   0.3420200900,
                     -119.20929e-09,   0.3420201500,   0.9396926200,
                      -1.0000000000, -29.802322e-09, -119.20929e-09
                  </Orientation>
                  <Position type="Vector">-59.99017, -234.71286, 78.624306</Position>
               </HpTurret30>
               <HpTurret31>
                  <Axis type="Vector">0, 1, 0</Axis>
                  <Max type="float">0.78539819</Max>
                  <Min type="float">-0.78539819</Min>
                  <Orientation type="Matrix">
                      -1.0000000000,   0.0000000000,  87.422777e-09,
                      87.409468e-09,   0.0174524190,   0.9998477100,
                     -1.5257378e-09,   0.9998477100,  -0.0174524780
                  </Orientation>
                  <Position type="Vector">0, -274.03891, 41.014011</Position>
               </HpTurret31>
               <HpTurret32>
                  <Axis type="Vector">0, 1, 0</Axis>
                  <Max type="float">1.5707964</Max>
                  <Min type="float">-0.78539819</Min>
                  <Orientation type="Matrix">
                      238.41858e-09,   0.9999997600,  59.604645e-09,
                      59.604645e-09,  178.81393e-09,   0.9999997600,
                       0.9999997600,   0.0000000000,  178.81393e-09
                  </Orientation>
                  <Position type="Vector">13.557425, -223.36667, -88.741371</Position>
               </HpTurret32>
               <HpTurret33>
                  <Axis type="Vector">0, 1, 0</Axis>
                  <Max type="float">0.78539819</Max>
                  <Min type="float">-1.5707964</Min>
                  <Orientation type="Matrix">
                      238.41858e-09,  -0.9999997600, -59.604645e-09,
                     -59.604645e-09,  178.81393e-09,   0.9999997600,
                      -0.9999997600,   0.0000000000,  178.81393e-09
                  </Orientation>
                  <Position type="Vector">-13.585431, -223.43327, -88.610443</Position>
               </HpTurret33>
            </Revolute>
            <Fixed>
               <HpEngine01>
                  <Orientation type="Matrix">
                       1.0000000000,   0.0000000000,  -0.0000000000,
                      -0.0000000000,   0.0174524190,  -0.9998477100,
                       0.0000000000,   0.9998477100,   0.0174524190
                  </Orientation>
                  <Position type="Vector">60.881607, -231, 11.472074</Position>
               </HpEngine01>
               <HpEngine02>
                  <Orientation type="Matrix">
                       1.0000000000,   0.0000000000,  -0.0000000000,
                      -0.0000000000,   0.0174524190,  -0.9998477100,
                       0.0000000000,   0.9998477100,   0.0174524190
                  </Orientation>
                  <Position type="Vector">-60.785973, -231, 11.786124</Position>
               </HpEngine02>
               <HpEngine03>
                  <Orientation type="Matrix">
                       1.0000000000,   0.0000000000,  -0.0000000000,
                      -0.0000000000,  59.604645e-09,  -0.9999998800,
                       0.0000000000,   0.9999998800,  59.604645e-09
                  </Orientation>
                  <Position type="Vector">0, -278.10934, 23.1138</Position>
               </HpEngine03>
               <HpCM01>
                  <Orientation type="Matrix">
                       1.0000000000,   0.0000000000,  -0.0000000000,
                      -0.0000000000,   0.7660445000,  -0.6427875800,
                       0.0000000000,   0.6427875800,   0.7660445000
                  </Orientation>
                  <Position type="Vector">77.433456, -322.87921, 121.904</Position>
               </HpCM01>
               <HpCM02>
                  <Orientation type="Matrix">
                       1.0000000000,   0.0000000000,  -0.0000000000,
                      -0.0000000000,   0.7660445000,  -0.6427875800,
                       0.0000000000,   0.6427875800,   0.7660445000
                  </Orientation>
                  <Position type="Vector">-77.585548, -322.91376, 121.94367</Position>
               </HpCM02>
               <HpRunningLight01>
                  <Orientation type="Matrix">
                      -0.9999997600,   0.0000000000,  87.422769e-09,
                     -87.422769e-09,  59.604645e-09,  -0.9999998800,
                      7.1054274e-15,  -0.9999998800,  178.81393e-09
                  </Orientation>
                  <Position type="Vector">62.313126, -331.74432, -84.697853</Position>
               </HpRunningLight01>
               <HpDocklight01>
                  <Orientation type="Matrix">
                      -0.9999997600,   0.0000000000,  87.422769e-09,
                     -87.422769e-09,  59.604645e-09,  -0.9999998800,
                      7.1054274e-15,  -0.9999998800,  178.81393e-09
                  </Orientation>
                  <Position type="Vector">62.347713, -331.74054, -84.704544</Position>
               </HpDocklight01>
               <HpRunningLight02>
                  <Orientation type="Matrix">
                      -0.9999997600,   0.0000000000,  87.422769e-09,
                     -87.422769e-09,  59.604645e-09,  -0.9999998800,
                      7.1054274e-15,  -0.9999998800,  178.81393e-09
                  </Orientation>
                  <Position type="Vector">-62.361267, -331.73853, -84.702888</Position>
               </HpRunningLight02>
               <HpDocklight02>
                  <Orientation type="Matrix">
                      -0.9999997600,   0.0000000000,  87.422769e-09,
                     -87.422769e-09,  59.604645e-09,  -0.9999998800,
                      7.1054274e-15,  -0.9999998800,  178.81393e-09
                  </Orientation>
                  <Position type="Vector">-62.345097, -331.73898, -84.704132</Position>
               </HpDocklight02>
               <HpRunningLight03>
                  <Orientation type="Matrix">
                      -0.9999997600,   0.0000000000,  87.422769e-09,
                     -87.422769e-09,  59.604645e-09,  -0.9999998800,
                      7.1054274e-15,  -0.9999998800,  178.81393e-09
                  </Orientation>
                  <Position type="Vector">-759.00002e-6, -227.94191, -183.18544</Position>
               </HpRunningLight03>
               <HpDocklight03>
                  <Orientation type="Matrix">
                      -0.9999997600,   0.0000000000,  87.422769e-09,
                     -87.422769e-09,  59.604645e-09,  -0.9999998800,
                      7.1054274e-15,  -0.9999998800,  178.81393e-09
                  </Orientation>
                  <Position type="Vector">-265.99999e-6, -227.94661, -183.18781</Position>
               </HpDocklight03>
               <HpRunningLight04>
                  <Orientation type="Matrix">
                       1.0000000000,   0.0000000000,  -0.0000000000,
                      -0.0000000000,  59.604645e-09,  -0.9999998800,
                       0.0000000000,   0.9999998800,  59.604645e-09
                  </Orientation>
                  <Position type="Vector">-428e-6, -186.77966, 152.50476</Position>
               </HpRunningLight04>
               <HpDocklight04>
                  <Orientation type="Matrix">
                       1.0000000000,   0.0000000000,  -0.0000000000,
                      -0.0000000000,  59.604645e-09,  -0.9999998800,
                       0.0000000000,   0.9999998800,  59.604645e-09
                  </Orientation>
                  <Position type="Vector">-426.00001e-6, -186.77974, 152.50478</Position>
               </HpDocklight04>
               <HpRunningLight05>
                  <Orientation type="Matrix">
                       1.0000000000,   0.0000000000,  -0.0000000000,
                      -0.0000000000,  59.604645e-09,  -0.9999998800,
                       0.0000000000,   0.9999998800,  59.604645e-09
                  </Orientation>
                  <Position type="Vector">77.694733, -323.65097, 122.23409</Position>
               </HpRunningLight05>
               <HpDocklight05>
                  <Orientation type="Matrix">
                       1.0000000000,   0.0000000000,  -0.0000000000,
                      -0.0000000000,  59.604645e-09,  -0.9999998800,
                       0.0000000000,   0.9999998800,  59.604645e-09
                  </Orientation>
                  <Position type="Vector">77.728256, -323.67212, 122.24783</Position>
               </HpDocklight05>
               <HpRunningLight06>
                  <Orientation type="Matrix">
                       1.0000000000,   0.0000000000,  -0.0000000000,
                      -0.0000000000,  59.604645e-09,  -0.9999998800,
                       0.0000000000,   0.9999998800,  59.604645e-09
                  </Orientation>
                  <Position type="Vector">-77.667625, -323.707, 122.24972</Position>
               </HpRunningLight06>
               <HpDocklight06>
                  <Orientation type="Matrix">
                       1.0000000000,   0.0000000000,  -0.0000000000,
                      -0.0000000000,  59.604645e-09,  -0.9999998800,
                       0.0000000000,   0.9999998800,  59.604645e-09
                  </Orientation>
                  <Position type="Vector">-77.581528, -323.69861, 122.23129</Position>
               </HpDocklight06>
               <HpRunningLight07>
                  <Orientation type="Matrix">
                      -0.9999997600,   0.0000000000,  87.422769e-09,
                     -87.422769e-09,  59.604645e-09,  -0.9999998800,
                      7.1054274e-15,  -0.9999998800,  178.81393e-09
                  </Orientation>
                  <Position type="Vector">-0.006204, -311.02875, -130.43372</Position>
               </HpRunningLight07>
               <HpDocklight07>
                  <Orientation type="Matrix">
                      -0.9999997600,   0.0000000000,  87.422769e-09,
                     -87.422769e-09,  59.604645e-09,  -0.9999998800,
                      7.1054274e-15,  -0.9999998800,  178.81393e-09
                  </Orientation>
                  <Position type="Vector">-0.007201, -311.03583, -130.43303</Position>
               </HpDocklight07>
            </Fixed>
         </Hardpoints>
      </cylon_fenrir_p2_lod1.3db>
      <cylon_fenrir_p1_lod1.3db>
         <VMeshPart>
            <VMeshRef type="VMeshRef">
               <!-- header size  --> 60,
               <!-- vmesh lib    --> cylon_fenrir.lod0-112.vms,
               <!-- start vert   --> 3133,
               <!-- num verts    --> 11058,
               <!-- start index  --> 10020,
               <!-- num indices  --> 11058,
               <!-- start mesh   --> 1,
               <!-- num meshes   --> 1,
               <!-- bounding box -->   93.831734,    381.87518,   152.50485,
                                      -93.832436,   -331.81705,  -183.19005,
               <!-- center       --> -350.95215e-6,   25.029068,  -15.342598,
               <!-- radius       --> 542.26343
            </VMeshRef>
         </VMeshPart>
         <Hardpoints>
            <Revolute>
               <HpTurret03>
                  <Axis type="Vector">0, 1, 0</Axis>
                  <Max type="float">1.5707964</Max>
                  <Min type="float">-3.1415927</Min>
                  <Orientation type="Matrix">
                      -0.1218693600,   0.6769148700,  -0.7259024400,
                       0.9925462600,   0.0831145350,  -0.0891295670,
                     -29.802322e-09,  -0.7313538200,  -0.6819984300
                  </Orientation>
                  <Position type="Vector">55.840645, -4.6319385, -36.925949</Position>
               </HpTurret03>
               <HpTurret04>
                  <Axis type="Vector">0, 1, 0</Axis>
                  <Max type="float">3.1415927</Max>
                  <Min type="float">-1.5707964</Min>
                  <Orientation type="Matrix">
                      -0.1218693600,  -0.6769148700,   0.7259024400,
                      -0.9925462600,   0.0831145350,  -0.0891295670,
                      29.802322e-09,  -0.7313538200,  -0.6819984300
                  </Orientation>
                  <Position type="Vector">-55.986053, -4.8917351, -36.830162</Position>
               </HpTurret04>
               <HpTurret05>
                  <Axis type="Vector">0, 1, 0</Axis>
                  <Max type="float">1.5707964</Max>
                  <Min type="float">-3.1415927</Min>
                  <Orientation type="Matrix">
                      -0.1045284300,   0.9945219200,  9.1381658e-09,
                       0.9945219200,   0.1045284300, -86.943871e-09,
                     -87.422777e-09,  3.5527137e-15,  -1.0000000000
                  </Orientation>
                  <Position type="Vector">13.890577, 205.84381, 75.320793</Position>
               </HpTurret05>
               <HpTurret06>
                  <Axis type="Vector">0, 1, 0</Axis>
                  <Max type="float">3.1415927</Max>
                  <Min type="float">-1.5707964</Min>
                  <Orientation type="Matrix">
                      -0.1045284300,  -0.9945219200,  9.1381658e-09,
                      -0.9945219200,   0.1045284300,  86.943871e-09,
                     -87.422777e-09, -3.5527137e-15,  -1.0000000000
                  </Orientation>
                  <Position type="Vector">-14.085806, 204.26736, 75.750229</Position>
               </HpTurret06>
               <HpTurret09>
                  <Axis type="Vector">0, 1, 0</Axis>
                  <Max type="float">1.5707964</Max>
                  <Min type="float">-1.5707964</Min>
                  <Orientation type="Matrix">
                      -0.1045284300,   0.9945219200,  9.1381658e-09,
                       0.9945219200,   0.1045284300, -86.943871e-09,
                     -87.422777e-09,  3.5527137e-15,  -1.0000000000
                  </Orientation>
                  <Position type="Vector">24.76104, 97.660561, 66.081017</Position>
               </HpTurret09>
               <HpTurret10>
                  <Axis type="Vector">0, 1, 0</Axis>
                  <Max type="float">1.5707964</Max>
                  <Min type="float">-1.5707964</Min>
                  <Orientation type="Matrix">
                      -0.1045284300,  -0.9945219200,  9.1381658e-09,
                      -0.9945219200,   0.1045284300,  86.943871e-09,
                     -87.422777e-09, -3.5527137e-15,  -1.0000000000
                  </Orientation>
                  <Position type="Vector">-24.752905, 97.747231, 66.236557</Position>
               </HpTurret10>
               <HpTurret11>
                  <Axis type="Vector">0, 1, 0</Axis>
                  <Max type="float">1.5707964</Max>
                  <Min type="float">-1.6580628</Min>
                  <Orientation type="Matrix">
                      -0.0697564480,   0.6412217000,  -0.7641782800,
                       0.9975639000,   0.0448387860,  -0.0534366370,
                      29.802322e-09,  -0.7660443800,  -0.6427874000
                  </Orientation>
                  <Position type="Vector">53.527569, -58.478642, -42.290485</Position>
               </HpTurret11>
               <HpTurret12>
                  <Axis type="Vector">0, 1, 0</Axis>
                  <Max type="float">1.6580628</Max>
                  <Min type="float">-1.5707964</Min>
                  <Orientation type="Matrix">
                      -0.0697564480,  -0.6412217000,   0.7641782800,
                      -0.9975639000,   0.0448387860,  -0.0534366370,
                     -29.802322e-09,  -0.7660443800,  -0.6427874000
                  </Orientation>
                  <Position type="Vector">-53.479584, -58.637859, -42.308414</Position>
               </HpTurret12>
               <HpTurret15>
                  <Axis type="Vector">0, 1, 0</Axis>
                  <Max type="float">0.78539819</Max>
                  <Min type="float">-1.5707964</Min>
                  <Orientation type="Matrix">
                      -0.1908090000,   0.6694680500,  -0.7179167300,
                       0.9816272300,   0.1301314400,  -0.1395488400,
                      29.802322e-09,  -0.7313537600,  -0.6819983100
                  </Orientation>
                  <Position type="Vector">29.289986, 142.87202, -37.158047</Position>
               </HpTurret15>
               <HpTurret16>
                  <Axis type="Vector">0, 1, 0</Axis>
                  <Max type="float">1.5707964</Max>
                  <Min type="float">-0.78539819</Min>
                  <Orientation type="Matrix">
                      -0.1908090000,  -0.6694680500,   0.7179167300,
                      -0.9816272300,   0.1301314400,  -0.1395488400,
                     -29.802322e-09,  -0.7313537600,  -0.6819983100
                  </Orientation>
                  <Position type="Vector">-29.294325, 142.82257, -37.165688</Position>
               </HpTurret16>
               <HpTurret17>
                  <Axis type="Vector">0, 1, 0</Axis>
                  <Max type="float">1.5707964</Max>
                  <Min type="float">-1.5707964</Min>
                  <Orientation type="Matrix">
                       1.0000000000,   0.0000000000,  -0.0000000000,
                      -0.0000000000,  59.604645e-09,  -0.9999998800,
                       0.0000000000,   0.9999998800,  59.604645e-09
                  </Orientation>
                  <Position type="Vector">0.066168964, 72.539764, 99.32402</Position>
               </HpTurret17>
               <HpTurret18>
                  <Axis type="Vector">0, 1, 0</Axis>
                  <Max type="float">1.5707964</Max>
                  <Min type="float">-1.5707964</Min>
                  <Orientation type="Matrix">
                      -0.9999997600,   0.0000000000,  87.422769e-09,
                     -87.422769e-09,  59.604645e-09,  -0.9999998800,
                      7.1054274e-15,  -0.9999998800,  178.81393e-09
                  </Orientation>
                  <Position type="Vector">0, 321.23999, 34.003185</Position>
               </HpTurret18>
               <HpTurret19>
                  <Axis type="Vector">0, 1, 0</Axis>
                  <Max type="float">0.78539819</Max>
                  <Min type="float">-1.5707964</Min>
                  <Orientation type="Matrix">
                      178.81393e-09,   0.9999998800, -7.1054274e-15,
                       0.9999998800,  59.604641e-09, -87.422769e-09,
                     -87.422769e-09,   0.0000000000,  -0.9999997600
                  </Orientation>
                  <Position type="Vector">9.1809912, 274.08231, 52.987713</Position>
               </HpTurret19>
               <HpTurret20>
                  <Axis type="Vector">0, 1, 0</Axis>
                  <Max type="float">1.5707964</Max>
                  <Min type="float">-0.78539819</Min>
                  <Orientation type="Matrix">
                      178.81393e-09,  -0.9999998800, -7.1054274e-15,
                      -0.9999998800,  59.604641e-09,  87.422769e-09,
                     -87.422769e-09,   0.0000000000,  -0.9999997600
                  </Orientation>
                  <Position type="Vector">-9.1395912, 274.25888, 53.770706</Position>
               </HpTurret20>
               <HpTurret21>
                  <Axis type="Vector">0, 1, 0</Axis>
                  <Max type="float">0.78539819</Max>
                  <Min type="float">-1.5707964</Min>
                  <Orientation type="Matrix">
                      -0.1045284300,   0.9945219200,  9.1381658e-09,
                       0.9945219200,   0.1045284300, -86.943871e-09,
                     -87.422777e-09,  3.5527137e-15,  -1.0000000000
                  </Orientation>
                  <Position type="Vector">22.822796, 116.98043, 52.553368</Position>
               </HpTurret21>
               <HpTurret22>
                  <Axis type="Vector">0, 1, 0</Axis>
                  <Max type="float">1.5707964</Max>
                  <Min type="float">-0.78539819</Min>
                  <Orientation type="Matrix">
                      -0.1045284300,  -0.9945219200,  9.1381658e-09,
                      -0.9945219200,   0.1045284300,  86.943871e-09,
                     -87.422777e-09, -3.5527137e-15,  -1.0000000000
                  </Orientation>
                  <Position type="Vector">-22.840801, 116.80886, 52.554474</Position>
               </HpTurret22>
               <HpTurret23>
                  <Axis type="Vector">0, 1, 0</Axis>
                  <Max type="float">1.5707964</Max>
                  <Min type="float">-1.5707964</Min>
                  <Orientation type="Matrix">
                      -1.0000000000,  3.5527137e-15,  87.422791e-09,
                     -86.094644e-09,   0.1736481200,  -0.9848078500,
                     -15.180809e-09,  -0.9848078500,  -0.1736483600
                  </Orientation>
                  <Position type="Vector">-0.027118083, 204.38036, -38.88176</Position>
               </HpTurret23>
               <HpTurret24>
                  <Axis type="Vector">0, 1, 0</Axis>
                  <Max type="float">1.5707964</Max>
                  <Min type="float">-1.5707964</Min>
                  <Orientation type="Matrix">
                       1.0000000000,   0.0000000000,  -0.0000000000,
                      -0.0000000000,   0.0871558790,  -0.9961947200,
                       0.0000000000,   0.9961947200,   0.0871558790
                  </Orientation>
                  <Position type="Vector">0, 169.81001, 87.04361</Position>
               </HpTurret24>
               <HpGun01>
                  <Axis type="Vector">0, 1, 0</Axis>
                  <Max type="float">0.78539819</Max>
                  <Min type="float">-0.78539819</Min>
                  <Orientation type="Matrix">
                      -0.9999997600,   0.0000000000,  87.422769e-09,
                     -87.422769e-09,  59.604645e-09,  -0.9999998800,
                      7.1054274e-15,  -0.9999998800,  178.81393e-09
                  </Orientation>
                  <Position type="Vector">0, 312.80307, 34.012825</Position>
               </HpGun01>
               <HpTorpedo01>
                  <Axis type="Vector">0, 1, 0</Axis>
                  <Max type="float">0.78539819</Max>
                  <Min type="float">-0.78539819</Min>
                  <Orientation type="Matrix">
                       1.0000000000,   0.0000000000,  -0.0000000000,
                      -0.0000000000,  59.604645e-09,  -0.9999998800,
                       0.0000000000,   0.9999998800,  59.604645e-09
                  </Orientation>
                  <Position type="Vector">0, 286.5452, -17.739508</Position>
               </HpTorpedo01>
               <HpTorpedo02>
                  <Axis type="Vector">0, 1, 0</Axis>
                  <Max type="float">0.78539819</Max>
                  <Min type="float">-0.78539819</Min>
                  <Orientation type="Matrix">
                       0.0523361860,   0.9986293300, -59.604645e-09,
                      59.604645e-09,  149.01161e-09,  -0.9999997600,
                      -0.9986293300,   0.0523359480,  149.01161e-09
                  </Orientation>
                  <Position type="Vector">8.9833708, 248.50809, 55.722214</Position>
               </HpTorpedo02>
               <HpTorpedo03>
                  <Axis type="Vector">0, 1, 0</Axis>
                  <Max type="float">0.78539819</Max>
                  <Min type="float">-0.78539819</Min>
                  <Orientation type="Matrix">
                       0.0523361860,  -0.9986293300,  59.604645e-09,
                     -59.604645e-09,  149.01161e-09,  -0.9999997600,
