<?xml version="1.0" encoding="ISO-8859-1"?>
<!-- XML generated by UTFXML Version 2.2 built 19-Aug-2010 -->
<UTFXML filename="cylon_merit.cmp" path="SHIPS\new\bsg">
   <UTF_ROOT>
      <VMeshLibrary>
         <cylon_merit.lod0-112.vms include="cylon_merit_cmp\lod0-112.vms.xml"/>
      </VMeshLibrary>
      <Cmpnd>
         <Cons>
            <Fix type="Fix" count="2">
               <part>
                  <!-- parent      --> "Root",
                  <!-- child       --> "cylon_merit_p2_lod1",
                  <!-- position    --> 0, 0, 0,
                  <!-- orientation -->   1.0000000000,   0.0000000000,   0.0000000000,
                                         0.0000000000,   1.0000000000,   0.0000000000,
                                         0.0000000000,   0.0000000000,   1.0000000000
               </part>
               <part>
                  <!-- parent      --> "Root",
                  <!-- child       --> "cylon_merit_p1_lod1",
                  <!-- position    --> 0, 0, 0,
                  <!-- orientation -->   1.0000000000,   0.0000000000,   0.0000000000,
                                         0.0000000000,   1.0000000000,   0.0000000000,
                                         0.0000000000,   0.0000000000,   1.0000000000
               </part>
            </Fix>
         </Cons>
         <Part_cylon_merit_p2_lod1>
            <Object_name name="Object name" type="text">cylon_merit_p2_lod1</Object_name>
            <Index type="int">0</Index>
            <File_name name="File name" type="text">cylon_merit_p2_lod1.3db</File_name>
         </Part_cylon_merit_p2_lod1>
         <Part_cylon_merit_p1_lod1>
            <Object_name name="Object name" type="text">cylon_merit_p1_lod1</Object_name>
            <Index type="int">0</Index>
            <File_name name="File name" type="text">cylon_merit_p1_lod1.3db</File_name>
         </Part_cylon_merit_p1_lod1>
         <Root>
            <Object_name name="Object name" type="text">Root</Object_name>
            <Index type="int">0</Index>
            <File_name name="File name" type="text">cylon_merit.3db</File_name>
         </Root>
      </Cmpnd>
      <cylon_merit.3db>
         <VMeshPart>
            <VMeshRef type="VMeshRef">
               <!-- header size  --> 60,
               <!-- vmesh lib    --> 0x00000000,
               <!-- start vert   --> 0,
               <!-- num verts    --> 0,
               <!-- start index  --> 0,
               <!-- num indices  --> 0,
               <!-- start mesh   --> 0,
               <!-- num meshes   --> 0,
               <!-- bounding box --> 0, 0, 0,
                                     0, 0, 0,
               <!-- center       --> 0, 0, 0,
               <!-- radius       --> 0
            </VMeshRef>
         </VMeshPart>
         <Hardpoints>
            <Fixed>
               <HpMount>
                  <Orientation type="Matrix">
                       1.0000000000,   0.0000000000,   0.0000000000,
                       0.0000000000,   1.0000000000,   0.0000000000,
                       0.0000000000,   0.0000000000,   1.0000000000
                  </Orientation>
                  <Position type="Vector">0, -90, -125</Position>
               </HpMount>
               <HpBayDoor01>
                  <Orientation type="Matrix">
                       1.0000000000,   0.0000000000,   0.0000000000,
                       0.0000000000,   1.0000000000,   0.0000000000,
                       0.0000000000,   0.0000000000,   1.0000000000
                  </Orientation>
                  <Position type="Vector">0, 90, 0</Position>
               </HpBayDoor01>
               <HpBayDoor02>
                  <Orientation type="Matrix">
                       1.0000000000,   0.0000000000,   0.0000000000,
                       0.0000000000,   1.0000000000,   0.0000000000,
                       0.0000000000,   0.0000000000,   1.0000000000
                  </Orientation>
                  <Position type="Vector">0, 95, 0</Position>
               </HpBayDoor02>
               <HpCloak01>
                  <Orientation type="Matrix">
                       1.0000000000,   0.0000000000,   0.0000000000,
                       0.0000000000,   1.0000000000,   0.0000000000,
                       0.0000000000,   0.0000000000,   1.0000000000
                  </Orientation>
                  <Position type="Vector">0, 2, 0</Position>
               </HpCloak01>
               <HpShield01>
                  <Orientation type="Matrix">
                       1.0000000000,   0.0000000000,   0.0000000000,
                       0.0000000000,   1.0000000000,   0.0000000000,
                       0.0000000000,   0.0000000000,   1.0000000000
                  </Orientation>
                  <Position type="Vector">0, 2, 0</Position>
               </HpShield01>
               <HpShield02>
                  <Orientation type="Matrix">
                       1.0000000000,   0.0000000000,   0.0000000000,
                       0.0000000000,   1.0000000000,   0.0000000000,
                       0.0000000000,   0.0000000000,   1.0000000000
                  </Orientation>
                  <Position type="Vector">0, 2, 0</Position>
               </HpShield02>
               <HpFX01>
                  <Orientation type="Matrix">
                       1.0000000000,   0.0000000000,   0.0000000000,
                       0.0000000000,   1.0000000000,   0.0000000000,
                       0.0000000000,   0.0000000000,   1.0000000000
                  </Orientation>
                  <Position type="Vector">0, 2, 0</Position>
               </HpFX01>
               <HpFX02>
                  <Orientation type="Matrix">
                      59.604645e-09,   0.9999998800,   0.0000000000,
                      -0.9999998800,  59.604645e-09,   0.0000000000,
                       0.0000000000,   0.0000000000,   1.0000000000
                  </Orientation>
                  <Position type="Vector">0, 2, 0</Position>
               </HpFX02>
               <HpFX03>
                  <Orientation type="Matrix">
                       1.0000000000,   0.0000000000,   0.0000000000,
                       0.0000000000,  59.604645e-09,   0.9999998800,
                       0.0000000000,  -0.9999998800,  59.604645e-09
                  </Orientation>
                  <Position type="Vector">0, 2, 0</Position>
               </HpFX03>
               <HpFX04>
                  <Orientation type="Matrix">
                       1.0000000000,   0.0000000000,   0.0000000000,
                       0.0000000000,   1.0000000000,   0.0000000000,
                       0.0000000000,   0.0000000000,   1.0000000000
                  </Orientation>
                  <Position type="Vector">0, 2, 0</Position>
               </HpFX04>
               <HpFX05>
                  <Orientation type="Matrix">
                       1.0000000000,   0.0000000000,   0.0000000000,
                       0.0000000000,   1.0000000000,   0.0000000000,
                       0.0000000000,   0.0000000000,   1.0000000000
                  </Orientation>
                  <Position type="Vector">0, 2, 0</Position>
               </HpFX05>
               <HpFX06>
                  <Orientation type="Matrix">
                       1.0000000000,   0.0000000000,   0.0000000000,
                       0.0000000000,   1.0000000000,   0.0000000000,
                       0.0000000000,   0.0000000000,   1.0000000000
                  </Orientation>
                  <Position type="Vector">0, 2, 0</Position>
               </HpFX06>
               <HpFX07>
                  <Orientation type="Matrix">
                       1.0000000000,   0.0000000000,   0.0000000000,
                       0.0000000000,   1.0000000000,   0.0000000000,
                       0.0000000000,   0.0000000000,   1.0000000000
                  </Orientation>
                  <Position type="Vector">0, 2, 0</Position>
               </HpFX07>
               <HpShield03>
                  <Orientation type="Matrix">
                       1.0000000000,   0.0000000000,   0.0000000000,
                       0.0000000000,   1.0000000000,   0.0000000000,
                       0.0000000000,   0.0000000000,   1.0000000000
                  </Orientation>
                  <Position type="Vector">0, 0, 0</Position>
               </HpShield03>
            </Fixed>
         </Hardpoints>
      </cylon_merit.3db>
      <cylon_merit_p2_lod1.3db>
         <VMeshPart>
            <VMeshRef type="VMeshRef">
               <!-- header size  --> 60,
               <!-- vmesh lib    --> cylon_merit.lod0-112.vms,
               <!-- start vert   --> 0,
               <!-- num verts    --> 5334,
               <!-- start index  --> 0,
               <!-- num indices  --> 16188,
               <!-- start mesh   --> 0,
               <!-- num meshes   --> 1,
               <!-- bounding box -->  92.227592,      70.238106,   165.04198,
                                     -92.223839,     -74.922615,  -154.04439,
               <!-- center       -->   0.0018768311,  -2.3422546,    5.4987946,
               <!-- radius       --> 254.20889
            </VMeshRef>
         </VMeshPart>
         <Hardpoints>
            <Fixed>
               <HpRunningLight01>
                  <Orientation type="Matrix">
                       1.0000000000,   0.0000000000,   0.0000000000,
                       0.0000000000,   1.0000000000,   0.0000000000,
                       0.0000000000,   0.0000000000,   1.0000000000
                  </Orientation>
                  <Position type="Vector">-61.435837, -26.76, -131.89571</Position>
               </HpRunningLight01>
               <HpDocklight01>
                  <Orientation type="Matrix">
                       1.0000000000,   0.0000000000,   0.0000000000,
                       0.0000000000,   1.0000000000,   0.0000000000,
                       0.0000000000,   0.0000000000,   1.0000000000
                  </Orientation>
                  <Position type="Vector">-61.43618, -26.756556, -131.88756</Position>
               </HpDocklight01>
               <HpRunningLight02>
                  <Orientation type="Matrix">
                       1.0000000000,   0.0000000000,   0.0000000000,
                       0.0000000000,   1.0000000000,   0.0000000000,
                       0.0000000000,   0.0000000000,   1.0000000000
                  </Orientation>
                  <Position type="Vector">61.451946, -26.769432, -131.84763</Position>
               </HpRunningLight02>
               <HpDocklight02>
                  <Orientation type="Matrix">
                       1.0000000000,   0.0000000000,   0.0000000000,
                       0.0000000000,   1.0000000000,   0.0000000000,
                       0.0000000000,   0.0000000000,   1.0000000000
                  </Orientation>
                  <Position type="Vector">61.461769, -26.782404, -131.84122</Position>
               </HpDocklight02>
               <HpRunningLight03>
                  <Orientation type="Matrix">
                       1.0000000000,   0.0000000000,   0.0000000000,
                       0.0000000000,   1.0000000000,   0.0000000000,
                       0.0000000000,   0.0000000000,   1.0000000000
                  </Orientation>
                  <Position type="Vector">-84.021759, 23.405842, -23.493589</Position>
               </HpRunningLight03>
               <HpDocklight03>
                  <Orientation type="Matrix">
                       1.0000000000,   0.0000000000,   0.0000000000,
                       0.0000000000,   1.0000000000,   0.0000000000,
                       0.0000000000,   0.0000000000,   1.0000000000
                  </Orientation>
                  <Position type="Vector">-84.021759, 23.405842, -23.493589</Position>
               </HpDocklight03>
               <HpRunningLight04>
                  <Orientation type="Matrix">
                       1.0000000000,   0.0000000000,   0.0000000000,
                       0.0000000000,   1.0000000000,   0.0000000000,
                       0.0000000000,   0.0000000000,   1.0000000000
                  </Orientation>
                  <Position type="Vector">84.027374, 23.364037, -23.488132</Position>
               </HpRunningLight04>
               <HpDocklight04>
                  <Orientation type="Matrix">
                       1.0000000000,   0.0000000000,   0.0000000000,
                       0.0000000000,   1.0000000000,   0.0000000000,
                       0.0000000000,   0.0000000000,   1.0000000000
                  </Orientation>
                  <Position type="Vector">84.019264, 23.395235, -23.520361</Position>
               </HpDocklight04>
               <HpRunningLight05>
                  <Orientation type="Matrix">
                       1.0000000000,   0.0000000000,   0.0000000000,
                       0.0000000000,   1.0000000000,   0.0000000000,
                       0.0000000000,   0.0000000000,   1.0000000000
                  </Orientation>
                  <Position type="Vector">-26.398222, 61.012039, -14.042769</Position>
               </HpRunningLight05>
               <HpDocklight05>
                  <Orientation type="Matrix">
                       1.0000000000,   0.0000000000,   0.0000000000,
                       0.0000000000,   1.0000000000,   0.0000000000,
                       0.0000000000,   0.0000000000,   1.0000000000
                  </Orientation>
                  <Position type="Vector">-26.397938, 60.986271, -14.026466</Position>
               </HpDocklight05>
               <HpRunningLight06>
                  <Orientation type="Matrix">
                       1.0000000000,   0.0000000000,   0.0000000000,
                       0.0000000000,   1.0000000000,   0.0000000000,
                       0.0000000000,   0.0000000000,   1.0000000000
                  </Orientation>
                  <Position type="Vector">26.415886, 61.009274, -14.037311</Position>
               </HpRunningLight06>
               <HpDocklight06>
                  <Orientation type="Matrix">
                       1.0000000000,   0.0000000000,   0.0000000000,
                       0.0000000000,   1.0000000000,   0.0000000000,
                       0.0000000000,   0.0000000000,   1.0000000000
                  </Orientation>
                  <Position type="Vector">26.406652, 61.001804, -14.04375</Position>
               </HpDocklight06>
            </Fixed>
            <Revolute>
               <HpTurret01>
                  <Axis type="Vector">0, 1, 0</Axis>
                  <Max type="float">3.1415927</Max>
                  <Min type="float">-3.1415927</Min>
                  <Orientation type="Matrix">
                       1.0000000000,   0.0000000000,   0.0000000000,
                       0.0000000000,   1.0000000000,   0.0000000000,
                       0.0000000000,   0.0000000000,   1.0000000000
                  </Orientation>
                  <Position type="Vector">-26.372696, 65.33474, 16.524603</Position>
               </HpTurret01>
               <HpTurret02>
                  <Axis type="Vector">0, 1, 0</Axis>
                  <Max type="float">3.1415927</Max>
                  <Min type="float">-3.1415927</Min>
                  <Orientation type="Matrix">
                       1.0000000000,   0.0000000000,   0.0000000000,
                       0.0000000000,   1.0000000000,   0.0000000000,
                       0.0000000000,   0.0000000000,   1.0000000000
                  </Orientation>
                  <Position type="Vector">26.343811, 65.322853, 16.472481</Position>
               </HpTurret02>
               <HpTurret03>
                  <Axis type="Vector">0, 1, 0</Axis>
                  <Max type="float">3.1415927</Max>
                  <Min type="float">-3.1415927</Min>
                  <Orientation type="Matrix">
                      -0.7431446300,  -0.6654650600,   0.0699432050,
                       0.6691306200,  -0.7390735700,   0.0776797830,
                     -3.7252903e-09,   0.1045284700,   0.9945219200
                  </Orientation>
                  <Position type="Vector">-87.464188, -72.445518, 17.813614</Position>
               </HpTurret03>
               <HpTurret04>
                  <Axis type="Vector">0, 1, 0</Axis>
                  <Max type="float">3.1415927</Max>
                  <Min type="float">-3.1415927</Min>
                  <Orientation type="Matrix">
                      -0.7431446300,   0.6654650600,  -0.0699432050,
                      -0.6691306200,  -0.7390735700,   0.0776797830,
                      3.7252903e-09,   0.1045284700,   0.9945219200
                  </Orientation>
                  <Position type="Vector">87.62027, -72.304398, 17.764467</Position>
               </HpTurret04>
               <HpTurret05>
                  <Axis type="Vector">0, 1, 0</Axis>
                  <Max type="float">1.6580628</Max>
                  <Min type="float">-1.6580628</Min>
                  <Orientation type="Matrix">
                       0.0109123480,  -0.1560533900,   0.9876882400,
                      -0.0688976500,   0.9852824200,   0.1564344500,
                      -0.9975639000,  -0.0697564630,  59.604645e-09
                  </Orientation>
                  <Position type="Vector">-82.250351, 36.09655, 40.869526</Position>
               </HpTurret05>
               <HpTurret06>
                  <Axis type="Vector">0, 1, 0</Axis>
                  <Max type="float">1.6580628</Max>
                  <Min type="float">-1.6580628</Min>
                  <Orientation type="Matrix">
                       0.0109123480,   0.1560533900,  -0.9876882400,
                       0.0688976500,   0.9852824200,   0.1564344500,
                       0.9975639000,  -0.0697564630,  59.604645e-09
                  </Orientation>
                  <Position type="Vector">82.055054, 36.118954, 40.656174</Position>
               </HpTurret06>
               <HpTurret07>
                  <Axis type="Vector">0, 1, 0</Axis>
                  <Max type="float">0.78539819</Max>
                  <Min type="float">-0.78539819</Min>
                  <Orientation type="Matrix">
                      -1.0000000000, -85.182144e-09,  19.665848e-09,
                      87.422784e-09,  -0.9743701200,   0.2249510600,
                      888.17842e-18,   0.2249510600,   0.9743700600
                  </Orientation>
                  <Position type="Vector">0, -67.601273, 45.647133</Position>
               </HpTurret07>
               <HpTurret09>
                  <Axis type="Vector">0, 1, 0</Axis>
                  <Max type="float">1.5707964</Max>
                  <Min type="float">-1.5707964</Min>
                  <Orientation type="Matrix">
                       0.1218693900,  -0.9871088300,   0.1037493300,
                       0.9925460800,   0.1212017500,  -0.0127388090,
                     -7.4505806e-09,   0.1045284600,   0.9945219200
                  </Orientation>
                  <Position type="Vector">-91.357712, 23.636845, 35.51437</Position>
               </HpTurret09>
               <HpTurret10>
                  <Axis type="Vector">0, 1, 0</Axis>
                  <Max type="float">1.5707964</Max>
                  <Min type="float">-1.5707964</Min>
                  <Orientation type="Matrix">
                       0.1218693900,   0.9871088300,  -0.1037493300,
                      -0.9925460800,   0.1212017500,  -0.0127388090,
                      7.4505806e-09,   0.1045284600,   0.9945219200
                  </Orientation>
                  <Position type="Vector">91.666016, 22.778519, 26.618063</Position>
               </HpTurret10>
               <HpTurret14>
                  <Axis type="Vector">0, 1, 0</Axis>
                  <Max type="float">0.61086524</Max>
                  <Min type="float">-0.61086524</Min>
                  <Orientation type="Matrix">
                      -0.0571409760,  -0.8171564900,   0.5735763300,
                       0.0400106310,   0.5721793200,   0.8191518800,
                      -0.9975638400,   0.0697564180,  119.20929e-09
                  </Orientation>
                  <Position type="Vector">-84.520302, -61.60276, 43.048622</Position>
               </HpTurret14>
               <HpTurret15>
                  <Axis type="Vector">0, 1, 0</Axis>
                  <Max type="float">0.61086524</Max>
                  <Min type="float">-0.61086524</Min>
                  <Orientation type="Matrix">
                      -0.0571409760,   0.8171564900,  -0.5735763300,
                      -0.0400106310,   0.5721793200,   0.8191518800,
                       0.9975638400,   0.0697564180,  119.20929e-09
                  </Orientation>
                  <Position type="Vector">84.583984, -61.732376, 43.400284</Position>
               </HpTurret15>
               <HpTurret16>
                  <Axis type="Vector">0, 1, 0</Axis>
                  <Max type="float">0.78539819</Max>
                  <Min type="float">-0.78539819</Min>
                  <Orientation type="Matrix">
                      89.406967e-09,  -0.9063077000,  -0.4226180900,
                     -89.406967e-09,   0.4226183000,  -0.9063077000,
                       0.9999998200, -29.802322e-09,  59.604645e-09
                  </Orientation>
                  <Position type="Vector">-34.532681, 56.851982, 31.148706</Position>
               </HpTurret16>
               <HpTurret17>
                  <Axis type="Vector">0, 1, 0</Axis>
                  <Max type="float">0.78539819</Max>
                  <Min type="float">-0.78539819</Min>
                  <Orientation type="Matrix">
                      89.406967e-09,   0.9063077000,   0.4226180900,
                      89.406967e-09,   0.4226183000,  -0.9063077000,
                      -0.9999998200, -29.802322e-09,  59.604645e-09
                  </Orientation>
                  <Position type="Vector">34.52676, 56.863495, 31.222708</Position>
               </HpTurret17>
               <HpTurret18>
                  <Axis type="Vector">0, 1, 0</Axis>
                  <Max type="float">0.61086524</Max>
                  <Min type="float">-0.61086524</Min>
                  <Orientation type="Matrix">
                       0.1228826600,   0.8743547800,   0.4694715400,
                      -0.0653377180,  -0.4649026400,   0.8829475600,
                       0.9902679900,  -0.1391731200, -59.604645e-09
                  </Orientation>
                  <Position type="Vector">-70.244873, -69.098877, 48.516006</Position>
               </HpTurret18>
               <HpTurret19>
                  <Axis type="Vector">0, 1, 0</Axis>
                  <Max type="float">0.61086524</Max>
                  <Min type="float">-0.61086524</Min>
                  <Orientation type="Matrix">
                       0.1228826600,  -0.8743547800,  -0.4694715400,
                       0.0653377180,  -0.4649026400,   0.8829475600,
                      -0.9902679900,  -0.1391731200, -59.604645e-09
                  </Orientation>
                  <Position type="Vector">70.252548, -69.085396, 48.452286</Position>
               </HpTurret19>
            </Revolute>
         </Hardpoints>
      </cylon_merit_p2_lod1.3db>
      <cylon_merit_p1_lod1.3db>
         <VMeshPart>
            <VMeshRef type="VMeshRef">
               <!-- header size  --> 60,
               <!-- vmesh lib    --> cylon_merit.lod0-112.vms,
               <!-- start vert   --> 5334,
               <!-- num verts    --> 16362,
               <!-- start index  --> 16188,
               <!-- num indices  --> 16362,
               <!-- start mesh   --> 1,
               <!-- num meshes   --> 1,
               <!-- bounding box -->  92.227592,      70.238106,   165.04198,
                                     -92.223839,     -74.922615,  -154.04439,
               <!-- center       -->   0.0018768311,  -2.3422546,    5.4987946,
               <!-- radius       --> 254.20889
            </VMeshRef>
         </VMeshPart>
         <Hardpoints>
            <Fixed>
               <HpTractor_Source>
                  <Orientation type="Matrix">
                       1.0000000000,   0.0000000000,   0.0000000000,
                       0.0000000000,   1.0000000000,   0.0000000000,
                       0.0000000000,   0.0000000000,   1.0000000000
                  </Orientation>
                  <Position type="Vector">0, -3.654351, -154.03592</Position>
               </HpTractor_Source>
               <HpEngine01>
                  <Orientation type="Matrix">
                       1.0000000000,   0.0000000000,   0.0000000000,
                       0.0000000000,   1.0000000000,   0.0000000000,
                       0.0000000000,   0.0000000000,   1.0000000000
                  </Orientation>
                  <Position type="Vector">0, 3.789046, 146.76775</Position>
               </HpEngine01>
               <HpEngine02>
                  <Orientation type="Matrix">
                       1.0000000000,   0.0000000000,   0.0000000000,
                       0.0000000000,   1.0000000000,   0.0000000000,
                       0.0000000000,   0.0000000000,   1.0000000000
                  </Orientation>
                  <Position type="Vector">-7.8734798, 3.660866, 146.75511</Position>
               </HpEngine02>
               <HpEngine03>
                  <Orientation type="Matrix">
                       1.0000000000,   0.0000000000,   0.0000000000,
                       0.0000000000,   1.0000000000,   0.0000000000,
                       0.0000000000,   0.0000000000,   1.0000000000
                  </Orientation>
                  <Position type="Vector">7.87, 3.672996, 146.76038</Position>
               </HpEngine03>
               <HpEngine04>
                  <Orientation type="Matrix">
                       1.0000000000,   0.0000000000,   0.0000000000,
                       0.0000000000,   1.0000000000,   0.0000000000,
                       0.0000000000,   0.0000000000,   1.0000000000
                  </Orientation>
                  <Position type="Vector">-35.355972, -20.718782, 127.1755</Position>
               </HpEngine04>
               <HpEngine05>
                  <Orientation type="Matrix">
                       1.0000000000,   0.0000000000,   0.0000000000,
                       0.0000000000,   1.0000000000,   0.0000000000,
                       0.0000000000,   0.0000000000,   1.0000000000
                  </Orientation>
                  <Position type="Vector">35.271389, -20.708797, 127.17123</Position>
               </HpEngine05>
               <HpEngine06>
                  <Orientation type="Matrix">
                       1.0000000000,   0.0000000000,   0.0000000000,
                       0.0000000000,   1.0000000000,   0.0000000000,
                       0.0000000000,   0.0000000000,   1.0000000000
                  </Orientation>
                  <Position type="Vector">0, -19.8123, 139.14253</Position>
               </HpEngine06>
               <HpRunningLight07>
                  <Orientation type="Matrix">
                       1.0000000000,   0.0000000000,   0.0000000000,
                       0.0000000000,   1.0000000000,   0.0000000000,
                       0.0000000000,   0.0000000000,   1.0000000000
                  </Orientation>
                  <Position type="Vector">-53.383224, 51.331699, 156.23289</Position>
               </HpRunningLight07>
               <HpDocklight07>
                  <Orientation type="Matrix">
                       1.0000000000,   0.0000000000,   0.0000000000,
                       0.0000000000,   1.0000000000,   0.0000000000,
                       0.0000000000,   0.0000000000,   1.0000000000
                  </Orientation>
                  <Position type="Vector">-53.372471, 51.334671, 156.22551</Position>
               </HpDocklight07>
               <HpRunningLight08>
                  <Orientation type="Matrix">
                       1.0000000000,   0.0000000000,   0.0000000000,
                       0.0000000000,   1.0000000000,   0.0000000000,
                       0.0000000000,   0.0000000000,   1.0000000000
                  </Orientation>
                  <Position type="Vector">53.427711, 51.289814, 156.24196</Position>
               </HpRunningLight08>
               <HpDocklight08>
                  <Orientation type="Matrix">
                       1.0000000000,   0.0000000000,   0.0000000000,
                       0.0000000000,   1.0000000000,   0.0000000000,
                       0.0000000000,   0.0000000000,   1.0000000000
                  </Orientation>
                  <Position type="Vector">53.398483, 51.296574, 156.21474</Position>
               </HpDocklight08>
               <HpRunningLight09>
                  <Orientation type="Matrix">
                       1.0000000000,   0.0000000000,   0.0000000000,
                       0.0000000000,   1.0000000000,   0.0000000000,
                       0.0000000000,   0.0000000000,   1.0000000000
                  </Orientation>
                  <Position type="Vector">0.001885, 70.23806, 145.24641</Position>
               </HpRunningLight09>
               <HpDocklight09>
                  <Orientation type="Matrix">
                       1.0000000000,   0.0000000000,   0.0000000000,
                       0.0000000000,   1.0000000000,   0.0000000000,
                       0.0000000000,   0.0000000000,   1.0000000000
                  </Orientation>
                  <Position type="Vector">0.001992, 70.238052, 145.24626</Position>
               </HpDocklight09>
               <HpCM01>
                  <Orientation type="Matrix">
                      -1.0000000000, -71.612547e-09, -50.143644e-09,
                      87.422777e-09,  -0.8191520000,  -0.5735763900,
                       0.0000000000,  -0.5735763900,   0.8191520600
                  </Orientation>
                  <Position type="Vector">-27.288774, -65.719582, 155.56651</Position>
               </HpCM01>
               <HpCM02>
                  <Orientation type="Matrix">
                      -1.0000000000, -71.612547e-09, -50.143644e-09,
                      87.422777e-09,  -0.8191520000,  -0.5735763900,
                       0.0000000000,  -0.5735763900,   0.8191520600
                  </Orientation>
                  <Position type="Vector">27.278929, -65.703537, 155.59029</Position>
               </HpCM02>
               <HpRunningLight10>
                  <Orientation type="Matrix">
                      -1.0000000000, -87.422777e-09,   0.0000000000,
                      87.422777e-09,  -1.0000000000,  -0.0000000000,
                       0.0000000000,   0.0000000000,   1.0000000000
                  </Orientation>
                  <Position type="Vector">-27.281986, -65.723816, 155.57056</Position>
               </HpRunningLight10>
               <HpDocklight10>
                  <Orientation type="Matrix">
                      -1.0000000000, -87.422777e-09,   0.0000000000,
                      87.422777e-09,  -1.0000000000,  -0.0000000000,
                       0.0000000000,   0.0000000000,   1.0000000000
                  </Orientation>
                  <Position type="Vector">-27.28578, -65.714462, 155.57741</Position>
               </HpDocklight10>
               <HpRunningLight11>
                  <Orientation type="Matrix">
                      -1.0000000000, -87.422777e-09,   0.0000000000,
                      87.422777e-09,  -1.0000000000,  -0.0000000000,
                       0.0000000000,   0.0000000000,   1.0000000000
                  </Orientation>
                  <Position type="Vector">27.274906, -65.720451, 155.57658</Position>
               </HpRunningLight11>
               <HpDocklight11>
                  <Orientation type="Matrix">
                      -1.0000000000, -87.422777e-09,   0.0000000000,
                      87.422777e-09,  -1.0000000000,  -0.0000000000,
                       0.0000000000,   0.0000000000,   1.0000000000
                  </Orientation>
                  <Position type="Vector">27.289795, -65.707619, 155.58368</Position>
               </HpDocklight11>
            </Fixed>
            <Revolute>
               <HpTorpedo01>
                  <Axis type="Vector">0, 1, 0</Axis>
                  <Max type="float">0.78539819</Max>
                  <Min type="float">-0.78539819</Min>
                  <Orientation type="Matrix">
                      -1.0000000000, -87.230575e-09,  5.7938481e-09,
                      87.422777e-09,  -0.9978014200,   0.0662738980,
                       0.0000000000,   0.0662738980,   0.9978014800
                  </Orientation>
                  <Position type="Vector">0, -4.6796222, -141.53163</Position>
               </HpTorpedo01>
               <HpTurret08>
                  <Axis type="Vector">0, 1, 0</Axis>
                  <Max type="float">1.5707964</Max>
                  <Min type="float">-1.5707964</Min>
                  <Orientation type="Matrix">
                      -1.0000000000, -87.422777e-09,   0.0000000000,
                      87.422777e-09,  -1.0000000000,  -0.0000000000,
                       0.0000000000,   0.0000000000,   1.0000000000
                  </Orientation>
                  <Position type="Vector">0, -1.846521, -87.050461</Position>
               </HpTurret08>
               <HpTurret11>
                  <Axis type="Vector">0, 1, 0</Axis>
                  <Max type="float">1.5707964</Max>
                  <Min type="float">-1.5707964</Min>
                  <Orientation type="Matrix">
                      -0.1045284900,  -0.9943703400,  -0.0173567980,
                       0.9945218600,  -0.1045125700,  -0.0018242756,
                     -931.32257e-12,  -0.0174524040,   0.9998477100
                  </Orientation>
                  <Position type="Vector">-12.337059, 11.583256, -10.172117</Position>
               </HpTurret11>
               <HpTurret12>
                  <Axis type="Vector">0, 1, 0</Axis>
                  <Max type="float">1.5707964</Max>
                  <Min type="float">-1.5707964</Min>
                  <Orientation type="Matrix">
                      -0.1045284900,   0.9943703400,   0.0173567980,
                      -0.9945218600,  -0.1045125700,  -0.0018242756,
                      931.32257e-12,  -0.0174524040,   0.9998477100
                  </Orientation>
                  <Position type="Vector">12.412406, 11.423828, -10.15497</Position>
               </HpTurret12>
               <HpTurret13>
                  <Axis type="Vector">0, 1, 0</Axis>
                  <Max type="float">1.5707964</Max>
                  <Min type="float">-1.5707964</Min>
                  <Orientation type="Matrix">
                       1.0000000000,   0.0000000000,   0.0000000000,
                       0.0000000000,   0.9961947200,   0.0871557440,
                       0.0000000000,  -0.0871557440,   0.9961947200
                  </Orientation>
                  <Position type="Vector">0, 30.719398, -14.129169</Position>
               </HpTurret13>
            </Revolute>
         </Hardpoints>
      </cylon_merit_p1_lod1.3db>
   </UTF_ROOT>
</UTFXML>
