<?xml version="1.0" encoding="ISO-8859-1"?>
<!-- XML generated by UTFXML Version 2.2 built 19-Aug-2010 -->
<UTFXML filename="coalition_station02.cmp" path="SOLAR\new">
   <UTF_ROOT>
      <VMeshLibrary>
         <ELEMENTsBase001.lod0.vms include="coalition_station02_cmp\lod0.vms.xml"/>
      </VMeshLibrary>
      <Cmpnd>
         <Root>
            <File_name name="File name" type="text">ELEMENTsBase001.3db</File_name>
            <Index type="int">0</Index>
            <Object_name name="Object name" type="text">Root</Object_name>
         </Root>
      </Cmpnd>
      <ELEMENTsBase001.3db>
         <Hardpoints>
            <Fixed>
               <HpDockMountA>
                  <Orientation type="Matrix">
                       1.0000000000,   0.0000000000,   0.0000000000,
                       0.0000000000,   1.0000000000,   0.0000000000,
                       0.0000000000,   0.0000000000,   1.0000000000
                  </Orientation>
                  <Position type="Vector">0, 240, 250</Position>
               </HpDockMountA>
               <HpDockPointA01>
                  <Orientation type="Matrix">
                       1.0000000000,   0.0000000000,   0.0000000000,
                       0.0000000000,   1.0000000000,   0.0000000000,
                       0.0000000000,   0.0000000000,   1.0000000000
                  </Orientation>
                  <Position type="Vector">0, 240, 550</Position>
               </HpDockPointA01>
               <HpDockPointA02>
                  <Orientation type="Matrix">
                       1.0000000000,   0.0000000000,   0.0000000000,
                       0.0000000000,   1.0000000000,   0.0000000000,
                       0.0000000000,   0.0000000000,   1.0000000000
                  </Orientation>
                  <Position type="Vector">0, 240, 650</Position>
               </HpDockPointA02>
               <HpLaunchCamA>
                  <Orientation type="Matrix">
                      -1.0000000000,   0.0000000000,  87.427907e-09,
                       0.0000000000,   1.0000000000,  -0.0000000000,
                     -87.427907e-09,   0.0000000000,  -1.0000000000
                  </Orientation>
                  <Position type="Vector">0, 240, 300</Position>
               </HpLaunchCamA>
               <HpDockCamA>
                  <Orientation type="Matrix">
                      -0.9999998800,  1.7763568e-15,  87.427900e-09,
                      29.902104e-09,   0.9396926200,   0.3420200900,
                     -82.155346e-09,   0.3420200900,  -0.9396925000
                  </Orientation>
                  <Position type="Vector">0, 340, 450</Position>
               </HpDockCamA>
               <HpDockMountB>
                  <Orientation type="Matrix">
                       1.0000000000,   0.0000000000,   0.0000000000,
                       0.0000000000,   1.0000000000,   0.0000000000,
                       0.0000000000,   0.0000000000,   1.0000000000
                  </Orientation>
                  <Position type="Vector">0, -1200, 0</Position>
               </HpDockMountB>
               <HpDockPointB01>
                  <Orientation type="Matrix">
                       1.0000000000,   0.0000000000,   0.0000000000,
                       0.0000000000,   1.0000000000,   0.0000000000,
                       0.0000000000,   0.0000000000,   1.0000000000
                  </Orientation>
                  <Position type="Vector">0, -1200, 300</Position>
               </HpDockPointB01>
               <HpDockPointB02>
                  <Orientation type="Matrix">
                       1.0000000000,   0.0000000000,   0.0000000000,
                       0.0000000000,   1.0000000000,   0.0000000000,
                       0.0000000000,   0.0000000000,   1.0000000000
                  </Orientation>
                  <Position type="Vector">0, -1200, 500</Position>
               </HpDockPointB02>
               <HpEffect01>
                  <Orientation type="Matrix">
                       1.0000000000,   0.0000000000,   0.0000000000,
                       0.0000000000,   1.0000000000,   0.0000000000,
                       0.0000000000,   0.0000000000,   1.0000000000
                  </Orientation>
                  <Position type="Vector">0, 600, 0</Position>
               </HpEffect01>
               <HpEffect02>
                  <Orientation type="Matrix">
                       1.0000000000,   0.0000000000,   0.0000000000,
                       0.0000000000,   1.0000000000,   0.0000000000,
                       0.0000000000,   0.0000000000,   1.0000000000
                  </Orientation>
                  <Position type="Vector">0, 3900, 0</Position>
               </HpEffect02>
            </Fixed>
            <Revolute>
               <HpTurret01>
                  <Axis type="Vector">0, 1, 0</Axis>
                  <Max type="float">3.1415927</Max>
                  <Min type="float">-3.1415927</Min>
                  <Orientation type="Matrix">
                      -1.0000000000,  87.427907e-09,   0.0000000000,
                     -87.427907e-09,  -1.0000000000,   0.0000000000,
                       0.0000000000,  -0.0000000000,   1.0000000000
                  </Orientation>
                  <Position type="Vector">0, -893.25, -6</Position>
               </HpTurret01>
               <HpTurret02>
                  <Axis type="Vector">0, 1, 0</Axis>
                  <Max type="float">3.1415927</Max>
                  <Min type="float">-3.1415927</Min>
                  <Orientation type="Matrix">
                       1.0000000000,   0.0000000000,   0.0000000000,
                       0.0000000000,   1.0000000000,   0.0000000000,
                       0.0000000000,   0.0000000000,   1.0000000000
                  </Orientation>
                  <Position type="Vector">0, 556.90002, -6</Position>
               </HpTurret02>
               <HpTurret03>
                  <Axis type="Vector">0, 1, 0</Axis>
                  <Max type="float">3.1415927</Max>
                  <Min type="float">-3.1415927</Min>
                  <Orientation type="Matrix">
                       1.0000000000,   0.0000000000,   0.0000000000,
                       0.0000000000,   0.6427875800,   0.7660444400,
                       0.0000000000,  -0.7660444400,   0.6427875800
                  </Orientation>
                  <Position type="Vector">-1.452366, 461.45309, -1047.996</Position>
               </HpTurret03>
               <HpTurret04>
                  <Axis type="Vector">0, 1, 0</Axis>
                  <Max type="float">3.1415927</Max>
                  <Min type="float">-3.1415927</Min>
                  <Orientation type="Matrix">
                      -0.5240665700,  -0.6942721600,   0.4932956100,
                      -0.0067315996,   0.5825633400,   0.8127574900,
                      -0.8516507700,   0.4226183000,  -0.3099755600
                  </Orientation>
                  <Position type="Vector">-901.56885, 460.27789, 514.84729</Position>
               </HpTurret04>
               <HpTurret05>
                  <Axis type="Vector">0, 1, 0</Axis>
                  <Max type="float">3.1415927</Max>
                  <Min type="float">-3.1415927</Min>
                  <Orientation type="Matrix">
                      -0.5797693100,   0.6634140000,  -0.4730214200,
                      -0.0400086940,   0.5566703700,   0.8297694300,
                       0.8137977100,   0.5000000000,  -0.2961980100
                  </Orientation>
                  <Position type="Vector">901.53839, 462.05972, 513.76752</Position>
               </HpTurret05>
               <HpTurret06>
                  <Axis type="Vector">0, 1, 0</Axis>
                  <Max type="float">3.1415927</Max>
                  <Min type="float">-3.1415927</Min>
                  <Orientation type="Matrix">
                      -0.4660480600,  -0.7198463100,  -0.5144125200,
                       0.0554146770,  -0.6040226200,   0.7950381600,
                      -0.8830221900,   0.3420200900,   0.3213937900
                  </Orientation>
                  <Position type="Vector">-800.34467, -92.831825, 450.85794</Position>
               </HpTurret06>
               <HpTurret07>
                  <Axis type="Vector">0, 1, 0</Axis>
                  <Max type="float">3.1415927</Max>
                  <Min type="float">-3.1415927</Min>
                  <Orientation type="Matrix">
                      -0.4660480600,   0.7198463100,   0.5144125200,
                      -0.0554146770,  -0.6040226200,   0.7950381600,
                       0.8830221900,   0.3420200900,   0.3213937900
                  </Orientation>
                  <Position type="Vector">804.13031, -90.470428, 449.04575</Position>
               </HpTurret07>
               <HpTurret08>
                  <Axis type="Vector">0, 1, 0</Axis>
                  <Max type="float">3.1415927</Max>
                  <Min type="float">-3.1415927</Min>
                  <Orientation type="Matrix">
                       1.0000000000,   0.0000000000,   0.0000000000,
                       0.0000000000,  -0.5735763300,   0.8191520000,
                       0.0000000000,  -0.8191520000,  -0.5735763300
                  </Orientation>
                  <Position type="Vector">6.2490649, -87.622177, -932.71942</Position>
               </HpTurret08>
            </Revolute>
         </Hardpoints>
         <MultiLevel>
            <Level0>
               <VMeshPart>
                  <VMeshRef type="VMeshRef">
                     <!-- header size  --> 60,
                     <!-- vmesh lib    --> ELEMENTsBase001.lod0.vms,
                     <!-- start vert   --> 0,
                     <!-- num verts    --> 806,
                     <!-- start index  --> 0,
                     <!-- num indices  --> 1746,
                     <!-- start mesh   --> 0,
                     <!-- num meshes   --> 1,
                     <!-- bounding box -->  1006.2655,      654.4256,    739.15857,
                                           -1005.35,       -893.33453, -1100.0417,
                     <!-- center       -->     0.45776367, -119.45447,  -180.44159,
                     <!-- radius       --> 2172.5232
                  </VMeshRef>
               </VMeshPart>
            </Level0>
         </MultiLevel>
      </ELEMENTsBase001.3db>
   </UTF_ROOT>
</UTFXML>
