<?xml version="1.0" encoding="ISO-8859-1"?>
<!-- XML generated by UTFXML Version 2.2 built 19-Aug-2010 -->
<UTFXML filename="coalition_wp01.cmp" path="SOLAR\new">
   <UTF_ROOT>
      <VMeshLibrary>
         <__fupgrad1.lod0.vms name="0_fupgrad1.lod0.vms" include="coalition_wp01_cmp\lod0.vms.xml"/>
      </VMeshLibrary>
      <Cmpnd>
         <Root>
            <File_name name="File name" type="text">0_fupgrad1.3db</File_name>
            <Index type="int">0</Index>
            <Object_name name="Object name" type="text">Root</Object_name>
         </Root>
      </Cmpnd>
      <__fupgrad1.3db name="0_fupgrad1.3db">
         <Hardpoints>
            <Revolute>
               <HpTurret01>
                  <Axis type="Vector">0, 1, 0</Axis>
                  <Max type="float">3.1415927</Max>
                  <Min type="float">-3.1415927</Min>
                  <Orientation type="Matrix">
                       1.0000000000,   0.0000000000,   0.0000000000,
                       0.0000000000,   1.0000000000,   0.0000000000,
                       0.0000000000,   0.0000000000,   1.0000000000
                  </Orientation>
                  <Position type="Vector">0, 51.306118, 9.2948027</Position>
               </HpTurret01>
               <HpTurret02>
                  <Axis type="Vector">0, 1, 0</Axis>
                  <Max type="float">1.5707964</Max>
                  <Min type="float">-1.5707964</Min>
                  <Orientation type="Matrix">
                       0.8191520600,   0.0000000000,   0.5735763900,
                      -0.0000000000,   1.0000000000,   0.0000000000,
                      -0.5735763900,  -0.0000000000,   0.8191520600
                  </Orientation>
                  <Position type="Vector">-43.282124, 36.275978, -50.226418</Position>
               </HpTurret02>
               <HpTurret03>
                  <Axis type="Vector">0, 1, 0</Axis>
                  <Max type="float">1.5707964</Max>
                  <Min type="float">-1.5707964</Min>
                  <Orientation type="Matrix">
                      -0.3420201500,   0.0000000000,   0.9396926800,
                      -0.0000000000,   1.0000000000,   0.0000000000,
                      -0.9396926800,  -0.0000000000,  -0.3420201500
                  </Orientation>
                  <Position type="Vector">-70.137932, 36.275963, 32.249866</Position>
               </HpTurret03>
               <HpTurret04>
                  <Axis type="Vector">0, 1, 0</Axis>
                  <Max type="float">1.5707964</Max>
                  <Min type="float">-1.5707964</Min>
                  <Orientation type="Matrix">
                      -1.0000000000,   0.0000000000,  87.422777e-09,
                       0.0000000000,   1.0000000000,  -0.0000000000,
                     -87.422777e-09,   0.0000000000,  -1.0000000000
                  </Orientation>
                  <Position type="Vector">0.015048, 36.275955, 83.566055</Position>
               </HpTurret04>
               <HpTurret05>
                  <Axis type="Vector">0, 1, 0</Axis>
                  <Max type="float">1.5707964</Max>
                  <Min type="float">-1.5707964</Min>
                  <Orientation type="Matrix">
                      -0.3420201500,   0.0000000000,  -0.9396926800,
                       0.0000000000,   1.0000000000,   0.0000000000,
                       0.9396926800,   0.0000000000,  -0.3420201500
                  </Orientation>
                  <Position type="Vector">70.27021, 36.275959, 32.146309</Position>
               </HpTurret05>
               <HpTurret06>
                  <Axis type="Vector">0, 1, 0</Axis>
                  <Max type="float">1.5707964</Max>
                  <Min type="float">-1.5707964</Min>
                  <Orientation type="Matrix">
                       0.8191520600,   0.0000000000,  -0.5735763900,
                       0.0000000000,   1.0000000000,   0.0000000000,
                       0.5735763900,   0.0000000000,   0.8191520600
                  </Orientation>
                  <Position type="Vector">43.246243, 36.275978, -50.239365</Position>
               </HpTurret06>
               <HpTurret07>
                  <Axis type="Vector">0, 1, 0</Axis>
                  <Max type="float">1.5707964</Max>
                  <Min type="float">-1.5707964</Min>
                  <Orientation type="Matrix">
                      -0.8191520000, -87.422777e-09,   0.5735763900,
                      71.612547e-09,  -1.0000000000, -50.143644e-09,
                       0.5735763900,   0.0000000000,   0.8191520600
                  </Orientation>
                  <Position type="Vector">-42.870739, 24.756304, -49.473099</Position>
               </HpTurret07>
               <HpTurret08>
                  <Axis type="Vector">0, 1, 0</Axis>
                  <Max type="float">1.5707964</Max>
                  <Min type="float">-1.5707964</Min>
                  <Orientation type="Matrix">
                       0.3420200900, -87.422784e-09,   0.9396926800,
                     -29.900349e-09,  -1.0000000000, -82.150542e-09,
                       0.9396926800,   0.0000000000,  -0.3420201500
                  </Orientation>
                  <Position type="Vector">-69.75518, 24.756289, 32.198055</Position>
               </HpTurret08>
               <HpTurret09>
                  <Axis type="Vector">0, 1, 0</Axis>
                  <Max type="float">0.78539819</Max>
                  <Min type="float">-0.78539819</Min>
                  <Orientation type="Matrix">
                       1.0000000000, -87.422777e-09, -87.422777e-09,
                     -87.422777e-09,  -1.0000000000,  7.6427419e-15,
                     -87.422777e-09,   0.0000000000,  -1.0000000000
                  </Orientation>
                  <Position type="Vector">0.28351599, 24.756279, 82.746658</Position>
               </HpTurret09>
               <HpTurret10>
                  <Axis type="Vector">0, 1, 0</Axis>
                  <Max type="float">1.5707964</Max>
                  <Min type="float">-1.5707964</Min>
                  <Orientation type="Matrix">
                       0.3420200900, -87.422784e-09,  -0.9396926800,
                     -29.900349e-09,  -1.0000000000,  82.150542e-09,
                      -0.9396926800,   0.0000000000,  -0.3420201500
                  </Orientation>
                  <Position type="Vector">70.210976, 24.756283, 32.131073</Position>
               </HpTurret10>
               <HpTurret11>
                  <Axis type="Vector">0, 1, 0</Axis>
                  <Max type="float">1.5707964</Max>
                  <Min type="float">-1.5707964</Min>
                  <Orientation type="Matrix">
                      -0.7660443800, -87.422777e-09,  -0.6427875800,
                      66.969733e-09,  -0.9999998800,  56.194274e-09,
                      -0.6427875800,   0.0000000000,   0.7660445000
                  </Orientation>
                  <Position type="Vector">43.198681, 24.756302, -50.147652</Position>
               </HpTurret11>
               <HpTurret12>
                  <Axis type="Vector">0, 1, 0</Axis>
                  <Max type="float">3.1415927</Max>
                  <Min type="float">-3.1415927</Min>
                  <Orientation type="Matrix">
                      -1.0000000000, -87.422777e-09,   0.0000000000,
                      87.422777e-09,  -1.0000000000,  -0.0000000000,
                       0.0000000000,   0.0000000000,   1.0000000000
                  </Orientation>
                  <Position type="Vector">0, -85.313835, 9.7274866</Position>
               </HpTurret12>
            </Revolute>
         </Hardpoints>
         <MultiLevel>
            <Level0>
               <VMeshPart>
                  <VMeshRef type="VMeshRef">
                     <!-- header size  --> 60,
                     <!-- vmesh lib    --> 0_fupgrad1.lod0.vms,
                     <!-- start vert   --> 0,
                     <!-- num verts    --> 1116,
                     <!-- start index  --> 0,
                     <!-- num indices  --> 2070,
                     <!-- start mesh   --> 0,
                     <!-- num meshes   --> 2,
                     <!-- bounding box -->  85.601234,  51.306126,  98.444435,
                                           -85.601234, -85.313835, -72.213303,
                     <!-- center       -->   0,        -17.003855,  13.115566,
                     <!-- radius       --> 138.83386
                  </VMeshRef>
               </VMeshPart>
            </Level0>
         </MultiLevel>
      </__fupgrad1.3db>
      <Material_library name="Material library">
         <__fupgrad1 name="0_fupgrad1">
            <Dt_flags type="int">0x40</Dt_flags>
            <Dt_name type="text">0_fupgrad1.tga</Dt_name>
            <Type type="text">DcDt</Type>
         </__fupgrad1>
         <__fupgrade name="1_fupgrade">
            <Dt_flags type="int">0x40</Dt_flags>
            <Dt_name type="text">1_fupgrade.tga</Dt_name>
            <Type type="text">DcDtEt</Type>
            <Et_name type="text">1_fupgrade.tga</Et_name>
         </__fupgrade>
         <Material_count name="Material count" type="int">2</Material_count>
      </Material_library>
      <Texture_library name="Texture library">
         <__fupgrad1.tga name="0_fupgrad1.tga">
            <MIPS type="file" filename="coalition_wp01_cmp\0_fupgrad1.dds"/>
         </__fupgrad1.tga>
         <__fupgrade.tga name="1_fupgrade.tga">
            <MIPS type="file" filename="coalition_wp01_cmp\1_fupgrade.dds"/>
         </__fupgrade.tga>
      </Texture_library>
   </UTF_ROOT>
</UTFXML>
