<?xml version="1.0" encoding="ISO-8859-1"?>
<!-- XML generated by UTFXML Version 2.2 built 19-Aug-2010 -->
<UTFXML filename="conquistadors_base02.cmp" path="SOLAR\new">
   <UTF_ROOT>
      <VMeshLibrary>
         <TempResearch01.lod0.vms include="conquistadors_base02_cmp\lod0.vms.xml"/>
      </VMeshLibrary>
      <Cmpnd>
         <Root>
            <File_name name="File name" type="text">TempResearch01.3db</File_name>
            <Index type="int">0</Index>
            <Object_name name="Object name" type="text">Root</Object_name>
         </Root>
      </Cmpnd>
      <TempResearch01.3db>
         <Hardpoints>
            <Fixed>
               <HpDockMountA>
                  <Orientation type="Matrix">
                       0.5000000000,   0.0000000000,  -0.8660253900,
                       0.0000000000,   1.0000000000,   0.0000000000,
                       0.8660253900,   0.0000000000,   0.5000000000
                  </Orientation>
                  <Position type="Vector">-196.33334, 0, 141.73334</Position>
               </HpDockMountA>
               <HpDockPointA01>
                  <Orientation type="Matrix">
                       0.5000000000,   0.0000000000,  -0.8660253900,
                       0.0000000000,   1.0000000000,   0.0000000000,
                       0.8660253900,   0.0000000000,   0.5000000000
                  </Orientation>
                  <Position type="Vector">-260.33334, 0, 179.73334</Position>
               </HpDockPointA01>
               <HpDockPointA02>
                  <Orientation type="Matrix">
                       0.5000000000,   0.0000000000,  -0.8660253900,
                       0.0000000000,   1.0000000000,   0.0000000000,
                       0.8660253900,   0.0000000000,   0.5000000000
                  </Orientation>
                  <Position type="Vector">-300, 0, 200</Position>
               </HpDockPointA02>
               <HpDockCamA>
                  <Orientation type="Matrix">
                       1.0000000000,   0.0000000000,   0.0000000000,
                       0.0000000000,   1.0000000000,   0.0000000000,
                       0.0000000000,   0.0000000000,   1.0000000000
                  </Orientation>
                  <Position type="Vector">299.66669, 200, 499.73334</Position>
               </HpDockCamA>
               <HpLaunchCamA>
                  <Orientation type="Matrix">
                       0.5000000000,   0.0000000000,  -0.8660253900,
                       0.0000000000,   1.0000000000,   0.0000000000,
                       0.8660253900,   0.0000000000,   0.5000000000
                  </Orientation>
                  <Position type="Vector">-300, 0, 200</Position>
               </HpLaunchCamA>
               <HpDockMountB>
                  <Orientation type="Matrix">
                       0.5000000000,   0.0000000000,   0.8660253900,
                      -0.0000000000,   1.0000000000,   0.0000000000,
                      -0.8660253900,  -0.0000000000,   0.5000000000
                  </Orientation>
                  <Position type="Vector">300, 52.439636, 205</Position>
               </HpDockMountB>
               <HpDockPointB01>
                  <Orientation type="Matrix">
                       0.5000000000,   0.0000000000,   0.8660253900,
                      -0.0000000000,   1.0000000000,   0.0000000000,
                      -0.8660253900,  -0.0000000000,   0.5000000000
                  </Orientation>
                  <Position type="Vector">350, 52.439636, 230</Position>
               </HpDockPointB01>
               <HpDockPointB02>
                  <Orientation type="Matrix">
                       0.5000000000,   0.0000000000,   0.8660253900,
                      -0.0000000000,   1.0000000000,   0.0000000000,
                      -0.8660253900,  -0.0000000000,   0.5000000000
                  </Orientation>
                  <Position type="Vector">380, 52.439636, 245</Position>
               </HpDockPointB02>
               <HpLaunchCamB>
                  <Orientation type="Matrix">
                     -119.20929e-09,   0.0000000000,   0.9999996400,
                      -0.0000000000,   1.0000000000,   0.0000000000,
                      -0.9999996400,  -0.0000000000, -119.20929e-09
                  </Orientation>
                  <Position type="Vector">600, 52.51062, 165.98679</Position>
               </HpLaunchCamB>
            </Fixed>
            <Revolute>
               <HpTurret01>
                  <Axis type="Vector">0, 1, 0</Axis>
                  <Max type="float">1.5707964</Max>
                  <Min type="float">-1.5707964</Min>
                  <Orientation type="Matrix">
                       0.5000000000,   0.0000000000,   0.8660253900,
                      -0.0000000000,   1.0000000000,   0.0000000000,
                      -0.8660253900,  -0.0000000000,   0.5000000000
                  </Orientation>
                  <Position type="Vector">-92.312256, 84.709671, -24.013332</Position>
               </HpTurret01>
               <HpTurret02>
                  <Axis type="Vector">0, 1, 0</Axis>
                  <Max type="float">1.5707964</Max>
                  <Min type="float">-1.5707964</Min>
                  <Orientation type="Matrix">
                      -0.5000000000, -87.427907e-09,   0.8660253900,
                      43.713953e-09,  -1.0000000000, -75.714787e-09,
                       0.8660253900,   0.0000000000,   0.5000000000
                  </Orientation>
                  <Position type="Vector">-116.28717, 46.92009, -37.357754</Position>
               </HpTurret02>
               <HpTurret03>
                  <Axis type="Vector">0, 1, 0</Axis>
                  <Max type="float">1.5707964</Max>
                  <Min type="float">-1.5707964</Min>
                  <Orientation type="Matrix">
                       0.5000000000,   0.0000000000,  -0.8660253900,
                       0.0000000000,   1.0000000000,   0.0000000000,
                       0.8660253900,   0.0000000000,   0.5000000000
                  </Orientation>
                  <Position type="Vector">85.436096, 84.709663, -21.567936</Position>
               </HpTurret03>
               <HpTurret04>
                  <Axis type="Vector">0, 1, 0</Axis>
                  <Max type="float">1.5707964</Max>
                  <Min type="float">-1.5707964</Min>
                  <Orientation type="Matrix">
                      -0.5000000000, -87.427907e-09,  -0.8660253900,
                      43.713953e-09,  -1.0000000000,  75.714787e-09,
                      -0.8660253900,   0.0000000000,   0.5000000000
                  </Orientation>
                  <Position type="Vector">110.76663, 46.920078, -35.926109</Position>
               </HpTurret04>
               <HpTurret05>
                  <Axis type="Vector">0, 1, 0</Axis>
                  <Max type="float">1.5707964</Max>
                  <Min type="float">-1.5707964</Min>
                  <Orientation type="Matrix">
                      -1.0000000000,   0.0000000000,  87.427907e-09,
                       0.0000000000,   1.0000000000,  -0.0000000000,
                     -87.427907e-09,   0.0000000000,  -1.0000000000
                  </Orientation>
                  <Position type="Vector">-1.938852, 84.709648, 129.17203</Position>
               </HpTurret05>
               <HpTurret06>
                  <Axis type="Vector">0, 1, 0</Axis>
                  <Max type="float">1.5707964</Max>
                  <Min type="float">-1.5707964</Min>
                  <Orientation type="Matrix">
                       1.0000000000, -87.427907e-09, -87.427907e-09,
                     -87.427907e-09,  -1.0000000000,  7.6436389e-15,
                     -87.427907e-09,   0.0000000000,  -1.0000000000
                  </Orientation>
                  <Position type="Vector">-1.738731, 46.920063, 156.54692</Position>
               </HpTurret06>
            </Revolute>
         </Hardpoints>
         <MultiLevel>
            <Level0>
               <VMeshPart>
                  <VMeshRef type="VMeshRef">
                     <!-- header size  --> 60,
                     <!-- vmesh lib    --> TempResearch01.lod0.vms,
                     <!-- start vert   --> 0,
                     <!-- num verts    --> 2046,
                     <!-- start index  --> 0,
                     <!-- num indices  --> 3312,
                     <!-- start mesh   --> 0,
                     <!-- num meshes   --> 2,
                     <!-- bounding box -->  290.74078,   212.39293,   225.12189,
                                           -237.1801,   -161.78247,  -224.85924,
                     <!-- center       -->   26.780342,   25.305229,    0.13132477,
                     <!-- radius       --> 530.80249
                  </VMeshRef>
               </VMeshPart>
            </Level0>
         </MultiLevel>
      </TempResearch01.3db>
      <Material_library name="Material library">
         <TempResearch01>
            <Dt_flags type="int">0x40</Dt_flags>
            <Dt_name type="text">TempResearch01.tga</Dt_name>
            <Type type="text">DcDt</Type>
         </TempResearch01>
         <TempResearch02>
            <Dt_flags type="int">0x40</Dt_flags>
            <Dt_name type="text">TempResearch02.tga</Dt_name>
            <Type type="text">DcDt</Type>
         </TempResearch02>
         <Material_count name="Material count" type="int">2</Material_count>
      </Material_library>
      <Texture_library name="Texture library">
         <TempResearch01.tga>
            <MIPS type="file" filename="conquistadors_base02_cmp\TempResearch01.dds"/>
         </TempResearch01.tga>
         <TempResearch02.tga>
            <MIPS type="file" filename="conquistadors_base02_cmp\TempResearch02.dds"/>
         </TempResearch02.tga>
      </Texture_library>
   </UTF_ROOT>
</UTFXML>
