<?xml version="1.0" encoding="ISO-8859-1"?>
<!-- XML generated by UTFXML Version 2.2 built 19-Aug-2010 -->
<UTFXML filename="conquistadors_base01.cmp" path="SOLAR\new">
   <UTF_ROOT>
      <VMeshLibrary>
         <KlingonBase01.lod0.vms include="conquistadors_base01_cmp\lod0.vms.xml"/>
      </VMeshLibrary>
      <Cmpnd>
         <Root>
            <File_name name="File name" type="text">KlingonBase01.3db</File_name>
            <Index type="int">0</Index>
            <Object_name name="Object name" type="text">Root</Object_name>
         </Root>
      </Cmpnd>
      <KlingonBase01.3db>
         <Hardpoints>
            <Fixed>
               <HpDockMountA>
                  <Orientation type="Matrix">
                       1.0000000000,   0.0000000000,   0.0000000000,
                       0.0000000000,   1.0000000000,   0.0000000000,
                       0.0000000000,   0.0000000000,   1.0000000000
                  </Orientation>
                  <Position type="Vector">0, 20, 300</Position>
               </HpDockMountA>
               <HpLaunchCamA>
                  <Orientation type="Matrix">
                      -0.9998476500,  -0.0174498860, -304.59135e-06,
                      -0.0174525450,   0.9996954200,   0.0174498860,
                       0.0000000000,   0.0174525450,  -0.9998476500
                  </Orientation>
                  <Position type="Vector">0, 0, 500</Position>
               </HpLaunchCamA>
               <HpDockPointA01>
                  <Orientation type="Matrix">
                       1.0000000000,   0.0000000000,   0.0000000000,
                       0.0000000000,   1.0000000000,   0.0000000000,
                       0.0000000000,   0.0000000000,   1.0000000000
                  </Orientation>
                  <Position type="Vector">0, 20, 800</Position>
               </HpDockPointA01>
               <HpDockPointA02>
                  <Orientation type="Matrix">
                       1.0000000000,   0.0000000000,   0.0000000000,
                       0.0000000000,   1.0000000000,   0.0000000000,
                       0.0000000000,   0.0000000000,   1.0000000000
                  </Orientation>
                  <Position type="Vector">0, 20, 900</Position>
               </HpDockPointA02>
               <HpDockMountB>
                  <Orientation type="Matrix">
                       1.0000000000,   0.0000000000,   0.0000000000,
                       0.0000000000,   1.0000000000,   0.0000000000,
                       0.0000000000,   0.0000000000,   1.0000000000
                  </Orientation>
                  <Position type="Vector">-1.77066, 800, 0.68598902</Position>
               </HpDockMountB>
               <HpDockPointB01>
                  <Orientation type="Matrix">
                       1.0000000000,   0.0000000000,   0.0000000000,
                       0.0000000000,   1.0000000000,   0.0000000000,
                       0.0000000000,   0.0000000000,   1.0000000000
                  </Orientation>
                  <Position type="Vector">-1.77066, 800, 200.68599</Position>
               </HpDockPointB01>
               <HpDockPointB02>
                  <Orientation type="Matrix">
                       1.0000000000,   0.0000000000,   0.0000000000,
                       0.0000000000,   1.0000000000,   0.0000000000,
                       0.0000000000,   0.0000000000,   1.0000000000
                  </Orientation>
                  <Position type="Vector">-1.77066, 800, 300.68597</Position>
               </HpDockPointB02>
            </Fixed>
            <Revolute>
               <HpTurret01>
                  <Axis type="Vector">0, 1, 0</Axis>
                  <Max type="float">3.1415927</Max>
                  <Min type="float">-3.1415927</Min>
                  <Orientation type="Matrix">
                     -119.20929e-09,   0.8660249700,  -0.4999997600,
                      -0.9999995200,   0.0000000000,  268.22090e-09,
                     -14.901161e-09,   0.4999997900,   0.8660254500
                  </Orientation>
                  <Position type="Vector">1025.5, 44.1, 589.5</Position>
               </HpTurret01>
               <HpTurret02>
                  <Axis type="Vector">0, 1, 0</Axis>
                  <Max type="float">3.1415927</Max>
                  <Min type="float">-3.1415927</Min>
                  <Orientation type="Matrix">
                     -119.20929e-09,  -0.8660249700,   0.4999997600,
                       0.9999995200,   0.0000000000,  268.22090e-09,
                      14.901161e-09,   0.4999997900,   0.8660254500
                  </Orientation>
                  <Position type="Vector">-1023.8, 44.1, 598</Position>
               </HpTurret02>
               <HpTurret03>
                  <Axis type="Vector">0, 1, 0</Axis>
                  <Max type="float">3.1415927</Max>
                  <Min type="float">-3.1415927</Min>
                  <Orientation type="Matrix">
                      238.41858e-09,  29.802322e-09,  -0.9999992800,
                       0.9999992800,  238.41858e-09, -506.63948e-09,
                     -506.63948e-09,  -0.9999992800,  715.25574e-09
                  </Orientation>
                  <Position type="Vector">-6.5, 44.1, -1181</Position>
               </HpTurret03>
               <HpTurret04>
                  <Axis type="Vector">0, 1, 0</Axis>
                  <Max type="float">3.1415927</Max>
                  <Min type="float">-3.1415927</Min>
                  <Orientation type="Matrix">
                       1.0000000000,   0.0000000000,   0.0000000000,
                       0.0000000000,   0.2588190100,  -0.9659259900,
                       0.0000000000,   0.9659259900,   0.2588190100
                  </Orientation>
                  <Position type="Vector">-2.7, 558, 220.20001</Position>
               </HpTurret04>
               <HpTurret05>
                  <Axis type="Vector">0, 1, 0</Axis>
                  <Max type="float">3.1415927</Max>
                  <Min type="float">-3.1415927</Min>
                  <Orientation type="Matrix">
                      -0.5218309800,   0.8259429900,   0.2133320000,
                       0.0175423990,   0.2604190100,  -0.9653360200,
                      -0.8528680200,  -0.5000000000,  -0.1503839900
                  </Orientation>
                  <Position type="Vector">188.54999, 558, -112.05</Position>
               </HpTurret05>
               <HpTurret06>
                  <Axis type="Vector">0, 1, 0</Axis>
                  <Max type="float">3.1415927</Max>
                  <Min type="float">-3.1415927</Min>
                  <Orientation type="Matrix">
                      -0.4852789900,  -0.8443670300,  -0.2270430000,
                       0.0028322900,   0.2581490000,  -0.9661009900,
                       0.8743550200,  -0.4694719900,  -0.1228830000
                  </Orientation>
                  <Position type="Vector">-190.79999, 558, -105.3</Position>
               </HpTurret06>
            </Revolute>
         </Hardpoints>
         <MultiLevel>
            <Level0>
               <VMeshPart>
                  <VMeshRef type="VMeshRef">
                     <!-- header size  --> 60,
                     <!-- vmesh lib    --> KlingonBase01.lod0.vms,
                     <!-- start vert   --> 0,
                     <!-- num verts    --> 1014,
                     <!-- start index  --> 0,
                     <!-- num indices  --> 2226,
                     <!-- start mesh   --> 0,
                     <!-- num meshes   --> 1,
                     <!-- bounding box -->  1056.0527,      675.52063,   644.11377,
                                           -1054.0432,    -1084.8802,  -1211.1387,
                     <!-- center       -->     1.0047607,  -204.67981,  -283.51245,
                     <!-- radius       --> 2423.54
                  </VMeshRef>
               </VMeshPart>
            </Level0>
         </MultiLevel>
      </KlingonBase01.3db>
   </UTF_ROOT>
</UTFXML>
