<?xml version="1.0" encoding="ISO-8859-1"?>
<!-- XML generated by UTFXML Version 2.2 built 19-Aug-2010 -->
<UTFXML filename="DS9.cmp" path="SOLAR\new">
   <UTF_ROOT>
      <VMeshLibrary>
         <DS9_11.lod0.vms include="DS9_cmp\lod0.vms.xml"/>
         <ds9basewire.lod0.vms include="DS9_cmp\lod0.vms.xml"/>
      </VMeshLibrary>
      <Cmpnd>
         <Root>
            <File_name name="File name" type="text">DS9_11.3db</File_name>
            <Index type="int">0</Index>
            <Object_name name="Object name" type="text">Root</Object_name>
         </Root>
      </Cmpnd>
      <DS9_11.3db>
         <Hardpoints>
            <Fixed>
               <HpDockMountA>
                  <Orientation type="Matrix">
                      59.604645e-09,   0.0000000000,  -0.9999998800,
                       0.0000000000,   1.0000000000,   0.0000000000,
                       0.9999998800,   0.0000000000,  59.604645e-09
                  </Orientation>
                  <Position type="Vector">-10.197475, -36.180836, -1600</Position>
               </HpDockMountA>
               <HpDockMountB>
                  <Orientation type="Matrix">
                       0.5000000000,   0.0000000000,  -0.8660253900,
                       0.0000000000,   1.0000000000,   0.0000000000,
                       0.8660253900,   0.0000000000,   0.5000000000
                  </Orientation>
                  <Position type="Vector">-1380.9232, -36.888451, 789.09906</Position>
               </HpDockMountB>
               <HpDockMountC>
                  <Orientation type="Matrix">
                       0.5000000000,   0.0000000000,   0.8660253900,
                      -0.0000000000,   1.0000000000,   0.0000000000,
                      -0.8660253900,  -0.0000000000,   0.5000000000
                  </Orientation>
                  <Position type="Vector">1380.9232, -37.540447, 789.09906</Position>
               </HpDockMountC>
               <HpDockPointA01>
                  <Orientation type="Matrix">
                      59.604645e-09,   0.0000000000,  -0.9999998800,
                       0.0000000000,   1.0000000000,   0.0000000000,
                       0.9999998800,   0.0000000000,  59.604645e-09
                  </Orientation>
                  <Position type="Vector">-10.197474, -36.180794, -1700</Position>
               </HpDockPointA01>
               <HpDockPointA02>
                  <Orientation type="Matrix">
                      59.604645e-09,   0.0000000000,  -0.9999998800,
                       0.0000000000,   1.0000000000,   0.0000000000,
                       0.9999998800,   0.0000000000,  59.604645e-09
                  </Orientation>
                  <Position type="Vector">-10.197474, -36.180794, -1800</Position>
               </HpDockPointA02>
               <HpDockPointB01>
                  <Orientation type="Matrix">
                       0.5000000000,   0.0000000000,  -0.8660253900,
                       0.0000000000,   1.0000000000,   0.0000000000,
                       0.8660253900,   0.0000000000,   0.5000000000
                  </Orientation>
                  <Position type="Vector">-1550.8743, -36.888546, 880.88397</Position>
               </HpDockPointB01>
               <HpDockPointB02>
                  <Orientation type="Matrix">
                       0.5000000000,   0.0000000000,  -0.8660253900,
                       0.0000000000,   1.0000000000,   0.0000000000,
                       0.8660253900,   0.0000000000,   0.5000000000
                  </Orientation>
                  <Position type="Vector">-1654.8376, -36.888546, 912.27893</Position>
               </HpDockPointB02>
               <HpDockPointC01>
                  <Orientation type="Matrix">
                       0.5000000000,   0.0000000000,   0.8660253900,
                      -0.0000000000,   1.0000000000,   0.0000000000,
                      -0.8660253900,  -0.0000000000,   0.5000000000
                  </Orientation>
                  <Position type="Vector">1459.6462, -37.540459, 821.05096</Position>
               </HpDockPointC01>
               <HpDockPointC02>
                  <Orientation type="Matrix">
                       0.5000000000,   0.0000000000,   0.8660253900,
                      -0.0000000000,   1.0000000000,   0.0000000000,
                      -0.8660253900,  -0.0000000000,   0.5000000000
                  </Orientation>
                  <Position type="Vector">1569.1198, -37.540459, 912.27893</Position>
               </HpDockPointC02>
               <HpDockMountD>
                  <Orientation type="Matrix">
                       1.0000000000,   0.0000000000,   0.0000000000,
                       0.0000000000,   1.0000000000,   0.0000000000,
                       0.0000000000,   0.0000000000,   1.0000000000
                  </Orientation>
                  <Position type="Vector">-5.1926661, 1282.286, -0.9073357</Position>
               </HpDockMountD>
               <HpDockPointD01>
                  <Orientation type="Matrix">
                       1.0000000000,   0.0000000000,   0.0000000000,
                       0.0000000000,   1.0000000000,   0.0000000000,
                       0.0000000000,   0.0000000000,   1.0000000000
                  </Orientation>
                  <Position type="Vector">-5.1926742, 1282.2866, 273.68365</Position>
               </HpDockPointD01>
               <HpDockPointD02>
                  <Orientation type="Matrix">
                       1.0000000000,   0.0000000000,   0.0000000000,
                       0.0000000000,   1.0000000000,   0.0000000000,
                       0.0000000000,   0.0000000000,   1.0000000000
                  </Orientation>
                  <Position type="Vector">-5.1926742, 1282.2866, 456.13947</Position>
               </HpDockPointD02>
               <HpDockCamA>
                  <Orientation type="Matrix">
                      -1.0000000000,   0.0000000000,  87.427907e-09,
                       0.0000000000,   1.0000000000,  -0.0000000000,
                     -87.427907e-09,   0.0000000000,  -1.0000000000
                  </Orientation>
                  <Position type="Vector">-10.197475, -36.180672, -2071.3848</Position>
               </HpDockCamA>
               <HpDockCamB>
                  <Orientation type="Matrix">
                       0.5000000000,   0.0000000000,  -0.8660253900,
                       0.0000000000,   1.0000000000,   0.0000000000,
                       0.8660253900,   0.0000000000,   0.5000000000
                  </Orientation>
                  <Position type="Vector">-2367.2971, -36.888451, 1282.286</Position>
               </HpDockCamB>
               <HpDockCamC>
                  <Orientation type="Matrix">
                       0.5000000000,   0.0000000000,   0.8660253900,
                      -0.0000000000,   1.0000000000,   0.0000000000,
                      -0.8660253900,  -0.0000000000,   0.5000000000
                  </Orientation>
                  <Position type="Vector">2367.2971, -37.540447, 1380.9232</Position>
               </HpDockCamC>
               <HpDockCamD>
                  <Orientation type="Matrix">
                       1.0000000000,   0.0000000000,   0.0000000000,
                       0.0000000000,   1.0000000000,   0.0000000000,
                       0.0000000000,   0.0000000000,   1.0000000000
                  </Orientation>
                  <Position type="Vector">-5.1926661, 1282.286, 493.1868</Position>
               </HpDockCamD>
               <HpLaunchCamA>
                  <Orientation type="Matrix">
                      -1.0000000000,  87.422777e-09, -7.6427419e-15,
                      87.422777e-09,   1.0000000000, -87.422777e-09,
                       0.0000000000, -87.422777e-09,  -1.0000000000
                  </Orientation>
                  <Position type="Vector">-200.19748, 336.18066, -2071.3848</Position>
               </HpLaunchCamA>
               <HpLaunchCamB>
                  <Orientation type="Matrix">
                       0.5000000000,   0.0000000000,  -0.8660253900,
                       0.0000000000,   1.0000000000,   0.0000000000,
                       0.8660253900,   0.0000000000,   0.5000000000
                  </Orientation>
                  <Position type="Vector">-2367.2971, -36.888451, 1282.286</Position>
               </HpLaunchCamB>
               <HpLaunchCamC>
                  <Orientation type="Matrix">
                       0.5000000000,   0.0000000000,   0.8660253900,
                      -0.0000000000,   1.0000000000,   0.0000000000,
                      -0.8660253900,  -0.0000000000,   0.5000000000
                  </Orientation>
                  <Position type="Vector">2367.2971, -37.540447, 1380.9232</Position>
               </HpLaunchCamC>
               <HpLaunchCamD>
                  <Orientation type="Matrix">
                       1.0000000000,   0.0000000000,   0.0000000000,
                       0.0000000000,   1.0000000000,   0.0000000000,
                       0.0000000000,   0.0000000000,   1.0000000000
                  </Orientation>
                  <Position type="Vector">-5.1926661, 1282.286, 493.1868</Position>
               </HpLaunchCamD>
               <HpRunningLight01>
                  <Orientation type="Matrix">
                       1.0000000000,   0.0000000000,   0.0000000000,
                       0.0000000000,   1.0000000000,   0.0000000000,
                       0.0000000000,   0.0000000000,   1.0000000000
                  </Orientation>
                  <Position type="Vector">-536.25513, 261.49664, -307.20013</Position>
               </HpRunningLight01>
               <HpRunningLight02>
                  <Orientation type="Matrix">
                       1.0000000000,   0.0000000000,   0.0000000000,
                       0.0000000000,   1.0000000000,   0.0000000000,
                       0.0000000000,   0.0000000000,   1.0000000000
                  </Orientation>
                  <Position type="Vector">1.0866671, 260.86151, 614.84082</Position>
               </HpRunningLight02>
               <HpRunningLight03>
                  <Orientation type="Matrix">
                       1.0000000000,   0.0000000000,   0.0000000000,
                       0.0000000000,   1.0000000000,   0.0000000000,
                       0.0000000000,   0.0000000000,   1.0000000000
                  </Orientation>
                  <Position type="Vector">535.17273, 263.47916, -310.29614</Position>
               </HpRunningLight03>
               <HpRunningLight04>
                  <Orientation type="Matrix">
                       1.0000000000,   0.0000000000,   0.0000000000,
                       0.0000000000,   1.0000000000,   0.0000000000,
                       0.0000000000,   0.0000000000,   1.0000000000
                  </Orientation>
                  <Position type="Vector">-1.9637268, -114.70093, 618.8457</Position>
               </HpRunningLight04>
               <HpRunningLight05>
                  <Orientation type="Matrix">
                       1.0000000000,   0.0000000000,   0.0000000000,
                       0.0000000000,   1.0000000000,   0.0000000000,
                       0.0000000000,   0.0000000000,   1.0000000000
                  </Orientation>
                  <Position type="Vector">-533.11139, -114.85091, -308.36624</Position>
               </HpRunningLight05>
               <HpRunningLight06>
                  <Orientation type="Matrix">
                       1.0000000000,   0.0000000000,   0.0000000000,
                       0.0000000000,   1.0000000000,   0.0000000000,
                       0.0000000000,   0.0000000000,   1.0000000000
                  </Orientation>
                  <Position type="Vector">536.76843, -116.38332, -308.1626</Position>
               </HpRunningLight06>
               <HpRunningLight07>
                  <Orientation type="Matrix">
                       1.0000000000,   0.0000000000,   0.0000000000,
                       0.0000000000,   1.0000000000,   0.0000000000,
                       0.0000000000,   0.0000000000,   1.0000000000
                  </Orientation>
                  <Position type="Vector">12.555052, 419.52988, -13.266993</Position>
               </HpRunningLight07>
               <HpRunningLight08>
                  <Orientation type="Matrix">
                       1.0000000000,   0.0000000000,   0.0000000000,
                       0.0000000000,   1.0000000000,   0.0000000000,
                       0.0000000000,   0.0000000000,   1.0000000000
                  </Orientation>
                  <Position type="Vector">14.086, 354.18356, 0.56634426</Position>
               </HpRunningLight08>
               <HpRunningLight09>
                  <Orientation type="Matrix">
                       1.0000000000,   0.0000000000,   0.0000000000,
                       0.0000000000,   1.0000000000,   0.0000000000,
                       0.0000000000,   0.0000000000,   1.0000000000
                  </Orientation>
                  <Position type="Vector">529.74554, 900.96021, 309.81784</Position>
               </HpRunningLight09>
               <HpRunningLight10>
                  <Orientation type="Matrix">
                       1.0000000000,   0.0000000000,   0.0000000000,
                       0.0000000000,   1.0000000000,   0.0000000000,
                       0.0000000000,   0.0000000000,   1.0000000000
                  </Orientation>
                  <Position type="Vector">-10.692875, 900.52551, -611.88971</Position>
               </HpRunningLight10>
               <HpRunningLight11>
                  <Orientation type="Matrix">
                       1.0000000000,   0.0000000000,   0.0000000000,
                       0.0000000000,   1.0000000000,   0.0000000000,
                       0.0000000000,   0.0000000000,   1.0000000000
                  </Orientation>
                  <Position type="Vector">-540.6604, 903.72565, 300.15082</Position>
               </HpRunningLight11>
               <HpRunningLight12>
                  <Orientation type="Matrix">
                       1.0000000000,   0.0000000000,   0.0000000000,
                       0.0000000000,   1.0000000000,   0.0000000000,
                       0.0000000000,   0.0000000000,   1.0000000000
                  </Orientation>
                  <Position type="Vector">-541.37744, -978.67767, 300.02411</Position>
               </HpRunningLight12>
               <HpRunningLight13>
                  <Orientation type="Matrix">
                       1.0000000000,   0.0000000000,   0.0000000000,
                       0.0000000000,   1.0000000000,   0.0000000000,
                       0.0000000000,   0.0000000000,   1.0000000000
                  </Orientation>
                  <Position type="Vector">-15.962597, -973.53784, -607.37036</Position>
               </HpRunningLight13>
               <HpRunningLight14>
                  <Orientation type="Matrix">
                       1.0000000000,   0.0000000000,   0.0000000000,
                       0.0000000000,   1.0000000000,   0.0000000000,
                       0.0000000000,   0.0000000000,   1.0000000000
                  </Orientation>
                  <Position type="Vector">535.48553, -978.74561, 305.9649</Position>
               </HpRunningLight14>
               <HpRunningLight15>
                  <Orientation type="Matrix">
                       1.0000000000,   0.0000000000,   0.0000000000,
                       0.0000000000,   1.0000000000,   0.0000000000,
                       0.0000000000,   0.0000000000,   1.0000000000
                  </Orientation>
                  <Position type="Vector">-535.95026, -978.82361, 302.88641</Position>
               </HpRunningLight15>
            </Fixed>
            <Revolute>
               <HpTurret01>
                  <Axis type="Vector">0, 1, 0</Axis>
                  <Max type="float">3.1415927</Max>
                  <Min type="float">-3.1415927</Min>
                  <Orientation type="Matrix">
                       1.0000000000,   0.0000000000,   0.0000000000,
                       0.0000000000,   0.1391730900,   0.9902681100,
                       0.0000000000,  -0.9902681100,   0.1391730900
                  </Orientation>
                  <Position type="Vector">-21.959408, 137.92549, -1334.7114</Position>
               </HpTurret01>
               <HpTurret02>
                  <Axis type="Vector">0, 1, 0</Axis>
                  <Max type="float">3.1415927</Max>
                  <Min type="float">-3.1415927</Min>
                  <Orientation type="Matrix">
                       1.0000000000,   0.0000000000,   0.0000000000,
                       0.0000000000,  -0.1564344200,   0.9876883000,
                       0.0000000000,  -0.9876883000,  -0.1564344200
                  </Orientation>
                  <Position type="Vector">-23.515001, -215.23494, -1334.5253</Position>
               </HpTurret02>
               <HpTurret03>
                  <Axis type="Vector">0, 1, 0</Axis>
                  <Max type="float">3.1415927</Max>
                  <Min type="float">-3.1415927</Min>
                  <Orientation type="Matrix">
                      -0.4951337600,   0.8575971700,  -0.1391730900,
                      -0.0695864560,   0.1205276800,   0.9902678700,
                       0.8660252700,   0.4999998800,  59.604645e-09
                  </Orientation>
                  <Position type="Vector">1164.4072, 138.11523, 656.42377</Position>
               </HpTurret03>
               <HpTurret04>
                  <Axis type="Vector">0, 1, 0</Axis>
                  <Max type="float">3.1415927</Max>
                  <Min type="float">-3.1415927</Min>
                  <Orientation type="Matrix">
                      -0.4829623100,   0.8365160200,   0.2588189500,
                       0.1294095500,  -0.2241433900,   0.9659254600,
                       0.8660250900,   0.4999997600,  298.02322e-09
                  </Orientation>
                  <Position type="Vector">1164.5392, -215.21365, 655.81879</Position>
               </HpTurret04>
               <HpTurret05>
                  <Axis type="Vector">0, 1, 0</Axis>
                  <Max type="float">3.1415927</Max>
                  <Min type="float">-3.1415927</Min>
                  <Orientation type="Matrix">
                      -0.4951337600,  -0.8575971700,   0.1391730900,
                       0.0695864560,   0.1205276800,   0.9902678700,
                      -0.8660252700,   0.4999998800,  59.604645e-09
                  </Orientation>
                  <Position type="Vector">-1169.8914, 137.89514, 648.38098</Position>
               </HpTurret05>
               <HpTurret06>
                  <Axis type="Vector">0, 1, 0</Axis>
                  <Max type="float">3.1415927</Max>
                  <Min type="float">-3.1415927</Min>
                  <Orientation type="Matrix">
                      -0.4829623100,  -0.8365160200,  -0.2588189500,
                      -0.1294095500,  -0.2241433900,   0.9659254600,
                      -0.8660250900,   0.4999997600,  298.02322e-09
                  </Orientation>
                  <Position type="Vector">-1168.8539, -213.41728, 650.31635</Position>
               </HpTurret06>
            </Revolute>
         </Hardpoints>
         <MultiLevel>
            <Level0>
               <VMeshPart>
                  <VMeshRef type="VMeshRef">
                     <!-- header size  --> 60,
                     <!-- vmesh lib    --> DS9_11.lod0.vms,
                     <!-- start vert   --> 0,
                     <!-- num verts    --> 5473,
                     <!-- start index  --> 0,
                     <!-- num indices  --> 15447,
                     <!-- start mesh   --> 0,
                     <!-- num meshes   --> 5,
                     <!-- bounding box -->  1467.4274,      903.95813,   1467.1433,
                                           -1466.8352,     -978.93677,  -1458.4391,
                     <!-- center       -->     0.29608154,  -37.489319,     4.3521118,
                     <!-- radius       --> 2867.9724
                  </VMeshRef>
               </VMeshPart>
            </Level0>
         </MultiLevel>
         <VMeshWire include="DS9_cmp\DS9_11.vwd.xml"/>
      </DS9_11.3db>
   </UTF_ROOT>
</UTFXML>
