<?xml version="1.0" encoding="ISO-8859-1"?>
<!-- XML generated by UTFXML Version 2.2 built 19-Aug-2010 -->
<UTFXML filename="goauld.cmp" path="SOLAR\new">
   <UTF_ROOT>
      <VMeshLibrary>
         <goauld.lod0-112.vms include="goauld_cmp\lod0-112.vms.xml"/>
      </VMeshLibrary>
      <Exporter_Version name="Exporter Version" type="text">Export</Exporter_Version>
      <Cmpnd>
         <Root>
            <Object_name name="Object name" type="text">Root</Object_name>
            <Index type="int">0</Index>
            <File_name name="File name" type="text">goauld.3db</File_name>
         </Root>
      </Cmpnd>
      <goauld.3db>
         <VMeshPart>
            <VMeshRef type="VMeshRef">
               <!-- header size  --> 60,
               <!-- vmesh lib    --> goauld.lod0-112.vms,
               <!-- start vert   --> 0,
               <!-- num verts    --> 5959,
               <!-- start index  --> 0,
               <!-- num indices  --> 31680,
               <!-- start mesh   --> 0,
               <!-- num meshes   --> 8,
               <!-- bounding box -->  1058.8306,       1185.3983,   1058.822,
                                     -1058.8254,       -797.14612, -1058.8342,
               <!-- center       -->     0.0025634766,  194.1261,     -0.0061035156,
               <!-- radius       --> 1639.0332
            </VMeshRef>
         </VMeshPart>
         <VMeshWire include="goauld_cmp\goauld.vwd.xml"/>
         <Hardpoints>
            <Fixed>
               <HpDockMountA>
                  <Position type="Vector">0, -1600, -0</Position>
                  <Orientation type="Matrix">
                       1.0000000000,   0.0000000000,  -0.0000000000,
                       0.0000000000,   1.0000000000,  -0.0000000000,
                      -0.0000000000,  -0.0000000000,   1.0000000000
                  </Orientation>
               </HpDockMountA>
               <HpDockPointA01>
                  <Position type="Vector">0, -1600, -0</Position>
                  <Orientation type="Matrix">
                       1.0000000000,   0.0000000000,  -0.0000000000,
                       0.0000000000,   1.0000000000,  -0.0000000000,
                      -0.0000000000,  -0.0000000000,   1.0000000000
                  </Orientation>
               </HpDockPointA01>
               <HpDockPointA02>
                  <Position type="Vector">0, -1600, -0</Position>
                  <Orientation type="Matrix">
                       1.0000000000,   0.0000000000,  -0.0000000000,
                       0.0000000000,   1.0000000000,  -0.0000000000,
                      -0.0000000000,  -0.0000000000,   1.0000000000
                  </Orientation>
               </HpDockPointA02>
               <HpDockCamA>
                  <Position type="Vector">500, -1650, 500</Position>
                  <Orientation type="Matrix">
                      313.91644e-09,  -0.9999998800,  -0.0000000000,
                       0.9999998800,  313.91644e-09,  -0.0000000000,
                      -0.0000000000,  -0.0000000000,   1.0000000000
                  </Orientation>
               </HpDockCamA>
               <HpLaunchCamA>
                  <Position type="Vector">-500, -1700, -500</Position>
                  <Orientation type="Matrix">
                      313.91644e-09,  -0.9999998800,  -0.0000000000,
                       0.9999998800,  313.91644e-09,  -0.0000000000,
                      -0.0000000000,  -0.0000000000,   1.0000000000
                  </Orientation>
               </HpLaunchCamA>
               <HpRunningLight01>
                  <Position type="Vector">0, 1185.3202, -0.052124001</Position>
                  <Orientation type="Matrix">
                       1.0000000000,   0.0000000000,  -0.0000000000,
                       0.0000000000,   1.0000000000,  -0.0000000000,
                      -0.0000000000,  -0.0000000000,   1.0000000000
                  </Orientation>
               </HpRunningLight01>
               <HpRunningLight02>
                  <Position type="Vector">0, 55, -0</Position>
                  <Orientation type="Matrix">
                       1.0000000000,   0.0000000000,  -0.0000000000,
                       0.0000000000,   1.0000000000,  -0.0000000000,
                      -0.0000000000,  -0.0000000000,   1.0000000000
                  </Orientation>
               </HpRunningLight02>
            </Fixed>
            <Revolute>
               <HpTurret01>
                  <Position type="Vector">0, 1185.1658, -0.143066</Position>
                  <Orientation type="Matrix">
                       1.0000000000,   0.0000000000,  -0.0000000000,
                       0.0000000000,   1.0000000000,  -0.0000000000,
                      -0.0000000000,  -0.0000000000,   1.0000000000
                  </Orientation>
                  <Axis type="Vector">0, 1, -0</Axis>
                  <Min type="float">-3.1415927</Min>
                  <Max type="float">3.1415927</Max>
               </HpTurret01>
               <HpTurret02>
                  <Position type="Vector">-958.31281, -556.14868, -969.10052</Position>
                  <Orientation type="Matrix">
                       0.7193397900,   0.0000000000,   0.6946584000,
                       0.0000000000,   1.0000000000,  -0.0000000000,
                      -0.6946584000,  -0.0000000000,   0.7193397900
                  </Orientation>
                  <Axis type="Vector">0, 1, -0</Axis>
                  <Min type="float">-2.0943952</Min>
                  <Max type="float">2.0943952</Max>
               </HpTurret02>
               <HpTurret03>
                  <Position type="Vector">954.07245, -555.75293, -963.98938</Position>
                  <Orientation type="Matrix">
                       0.7193398500,   0.0000000000,  -0.6946583400,
                       0.0000000000,   1.0000000000,  -0.0000000000,
                       0.6946583400,  -0.0000000000,   0.7193398500
                  </Orientation>
                  <Axis type="Vector">0, 1, -0</Axis>
                  <Min type="float">-2.0943952</Min>
                  <Max type="float">2.0943952</Max>
               </HpTurret03>
               <HpTurret04>
                  <Position type="Vector">-946.75372, -555.07098, 957.48193</Position>
                  <Orientation type="Matrix">
                      -0.5591928400,   0.0000000000,   0.8290376100,
                       0.0000000000,   1.0000000000,  -0.0000000000,
                      -0.8290376100,  -0.0000000000,  -0.5591928400
                  </Orientation>
                  <Axis type="Vector">0, 1, -0</Axis>
                  <Min type="float">-2.0943952</Min>
                  <Max type="float">2.0943952</Max>
               </HpTurret04>
               <HpTurret05>
                  <Position type="Vector">941.34308, -554.5683, 952.2215</Position>
                  <Orientation type="Matrix">
                      -0.5591926000,   0.0000000000,  -0.8290377900,
                       0.0000000000,   1.0000000000,  -0.0000000000,
                       0.8290377900,  -0.0000000000,  -0.5591926000
                  </Orientation>
                  <Axis type="Vector">0, 1, -0</Axis>
                  <Min type="float">-2.0943952</Min>
                  <Max type="float">2.0943952</Max>
               </HpTurret05>
               <HpTurret06>
                  <Position type="Vector">-423.41919, 466.16992, -0.88058501</Position>
                  <Orientation type="Matrix">
                       0.5150382500,  -0.8571673600,  -0.0000000000,
                       0.8571673600,   0.5150382500,  -0.0000000000,
                      -0.0000000000,  -0.0000000000,   1.0000000000
                  </Orientation>
                  <Axis type="Vector">0, 1, -0</Axis>
                  <Min type="float">-3.1415927</Min>
                  <Max type="float">3.1415927</Max>
               </HpTurret06>
               <HpTurret07>
                  <Position type="Vector">423.1438, 466.64569, 1.287292</Position>
                  <Orientation type="Matrix">
                       0.5150381300,   0.8571674200,  -0.0000000000,
                      -0.8571674200,   0.5150381300,  -0.0000000000,
                      -0.0000000000,  -0.0000000000,   1.0000000000
                  </Orientation>
                  <Axis type="Vector">0, 1, -0</Axis>
                  <Min type="float">-3.1415927</Min>
                  <Max type="float">3.1415927</Max>
               </HpTurret07>
               <HpTurret08>
                  <Position type="Vector">1.692444, 466.59576, -423.177</Position>
                  <Orientation type="Matrix">
                       1.0000000000,   0.0000000000,  -0.0000000000,
                       0.0000000000,   0.4999997600,   0.8660255700,
                      -0.0000000000,  -0.8660255700,   0.4999997600
                  </Orientation>
                  <Axis type="Vector">0, 1, -0</Axis>
                  <Min type="float">-3.1415927</Min>
                  <Max type="float">3.1415927</Max>
               </HpTurret08>
               <HpTurret09>
                  <Position type="Vector">-1.508698, 465.58435, 423.76019</Position>
                  <Orientation type="Matrix">
                      -1.0000000000, -130.76622e-09,  75.497866e-09,
                       0.0000000000,   0.4999997600,   0.8660255700,
                     -150.99580e-09,   0.8660255700,  -0.4999997600
                  </Orientation>
                  <Axis type="Vector">0, 1, -0</Axis>
                  <Min type="float">-3.1415927</Min>
                  <Max type="float">3.1415927</Max>
               </HpTurret09>
               <HpTurret10>
                  <Position type="Vector">-89.486877, -701.08783, -1025.739</Position>
                  <Orientation type="Matrix">
                       1.0000000000,   0.0000000000,  -0.0000000000,
                       0.0000000000,  -0.5150380100,   0.8571673000,
                      -0.0000000000,  -0.8571673000,  -0.5150380100
                  </Orientation>
                  <Axis type="Vector">0, 1, -0</Axis>
                  <Min type="float">-3.1415927</Min>
                  <Max type="float">3.1415927</Max>
               </HpTurret10>
               <HpTurret11>
                  <Position type="Vector">89.054398, -701.59772, -1025.4407</Position>
                  <Orientation type="Matrix">
                       1.0000000000,   0.0000000000,  -0.0000000000,
                       0.0000000000,  -0.5150380100,   0.8571673000,
                      -0.0000000000,  -0.8571673000,  -0.5150380100
                  </Orientation>
                  <Axis type="Vector">0, 1, -0</Axis>
                  <Min type="float">-3.1415927</Min>
                  <Max type="float">3.1415927</Max>
               </HpTurret11>
               <HpTurret12>
                  <Position type="Vector">89.603058, -702.07983, 1025.1317</Position>
                  <Orientation type="Matrix">
                       1.0000000000,   0.0000000000,  -0.0000000000,
                       0.0000000000,  -0.5150380100,  -0.8571673000,
                      -0.0000000000,   0.8571673000,  -0.5150380100
                  </Orientation>
                  <Axis type="Vector">0, 1, -0</Axis>
                  <Min type="float">-3.1415927</Min>
                  <Max type="float">3.1415927</Max>
               </HpTurret12>
               <HpTurret13>
                  <Position type="Vector">-89.343376, -700.45166, 1026.1089</Position>
                  <Orientation type="Matrix">
                       1.0000000000,   0.0000000000,  -0.0000000000,
                       0.0000000000,  -0.5150380100,  -0.8571673000,
                      -0.0000000000,   0.8571673000,  -0.5150380100
                  </Orientation>
                  <Axis type="Vector">0, 1, -0</Axis>
                  <Min type="float">-3.1415927</Min>
                  <Max type="float">3.1415927</Max>
               </HpTurret13>
            </Revolute>
         </Hardpoints>
      </goauld.3db>
   </UTF_ROOT>
</UTFXML>
