<?xml version="1.0" encoding="ISO-8859-1"?>
<!-- XML generated by UTFXML Version 2.2 built 19-Aug-2010 -->
<UTFXML filename="Indian_base04.cmp" path="SOLAR\new">
   <UTF_ROOT>
      <VMeshLibrary>
         <CardBase001.lod0.vms include="Indian_base04_cmp\lod0.vms.xml"/>
      </VMeshLibrary>
      <Cmpnd>
         <Root>
            <File_name name="File name" type="text">CardBase001.3db</File_name>
            <Index type="int">0</Index>
            <Object_name name="Object name" type="text">Root</Object_name>
         </Root>
      </Cmpnd>
      <CardBase001.3db>
         <Hardpoints>
            <Fixed>
               <HpDockMountA>
                  <Orientation type="Matrix">
                       0.5000000000,   0.0000000000,   0.8660253900,
                      -0.0000000000,   1.0000000000,   0.0000000000,
                      -0.8660253900,  -0.0000000000,   0.5000000000
                  </Orientation>
                  <Position type="Vector">2000, 1800, 1150</Position>
               </HpDockMountA>
               <HpDockPointA01>
                  <Orientation type="Matrix">
                       0.5000000000,   0.0000000000,   0.8660253900,
                      -0.0000000000,   1.0000000000,   0.0000000000,
                      -0.8660253900,  -0.0000000000,   0.5000000000
                  </Orientation>
                  <Position type="Vector">2200, 1800, 1150</Position>
               </HpDockPointA01>
               <HpDockPointA02>
                  <Orientation type="Matrix">
                       0.5000000000,   0.0000000000,   0.8660253900,
                      -0.0000000000,   1.0000000000,   0.0000000000,
                      -0.8660253900,  -0.0000000000,   0.5000000000
                  </Orientation>
                  <Position type="Vector">2300, 1800, 1150</Position>
               </HpDockPointA02>
               <HpDockCamA>
                  <Orientation type="Matrix">
                      -0.4996600200,  -0.0174498890,   0.8660457700,
                      -0.0238383190,   0.9996954200,   0.0063894042,
                      -0.8658934200,  -0.0174525450,  -0.4999238300
                  </Orientation>
                  <Position type="Vector">2400, 1900, 600</Position>
               </HpDockCamA>
               <HpLaunchCamA>
                  <Orientation type="Matrix">
                       0.8660253900,   0.0000000000,  -0.5000000000,
                       0.0000000000,   1.0000000000,   0.0000000000,
                       0.5000000000,   0.0000000000,   0.8660253900
                  </Orientation>
                  <Position type="Vector">1800, 1900, 1800</Position>
               </HpLaunchCamA>
               <HpDockMountB>
                  <Orientation type="Matrix">
                       0.5000000000,   0.0000000000,  -0.8660253900,
                       0.0000000000,   1.0000000000,   0.0000000000,
                       0.8660253900,   0.0000000000,   0.5000000000
                  </Orientation>
                  <Position type="Vector">-2000, 1800, 1150</Position>
               </HpDockMountB>
               <HpDockPointB01>
                  <Orientation type="Matrix">
                       0.5000000000,   0.0000000000,  -0.8660253900,
                       0.0000000000,   1.0000000000,   0.0000000000,
                       0.8660253900,   0.0000000000,   0.5000000000
                  </Orientation>
                  <Position type="Vector">-2200, 1800, 1150</Position>
               </HpDockPointB01>
               <HpDockPointB02>
                  <Orientation type="Matrix">
                       0.5000000000,   0.0000000000,  -0.8660253900,
                       0.0000000000,   1.0000000000,   0.0000000000,
                       0.8660253900,   0.0000000000,   0.5000000000
                  </Orientation>
                  <Position type="Vector">-2300, 1800, 1150</Position>
               </HpDockPointB02>
               <HpDockMountC>
                  <Orientation type="Matrix">
                      -1.0000000000,  87.427907e-09, -7.6436389e-15,
                      87.427907e-09,   1.0000000000, -87.427907e-09,
                       0.0000000000, -87.427907e-09,  -1.0000000000
                  </Orientation>
                  <Position type="Vector">-26, 1800, -2100</Position>
               </HpDockMountC>
               <HpDockPointC01>
                  <Orientation type="Matrix">
                      -1.0000000000,  87.427907e-09, -7.6436389e-15,
                      87.427907e-09,   1.0000000000, -87.427907e-09,
                       0.0000000000, -87.427907e-09,  -1.0000000000
                  </Orientation>
                  <Position type="Vector">-26.418219, 1800, -2300</Position>
               </HpDockPointC01>
               <HpDockPointC02>
                  <Orientation type="Matrix">
                      -1.0000000000,  87.427907e-09, -7.6436389e-15,
                      87.427907e-09,   1.0000000000, -87.427907e-09,
                       0.0000000000, -87.427907e-09,  -1.0000000000
                  </Orientation>
                  <Position type="Vector">-26.418219, 1800, -2400</Position>
               </HpDockPointC02>
               <HpLaunchCamB>
                  <Orientation type="Matrix">
                       1.0000000000,   0.0000000000,   0.0000000000,
                       0.0000000000,   1.0000000000,   0.0000000000,
                       0.0000000000,   0.0000000000,   1.0000000000
                  </Orientation>
                  <Position type="Vector">-1457.067, 2200, 1875.0588</Position>
               </HpLaunchCamB>
               <HpLaunchCamC>
                  <Orientation type="Matrix">
                       1.0000000000,   0.0000000000,   0.0000000000,
                       0.0000000000,   1.0000000000,   0.0000000000,
                       0.0000000000,   0.0000000000,   1.0000000000
                  </Orientation>
                  <Position type="Vector">317.28027, 2200, -2000</Position>
               </HpLaunchCamC>
            </Fixed>
            <Revolute>
               <HpTurret01>
                  <Axis type="Vector">0, 1, 0</Axis>
                  <Max type="float">3.1415927</Max>
                  <Min type="float">-3.1415927</Min>
                  <Orientation type="Matrix">
                       1.0000000000,   0.0000000000,   0.0000000000,
                       0.0000000000,   1.0000000000,   0.0000000000,
                       0.0000000000,   0.0000000000,   1.0000000000
                  </Orientation>
                  <Position type="Vector">-34.019497, 1482.6719, -2067.4258</Position>
               </HpTurret01>
               <HpTurret02>
                  <Axis type="Vector">0, 1, 0</Axis>
                  <Max type="float">3.1415927</Max>
                  <Min type="float">-3.1415927</Min>
                  <Orientation type="Matrix">
                      -0.5000000000,   0.0000000000,   0.8660253900,
                      -0.0000000000,   1.0000000000,   0.0000000000,
                      -0.8660253900,  -0.0000000000,  -0.5000000000
                  </Orientation>
                  <Position type="Vector">-1781.9149, 1482.6719, 1077.4364</Position>
               </HpTurret02>
               <HpTurret03>
                  <Axis type="Vector">0, 1, 0</Axis>
                  <Max type="float">3.1415927</Max>
                  <Min type="float">-3.1415927</Min>
                  <Orientation type="Matrix">
                      -0.5000000000,   0.0000000000,  -0.8660253900,
                       0.0000000000,   1.0000000000,   0.0000000000,
                       0.8660253900,   0.0000000000,  -0.5000000000
                  </Orientation>
                  <Position type="Vector">1809.323, 1482.6719, 1026.3798</Position>
               </HpTurret03>
               <HpTurret04>
                  <Axis type="Vector">0, 1, 0</Axis>
                  <Max type="float">3.1415927</Max>
                  <Min type="float">-3.1415927</Min>
                  <Orientation type="Matrix">
                      -1.0000000000, -87.427907e-09,   0.0000000000,
                      87.427907e-09,  -1.0000000000,  -0.0000000000,
                       0.0000000000,   0.0000000000,   1.0000000000
                  </Orientation>
                  <Position type="Vector">-34.907894, -1512.3719, -2072.4397</Position>
               </HpTurret04>
               <HpTurret05>
                  <Axis type="Vector">0, 1, 0</Axis>
                  <Max type="float">3.1415927</Max>
                  <Min type="float">-3.1415927</Min>
                  <Orientation type="Matrix">
                       0.5000000000, -87.427907e-09,   0.8660253900,
                     -43.713953e-09,  -1.0000000000, -75.714787e-09,
                       0.8660253900,   0.0000000000,  -0.5000000000
                  </Orientation>
                  <Position type="Vector">-1780.5862, -1512.3717, 1076.1113</Position>
               </HpTurret05>
               <HpTurret06>
                  <Axis type="Vector">0, 1, 0</Axis>
                  <Max type="float">3.1415927</Max>
                  <Min type="float">-3.1415927</Min>
                  <Orientation type="Matrix">
                       0.5000000000, -87.427907e-09,  -0.8660253900,
                     -43.713953e-09,  -1.0000000000,  75.714787e-09,
                      -0.8660253900,   0.0000000000,  -0.5000000000
                  </Orientation>
                  <Position type="Vector">1804.4561, -1512.3717, 1024.037</Position>
               </HpTurret06>
            </Revolute>
         </Hardpoints>
         <MultiLevel>
            <Level0>
               <VMeshPart>
                  <VMeshRef type="VMeshRef">
                     <!-- header size  --> 60,
                     <!-- vmesh lib    --> CardBase001.lod0.vms,
                     <!-- start vert   --> 0,
                     <!-- num verts    --> 1935,
                     <!-- start index  --> 0,
                     <!-- num indices  --> 6402,
                     <!-- start mesh   --> 0,
                     <!-- num meshes   --> 13,
                     <!-- bounding box -->  1862.4072,    1482.6719,    1462.5702,
                                           -1837.6667,   -1512.3719,   -2102.5088,
                     <!-- center       -->    12.370239,   -14.850037,  -319.9693,
                     <!-- radius       --> 3987.5535
                  </VMeshRef>
               </VMeshPart>
            </Level0>
         </MultiLevel>
      </CardBase001.3db>
   </UTF_ROOT>
</UTFXML>
