<?xml version="1.0" encoding="ISO-8859-1"?>
<!-- XML generated by UTFXML Version 2.2 built 19-Aug-2010 -->
<UTFXML filename="indian_base01.cmp" path="SOLAR\new">
   <UTF_ROOT>
      <VMeshLibrary>
         <Azzameen_FB.lod0.vms include="indian_base01_cmp\lod0.vms.xml"/>
      </VMeshLibrary>
      <Cmpnd>
         <Root>
            <File_name name="File name" type="text">Azzameen_FB.3db</File_name>
            <Index type="int">0</Index>
            <Object_name name="Object name" type="text">Root</Object_name>
         </Root>
      </Cmpnd>
      <Azzameen_FB.3db>
         <Hardpoints>
            <Fixed>
               <HpDockMountA>
                  <Orientation type="Matrix">
                      -1.0000000000,  87.427907e-09,  7.6436389e-15,
                      87.427907e-09,   1.0000000000,  87.427907e-09,
                       0.0000000000,  87.427907e-09,  -1.0000000000
                  </Orientation>
                  <Position type="Vector">-65.93927, 120, -339.63745</Position>
               </HpDockMountA>
               <HpDockMountB>
                  <Orientation type="Matrix">
                      -1.0000000000,  87.427907e-09,  7.6436389e-15,
                      87.427907e-09,   1.0000000000,  87.427907e-09,
                       0.0000000000,  87.427907e-09,  -1.0000000000
                  </Orientation>
                  <Position type="Vector">75.93927, 120, -339.63745</Position>
               </HpDockMountB>
               <HpDockPointA01>
                  <Orientation type="Matrix">
                      -1.0000000000,  87.427907e-09,  7.6436389e-15,
                      87.427907e-09,   1.0000000000,  87.427907e-09,
                       0.0000000000,  87.427907e-09,  -1.0000000000
                  </Orientation>
                  <Position type="Vector">-65.93927, 120, -734.63544</Position>
               </HpDockPointA01>
               <HpDockPointA02>
                  <Orientation type="Matrix">
                      -1.0000000000,  87.427907e-09,  7.6436389e-15,
                      87.427907e-09,   1.0000000000,  87.427907e-09,
                       0.0000000000,  87.427907e-09,  -1.0000000000
                  </Orientation>
                  <Position type="Vector">-65.93927, 120, -1348.9529</Position>
               </HpDockPointA02>
               <HpDockPointB01>
                  <Orientation type="Matrix">
                      -1.0000000000,  87.427907e-09,  7.6436389e-15,
                      87.427907e-09,   1.0000000000,  87.427907e-09,
                       0.0000000000,  87.427907e-09,  -1.0000000000
                  </Orientation>
                  <Position type="Vector">75.93927, 120, -629.93365</Position>
               </HpDockPointB01>
               <HpDockPointB02>
                  <Orientation type="Matrix">
                      -1.0000000000,  87.427907e-09,  7.6436389e-15,
                      87.427907e-09,   1.0000000000,  87.427907e-09,
                       0.0000000000,  87.427907e-09,  -1.0000000000
                  </Orientation>
                  <Position type="Vector">75.93927, 120, -1348.1051</Position>
               </HpDockPointB02>
               <HpDockCamA>
                  <Orientation type="Matrix">
                      -1.0000000000,   0.0000000000,   0.0000000000,
                       0.0000000000,   1.0000000000,   0.0000000000,
                       0.0000000000,   0.0000000000,  -1.0000000000
                  </Orientation>
                  <Position type="Vector">-150.71915, 223.56119, -758.11267</Position>
               </HpDockCamA>
               <HpLaunchCamA>
                  <Orientation type="Matrix">
                      -1.0000000000,   0.0000000000,   0.0000000000,
                       0.0000000000,   1.0000000000,   0.0000000000,
                       0.0000000000,   0.0000000000,  -1.0000000000
                  </Orientation>
                  <Position type="Vector">-150.71915, 223.56119, -758.11267</Position>
               </HpLaunchCamA>
               <HpDockCamB>
                  <Orientation type="Matrix">
                      -1.0000000000,   0.0000000000,   0.0000000000,
                       0.0000000000,   1.0000000000,   0.0000000000,
                       0.0000000000,   0.0000000000,  -1.0000000000
                  </Orientation>
                  <Position type="Vector">150.77377, 223.56119, -758.11267</Position>
               </HpDockCamB>
               <HpLaunchCamB>
                  <Orientation type="Matrix">
                      -1.0000000000,   0.0000000000,   0.0000000000,
                       0.0000000000,   1.0000000000,   0.0000000000,
                       0.0000000000,   0.0000000000,  -1.0000000000
                  </Orientation>
                  <Position type="Vector">150.77377, 223.56119, -758.11267</Position>
               </HpLaunchCamB>
               <HpRunningLight01>
                  <Orientation type="Matrix">
                       0.0000000000,   0.0000000000,   0.0000000000,
                       0.0000000000,   0.0000000000,   0.0000000000,
                       0.0000000000,   0.0000000000,   0.0000000000
                  </Orientation>
                  <Position type="Vector">-1510.1859, 384.47473, -6149.8892</Position>
               </HpRunningLight01>
               <HpRunningLight02>
                  <Orientation type="Matrix">
                       0.0000000000,   0.0000000000,   0.0000000000,
                       0.0000000000,   0.0000000000,   0.0000000000,
                       0.0000000000,   0.0000000000,   0.0000000000
                  </Orientation>
                  <Position type="Vector">1511.3242, 384.47446, -6149.8872</Position>
               </HpRunningLight02>
               <HpRunningLight03>
                  <Orientation type="Matrix">
                       0.0000000000,   0.0000000000,   0.0000000000,
                       0.0000000000,   0.0000000000,   0.0000000000,
                       0.0000000000,   0.0000000000,   0.0000000000
                  </Orientation>
                  <Position type="Vector">-1510.9354, -813.26288, -6149.8892</Position>
               </HpRunningLight03>
               <HpRunningLight04>
                  <Orientation type="Matrix">
                       0.0000000000,   0.0000000000,   0.0000000000,
                       0.0000000000,   0.0000000000,   0.0000000000,
                       0.0000000000,   0.0000000000,   0.0000000000
                  </Orientation>
                  <Position type="Vector">1511.0723, -813.26318, -6149.8872</Position>
               </HpRunningLight04>
               <HpRunningLight05>
                  <Orientation type="Matrix">
                       0.0000000000,   0.0000000000,   0.0000000000,
                       0.0000000000,   0.0000000000,   0.0000000000,
                       0.0000000000,   0.0000000000,   0.0000000000
                  </Orientation>
                  <Position type="Vector">-2730.2957, -34.36153, -1809.7621</Position>
               </HpRunningLight05>
               <HpRunningLight06>
                  <Orientation type="Matrix">
                       0.0000000000,   0.0000000000,   0.0000000000,
                       0.0000000000,   0.0000000000,   0.0000000000,
                       0.0000000000,   0.0000000000,   0.0000000000
                  </Orientation>
                  <Position type="Vector">2731.1897, -34.36203, -1809.7621</Position>
               </HpRunningLight06>
               <HpRunningLight07>
                  <Orientation type="Matrix">
                       0.0000000000,   0.0000000000,   0.0000000000,
                       0.0000000000,   0.0000000000,   0.0000000000,
                       0.0000000000,   0.0000000000,   0.0000000000
                  </Orientation>
                  <Position type="Vector">-1477.3506, 473.95932, -522.45703</Position>
               </HpRunningLight07>
               <HpRunningLight08>
                  <Orientation type="Matrix">
                       0.0000000000,   0.0000000000,   0.0000000000,
                       0.0000000000,   0.0000000000,   0.0000000000,
                       0.0000000000,   0.0000000000,   0.0000000000
                  </Orientation>
                  <Position type="Vector">1478.2441, 473.95911, -522.4577</Position>
               </HpRunningLight08>
               <HpDockMountC>
                  <Orientation type="Matrix">
                      -0.5000000000,   0.0000000000,  -0.8660253900,
                       0.0000000000,   1.0000000000,   0.0000000000,
                       0.8660253900,   0.0000000000,  -0.5000000000
                  </Orientation>
                  <Position type="Vector">-1441.266, 800, -636.80591</Position>
               </HpDockMountC>
               <HpDockPointC01>
                  <Orientation type="Matrix">
                      -0.5000000000,   0.0000000000,  -0.8660253900,
                       0.0000000000,   1.0000000000,   0.0000000000,
                       0.8660253900,   0.0000000000,  -0.5000000000
                  </Orientation>
                  <Position type="Vector">-1741.266, 800, -636.80591</Position>
               </HpDockPointC01>
               <HpDockPointC02>
                  <Orientation type="Matrix">
                      -0.5000000000,   0.0000000000,  -0.8660253900,
                       0.0000000000,   1.0000000000,   0.0000000000,
                       0.8660253900,   0.0000000000,  -0.5000000000
                  </Orientation>
                  <Position type="Vector">-1941.266, 800, -636.80591</Position>
               </HpDockPointC02>
               <HpDockMountD>
                  <Orientation type="Matrix">
                      -1.0000000000,  87.427907e-09,  7.6436389e-15,
                      87.427907e-09,   1.0000000000,  87.427907e-09,
                       0.0000000000,  87.427907e-09,  -1.0000000000
                  </Orientation>
                  <Position type="Vector">1442.1605, 800, -636.80591</Position>
               </HpDockMountD>
               <HpDockMountE>
                  <Orientation type="Matrix">
                      -0.7660443800,   0.0000000000,   0.6427876400,
                      -0.0000000000,   1.0000000000,   0.0000000000,
                      -0.6427876400,  -0.0000000000,  -0.7660443800
                  </Orientation>
                  <Position type="Vector">-2664.0305, 200, -1871.6259</Position>
               </HpDockMountE>
               <HpDockPointE01>
                  <Orientation type="Matrix">
                      -0.7660443800,   0.0000000000,   0.6427876400,
                      -0.0000000000,   1.0000000000,   0.0000000000,
                      -0.6427876400,  -0.0000000000,  -0.7660443800
                  </Orientation>
                  <Position type="Vector">-2564.29, 200, -1972.0724</Position>
               </HpDockPointE01>
               <HpDockPointE02>
                  <Orientation type="Matrix">
                      -0.7660443800,   0.0000000000,   0.6427876400,
                      -0.0000000000,   1.0000000000,   0.0000000000,
                      -0.6427876400,  -0.0000000000,  -0.7660443800
                  </Orientation>
                  <Position type="Vector">-2464.0305, 200, -2200</Position>
               </HpDockPointE02>
               <HpDockMountF>
                  <Orientation type="Matrix">
                      -0.7660443800,   0.0000000000,  -0.6427876400,
                       0.0000000000,   1.0000000000,   0.0000000000,
                       0.6427876400,   0.0000000000,  -0.7660443800
                  </Orientation>
                  <Position type="Vector">2664.9241, 200, -1871.6241</Position>
               </HpDockMountF>
               <HpDockPointF01>
                  <Orientation type="Matrix">
                      -0.7660443800,   0.0000000000,  -0.6427876400,
                       0.0000000000,   1.0000000000,   0.0000000000,
                       0.6427876400,   0.0000000000,  -0.7660443800
                  </Orientation>
                  <Position type="Vector">2564.9241, 200, -1921.6241</Position>
               </HpDockPointF01>
               <HpDockPointF02>
                  <Orientation type="Matrix">
                      -0.7660443800,   0.0000000000,  -0.6427876400,
                       0.0000000000,   1.0000000000,   0.0000000000,
                       0.6427876400,   0.0000000000,  -0.7660443800
                  </Orientation>
                  <Position type="Vector">2464.9241, 200, -2200</Position>
               </HpDockPointF02>
               <HpRunningLight09>
                  <Orientation type="Matrix">
                       0.0000000000,   0.0000000000,   0.0000000000,
                       0.0000000000,   0.0000000000,   0.0000000000,
                       0.0000000000,   0.0000000000,   0.0000000000
                  </Orientation>
                  <Position type="Vector">-321.36475, 2369.1499, -284.64267</Position>
               </HpRunningLight09>
               <HpRunningLight10>
                  <Orientation type="Matrix">
                       0.0000000000,   0.0000000000,   0.0000000000,
                       0.0000000000,   0.0000000000,   0.0000000000,
                       0.0000000000,   0.0000000000,   0.0000000000
                  </Orientation>
                  <Position type="Vector">322.26144, 2369.1494, -280.80026</Position>
               </HpRunningLight10>
               <HpRunningLight11>
                  <Orientation type="Matrix">
                       0.0000000000,   0.0000000000,   0.0000000000,
                       0.0000000000,   0.0000000000,   0.0000000000,
                       0.0000000000,   0.0000000000,   0.0000000000
                  </Orientation>
                  <Position type="Vector">-0.54588699, 1873.4615, -302.89453</Position>
               </HpRunningLight11>
               <HpRunningLight12>
                  <Orientation type="Matrix">
                       0.0000000000,   0.0000000000,   0.0000000000,
                       0.0000000000,   0.0000000000,   0.0000000000,
                       0.0000000000,   0.0000000000,   0.0000000000
                  </Orientation>
                  <Position type="Vector">-0.47697401, -1823.8539, -174.17183</Position>
               </HpRunningLight12>
               <HpRunningLight13>
                  <Orientation type="Matrix">
                       0.0000000000,   0.0000000000,   0.0000000000,
                       0.0000000000,   0.0000000000,   0.0000000000,
                       0.0000000000,   0.0000000000,   0.0000000000
                  </Orientation>
                  <Position type="Vector">0.3693, 1599.6803, 367.62869</Position>
               </HpRunningLight13>
               <HpRunningLight14>
                  <Orientation type="Matrix">
                       0.0000000000,   0.0000000000,   0.0000000000,
                       0.0000000000,   0.0000000000,   0.0000000000,
                       0.0000000000,   0.0000000000,   0.0000000000
                  </Orientation>
                  <Position type="Vector">60.447479, 49.44458, 2035.6871</Position>
               </HpRunningLight14>
               <HpRunningLight15>
                  <Orientation type="Matrix">
                       0.0000000000,   0.0000000000,   0.0000000000,
                       0.0000000000,   0.0000000000,   0.0000000000,
                       0.0000000000,   0.0000000000,   0.0000000000
                  </Orientation>
                  <Position type="Vector">-59.55397, 49.44458, 2035.6862</Position>
               </HpRunningLight15>
               <HpRunningLight16>
                  <Orientation type="Matrix">
                       0.0000000000,   0.0000000000,   0.0000000000,
                       0.0000000000,   0.0000000000,   0.0000000000,
                       0.0000000000,   0.0000000000,   0.0000000000
                  </Orientation>
                  <Position type="Vector">133.97632, 262.07535, -515.48608</Position>
               </HpRunningLight16>
               <HpRunningLight17>
                  <Orientation type="Matrix">
                       0.0000000000,   0.0000000000,   0.0000000000,
                       0.0000000000,   0.0000000000,   0.0000000000,
                       0.0000000000,   0.0000000000,   0.0000000000
                  </Orientation>
                  <Position type="Vector">-142.68852, 262.07535, -517.69934</Position>
               </HpRunningLight17>
            </Fixed>
            <Revolute>
               <HpTurret01>
                  <Axis type="Vector">0, 1, 0</Axis>
                  <Max type="float">6.283185</Max>
                  <Min type="float">-6.283185</Min>
                  <Orientation type="Matrix">
                       1.0000000000,   0.0000000000,   0.0000000000,
                       0.0000000000,   1.0000000000,   0.0000000000,
                       0.0000000000,   0.0000000000,   1.0000000000
                  </Orientation>
                  <Position type="Vector">-1510.1859, 369.47473, -6149.8892</Position>
               </HpTurret01>
               <HpTurret02>
                  <Axis type="Vector">0, 1, 0</Axis>
                  <Max type="float">6.283185</Max>
                  <Min type="float">-6.283185</Min>
                  <Orientation type="Matrix">
                       1.0000000000,   0.0000000000,   0.0000000000,
                       0.0000000000,   1.0000000000,   0.0000000000,
                       0.0000000000,   0.0000000000,   1.0000000000
                  </Orientation>
                  <Position type="Vector">1511.0712, 369.47446, -6149.8872</Position>
               </HpTurret02>
               <HpTurret03>
                  <Axis type="Vector">0, 1, 0</Axis>
                  <Max type="float">6.283185</Max>
                  <Min type="float">-6.283185</Min>
                  <Orientation type="Matrix">
                      -1.0000000000,   0.0000000000,   0.0000000000,
                       0.0000000000,  -1.0000000000,   0.0000000000,
                       0.0000000000,   0.0000000000,   1.0000000000
                  </Orientation>
                  <Position type="Vector">-1510.186, -798.26288, -6149.8892</Position>
               </HpTurret03>
               <HpTurret04>
                  <Axis type="Vector">0, 1, 0</Axis>
                  <Max type="float">6.283185</Max>
                  <Min type="float">-6.283185</Min>
                  <Orientation type="Matrix">
                      -1.0000000000,   0.0000000000,   0.0000000000,
                       0.0000000000,  -1.0000000000,   0.0000000000,
                       0.0000000000,   0.0000000000,   1.0000000000
                  </Orientation>
                  <Position type="Vector">1511.0709, -798.26318, -6149.8872</Position>
               </HpTurret04>
               <HpTurret05>
                  <Axis type="Vector">0, 1, 0</Axis>
                  <Max type="float">6.283185</Max>
                  <Min type="float">-6.283185</Min>
                  <Orientation type="Matrix">
                       0.0000000000,   0.0000000000,   1.0000000000,
                       0.0000000000,   1.0000000000,   0.0000000000,
                      -1.0000000000,   0.0000000000,   0.0000000000
                  </Orientation>
                  <Position type="Vector">-3152.6379, -251.85884, -3340.3787</Position>
               </HpTurret05>
               <HpTurret06>
                  <Axis type="Vector">0, 1, 0</Axis>
                  <Max type="float">6.283185</Max>
                  <Min type="float">-6.283185</Min>
                  <Orientation type="Matrix">
                       0.0000000000,   0.0000000000,  -1.0000000000,
                       0.0000000000,   1.0000000000,   0.0000000000,
                       1.0000000000,   0.0000000000,   0.0000000000
                  </Orientation>
                  <Position type="Vector">3126.1777, -251.85942, -3344.5645</Position>
               </HpTurret06>
               <HpTurret07>
                  <Axis type="Vector">0, 1, 0</Axis>
                  <Max type="float">6.283185</Max>
                  <Min type="float">-6.283185</Min>
                  <Orientation type="Matrix">
                       0.0000000000,   0.0000000000,   1.0000000000,
                       0.0000000000,  -1.0000000000,   0.0000000000,
                       1.0000000000,   0.0000000000,   0.0000000000
                  </Orientation>
                  <Position type="Vector">-3125.2839, -424.77332, -3344.5645</Position>
               </HpTurret07>
               <HpTurret08>
                  <Axis type="Vector">0, 1, 0</Axis>
                  <Max type="float">6.283185</Max>
                  <Min type="float">-6.283185</Min>
                  <Orientation type="Matrix">
                       0.0000000000,   0.0000000000,  -1.0000000000,
                       0.0000000000,  -1.0000000000,   0.0000000000,
                      -1.0000000000,   0.0000000000,   0.0000000000
                  </Orientation>
                  <Position type="Vector">3153.5325, -424.77383, -3340.3789</Position>
               </HpTurret08>
               <HpTurret09>
                  <Axis type="Vector">0, 1, 0</Axis>
                  <Max type="float">6.283185</Max>
                  <Min type="float">-6.283185</Min>
                  <Orientation type="Matrix">
                       1.0000000000,  58.336269e-09,   0.0000000000,
                     -58.336269e-09,   1.0000000000, -27.428465e-09,
                     -1.6000744e-15,  27.428465e-09,   1.0000000000
                  </Orientation>
                  <Position type="Vector">-2105.3618, -208.63042, -1128.8951</Position>
               </HpTurret09>
               <HpTurret10>
                  <Axis type="Vector">0, 1, 0</Axis>
                  <Max type="float">6.283185</Max>
                  <Min type="float">-6.283185</Min>
                  <Orientation type="Matrix">
                       1.0000000000,  116.67259e-09,   0.0000000000,
                     -116.67259e-09,   1.0000000000,  54.856798e-09,
                      6.4002847e-15, -54.856798e-09,   1.0000000000
                  </Orientation>
                  <Position type="Vector">2106.1758, -208.63078, -1128.8947</Position>
               </HpTurret10>
               <HpTurret11>
                  <Axis type="Vector">0, 1, 0</Axis>
                  <Max type="float">6.283185</Max>
                  <Min type="float">-6.283185</Min>
                  <Orientation type="Matrix">
                      -1.0000000000,   0.0000000000,   0.0000000000,
                      -0.0000000000,  -1.0000000000,   0.0000000000,
                       0.0000000000,   0.0000000000,   1.0000000000
                  </Orientation>
                  <Position type="Vector">-2247.8401, -617.86151, -924.19293</Position>
               </HpTurret11>
               <HpTurret12>
                  <Axis type="Vector">0, 1, 0</Axis>
                  <Max type="float">6.283185</Max>
                  <Min type="float">-6.283185</Min>
                  <Orientation type="Matrix">
                      -1.0000000000,   0.0000000000,   0.0000000000,
                      -0.0000000000,  -1.0000000000,   0.0000000000,
                       0.0000000000,   0.0000000000,   1.0000000000
                  </Orientation>
                  <Position type="Vector">2248.6541, -617.86182, -924.19293</Position>
               </HpTurret12>
               <HpTurret13>
                  <Axis type="Vector">0, 1, 0</Axis>
                  <Max type="float">6.283185</Max>
                  <Min type="float">-6.283185</Min>
                  <Orientation type="Matrix">
                       1.0000000000,  299.69493e-09,   0.0000000000,
                     -299.69493e-09,   1.0000000000,  558.49975e-15,
                      167.37954e-21, -558.49975e-15,   1.0000000000
                  </Orientation>
                  <Position type="Vector">-101.38138, 952.77863, -610.13989</Position>
               </HpTurret13>
               <HpTurret14>
                  <Axis type="Vector">0, 1, 0</Axis>
                  <Max type="float">6.283185</Max>
                  <Min type="float">-6.283185</Min>
                  <Orientation type="Matrix">
                       1.0000000000,  299.69485e-09,   0.0000000000,
                     -299.69485e-09,   1.0000000000,  383.96920e-15,
                      115.07359e-21, -383.96920e-15,   1.0000000000
                  </Orientation>
                  <Position type="Vector">102.27615, 952.77856, -522.8017</Position>
               </HpTurret14>
               <HpTurret15>
                  <Axis type="Vector">0, 1, 0</Axis>
                  <Max type="float">6.283185</Max>
                  <Min type="float">-6.283185</Min>
                  <Orientation type="Matrix">
                      -1.0000000000,   0.0000000000,   0.0000000000,
                      -0.0000000000,  -1.0000000000,   0.0000000000,
                       0.0000000000,   0.0000000000,   1.0000000000
                  </Orientation>
                  <Position type="Vector">-177.94841, -1217.2926, -127.09989</Position>
               </HpTurret15>
               <HpTurret16>
                  <Axis type="Vector">0, 1, 0</Axis>
                  <Max type="float">6.283185</Max>
                  <Min type="float">-6.283185</Min>
                  <Orientation type="Matrix">
                      -1.0000000000,   0.0000000000,   0.0000000000,
                      -0.0000000000,  -1.0000000000,   0.0000000000,
                       0.0000000000,   0.0000000000,   1.0000000000
                  </Orientation>
                  <Position type="Vector">178.84264, -1217.2926, -230.85048</Position>
               </HpTurret16>
               <HpTurret17>
                  <Axis type="Vector">0, 1, 0</Axis>
                  <Max type="float">6.283185</Max>
                  <Min type="float">-6.283185</Min>
                  <Orientation type="Matrix">
                      -0.9869729900,   0.0000000000,   0.0000000000,
                       0.0000000000,   0.9869729900,   0.1608839900,
                       0.0000000000,   0.1587880000,  -0.9741160300
                  </Orientation>
                  <Position type="Vector">0.89388299, 171.58008, 1833.3392</Position>
               </HpTurret17>
               <HpTurret18>
                  <Axis type="Vector">0, 1, 0</Axis>
                  <Max type="float">6.283185</Max>
                  <Min type="float">-6.283185</Min>
                  <Orientation type="Matrix">
                       0.9924259800,   0.0000000000,   0.0000000000,
                       0.0000000000,  -0.9924259800,  -0.1228430000,
                       0.0000000000,   0.1219130000,  -0.9849100100
                  </Orientation>
                  <Position type="Vector">0.26924101, -335.43619, 1833.3379</Position>
               </HpTurret18>
            </Revolute>
         </Hardpoints>
         <MultiLevel>
            <Level0>
               <VMeshPart>
                  <VMeshRef type="VMeshRef">
                     <!-- header size  --> 60,
                     <!-- vmesh lib    --> Azzameen_FB.lod0.vms,
                     <!-- start vert   --> 0,
                     <!-- num verts    --> 5943,
                     <!-- start index  --> 0,
                     <!-- num indices  --> 15945,
                     <!-- start mesh   --> 0,
                     <!-- num meshes   --> 57,
                     <!-- bounding box -->  3277.179,   2359.1499,  2025.6876,
                                           -3276.2854, -1813.8538, -6352.5713,
                     <!-- center       -->     0,          0,          0,
                     <!-- radius       --> 6352.5713
                  </VMeshRef>
               </VMeshPart>
            </Level0>
         </MultiLevel>
      </Azzameen_FB.3db>
   </UTF_ROOT>
</UTFXML>
