<?xml version="1.0" encoding="ISO-8859-1"?>
<!-- XML generated by UTFXML Version 2.2 built 19-Aug-2010 -->
<UTFXML filename="Indian_base03.cmp" path="SOLAR\new">
   <UTF_ROOT>
      <VMeshLibrary>
         <__fds9512b11.3db.lod0.vms name="1_fds9512b11.3db.lod0.vms" include="Indian_base03_cmp\lod0.vms.xml"/>
      </VMeshLibrary>
      <Cmpnd>
         <Root>
            <File_name name="File name" type="text">1_fds9512b11.3db.3db</File_name>
            <Index type="int">0</Index>
            <Object_name name="Object name" type="text">Root</Object_name>
         </Root>
      </Cmpnd>
      <__fds9512b11.3db.3db name="1_fds9512b11.3db.3db">
         <Hardpoints>
            <Fixed>
               <HpDockMountA>
                  <Orientation type="Matrix">
                       0.5000000000,   0.0000000000,  -0.8660253900,
                       0.0000000000,   1.0000000000,   0.0000000000,
                       0.8660253900,   0.0000000000,   0.5000000000
                  </Orientation>
                  <Position type="Vector">-1260.5583, 7.971725, 760</Position>
               </HpDockMountA>
               <HpDockPointA01>
                  <Orientation type="Matrix">
                       0.5000000000,   0.0000000000,  -0.8660253900,
                       0.0000000000,   1.0000000000,   0.0000000000,
                       0.8660253900,   0.0000000000,   0.5000000000
                  </Orientation>
                  <Position type="Vector">-1350, -2.9890349, 800</Position>
               </HpDockPointA01>
               <HpDockPointA02>
                  <Orientation type="Matrix">
                       0.5000000000,   0.0000000000,  -0.8660253900,
                       0.0000000000,   1.0000000000,   0.0000000000,
                       0.8660253900,   0.0000000000,   0.5000000000
                  </Orientation>
                  <Position type="Vector">-1400, -0.99527597, 830</Position>
               </HpDockPointA02>
               <HpLaunchCamA>
                  <Orientation type="Matrix">
                       1.0000000000,   0.0000000000,   0.0000000000,
                       0.0000000000,   1.0000000000,   0.0000000000,
                       0.0000000000,   0.0000000000,   1.0000000000
                  </Orientation>
                  <Position type="Vector">-1700, 5.830235, 600</Position>
               </HpLaunchCamA>
               <HpDockCamA>
                  <Orientation type="Matrix">
                     -238.41858e-09,  -0.9961943600,   0.0871557150,
                       0.9999996400, -238.41858e-09,  48.428774e-09,
                     -3.7252903e-09,   0.0871557150,   0.9961947200
                  </Orientation>
                  <Position type="Vector">-1911.1807, 0.19931699, 686.73358</Position>
               </HpDockCamA>
               <HpDockMountB>
                  <Orientation type="Matrix">
                       1.0000000000,   0.0000000000,   0.0000000000,
                       0.0000000000,   1.0000000000,   0.0000000000,
                       0.0000000000,   0.0000000000,   1.0000000000
                  </Orientation>
                  <Position type="Vector">0, 1300, -635.67981</Position>
               </HpDockMountB>
               <HpDockPointB01>
                  <Orientation type="Matrix">
                       1.0000000000,   0.0000000000,   0.0000000000,
                       0.0000000000,   1.0000000000,   0.0000000000,
                       0.0000000000,   0.0000000000,   1.0000000000
                  </Orientation>
                  <Position type="Vector">0, 1300, -1300</Position>
               </HpDockPointB01>
               <HpDockPointB02>
                  <Orientation type="Matrix">
                       1.0000000000,   0.0000000000,   0.0000000000,
                       0.0000000000,   1.0000000000,   0.0000000000,
                       0.0000000000,   0.0000000000,   1.0000000000
                  </Orientation>
                  <Position type="Vector">0, 1300, -1350</Position>
               </HpDockPointB02>
               <HpDockMountC>
                  <Orientation type="Matrix">
                       1.0000000000,   0.0000000000,   0.0000000000,
                       0.0000000000,   1.0000000000,   0.0000000000,
                       0.0000000000,   0.0000000000,   1.0000000000
                  </Orientation>
                  <Position type="Vector">0, 300, 1500</Position>
               </HpDockMountC>
               <HpDockPointC01>
                  <Orientation type="Matrix">
                       1.0000000000,   0.0000000000,   0.0000000000,
                       0.0000000000,   1.0000000000,   0.0000000000,
                       0.0000000000,   0.0000000000,   1.0000000000
                  </Orientation>
                  <Position type="Vector">0, 300, 1700</Position>
               </HpDockPointC01>
               <HpDockPointC02>
                  <Orientation type="Matrix">
                       1.0000000000,   0.0000000000,   0.0000000000,
                       0.0000000000,   1.0000000000,   0.0000000000,
                       0.0000000000,   0.0000000000,   1.0000000000
                  </Orientation>
                  <Position type="Vector">0, 300, 1800</Position>
               </HpDockPointC02>
            </Fixed>
            <Revolute>
               <HpTurret01>
                  <Axis type="Vector">0, 1, 0</Axis>
                  <Max type="float">6.2657318</Max>
                  <Min type="float">-6.2657318</Min>
                  <Orientation type="Matrix">
                     -119.20929e-09,   0.4067364900,  -0.9135451300,
                      -0.9999996400,  119.20929e-09,  447.03484e-09,
                       0.0000000000,   0.9135451300,   0.4067368500
                  </Orientation>
                  <Position type="Vector">-945.00421, 427.83771, 650</Position>
               </HpTurret01>
               <HpTurret02>
                  <Axis type="Vector">0, 1, 0</Axis>
                  <Max type="float">6.2657318</Max>
                  <Min type="float">-6.2657318</Min>
                  <Orientation type="Matrix">
                     -119.20929e-09,   0.4067364900,  -0.9135451300,
                      -0.9999996400,  119.20929e-09,  447.03484e-09,
                       0.0000000000,   0.9135451300,   0.4067368500
                  </Orientation>
                  <Position type="Vector">-973.47559, 439.24878, 585</Position>
               </HpTurret02>
               <HpTurret03>
                  <Axis type="Vector">0, 1, 0</Axis>
                  <Max type="float">6.0213861</Max>
                  <Min type="float">-6.0213861</Min>
                  <Orientation type="Matrix">
                     -119.20929e-09,  -0.4067364900,  -0.9135451300,
                       0.9999996400,  119.20929e-09, -447.03484e-09,
                       0.0000000000,  -0.9135451300,   0.4067368500
                  </Orientation>
                  <Position type="Vector">-952.79327, -438.09067, 651</Position>
               </HpTurret03>
               <HpTurret04>
                  <Axis type="Vector">0, 1, 0</Axis>
                  <Max type="float">6.0213861</Max>
                  <Min type="float">-6.0213861</Min>
                  <Orientation type="Matrix">
                     -119.20929e-09,   0.4067364900,  -0.9135451300,
                      -0.9999996400,  119.20929e-09,  447.03484e-09,
                       0.0000000000,   0.9135451300,   0.4067368500
                  </Orientation>
                  <Position type="Vector">-975.57013, -436.10938, 585</Position>
               </HpTurret04>
               <HpTurret05>
                  <Axis type="Vector">0, 1, 0</Axis>
                  <Max type="float">4.2760568</Max>
                  <Min type="float">-4.2760568</Min>
                  <Orientation type="Matrix">
                     -119.20929e-09,  -0.4067364900,   0.9135451300,
                       0.9999996400,  119.20929e-09,  447.03484e-09,
                       0.0000000000,   0.9135451300,   0.4067368500
                  </Orientation>
                  <Position type="Vector">946.38922, -476.91522, 620</Position>
               </HpTurret05>
               <HpTurret06>
                  <Axis type="Vector">0, 1, 0</Axis>
                  <Max type="float">4.2760568</Max>
                  <Min type="float">-4.2760568</Min>
                  <Orientation type="Matrix">
                     -119.20929e-09,   0.4067364900,   0.9135451300,
                      -0.9999996400,  119.20929e-09, -447.03484e-09,
                       0.0000000000,  -0.9135451300,   0.4067368500
                  </Orientation>
                  <Position type="Vector">960.03754, -472.14972, 548.5</Position>
               </HpTurret06>
               <HpTurret07>
                  <Axis type="Vector">0, 1, 0</Axis>
                  <Max type="float">4.2760568</Max>
                  <Min type="float">-4.2760568</Min>
                  <Orientation type="Matrix">
                     -119.20929e-09,   0.4067364900,   0.9135451300,
                      -0.9999996400,  119.20929e-09, -447.03484e-09,
                       0.0000000000,  -0.9135451300,   0.4067368500
                  </Orientation>
                  <Position type="Vector">991.28424, 452.40405, 560</Position>
               </HpTurret07>
               <HpTurret08>
                  <Axis type="Vector">0, 1, 0</Axis>
                  <Max type="float">4.2760568</Max>
                  <Min type="float">-4.2760568</Min>
                  <Orientation type="Matrix">
                     -119.20929e-09,  -0.4067364900,   0.9135451300,
                       0.9999996400,  119.20929e-09,  447.03484e-09,
                       0.0000000000,   0.9135451300,   0.4067368500
                  </Orientation>
                  <Position type="Vector">968.71796, 470.5097, 627.5</Position>
               </HpTurret08>
               <HpTurret09>
                  <Axis type="Vector">0, 1, 0</Axis>
                  <Max type="float">4.2760568</Max>
                  <Min type="float">-4.2760568</Min>
                  <Orientation type="Matrix">
                     -119.20929e-09,   0.9999996400,   0.0000000000,
                      -0.9999996400, -119.20929e-09,   0.0000000000,
                       0.0000000000,   0.0000000000,   1.0000000000
                  </Orientation>
                  <Position type="Vector">25, -442.18866, -1115</Position>
               </HpTurret09>
               <HpTurret10>
                  <Axis type="Vector">0, 1, 0</Axis>
                  <Max type="float">4.2760568</Max>
                  <Min type="float">-4.2760568</Min>
                  <Orientation type="Matrix">
                     -119.20929e-09,  -0.9999996400,  -0.0000000000,
                       0.9999996400, -119.20929e-09,   0.0000000000,
                       0.0000000000,  -0.0000000000,   1.0000000000
                  </Orientation>
                  <Position type="Vector">-45, -437.15234, -1111.751</Position>
               </HpTurret10>
               <HpTurret11>
                  <Axis type="Vector">0, 1, 0</Axis>
                  <Max type="float">4.2760568</Max>
                  <Min type="float">-4.2760568</Min>
                  <Orientation type="Matrix">
                     -119.20929e-09,  -0.9999996400,  -0.0000000000,
                       0.9999996400, -119.20929e-09,   0.0000000000,
                       0.0000000000,  -0.0000000000,   1.0000000000
                  </Orientation>
                  <Position type="Vector">-40, 438.90833, -1111.6658</Position>
               </HpTurret11>
               <HpTurret12>
                  <Axis type="Vector">0, 1, 0</Axis>
                  <Max type="float">4.2760568</Max>
                  <Min type="float">-4.2760568</Min>
                  <Orientation type="Matrix">
                     -119.20929e-09,   0.9999996400,   0.0000000000,
                      -0.9999996400, -119.20929e-09,   0.0000000000,
                       0.0000000000,   0.0000000000,   1.0000000000
                  </Orientation>
                  <Position type="Vector">30, 441.56189, -1111.177</Position>
               </HpTurret12>
               <HpTurret13>
                  <Axis type="Vector">0, 1, 0</Axis>
                  <Max type="float">2.5307274</Max>
                  <Min type="float">-2.5307274</Min>
                  <Orientation type="Matrix">
                       0.5000000000,   0.0000000000,  -0.8660253900,
                       0.0000000000,   1.0000000000,   0.0000000000,
                       0.8660253900,   0.0000000000,   0.5000000000
                  </Orientation>
                  <Position type="Vector">465.07886, 218.7841, -283.95972</Position>
               </HpTurret13>
               <HpTurret14>
                  <Axis type="Vector">0, 1, 0</Axis>
                  <Max type="float">2.5307274</Max>
                  <Min type="float">-2.5307274</Min>
                  <Orientation type="Matrix">
                      -0.5000000000,   0.0000000000,  -0.8660253900,
                     -75.714787e-09,  -1.0000000000,  43.713953e-09,
                      -0.8660253900,  87.427907e-09,   0.5000000000
                  </Orientation>
                  <Position type="Vector">455.10144, -187.7272, -280.29965</Position>
               </HpTurret14>
               <HpTurret15>
                  <Axis type="Vector">0, 1, 0</Axis>
                  <Max type="float">2.5307274</Max>
                  <Min type="float">-2.5307274</Min>
                  <Orientation type="Matrix">
                       0.5000000000,   0.0000000000,   0.8660253900,
                      -0.0000000000,   1.0000000000,   0.0000000000,
                      -0.8660253900,  -0.0000000000,   0.5000000000
                  </Orientation>
                  <Position type="Vector">-464.94775, 226.08682, -278.4035</Position>
               </HpTurret15>
               <HpTurret16>
                  <Axis type="Vector">0, 1, 0</Axis>
                  <Max type="float">2.5307274</Max>
                  <Min type="float">-2.5307274</Min>
                  <Orientation type="Matrix">
                      -0.5000000000,   0.0000000000,   0.8660253900,
                      75.714787e-09,  -1.0000000000,  43.713953e-09,
                       0.8660253900,  87.427907e-09,   0.5000000000
                  </Orientation>
                  <Position type="Vector">-468.87326, -183.26047, -275.89572</Position>
               </HpTurret16>
            </Revolute>
         </Hardpoints>
         <MultiLevel>
            <Level0>
               <VMeshPart>
                  <VMeshRef type="VMeshRef">
                     <!-- header size  --> 60,
                     <!-- vmesh lib    --> 1_fds9512b11.3db.lod0.vms,
                     <!-- start vert   --> 0,
                     <!-- num verts    --> 6539,
                     <!-- start index  --> 0,
                     <!-- num indices  --> 12033,
                     <!-- start mesh   --> 0,
                     <!-- num meshes   --> 3,
                     <!-- bounding box -->  1396.6949,    1003.7525,    1411.145,
                                           -1390.4926,    -965.30249,  -1379.632,
                     <!-- center       -->     3.1011963,   19.225006,    15.756531,
                     <!-- radius       --> 2780.9639
                  </VMeshRef>
               </VMeshPart>
            </Level0>
         </MultiLevel>
      </__fds9512b11.3db.3db>
      <Material_library name="Material library">
         <__fds9512b11 name="1_fds9512b11">
            <Dt_flags type="int">0x40</Dt_flags>
            <Dt_name type="text">1_fds9512b11.tga</Dt_name>
            <Type type="text">DcDt</Type>
         </__fds9512b11>
         <__fds9512c11 name="2_fds9512c11">
            <Dt_flags type="int">0x40</Dt_flags>
            <Dt_name type="text">2_fds9512c11.tga</Dt_name>
            <Type type="text">DcDt</Type>
         </__fds9512c11>
         <__fds9512a11 name="3_fds9512a11">
            <Dt_flags type="int">0x40</Dt_flags>
            <Dt_name type="text">3_fds9512a11.tga</Dt_name>
            <Type type="text">DcDt</Type>
         </__fds9512a11>
         <Material_count name="Material count" type="int">3</Material_count>
      </Material_library>
      <Texture_library name="Texture library">
         <__fds9512b11.tga name="1_fds9512b11.tga">
            <MIPS type="file" filename="Indian_base03_cmp\1_fds9512b11.dds"/>
         </__fds9512b11.tga>
         <__fds9512c11.tga name="2_fds9512c11.tga">
            <MIPS type="file" filename="Indian_base03_cmp\2_fds9512c11.dds"/>
         </__fds9512c11.tga>
         <__fds9512a11.tga name="3_fds9512a11.tga">
            <MIPS type="file" filename="Indian_base03_cmp\3_fds9512a11.dds"/>
         </__fds9512a11.tga>
      </Texture_library>
   </UTF_ROOT>
</UTFXML>
