<?xml version="1.0" encoding="ISO-8859-1"?>
<!-- XML generated by UTFXML Version 2.2 built 19-Aug-2010 -->
<UTFXML filename="new_platform_standard.cmp" path="SOLAR\new">
   <UTF_ROOT>
      <VMeshLibrary>
         <Box011.3db.lod0.vms include="new_platform_standard_cmp\lod0.vms.xml"/>
      </VMeshLibrary>
      <Cmpnd>
         <Cons>
            <Fix type="Fix" count="8">
               <part>
                  <!-- parent      --> "Root",
                  <!-- child       --> "CPButtons_lod1",
                  <!-- position    --> 0, 0, 0,
                  <!-- orientation -->   1.0000000000,   0.0000000000,   0.0000000000,
                                         0.0000000000,   1.0000000000,   0.0000000000,
                                         0.0000000000,   0.0000000000,   1.0000000000
               </part>
               <part>
                  <!-- parent      --> "Root",
                  <!-- child       --> "TurretMidHub_lod1",
                  <!-- position    --> 0, 0, 0,
                  <!-- orientation -->   1.0000000000,   0.0000000000,   0.0000000000,
                                         0.0000000000,   1.0000000000,   0.0000000000,
                                         0.0000000000,   0.0000000000,   1.0000000000
               </part>
               <part>
                  <!-- parent      --> "Root",
                  <!-- child       --> "ConnectionHub01_lod1",
                  <!-- position    --> 0, 0, 0,
                  <!-- orientation -->   1.0000000000,   0.0000000000,   0.0000000000,
                                         0.0000000000,   1.0000000000,   0.0000000000,
                                         0.0000000000,   0.0000000000,   1.0000000000
               </part>
               <part>
                  <!-- parent      --> "Root",
                  <!-- child       --> "ConnectionHub02_lod1",
                  <!-- position    --> 0, 0, 0,
                  <!-- orientation -->   1.0000000000,   0.0000000000,   0.0000000000,
                                         0.0000000000,   1.0000000000,   0.0000000000,
                                         0.0000000000,   0.0000000000,   1.0000000000
               </part>
               <part>
                  <!-- parent      --> "Root",
                  <!-- child       --> "ConnectionHub03_lod1",
                  <!-- position    --> 0, 0, 0,
                  <!-- orientation -->   1.0000000000,   0.0000000000,   0.0000000000,
                                         0.0000000000,   1.0000000000,   0.0000000000,
                                         0.0000000000,   0.0000000000,   1.0000000000
               </part>
               <part>
                  <!-- parent      --> "Root",
                  <!-- child       --> "ConnectionHub04_lod1",
                  <!-- position    --> 0, 0, 0,
                  <!-- orientation -->   1.0000000000,   0.0000000000,   0.0000000000,
                                         0.0000000000,   1.0000000000,   0.0000000000,
                                         0.0000000000,   0.0000000000,   1.0000000000
               </part>
               <part>
                  <!-- parent      --> "Root",
                  <!-- child       --> "ConnectionHub05_lod1",
                  <!-- position    --> 0, 0, 0,
                  <!-- orientation -->   1.0000000000,   0.0000000000,   0.0000000000,
                                         0.0000000000,   1.0000000000,   0.0000000000,
                                         0.0000000000,   0.0000000000,   1.0000000000
               </part>
               <part>
                  <!-- parent      --> "Root",
                  <!-- child       --> "ConnectionHub06_lod1",
                  <!-- position    --> 0, 0, 0,
                  <!-- orientation -->   1.0000000000,   0.0000000000,   0.0000000000,
                                         0.0000000000,   1.0000000000,   0.0000000000,
                                         0.0000000000,   0.0000000000,   1.0000000000
               </part>
            </Fix>
         </Cons>
         <Root>
            <File_name name="File name" type="text">Box011.3db_lod1.3db</File_name>
            <Index type="int">0</Index>
            <Object_name name="Object name" type="text">Root</Object_name>
         </Root>
         <Part_CPButtons_lod1>
            <File_name name="File name" type="text">CPButtons_lod1.3db</File_name>
            <Index type="int">1</Index>
            <Object_name name="Object name" type="text">CPButtons_lod1</Object_name>
         </Part_CPButtons_lod1>
         <Part_TurretMidHub_lod1>
            <File_name name="File name" type="text">TurretMidHub_lod1.3db</File_name>
            <Index type="int">2</Index>
            <Object_name name="Object name" type="text">TurretMidHub_lod1</Object_name>
         </Part_TurretMidHub_lod1>
         <Part_ConnectionHub01_lod1>
            <File_name name="File name" type="text">ConnectionHub01_lod1.3db</File_name>
            <Index type="int">3</Index>
            <Object_name name="Object name" type="text">ConnectionHub01_lod1</Object_name>
         </Part_ConnectionHub01_lod1>
         <Part_ConnectionHub02_lod1>
            <File_name name="File name" type="text">ConnectionHub02_lod1.3db</File_name>
            <Index type="int">4</Index>
            <Object_name name="Object name" type="text">ConnectionHub02_lod1</Object_name>
         </Part_ConnectionHub02_lod1>
         <Part_ConnectionHub03_lod1>
            <File_name name="File name" type="text">ConnectionHub03_lod1.3db</File_name>
            <Index type="int">5</Index>
            <Object_name name="Object name" type="text">ConnectionHub03_lod1</Object_name>
         </Part_ConnectionHub03_lod1>
         <Part_ConnectionHub04_lod1>
            <File_name name="File name" type="text">ConnectionHub04_lod1.3db</File_name>
            <Index type="int">6</Index>
            <Object_name name="Object name" type="text">ConnectionHub04_lod1</Object_name>
         </Part_ConnectionHub04_lod1>
         <Part_ConnectionHub05_lod1>
            <File_name name="File name" type="text">ConnectionHub05_lod1.3db</File_name>
            <Index type="int">7</Index>
            <Object_name name="Object name" type="text">ConnectionHub05_lod1</Object_name>
         </Part_ConnectionHub05_lod1>
         <Part_ConnectionHub06_lod1>
            <File_name name="File name" type="text">ConnectionHub06_lod1.3db</File_name>
            <Index type="int">8</Index>
            <Object_name name="Object name" type="text">ConnectionHub06_lod1</Object_name>
         </Part_ConnectionHub06_lod1>
      </Cmpnd>
      <Box011.3db_lod1.3db>
         <MultiLevel>
            <Level0>
               <VMeshPart>
                  <VMeshRef type="VMeshRef">
                     <!-- header size  --> 60,
                     <!-- vmesh lib    --> Box011.3db.lod0.vms,
                     <!-- start vert   --> 0,
                     <!-- num verts    --> 2947,
                     <!-- start index  --> 0,
                     <!-- num indices  --> 3840,
                     <!-- start mesh   --> 0,
                     <!-- num meshes   --> 7,
                     <!-- bounding box -->  60.771729,      12.979213,  30.510538,
                                           -60.771725,     -12.979213, -30.2612,
                     <!-- center       -->   1.9073486e-6,   0,          0.12466908,
                     <!-- radius       --> 86.535355
                  </VMeshRef>
               </VMeshPart>
            </Level0>
         </MultiLevel>
         <Hardpoints>
            <Fixed>
               <HpRunningLight01>
                  <Orientation type="Matrix">
                       0.6246952400,   0.7808686500,   0.0000000000,
                      -0.7808686500,   0.6246952400, -546.46591e-09,
                     -426.71809e-09,  341.37466e-09,   1.0000000000
                  </Orientation>
                  <Position type="Vector">-17.416668, 11.38, -0.13333334</Position>
               </HpRunningLight01>
               <HpRunningLight02>
                  <Orientation type="Matrix">
                       0.6246959600,  -0.7808680500,   0.0000000000,
                       0.7808680500,   0.6246959600, -64.290226e-09,
                      50.202186e-09,  40.161844e-09,   1.0000000000
                  </Orientation>
                  <Position type="Vector">-43.716667, 11.38, -0.13333334</Position>
               </HpRunningLight02>
               <HpRunningLight03>
                  <Orientation type="Matrix">
                       1.0000000000, -308.74341e-09,   0.0000000000,
                      308.74341e-09,   1.0000000000,  525.25036e-09,
                     -162.16759e-15, -525.25036e-09,   1.0000000000
                  </Orientation>
                  <Position type="Vector">-30.566668, 11.38, -13.233334</Position>
               </HpRunningLight03>
               <HpRunningLight04>
                  <Orientation type="Matrix">
                       0.6246951200,  -0.0000000000,   0.0000000000,
                       0.0000000000,   0.6246951200,   0.7808687700,
                      -0.0000000000,  -0.4878049200,   0.3902440100
                  </Orientation>
                  <Position type="Vector">-30.566668, 11.38, 12.966667</Position>
               </HpRunningLight04>
               <HpRunningLight05>
                  <Orientation type="Matrix">
                       0.6246954200,  -0.7808685300,   0.0000000000,
                       0.7808685300,   0.6246954200, -64.290170e-09,
                      50.202171e-09,  40.161776e-09,   1.0000000000
                  </Orientation>
                  <Position type="Vector">17.083334, 11.38, -0.13333334</Position>
               </HpRunningLight05>
               <HpRunningLight06>
                  <Orientation type="Matrix">
                       0.6246958400,   0.7808681700,   0.0000000000,
                      -0.7808681700,   0.6246958400, -707.19085e-09,
                     -552.22284e-09,  441.77918e-09,   1.0000000000
                  </Orientation>
                  <Position type="Vector">43.383335, 11.38, -0.13333334</Position>
               </HpRunningLight06>
               <HpRunningLight07>
                  <Orientation type="Matrix">
                       1.0000000000, -308.74347e-09,   0.0000000000,
                      308.74347e-09,   1.0000000000,  525.25030e-09,
                     -162.16760e-15, -525.25030e-09,   1.0000000000
                  </Orientation>
                  <Position type="Vector">30.233334, 11.38, -13.233334</Position>
               </HpRunningLight07>
               <HpRunningLight08>
                  <Orientation type="Matrix">
                       0.6246951200,  -0.0000000000,   0.0000000000,
                       0.0000000000,   0.6246951200,   0.7808687700,
                      -0.0000000000,  -0.4878049200,   0.3902440100
                  </Orientation>
                  <Position type="Vector">30.233334, 11.38, 12.966667</Position>
               </HpRunningLight08>
               <HpRunningLight09>
                  <Orientation type="Matrix">
                      -0.6246953000,   0.7808686500,   0.0000000000,
                      -0.7808686500,  -0.6246953000, -546.46586e-09,
                     -426.71806e-09, -341.37466e-09,   1.0000000000
                  </Orientation>
                  <Position type="Vector">-17.416668, -11.38, -0.13333334</Position>
               </HpRunningLight09>
               <HpRunningLight10>
                  <Orientation type="Matrix">
                      -0.6246959600,  -0.7808680500,   0.0000000000,
                       0.7808680500,  -0.6246959600, -64.290226e-09,
                      50.202186e-09, -40.161844e-09,   1.0000000000
                  </Orientation>
                  <Position type="Vector">-43.716667, -11.38, -0.13333334</Position>
               </HpRunningLight10>
               <HpRunningLight11>
                  <Orientation type="Matrix">
                      -1.0000000000, -308.74341e-09,   0.0000000000,
                      308.74341e-09,  -1.0000000000,  425.90923e-09,
                     -131.49667e-15,  425.90923e-09,   1.0000000000
                  </Orientation>
                  <Position type="Vector">-30.566668, -11.38, -13.233334</Position>
               </HpRunningLight11>
               <HpRunningLight12>
                  <Orientation type="Matrix">
                      -0.6246951200,   0.0000000000,   0.0000000000,
                      -0.0000000000,  -0.6246951200,   0.7808687700,
                       0.0000000000,   0.4878049200,   0.3902440100
                  </Orientation>
                  <Position type="Vector">-30.566668, -11.38, 12.966667</Position>
               </HpRunningLight12>
               <HpRunningLight13>
                  <Orientation type="Matrix">
                      -0.6246954200,  -0.7808685300,   0.0000000000,
                       0.7808685300,  -0.6246954200, -64.290170e-09,
                      50.202171e-09, -40.161776e-09,   1.0000000000
                  </Orientation>
                  <Position type="Vector">17.083334, -11.38, -0.13333334</Position>
               </HpRunningLight13>
               <HpRunningLight14>
                  <Orientation type="Matrix">
                      -0.6246957800,   0.7808682300,   0.0000000000,
                      -0.7808682300,  -0.6246957800, -707.19085e-09,
                     -552.22284e-09, -441.77915e-09,   1.0000000000
                  </Orientation>
                  <Position type="Vector">43.383335, -11.38, -0.13333334</Position>
               </HpRunningLight14>
               <HpRunningLight15>
                  <Orientation type="Matrix">
                      -1.0000000000, -308.74347e-09,   0.0000000000,
                      308.74347e-09,  -1.0000000000,  425.90918e-09,
                     -131.49667e-15,  425.90918e-09,   1.0000000000
                  </Orientation>
                  <Position type="Vector">30.233334, -11.38, -13.233334</Position>
               </HpRunningLight15>
               <HpRunningLight16>
                  <Orientation type="Matrix">
                      -0.6246951200,   0.0000000000,   0.0000000000,
                      -0.0000000000,  -0.6246951200,   0.7808687700,
                       0.0000000000,   0.4878049200,   0.3902440100
                  </Orientation>
                  <Position type="Vector">30.233334, -11.38, 12.966667</Position>
               </HpRunningLight16>
            </Fixed>
            <Revolute>
               <HpTurret01>
                  <Axis type="Vector">0, 1, 0</Axis>
                  <Max type="float">6.283185</Max>
                  <Min type="float">-6.283185</Min>
                  <Orientation type="Matrix">
                       1.0000000000,  144.41045e-09,   0.0000000000,
                     -144.41045e-09,   1.0000000000, -348.63771e-09,
                     -50.346930e-15,  348.63771e-09,   1.0000000000
                  </Orientation>
                  <Position type="Vector">-30.566668, 13, -0.13333334</Position>
               </HpTurret01>
               <HpTurret02>
                  <Axis type="Vector">0, 1, 0</Axis>
                  <Max type="float">6.283185</Max>
                  <Min type="float">-6.283185</Min>
                  <Orientation type="Matrix">
                       1.0000000000,  144.41046e-09,   0.0000000000,
                     -144.41046e-09,   1.0000000000, -348.63774e-09,
                     -50.346937e-15,  348.63774e-09,   1.0000000000
                  </Orientation>
                  <Position type="Vector">30.233334, 13, -0.13333334</Position>
               </HpTurret02>
               <HpTurret03>
                  <Axis type="Vector">0, 1, 0</Axis>
                  <Max type="float">6.283185</Max>
                  <Min type="float">-6.283185</Min>
                  <Orientation type="Matrix">
                      -1.0000000000,  348.63780e-09,   0.0000000000,
                     -348.63780e-09,  -1.0000000000,  144.41048e-09,
                      50.346951e-15,  144.41048e-09,   1.0000000000
                  </Orientation>
                  <Position type="Vector">-30.233334, -13, -0.13333334</Position>
               </HpTurret03>
               <HpTurret04>
                  <Axis type="Vector">0, 1, 0</Axis>
                  <Max type="float">6.283185</Max>
                  <Min type="float">-6.283185</Min>
                  <Orientation type="Matrix">
                      -1.0000000000,  348.63800e-09,   0.0000000000,
                     -348.63800e-09,  -1.0000000000,  144.41062e-09,
                      50.347029e-15,  144.41062e-09,   1.0000000000
                  </Orientation>
                  <Position type="Vector">30.566668, -13, -0.13333334</Position>
               </HpTurret04>
            </Revolute>
         </Hardpoints>
      </Box011.3db_lod1.3db>
      <CPButtons_lod1.3db>
         <MultiLevel>
            <Level0>
               <VMeshPart>
                  <VMeshRef type="VMeshRef">
                     <!-- header size  --> 60,
                     <!-- vmesh lib    --> Box011.3db.lod0.vms,
                     <!-- start vert   --> 2947,
                     <!-- num verts    --> 20,
                     <!-- start index  --> 3840,
                     <!-- num indices  --> 36,
                     <!-- start mesh   --> 7,
                     <!-- num meshes   --> 1,
                     <!-- bounding box -->  60.771729,      12.979213,  30.510538,
                                           -60.771725,     -12.979213, -30.2612,
                     <!-- center       -->   1.9073486e-6,   0,          0.12466908,
                     <!-- radius       --> 86.535355
                  </VMeshRef>
               </VMeshPart>
            </Level0>
         </MultiLevel>
      </CPButtons_lod1.3db>
      <TurretMidHub_lod1.3db>
         <MultiLevel>
            <Level0>
               <VMeshPart>
                  <VMeshRef type="VMeshRef">
                     <!-- header size  --> 60,
                     <!-- vmesh lib    --> Box011.3db.lod0.vms,
                     <!-- start vert   --> 2967,
                     <!-- num verts    --> 20,
                     <!-- start index  --> 3876,
                     <!-- num indices  --> 36,
                     <!-- start mesh   --> 8,
                     <!-- num meshes   --> 1,
                     <!-- bounding box -->  60.771729,      12.979213,  30.510538,
                                           -60.771725,     -12.979213, -30.2612,
                     <!-- center       -->   1.9073486e-6,   0,          0.12466908,
                     <!-- radius       --> 86.535355
                  </VMeshRef>
               </VMeshPart>
            </Level0>
         </MultiLevel>
      </TurretMidHub_lod1.3db>
      <ConnectionHub01_lod1.3db>
         <MultiLevel>
            <Level0>
               <VMeshPart>
                  <VMeshRef type="VMeshRef">
                     <!-- header size  --> 60,
                     <!-- vmesh lib    --> Box011.3db.lod0.vms,
                     <!-- start vert   --> 2987,
                     <!-- num verts    --> 20,
                     <!-- start index  --> 3912,
                     <!-- num indices  --> 36,
                     <!-- start mesh   --> 9,
                     <!-- num meshes   --> 1,
                     <!-- bounding box -->  60.771729,      12.979213,  30.510538,
                                           -60.771725,     -12.979213, -30.2612,
                     <!-- center       -->   1.9073486e-6,   0,          0.12466908,
                     <!-- radius       --> 86.535355
                  </VMeshRef>
               </VMeshPart>
            </Level0>
         </MultiLevel>
      </ConnectionHub01_lod1.3db>
      <ConnectionHub02_lod1.3db>
         <MultiLevel>
            <Level0>
               <VMeshPart>
                  <VMeshRef type="VMeshRef">
                     <!-- header size  --> 60,
                     <!-- vmesh lib    --> Box011.3db.lod0.vms,
                     <!-- start vert   --> 3007,
                     <!-- num verts    --> 20,
                     <!-- start index  --> 3948,
                     <!-- num indices  --> 36,
                     <!-- start mesh   --> 10,
                     <!-- num meshes   --> 1,
                     <!-- bounding box -->  60.771729,      12.979213,  30.510538,
                                           -60.771725,     -12.979213, -30.2612,
                     <!-- center       -->   1.9073486e-6,   0,          0.12466908,
                     <!-- radius       --> 86.535355
                  </VMeshRef>
               </VMeshPart>
            </Level0>
         </MultiLevel>
      </ConnectionHub02_lod1.3db>
      <ConnectionHub03_lod1.3db>
         <MultiLevel>
            <Level0>
               <VMeshPart>
                  <VMeshRef type="VMeshRef">
                     <!-- header size  --> 60,
                     <!-- vmesh lib    --> Box011.3db.lod0.vms,
                     <!-- start vert   --> 3027,
                     <!-- num verts    --> 20,
                     <!-- start index  --> 3984,
                     <!-- num indices  --> 36,
                     <!-- start mesh   --> 11,
                     <!-- num meshes   --> 1,
                     <!-- bounding box -->  60.771729,      12.979213,  30.510538,
                                           -60.771725,     -12.979213, -30.2612,
                     <!-- center       -->   1.9073486e-6,   0,          0.12466908,
                     <!-- radius       --> 86.535355
                  </VMeshRef>
               </VMeshPart>
            </Level0>
         </MultiLevel>
      </ConnectionHub03_lod1.3db>
      <ConnectionHub04_lod1.3db>
         <MultiLevel>
            <Level0>
               <VMeshPart>
                  <VMeshRef type="VMeshRef">
                     <!-- header size  --> 60,
                     <!-- vmesh lib    --> Box011.3db.lod0.vms,
                     <!-- start vert   --> 3047,
                     <!-- num verts    --> 20,
                     <!-- start index  --> 4020,
                     <!-- num indices  --> 36,
                     <!-- start mesh   --> 12,
                     <!-- num meshes   --> 1,
                     <!-- bounding box -->  60.771729,      12.979213,  30.510538,
                                           -60.771725,     -12.979213, -30.2612,
                     <!-- center       -->   1.9073486e-6,   0,          0.12466908,
                     <!-- radius       --> 86.535355
                  </VMeshRef>
               </VMeshPart>
            </Level0>
         </MultiLevel>
      </ConnectionHub04_lod1.3db>
      <ConnectionHub05_lod1.3db>
         <MultiLevel>
            <Level0>
               <VMeshPart>
                  <VMeshRef type="VMeshRef">
                     <!-- header size  --> 60,
                     <!-- vmesh lib    --> Box011.3db.lod0.vms,
                     <!-- start vert   --> 3067,
                     <!-- num verts    --> 20,
                     <!-- start index  --> 4056,
                     <!-- num indices  --> 36,
                     <!-- start mesh   --> 13,
                     <!-- num meshes   --> 1,
                     <!-- bounding box -->  60.771729,      12.979213,  30.510538,
                                           -60.771725,     -12.979213, -30.2612,
                     <!-- center       -->   1.9073486e-6,   0,          0.12466908,
                     <!-- radius       --> 86.535355
                  </VMeshRef>
               </VMeshPart>
            </Level0>
         </MultiLevel>
      </ConnectionHub05_lod1.3db>
      <ConnectionHub06_lod1.3db>
         <MultiLevel>
            <Level0>
               <VMeshPart>
                  <VMeshRef type="VMeshRef">
                     <!-- header size  --> 60,
                     <!-- vmesh lib    --> Box011.3db.lod0.vms,
                     <!-- start vert   --> 3087,
                     <!-- num verts    --> 20,
                     <!-- start index  --> 4092,
                     <!-- num indices  --> 36,
                     <!-- start mesh   --> 14,
                     <!-- num meshes   --> 1,
                     <!-- bounding box -->  60.771729,      12.979213,  30.510538,
                                           -60.771725,     -12.979213, -30.2612,
                     <!-- center       -->   1.9073486e-6,   0,          0.12466908,
                     <!-- radius       --> 86.535355
                  </VMeshRef>
               </VMeshPart>
            </Level0>
         </MultiLevel>
      </ConnectionHub06_lod1.3db>
   </UTF_ROOT>
</UTFXML>
