<?xml version="1.0" encoding="ISO-8859-1"?>
<!-- XML generated by UTFXML Version 2.2 built 19-Aug-2010 -->
<UTFXML filename="pyramid.cmp" path="SOLAR\new">
   <UTF_ROOT>
      <VMeshLibrary>
         <pyramid.lod0-112.vms include="pyramid_cmp\lod0-112.vms.xml"/>
      </VMeshLibrary>
      <Exporter_Version name="Exporter Version" type="text">Export</Exporter_Version>
      <Cmpnd>
         <Root>
            <Object_name name="Object name" type="text">Root</Object_name>
            <Index type="int">0</Index>
            <File_name name="File name" type="text">pyramid.3db</File_name>
         </Root>
      </Cmpnd>
      <pyramid.3db>
         <VMeshPart>
            <VMeshRef type="VMeshRef">
               <!-- header size  --> 60,
               <!-- vmesh lib    --> pyramid.lod0-112.vms,
               <!-- start vert   --> 0,
               <!-- num verts    --> 5959,
               <!-- start index  --> 0,
               <!-- num indices  --> 31680,
               <!-- start mesh   --> 0,
               <!-- num meshes   --> 8,
               <!-- bounding box -->  3176.4917,        3556.1948,   3176.4661,
                                     -3176.4763,       -2391.4385,  -3176.5027,
               <!-- center       -->     0.0076904297,   582.37817,    -0.018310547,
               <!-- radius       --> 4917.0991
            </VMeshRef>
         </VMeshPart>
         <VMeshWire include="pyramid_cmp\pyramid.vwd.xml"/>
         <Hardpoints>
            <Fixed>
               <HpDockMountA>
                  <Position type="Vector">0, -4800, -0</Position>
                  <Orientation type="Matrix">
                       1.0000000000,   0.0000000000,  -0.0000000000,
                       0.0000000000,   1.0000000000,  -0.0000000000,
                      -0.0000000000,  -0.0000000000,   1.0000000000
                  </Orientation>
               </HpDockMountA>
               <HpDockPointA01>
                  <Position type="Vector">0, -4800, -0</Position>
                  <Orientation type="Matrix">
                       1.0000000000,   0.0000000000,  -0.0000000000,
                       0.0000000000,   1.0000000000,  -0.0000000000,
                      -0.0000000000,  -0.0000000000,   1.0000000000
                  </Orientation>
               </HpDockPointA01>
               <HpDockPointA02>
                  <Position type="Vector">0, -4800, -0</Position>
                  <Orientation type="Matrix">
                       1.0000000000,   0.0000000000,  -0.0000000000,
                       0.0000000000,   1.0000000000,  -0.0000000000,
                      -0.0000000000,  -0.0000000000,   1.0000000000
                  </Orientation>
               </HpDockPointA02>
               <HpDockCamA>
                  <Position type="Vector">0, -4800, -0</Position>
                  <Orientation type="Matrix">
                     -162.92063e-09,  -0.9999996400,  -0.0000000000,
                       0.9999996400, -162.92063e-09,  -0.0000000000,
                      -0.0000000000,  -0.0000000000,   1.0000000000
                  </Orientation>
               </HpDockCamA>
               <HpLaunchCamA>
                  <Position type="Vector">0, -4800, -0</Position>
                  <Orientation type="Matrix">
                     -162.92063e-09,  -0.9999996400,  -0.0000000000,
                       0.9999996400, -162.92063e-09,  -0.0000000000,
                      -0.0000000000,  -0.0000000000,   1.0000000000
                  </Orientation>
               </HpLaunchCamA>
               <HpRunningLight01>
                  <Position type="Vector">0, 3555.9604, -0.15637201</Position>
                  <Orientation type="Matrix">
                       1.0000000000,   0.0000000000,  -0.0000000000,
                       0.0000000000,   1.0000000000,  -0.0000000000,
                      -0.0000000000,  -0.0000000000,   1.0000000000
                  </Orientation>
               </HpRunningLight01>
               <HpRunningLight02>
                  <Position type="Vector">0, 165, -0</Position>
                  <Orientation type="Matrix">
                       1.0000000000,   0.0000000000,  -0.0000000000,
                       0.0000000000,   1.0000000000,  -0.0000000000,
                      -0.0000000000,  -0.0000000000,   1.0000000000
                  </Orientation>
               </HpRunningLight02>
            </Fixed>
            <Revolute>
               <HpTurret01>
                  <Position type="Vector">0, 3555.4973, -0.42919803</Position>
                  <Orientation type="Matrix">
                       1.0000000000,   0.0000000000,  -0.0000000000,
                       0.0000000000,   1.0000000000,  -0.0000000000,
                      -0.0000000000,  -0.0000000000,   1.0000000000
                  </Orientation>
                  <Axis type="Vector">0, 1, -0</Axis>
                  <Min type="float">-3.1415927</Min>
                  <Max type="float">3.1415927</Max>
               </HpTurret01>
               <HpTurret02>
                  <Position type="Vector">-2874.9385, -1668.446, -2907.3015</Position>
                  <Orientation type="Matrix">
                       0.7193397900,   0.0000000000,   0.6946584000,
                       0.0000000000,   1.0000000000,  -0.0000000000,
                      -0.6946584000,  -0.0000000000,   0.7193397900
                  </Orientation>
                  <Axis type="Vector">0, 1, -0</Axis>
                  <Min type="float">-2.0943952</Min>
                  <Max type="float">2.0943952</Max>
               </HpTurret02>
               <HpTurret03>
                  <Position type="Vector">2862.2173, -1667.2588, -2891.9683</Position>
                  <Orientation type="Matrix">
                       0.7193398500,   0.0000000000,  -0.6946583400,
                       0.0000000000,   1.0000000000,  -0.0000000000,
                       0.6946583400,  -0.0000000000,   0.7193398500
                  </Orientation>
                  <Axis type="Vector">0, 1, -0</Axis>
                  <Min type="float">-2.0943952</Min>
                  <Max type="float">2.0943952</Max>
               </HpTurret03>
               <HpTurret04>
                  <Position type="Vector">-2840.2612, -1665.2129, 2872.4458</Position>
                  <Orientation type="Matrix">
                      -0.5591928400,   0.0000000000,   0.8290376100,
                       0.0000000000,   1.0000000000,  -0.0000000000,
                      -0.8290376100,  -0.0000000000,  -0.5591928400
                  </Orientation>
                  <Axis type="Vector">0, 1, -0</Axis>
                  <Min type="float">-2.0943952</Min>
                  <Max type="float">2.0943952</Max>
               </HpTurret04>
               <HpTurret05>
                  <Position type="Vector">2824.0293, -1663.7048, 2856.6646</Position>
                  <Orientation type="Matrix">
                      -0.5591926000,   0.0000000000,  -0.8290377900,
                       0.0000000000,   1.0000000000,  -0.0000000000,
                       0.8290377900,  -0.0000000000,  -0.5591926000
                  </Orientation>
                  <Axis type="Vector">0, 1, -0</Axis>
                  <Min type="float">-2.0943952</Min>
                  <Max type="float">2.0943952</Max>
               </HpTurret05>
               <HpTurret06>
                  <Position type="Vector">-1270.2576, 1398.5098, -2.6417551</Position>
                  <Orientation type="Matrix">
                       0.5150382500,  -0.8571673600,  -0.0000000000,
                       0.8571673600,   0.5150382500,  -0.0000000000,
                      -0.0000000000,  -0.0000000000,   1.0000000000
                  </Orientation>
                  <Axis type="Vector">0, 1, -0</Axis>
                  <Min type="float">-3.1415927</Min>
                  <Max type="float">3.1415927</Max>
               </HpTurret06>
               <HpTurret07>
                  <Position type="Vector">1269.4314, 1399.937, 3.861876</Position>
                  <Orientation type="Matrix">
                       0.5150381300,   0.8571674200,  -0.0000000000,
                      -0.8571674200,   0.5150381300,  -0.0000000000,
                      -0.0000000000,  -0.0000000000,   1.0000000000
                  </Orientation>
                  <Axis type="Vector">0, 1, -0</Axis>
                  <Min type="float">-3.1415927</Min>
                  <Max type="float">3.1415927</Max>
               </HpTurret07>
               <HpTurret08>
                  <Position type="Vector">5.077332, 1399.7874, -1269.531</Position>
                  <Orientation type="Matrix">
                       1.0000000000,   0.0000000000,  -0.0000000000,
                       0.0000000000,   0.4999997600,   0.8660255700,
                      -0.0000000000,  -0.8660255700,   0.4999997600
                  </Orientation>
                  <Axis type="Vector">0, 1, -0</Axis>
                  <Min type="float">-3.1415927</Min>
                  <Max type="float">3.1415927</Max>
               </HpTurret08>
               <HpTurret09>
                  <Position type="Vector">-4.526094, 1396.7531, 1271.2805</Position>
                  <Orientation type="Matrix">
                      -1.0000000000, -130.76622e-09,  75.497866e-09,
                       0.0000000000,   0.4999997600,   0.8660255700,
                     -150.99580e-09,   0.8660255700,  -0.4999997600
                  </Orientation>
                  <Axis type="Vector">0, 1, -0</Axis>
                  <Min type="float">-3.1415927</Min>
                  <Max type="float">3.1415927</Max>
               </HpTurret09>
               <HpTurret10>
                  <Position type="Vector">-268.46063, -2103.2634, -3077.217</Position>
                  <Orientation type="Matrix">
                       1.0000000000,   0.0000000000,  -0.0000000000,
                       0.0000000000,  -0.5150380100,   0.8571673000,
                      -0.0000000000,  -0.8571673000,  -0.5150380100
                  </Orientation>
                  <Axis type="Vector">0, 1, -0</Axis>
                  <Min type="float">-3.1415927</Min>
                  <Max type="float">3.1415927</Max>
               </HpTurret10>
               <HpTurret11>
                  <Position type="Vector">267.16321, -2104.7932, -3076.322</Position>
                  <Orientation type="Matrix">
                       1.0000000000,   0.0000000000,  -0.0000000000,
                       0.0000000000,  -0.5150380100,   0.8571673000,
                      -0.0000000000,  -0.8571673000,  -0.5150380100
                  </Orientation>
                  <Axis type="Vector">0, 1, -0</Axis>
                  <Min type="float">-3.1415927</Min>
                  <Max type="float">3.1415927</Max>
               </HpTurret11>
               <HpTurret12>
                  <Position type="Vector">268.80917, -2106.2395, 3075.395</Position>
                  <Orientation type="Matrix">
                       1.0000000000,   0.0000000000,  -0.0000000000,
                       0.0000000000,  -0.5150380100,  -0.8571673000,
                      -0.0000000000,   0.8571673000,  -0.5150380100
                  </Orientation>
                  <Axis type="Vector">0, 1, -0</Axis>
                  <Min type="float">-3.1415927</Min>
                  <Max type="float">3.1415927</Max>
               </HpTurret12>
               <HpTurret13>
                  <Position type="Vector">-268.03012, -2101.355, 3078.3267</Position>
                  <Orientation type="Matrix">
                       1.0000000000,   0.0000000000,  -0.0000000000,
                       0.0000000000,  -0.5150380100,  -0.8571673000,
                      -0.0000000000,   0.8571673000,  -0.5150380100
                  </Orientation>
                  <Axis type="Vector">0, 1, -0</Axis>
                  <Min type="float">-3.1415927</Min>
                  <Max type="float">3.1415927</Max>
               </HpTurret13>
            </Revolute>
         </Hardpoints>
      </pyramid.3db>
   </UTF_ROOT>
</UTFXML>
