<?xml version="1.0" encoding="ISO-8859-1"?>
<!-- XML generated by UTFXML Version 2.2 built 19-Aug-2010 -->
<UTFXML filename="venatorsd.cmp" path="SOLAR\new">
   <UTF_ROOT>
      <VMeshLibrary>
         <Venator_SD2.lod0.vms include="venatorsd_cmp\lod0.vms.xml"/>
      </VMeshLibrary>
      <Cmpnd>
         <Root>
            <File_name name="File name" type="text">Venator_SD2.3db</File_name>
            <Index type="int">0</Index>
            <Object_name name="Object name" type="text">Root</Object_name>
         </Root>
      </Cmpnd>
      <Venator_SD2.3db>
         <Hardpoints>
            <Fixed>
               <HpMount>
                  <Orientation type="Matrix">
                       1.0000000000,   0.0000000000,   0.0000000000,
                       0.0000000000,   1.0000000000,   0.0000000000,
                       0.0000000000,   0.0000000000,   1.0000000000
                  </Orientation>
                  <Position type="Vector">0, 0, -212.625</Position>
               </HpMount>
               <HpTractor_Source>
                  <Orientation type="Matrix">
                       1.0000000000,   0.0000000000,   0.0000000000,
                       0.0000000000,   1.0000000000,   0.0000000000,
                       0.0000000000,   0.0000000000,   1.0000000000
                  </Orientation>
                  <Position type="Vector">0, 0, -202.5</Position>
               </HpTractor_Source>
               <HpDockMountA>
                  <Orientation type="Matrix">
                       1.0000000000,   0.0000000000,   0.0000000000,
                       0.0000000000,   1.0000000000,   0.0000000000,
                       0.0000000000,   0.0000000000,   1.0000000000
                  </Orientation>
                  <Position type="Vector">0, -15.1875, 3.8265409</Position>
               </HpDockMountA>
               <HpDockPointA01>
                  <Orientation type="Matrix">
                       1.0000000000,   0.0000000000,   0.0000000000,
                       0.0000000000,   1.0000000000,   0.0000000000,
                       0.0000000000,   0.0000000000,   1.0000000000
                  </Orientation>
                  <Position type="Vector">0, -15.1875, 9.9224997</Position>
               </HpDockPointA01>
               <HpDockPointA02>
                  <Orientation type="Matrix">
                       1.0000000000,   0.0000000000,   0.0000000000,
                       0.0000000000,   1.0000000000,   0.0000000000,
                       0.0000000000,   0.0000000000,   1.0000000000
                  </Orientation>
                  <Position type="Vector">0, -24.3, 24.3</Position>
               </HpDockPointA02>
               <HpDockMountB>
                  <Orientation type="Matrix">
                       0.0000000000,   0.0000000000,  -1.0000000000,
                       0.0000000000,   1.0000000000,   0.0000000000,
                       1.0000000000,   0.0000000000,   0.0000000000
                  </Orientation>
                  <Position type="Vector">-14.174999, -24.3, 144.1889</Position>
               </HpDockMountB>
               <HpDockPointB01>
                  <Orientation type="Matrix">
                       0.0000000000,   0.0000000000,  -1.0000000000,
                       0.0000000000,   1.0000000000,   0.0000000000,
                       1.0000000000,   0.0000000000,   0.0000000000
                  </Orientation>
                  <Position type="Vector">-26.324999, -24.3, 144.1889</Position>
               </HpDockPointB01>
               <HpDockPointB02>
                  <Orientation type="Matrix">
                       0.0000000000,   0.0000000000,  -1.0000000000,
                       0.0000000000,   1.0000000000,   0.0000000000,
                       1.0000000000,   0.0000000000,   0.0000000000
                  </Orientation>
                  <Position type="Vector">-40.5, -30.375, 144.1889</Position>
               </HpDockPointB02>
               <HpDockMountC>
                  <Orientation type="Matrix">
                       0.0000000000,   0.0000000000,   1.0000000000,
                       0.0000000000,   1.0000000000,   0.0000000000,
                      -1.0000000000,   0.0000000000,   0.0000000000
                  </Orientation>
                  <Position type="Vector">14.174999, -24.3, 144.1889</Position>
               </HpDockMountC>
               <HpDockPointC01>
                  <Orientation type="Matrix">
                       0.0000000000,   0.0000000000,   1.0000000000,
                       0.0000000000,   1.0000000000,   0.0000000000,
                      -1.0000000000,   0.0000000000,   0.0000000000
                  </Orientation>
                  <Position type="Vector">26.324999, -24.3, 144.1889</Position>
               </HpDockPointC01>
               <HpDockPointC02>
                  <Orientation type="Matrix">
                       0.0000000000,   0.0000000000,   1.0000000000,
                       0.0000000000,   1.0000000000,   0.0000000000,
                      -1.0000000000,   0.0000000000,   0.0000000000
                  </Orientation>
                  <Position type="Vector">40.5, -30.375, 144.1889</Position>
               </HpDockPointC02>
               <HpDockMountD>
                  <Orientation type="Matrix">
                       1.0000000000,   0.0000000000,   0.0000000000,
                       0.0000000000,   1.0000000000,   0.0000000000,
                       0.0000000000,   0.0000000000,   1.0000000000
                  </Orientation>
                  <Position type="Vector">0, 6.421761, 208.575</Position>
               </HpDockMountD>
               <HpDockPointD01>
                  <Orientation type="Matrix">
                       1.0000000000,   0.0000000000,   0.0000000000,
                       0.0000000000,   1.0000000000,   0.0000000000,
                       0.0000000000,   0.0000000000,   1.0000000000
                  </Orientation>
                  <Position type="Vector">0, 6.421761, 222.75</Position>
               </HpDockPointD01>
               <HpDockPointD02>
                  <Orientation type="Matrix">
                       1.0000000000,   0.0000000000,   0.0000000000,
                       0.0000000000,   1.0000000000,   0.0000000000,
                       0.0000000000,   0.0000000000,   1.0000000000
                  </Orientation>
                  <Position type="Vector">0, 6.421761, 243</Position>
               </HpDockPointD02>
               <HpDockCamA>
                  <Orientation type="Matrix">
                       1.0000000000,  410.98423e-15, -186.56778e-12,
                     -186.56823e-12,   0.0022028629,  -0.9999975600,
                       0.0000000000,   0.9999975600,   0.0022028629
                  </Orientation>
                  <Position type="Vector">4.5604196, -14.427543, 39.64991</Position>
               </HpDockCamA>
               <HpLaunchCamA>
                  <Orientation type="Matrix">
                       1.0000000000,  410.98423e-15, -186.56778e-12,
                     -186.56823e-12,   0.0022028629,  -0.9999975600,
                       0.0000000000,   0.9999975600,   0.0022028629
                  </Orientation>
                  <Position type="Vector">4.5604196, -14.427543, 39.64991</Position>
               </HpLaunchCamA>
               <HpEngine01>
                  <Orientation type="Matrix">
                      -1.0000000000,   0.0000000000,   0.0000000000,
                       0.0000000000,   1.0000000000,   0.0000000000,
                       0.0000000000,   0.0000000000,  -1.0000000000
                  </Orientation>
                  <Position type="Vector">19.237499, -8.505, 204.52499</Position>
               </HpEngine01>
               <HpEngine02>
                  <Orientation type="Matrix">
                      -1.0000000000,   0.0000000000,   0.0000000000,
                       0.0000000000,   1.0000000000,   0.0000000000,
                       0.0000000000,   0.0000000000,  -1.0000000000
                  </Orientation>
                  <Position type="Vector">-19.237499, -8.505, 204.52499</Position>
               </HpEngine02>
               <HpEngine03>
                  <Orientation type="Matrix">
                      -1.0000000000,   0.0000000000,   0.0000000000,
                       0.0000000000,   1.0000000000,   0.0000000000,
                       0.0000000000,   0.0000000000,  -1.0000000000
                  </Orientation>
                  <Position type="Vector">38.778748, -4.05, 162</Position>
               </HpEngine03>
               <HpEngine04>
                  <Orientation type="Matrix">
                      -1.0000000000,   0.0000000000,   0.0000000000,
                       0.0000000000,   1.0000000000,   0.0000000000,
                       0.0000000000,   0.0000000000,  -1.0000000000
                  </Orientation>
                  <Position type="Vector">-38.778748, -4.05, 162</Position>
               </HpEngine04>
               <HpEngine05>
                  <Orientation type="Matrix">
                      -1.0000000000,   0.0000000000,   0.0000000000,
                       0.0000000000,   1.0000000000,   0.0000000000,
                       0.0000000000,   0.0000000000,  -1.0000000000
                  </Orientation>
                  <Position type="Vector">15.491249, 6.075, 162</Position>
               </HpEngine05>
               <HpEngine06>
                  <Orientation type="Matrix">
                      -1.0000000000,   0.0000000000,   0.0000000000,
                       0.0000000000,   1.0000000000,   0.0000000000,
                       0.0000000000,   0.0000000000,  -1.0000000000
                  </Orientation>
                  <Position type="Vector">-15.491249, 6.075, 162</Position>
               </HpEngine06>
               <HpEngine07>
                  <Orientation type="Matrix">
                      -1.0000000000,   0.0000000000,   0.0000000000,
                       0.0000000000,   1.0000000000,   0.0000000000,
                       0.0000000000,   0.0000000000,  -1.0000000000
                  </Orientation>
                  <Position type="Vector">34.32375, 7.857, 140.7375</Position>
               </HpEngine07>
               <HpEngine08>
                  <Orientation type="Matrix">
                      -1.0000000000,   0.0000000000,   0.0000000000,
                       0.0000000000,   1.0000000000,   0.0000000000,
                       0.0000000000,   0.0000000000,  -1.0000000000
                  </Orientation>
                  <Position type="Vector">-34.32375, 7.857, 140.7375</Position>
               </HpEngine08>
               <HpFX01>
                  <Orientation type="Matrix">
                       1.0000000000,   0.0000000000,   0.0000000000,
                       0.0000000000,   1.0000000000,   0.0000000000,
                       0.0000000000,   0.0000000000,   1.0000000000
                  </Orientation>
                  <Position type="Vector">0, 0, -4.05</Position>
               </HpFX01>
               <HpFX02>
                  <Orientation type="Matrix">
                       1.0000000000,   0.0000000000,   0.0000000000,
                       0.0000000000,   1.0000000000,   0.0000000000,
                       0.0000000000,   0.0000000000,   1.0000000000
                  </Orientation>
                  <Position type="Vector">0, 0, -4.05</Position>
               </HpFX02>
               <HpShield01>
                  <Orientation type="Matrix">
                       1.0000000000,   0.0000000000,   0.0000000000,
                       0.0000000000,   1.0000000000,   0.0000000000,
                       0.0000000000,   0.0000000000,   1.0000000000
                  </Orientation>
                  <Position type="Vector">0, 0, 0</Position>
               </HpShield01>
            </Fixed>
            <Revolute>
               <HpTurret01>
                  <Axis type="Vector">0, 1, 0</Axis>
                  <Max type="float">2.0943952</Max>
                  <Min type="float">-2.0943952</Min>
                  <Orientation type="Matrix">
                      -0.0030418634,   0.0871026220,  -0.9961943600,
                      -0.0347666290,   0.9955878300,   0.0871557370,
                       0.9993904800,   0.0348994730, -238.41858e-09
                  </Orientation>
                  <Position type="Vector">33.707134, 11.911738, 103.78125</Position>
               </HpTurret01>
               <HpTurret02>
                  <Axis type="Vector">0, 1, 0</Axis>
                  <Max type="float">2.0943952</Max>
                  <Min type="float">-2.0943952</Min>
                  <Orientation type="Matrix">
                      -0.0030418634,   0.0871026220,  -0.9961943600,
                      -0.0347666290,   0.9955878300,   0.0871557370,
                       0.9993904800,   0.0348994730, -238.41858e-09
                  </Orientation>
                  <Position type="Vector">33.722324, 10.825305, 78.57</Position>
               </HpTurret02>
               <HpTurret03>
                  <Axis type="Vector">0, 1, 0</Axis>
                  <Max type="float">2.0943952</Max>
                  <Min type="float">-2.0943952</Min>
                  <Orientation type="Matrix">
                      -0.0030418634,   0.0871026220,  -0.9961943600,
                      -0.0347666290,   0.9955878300,   0.0871557370,
                       0.9993904800,   0.0348994730, -238.41858e-09
                  </Orientation>
                  <Position type="Vector">33.722324, 9.7412014, 53.2575</Position>
               </HpTurret03>
               <HpTurret04>
                  <Axis type="Vector">0, 1, 0</Axis>
                  <Max type="float">2.0943952</Max>
                  <Min type="float">-2.0943952</Min>
                  <Orientation type="Matrix">
                      -0.0030418634,   0.0871026220,  -0.9961943600,
                      -0.0347666290,   0.9955878300,   0.0871557370,
                       0.9993904800,   0.0348994730, -238.41858e-09
                  </Orientation>
                  <Position type="Vector">33.722324, 8.6570969, 28.147499</Position>
               </HpTurret04>
               <HpTurret05>
                  <Axis type="Vector">0, 1, 0</Axis>
                  <Max type="float">2.0943952</Max>
                  <Min type="float">-2.0943952</Min>
                  <Orientation type="Matrix">
                      -0.0030418634,  -0.0871026220,   0.9961943600,
                       0.0347666290,   0.9955878300,   0.0871557370,
                      -0.9993904800,   0.0348994730, -238.41858e-09
                  </Orientation>
                  <Position type="Vector">-33.707134, 11.911738, 103.78125</Position>
               </HpTurret05>
               <HpTurret06>
                  <Axis type="Vector">0, 1, 0</Axis>
                  <Max type="float">2.0943952</Max>
                  <Min type="float">-2.0943952</Min>
                  <Orientation type="Matrix">
                      -0.0030418634,  -0.0871026220,   0.9961943600,
                       0.0347666290,   0.9955878300,   0.0871557370,
                      -0.9993904800,   0.0348994730, -238.41858e-09
                  </Orientation>
                  <Position type="Vector">-33.722324, 10.825305, 78.57</Position>
               </HpTurret06>
               <HpTurret07>
                  <Axis type="Vector">0, 1, 0</Axis>
                  <Max type="float">2.0943952</Max>
                  <Min type="float">-2.0943952</Min>
                  <Orientation type="Matrix">
                      -0.0030418634,  -0.0871026220,   0.9961943600,
                       0.0347666290,   0.9955878300,   0.0871557370,
                      -0.9993904800,   0.0348994730, -238.41858e-09
                  </Orientation>
                  <Position type="Vector">-33.722324, 9.7412014, 53.2575</Position>
               </HpTurret07>
               <HpTurret08>
                  <Axis type="Vector">0, 1, 0</Axis>
                  <Max type="float">2.0943952</Max>
                  <Min type="float">-2.0943952</Min>
                  <Orientation type="Matrix">
                      -0.0030418634,  -0.0871026220,   0.9961943600,
                       0.0347666290,   0.9955878300,   0.0871557370,
                      -0.9993904800,   0.0348994730, -238.41858e-09
                  </Orientation>
                  <Position type="Vector">-33.722324, 8.6570969, 28.046247</Position>
               </HpTurret08>
               <HpTurret09>
                  <Axis type="Vector">0, 1, 0</Axis>
                  <Max type="float">6.283185</Max>
                  <Min type="float">-6.283185</Min>
                  <Orientation type="Matrix">
                       0.9879000000,  -0.1473115400,   0.0000000000,
                       0.1473115400,   0.9879000000,  -0.0485051310,
                       0.0071453657,   0.0479182190,   0.9976471100
                  </Orientation>
                  <Position type="Vector">-13.645683, 6.8944354, -100.66715</Position>
               </HpTurret09>
               <HpTurret10>
                  <Axis type="Vector">0, 1, 0</Axis>
                  <Max type="float">6.283185</Max>
                  <Min type="float">-6.283185</Min>
                  <Orientation type="Matrix">
                       0.9879001400,   0.1473114600,   0.0000000000,
                      -0.1473114600,   0.9879001400,  -0.0485050040,
                      -0.0071453433,   0.0479181000,   0.9976473500
                  </Orientation>
                  <Position type="Vector">13.63643, 6.894433, -100.66715</Position>
               </HpTurret10>
               <HpTurret11>
                  <Axis type="Vector">0, 1, 0</Axis>
                  <Max type="float">6.283185</Max>
                  <Min type="float">-6.283185</Min>
                  <Orientation type="Matrix">
                       0.9879000000,  -0.1473119400,   0.0000000000,
                       0.1473119400,   0.9879000000,  -0.0485047810,
                       0.0071453336,   0.0479178730,   0.9976471100
                  </Orientation>
                  <Position type="Vector">-15.685362, 11.066961, -6.8545232</Position>
               </HpTurret11>
               <HpTurret12>
                  <Axis type="Vector">0, 1, 0</Axis>
                  <Max type="float">6.283185</Max>
                  <Min type="float">-6.283185</Min>
                  <Orientation type="Matrix">
                       0.9879000000,   0.1473122500,   0.0000000000,
                      -0.1473122500,   0.9879000000,  -0.0485048700,
                      -0.0071453620,   0.0479179620,   0.9976473500
                  </Orientation>
                  <Position type="Vector">15.685364, 11.066958, -6.8545232</Position>
               </HpTurret12>
               <HpTurret13>
                  <Axis type="Vector">0, 1, 0</Axis>
                  <Max type="float">6.283185</Max>
                  <Min type="float">-6.283185</Min>
                  <Orientation type="Matrix">
                      -0.9737099400,  -0.2193941800,   0.0000000000,
                       0.2193941800,  -0.9737099400,  -0.0612794120,
                       0.0134443460,  -0.0596683730,   0.9962448500
                  </Orientation>
                  <Position type="Vector">-4.7856264, -18.501324, 7.2639179</Position>
               </HpTurret13>
               <HpTurret14>
                  <Axis type="Vector">0, 1, 0</Axis>
                  <Max type="float">6.283185</Max>
                  <Min type="float">-6.283185</Min>
                  <Orientation type="Matrix">
                      -0.9737099400,   0.2193940300,   0.0000000000,
                      -0.2193940300,  -0.9737099400,  -0.0612794160,
                      -0.0134443380,  -0.0596683770,   0.9962447900
                  </Orientation>
                  <Position type="Vector">4.785624, -18.501324, 7.2639179</Position>
               </HpTurret14>
               <HpTurret15>
                  <Axis type="Vector">0, 1, 0</Axis>
                  <Max type="float">2.6179938</Max>
                  <Min type="float">-2.6179938</Min>
                  <Orientation type="Matrix">
                      -1.0000000000,   0.0000000000,  87.427907e-09,
                       0.0000000000,   1.0000000000,  -0.0000000000,
                     -87.427907e-09,   0.0000000000,  -1.0000000000
                  </Orientation>
                  <Position type="Vector">0, 18.238932, 176.81226</Position>
               </HpTurret15>
               <HpTurret16>
                  <Axis type="Vector">0, 1, 0</Axis>
                  <Max type="float">6.2657323</Max>
                  <Min type="float">-6.2657323</Min>
                  <Orientation type="Matrix">
                       1.0000000000, -87.214943e-09, -93.526580e-09,
                     -93.526580e-09,  -0.9975640800,  -0.0697564710,
                     -87.214943e-09,   0.0697564710,  -0.9975640800
                  </Orientation>
                  <Position type="Vector">0, -21.607357, 122.81239</Position>
               </HpTurret16>
            </Revolute>
         </Hardpoints>
         <MultiLevel>
            <Level0>
               <VMeshPart>
                  <VMeshRef type="VMeshRef">
                     <!-- header size  --> 60,
                     <!-- vmesh lib    --> Venator_SD2.lod0.vms,
                     <!-- start vert   --> 0,
                     <!-- num verts    --> 5680,
                     <!-- start index  --> 0,
                     <!-- num indices  --> 14664,
                     <!-- start mesh   --> 0,
                     <!-- num meshes   --> 71,
                     <!-- bounding box -->  104.79419,  60.676239,  206.14948,
                                           -104.79419, -26.526133, -204.74387,
                     <!-- center       -->    0,        17.075054,    0.70280457,
                     <!-- radius       --> 298.85468
                  </VMeshRef>
               </VMeshPart>
            </Level0>
         </MultiLevel>
      </Venator_SD2.3db>
   </UTF_ROOT>
</UTFXML>
