<?xml version="1.0" encoding="ISO-8859-1"?>
<!-- XML generated by UTFXML Version 2.2 built 19-Aug-2010 -->
<UTFXML filename="weapon_platform_ru.cmp" path="SOLAR\new">
   <UTF_ROOT>
      <VMeshLibrary>
         <DrawCall_0007.lod0.vms include="weapon_platform_ru_cmp\lod0.vms.xml"/>
      </VMeshLibrary>
      <Cmpnd>
         <Root>
            <File_name name="File name" type="text">DrawCall_0007.3db</File_name>
            <Index type="int">0</Index>
            <Object_name name="Object name" type="text">Root</Object_name>
         </Root>
      </Cmpnd>
      <DrawCall_0007.3db>
         <Hardpoints>
            <Fixed>
               <HpRunningLight01>
                  <Orientation type="Matrix">
                       1.0000000000,   0.0000000000,   0.0000000000,
                       0.0000000000,   1.0000000000,   0.0000000000,
                       0.0000000000,   0.0000000000,   1.0000000000
                  </Orientation>
                  <Position type="Vector">26.346682, 249.50845, -9.313695</Position>
               </HpRunningLight01>
               <HpRunningLight02>
                  <Orientation type="Matrix">
                       1.0000000000,   0.0000000000,   0.0000000000,
                       0.0000000000,   1.0000000000,   0.0000000000,
                       0.0000000000,   0.0000000000,   1.0000000000
                  </Orientation>
                  <Position type="Vector">-36.197697, 220.93854, 3.83811</Position>
               </HpRunningLight02>
               <HpRunningLight03>
                  <Orientation type="Matrix">
                       1.0000000000,   0.0000000000,   0.0000000000,
                       0.0000000000,   1.0000000000,   0.0000000000,
                       0.0000000000,   0.0000000000,   1.0000000000
                  </Orientation>
                  <Position type="Vector">96.804207, 229.62881, -161.6082</Position>
               </HpRunningLight03>
            </Fixed>
            <Revolute>
               <HpTurret01>
                  <Axis type="Vector">0, 1, 0</Axis>
                  <Max type="float">0.78539819</Max>
                  <Min type="float">-1.5707964</Min>
                  <Orientation type="Matrix">
                       0.5000000000,   0.0000000000,  -0.8660253900,
                       0.0000000000,   1.0000000000,   0.0000000000,
                       0.8660253900,   0.0000000000,   0.5000000000
                  </Orientation>
                  <Position type="Vector">372.56415, 88.192604, -252.81171</Position>
               </HpTurret01>
               <HpTurret02>
                  <Axis type="Vector">0, 1, 0</Axis>
                  <Max type="float">1.5707964</Max>
                  <Min type="float">-0.78539819</Min>
                  <Orientation type="Matrix">
                      -0.5000000000, -87.427907e-09,  -0.8660253900,
                      43.713953e-09,  -1.0000000000,  75.714787e-09,
                      -0.8660253900,   0.0000000000,   0.5000000000
                  </Orientation>
                  <Position type="Vector">372.31201, 48.306602, -253.50311</Position>
               </HpTurret02>
               <HpTurret03>
                  <Axis type="Vector">0, 1, 0</Axis>
                  <Max type="float">1.5707964</Max>
                  <Min type="float">-1.5707964</Min>
                  <Orientation type="Matrix">
                       0.8660253900,   0.0000000000,  -0.5000000000,
                       0.0000000000,   1.0000000000,   0.0000000000,
                       0.5000000000,   0.0000000000,   0.8660253900
                  </Orientation>
                  <Position type="Vector">231.70099, 101.46061, -389.86774</Position>
               </HpTurret03>
               <HpTurret04>
                  <Axis type="Vector">0, 1, 0</Axis>
                  <Max type="float">1.5707964</Max>
                  <Min type="float">-1.5707964</Min>
                  <Orientation type="Matrix">
                      -0.8660253300, -87.427900e-09,  -0.5000000000,
                      75.714787e-09,  -0.9999998800,  43.713953e-09,
                      -0.5000000000,   0.0000000000,   0.8660253900
                  </Orientation>
                  <Position type="Vector">237.45277, 61.574596, -398.48853</Position>
               </HpTurret04>
               <HpTurret05>
                  <Axis type="Vector">0, 1, 0</Axis>
                  <Max type="float">1.5707964</Max>
                  <Min type="float">-1.5707964</Min>
                  <Orientation type="Matrix">
                       0.8660253900,   0.0000000000,  -0.5000000000,
                       0.0000000000,   1.0000000000,   0.0000000000,
                       0.5000000000,   0.0000000000,   0.8660253900
                  </Orientation>
                  <Position type="Vector">159.43533, 102.43905, -426.00998</Position>
               </HpTurret05>
               <HpTurret06>
                  <Axis type="Vector">0, 1, 0</Axis>
                  <Max type="float">1.5707964</Max>
                  <Min type="float">-1.5707964</Min>
                  <Orientation type="Matrix">
                      -0.8660253300, -87.427900e-09,  -0.5000000000,
                      75.714787e-09,  -0.9999998800,  43.713953e-09,
                      -0.5000000000,   0.0000000000,   0.8660253900
                  </Orientation>
                  <Position type="Vector">163.22716, 62.510529, -431.08527</Position>
               </HpTurret06>
               <HpTurret07>
                  <Axis type="Vector">0, 1, 0</Axis>
                  <Max type="float">1.5707964</Max>
                  <Min type="float">-1.5707964</Min>
                  <Orientation type="Matrix">
                       0.5000000000,   0.0000000000,   0.8660253900,
                      -0.0000000000,   1.0000000000,   0.0000000000,
                      -0.8660253900,  -0.0000000000,   0.5000000000
                  </Orientation>
                  <Position type="Vector">-364.79358, 88.196121, -254.12286</Position>
               </HpTurret07>
               <HpTurret08>
                  <Axis type="Vector">0, 1, 0</Axis>
                  <Max type="float">1.5707964</Max>
                  <Min type="float">-1.5707964</Min>
                  <Orientation type="Matrix">
                      -0.5000000000, -87.427907e-09,   0.8660253900,
                      43.713953e-09,  -1.0000000000, -75.714787e-09,
                       0.8660253900,   0.0000000000,   0.5000000000
                  </Orientation>
                  <Position type="Vector">-351.45279, 48.310051, -249.45169</Position>
               </HpTurret08>
               <HpTurret09>
                  <Axis type="Vector">0, 1, 0</Axis>
                  <Max type="float">1.5707964</Max>
                  <Min type="float">-1.5707964</Min>
                  <Orientation type="Matrix">
                     -119.20929e-09,   0.0000000000,   0.9999996400,
                      -0.0000000000,   1.0000000000,   0.0000000000,
                      -0.9999996400,  -0.0000000000, -119.20929e-09
                  </Orientation>
                  <Position type="Vector">-411.26279, 101.46279, -41.754513</Position>
               </HpTurret09>
               <HpTurret10>
                  <Axis type="Vector">0, 1, 0</Axis>
                  <Max type="float">1.5707964</Max>
                  <Min type="float">-1.5707964</Min>
                  <Orientation type="Matrix">
                      894.06967e-09, -87.427878e-09,   0.9999996400,
                     -42.632564e-15,  -0.9999992800, -87.427878e-09,
                       0.9999996400,   0.0000000000, -119.20929e-09
                  </Orientation>
                  <Position type="Vector">-407.11929, 61.576786, -42.896843</Position>
               </HpTurret10>
               <HpTurret11>
                  <Axis type="Vector">0, 1, 0</Axis>
                  <Max type="float">1.5707964</Max>
                  <Min type="float">-1.5707964</Min>
                  <Orientation type="Matrix">
                      -0.1564344200,   0.0000000000,   0.9876882400,
                      -0.0000000000,   1.0000000000,   0.0000000000,
                      -0.9876882400,  -0.0000000000,  -0.1564344200
                  </Orientation>
                  <Position type="Vector">-399.06064, 102.44055, 39.295155</Position>
               </HpTurret11>
               <HpTurret12>
                  <Axis type="Vector">0, 1, 0</Axis>
                  <Max type="float">1.5707964</Max>
                  <Min type="float">-1.5707964</Min>
                  <Orientation type="Matrix">
                       0.1564346600, -87.427900e-09,   0.9876882400,
                     -13.676747e-09,  -0.9999997600, -86.351513e-09,
                       0.9876882400,   0.0000000000,  -0.1564344200
                  </Orientation>
                  <Position type="Vector">-407.90881, 62.512074, 40.063015</Position>
               </HpTurret12>
               <HpTurret13>
                  <Axis type="Vector">0, 1, 0</Axis>
                  <Max type="float">1.5707964</Max>
                  <Min type="float">-1.5707964</Min>
                  <Orientation type="Matrix">
                      -0.8660253300,   0.0000000000,   0.5000001200,
                      -0.0000000000,   1.0000000000,   0.0000000000,
                      -0.5000001200,  -0.0000000000,  -0.8660253300
                  </Orientation>
                  <Position type="Vector">-155.2099, 103.92689, 348.89725</Position>
               </HpTurret13>
               <HpTurret14>
                  <Axis type="Vector">0, 1, 0</Axis>
                  <Max type="float">1.5707964</Max>
                  <Min type="float">-1.5707964</Min>
                  <Orientation type="Matrix">
                       0.8660253300, -87.427907e-09,   0.5000001200,
                     -75.714780e-09,  -1.0000000000, -43.713960e-09,
                       0.5000001200,  1.7763568e-15,  -0.8660253300
                  </Orientation>
                  <Position type="Vector">-155.61372, 64.040901, 345.30743</Position>
               </HpTurret14>
               <HpTurret15>
                  <Axis type="Vector">0, 1, 0</Axis>
                  <Max type="float">1.5707964</Max>
                  <Min type="float">-1.5707964</Min>
                  <Orientation type="Matrix">
                      -1.0000000000,   0.0000000000,  87.427907e-09,
                       0.0000000000,   1.0000000000,  -0.0000000000,
                     -87.427907e-09,   0.0000000000,  -1.0000000000
                  </Orientation>
                  <Position type="Vector">8.9539404, 88.192734, 386.5723</Position>
               </HpTurret15>
               <HpTurret16>
                  <Axis type="Vector">0, 1, 0</Axis>
                  <Max type="float">1.5707964</Max>
                  <Min type="float">-1.5707964</Min>
                  <Orientation type="Matrix">
                       1.0000000000, -87.427907e-09, -87.427907e-09,
                     -87.427907e-09,  -1.0000000000,  7.6436389e-15,
                     -87.427907e-09,   0.0000000000,  -1.0000000000
                  </Orientation>
                  <Position type="Vector">9.5844545, 48.306747, 378.43701</Position>
               </HpTurret16>
               <HpTurret17>
                  <Axis type="Vector">0, 1, 0</Axis>
                  <Max type="float">1.5707964</Max>
                  <Min type="float">-1.5707964</Min>
                  <Orientation type="Matrix">
                       0.9961946600, -87.427907e-09,   0.0871559680,
                     -87.095216e-09,  -1.0000000000, -7.6198639e-09,
                       0.0871559680,   0.0000000000,  -0.9961947200
                  </Orientation>
                  <Position type="Vector">1.5044349, -160.13704, 26.256344</Position>
               </HpTurret17>
            </Revolute>
         </Hardpoints>
         <MultiLevel>
            <Level0>
               <VMeshPart>
                  <VMeshRef type="VMeshRef">
                     <!-- header size  --> 60,
                     <!-- vmesh lib    --> DrawCall_0007.lod0.vms,
                     <!-- start vert   --> 0,
                     <!-- num verts    --> 14729,
                     <!-- start index  --> 0,
                     <!-- num indices  --> 33180,
                     <!-- start mesh   --> 0,
                     <!-- num meshes   --> 49,
                     <!-- bounding box -->  429.474,     250.11888,   434.73813,
                                           -466.72256,  -165.74997,  -486.8186,
                     <!-- center       -->  -18.624283,   42.184456,  -26.040237,
                     <!-- radius       --> 899.11566
                  </VMeshRef>
               </VMeshPart>
            </Level0>
         </MultiLevel>
      </DrawCall_0007.3db>
   </UTF_ROOT>
</UTFXML>
