<?xml version="1.0" encoding="ISO-8859-1"?>
<!-- XML generated by UTFXML Version 2.2 built 19-Aug-2010 -->
<UTFXML filename="belerathon.cmp" path="SHIPS\new\belerathon">
   <UTF_ROOT>
      <VMeshLibrary>
         <belerathon-001.lod0.vms include="belerathon_cmp\lod0.vms.xml"/>
      </VMeshLibrary>
      <Cmpnd>
         <Root>
            <File_name name="File name" type="text">belerathon-001.3db</File_name>
            <Index type="int">0</Index>
            <Object_name name="Object name" type="text">Root</Object_name>
         </Root>
      </Cmpnd>
      <belerathon-001.3db>
         <Hardpoints>
            <Fixed>
               <HpEngine01>
                  <Orientation type="Matrix">
                       1.0000000000,   0.0000000000,   0.0000000000,
                       0.0000000000,   1.0000000000,   0.0000000000,
                       0.0000000000,   0.0000000000,   1.0000000000
                  </Orientation>
                  <Position type="Vector">14.766884, 4.385385, 9</Position>
               </HpEngine01>
               <HpEngine02>
                  <Orientation type="Matrix">
                       1.0000000000,   0.0000000000,   0.0000000000,
                       0.0000000000,   1.0000000000,   0.0000000000,
                       0.0000000000,   0.0000000000,   1.0000000000
                  </Orientation>
                  <Position type="Vector">-14.761349, 4.385385, 9</Position>
               </HpEngine02>
               <HpEngine03>
                  <Orientation type="Matrix">
                       1.0000000000,   0.0000000000,   0.0000000000,
                       0.0000000000,   1.0000000000,   0.0000000000,
                       0.0000000000,   0.0000000000,   1.0000000000
                  </Orientation>
                  <Position type="Vector">14.804461, -2.0900025, 9</Position>
               </HpEngine03>
               <HpEngine04>
                  <Orientation type="Matrix">
                       1.0000000000,   0.0000000000,   0.0000000000,
                       0.0000000000,   1.0000000000,   0.0000000000,
                       0.0000000000,   0.0000000000,   1.0000000000
                  </Orientation>
                  <Position type="Vector">-14.798924, -2.0900025, 9</Position>
               </HpEngine04>
               <HpEngine05>
                  <Orientation type="Matrix">
                       1.0000000000,   0.0000000000,   0.0000000000,
                       0.0000000000,   1.0000000000,   0.0000000000,
                       0.0000000000,   0.0000000000,   1.0000000000
                  </Orientation>
                  <Position type="Vector">14.804461, -8.114378, 9</Position>
               </HpEngine05>
               <HpEngine06>
                  <Orientation type="Matrix">
                       1.0000000000,   0.0000000000,   0.0000000000,
                       0.0000000000,   1.0000000000,   0.0000000000,
                       0.0000000000,   0.0000000000,   1.0000000000
                  </Orientation>
                  <Position type="Vector">-14.798924, -8.114378, 9</Position>
               </HpEngine06>
               <HpConTrail01>
                  <Orientation type="Matrix">
                      -0.4177550100,  -0.9085599800,   0.0000000000,
                       0.9085599800,  -0.4177550100,   0.0000000000,
                       0.0000000000,   0.0000000000,   1.0000000000
                  </Orientation>
                  <Position type="Vector">-28.212301, -14.439981, 3.2659426</Position>
               </HpConTrail01>
               <HpConTrail02>
                  <Orientation type="Matrix">
                      -0.4177649900,   0.9085549700,   0.0000000000,
                      -0.9085549700,  -0.4177649900,   0.0000000000,
                       0.0000000000,   0.0000000000,   1.0000000000
                  </Orientation>
                  <Position type="Vector">28.217926, -14.439981, 3.2659426</Position>
               </HpConTrail02>
               <HpConTrail03>
                  <Orientation type="Matrix">
                       0.4177359900,  -0.9085689800,   0.0000000000,
                       0.9085689800,   0.4177359900,   0.0000000000,
                       0.0000000000,   0.0000000000,   1.0000000000
                  </Orientation>
                  <Position type="Vector">-27.487576, 10.575676, 3.2659426</Position>
               </HpConTrail03>
               <HpConTrail04>
                  <Orientation type="Matrix">
                       0.4177649900,   0.9085549700,   0.0000000000,
                      -0.9085549700,   0.4177649900,   0.0000000000,
                       0.0000000000,   0.0000000000,   1.0000000000
                  </Orientation>
                  <Position type="Vector">27.492973, 10.575676, 3.2659426</Position>
               </HpConTrail04>
               <HpConTrail05>
                  <Orientation type="Matrix">
                      -0.5402439800,  -0.8310679800,   0.0000000000,
                       0.8310679800,  -0.5402439800,   0.1321480000,
                      -0.1098240000,   0.0713924020,   0.9825369700
                  </Orientation>
                  <Position type="Vector">-17.068882, -3.4902899, -31.124023</Position>
               </HpConTrail05>
               <HpConTrail06>
                  <Orientation type="Matrix">
                      -0.5402420200,   0.8310689900,   0.0000000000,
                      -0.8310689900,  -0.5402420200,   0.1321470000,
                       0.1098240000,   0.0713915970,   0.9825369700
                  </Orientation>
                  <Position type="Vector">17.074417, -3.4902899, -31.124023</Position>
               </HpConTrail06>
               <HpThruster01>
                  <Orientation type="Matrix">
                       1.0000000000,   0.0000000000,   0.0000000000,
                       0.0000000000,   1.0000000000,   0.0000000000,
                       0.0000000000,   0.0000000000,   1.0000000000
                  </Orientation>
                  <Position type="Vector">-0.011785679, -2.9643297, 6.8539953</Position>
               </HpThruster01>
               <HpTractor_Source>
                  <Orientation type="Matrix">
                      -0.9876881800,  -0.1564345200,  -0.0000000000,
                       0.1564345200,  -0.9876881800,   0.0000000000,
                       0.0000000000,  -0.0000000000,   1.0000000000
                  </Orientation>
                  <Position type="Vector">0.11572, -2.6927321, -49.562984</Position>
               </HpTractor_Source>
               <HpShield01>
                  <Orientation type="Matrix">
                      -0.9876930100,  -0.1563810000,   0.0000000000,
                       0.1563810000,  -0.9876930100,   0.0027799199,
                     -434.72601e-06,   0.0027457001,   0.9999920100
                  </Orientation>
                  <Position type="Vector">-0.020223383, -5.2487774, -33.943504</Position>
               </HpShield01>
               <HpMount>
                  <Orientation type="Matrix">
                       1.0000000000,   0.0000000000,   0.0000000000,
                       0.0000000000,   1.0000000000,   0.0000000000,
                       0.0000000000,   0.0000000000,   1.0000000000
                  </Orientation>
                  <Position type="Vector">-0.020223001, -15.75, -16.651056</Position>
               </HpMount>
               <HpCM01>
                  <Orientation type="Matrix">
                       0.0000000000,   1.0000000000,   0.0000000000,
                      -1.0000000000,   0.0000000000,   0.0000000000,
                       0.0000000000,   0.0000000000,   1.0000000000
                  </Orientation>
                  <Position type="Vector">14.863522, -2.2720275, -8.215807</Position>
               </HpCM01>
               <HpMine01>
                  <Orientation type="Matrix">
                       0.0000000000,  -1.0000000000,   0.0000000000,
                       1.0000000000,   0.0000000000,   0.0000000000,
                       0.0000000000,   0.0000000000,   1.0000000000
                  </Orientation>
                  <Position type="Vector">-14.857987, -2.2720275, -8.215807</Position>
               </HpMine01>
               <HpRunningLight01>
                  <Orientation type="Matrix">
                      -0.5402479800,  -0.8310650000,   0.0000000000,
                       0.8310650000,  -0.5402479800,   0.1321509900,
                      -0.1098260000,   0.0713941010,   0.9825360200
                  </Orientation>
                  <Position type="Vector">-17.428905, -2.7842624, -31.817249</Position>
               </HpRunningLight01>
               <HpRunningLight02>
                  <Orientation type="Matrix">
                       0.9927560100,   0.1186580000,   0.0000000000,
                      -0.1186580000,   0.9927560100,   0.0188684000,
                       0.0022388899,  -0.0187318010,   0.9996439800
                  </Orientation>
                  <Position type="Vector">15.175282, -2.7842624, -32.614426</Position>
               </HpRunningLight02>
               <HpRunningLight03>
                  <Orientation type="Matrix">
                       0.9923620200,  -0.1233620000,   0.0000000000,
                       0.1233620000,   0.9923620200,  353.29201e-06,
                     -43.582801e-06, -350.59301e-06,   1.0000000000
                  </Orientation>
                  <Position type="Vector">-11.980373, -2.590965, -33.411823</Position>
               </HpRunningLight03>
               <HpRunningLight04>
                  <Orientation type="Matrix">
                       0.9923620200,   0.1233620000,   0.0000000000,
                      -0.1233620000,   0.9923620200,  353.60100e-06,
                      43.620999e-06, -350.89999e-06,   1.0000000000
                  </Orientation>
                  <Position type="Vector">11.985909, -2.590965, -33.411823</Position>
               </HpRunningLight04>
               <HpRunningLight05>
                  <Orientation type="Matrix">
                       0.9925410200,  -0.1219130000,   0.0000000000,
                       0.1219130000,   0.9925410200,  678.67897e-06,
                     -82.739600e-06, -673.61601e-06,   1.0000000000
                  </Orientation>
                  <Position type="Vector">-8.6846848, -2.1657081, -34.342201</Position>
               </HpRunningLight05>
               <HpRunningLight06>
                  <Orientation type="Matrix">
                       0.9925410200,   0.1219130000,   0.0000000000,
                      -0.1219130000,   0.9925410200,  678.55098e-06,
                      82.724000e-06, -673.48900e-06,   1.0000000000
                  </Orientation>
                  <Position type="Vector">8.6902199, -2.1657081, -34.342201</Position>
               </HpRunningLight06>
               <HpDockLight01>
                  <Orientation type="Matrix">
                      -0.5402479800,  -0.8310650000,   0.0000000000,
                       0.8310650000,  -0.5402479800,   0.1321509900,
                      -0.1098260000,   0.0713941010,   0.9825360200
                  </Orientation>
                  <Position type="Vector">-17.428905, -2.7842624, -31.817249</Position>
               </HpDockLight01>
               <HpDockLight02>
                  <Orientation type="Matrix">
                      -0.5402450000,   0.8310670300,   0.0000000000,
                      -0.8310670300,  -0.5402450000,   0.1321490000,
                       0.1098250000,   0.0713927000,   0.9825369700
                  </Orientation>
                  <Position type="Vector">17.434441, -2.7842624, -31.817249</Position>
               </HpDockLight02>
               <Hpxx01>
                  <Orientation type="Matrix">
                       1.0000000000,   0.0000000000,   0.0000000000,
                       0.0000000000,   1.0000000000,   0.0000000000,
                       0.0000000000,   0.0000000000,   1.0000000000
                  </Orientation>
                  <Position type="Vector">0, 0, 0</Position>
               </Hpxx01>
               <Hpxx02>
                  <Orientation type="Matrix">
                       1.0000000000,   0.0000000000,   0.0000000000,
                       0.0000000000,   1.0000000000,   0.0000000000,
                       0.0000000000,   0.0000000000,   1.0000000000
                  </Orientation>
                  <Position type="Vector">0, 0, 0</Position>
               </Hpxx02>
               <Hpxx03>
                  <Orientation type="Matrix">
                       1.0000000000,   0.0000000000,   0.0000000000,
                       0.0000000000,   1.0000000000,   0.0000000000,
                       0.0000000000,   0.0000000000,   1.0000000000
                  </Orientation>
                  <Position type="Vector">0, 0, 0</Position>
               </Hpxx03>
               <Hpxx04>
                  <Orientation type="Matrix">
                       1.0000000000,   0.0000000000,   0.0000000000,
                       0.0000000000,   1.0000000000,   0.0000000000,
                       0.0000000000,   0.0000000000,   1.0000000000
                  </Orientation>
                  <Position type="Vector">0, 0, 0</Position>
               </Hpxx04>
               <HpBayDoor01>
                  <Orientation type="Matrix">
                       1.0000000000,   0.0000000000,   0.0000000000,
                       0.0000000000,   1.0000000000,   0.0000000000,
                       0.0000000000,   0.0000000000,   1.0000000000
                  </Orientation>
                  <Position type="Vector">0, -3.825, -22.5</Position>
               </HpBayDoor01>
               <HpBayDoor02>
                  <Orientation type="Matrix">
                       1.0000000000,   0.0000000000,   0.0000000000,
                       0.0000000000,   1.0000000000,   0.0000000000,
                       0.0000000000,   0.0000000000,   1.0000000000
                  </Orientation>
                  <Position type="Vector">0, -8.325, -22.5</Position>
               </HpBayDoor02>
               <Hpxx05>
                  <Orientation type="Matrix">
                       1.0000000000,   0.0000000000,   0.0000000000,
                       0.0000000000,   1.0000000000,   0.0000000000,
                       0.0000000000,   0.0000000000,   1.0000000000
                  </Orientation>
                  <Position type="Vector">0, 0, 0</Position>
               </Hpxx05>
               <Hpxx06>
                  <Orientation type="Matrix">
                       1.0000000000,   0.0000000000,   0.0000000000,
                       0.0000000000,   1.0000000000,   0.0000000000,
                       0.0000000000,   0.0000000000,   1.0000000000
                  </Orientation>
                  <Position type="Vector">0, 0, 0</Position>
               </Hpxx06>
               <Hpxx07>
                  <Orientation type="Matrix">
                       1.0000000000,   0.0000000000,   0.0000000000,
                       0.0000000000,   1.0000000000,   0.0000000000,
                       0.0000000000,   0.0000000000,   1.0000000000
                  </Orientation>
                  <Position type="Vector">0, 0, 0</Position>
               </Hpxx07>
               <HpCloak01>
                  <Orientation type="Matrix">
                       1.0000000000,   0.0000000000,   0.0000000000,
                       0.0000000000,   1.0000000000,   0.0000000000,
                       0.0000000000,   0.0000000000,   1.0000000000
                  </Orientation>
                  <Position type="Vector">0, -2, -15</Position>
               </HpCloak01>
               <HpNew01>
                  <Orientation type="Matrix">
                       1.0000000000,   0.0000000000,   0.0000000000,
                       0.0000000000,   1.0000000000,   0.0000000000,
                       0.0000000000,   0.0000000000,   1.0000000000
                  </Orientation>
                  <Position type="Vector">0, 0, 0</Position>
               </HpNew01>
               <HpNew02>
                  <Orientation type="Matrix">
                       1.0000000000,   0.0000000000,   0.0000000000,
                       0.0000000000,   1.0000000000,   0.0000000000,
                       0.0000000000,   0.0000000000,   1.0000000000
                  </Orientation>
                  <Position type="Vector">0, 0, 0</Position>
               </HpNew02>
               <HpNew03>
                  <Orientation type="Matrix">
                       1.0000000000,   0.0000000000,   0.0000000000,
                       0.0000000000,   1.0000000000,   0.0000000000,
                       0.0000000000,   0.0000000000,   1.0000000000
                  </Orientation>
                  <Position type="Vector">0, 0, 0</Position>
               </HpNew03>
            </Fixed>
            <Revolute>
               <HpTurret01>
                  <Axis type="Vector">0, 1, 0</Axis>
                  <Max type="float">6.2831855</Max>
                  <Min type="float">-6.2831855</Min>
                  <Orientation type="Matrix">
                       0.9135454300,   0.4067366700,   0.0000000000,
                      -0.4067366700,   0.9135454300,   0.0000000000,
                       0.0000000000,   0.0000000000,   1.0000000000
                  </Orientation>
                  <Position type="Vector">-25.544924, 10.121759, 4.5653181</Position>
               </HpTurret01>
               <HpTorpedo01>
                  <Axis type="Vector">0, 1, 0</Axis>
                  <Max type="float">0.76794487</Max>
                  <Min type="float">-0.78539819</Min>
                  <Orientation type="Matrix">
                     -119.20929e-09,   0.9999996400,   0.0000000000,
                      -0.9999996400, -119.20929e-09,   0.0000000000,
                       0.0000000000,   0.0000000000,   1.0000000000
                  </Orientation>
                  <Position type="Vector">-10.672358, 0.63828003, -3.4317451</Position>
               </HpTorpedo01>
               <HpTorpedo02>
                  <Axis type="Vector">0, 1, 0</Axis>
                  <Max type="float">0.76794487</Max>
                  <Min type="float">-0.78539819</Min>
                  <Orientation type="Matrix">
                     -119.20929e-09,  -0.9999996400,  -0.0000000000,
                       0.9999996400, -119.20929e-09,   0.0000000000,
                       0.0000000000,  -0.0000000000,   1.0000000000
                  </Orientation>
                  <Position type="Vector">10.716727, 0.63828003, -3.4317451</Position>
               </HpTorpedo02>
               <HpWeapon01>
                  <Axis type="Vector">0, 1, 0</Axis>
                  <Max type="float">0.76794487</Max>
                  <Min type="float">-0.78539819</Min>
                  <Orientation type="Matrix">
                      -0.9986295700,   0.0523361380,   0.0000000000,
                      -0.0523361380,  -0.9986295700,   0.0000000000,
                       0.0000000000,   0.0000000000,   1.0000000000
                  </Orientation>
                  <Position type="Vector">-15.435539, -3.7458901, -32.348701</Position>
               </HpWeapon01>
               <HpWeapon02>
                  <Axis type="Vector">0, 1, 0</Axis>
                  <Max type="float">0.76794487</Max>
                  <Min type="float">-0.78539819</Min>
                  <Orientation type="Matrix">
                      -0.9986295700,  -0.0523361380,  -0.0000000000,
                       0.0523361380,  -0.9986295700,   0.0000000000,
                       0.0000000000,  -0.0000000000,   1.0000000000
                  </Orientation>
                  <Position type="Vector">15.441075, -3.7458901, -32.348701</Position>
               </HpWeapon02>
               <HpWeapon03>
                  <Axis type="Vector">0, 1, 0</Axis>
                  <Max type="float">0.78538001</Max>
                  <Min type="float">-0.7854</Min>
                  <Orientation type="Matrix">
                      -0.9988880200,   0.0471479000,   0.0000000000,
                      -0.0471479000,  -0.9988880200, -135.08400e-06,
                     -6.3689299e-06, -134.93400e-06,   1.0000000000
                  </Orientation>
                  <Position type="Vector">-11.293785, -3.5096397, -33.589127</Position>
               </HpWeapon03>
               <HpWeapon04>
                  <Axis type="Vector">0, 1, 0</Axis>
                  <Max type="float">0.78538001</Max>
                  <Min type="float">-0.7854</Min>
                  <Orientation type="Matrix">
                      -0.9988880200,  -0.0471480000,   0.0000000000,
                       0.0471480000,  -0.9988880200, -135.08400e-06,
                      6.3689599e-06, -134.93400e-06,   1.0000000000
                  </Orientation>
                  <Position type="Vector">11.299298, -3.5096397, -33.589127</Position>
               </HpWeapon04>
               <HpTurret02>
                  <Axis type="Vector">0, 1, 0</Axis>
                  <Max type="float">6.2831855</Max>
                  <Min type="float">-6.2831855</Min>
                  <Orientation type="Matrix">
                       0.9135454300,  -0.4067366700,  -0.0000000000,
                       0.4067366700,   0.9135454300,   0.0000000000,
                       0.0000000000,  -0.0000000000,   1.0000000000
                  </Orientation>
                  <Position type="Vector">25.550549, 10.121759, 4.5653181</Position>
               </HpTurret02>
               <HpTurret03>
                  <Axis type="Vector">0, 1, 0</Axis>
                  <Max type="float">6.2831855</Max>
                  <Min type="float">-6.2831855</Min>
                  <Orientation type="Matrix">
                      -0.9135456100,   0.4067366700,   0.0000000000,
                      -0.4067366700,  -0.9135456100,   0.0000000000,
                       0.0000000000,   0.0000000000,   1.0000000000
                  </Orientation>
                  <Position type="Vector">-26.218351, -14.010389, 4.5653181</Position>
               </HpTurret03>
               <HpTurret04>
                  <Axis type="Vector">0, 1, 0</Axis>
                  <Max type="float">6.2831855</Max>
                  <Min type="float">-6.2831855</Min>
                  <Orientation type="Matrix">
                      -0.9135456100,  -0.4067366700,  -0.0000000000,
                       0.4067366700,  -0.9135456100,   0.0000000000,
                       0.0000000000,  -0.0000000000,   1.0000000000
                  </Orientation>
                  <Position type="Vector">26.223751, -14.010389, 4.5653181</Position>
               </HpTurret04>
               <HpTurret05>
                  <Axis type="Vector">0, 1, 0</Axis>
                  <Max type="float">6.2831855</Max>
                  <Min type="float">-6.2831855</Min>
                  <Orientation type="Matrix">
                      -0.8987940500,  -0.4383712100,  -0.0000000000,
                       0.4383712100,  -0.8987940500,   0.0000000000,
                       0.0000000000,  -0.0000000000,   1.0000000000
                  </Orientation>
                  <Position type="Vector">-26.020575, 9.4503155, 4.5653181</Position>
               </HpTurret05>
               <HpTurret06>
                  <Axis type="Vector">0, 1, 0</Axis>
                  <Max type="float">6.2831855</Max>
                  <Min type="float">-6.2831855</Min>
                  <Orientation type="Matrix">
                      -0.8987940500,   0.4383712100,   0.0000000000,
                      -0.4383712100,  -0.8987940500,   0.0000000000,
                       0.0000000000,   0.0000000000,   1.0000000000
                  </Orientation>
                  <Position type="Vector">26.026199, 9.4503155, 4.5653181</Position>
               </HpTurret06>
               <HpTurret07>
                  <Axis type="Vector">0, 1, 0</Axis>
                  <Max type="float">6.2831855</Max>
                  <Min type="float">-6.2831855</Min>
                  <Orientation type="Matrix">
                       0.9063077600,  -0.4226182700,  -0.0000000000,
                       0.4226182700,   0.9063077600,   0.0000000000,
                       0.0000000000,  -0.0000000000,   1.0000000000
                  </Orientation>
                  <Position type="Vector">-26.503876, -13.213305, 4.5653181</Position>
               </HpTurret07>
               <HpTurret08>
                  <Axis type="Vector">0, 1, 0</Axis>
                  <Max type="float">6.2831855</Max>
                  <Min type="float">-6.2831855</Min>
                  <Orientation type="Matrix">
                       0.9063077600,   0.4226182700,   0.0000000000,
                      -0.4226182700,   0.9063077600,   0.0000000000,
                       0.0000000000,   0.0000000000,   1.0000000000
                  </Orientation>
                  <Position type="Vector">26.509277, -13.213305, 4.5653181</Position>
               </HpTurret08>
            </Revolute>
         </Hardpoints>
         <MultiLevel>
            <Level0>
               <VMeshPart>
                  <VMeshRef type="VMeshRef">
                     <!-- header size  --> 60,
                     <!-- vmesh lib    --> belerathon-001.lod0.vms,
                     <!-- start vert   --> 0,
                     <!-- num verts    --> 2028,
                     <!-- start index  --> 0,
                     <!-- num indices  --> 6288,
                     <!-- start mesh   --> 0,
                     <!-- num meshes   --> 3,
                     <!-- bounding box -->  28.320148,      10.563272,   10.733993,
                                           -28.314543,     -14.473101,  -49.638649,
                     <!-- center       -->   0.0028028488,  -1.9549141, -19.452328,
                     <!-- radius       --> 73.691681
                  </VMeshRef>
               </VMeshPart>
            </Level0>
         </MultiLevel>
      </belerathon-001.3db>
   </UTF_ROOT>
</UTFXML>
