<?xml version="1.0" encoding="ISO-8859-1"?>
<!-- XML generated by UTFXML Version 2.2 built 19-Aug-2010 -->
<UTFXML filename="LeviathanBattleship.cmp" path="SHIPS\new\StarCraft">
   <UTF_ROOT>
      <VMeshLibrary>
         <Leviathan.lod0.vms include="LeviathanBattleship_cmp\lod0.vms.xml"/>
      </VMeshLibrary>
      <Cmpnd>
         <Root>
            <File_name name="File name" type="text">Leviathan.3db</File_name>
            <Index type="int">0</Index>
            <Object_name name="Object name" type="text">Root</Object_name>
         </Root>
      </Cmpnd>
      <Leviathan.3db>
         <Hardpoints>
            <Fixed>
               <HpMount>
                  <Orientation type="Matrix">
                       1.0000000000,   0.0000000000,   0.0000000000,
                       0.0000000000,   1.0000000000,   0.0000000000,
                       0.0000000000,   0.0000000000,   1.0000000000
                  </Orientation>
                  <Position type="Vector">0, -115, -90</Position>
               </HpMount>
               <HpBayDoor01>
                  <Orientation type="Matrix">
                       1.0000000000,   0.0000000000,   0.0000000000,
                       0.0000000000,   1.0000000000,   0.0000000000,
                       0.0000000000,   0.0000000000,   1.0000000000
                  </Orientation>
                  <Position type="Vector">0, -120, 0</Position>
               </HpBayDoor01>
               <HpBayDoor02>
                  <Orientation type="Matrix">
                       1.0000000000,   0.0000000000,   0.0000000000,
                       0.0000000000,   1.0000000000,   0.0000000000,
                       0.0000000000,   0.0000000000,   1.0000000000
                  </Orientation>
                  <Position type="Vector">0, -125, 0</Position>
               </HpBayDoor02>
               <HpFX01>
                  <Orientation type="Matrix">
                       1.0000000000,   0.0000000000,   0.0000000000,
                       0.0000000000,   1.0000000000,   0.0000000000,
                       0.0000000000,   0.0000000000,   1.0000000000
                  </Orientation>
                  <Position type="Vector">0, 0, 0</Position>
               </HpFX01>
               <HpFX02>
                  <Orientation type="Matrix">
                       1.0000000000,   0.0000000000,   0.0000000000,
                       0.0000000000,   1.0000000000,   0.0000000000,
                       0.0000000000,   0.0000000000,   1.0000000000
                  </Orientation>
                  <Position type="Vector">0, 0, 0</Position>
               </HpFX02>
               <HpCloak01>
                  <Orientation type="Matrix">
                       1.0000000000,   0.0000000000,   0.0000000000,
                       0.0000000000,   1.0000000000,   0.0000000000,
                       0.0000000000,   0.0000000000,   1.0000000000
                  </Orientation>
                  <Position type="Vector">0, 0, 0</Position>
               </HpCloak01>
               <HpShield01>
                  <Orientation type="Matrix">
                       1.0000000000,   0.0000000000,   0.0000000000,
                       0.0000000000,   1.0000000000,   0.0000000000,
                       0.0000000000,   0.0000000000,   1.0000000000
                  </Orientation>
                  <Position type="Vector">0, 0, 0</Position>
               </HpShield01>
               <HpShield02>
                  <Orientation type="Matrix">
                       1.0000000000,   0.0000000000,   0.0000000000,
                       0.0000000000,   1.0000000000,   0.0000000000,
                       0.0000000000,   0.0000000000,   1.0000000000
                  </Orientation>
                  <Position type="Vector">0, 0, 0</Position>
               </HpShield02>
               <HpShield03>
                  <Orientation type="Matrix">
                       1.0000000000,   0.0000000000,   0.0000000000,
                       0.0000000000,   1.0000000000,   0.0000000000,
                       0.0000000000,   0.0000000000,   1.0000000000
                  </Orientation>
                  <Position type="Vector">0, 0, 0</Position>
               </HpShield03>
               <HpRunningLight01>
                  <Orientation type="Matrix">
                       1.0000000000,   0.0000000000,   0.0000000000,
                       0.0000000000,   1.0000000000,   0.0000000000,
                       0.0000000000,   0.0000000000,   1.0000000000
                  </Orientation>
                  <Position type="Vector">-26.485752, 141.99638, 226.02968</Position>
               </HpRunningLight01>
               <HpRunningLight02>
                  <Orientation type="Matrix">
                       1.0000000000,   0.0000000000,   0.0000000000,
                       0.0000000000,   1.0000000000,   0.0000000000,
                       0.0000000000,   0.0000000000,   1.0000000000
                  </Orientation>
                  <Position type="Vector">26.490831, 142.02167, 226.03549</Position>
               </HpRunningLight02>
               <HpDocklight01>
                  <Orientation type="Matrix">
                       1.0000000000,   0.0000000000,   0.0000000000,
                       0.0000000000,   1.0000000000,   0.0000000000,
                       0.0000000000,   0.0000000000,   1.0000000000
                  </Orientation>
                  <Position type="Vector">-26.486197, 142.03917, 226.0574</Position>
               </HpDocklight01>
               <HpDocklight02>
                  <Orientation type="Matrix">
                       1.0000000000,   0.0000000000,   0.0000000000,
                       0.0000000000,   1.0000000000,   0.0000000000,
                       0.0000000000,   0.0000000000,   1.0000000000
                  </Orientation>
                  <Position type="Vector">26.477253, 142.03212, 226.04341</Position>
               </HpDocklight02>
               <HpEngine01>
                  <Orientation type="Matrix">
                       1.0000000000,   0.0000000000,   0.0000000000,
                       0.0000000000,   1.0000000000,   0.0000000000,
                       0.0000000000,   0.0000000000,   1.0000000000
                  </Orientation>
                  <Position type="Vector">0, 8.153964, 211</Position>
               </HpEngine01>
               <HpCM01>
                  <Orientation type="Matrix">
                      -1.0000000000, -87.422777e-09,   0.0000000000,
                      87.422777e-09,  -1.0000000000,  -0.0000000000,
                       0.0000000000,   0.0000000000,   1.0000000000
                  </Orientation>
                  <Position type="Vector">-0.044154, 8.0314302, 217.55208</Position>
               </HpCM01>
               <HpTractor_Source>
                  <Orientation type="Matrix">
                       1.0000000000,   0.0000000000,   0.0000000000,
                       0.0000000000,   1.0000000000,   0.0000000000,
                       0.0000000000,   0.0000000000,   1.0000000000
                  </Orientation>
                  <Position type="Vector">0, -8.2675104, -185.5696</Position>
               </HpTractor_Source>
               <HpFX03>
                  <Orientation type="Matrix">
                       1.0000000000,   0.0000000000,   0.0000000000,
                       0.0000000000,  59.604645e-09,   0.9999998800,
                       0.0000000000,  -0.9999998800,  59.604645e-09
                  </Orientation>
                  <Position type="Vector">0, 0, 0</Position>
               </HpFX03>
               <HpFX04>
                  <Orientation type="Matrix">
                      59.604645e-09,   0.9999998800,   0.0000000000,
                      -0.9999998800,  59.604645e-09,   0.0000000000,
                       0.0000000000,   0.0000000000,   1.0000000000
                  </Orientation>
                  <Position type="Vector">0, 0, 0</Position>
               </HpFX04>
               <HpFX05>
                  <Orientation type="Matrix">
                       1.0000000000,   0.0000000000,   0.0000000000,
                       0.0000000000,   1.0000000000,   0.0000000000,
                       0.0000000000,   0.0000000000,   1.0000000000
                  </Orientation>
                  <Position type="Vector">0, 0, 0</Position>
               </HpFX05>
               <HpFX06>
                  <Orientation type="Matrix">
                       1.0000000000,   0.0000000000,   0.0000000000,
                       0.0000000000,   1.0000000000,   0.0000000000,
                       0.0000000000,   0.0000000000,   1.0000000000
                  </Orientation>
                  <Position type="Vector">0, 0, 0</Position>
               </HpFX06>
               <HpFX07>
                  <Orientation type="Matrix">
                       1.0000000000,   0.0000000000,   0.0000000000,
                       0.0000000000,   1.0000000000,   0.0000000000,
                       0.0000000000,   0.0000000000,   1.0000000000
                  </Orientation>
                  <Position type="Vector">0, 0, 0</Position>
               </HpFX07>
            </Fixed>
            <Revolute>
               <HpTorpedo01>
                  <Axis type="Vector">0, 1, 0</Axis>
                  <Max type="float">0.78539819</Max>
                  <Min type="float">-0.78539819</Min>
                  <Orientation type="Matrix">
                      -1.0000000000, -87.422777e-09,   0.0000000000,
                      87.422777e-09,  -1.0000000000,  -0.0000000000,
                       0.0000000000,   0.0000000000,   1.0000000000
                  </Orientation>
                  <Position type="Vector">0, -9.7332544, -184.51059</Position>
               </HpTorpedo01>
               <HpTurret01>
                  <Axis type="Vector">0, 1, 0</Axis>
                  <Max type="float">3.1415927</Max>
                  <Min type="float">-3.1415927</Min>
                  <Orientation type="Matrix">
                      59.604645e-09,  -0.9999998800,  -0.0000000000,
                       0.9999998800,  59.604645e-09,   0.0000000000,
                       0.0000000000,  -0.0000000000,   1.0000000000
                  </Orientation>
                  <Position type="Vector">-93.399117, 2.6460209, 14.011656</Position>
               </HpTurret01>
               <HpTurret02>
                  <Axis type="Vector">0, 1, 0</Axis>
                  <Max type="float">3.1415927</Max>
                  <Min type="float">-3.1415927</Min>
                  <Orientation type="Matrix">
                      59.604645e-09,   0.9999998800,   0.0000000000,
                      -0.9999998800,  59.604645e-09,   0.0000000000,
                       0.0000000000,   0.0000000000,   1.0000000000
                  </Orientation>
                  <Position type="Vector">93.401329, 2.643738, 14.007299</Position>
               </HpTurret02>
               <HpTurret03>
                  <Axis type="Vector">0, 1, 0</Axis>
                  <Max type="float">3.1415927</Max>
                  <Min type="float">-3.1415927</Min>
                  <Orientation type="Matrix">
                      59.604645e-09,  -0.9999998800,  -0.0000000000,
                       0.9999998800,  59.604645e-09,   0.0000000000,
                       0.0000000000,  -0.0000000000,   1.0000000000
                  </Orientation>
                  <Position type="Vector">-86.276146, -91.459373, 20.688768</Position>
               </HpTurret03>
               <HpTurret04>
                  <Axis type="Vector">0, 1, 0</Axis>
                  <Max type="float">3.1415927</Max>
                  <Min type="float">-3.1415927</Min>
                  <Orientation type="Matrix">
                      59.604645e-09,   0.9999998800,   0.0000000000,
                      -0.9999998800,  59.604645e-09,   0.0000000000,
                       0.0000000000,   0.0000000000,   1.0000000000
                  </Orientation>
                  <Position type="Vector">86.314392, -91.488068, 20.76819</Position>
               </HpTurret04>
               <HpTurret05>
                  <Axis type="Vector">0, 1, 0</Axis>
                  <Max type="float">3.1415927</Max>
                  <Min type="float">-3.1415927</Min>
                  <Orientation type="Matrix">
                       0.0174524190,  -0.9998477100,  -0.0000000000,
                       0.9998477100,   0.0174524190,   0.0000000000,
                       0.0000000000,  -0.0000000000,   1.0000000000
                  </Orientation>
                  <Position type="Vector">-93.405205, 2.6116631, 14.017474</Position>
               </HpTurret05>
               <HpTurret06>
                  <Axis type="Vector">0, 1, 0</Axis>
                  <Max type="float">3.1415927</Max>
                  <Min type="float">-3.1415927</Min>
                  <Orientation type="Matrix">
                       0.0174524190,   0.9998477100,   0.0000000000,
                      -0.9998477100,   0.0174524190,   0.0000000000,
                       0.0000000000,   0.0000000000,   1.0000000000
                  </Orientation>
                  <Position type="Vector">93.40136, 2.6331749, 14.055186</Position>
               </HpTurret06>
               <HpTurret07>
                  <Axis type="Vector">0, 1, 0</Axis>
                  <Max type="float">3.1415927</Max>
                  <Min type="float">-3.1415927</Min>
                  <Orientation type="Matrix">
                       0.0174523000,  -0.9846578800,  -0.1736217400,
                       0.9998477700,   0.0171871780,   0.0030305833,
                       0.0000000000,  -0.1736481900,   0.9848077300
                  </Orientation>
                  <Position type="Vector">-82.040886, -88.23967, -4.1617041</Position>
               </HpTurret07>
               <HpTurret08>
                  <Axis type="Vector">0, 1, 0</Axis>
                  <Max type="float">3.1415927</Max>
                  <Min type="float">-3.1415927</Min>
                  <Orientation type="Matrix">
                       0.0174523000,   0.9846578800,   0.1736217400,
                      -0.9998477700,   0.0171871780,   0.0030305833,
                       0.0000000000,  -0.1736481900,   0.9848077300
                  </Orientation>
                  <Position type="Vector">82.044899, -88.220947, -4.1396999</Position>
               </HpTurret08>
               <HpTurret09>
                  <Axis type="Vector">0, 1, 0</Axis>
                  <Max type="float">1.6580628</Max>
                  <Min type="float">-1.6580628</Min>
                  <Orientation type="Matrix">
                       1.0000000000,   0.0000000000,   0.0000000000,
                       0.0000000000,   1.0000000000,   0.0000000000,
                       0.0000000000,   0.0000000000,   1.0000000000
                  </Orientation>
                  <Position type="Vector">0, 30.446409, -60.971111</Position>
               </HpTurret09>
               <HpT01>
                  <Axis type="Vector">0, 1, 0</Axis>
                  <Max type="float">0.78539819</Max>
                  <Min type="float">-0.78539819</Min>
                  <Orientation type="Matrix">
                      -1.0000000000, -87.422777e-09,   0.0000000000,
                      87.422777e-09,  -1.0000000000,  -0.0000000000,
                       0.0000000000,   0.0000000000,   1.0000000000
                  </Orientation>
                  <Position type="Vector">0, -14.259601, -152.49608</Position>
               </HpT01>
               <HpTurret10>
                  <Axis type="Vector">0, 1, 0</Axis>
                  <Max type="float">0.78539819</Max>
                  <Min type="float">-0.78539819</Min>
                  <Orientation type="Matrix">
                      -1.0000000000,   0.0000000000,  87.422777e-09,
                       0.0000000000,   1.0000000000,  -0.0000000000,
                     -87.422777e-09,   0.0000000000,  -1.0000000000
                  </Orientation>
                  <Position type="Vector">-0.010606, 52.678814, 94.082718</Position>
               </HpTurret10>
               <HpTurret11>
                  <Axis type="Vector">0, 1, 0</Axis>
                  <Max type="float">1.5707964</Max>
                  <Min type="float">-0.78539819</Min>
                  <Orientation type="Matrix">
                      -0.0505525470,  -0.9646018700,  -0.2588190400,
                      -0.0135455730,  -0.2584641600,   0.9659256900,
                      -0.9986293900,   0.0523359780,  149.01161e-09
                  </Orientation>
                  <Position type="Vector">-5.2395329, -43.124451, 112.74545</Position>
               </HpTurret11>
               <HpTurret12>
                  <Axis type="Vector">0, 1, 0</Axis>
                  <Max type="float">0.78539819</Max>
                  <Min type="float">-1.5707964</Min>
                  <Orientation type="Matrix">
                      -0.0505525470,   0.9646018700,   0.2588190400,
                       0.0135455730,  -0.2584641600,   0.9659256900,
                       0.9986293900,   0.0523359780,  149.01161e-09
                  </Orientation>
                  <Position type="Vector">5.232882, -43.151455, 112.71786</Position>
               </HpTurret12>
               <HpTurret13>
                  <Axis type="Vector">0, 1, 0</Axis>
                  <Max type="float">0.78539819</Max>
                  <Min type="float">-1.2217305</Min>
                  <Orientation type="Matrix">
                      7.4505806e-09,  -0.6293203800,   0.7771459200,
                     -89.406967e-09,   0.7771459800,   0.6293203800,
                      -1.0000000000, -29.802322e-09,   0.0000000000
                  </Orientation>
                  <Position type="Vector">-33.547371, -47.667213, -50.287476</Position>
               </HpTurret13>
               <HpTurret14>
                  <Axis type="Vector">0, 1, 0</Axis>
                  <Max type="float">1.2217305</Max>
                  <Min type="float">-0.78539819</Min>
                  <Orientation type="Matrix">
                      7.4505806e-09,   0.6293203800,  -0.7771459200,
                      89.406967e-09,   0.7771459800,   0.6293203800,
                       1.0000000000, -29.802322e-09,   0.0000000000
                  </Orientation>
                  <Position type="Vector">33.583725, -47.694344, -50.86039</Position>
               </HpTurret14>
               <HpTurret15>
                  <Axis type="Vector">0, 1, 0</Axis>
                  <Max type="float">1.2217305</Max>
                  <Min type="float">-0.78539819</Min>
                  <Orientation type="Matrix">
                      178.81393e-09,   0.5735764500,   0.8191518800,
                      29.802322e-09,  -0.8191518200,   0.5735763900,
                       0.9999998800,   0.0000000000,  14.901161e-09
                  </Orientation>
                  <Position type="Vector">-29.390944, -53.29665, -50.689011</Position>
               </HpTurret15>
               <HpTurret16>
                  <Axis type="Vector">0, 1, 0</Axis>
                  <Max type="float">0.78539819</Max>
                  <Min type="float">-1.2217305</Min>
                  <Orientation type="Matrix">
                      178.81393e-09,  -0.5735764500,  -0.8191518800,
                     -29.802322e-09,  -0.8191518200,   0.5735763900,
                      -0.9999998800,   0.0000000000,  14.901161e-09
                  </Orientation>
                  <Position type="Vector">29.366974, -53.28, -50.6553</Position>
               </HpTurret16>
               <HpTurret17>
                  <Axis type="Vector">0, 1, 0</Axis>
                  <Max type="float">0.95993108</Max>
                  <Min type="float">-0.95993108</Min>
                  <Orientation type="Matrix">
                      5.5879354e-09,   0.0000000000,   0.9999998800,
                      -0.2588190400,   0.9659258100, -14.901161e-09,
                      -0.9659256900,  -0.2588190400,   0.0000000000
                  </Orientation>
                  <Position type="Vector">-37.827759, 62.00684, 60.681438</Position>
               </HpTurret17>
               <HpTurret18>
                  <Axis type="Vector">0, 1, 0</Axis>
                  <Max type="float">0.95993108</Max>
                  <Min type="float">-0.95993108</Min>
                  <Orientation type="Matrix">
                      5.5879354e-09,   0.0000000000,  -0.9999998800,
                       0.2588190400,   0.9659258100, -14.901161e-09,
                       0.9659256900,  -0.2588190400,   0.0000000000
                  </Orientation>
                  <Position type="Vector">37.920792, 62.011574, 60.695629</Position>
               </HpTurret18>
               <HpTurret19>
                  <Axis type="Vector">0, 1, 0</Axis>
                  <Max type="float">1.5707964</Max>
                  <Min type="float">-1.5707964</Min>
                  <Orientation type="Matrix">
                       1.0000000000,   0.0000000000,   0.0000000000,
                       0.0000000000,   0.9848077300,   0.1736481800,
                       0.0000000000,  -0.1736481800,   0.9848077300
                  </Orientation>
                  <Position type="Vector">-0.007056, 28.293629, -75.512657</Position>
               </HpTurret19>
               <HpTurret20>
                  <Axis type="Vector">0, 1, 0</Axis>
                  <Max type="float">1.5707964</Max>
                  <Min type="float">-1.5707964</Min>
                  <Orientation type="Matrix">
                       1.0000000000,   0.0000000000,   0.0000000000,
                       0.0000000000,   0.9848077300,   0.1736481800,
                       0.0000000000,  -0.1736481800,   0.9848077300
                  </Orientation>
                  <Position type="Vector">0.01278, 5.3516932, -172.07605</Position>
               </HpTurret20>
               <HpTurret21>
                  <Axis type="Vector">0, 1, 0</Axis>
                  <Max type="float">0.78539819</Max>
                  <Min type="float">-1.5707964</Min>
                  <Orientation type="Matrix">
                      59.604645e-09,  -0.9999998800,  -0.0000000000,
                       0.9999998800,  59.604645e-09,   0.0000000000,
                       0.0000000000,  -0.0000000000,   1.0000000000
                  </Orientation>
                  <Position type="Vector">-89.431358, 6.6656022, -4.2229581</Position>
               </HpTurret21>
               <HpTurret22>
                  <Axis type="Vector">0, 1, 0</Axis>
                  <Max type="float">1.5707964</Max>
                  <Min type="float">-0.78539819</Min>
                  <Orientation type="Matrix">
                      59.604645e-09,   0.9999998800,   0.0000000000,
                      -0.9999998800,  59.604645e-09,   0.0000000000,
                       0.0000000000,   0.0000000000,   1.0000000000
                  </Orientation>
                  <Position type="Vector">89.46624, 6.73386, -4.2354269</Position>
               </HpTurret22>
               <HpTurret23>
                  <Axis type="Vector">0, 1, 0</Axis>
                  <Max type="float">0.78539819</Max>
                  <Min type="float">-0.78539819</Min>
                  <Orientation type="Matrix">
                      -0.7071067100,  -0.7071067700,  61.817232e-09,
                      -0.7071067700,   0.7071068300,  61.817232e-09,
                     -87.422777e-09,   0.0000000000,  -0.9999998800
                  </Orientation>
                  <Position type="Vector">-42.255566, 29.187599, 41.451382</Position>
               </HpTurret23>
               <HpTurret24>
                  <Axis type="Vector">0, 1, 0</Axis>
                  <Max type="float">0.78539819</Max>
                  <Min type="float">-0.78539819</Min>
                  <Orientation type="Matrix">
                      -0.7071067100,   0.7071067700,  61.817232e-09,
                       0.7071067700,   0.7071068300, -61.817232e-09,
                     -87.422777e-09,   0.0000000000,  -0.9999998800
                  </Orientation>
                  <Position type="Vector">42.219082, 29.171144, 41.839226</Position>
               </HpTurret24>
            </Revolute>
         </Hardpoints>
         <MultiLevel>
            <Level0>
               <VMeshPart>
                  <VMeshRef type="VMeshRef">
                     <!-- header size  --> 60,
                     <!-- vmesh lib    --> Leviathan.lod0.vms,
                     <!-- start vert   --> 0,
                     <!-- num verts    --> 5823,
                     <!-- start index  --> 0,
                     <!-- num indices  --> 29586,
                     <!-- start mesh   --> 0,
                     <!-- num meshes   --> 1,
                     <!-- bounding box -->  93.41864,  142.0737,    226.09821,
                                           -93.41864, -108.3806,   -235.6859,
                     <!-- center       -->   0,         16.846569,   -4.793869,
                     <!-- radius       --> 350
                  </VMeshRef>
               </VMeshPart>
            </Level0>
         </MultiLevel>
      </Leviathan.3db>
   </UTF_ROOT>
</UTFXML>
