<?xml version="1.0" encoding="ISO-8859-1"?>
<!-- XML generated by UTFXML Version 2.2 built 19-Aug-2010 -->
<UTFXML filename="Luminaris.cmp" path="SHIPS\new\other\Luminaris">
   <UTF_ROOT>
      <VMeshLibrary>
         <Luminaris.lod0.vms include="Luminaris_cmp\lod0.vms.xml"/>
      </VMeshLibrary>
      <Cmpnd>
         <Root>
            <File_name name="File name" type="text">Luminaris.3db</File_name>
            <Index type="int">0</Index>
            <Object_name name="Object name" type="text">Root</Object_name>
         </Root>
      </Cmpnd>
      <Luminaris.3db>
         <Hardpoints>
            <Fixed>
               <HpMount>
                  <Orientation type="Matrix">
                       1.0000000000,   0.0000000000,   0.0000000000,
                       0.0000000000,   1.0000000000,   0.0000000000,
                       0.0000000000,   0.0000000000,   1.0000000000
                  </Orientation>
                  <Position type="Vector">0, -45, -95</Position>
               </HpMount>
               <HpBayDoor01>
                  <Orientation type="Matrix">
                       1.0000000000,   0.0000000000,   0.0000000000,
                       0.0000000000,   1.0000000000,   0.0000000000,
                       0.0000000000,   0.0000000000,   1.0000000000
                  </Orientation>
                  <Position type="Vector">0, -55, 0</Position>
               </HpBayDoor01>
               <HpBayDoor02>
                  <Orientation type="Matrix">
                       1.0000000000,   0.0000000000,   0.0000000000,
                       0.0000000000,   1.0000000000,   0.0000000000,
                       0.0000000000,   0.0000000000,   1.0000000000
                  </Orientation>
                  <Position type="Vector">0, -65, 0</Position>
               </HpBayDoor02>
               <HpCloak01>
                  <Orientation type="Matrix">
                       1.0000000000,   0.0000000000,   0.0000000000,
                       0.0000000000,   1.0000000000,   0.0000000000,
                       0.0000000000,   0.0000000000,   1.0000000000
                  </Orientation>
                  <Position type="Vector">0, 0, 0</Position>
               </HpCloak01>
               <HpEngine01>
                  <Orientation type="Matrix">
                       1.0000000000,   0.0000000000,   0.0000000000,
                       0.0000000000,   1.0000000000,   0.0000000000,
                       0.0000000000,   0.0000000000,   1.0000000000
                  </Orientation>
                  <Position type="Vector">0, -3.7796731, 179.98994</Position>
               </HpEngine01>
               <HpEngine02>
                  <Orientation type="Matrix">
                       1.0000000000,   0.0000000000,   0.0000000000,
                       0.0000000000,   1.0000000000,   0.0000000000,
                       0.0000000000,   0.0000000000,   1.0000000000
                  </Orientation>
                  <Position type="Vector">-19.913609, 3.5415671, 173.73477</Position>
               </HpEngine02>
               <HpEngine03>
                  <Orientation type="Matrix">
                       1.0000000000,   0.0000000000,   0.0000000000,
                       0.0000000000,   1.0000000000,   0.0000000000,
                       0.0000000000,   0.0000000000,   1.0000000000
                  </Orientation>
                  <Position type="Vector">19.956059, 3.5597091, 173.71211</Position>
               </HpEngine03>
               <HpCM01>
                  <Orientation type="Matrix">
                      -1.0000000000, -43.711385e-09, -75.710346e-09,
                      87.422777e-09,  -0.5000000000,  -0.8660253900,
                       0.0000000000,  -0.8660253900,   0.5000000000
                  </Orientation>
                  <Position type="Vector">0, -15.178461, 191.61113</Position>
               </HpCM01>
               <HpShield01>
                  <Orientation type="Matrix">
                       1.0000000000,   0.0000000000,   0.0000000000,
                       0.0000000000,   1.0000000000,   0.0000000000,
                       0.0000000000,   0.0000000000,   1.0000000000
                  </Orientation>
                  <Position type="Vector">0, 0, 0</Position>
               </HpShield01>
               <HpShieldGenerator01>
                  <Orientation type="Matrix">
                       1.0000000000,   0.0000000000,   0.0000000000,
                       0.0000000000,   1.0000000000,   0.0000000000,
                       0.0000000000,   0.0000000000,   1.0000000000
                  </Orientation>
                  <Position type="Vector">0, 0, 0</Position>
               </HpShieldGenerator01>
               <HpShieldGenerator02>
                  <Orientation type="Matrix">
                       1.0000000000,   0.0000000000,   0.0000000000,
                       0.0000000000,   1.0000000000,   0.0000000000,
                       0.0000000000,   0.0000000000,   1.0000000000
                  </Orientation>
                  <Position type="Vector">0, 0, 0</Position>
               </HpShieldGenerator02>
               <HpShieldGenerator03>
                  <Orientation type="Matrix">
                       1.0000000000,   0.0000000000,   0.0000000000,
                       0.0000000000,   1.0000000000,   0.0000000000,
                       0.0000000000,   0.0000000000,   1.0000000000
                  </Orientation>
                  <Position type="Vector">0, 0, 0</Position>
               </HpShieldGenerator03>
               <HpShieldCapacity01>
                  <Orientation type="Matrix">
                       1.0000000000,   0.0000000000,   0.0000000000,
                       0.0000000000,   1.0000000000,   0.0000000000,
                       0.0000000000,   0.0000000000,   1.0000000000
                  </Orientation>
                  <Position type="Vector">0, 0, 0</Position>
               </HpShieldCapacity01>
               <HpShieldCapacity02>
                  <Orientation type="Matrix">
                       1.0000000000,   0.0000000000,   0.0000000000,
                       0.0000000000,   1.0000000000,   0.0000000000,
                       0.0000000000,   0.0000000000,   1.0000000000
                  </Orientation>
                  <Position type="Vector">0, 0, 0</Position>
               </HpShieldCapacity02>
               <HpShieldCapacity03>
                  <Orientation type="Matrix">
                       1.0000000000,   0.0000000000,   0.0000000000,
                       0.0000000000,   1.0000000000,   0.0000000000,
                       0.0000000000,   0.0000000000,   1.0000000000
                  </Orientation>
                  <Position type="Vector">0, 0, 0</Position>
               </HpShieldCapacity03>
               <HpMine01>
                  <Orientation type="Matrix">
                      -1.0000000000, -87.422777e-09,   0.0000000000,
                      87.422777e-09,  -1.0000000000,  -0.0000000000,
                       0.0000000000,   0.0000000000,   1.0000000000
                  </Orientation>
                  <Position type="Vector">0, -15.175425, 191.55061</Position>
               </HpMine01>
               <HpFX01>
                  <Orientation type="Matrix">
                       1.0000000000,   0.0000000000,   0.0000000000,
                       0.0000000000,   1.0000000000,   0.0000000000,
                       0.0000000000,   0.0000000000,   1.0000000000
                  </Orientation>
                  <Position type="Vector">0, 0, 0</Position>
               </HpFX01>
               <HpFX02>
                  <Orientation type="Matrix">
                      59.604645e-09,   0.9999998800,   0.0000000000,
                      -0.9999998800,  59.604645e-09,   0.0000000000,
                       0.0000000000,   0.0000000000,   1.0000000000
                  </Orientation>
                  <Position type="Vector">0, 0, 0</Position>
               </HpFX02>
               <HpFX03>
                  <Orientation type="Matrix">
                       1.0000000000,   0.0000000000,   0.0000000000,
                       0.0000000000,  59.604645e-09,   0.9999998800,
                       0.0000000000,  -0.9999998800,  59.604645e-09
                  </Orientation>
                  <Position type="Vector">0, 0, 0</Position>
               </HpFX03>
               <HpDocklight01>
                  <Orientation type="Matrix">
                       1.0000000000,   0.0000000000,   0.0000000000,
                       0.0000000000,   1.0000000000,   0.0000000000,
                       0.0000000000,   0.0000000000,   1.0000000000
                  </Orientation>
                  <Position type="Vector">-111.5297, 5.9186921, 85.391594</Position>
               </HpDocklight01>
               <HpDocklight02>
                  <Orientation type="Matrix">
                       1.0000000000,   0.0000000000,   0.0000000000,
                       0.0000000000,   1.0000000000,   0.0000000000,
                       0.0000000000,   0.0000000000,   1.0000000000
                  </Orientation>
                  <Position type="Vector">111.54253, 5.904098, 85.378563</Position>
               </HpDocklight02>
               <HpTractor_Source01>
                  <Orientation type="Matrix">
                       1.0000000000,   0.0000000000,   0.0000000000,
                       0.0000000000,   1.0000000000,   0.0000000000,
                       0.0000000000,   0.0000000000,   1.0000000000
                  </Orientation>
                  <Position type="Vector">0, -3.1345601, -223.71689</Position>
               </HpTractor_Source01>
               <HpFX04>
                  <Orientation type="Matrix">
                       1.0000000000,   0.0000000000,   0.0000000000,
                       0.0000000000,   1.0000000000,   0.0000000000,
                       0.0000000000,   0.0000000000,   1.0000000000
                  </Orientation>
                  <Position type="Vector">0, 0, 0</Position>
               </HpFX04>
               <HpFX05>
                  <Orientation type="Matrix">
                       1.0000000000,   0.0000000000,   0.0000000000,
                       0.0000000000,   1.0000000000,   0.0000000000,
                       0.0000000000,   0.0000000000,   1.0000000000
                  </Orientation>
                  <Position type="Vector">0, 0, 0</Position>
               </HpFX05>
               <HpFX06>
                  <Orientation type="Matrix">
                       1.0000000000,   0.0000000000,   0.0000000000,
                       0.0000000000,   1.0000000000,   0.0000000000,
                       0.0000000000,   0.0000000000,   1.0000000000
                  </Orientation>
                  <Position type="Vector">0, 0, 0</Position>
               </HpFX06>
               <HpFX07>
                  <Orientation type="Matrix">
                       1.0000000000,   0.0000000000,   0.0000000000,
                       0.0000000000,   1.0000000000,   0.0000000000,
                       0.0000000000,   0.0000000000,   1.0000000000
                  </Orientation>
                  <Position type="Vector">0, 0, 0</Position>
               </HpFX07>
            </Fixed>
            <Revolute>
               <HpTorpedo01>
                  <Axis type="Vector">0, 1, 0</Axis>
                  <Max type="float">0.78539819</Max>
                  <Min type="float">-0.78539819</Min>
                  <Orientation type="Matrix">
                      -1.0000000000, -87.422777e-09,   0.0000000000,
                      87.422777e-09,  -1.0000000000,  -0.0000000000,
                       0.0000000000,   0.0000000000,   1.0000000000
                  </Orientation>
                  <Position type="Vector">0, -10.62758, -204.05383</Position>
               </HpTorpedo01>
               <HpLTurret01>
                  <Axis type="Vector">0, 1, 0</Axis>
                  <Max type="float">3.1415927</Max>
                  <Min type="float">-3.1415927</Min>
                  <Orientation type="Matrix">
                     -59.604645e-09,  -0.9792227100,   0.2027872700,
                       1.0000000000, -59.604645e-09,  14.901161e-09,
                       0.0000000000,   0.2027872700,   0.9792227700
                  </Orientation>
                  <Position type="Vector">-108.51254, -0.19015899, 100.15362</Position>
               </HpLTurret01>
               <HpLTurret02>
                  <Axis type="Vector">0, 1, 0</Axis>
                  <Max type="float">3.1415927</Max>
                  <Min type="float">-3.1415927</Min>
                  <Orientation type="Matrix">
                     -59.604645e-09,   0.9792227100,  -0.2027872700,
                      -1.0000000000, -59.604645e-09,  14.901161e-09,
                       0.0000000000,   0.2027872700,   0.9792227700
                  </Orientation>
                  <Position type="Vector">108.51078, -0.053079002, 100.13448</Position>
               </HpLTurret02>
               <HpLTurret03>
                  <Axis type="Vector">0, 1, 0</Axis>
                  <Max type="float">1.6580628</Max>
                  <Min type="float">-1.6580628</Min>
                  <Orientation type="Matrix">
                       0.0048570242,   0.1390883200,   0.9902681100,
                       0.0345598650,   0.9896647900,  -0.1391730900,
                      -0.9993908400,   0.0348994990, -59.604645e-09
                  </Orientation>
                  <Position type="Vector">-66.116219, 36.093948, 41.643555</Position>
               </HpLTurret03>
               <HpLTurret04>
                  <Axis type="Vector">0, 1, 0</Axis>
                  <Max type="float">1.5707964</Max>
                  <Min type="float">-1.5707964</Min>
                  <Orientation type="Matrix">
                       0.0048570242,  -0.1390883200,  -0.9902681100,
                      -0.0345598650,   0.9896647900,  -0.1391730900,
                       0.9993908400,   0.0348994990, -59.604645e-09
                  </Orientation>
                  <Position type="Vector">66.116219, 36.093948, 41.643555</Position>
               </HpLTurret04>
               <HpLTurret05>
                  <Axis type="Vector">0, 1, 0</Axis>
                  <Max type="float">3.1415927</Max>
                  <Min type="float">-3.1415927</Min>
                  <Orientation type="Matrix">
                      -1.0000000000, -87.422777e-09,   0.0000000000,
                      87.422777e-09,  -1.0000000000,  -0.0000000000,
                       0.0000000000,   0.0000000000,   1.0000000000
                  </Orientation>
                  <Position type="Vector">-18.665695, -39.40287, 1.01413</Position>
               </HpLTurret05>
               <HpLTurret06>
                  <Axis type="Vector">0, 1, 0</Axis>
                  <Max type="float">3.1415927</Max>
                  <Min type="float">-3.1415927</Min>
                  <Orientation type="Matrix">
                      -1.0000000000, -87.422777e-09,   0.0000000000,
                      87.422777e-09,  -1.0000000000,  -0.0000000000,
                       0.0000000000,   0.0000000000,   1.0000000000
                  </Orientation>
                  <Position type="Vector">18.738276, -39.400677, 1.039983</Position>
               </HpLTurret06>
               <HpLTurret07>
                  <Axis type="Vector">0, 1, 0</Axis>
                  <Max type="float">3.1415927</Max>
                  <Min type="float">-3.1415927</Min>
                  <Orientation type="Matrix">
                       1.0000000000,   0.0000000000,   0.0000000000,
                       0.0000000000,   1.0000000000,   0.0000000000,
                       0.0000000000,   0.0000000000,   1.0000000000
                  </Orientation>
                  <Position type="Vector">0, 40.146435, -5.769114</Position>
               </HpLTurret07>
               <HpSTurret01>
                  <Axis type="Vector">0, 1, 0</Axis>
                  <Max type="float">1.5707964</Max>
                  <Min type="float">-1.5707964</Min>
                  <Orientation type="Matrix">
                      -0.0178999010,  -0.3415513600,   0.9396925600,
                       0.0491797030,   0.9384048000,   0.3420200900,
                      -0.9986295100,   0.0523359480,  59.604645e-09
                  </Orientation>
                  <Position type="Vector">-91.204735, 15.182172, 91.688858</Position>
               </HpSTurret01>
               <HpSTurret02>
                  <Axis type="Vector">0, 1, 0</Axis>
                  <Max type="float">1.5707964</Max>
                  <Min type="float">-1.5707964</Min>
                  <Orientation type="Matrix">
                      -0.0178999010,   0.3415513600,  -0.9396925600,
                      -0.0491797030,   0.9384048000,   0.3420200900,
                       0.9986295100,   0.0523359480,  59.604645e-09
                  </Orientation>
                  <Position type="Vector">91.205864, 15.189193, 91.52108</Position>
               </HpSTurret02>
               <HpSTurret03>
                  <Axis type="Vector">0, 1, 0</Axis>
                  <Max type="float">1.5707964</Max>
                  <Min type="float">-1.5707964</Min>
                  <Orientation type="Matrix">
                       0.0030418634,  -0.0871027780,   0.9961946600,
                       0.0347666810,  -0.9955877100,  -0.0871558790,
                       0.9993907800,   0.0348994920, -21.245796e-09
                  </Orientation>
                  <Position type="Vector">-89.175568, -13.8623, 94.493172</Position>
               </HpSTurret03>
               <HpSTurret04>
                  <Axis type="Vector">0, 1, 0</Axis>
                  <Max type="float">1.5707964</Max>
                  <Min type="float">-1.5707964</Min>
                  <Orientation type="Matrix">
                       0.0030418634,   0.0871027780,  -0.9961946600,
                      -0.0347666810,  -0.9955877100,  -0.0871558790,
                      -0.9993907800,   0.0348994920, -21.245796e-09
                  </Orientation>
                  <Position type="Vector">89.051758, -13.880328, 94.527267</Position>
               </HpSTurret04>
               <HpSTurret05>
                  <Axis type="Vector">0, 1, 0</Axis>
                  <Max type="float">3.1415927</Max>
                  <Min type="float">-3.1415927</Min>
                  <Orientation type="Matrix">
                       1.0000000000,   0.0000000000,   0.0000000000,
                       0.0000000000,   1.0000000000,   0.0000000000,
                       0.0000000000,   0.0000000000,   1.0000000000
                  </Orientation>
                  <Position type="Vector">0, 40.148045, 49.999374</Position>
               </HpSTurret05>
               <HpSTurret06>
                  <Axis type="Vector">0, 1, 0</Axis>
                  <Max type="float">3.1415927</Max>
                  <Min type="float">-3.1415927</Min>
                  <Orientation type="Matrix">
                      -1.0000000000, -87.422777e-09,   0.0000000000,
                      87.422777e-09,  -1.0000000000,  -0.0000000000,
                       0.0000000000,   0.0000000000,   1.0000000000
                  </Orientation>
                  <Position type="Vector">-18.737436, -39.401146, 43.195007</Position>
               </HpSTurret06>
               <HpSTurret07>
                  <Axis type="Vector">0, 1, 0</Axis>
                  <Max type="float">3.1415927</Max>
                  <Min type="float">-3.1415927</Min>
                  <Orientation type="Matrix">
                      -1.0000000000, -87.422777e-09,   0.0000000000,
                      87.422777e-09,  -1.0000000000,  -0.0000000000,
                       0.0000000000,   0.0000000000,   1.0000000000
                  </Orientation>
                  <Position type="Vector">18.727436, -39.401291, 43.146614</Position>
               </HpSTurret07>
               <HpSTurret08>
                  <Axis type="Vector">0, 1, 0</Axis>
                  <Max type="float">1.2217305</Max>
                  <Min type="float">-1.5707964</Min>
                  <Orientation type="Matrix">
                       0.0097082127,  -0.1388340600,   0.9902680500,
                      -0.0690776110,   0.9878558500,   0.1391730800,
                      -0.9975640200,  -0.0697564630,   0.0000000000
                  </Orientation>
                  <Position type="Vector">-59.831043, 10.437194, -64.028618</Position>
               </HpSTurret08>
               <HpSTurret09>
                  <Axis type="Vector">0, 1, 0</Axis>
                  <Max type="float">1.5707964</Max>
                  <Min type="float">-1.2217305</Min>
                  <Orientation type="Matrix">
                       0.0097082127,   0.1388340600,  -0.9902680500,
                       0.0690776110,   0.9878558500,   0.1391730800,
                       0.9975640200,  -0.0697564630,   0.0000000000
                  </Orientation>
                  <Position type="Vector">59.729748, 10.449866, -64.033989</Position>
               </HpSTurret09>
               <HpLTurret08>
                  <Axis type="Vector">0, 1, 0</Axis>
                  <Max type="float">3.1415927</Max>
                  <Min type="float">-3.1415927</Min>
                  <Orientation type="Matrix">
                       1.0000000000,   0.0000000000,   0.0000000000,
                       0.0000000000,   1.0000000000,   0.0000000000,
                       0.0000000000,   0.0000000000,   1.0000000000
                  </Orientation>
                  <Position type="Vector">-66.382072, 35.913246, 54.189571</Position>
               </HpLTurret08>
               <HpLTurret09>
                  <Axis type="Vector">0, 1, 0</Axis>
                  <Max type="float">3.1415927</Max>
                  <Min type="float">-3.1415927</Min>
                  <Orientation type="Matrix">
                       1.0000000000,   0.0000000000,   0.0000000000,
                       0.0000000000,   1.0000000000,   0.0000000000,
                       0.0000000000,   0.0000000000,   1.0000000000
                  </Orientation>
                  <Position type="Vector">65.434227, 35.863842, 54.810604</Position>
               </HpLTurret09>
               <HpSTurret10>
                  <Axis type="Vector">0, 1, 0</Axis>
                  <Max type="float">0.78539819</Max>
                  <Min type="float">-0.78539819</Min>
                  <Orientation type="Matrix">
                       0.0435780290,  -0.4980973600,  -0.8660253300,
                       0.0754790160,  -0.8627297300,   0.5000000000,
                      -0.9961946000,  -0.0871557300, -33.527613e-09
                  </Orientation>
                  <Position type="Vector">-73.231644, -11.109646, 8.4794779</Position>
               </HpSTurret10>
               <HpSTurret11>
                  <Axis type="Vector">0, 1, 0</Axis>
                  <Max type="float">0.78539819</Max>
                  <Min type="float">-0.78539819</Min>
                  <Orientation type="Matrix">
                       0.0435780290,   0.4980973600,   0.8660253300,
                      -0.0754790160,  -0.8627297300,   0.5000000000,
                       0.9961946000,  -0.0871557300, -33.527613e-09
                  </Orientation>
                  <Position type="Vector">73.19458, -11.11272, 8.3932199</Position>
               </HpSTurret11>
               <HpLTurret10>
                  <Axis type="Vector">0, 1, 0</Axis>
                  <Max type="float">0.61086524</Max>
                  <Min type="float">-0.61086524</Min>
                  <Orientation type="Matrix">
                       0.7198463700,  -0.3420200900,   0.6040226800,
                       0.2620025900,   0.9396926200,   0.2198462600,
                      -0.6427875200,   0.0000000000,   0.7660445000
                  </Orientation>
                  <Position type="Vector">-79.991653, 14.861775, 66.812004</Position>
               </HpLTurret10>
               <HpLTurret11>
                  <Axis type="Vector">0, 1, 0</Axis>
                  <Max type="float">0.61086524</Max>
                  <Min type="float">-0.61086524</Min>
                  <Orientation type="Matrix">
                       0.7198463700,   0.3420200900,  -0.6040226800,
                      -0.2620025900,   0.9396926200,   0.2198462600,
                       0.6427875200,   0.0000000000,   0.7660445000
                  </Orientation>
                  <Position type="Vector">80.07914, 14.834274, 66.716881</Position>
               </HpLTurret11>
               <HpSTurret12>
                  <Axis type="Vector">0, 1, 0</Axis>
                  <Max type="float">0.78539819</Max>
                  <Min type="float">-0.78539819</Min>
                  <Orientation type="Matrix">
                      -0.3420196800,  -0.9396923200,  119.20929e-09,
                     -119.20929e-09,  238.41858e-09,  -0.9999996400,
                       0.9396923200,  -0.3420200000,  238.41858e-09
                  </Orientation>
                  <Position type="Vector">-94.339973, 2.4413669, 11.914524</Position>
               </HpSTurret12>
               <HpSTurret13>
                  <Axis type="Vector">0, 1, 0</Axis>
                  <Max type="float">0.78539819</Max>
                  <Min type="float">-0.78539819</Min>
                  <Orientation type="Matrix">
                      -0.3420196800,   0.9396923200, -119.20929e-09,
                      119.20929e-09,  238.41858e-09,  -0.9999996400,
                      -0.9396923200,  -0.3420200000,  238.41858e-09
                  </Orientation>
                  <Position type="Vector">94.359688, 2.4470179, 11.988085</Position>
               </HpSTurret13>
               <HpLTurret12>
                  <Axis type="Vector">0, 1, 0</Axis>
                  <Max type="float">1.0471976</Max>
                  <Min type="float">-1.0471976</Min>
                  <Orientation type="Matrix">
                       1.0000000000,   0.0000000000,  -0.0000000000,
                      -0.0000000000,  -0.1736483600,  -0.9848078500,
                       0.0000000000,   0.9848078500,  -0.1736483600
                  </Orientation>
                  <Position type="Vector">-0.015783001, 38.030163, -3.9702351</Position>
               </HpLTurret12>
               <HpLTurret13>
                  <Axis type="Vector">0, 1, 0</Axis>
                  <Max type="float">1.0471976</Max>
                  <Min type="float">-1.0471976</Min>
                  <Orientation type="Matrix">
                      -1.0000000000, -3.5527137e-15,  87.422791e-09,
                     -86.094644e-09,  -0.1736483600,  -0.9848078500,
                      15.180809e-09,  -0.9848078500,   0.1736481200
                  </Orientation>
                  <Position type="Vector">0.007475, 38.029022, 48.197956</Position>
               </HpLTurret13>
               <HpSTurret14>
                  <Axis type="Vector">0, 1, 0</Axis>
                  <Max type="float">1.5707964</Max>
                  <Min type="float">-1.5707964</Min>
                  <Orientation type="Matrix">
                      -1.0000000000,   0.0000000000,  87.422777e-09,
                       0.0000000000,   1.0000000000,  -0.0000000000,
                     -87.422777e-09,   0.0000000000,  -1.0000000000
                  </Orientation>
                  <Position type="Vector">-0.007987, 15.454574, 188.48122</Position>
               </HpSTurret14>
               <HpLTurret14>
                  <Axis type="Vector">0, 1, 0</Axis>
                  <Max type="float">1.5707964</Max>
                  <Min type="float">-1.5707964</Min>
                  <Orientation type="Matrix">
                       1.0000000000, -87.422777e-09, -87.422777e-09,
                     -87.422777e-09,  -1.0000000000,  7.6427419e-15,
                     -87.422777e-09,   0.0000000000,  -1.0000000000
                  </Orientation>
                  <Position type="Vector">0, -15.160395, 182.50307</Position>
               </HpLTurret14>
            </Revolute>
         </Hardpoints>
         <MultiLevel>
            <Level0>
               <VMeshPart>
                  <VMeshRef type="VMeshRef">
                     <!-- header size  --> 60,
                     <!-- vmesh lib    --> Luminaris.lod0.vms,
                     <!-- start vert   --> 0,
                     <!-- num verts    --> 5796,
                     <!-- start index  --> 0,
                     <!-- num indices  --> 23898,
                     <!-- start mesh   --> 0,
                     <!-- num meshes   --> 7,
                     <!-- bounding box -->  111.5561,        40.157249,    197.55666,
                                           -111.56179,      -39.412479,   -223.73486,
                     <!-- center       -->   -0.0028457642,   0.37238503,  -13.089104,
                     <!-- radius       --> 316.51404
                  </VMeshRef>
               </VMeshPart>
            </Level0>
         </MultiLevel>
      </Luminaris.3db>
   </UTF_ROOT>
</UTFXML>
