<?xml version="1.0" encoding="ISO-8859-1"?>
<!-- XML generated by UTFXML Version 2.2 built 19-Aug-2010 -->
<UTFXML filename="Krait.cmp" path="SHIPS\new\X3_terran_conflict_ships\Split\Capital">
   <UTF_ROOT>
      <VMeshLibrary>
         <krait.lod0-112.vms include="Krait_cmp\lod0-112.vms.xml"/>
      </VMeshLibrary>
      <Exporter_Version name="Exporter Version" type="text">Export</Exporter_Version>
      <Cmpnd>
         <Root>
            <Object_name name="Object name" type="text">Root</Object_name>
            <Index type="int">0</Index>
            <File_name name="File name" type="text">Krait220117234746.3db</File_name>
         </Root>
      </Cmpnd>
      <Krait220117234746.3db>
         <VMeshPart>
            <VMeshRef type="VMeshRef">
               <!-- header size  --> 60,
               <!-- vmesh lib    --> krait.lod0-112.vms,
               <!-- start vert   --> 0,
               <!-- num verts    --> 21116,
               <!-- start index  --> 0,
               <!-- num indices  --> 52593,
               <!-- start mesh   --> 0,
               <!-- num meshes   --> 13,
               <!-- bounding box -->  52.77174,       60.015541,   308.01727,
                                     -52.765816,     -74.696266,  -315.99084,
               <!-- center       -->   0.0029621124,  -7.3403625,   -3.9867859,
               <!-- radius       --> 314.70261
            </VMeshRef>
         </VMeshPart>
         <VMeshWire include="Krait_cmp\Krait.vwd.xml"/>
         <Hardpoints>
            <Fixed>
               <HpMount>
                  <Position type="Vector">0, -90, -195</Position>
                  <Orientation type="Matrix">
                       1.0000000000,   0.0000000000,   0.0000000000,
                       0.0000000000,   1.0000000000,   0.0000000000,
                       0.0000000000,   0.0000000000,   1.0000000000
                  </Orientation>
               </HpMount>
               <HpBayDoor01>
                  <Position type="Vector">0, -95, 0</Position>
                  <Orientation type="Matrix">
                       1.0000000000,   0.0000000000,   0.0000000000,
                       0.0000000000,   1.0000000000,   0.0000000000,
                       0.0000000000,   0.0000000000,   1.0000000000
                  </Orientation>
               </HpBayDoor01>
               <HpBayDoor02>
                  <Position type="Vector">0, -100, 0</Position>
                  <Orientation type="Matrix">
                       1.0000000000,   0.0000000000,   0.0000000000,
                       0.0000000000,   1.0000000000,   0.0000000000,
                       0.0000000000,   0.0000000000,   1.0000000000
                  </Orientation>
               </HpBayDoor02>
               <HpTractor_Source>
                  <Position type="Vector">-0.672418, -24.585941, -315.99084</Position>
                  <Orientation type="Matrix">
                       1.0000000000,   0.0000000000,   0.0000000000,
                       0.0000000000,   1.0000000000,   0.0000000000,
                       0.0000000000,   0.0000000000,   1.0000000000
                  </Orientation>
               </HpTractor_Source>
               <HpEngine01>
                  <Position type="Vector">0.029348001, 28.774345, 296.43878</Position>
                  <Orientation type="Matrix">
                       1.0000000000,   0.0000000000,   0.0000000000,
                       0.0000000000,   1.0000000000,   0.0000000000,
                       0.0000000000,   0.0000000000,   1.0000000000
                  </Orientation>
               </HpEngine01>
               <HpEngine02>
                  <Position type="Vector">0.050616998, 16.062204, 297.65747</Position>
                  <Orientation type="Matrix">
                       1.0000000000,   0.0000000000,   0.0000000000,
                       0.0000000000,   1.0000000000,   0.0000000000,
                       0.0000000000,   0.0000000000,   1.0000000000
                  </Orientation>
               </HpEngine02>
               <HpEngine03>
                  <Position type="Vector">-0.005589, 5.0571761, 297.20068</Position>
                  <Orientation type="Matrix">
                       1.0000000000,   0.0000000000,   0.0000000000,
                       0.0000000000,   1.0000000000,   0.0000000000,
                       0.0000000000,   0.0000000000,   1.0000000000
                  </Orientation>
               </HpEngine03>
               <HpThruster01>
                  <Position type="Vector">-4.839613, 23.238226, 293</Position>
                  <Orientation type="Matrix">
                       1.0000000000,   0.0000000000,   0.0000000000,
                       0.0000000000,   1.0000000000,   0.0000000000,
                       0.0000000000,   0.0000000000,   1.0000000000
                  </Orientation>
               </HpThruster01>
               <HpThruster02>
                  <Position type="Vector">4.8155279, 23.255602, 293</Position>
                  <Orientation type="Matrix">
                       1.0000000000,   0.0000000000,   0.0000000000,
                       0.0000000000,   1.0000000000,   0.0000000000,
                       0.0000000000,   0.0000000000,   1.0000000000
                  </Orientation>
               </HpThruster02>
               <HpFX01>
                  <Position type="Vector">0, 0, 0</Position>
                  <Orientation type="Matrix">
                       1.0000000000,   0.0000000000,   0.0000000000,
                       0.0000000000,   1.0000000000,   0.0000000000,
                       0.0000000000,   0.0000000000,   1.0000000000
                  </Orientation>
               </HpFX01>
               <HpFX02>
                  <Position type="Vector">0, 0, 0</Position>
                  <Orientation type="Matrix">
                      313.91644e-09,   0.9999998800,   0.0000000000,
                      -0.9999998800,  313.91644e-09,   0.0000000000,
                       0.0000000000,   0.0000000000,   1.0000000000
                  </Orientation>
               </HpFX02>
               <HpFX03>
                  <Position type="Vector">0, 0, 0</Position>
                  <Orientation type="Matrix">
                       1.0000000000,   0.0000000000,   0.0000000000,
                       0.0000000000,  313.91644e-09,   0.9999998800,
                       0.0000000000,  -0.9999998800,  313.91644e-09
                  </Orientation>
               </HpFX03>
               <HpFX04>
                  <Position type="Vector">0, 0, 0</Position>
                  <Orientation type="Matrix">
                       1.0000000000,   0.0000000000,   0.0000000000,
                       0.0000000000,   1.0000000000,   0.0000000000,
                       0.0000000000,   0.0000000000,   1.0000000000
                  </Orientation>
               </HpFX04>
               <HpFX05>
                  <Position type="Vector">0, 0, 0</Position>
                  <Orientation type="Matrix">
                       1.0000000000,   0.0000000000,   0.0000000000,
                       0.0000000000,   1.0000000000,   0.0000000000,
                       0.0000000000,   0.0000000000,   1.0000000000
                  </Orientation>
               </HpFX05>
               <HpFX06>
                  <Position type="Vector">0, 0, 0</Position>
                  <Orientation type="Matrix">
                       1.0000000000,   0.0000000000,   0.0000000000,
                       0.0000000000,   1.0000000000,   0.0000000000,
                       0.0000000000,   0.0000000000,   1.0000000000
                  </Orientation>
               </HpFX06>
               <HpFX07>
                  <Position type="Vector">0, 0, 0</Position>
                  <Orientation type="Matrix">
                       1.0000000000,   0.0000000000,   0.0000000000,
                       0.0000000000,   1.0000000000,   0.0000000000,
                       0.0000000000,   0.0000000000,   1.0000000000
                  </Orientation>
               </HpFX07>
               <HpDocklight01>
                  <Position type="Vector">-48.616676, 6.2855039, 86.481331</Position>
                  <Orientation type="Matrix">
                       1.0000000000,   0.0000000000,   0.0000000000,
                       0.0000000000,   1.0000000000,   0.0000000000,
                       0.0000000000,   0.0000000000,   1.0000000000
                  </Orientation>
               </HpDocklight01>
               <HpDocklight02>
                  <Position type="Vector">48.584167, 6.27983, 86.482674</Position>
                  <Orientation type="Matrix">
                       1.0000000000,   0.0000000000,   0.0000000000,
                       0.0000000000,   1.0000000000,   0.0000000000,
                       0.0000000000,   0.0000000000,   1.0000000000
                  </Orientation>
               </HpDocklight02>
               <HpRunningLight01>
                  <Position type="Vector">788e-6, 59.996216, 100.34334</Position>
                  <Orientation type="Matrix">
                       1.0000000000,   0.0000000000,   0.0000000000,
                       0.0000000000,   1.0000000000,   0.0000000000,
                       0.0000000000,   0.0000000000,   1.0000000000
                  </Orientation>
               </HpRunningLight01>
               <HpRunningLight02>
                  <Position type="Vector">-52.765808, 34.573673, 51.619232</Position>
                  <Orientation type="Matrix">
                       1.0000000000,   0.0000000000,   0.0000000000,
                       0.0000000000,   1.0000000000,   0.0000000000,
                       0.0000000000,   0.0000000000,   1.0000000000
                  </Orientation>
               </HpRunningLight02>
               <HpRunningLight03>
                  <Position type="Vector">52.771568, 34.5737, 51.619198</Position>
                  <Orientation type="Matrix">
                       1.0000000000,   0.0000000000,   0.0000000000,
                       0.0000000000,   1.0000000000,   0.0000000000,
                       0.0000000000,   0.0000000000,   1.0000000000
                  </Orientation>
               </HpRunningLight03>
               <HpRunningLight04>
                  <Position type="Vector">-41.910446, -32.648701, 51.619373</Position>
                  <Orientation type="Matrix">
                       1.0000000000,   0.0000000000,   0.0000000000,
                       0.0000000000,   1.0000000000,   0.0000000000,
                       0.0000000000,   0.0000000000,   1.0000000000
                  </Orientation>
               </HpRunningLight04>
               <HpRunningLight05>
                  <Position type="Vector">41.87907, -32.648575, 51.619198</Position>
                  <Orientation type="Matrix">
                       1.0000000000,   0.0000000000,   0.0000000000,
                       0.0000000000,   1.0000000000,   0.0000000000,
                       0.0000000000,   0.0000000000,   1.0000000000
                  </Orientation>
               </HpRunningLight05>
               <HpRunningLight06>
                  <Position type="Vector">-0.673392, -24.583923, -315.99084</Position>
                  <Orientation type="Matrix">
                       1.0000000000,   0.0000000000,   0.0000000000,
                       0.0000000000,   1.0000000000,   0.0000000000,
                       0.0000000000,   0.0000000000,   1.0000000000
                  </Orientation>
               </HpRunningLight06>
               <HpRunningLight07>
                  <Position type="Vector">-1.727831, -62.689217, 40.041046</Position>
                  <Orientation type="Matrix">
                       1.0000000000,   0.0000000000,   0.0000000000,
                       0.0000000000,   1.0000000000,   0.0000000000,
                       0.0000000000,   0.0000000000,   1.0000000000
                  </Orientation>
               </HpRunningLight07>
               <HpRunningLight08>
                  <Position type="Vector">1.698648, -62.684093, 40.041046</Position>
                  <Orientation type="Matrix">
                       1.0000000000,   0.0000000000,   0.0000000000,
                       0.0000000000,   1.0000000000,   0.0000000000,
                       0.0000000000,   0.0000000000,   1.0000000000
                  </Orientation>
               </HpRunningLight08>
               <HpRunningLight09>
                  <Position type="Vector">-2.3200929, -58.467617, 37.793987</Position>
                  <Orientation type="Matrix">
                       1.0000000000,   0.0000000000,   0.0000000000,
                       0.0000000000,   1.0000000000,   0.0000000000,
                       0.0000000000,   0.0000000000,   1.0000000000
                  </Orientation>
               </HpRunningLight09>
               <HpRunningLight10>
                  <Position type="Vector">2.2918279, -58.471375, 37.793987</Position>
                  <Orientation type="Matrix">
                       1.0000000000,   0.0000000000,   0.0000000000,
                       0.0000000000,   1.0000000000,   0.0000000000,
                       0.0000000000,   0.0000000000,   1.0000000000
                  </Orientation>
               </HpRunningLight10>
               <HpRunningLight11>
                  <Position type="Vector">-4.0717869, -52.516907, 38.593658</Position>
                  <Orientation type="Matrix">
                       1.0000000000,   0.0000000000,   0.0000000000,
                       0.0000000000,   1.0000000000,   0.0000000000,
                       0.0000000000,   0.0000000000,   1.0000000000
                  </Orientation>
               </HpRunningLight11>
               <HpRunningLight12>
                  <Position type="Vector">4.0369878, -52.517357, 38.593658</Position>
                  <Orientation type="Matrix">
                       1.0000000000,   0.0000000000,   0.0000000000,
                       0.0000000000,   1.0000000000,   0.0000000000,
                       0.0000000000,   0.0000000000,   1.0000000000
                  </Orientation>
               </HpRunningLight12>
               <HpRunningLight13>
                  <Position type="Vector">-8.7859716, -42.112083, 44.878036</Position>
                  <Orientation type="Matrix">
                       1.0000000000,   0.0000000000,   0.0000000000,
                       0.0000000000,   1.0000000000,   0.0000000000,
                       0.0000000000,   0.0000000000,   1.0000000000
                  </Orientation>
               </HpRunningLight13>
               <HpRunningLight14>
                  <Position type="Vector">8.7356873, -42.125809, 44.878036</Position>
                  <Orientation type="Matrix">
                       1.0000000000,   0.0000000000,   0.0000000000,
                       0.0000000000,   1.0000000000,   0.0000000000,
                       0.0000000000,   0.0000000000,   1.0000000000
                  </Orientation>
               </HpRunningLight14>
               <HpRunningLight15>
                  <Position type="Vector">-12.166965, -26.908604, 47.163158</Position>
                  <Orientation type="Matrix">
                       1.0000000000,   0.0000000000,   0.0000000000,
                       0.0000000000,   1.0000000000,   0.0000000000,
                       0.0000000000,   0.0000000000,   1.0000000000
                  </Orientation>
               </HpRunningLight15>
               <HpRunningLight16>
                  <Position type="Vector">12.129827, -26.901665, 47.163158</Position>
                  <Orientation type="Matrix">
                       1.0000000000,   0.0000000000,   0.0000000000,
                       0.0000000000,   1.0000000000,   0.0000000000,
                       0.0000000000,   0.0000000000,   1.0000000000
                  </Orientation>
               </HpRunningLight16>
               <HpShield01>
                  <Position type="Vector">0, 0, 0</Position>
                  <Orientation type="Matrix">
                       1.0000000000,   0.0000000000,   0.0000000000,
                       0.0000000000,   1.0000000000,   0.0000000000,
                       0.0000000000,   0.0000000000,   1.0000000000
                  </Orientation>
               </HpShield01>
               <HpShield02>
                  <Position type="Vector">0, 0, 0</Position>
                  <Orientation type="Matrix">
                       1.0000000000,   0.0000000000,   0.0000000000,
                       0.0000000000,   1.0000000000,   0.0000000000,
                       0.0000000000,   0.0000000000,   1.0000000000
                  </Orientation>
               </HpShield02>
               <HpShield03>
                  <Position type="Vector">0, 0, 0</Position>
                  <Orientation type="Matrix">
                       1.0000000000,   0.0000000000,   0.0000000000,
                       0.0000000000,   1.0000000000,   0.0000000000,
                       0.0000000000,   0.0000000000,   1.0000000000
                  </Orientation>
               </HpShield03>
               <HpShield04>
                  <Position type="Vector">0, 0, 0</Position>
                  <Orientation type="Matrix">
                       1.0000000000,   0.0000000000,   0.0000000000,
                       0.0000000000,   1.0000000000,   0.0000000000,
                       0.0000000000,   0.0000000000,   1.0000000000
                  </Orientation>
               </HpShield04>
               <HpCloak01>
                  <Position type="Vector">0, 0, 5</Position>
                  <Orientation type="Matrix">
                       1.0000000000,   0.0000000000,   0.0000000000,
                       0.0000000000,   1.0000000000,   0.0000000000,
                       0.0000000000,   0.0000000000,   1.0000000000
                  </Orientation>
               </HpCloak01>
               <HpCM01>
                  <Position type="Vector">-0.8, -20.67058, 300</Position>
                  <Orientation type="Matrix">
                      -0.8191518800,  104.30813e-09,  -0.5735763300,
                       0.3289898900,  -0.8191520000,  -0.4698462800,
                      -0.4698463100,  -0.5735763900,   0.6710100800
                  </Orientation>
               </HpCM01>
               <HpCM02>
                  <Position type="Vector">0.8, -20.67058, 300</Position>
                  <Orientation type="Matrix">
                      -0.8191518800, -119.20929e-09,   0.5735763300,
                      -0.3289898600,  -0.8191518800,  -0.4698463700,
                       0.4698462500,  -0.5735762100,   0.6710099600
                  </Orientation>
               </HpCM02>
            </Fixed>
            <Revolute>
               <HpTurret01>
                  <Position type="Vector">-51.446182, 19.676912, 57.714233</Position>
                  <Orientation type="Matrix">
                      -0.0523367820,  -0.9961968100,   0.0696614530,
                       0.9986296900,  -0.0522092880,   0.0036508341,
                      25.262125e-09,   0.0697570590,   0.9975640800
                  </Orientation>
                  <Axis type="Vector">0, 1, 0</Axis>
                  <Min type="float">-3.1415927</Min>
                  <Max type="float">3.1415927</Max>
               </HpTurret01>
               <HpTurret02>
                  <Position type="Vector">51.433369, 19.673409, 57.791237</Position>
                  <Orientation type="Matrix">
                      -0.0523364250,   0.9961969900,  -0.0696612000,
                      -0.9986296300,  -0.0522089380,   0.0036507961,
                     -24.955952e-09,   0.0697567980,   0.9975641400
                  </Orientation>
                  <Axis type="Vector">0, 1, 0</Axis>
                  <Min type="float">-3.1415927</Min>
                  <Max type="float">3.1415927</Max>
               </HpTurret02>
               <HpTurret03>
                  <Position type="Vector">-46.867756, -8.384943, 67.473526</Position>
                  <Orientation type="Matrix">
                      -0.2334460800,  -0.9686697700,   0.0847473590,
                       0.9723696100,  -0.2325577300,   0.0203462220,
                     -104.77379e-09,   0.0871555210,   0.9961949600
                  </Orientation>
                  <Axis type="Vector">0, 1, 0</Axis>
                  <Min type="float">-3.1415927</Min>
                  <Max type="float">3.1415927</Max>
               </HpTurret03>
               <HpTurret04>
                  <Position type="Vector">46.828823, -8.5003386, 67.351631</Position>
                  <Orientation type="Matrix">
                      -0.2334453800,   0.9686697700,  -0.0847476120,
                      -0.9723699100,  -0.2325570300,   0.0203461650,
                      50.291419e-09,   0.0871557300,   0.9961948400
                  </Orientation>
                  <Axis type="Vector">0, 1, 0</Axis>
                  <Min type="float">-3.1415927</Min>
                  <Max type="float">3.1415927</Max>
               </HpTurret04>
               <HpTurret05>
                  <Position type="Vector">-50.392929, 11.930601, 70.888229</Position>
                  <Orientation type="Matrix">
                      -0.0523367820,  -0.9961968100,   0.0696614530,
                       0.9986296900,  -0.0522092880,   0.0036508341,
                      25.262125e-09,   0.0697570590,   0.9975640800
                  </Orientation>
                  <Axis type="Vector">0, 1, 0</Axis>
                  <Min type="float">-3.1415927</Min>
                  <Max type="float">3.1415927</Max>
               </HpTurret05>
               <HpTurret06>
                  <Position type="Vector">50.361095, 11.822268, 70.952545</Position>
                  <Orientation type="Matrix">
                      -0.0523364250,   0.9961969900,  -0.0696612000,
                      -0.9986296300,  -0.0522089380,   0.0036507961,
                     -24.955952e-09,   0.0697567980,   0.9975641400
                  </Orientation>
                  <Axis type="Vector">0, 1, 0</Axis>
                  <Min type="float">-3.1415927</Min>
                  <Max type="float">3.1415927</Max>
               </HpTurret06>
               <HpTurret07>
                  <Position type="Vector">-26.43873, 1.552844, 14.851685</Position>
                  <Orientation type="Matrix">
                      536.44180e-09, -150.99579e-09,   1.0000000000,
                     -14.210855e-15,  -0.9999997600, -150.99576e-09,
                       0.9999998800,  17.763568e-15, -119.20929e-09
                  </Orientation>
                  <Axis type="Vector">0, 1, 0</Axis>
                  <Min type="float">-0.017453292</Min>
                  <Max type="float">1.5707964</Max>
               </HpTurret07>
               <HpTurret08>
                  <Position type="Vector">26.432238, 1.552844, 14.86307</Position>
                  <Orientation type="Matrix">
                      417.23251e-09, -150.99579e-09,  -0.9999998200,
                     -42.632564e-15,  -0.9999997600,  150.99576e-09,
                      -0.9999998800, -7.1054274e-15, -119.20929e-09
                  </Orientation>
                  <Axis type="Vector">0, 1, 0</Axis>
                  <Min type="float">-1.5707964</Min>
                  <Max type="float">0.017453292</Max>
               </HpTurret08>
               <HpTurret09>
                  <Position type="Vector">-13.833501, 27.032862, -16.467514</Position>
                  <Orientation type="Matrix">
                       0.4617485400,  -0.8836355200,  -0.0773080890,
                       0.8870108700,   0.4599915700,   0.0402440390,
                     -3.7252903e-09,  -0.0871557150,   0.9961948400
                  </Orientation>
                  <Axis type="Vector">0, 1, 0</Axis>
                  <Min type="float">-1.5707964</Min>
                  <Max type="float">1.5707964</Max>
               </HpTurret09>
               <HpTurret10>
                  <Position type="Vector">13.698826, 27.177349, -16.82658</Position>
                  <Orientation type="Matrix">
                       0.4617486000,   0.8836355200,   0.0773081030,
                      -0.8870108700,   0.4599915700,   0.0402440430,
                       0.0000000000,  -0.0871557300,   0.9961948400
                  </Orientation>
                  <Axis type="Vector">0, 1, 0</Axis>
                  <Min type="float">-1.5707964</Min>
                  <Max type="float">1.5707964</Max>
               </HpTurret10>
               <HpTurret11>
                  <Position type="Vector">-5.270987, -36.634888, -152.11354</Position>
                  <Orientation type="Matrix">
                       0.0171873360,  -0.9846577600,  -0.1736485800,
                       0.0030303020,  -0.1736221800,   0.9848076700,
                      -0.9998479500,  -0.0174524520, -306.85260e-09
                  </Orientation>
                  <Axis type="Vector">0, 1, 0</Axis>
                  <Min type="float">-1.5707964</Min>
                  <Max type="float">0.78539819</Max>
               </HpTurret11>
               <HpTurret12>
                  <Position type="Vector">5.2236481, -36.827454, -152.13777</Position>
                  <Orientation type="Matrix">
                       0.0171874500,   0.9846575900,   0.1736486100,
                      -0.0030304845,  -0.1736221500,   0.9848077300,
                       0.9998479500,  -0.0174525980, -145.78109e-09
                  </Orientation>
                  <Axis type="Vector">0, 1, 0</Axis>
                  <Min type="float">-0.78539819</Min>
                  <Max type="float">1.5707964</Max>
               </HpTurret12>
               <HpTurret13>
                  <Position type="Vector">-33.852722, -36.838318, 76.427292</Position>
                  <Orientation type="Matrix">
                      536.44180e-09, -150.99579e-09,   1.0000000000,
                     -14.210855e-15,  -0.9999997600, -150.99576e-09,
                       0.9999998800,  17.763568e-15, -119.20929e-09
                  </Orientation>
                  <Axis type="Vector">0, 1, 0</Axis>
                  <Min type="float">-1.5707964</Min>
                  <Max type="float">0.43633232</Max>
               </HpTurret13>
               <HpTurret14>
                  <Position type="Vector">33.868771, -36.838318, 76.448883</Position>
                  <Orientation type="Matrix">
                      417.23251e-09, -150.99579e-09,  -0.9999998200,
                     -42.632564e-15,  -0.9999997600,  150.99576e-09,
                      -0.9999998800, -7.1054274e-15, -119.20929e-09
                  </Orientation>
                  <Axis type="Vector">0, 1, 0</Axis>
                  <Min type="float">-0.43633232</Min>
                  <Max type="float">1.5707964</Max>
               </HpTurret14>
               <HpTurret15>
                  <Position type="Vector">-7.9342809, -8.2344513, 235.14438</Position>
                  <Orientation type="Matrix">
                       0.2079118000,  -0.9781476900, -39.575554e-09,
                      -0.9781476900,  -0.2079118000,  80.963829e-09,
                     -87.422805e-09,  21.877385e-09,  -1.0000000000
                  </Orientation>
                  <Axis type="Vector">0, 1, 0</Axis>
                  <Min type="float">-1.5707964</Min>
                  <Max type="float">1.5707964</Max>
               </HpTurret15>
               <HpTurret16>
                  <Position type="Vector">7.857224, -8.4359446, 234.8968</Position>
                  <Orientation type="Matrix">
                       0.2079118000,   0.9781476900, -39.575554e-09,
                       0.9781476900,  -0.2079118000, -80.963829e-09,
                     -87.422805e-09, -21.877385e-09,  -1.0000000000
                  </Orientation>
                  <Axis type="Vector">0, 1, 0</Axis>
                  <Min type="float">-1.5707964</Min>
                  <Max type="float">1.5707964</Max>
               </HpTurret16>
               <HpTurret17>
                  <Position type="Vector">-6.587079, -63.729568, 82.545662</Position>
                  <Orientation type="Matrix">
                       0.0165014560,  -0.9453744300,  -0.3255681400,
                       0.0056818426,  -0.3255182800,   0.9455184900,
                      -0.9998474100,  -0.0174522700,  193.71510e-09
                  </Orientation>
                  <Axis type="Vector">0, 1, 0</Axis>
                  <Min type="float">-0.78539819</Min>
                  <Max type="float">1.5707964</Max>
               </HpTurret17>
               <HpTurret18>
                  <Position type="Vector">5.6995082, -66.161232, 82.340454</Position>
                  <Orientation type="Matrix">
                       0.0165017250,   0.9453744900,   0.3255680800,
                      -0.0056817085,  -0.3255183100,   0.9455184300,
                       0.9998475300,  -0.0174524490, -7.4505806e-09
                  </Orientation>
                  <Axis type="Vector">0, 1, 0</Axis>
                  <Min type="float">-1.5707964</Min>
                  <Max type="float">0.78539819</Max>
               </HpTurret18>
               <HpTurret19>
                  <Position type="Vector">-7.8112388, 36.400204, 208.26959</Position>
                  <Orientation type="Matrix">
                      -0.5000000000,  -0.8660254500,  150.99580e-09,
                      -0.8660254500,   0.5000000000,   0.0000000000,
                     -75.497894e-09, -130.76621e-09,  -1.0000000000
                  </Orientation>
                  <Axis type="Vector">0, 1, 0</Axis>
                  <Min type="float">-1.5707964</Min>
                  <Max type="float">1.5707964</Max>
               </HpTurret19>
               <HpTurret20>
                  <Position type="Vector">7.8166909, 36.342072, 208.26978</Position>
                  <Orientation type="Matrix">
                      -0.4999997600,   0.8660255700,  19.861616e-09,
                       0.8660255700,   0.4999997600, -75.710311e-09,
                     -75.497866e-09, -20.654468e-09,  -1.0000000000
                  </Orientation>
                  <Axis type="Vector">0, 1, 0</Axis>
                  <Min type="float">-1.5707964</Min>
                  <Max type="float">1.5707964</Max>
               </HpTurret20>
               <HpTorpedo01>
                  <Position type="Vector">0, -74.696266, 75.277458</Position>
                  <Orientation type="Matrix">
                      -1.0000000000,  106.17260e-15, -325.84137e-09,
                       0.0000000000,  -1.0000000000, -325.84137e-09,
                     -325.84137e-09, -325.84137e-09,   1.0000000000
                  </Orientation>
                  <Axis type="Vector">0, 1, 0</Axis>
                  <Min type="float">-2.2689281</Min>
                  <Max type="float">2.2689281</Max>
               </HpTorpedo01>
               <HpAGun01>
                  <Position type="Vector">-0.031475998, -47.045528, -226.32903</Position>
                  <Orientation type="Matrix">
                      -1.0000000000,  106.17260e-15, -325.84137e-09,
                       0.0000000000,  -1.0000000000, -325.84137e-09,
                     -325.84137e-09, -325.84137e-09,   1.0000000000
                  </Orientation>
                  <Axis type="Vector">0, 1, 0</Axis>
                  <Min type="float">0</Min>
                  <Max type="float">0</Max>
               </HpAGun01>
               <HpAGun02>
                  <Position type="Vector">-0.015279, -30.401808, -267.84875</Position>
                  <Orientation type="Matrix">
                      -1.0000000000,  106.17260e-15, -325.84137e-09,
                       0.0000000000,  -1.0000000000, -325.84137e-09,
                     -325.84137e-09, -325.84137e-09,   1.0000000000
                  </Orientation>
                  <Axis type="Vector">0, 1, 0</Axis>
                  <Min type="float">0</Min>
                  <Max type="float">0</Max>
               </HpAGun02>
               <HpBGun01>
                  <Position type="Vector">-51.051422, 5.6698241, 51.619198</Position>
                  <Orientation type="Matrix">
                      313.91644e-09,  -0.9999998800,   0.0000000000,
                       0.9999998800,  313.91644e-09,   0.0000000000,
                       0.0000000000,   0.0000000000,   1.0000000000
                  </Orientation>
                  <Axis type="Vector">0, 1, 0</Axis>
                  <Min type="float">0</Min>
                  <Max type="float">0</Max>
               </HpBGun01>
               <HpBGun02>
                  <Position type="Vector">51.018009, 5.6669021, 51.638733</Position>
                  <Orientation type="Matrix">
                      313.91644e-09,   0.9999998800,   0.0000000000,
                      -0.9999998800,  313.91644e-09,   0.0000000000,
                       0.0000000000,   0.0000000000,   1.0000000000
                  </Orientation>
                  <Axis type="Vector">0, 1, 0</Axis>
                  <Min type="float">0</Min>
                  <Max type="float">0</Max>
               </HpBGun02>
               <HpT01>
                  <Position type="Vector">0, 41.331871, 295.00488</Position>
                  <Orientation type="Matrix">
                      -1.0000000000,   0.0000000000,  150.99580e-09,
                       0.0000000000,   1.0000000000,   0.0000000000,
                     -150.99580e-09,   0.0000000000,  -1.0000000000
                  </Orientation>
                  <Axis type="Vector">0, 1, 0</Axis>
                  <Min type="float">-0.43633232</Min>
                  <Max type="float">0.43633232</Max>
               </HpT01>
               <HpT02>
                  <Position type="Vector">0, -20.67058, 295.4158</Position>
                  <Orientation type="Matrix">
                       1.0000000000, -87.422755e-09, -87.422798e-09,
                     -87.422784e-09,  -1.0000000000, -325.84137e-09,
                     -87.422769e-09,  325.84137e-09,  -1.0000000000
                  </Orientation>
                  <Axis type="Vector">0, 1, 0</Axis>
                  <Min type="float">-0.43633232</Min>
                  <Max type="float">0.43633232</Max>
               </HpT02>
               <HpWeapon01>
                  <Position type="Vector">-0.003143, 24.873726, -110.30474</Position>
                  <Orientation type="Matrix">
                     -160.65314e-09,  37.252903e-09,  -0.9999997600,
                       0.1564345100,   0.9876882400, -29.802322e-09,
                       0.9876879500,  -0.1564344800, -161.11881e-09
                  </Orientation>
                  <Axis type="Vector">0, 1, 0</Axis>
                  <Min type="float">0</Min>
                  <Max type="float">0</Max>
               </HpWeapon01>
               <HpWeapon02>
                  <Position type="Vector">0.023881, 27.257021, -95.399918</Position>
                  <Orientation type="Matrix">
                     -160.65314e-09,  37.252903e-09,  -0.9999997600,
                       0.1564345100,   0.9876882400, -29.802322e-09,
                       0.9876879500,  -0.1564344800, -161.11881e-09
                  </Orientation>
                  <Axis type="Vector">0, 1, 0</Axis>
                  <Min type="float">0</Min>
                  <Max type="float">0</Max>
               </HpWeapon02>
               <HpWeapon03>
                  <Position type="Vector">-0.013759, 29.706818, -80.07917</Position>
                  <Orientation type="Matrix">
                     -160.65314e-09,  37.252903e-09,  -0.9999997600,
                       0.1564345100,   0.9876882400, -29.802322e-09,
                       0.9876879500,  -0.1564344800, -161.11881e-09
                  </Orientation>
                  <Axis type="Vector">0, 1, 0</Axis>
                  <Min type="float">0</Min>
                  <Max type="float">0</Max>
               </HpWeapon03>
               <HpWeapon04>
                  <Position type="Vector">-0.029868999, 32.088879, -65.182053</Position>
                  <Orientation type="Matrix">
                     -160.65314e-09,  37.252903e-09,  -0.9999997600,
                       0.1564345100,   0.9876882400, -29.802322e-09,
                       0.9876879500,  -0.1564344800, -161.11881e-09
                  </Orientation>
                  <Axis type="Vector">0, 1, 0</Axis>
                  <Min type="float">0</Min>
                  <Max type="float">0</Max>
               </HpWeapon04>
            </Revolute>
         </Hardpoints>
      </Krait220117234746.3db>
   </UTF_ROOT>
</UTFXML>
