<?xml version="1.0" encoding="ISO-8859-1"?>
<!-- XML generated by UTFXML Version 2.2 built 19-Aug-2010 -->
<UTFXML filename="x_battleship.cmp" path="SHIPS\new\X3_terran_conflict_ships\Split\Capital">
   <UTF_ROOT>
      <VMeshLibrary>
         <xenos_battleship.lod0.vms include="x_battleship_cmp\lod0.vms.xml"/>
      </VMeshLibrary>
      <Cmpnd>
         <Root>
            <File_name name="File name" type="text">xenos_battleship.3db</File_name>
            <Index type="int">0</Index>
            <Object_name name="Object name" type="text">Root</Object_name>
         </Root>
      </Cmpnd>
      <xenos_battleship.3db>
         <Hardpoints>
            <Fixed>
               <HpCockpit>
                  <Orientation type="Matrix">
                       1.0000000000,   0.0000000000,   0.0000000000,
                       0.0000000000,   1.0000000000,   0.0000000000,
                       0.0000000000,   0.0000000000,   1.0000000000
                  </Orientation>
                  <Position type="Vector">1.1897569, 33.655769, -254.99117</Position>
               </HpCockpit>
               <HpMount>
                  <Orientation type="Matrix">
                       1.0000000000,   0.0000000000,   0.0000000000,
                       0.0000000000,   1.0000000000,   0.0000000000,
                       0.0000000000,   0.0000000000,   1.0000000000
                  </Orientation>
                  <Position type="Vector">0, -96, -24</Position>
               </HpMount>
               <HpEngine01>
                  <Orientation type="Matrix">
                       1.0000000000,   0.0000000000,   0.0000000000,
                       0.0000000000,   1.0000000000,   0.0000000000,
                       0.0000000000,   0.0000000000,   1.0000000000
                  </Orientation>
                  <Position type="Vector">-0.24291961, 16.00499, 380.24646</Position>
               </HpEngine01>
               <HpEngine02>
                  <Orientation type="Matrix">
                       1.0000000000,   0.0000000000,   0.0000000000,
                       0.0000000000,   1.0000000000,   0.0000000000,
                       0.0000000000,   0.0000000000,   1.0000000000
                  </Orientation>
                  <Position type="Vector">-0.50103724, -22.842716, 380.24615</Position>
               </HpEngine02>
               <HpEngine03>
                  <Orientation type="Matrix">
                       1.0000000000,   0.0000000000,   0.0000000000,
                       0.0000000000,   1.0000000000,   0.0000000000,
                       0.0000000000,   0.0000000000,   1.0000000000
                  </Orientation>
                  <Position type="Vector">67.073837, 13.004704, 83.967079</Position>
               </HpEngine03>
               <HpEngine04>
                  <Orientation type="Matrix">
                       1.0000000000,   0.0000000000,   0.0000000000,
                       0.0000000000,   1.0000000000,   0.0000000000,
                       0.0000000000,   0.0000000000,   1.0000000000
                  </Orientation>
                  <Position type="Vector">71.153839, -5.2952857, 86.304367</Position>
               </HpEngine04>
               <HpEngine05>
                  <Orientation type="Matrix">
                       1.0000000000,   0.0000000000,   0.0000000000,
                       0.0000000000,   1.0000000000,   0.0000000000,
                       0.0000000000,   0.0000000000,   1.0000000000
                  </Orientation>
                  <Position type="Vector">-66.403984, 13.763135, 83.756416</Position>
               </HpEngine05>
               <HpEngine06>
                  <Orientation type="Matrix">
                       1.0000000000,   0.0000000000,   0.0000000000,
                       0.0000000000,   1.0000000000,   0.0000000000,
                       0.0000000000,   0.0000000000,   1.0000000000
                  </Orientation>
                  <Position type="Vector">-70.882568, -3.9427862, 86.080185</Position>
               </HpEngine06>
               <HpShield01>
                  <Orientation type="Matrix">
                       1.0000000000,   0.0000000000,   0.0000000000,
                       0.0000000000,   1.0000000000,   0.0000000000,
                       0.0000000000,   0.0000000000,   1.0000000000
                  </Orientation>
                  <Position type="Vector">0, 0, 0</Position>
               </HpShield01>
               <HpCM01>
                  <Orientation type="Matrix">
                      -1.0000000000, -87.427907e-09,   0.0000000000,
                      87.427907e-09,  -1.0000000000,  -0.0000000000,
                       0.0000000000,   0.0000000000,   1.0000000000
                  </Orientation>
                  <Position type="Vector">-0.626638, -45.521198, 362.47119</Position>
               </HpCM01>
               <HpDocklight01>
                  <Orientation type="Matrix">
                       1.0000000000,   0.0000000000,   0.0000000000,
                       0.0000000000,   1.0000000000,   0.0000000000,
                       0.0000000000,   0.0000000000,   1.0000000000
                  </Orientation>
                  <Position type="Vector">-76.01976, 72.743141, 36.628109</Position>
               </HpDocklight01>
               <HpDocklight02>
                  <Orientation type="Matrix">
                       1.0000000000,   0.0000000000,   0.0000000000,
                       0.0000000000,   1.0000000000,   0.0000000000,
                       0.0000000000,   0.0000000000,   1.0000000000
                  </Orientation>
                  <Position type="Vector">-67.43718, -73.627045, 38.244579</Position>
               </HpDocklight02>
               <HpDocklight03>
                  <Orientation type="Matrix">
                       1.0000000000,   0.0000000000,   0.0000000000,
                       0.0000000000,   1.0000000000,   0.0000000000,
                       0.0000000000,   0.0000000000,   1.0000000000
                  </Orientation>
                  <Position type="Vector">77.667854, 71.465599, 36.891212</Position>
               </HpDocklight03>
               <HpDocklight04>
                  <Orientation type="Matrix">
                       1.0000000000,   0.0000000000,   0.0000000000,
                       0.0000000000,   1.0000000000,   0.0000000000,
                       0.0000000000,   0.0000000000,   1.0000000000
                  </Orientation>
                  <Position type="Vector">66.723686, -74.626129, 38.408752</Position>
               </HpDocklight04>
               <HpTractor_Source>
                  <Orientation type="Matrix">
                       1.0000000000,   0.0000000000,   0.0000000000,
                       0.0000000000,   1.0000000000,   0.0000000000,
                       0.0000000000,   0.0000000000,   1.0000000000
                  </Orientation>
                  <Position type="Vector">0.5, -33.821152, -511.36859</Position>
               </HpTractor_Source>
               <HpCloak01>
                  <Orientation type="Matrix">
                       1.0000000000,   0.0000000000,   0.0000000000,
                       0.0000000000,   1.0000000000,   0.0000000000,
                       0.0000000000,   0.0000000000,   1.0000000000
                  </Orientation>
                  <Position type="Vector">0, 0, 0</Position>
               </HpCloak01>
               <HpBayDoor01>
                  <Orientation type="Matrix">
                       1.0000000000,   0.0000000000,   0.0000000000,
                       0.0000000000,   1.0000000000,   0.0000000000,
                       0.0000000000,   0.0000000000,   1.0000000000
                  </Orientation>
                  <Position type="Vector">0, -110, 0</Position>
               </HpBayDoor01>
               <HpBayDoor02>
                  <Orientation type="Matrix">
                       1.0000000000,   0.0000000000,   0.0000000000,
                       0.0000000000,   1.0000000000,   0.0000000000,
                       0.0000000000,   0.0000000000,   1.0000000000
                  </Orientation>
                  <Position type="Vector">0, -125, 0</Position>
               </HpBayDoor02>
               <HpFX01>
                  <Orientation type="Matrix">
                       1.0000000000,   0.0000000000,   0.0000000000,
                       0.0000000000,   1.0000000000,   0.0000000000,
                       0.0000000000,   0.0000000000,   1.0000000000
                  </Orientation>
                  <Position type="Vector">0, 0, 0</Position>
               </HpFX01>
               <HpFX02>
                  <Orientation type="Matrix">
                      59.604645e-09,   0.9999998800,   0.0000000000,
                      -0.9999998800,  59.604645e-09,   0.0000000000,
                       0.0000000000,   0.0000000000,   1.0000000000
                  </Orientation>
                  <Position type="Vector">0, 0, 0</Position>
               </HpFX02>
               <HpFX03>
                  <Orientation type="Matrix">
                       1.0000000000,   0.0000000000,   0.0000000000,
                       0.0000000000,  59.604645e-09,   0.9999998800,
                       0.0000000000,  -0.9999998800,  59.604645e-09
                  </Orientation>
                  <Position type="Vector">0, 0, 0</Position>
               </HpFX03>
               <HpFX04>
                  <Orientation type="Matrix">
                       1.0000000000,   0.0000000000,   0.0000000000,
                       0.0000000000,   1.0000000000,   0.0000000000,
                       0.0000000000,   0.0000000000,   1.0000000000
                  </Orientation>
                  <Position type="Vector">0, 0, 0</Position>
               </HpFX04>
               <HpFX05>
                  <Orientation type="Matrix">
                       1.0000000000,   0.0000000000,   0.0000000000,
                       0.0000000000,   1.0000000000,   0.0000000000,
                       0.0000000000,   0.0000000000,   1.0000000000
                  </Orientation>
                  <Position type="Vector">0, 0, 0</Position>
               </HpFX05>
               <HpFX06>
                  <Orientation type="Matrix">
                       1.0000000000,   0.0000000000,   0.0000000000,
                       0.0000000000,   1.0000000000,   0.0000000000,
                       0.0000000000,   0.0000000000,   1.0000000000
                  </Orientation>
                  <Position type="Vector">0, 0, 0</Position>
               </HpFX06>
               <HpFX07>
                  <Orientation type="Matrix">
                       1.0000000000,   0.0000000000,   0.0000000000,
                       0.0000000000,   1.0000000000,   0.0000000000,
                       0.0000000000,   0.0000000000,   1.0000000000
                  </Orientation>
                  <Position type="Vector">0, 0, 0</Position>
               </HpFX07>
            </Fixed>
            <Revolute>
               <HpTurret01>
                  <Axis type="Vector">0, 1, 0</Axis>
                  <Max type="float">3.1415927</Max>
                  <Min type="float">-3.1415927</Min>
                  <Orientation type="Matrix">
                       0.3420202700,  -0.9326881800,   0.1145197200,
                       0.9396925600,   0.3394709200,  -0.0416817810,
                      7.4505806e-09,   0.1218693400,   0.9925461400
                  </Orientation>
                  <Position type="Vector">-84.785004, 54.83062, 25.104671</Position>
               </HpTurret01>
               <HpTurret02>
                  <Axis type="Vector">0, 1, 0</Axis>
                  <Max type="float">3.1415927</Max>
                  <Min type="float">-0.31415927</Min>
                  <Orientation type="Matrix">
                      -0.4999998800,  -0.8595701500,   0.1055419400,
                       0.8660253300,  -0.4962729200,   0.0609346700,
                     -3.7252903e-09,   0.1218693500,   0.9925461400
                  </Orientation>
                  <Position type="Vector">-80.297943, -55.756603, 28.170383</Position>
               </HpTurret02>
               <HpTurret03>
                  <Axis type="Vector">0, 1, 0</Axis>
                  <Max type="float">3.1415927</Max>
                  <Min type="float">-3.1415927</Min>
                  <Orientation type="Matrix">
                       0.3420202700,   0.9326881800,  -0.1145197200,
                      -0.9396925600,   0.3394709200,  -0.0416817810,
                     -7.4505806e-09,   0.1218693400,   0.9925461400
                  </Orientation>
                  <Position type="Vector">85.476151, 54.436382, 27.834396</Position>
               </HpTurret03>
               <HpTurret04>
                  <Axis type="Vector">0, 1, 0</Axis>
                  <Max type="float">3.1415927</Max>
                  <Min type="float">-3.1415927</Min>
                  <Orientation type="Matrix">
                      -0.5735764500,   0.8130462200,  -0.0998295170,
                      -0.8191520000,  -0.5693011300,   0.0699013770,
                       0.0000000000,   0.1218693400,   0.9925461400
                  </Orientation>
                  <Position type="Vector">79.035553, -58.425545, 27.985273</Position>
               </HpTurret04>
               <HpTurret05>
                  <Axis type="Vector">0, 1, 0</Axis>
                  <Max type="float">3.1415927</Max>
                  <Min type="float">0</Min>
                  <Orientation type="Matrix">
                     -119.20929e-09,   0.9999996400,   0.0000000000,
                      -0.9999996400, -119.20929e-09,   0.0000000000,
                       0.0000000000,   0.0000000000,   1.0000000000
                  </Orientation>
                  <Position type="Vector">9.6246834, 66.878288, -23.614857</Position>
               </HpTurret05>
               <HpTurret06>
                  <Axis type="Vector">0, 1, 0</Axis>
                  <Max type="float">0</Max>
                  <Min type="float">-3.1415927</Min>
                  <Orientation type="Matrix">
                     -119.20929e-09,  -0.9999996400,  -0.0000000000,
                       0.9999996400, -119.20929e-09,   0.0000000000,
                       0.0000000000,  -0.0000000000,   1.0000000000
                  </Orientation>
                  <Position type="Vector">-8.0178747, 66.877663, -24.307091</Position>
               </HpTurret06>
               <HpTurret07>
                  <Axis type="Vector">0, 1, 0</Axis>
                  <Max type="float">3.1415927</Max>
                  <Min type="float">0</Min>
                  <Orientation type="Matrix">
                     -119.20929e-09,  -0.9999996400,  -0.0000000000,
                       0.9999996400, -119.20929e-09,   0.0000000000,
                       0.0000000000,  -0.0000000000,   1.0000000000
                  </Orientation>
                  <Position type="Vector">-1.646436, -73.179596, -249.79013</Position>
               </HpTurret07>
               <HpTurret08>
                  <Axis type="Vector">0, 1, 0</Axis>
                  <Max type="float">0</Max>
                  <Min type="float">-3.1415927</Min>
                  <Orientation type="Matrix">
                     -119.20929e-09,   0.9999996400,   0.0000000000,
                      -0.9999996400, -119.20929e-09,   0.0000000000,
                       0.0000000000,   0.0000000000,   1.0000000000
                  </Orientation>
                  <Position type="Vector">1.980835, -73.300522, -249.76907</Position>
               </HpTurret08>
               <HpTurret09>
                  <Axis type="Vector">0, 1, 0</Axis>
                  <Max type="float">1.5707964</Max>
                  <Min type="float">-1.5707964</Min>
                  <Orientation type="Matrix">
                       1.0000000000,   0.0000000000,   0.0000000000,
                       0.0000000000,   1.0000000000,   0.0000000000,
                       0.0000000000,   0.0000000000,   1.0000000000
                  </Orientation>
                  <Position type="Vector">0.90402198, 38.565994, -234.06097</Position>
               </HpTurret09>
               <HpTurret10>
                  <Axis type="Vector">0, 1, 0</Axis>
                  <Max type="float">1.5707964</Max>
                  <Min type="float">0</Min>
                  <Orientation type="Matrix">
                       1.0000000000,   0.0000000000,  -0.0000000000,
                      -0.0000000000,   0.9993908400,  -0.0348994960,
                       0.0000000000,   0.0348994960,   0.9993908400
                  </Orientation>
                  <Position type="Vector">-75.43808, 3.028126, -57.635307</Position>
               </HpTurret10>
               <HpTurret11>
                  <Axis type="Vector">0, 1, 0</Axis>
                  <Max type="float">0</Max>
                  <Min type="float">-1.5707964</Min>
                  <Orientation type="Matrix">
                       1.0000000000,   0.0000000000,   0.0000000000,
                       0.0000000000,   1.0000000000,   0.0000000000,
                       0.0000000000,   0.0000000000,   1.0000000000
                  </Orientation>
                  <Position type="Vector">75.891823, 1.951382, -57.678288</Position>
               </HpTurret11>
               <HpTurret12>
                  <Axis type="Vector">0, 1, 0</Axis>
                  <Max type="float">1.5707964</Max>
                  <Min type="float">-1.5707964</Min>
                  <Orientation type="Matrix">
                       0.1045289000,  -0.9890735100,   0.1039558100,
                      -0.9945216200,  -0.1039557500,   0.0109263100,
                     -89.406967e-09,  -0.1045284400,  -0.9945213800
                  </Orientation>
                  <Position type="Vector">-19.900892, -15.116113, 361.22629</Position>
               </HpTurret12>
               <HpTurret13>
                  <Axis type="Vector">0, 1, 0</Axis>
                  <Max type="float">1.5707964</Max>
                  <Min type="float">-1.5707964</Min>
                  <Orientation type="Matrix">
                       0.1045289000,   0.9890735100,  -0.1039558400,
                       0.9945216200,  -0.1039557500,   0.0109261310,
                     -89.406967e-09,  -0.1045284400,  -0.9945213800
                  </Orientation>
                  <Position type="Vector">19.171329, -15.062149, 361.48248</Position>
               </HpTurret13>
               <HpTurret14>
                  <Axis type="Vector">0, 1, 0</Axis>
                  <Max type="float">1.5707964</Max>
                  <Min type="float">0</Min>
                  <Orientation type="Matrix">
                       0.8191520600,  -0.5727903200,  -0.0300186720,
                       0.5735763900,   0.8180294600,   0.0428711060,
                      931.32257e-12,  -0.0523359590,   0.9986295100
                  </Orientation>
                  <Position type="Vector">-36.608555, -40.775879, -322.83334</Position>
               </HpTurret14>
               <HpTurret15>
                  <Axis type="Vector">0, 1, 0</Axis>
                  <Max type="float">0</Max>
                  <Min type="float">-1.5707964</Min>
                  <Orientation type="Matrix">
                       0.8191520600,   0.5727903200,   0.0300186720,
                      -0.5735763900,   0.8180294600,   0.0428711060,
                     -931.32257e-12,  -0.0523359590,   0.9986295100
                  </Orientation>
                  <Position type="Vector">36.863869, -40.829174, -322.76706</Position>
               </HpTurret15>
               <HpTurret16>
                  <Axis type="Vector">0, 1, 0</Axis>
                  <Max type="float">0</Max>
                  <Min type="float">-1.5707964</Min>
                  <Orientation type="Matrix">
                       0.3420202100,  -0.9384048000,  -0.0491797180,
                       0.9396926200,   0.3415514800,   0.0178999550,
                     -1.8626451e-09,  -0.0523359630,   0.9986295100
                  </Orientation>
                  <Position type="Vector">-35.928619, -15.668451, -141.7924</Position>
               </HpTurret16>
               <HpTurret17>
                  <Axis type="Vector">0, 1, 0</Axis>
                  <Max type="float">1.5707964</Max>
                  <Min type="float">0</Min>
                  <Orientation type="Matrix">
                       0.3420202100,   0.9384048000,   0.0491797180,
                      -0.9396926200,   0.3415514800,   0.0178999550,
                      1.8626451e-09,  -0.0523359630,   0.9986295100
                  </Orientation>
                  <Position type="Vector">36.51408, -15.628482, -141.85712</Position>
               </HpTurret17>
               <HpTorpedo01>
                  <Axis type="Vector">0, 1, 0</Axis>
                  <Max type="float">0.78539819</Max>
                  <Min type="float">-0.78539819</Min>
                  <Orientation type="Matrix">
                      -1.0000000000, -87.427907e-09,   0.0000000000,
                      87.427907e-09,  -1.0000000000,  -0.0000000000,
                       0.0000000000,   0.0000000000,   1.0000000000
                  </Orientation>
                  <Position type="Vector">1.0987591, -47.262943, -422.21939</Position>
               </HpTorpedo01>
               <HpTurret18>
                  <Axis type="Vector">0, 1, 0</Axis>
                  <Max type="float">1.5707964</Max>
                  <Min type="float">-0.78539819</Min>
                  <Orientation type="Matrix">
                      -0.0818995830,  -0.9361167600,  -0.3420201800,
                       0.0298089390,   0.3407187500,  -0.9396926200,
                       0.9961947200,  -0.0871557300, -59.604645e-09
                  </Orientation>
                  <Position type="Vector">-21.796677, -14.037359, -280.14722</Position>
               </HpTurret18>
               <HpTurret19>
                  <Axis type="Vector">0, 1, 0</Axis>
                  <Max type="float">0.78539819</Max>
                  <Min type="float">-1.5707964</Min>
                  <Orientation type="Matrix">
                      -0.0818995830,   0.9361167600,   0.3420201800,
                      -0.0298089390,   0.3407187500,  -0.9396926200,
                      -0.9961947200,  -0.0871557300, -59.604645e-09
                  </Orientation>
                  <Position type="Vector">22.512037, -12.832571, -280.18018</Position>
               </HpTurret19>
               <HpTurret20>
                  <Axis type="Vector">0, 1, 0</Axis>
                  <Max type="float">0.78539819</Max>
                  <Min type="float">-1.5707964</Min>
                  <Orientation type="Matrix">
                      -0.0521349910,   0.3709610700,   0.9271838100,
                       0.1290390600,  -0.9181604400,   0.3746067000,
                       0.9902680500,   0.1391730600, -111.75871e-09
                  </Orientation>
                  <Position type="Vector">-24.097679, -60.159359, 170.36662</Position>
               </HpTurret20>
               <HpTurret21>
                  <Axis type="Vector">0, 1, 0</Axis>
                  <Max type="float">1.5707964</Max>
                  <Min type="float">-0.78539819</Min>
                  <Orientation type="Matrix">
                      -0.0521349910,  -0.3709610700,  -0.9271838100,
                      -0.1290390600,  -0.9181604400,   0.3746067000,
                      -0.9902680500,   0.1391730600, -111.75871e-09
                  </Orientation>
                  <Position type="Vector">23.35857, -60.509628, 170.63031</Position>
               </HpTurret21>
               <HpTurret22>
                  <Axis type="Vector">0, 1, 0</Axis>
                  <Max type="float">3.1415927</Max>
                  <Min type="float">-3.1415927</Min>
                  <Orientation type="Matrix">
                      -1.0000000000, -87.422777e-09,   0.0000000000,
                      87.422777e-09,  -1.0000000000,  -0.0000000000,
                       0.0000000000,   0.0000000000,   1.0000000000
                  </Orientation>
                  <Position type="Vector">-0.53665799, -83.32975, 159.90756</Position>
               </HpTurret22>
            </Revolute>
         </Hardpoints>
         <MultiLevel>
            <Level0>
               <VMeshPart>
                  <VMeshRef type="VMeshRef">
                     <!-- header size  --> 60,
                     <!-- vmesh lib    --> xenos_battleship.lod0.vms,
                     <!-- start vert   --> 0,
                     <!-- num verts    --> 26903,
                     <!-- start index  --> 0,
                     <!-- num indices  --> 65166,
                     <!-- start mesh   --> 0,
                     <!-- num meshes   --> 17,
                     <!-- bounding box -->  100.38789,    90.339561,   388.05365,
                                           -100.05021,   -83.37027,   -511.70694,
                     <!-- center       -->    0.1688385,   3.4846458,  -61.826645,
                     <!-- radius       --> 661.53577
                  </VMeshRef>
               </VMeshPart>
            </Level0>
         </MultiLevel>
      </xenos_battleship.3db>
   </UTF_ROOT>
</UTFXML>
