<?xml version="1.0" encoding="ISO-8859-1"?>
<!-- XML generated by UTFXML Version 2.2 built 19-Aug-2010 -->
<UTFXML filename="EvrM4.cmp" path="SHIPS\new\X3_terran_conflict_ships\Argon\fighter">
   <UTF_ROOT>
      <VMeshLibrary>
         <EvrM4.lod0.vms include="EvrM4_cmp\lod0.vms.xml"/>
      </VMeshLibrary>
      <Cmpnd>
         <Root>
            <File_name name="File name" type="text">EvrM4.3db</File_name>
            <Index type="int">0</Index>
            <Object_name name="Object name" type="text">Root</Object_name>
         </Root>
      </Cmpnd>
      <EvrM4.3db>
         <Hardpoints>
            <Fixed>
               <HpMount>
                  <Orientation type="Matrix">
                       1.0000000000,   0.0000000000,   0.0000000000,
                       0.0000000000,   1.0000000000,   0.0000000000,
                       0.0000000000,   0.0000000000,   1.0000000000
                  </Orientation>
                  <Position type="Vector">0, -25, 0</Position>
               </HpMount>
               <HpBayDoor01>
                  <Orientation type="Matrix">
                       1.0000000000,   0.0000000000,   0.0000000000,
                       0.0000000000,   1.0000000000,   0.0000000000,
                       0.0000000000,   0.0000000000,   1.0000000000
                  </Orientation>
                  <Position type="Vector">0, -30, 0</Position>
               </HpBayDoor01>
               <HpBayDoor02>
                  <Orientation type="Matrix">
                       1.0000000000,   0.0000000000,   0.0000000000,
                       0.0000000000,   1.0000000000,   0.0000000000,
                       0.0000000000,   0.0000000000,   1.0000000000
                  </Orientation>
                  <Position type="Vector">0, -35, 0</Position>
               </HpBayDoor02>
               <HpTractor_Source>
                  <Orientation type="Matrix">
                       1.0000000000,   0.0000000000,   0.0000000000,
                       0.0000000000,   1.0000000000,   0.0000000000,
                       0.0000000000,   0.0000000000,   1.0000000000
                  </Orientation>
                  <Position type="Vector">0, -8.4457712, -47.735725</Position>
               </HpTractor_Source>
               <HpFX01>
                  <Orientation type="Matrix">
                       1.0000000000,   0.0000000000,   0.0000000000,
                       0.0000000000,   1.0000000000,   0.0000000000,
                       0.0000000000,   0.0000000000,   1.0000000000
                  </Orientation>
                  <Position type="Vector">0, 0, 0</Position>
               </HpFX01>
               <HpFX02>
                  <Orientation type="Matrix">
                      59.604645e-09,   0.9999998800,   0.0000000000,
                      -0.9999998800,  59.604645e-09,   0.0000000000,
                       0.0000000000,   0.0000000000,   1.0000000000
                  </Orientation>
                  <Position type="Vector">0, 0, 0</Position>
               </HpFX02>
               <HpFX03>
                  <Orientation type="Matrix">
                       1.0000000000,   0.0000000000,   0.0000000000,
                       0.0000000000,  59.604645e-09,   0.9999998800,
                       0.0000000000,  -0.9999998800,  59.604645e-09
                  </Orientation>
                  <Position type="Vector">0, 0, 0</Position>
               </HpFX03>
               <HpEngine01>
                  <Orientation type="Matrix">
                       1.0000000000,   0.0000000000,   0.0000000000,
                       0.0000000000,   1.0000000000,   0.0000000000,
                       0.0000000000,   0.0000000000,   1.0000000000
                  </Orientation>
                  <Position type="Vector">0, 3.432405, 49.75703</Position>
               </HpEngine01>
               <HpEngine02>
                  <Orientation type="Matrix">
                       1.0000000000,   0.0000000000,   0.0000000000,
                       0.0000000000,   1.0000000000,   0.0000000000,
                       0.0000000000,   0.0000000000,   1.0000000000
                  </Orientation>
                  <Position type="Vector">0, -2.04422, 49.75703</Position>
               </HpEngine02>
               <HpEngine03>
                  <Orientation type="Matrix">
                       1.0000000000,   0.0000000000,   0.0000000000,
                       0.0000000000,   1.0000000000,   0.0000000000,
                       0.0000000000,   0.0000000000,   1.0000000000
                  </Orientation>
                  <Position type="Vector">-8.2414427, 0.97540998, 41.25531</Position>
               </HpEngine03>
               <HpEngine04>
                  <Orientation type="Matrix">
                       1.0000000000,   0.0000000000,   0.0000000000,
                       0.0000000000,   1.0000000000,   0.0000000000,
                       0.0000000000,   0.0000000000,   1.0000000000
                  </Orientation>
                  <Position type="Vector">8.1616278, 0.98723203, 41.308487</Position>
               </HpEngine04>
               <HpEngine05>
                  <Orientation type="Matrix">
                       1.0000000000,   0.0000000000,   0.0000000000,
                       0.0000000000,   1.0000000000,   0.0000000000,
                       0.0000000000,   0.0000000000,   1.0000000000
                  </Orientation>
                  <Position type="Vector">-19.492605, -5.4146171, 28.557692</Position>
               </HpEngine05>
               <HpEngine06>
                  <Orientation type="Matrix">
                       1.0000000000,   0.0000000000,   0.0000000000,
                       0.0000000000,   1.0000000000,   0.0000000000,
                       0.0000000000,   0.0000000000,   1.0000000000
                  </Orientation>
                  <Position type="Vector">19.447693, -5.3822889, 28.565538</Position>
               </HpEngine06>
               <HpEngine07>
                  <Orientation type="Matrix">
                       1.0000000000,   0.0000000000,   0.0000000000,
                       0.0000000000,   1.0000000000,   0.0000000000,
                       0.0000000000,   0.0000000000,   1.0000000000
                  </Orientation>
                  <Position type="Vector">-10.769317, -7.8346429, 33.081997</Position>
               </HpEngine07>
               <HpEngine08>
                  <Orientation type="Matrix">
                       1.0000000000,   0.0000000000,   0.0000000000,
                       0.0000000000,   1.0000000000,   0.0000000000,
                       0.0000000000,   0.0000000000,   1.0000000000
                  </Orientation>
                  <Position type="Vector">10.777996, -7.637588, 33.081997</Position>
               </HpEngine08>
               <HpShield01>
                  <Orientation type="Matrix">
                       1.0000000000,   0.0000000000,   0.0000000000,
                       0.0000000000,   1.0000000000,   0.0000000000,
                       0.0000000000,   0.0000000000,   1.0000000000
                  </Orientation>
                  <Position type="Vector">0, 0, 0</Position>
               </HpShield01>
               <HpShield02>
                  <Orientation type="Matrix">
                       1.0000000000,   0.0000000000,   0.0000000000,
                       0.0000000000,   1.0000000000,   0.0000000000,
                       0.0000000000,   0.0000000000,   1.0000000000
                  </Orientation>
                  <Position type="Vector">0, 0, 0</Position>
               </HpShield02>
               <HpNew01>
                  <Orientation type="Matrix">
                       1.0000000000,   0.0000000000,   0.0000000000,
                       0.0000000000,   1.0000000000,   0.0000000000,
                       0.0000000000,   0.0000000000,   1.0000000000
                  </Orientation>
                  <Position type="Vector">0, 0, 0</Position>
               </HpNew01>
               <HpNew02>
                  <Orientation type="Matrix">
                       1.0000000000,   0.0000000000,   0.0000000000,
                       0.0000000000,   1.0000000000,   0.0000000000,
                       0.0000000000,   0.0000000000,   1.0000000000
                  </Orientation>
                  <Position type="Vector">0, 0, 0</Position>
               </HpNew02>
               <HpNew03>
                  <Orientation type="Matrix">
                       1.0000000000,   0.0000000000,   0.0000000000,
                       0.0000000000,   1.0000000000,   0.0000000000,
                       0.0000000000,   0.0000000000,   1.0000000000
                  </Orientation>
                  <Position type="Vector">0, 0, 0</Position>
               </HpNew03>
               <HpThruster01>
                  <Orientation type="Matrix">
                      -1.0000000000, -87.422777e-09,   0.0000000000,
                      87.422777e-09,  -1.0000000000,  -0.0000000000,
                       0.0000000000,   0.0000000000,   1.0000000000
                  </Orientation>
                  <Position type="Vector">0, -0.34465501, 50.704346</Position>
               </HpThruster01>
               <HpCM01>
                  <Orientation type="Matrix">
                      -1.0000000000, -71.612547e-09, -50.143644e-09,
                      87.422777e-09,  -0.8191520000,  -0.5735763900,
                       0.0000000000,  -0.5735763900,   0.8191520600
                  </Orientation>
                  <Position type="Vector">0, -22.241879, 22.997322</Position>
               </HpCM01>
               <HpDocklight01>
                  <Orientation type="Matrix">
                       1.0000000000,   0.0000000000,   0.0000000000,
                       0.0000000000,   1.0000000000,   0.0000000000,
                       0.0000000000,   0.0000000000,   1.0000000000
                  </Orientation>
                  <Position type="Vector">-12.877496, 20.313866, 39.675064</Position>
               </HpDocklight01>
               <HpDocklight02>
                  <Orientation type="Matrix">
                       1.0000000000,   0.0000000000,   0.0000000000,
                       0.0000000000,   1.0000000000,   0.0000000000,
                       0.0000000000,   0.0000000000,   1.0000000000
                  </Orientation>
                  <Position type="Vector">12.871753, 20.298433, 39.68222</Position>
               </HpDocklight02>
               <HpRunningLight01>
                  <Orientation type="Matrix">
                       1.0000000000,   0.0000000000,   0.0000000000,
                       0.0000000000,   1.0000000000,   0.0000000000,
                       0.0000000000,   0.0000000000,   1.0000000000
                  </Orientation>
                  <Position type="Vector">-43.535843, -14.12937, 12.267412</Position>
               </HpRunningLight01>
               <HpRunningLight02>
                  <Orientation type="Matrix">
                       1.0000000000,   0.0000000000,   0.0000000000,
                       0.0000000000,   1.0000000000,   0.0000000000,
                       0.0000000000,   0.0000000000,   1.0000000000
                  </Orientation>
                  <Position type="Vector">43.520599, -14.127249, 12.270576</Position>
               </HpRunningLight02>
               <HpRunningLight03>
                  <Orientation type="Matrix">
                       1.0000000000,   0.0000000000,   0.0000000000,
                       0.0000000000,   1.0000000000,   0.0000000000,
                       0.0000000000,   0.0000000000,   1.0000000000
                  </Orientation>
                  <Position type="Vector">-13.45811, 21.390549, 37.426506</Position>
               </HpRunningLight03>
               <HpRunningLight04>
                  <Orientation type="Matrix">
                       1.0000000000,   0.0000000000,   0.0000000000,
                       0.0000000000,   1.0000000000,   0.0000000000,
                       0.0000000000,   0.0000000000,   1.0000000000
                  </Orientation>
                  <Position type="Vector">13.442161, 21.393875, 37.429401</Position>
               </HpRunningLight04>
               <HpSound01>
                  <Orientation type="Matrix">
                       1.0000000000,   0.0000000000,   0.0000000000,
                       0.0000000000,   1.0000000000,   0.0000000000,
                       0.0000000000,   0.0000000000,   1.0000000000
                  </Orientation>
                  <Position type="Vector">0, 0, 0</Position>
               </HpSound01>
               <HpCloak01>
                  <Orientation type="Matrix">
                       1.0000000000,   0.0000000000,   0.0000000000,
                       0.0000000000,   1.0000000000,   0.0000000000,
                       0.0000000000,   0.0000000000,   1.0000000000
                  </Orientation>
                  <Position type="Vector">0, 0, 0</Position>
               </HpCloak01>
            </Fixed>
            <Revolute>
               <HpTorpedo01>
                  <Axis type="Vector">0, 1, 0</Axis>
                  <Max type="float">0.78539819</Max>
                  <Min type="float">-0.78539819</Min>
                  <Orientation type="Matrix">
                      -1.0000000000, -87.422777e-09,   0.0000000000,
                      87.422777e-09,  -1.0000000000,  -0.0000000000,
                       0.0000000000,   0.0000000000,   1.0000000000
                  </Orientation>
                  <Position type="Vector">0, -12.539769, -37.304054</Position>
               </HpTorpedo01>
               <HpTurret01>
                  <Axis type="Vector">0, 1, 0</Axis>
                  <Max type="float">1.6580628</Max>
                  <Min type="float">-1.6580628</Min>
                  <Orientation type="Matrix">
                      126.65987e-09,  -0.6427874600,   0.7660443800,
                     -29.802322e-09,   0.7660445000,   0.6427874600,
                      -0.9999998800, -29.802322e-09,  119.20929e-09
                  </Orientation>
                  <Position type="Vector">-36.460094, 2.9979229, 18.165836</Position>
               </HpTurret01>
               <HpTurret02>
                  <Axis type="Vector">0, 1, 0</Axis>
                  <Max type="float">1.6580628</Max>
                  <Min type="float">-1.6580628</Min>
                  <Orientation type="Matrix">
                      126.65987e-09,   0.6427874600,  -0.7660443800,
                      29.802322e-09,   0.7660445000,   0.6427874600,
                       0.9999998800, -29.802322e-09,  119.20929e-09
                  </Orientation>
                  <Position type="Vector">36.431316, 3.0156031, 18.264477</Position>
               </HpTurret02>
               <HpTurret03>
                  <Axis type="Vector">0, 1, 0</Axis>
                  <Max type="float">3.1415927</Max>
                  <Min type="float">-3.1415927</Min>
                  <Orientation type="Matrix">
                      -1.0000000000, -87.209820e-09, -6.0983045e-09,
                      87.422784e-09,  -0.9975640800,  -0.0697564710,
                       0.0000000000,  -0.0697564710,   0.9975640800
                  </Orientation>
                  <Position type="Vector">0, -21.586313, 3.5749111</Position>
               </HpTurret03>
               <HpTurret04>
                  <Axis type="Vector">0, 1, 0</Axis>
                  <Max type="float">1.7453293</Max>
                  <Min type="float">-1.7453293</Min>
                  <Orientation type="Matrix">
                       1.0000000000,   0.0000000000,   0.0000000000,
                       0.0000000000,   1.0000000000,   0.0000000000,
                       0.0000000000,   0.0000000000,   1.0000000000
                  </Orientation>
                  <Position type="Vector">0, 13.014968, 7.674077</Position>
               </HpTurret04>
               <HpTurret05>
                  <Axis type="Vector">0, 1, 0</Axis>
                  <Max type="float">1.5707964</Max>
                  <Min type="float">-1.6580628</Min>
                  <Orientation type="Matrix">
                       0.0224331470,  -0.6423959100,   0.7660443200,
                      -0.0267345310,   0.7655778500,   0.6427874600,
                      -0.9993906600,  -0.0348995030,  178.81393e-09
                  </Orientation>
                  <Position type="Vector">-36.230537, 2.1768341, -5.2828879</Position>
               </HpTurret05>
               <HpTurret06>
                  <Axis type="Vector">0, 1, 0</Axis>
                  <Max type="float">1.6580628</Max>
                  <Min type="float">-1.5707964</Min>
                  <Orientation type="Matrix">
                       0.0224331470,   0.6423959100,  -0.7660443200,
                       0.0267345310,   0.7655778500,   0.6427874600,
                       0.9993906600,  -0.0348995030,  178.81393e-09
                  </Orientation>
                  <Position type="Vector">36.175369, 2.2194901, -5.239934</Position>
               </HpTurret06>
               <HpTurret07>
                  <Axis type="Vector">0, 1, 0</Axis>
                  <Max type="float">1.6580628</Max>
                  <Min type="float">-1.6580628</Min>
                  <Orientation type="Matrix">
                       0.0155504050,  -0.8908706900,   0.4539904600,
                      -0.0079232752,   0.4539214700,   0.8910063500,
                      -0.9998475300,  -0.0174524490,  119.20929e-09
                  </Orientation>
                  <Position type="Vector">-42.125416, -11.557843, 19.888258</Position>
               </HpTurret07>
               <HpTurret08>
                  <Axis type="Vector">0, 1, 0</Axis>
                  <Max type="float">1.6580628</Max>
                  <Min type="float">-1.6580628</Min>
                  <Orientation type="Matrix">
                       0.0155504050,   0.8908706900,  -0.4539904600,
                       0.0079232752,   0.4539214700,   0.8910063500,
                       0.9998475300,  -0.0174524490,  119.20929e-09
                  </Orientation>
                  <Position type="Vector">42.133125, -11.602132, 19.915598</Position>
               </HpTurret08>
               <HpTurret09>
                  <Axis type="Vector">0, 1, 0</Axis>
                  <Max type="float">1.5707964</Max>
                  <Min type="float">-1.5707964</Min>
                  <Orientation type="Matrix">
                      357.62787e-09,   0.7660442600,   0.6427874600,
                      89.406967e-09,  -0.6427871600,   0.7660442600,
                       0.9999997600,   0.0000000000,  149.01161e-09
                  </Orientation>
                  <Position type="Vector">-41.077053, -12.700054, 21.044662</Position>
               </HpTurret09>
               <HpTurret10>
                  <Axis type="Vector">0, 1, 0</Axis>
                  <Max type="float">1.5707964</Max>
                  <Min type="float">-1.5707964</Min>
                  <Orientation type="Matrix">
                      357.62787e-09,  -0.7660442600,  -0.6427874600,
                     -89.406967e-09,  -0.6427871600,   0.7660442600,
                      -0.9999997600,   0.0000000000,  149.01161e-09
                  </Orientation>
                  <Position type="Vector">40.964184, -12.597233, 21.044662</Position>
               </HpTurret10>
            </Revolute>
         </Hardpoints>
         <MultiLevel>
            <Level0>
               <VMeshPart>
                  <VMeshRef type="VMeshRef">
                     <!-- header size  --> 60,
                     <!-- vmesh lib    --> EvrM4.lod0.vms,
                     <!-- start vert   --> 0,
                     <!-- num verts    --> 12351,
                     <!-- start index  --> 0,
                     <!-- num indices  --> 49941,
                     <!-- start mesh   --> 0,
                     <!-- num meshes   --> 4,
                     <!-- bounding box -->  45.599842,     21.523428,    54.254551,
                                           -45.612984,    -22.241879,   -47.925896,
                     <!-- center       -->  -0.006570816,  -0.35922527,   3.1643276,
                     <!-- radius       --> 92.860794
                  </VMeshRef>
               </VMeshPart>
            </Level0>
         </MultiLevel>
      </EvrM4.3db>
   </UTF_ROOT>
</UTFXML>
