<?xml version="1.0" encoding="ISO-8859-1"?>
<!-- XML generated by UTFXML Version 2.2 built 19-Aug-2010 -->
<UTFXML filename="admin_base.cmp" path="SOLAR\DOCKABLE">
   <UTF_ROOT>
      <VMeshLibrary>
         <__cylonp_1.lod0.vms name="7_cylonp~1.lod0.vms" include="admin_base_cmp\lod0.vms.xml"/>
         <oldcylonbasewire.lod0.vms include="admin_base_cmp\lod0.vms.xml"/>
      </VMeshLibrary>
      <Cmpnd>
         <Root>
            <File_name name="File name" type="text">7_cylonp~1.3db</File_name>
            <Index type="int">0</Index>
            <Object_name name="Object name" type="text">Root</Object_name>
         </Root>
      </Cmpnd>
      <__cylonp_1.3db name="7_cylonp~1.3db">
         <Hardpoints>
            <Fixed>
               <HpDockMountA01>
                  <Orientation type="Matrix">
                      -0.8191520000,   0.0000000000,  -0.5735764500,
                       0.0000000000,   1.0000000000,   0.0000000000,
                       0.5735764500,   0.0000000000,  -0.8191520000
                  </Orientation>
                  <Position type="Vector">-523.38501, -182.56738, -717.32867</Position>
               </HpDockMountA01>
               <HpDockPointA01>
                  <Orientation type="Matrix">
                      -0.8191520000,   0.0000000000,  -0.5735764500,
                       0.0000000000,   1.0000000000,   0.0000000000,
                       0.5735764500,   0.0000000000,  -0.8191520000
                  </Orientation>
                  <Position type="Vector">-751.62091, -194.10895, -1050.5798</Position>
               </HpDockPointA01>
               <HpDockMountA02>
                  <Orientation type="Matrix">
                      -0.8191520000,   0.5735764500,   0.0000000000,
                      -0.5735764500,  -0.8191520000,   0.0000000000,
                       0.0000000000,   0.0000000000,   1.0000000000
                  </Orientation>
                  <Position type="Vector">-900.36853, -208.17458, -1202.6643</Position>
               </HpDockMountA02>
            </Fixed>
            <Revolute type="hex" size="0">
               
            </Revolute>
         </Hardpoints>
         <MultiLevel>
            <Level0>
               <VMeshPart>
                  <VMeshRef type="VMeshRef">
                     <!-- header size  --> 60,
                     <!-- vmesh lib    --> 7_cylonp~1.lod0.vms,
                     <!-- start vert   --> 0,
                     <!-- num verts    --> 3495,
                     <!-- start index  --> 0,
                     <!-- num indices  --> 5982,
                     <!-- start mesh   --> 0,
                     <!-- num meshes   --> 18,
                     <!-- bounding box -->  1026.0042,      401.77533,   1038.1744,
                                           -1024.6451,     -405.10999,   -962.20874,
                     <!-- center       -->     0.67950439,   -1.6673279,   37.982849,
                     <!-- radius       --> 1893.4941
                  </VMeshRef>
               </VMeshPart>
            </Level0>
         </MultiLevel>
         <VMeshWire include="admin_base_cmp\7_cylonp~1.vwd.xml"/>
      </__cylonp_1.3db>
   </UTF_ROOT>
</UTFXML>
