<?xml version="1.0" encoding="ISO-8859-1"?>
<!-- XML generated by UTFXML Version 2.2 built 19-Aug-2010 -->
<UTFXML filename="depot_lod.cmp" path="SOLAR\DOCKABLE">
   <UTF_ROOT>
      <VMeshLibrary>
         <data.solar.dockable.depot_lod.lod0-112.vms include="depot_lod_cmp\lod.lod0-112.vms.xml"/>
         <data.solar.dockable.depot_lod.lod1-112.vms include="depot_lod_cmp\lod.lod1-112.vms.xml"/>
         <data.solar.dockable.depot_lod.lod2-112.vms include="depot_lod_cmp\lod.lod2-112.vms.xml"/>
         <data.solar.dockable.depot_lod.lod3-112.vms include="depot_lod_cmp\lod.lod3-112.vms.xml"/>
      </VMeshLibrary>
      <Animation>
         <Script>
            <Sc_end_anim name="Sc_end anim">
               <Joint_map_0 name="Joint map 0">
                  <Channel>
                     <Header type="Header">
                        <!-- count    --> 1,
                        <!-- interval --> 0.033333335,
                        <!-- flags    --> 0x1
                     </Header>
                     <Frames type="Frames" count="2">
                          1.5707899000
                          0.0000000000
                     </Frames>
                  </Channel>
                  <Child_name name="Child name" type="text">door_port3_lod1</Child_name>
                  <Parent_name name="Parent name" type="text">port_dock_lod1</Parent_name>
               </Joint_map_0>
               <Joint_map_1 name="Joint map 1">
                  <Channel>
                     <Header type="Header">
                        <!-- count    --> 1,
                        <!-- interval --> 0.033333335,
                        <!-- flags    --> 0x1
                     </Header>
                     <Frames type="Frames" count="2">
                          1.5707899000
                          0.0000000000
                     </Frames>
                  </Channel>
                  <Child_name name="Child name" type="text">door_port2_lod1</Child_name>
                  <Parent_name name="Parent name" type="text">port_dock_lod1</Parent_name>
               </Joint_map_1>
               <Joint_map_2 name="Joint map 2">
                  <Channel>
                     <Header type="Header">
                        <!-- count    --> 1,
                        <!-- interval --> 0.033333335,
                        <!-- flags    --> 0x1
                     </Header>
                     <Frames type="Frames" count="2">
                          1.5707899000
                          0.0000000000
                     </Frames>
                  </Channel>
                  <Child_name name="Child name" type="text">door_port1_lod1</Child_name>
                  <Parent_name name="Parent name" type="text">port_dock_lod1</Parent_name>
               </Joint_map_2>
               <Joint_map_3 name="Joint map 3">
                  <Channel>
                     <Header type="Header">
                        <!-- count    --> 1,
                        <!-- interval --> 0.033333335,
                        <!-- flags    --> 0x1
                     </Header>
                     <Frames type="Frames" count="2">
                          1.5707899000
                          0.0000000000
                     </Frames>
                  </Channel>
                  <Child_name name="Child name" type="text">door_port4_lod1</Child_name>
                  <Parent_name name="Parent name" type="text">port_dock_lod1</Parent_name>
               </Joint_map_3>
               <Joint_map_4 name="Joint map 4">
                  <Channel>
                     <Header type="Header">
                        <!-- count    --> 1,
                        <!-- interval --> 0.033333335,
                        <!-- flags    --> 0x1
                     </Header>
                     <Frames type="Frames" count="2">
                          1.5707899000
                          0.0000000000
                     </Frames>
                  </Channel>
                  <Child_name name="Child name" type="text">door_star3_lod1</Child_name>
                  <Parent_name name="Parent name" type="text">star_dock_lod1</Parent_name>
               </Joint_map_4>
               <Joint_map_5 name="Joint map 5">
                  <Channel>
                     <Header type="Header">
                        <!-- count    --> 1,
                        <!-- interval --> 0.033333335,
                        <!-- flags    --> 0x1
                     </Header>
                     <Frames type="Frames" count="2">
                          1.5707899000
                          0.0000000000
                     </Frames>
                  </Channel>
                  <Child_name name="Child name" type="text">door_star2_lod1</Child_name>
                  <Parent_name name="Parent name" type="text">star_dock_lod1</Parent_name>
               </Joint_map_5>
               <Joint_map_6 name="Joint map 6">
                  <Channel>
                     <Header type="Header">
                        <!-- count    --> 1,
                        <!-- interval --> 0.033333335,
                        <!-- flags    --> 0x1
                     </Header>
                     <Frames type="Frames" count="2">
                          1.5707899000
                          0.0000000000
                     </Frames>
                  </Channel>
                  <Child_name name="Child name" type="text">door_star1_lod1</Child_name>
                  <Parent_name name="Parent name" type="text">star_dock_lod1</Parent_name>
               </Joint_map_6>
               <Joint_map_7 name="Joint map 7">
                  <Channel>
                     <Header type="Header">
                        <!-- count    --> 1,
                        <!-- interval --> 0.033333335,
                        <!-- flags    --> 0x1
                     </Header>
                     <Frames type="Frames" count="2">
                          1.5707899000
                          0.0000000000
                     </Frames>
                  </Channel>
                  <Child_name name="Child name" type="text">door_star4_lod1</Child_name>
                  <Parent_name name="Parent name" type="text">star_dock_lod1</Parent_name>
               </Joint_map_7>
            </Sc_end_anim>
            <Sc_port_dock_open name="Sc_port dock open">
               <Joint_map_0 name="Joint map 0">
                  <Channel>
                     <Header type="Header">
                        <!-- count    --> 2,
                        <!-- interval --> Explicit,
                        <!-- flags    --> 0x1
                     </Header>
                     <Frames type="Frames" count="2">
                          0.0000000000:   0.0000000000
                          3.3333335000:   1.5707899000
                     </Frames>
                  </Channel>
                  <Child_name name="Child name" type="text">door_port3_lod1</Child_name>
                  <Parent_name name="Parent name" type="text">port_dock_lod1</Parent_name>
               </Joint_map_0>
               <Joint_map_1 name="Joint map 1">
                  <Channel>
                     <Header type="Header">
                        <!-- count    --> 2,
                        <!-- interval --> Explicit,
                        <!-- flags    --> 0x1
                     </Header>
                     <Frames type="Frames" count="2">
                          0.0000000000:   0.0000000000
                          3.3333335000:   1.5707899000
                     </Frames>
                  </Channel>
                  <Child_name name="Child name" type="text">door_port2_lod1</Child_name>
                  <Parent_name name="Parent name" type="text">port_dock_lod1</Parent_name>
               </Joint_map_1>
               <Joint_map_2 name="Joint map 2">
                  <Channel>
                     <Header type="Header">
                        <!-- count    --> 2,
                        <!-- interval --> Explicit,
                        <!-- flags    --> 0x1
                     </Header>
                     <Frames type="Frames" count="2">
                          0.0000000000:   0.0000000000
                          3.3333335000:   1.5707899000
                     </Frames>
                  </Channel>
                  <Child_name name="Child name" type="text">door_port1_lod1</Child_name>
                  <Parent_name name="Parent name" type="text">port_dock_lod1</Parent_name>
               </Joint_map_2>
               <Joint_map_3 name="Joint map 3">
                  <Channel>
                     <Header type="Header">
                        <!-- count    --> 2,
                        <!-- interval --> Explicit,
                        <!-- flags    --> 0x1
                     </Header>
                     <Frames type="Frames" count="2">
                          0.0000000000:   0.0000000000
                          3.3333335000:   1.5707899000
                     </Frames>
                  </Channel>
                  <Child_name name="Child name" type="text">door_port4_lod1</Child_name>
                  <Parent_name name="Parent name" type="text">port_dock_lod1</Parent_name>
               </Joint_map_3>
            </Sc_port_dock_open>
            <Sc_starboard_dock_open name="Sc_starboard dock open">
               <Joint_map_0 name="Joint map 0">
                  <Channel>
                     <Header type="Header">
                        <!-- count    --> 2,
                        <!-- interval --> Explicit,
                        <!-- flags    --> 0x1
                     </Header>
                     <Frames type="Frames" count="2">
                          0.0000000000:   0.0000000000
                          3.3333335000:   1.5707899000
                     </Frames>
                  </Channel>
                  <Child_name name="Child name" type="text">door_star3_lod1</Child_name>
                  <Parent_name name="Parent name" type="text">star_dock_lod1</Parent_name>
               </Joint_map_0>
               <Joint_map_1 name="Joint map 1">
                  <Channel>
                     <Header type="Header">
                        <!-- count    --> 2,
                        <!-- interval --> Explicit,
                        <!-- flags    --> 0x1
                     </Header>
                     <Frames type="Frames" count="2">
                          0.0000000000:   0.0000000000
                          3.3333335000:   1.5707899000
                     </Frames>
                  </Channel>
                  <Child_name name="Child name" type="text">door_star2_lod1</Child_name>
                  <Parent_name name="Parent name" type="text">star_dock_lod1</Parent_name>
               </Joint_map_1>
               <Joint_map_2 name="Joint map 2">
                  <Channel>
                     <Header type="Header">
                        <!-- count    --> 2,
                        <!-- interval --> Explicit,
                        <!-- flags    --> 0x1
                     </Header>
                     <Frames type="Frames" count="2">
                          0.0000000000:   0.0000000000
                          3.3333335000:   1.5707899000
                     </Frames>
                  </Channel>
                  <Child_name name="Child name" type="text">door_star1_lod1</Child_name>
                  <Parent_name name="Parent name" type="text">star_dock_lod1</Parent_name>
               </Joint_map_2>
               <Joint_map_3 name="Joint map 3">
                  <Channel>
                     <Header type="Header">
                        <!-- count    --> 2,
                        <!-- interval --> Explicit,
                        <!-- flags    --> 0x1
                     </Header>
                     <Frames type="Frames" count="2">
                          0.0000000000:   0.0000000000
                          3.3333335000:   1.5707899000
                     </Frames>
                  </Channel>
                  <Child_name name="Child name" type="text">door_star4_lod1</Child_name>
                  <Parent_name name="Parent name" type="text">star_dock_lod1</Parent_name>
               </Joint_map_3>
            </Sc_starboard_dock_open>
         </Script>
      </Animation>
      <Cmpnd>
         <Cons>
            <Fix type="Fix" count="2">
               <part>
                  <!-- parent      --> "Root",
                  <!-- child       --> "port_dock_lod1",
                  <!-- position    --> 17.96, 0.031, 0.16499607,
                  <!-- orientation -->   1.0000000000,  2.0232449e-09, -6.1059784e-09,
                                       -2.0232449e-09,   1.0000000000, -9.3158272e-09,
                                        6.1059784e-09,  9.3158272e-09,   1.0000000000
               </part>
               <part>
                  <!-- parent      --> "Root",
                  <!-- child       --> "star_dock_lod1",
                  <!-- position    --> -18.38, 0.363, 0.05586347,
                  <!-- orientation -->   1.0000000000,  3.7813992e-09, -27.176554e-09,
                                       -3.7813992e-09,   1.0000000000, -3.5538372e-09,
                                        27.176554e-09,  3.5538372e-09,   1.0000000000
               </part>
            </Fix>
            <Rev type="Rev" count="8">
               <part>
                  <!-- parent      --> "port_dock_lod1",
                  <!-- child       --> "door_port3_lod1",
                  <!-- position    --> 58.020565, -13.194532, 13.264402,
                  <!-- offset      --> 0, 0, 0,
                  <!-- orientation -->  -1.0000000000,  453.85022e-09,  389.62631e-09,
                                       -45.413316e-09,  -0.7071069500,   0.7071065900,
                                        596.42798e-09,   0.7071065900,   0.7071069500,
                  <!-- axis        -->  492.61871e-09,   0.7071067100,   0.7071068300,
                  <!-- min, max    --> 0, 1.5707899
               </part>
               <part>
                  <!-- parent      --> "port_dock_lod1",
                  <!-- child       --> "door_port2_lod1",
                  <!-- position    --> 58.020565, 13.431784, 13.271277,
                  <!-- offset      --> 0, 0, 0,
                  <!-- orientation -->  -1.0000000000, -35.165957e-09, -129.97681e-09,
                                       -116.77361e-09,   0.7071064700,   0.7071070700,
                                        67.041356e-09,   0.7071070700,  -0.7071064700,
                  <!-- axis        -->  78.575745e-09,   0.7071069500,  -0.7071066500,
                  <!-- min, max    --> 0, 1.5707899
               </part>
               <part>
                  <!-- parent      --> "port_dock_lod1",
                  <!-- child       --> "door_port1_lod1",
                  <!-- position    --> 58.020557, 13.437071, -13.348271,
                  <!-- offset      --> 0, 0, 0,
                  <!-- orientation -->  -1.0000000000,  82.026332e-09, -132.56651e-09,
                                        151.74005e-09,   0.7071070700,  -0.7071064700,
                                        35.737376e-09,  -0.7071064700,  -0.7071070700,
                  <!-- axis        -->  31.821038e-09,  -0.7071064100,  -0.7071071300,
                  <!-- min, max    --> 0, 1.5707899
               </part>
               <part>
                  <!-- parent      --> "port_dock_lod1",
                  <!-- child       --> "door_port4_lod1",
                  <!-- position    --> 58.020565, -13.189248, -13.355148,
                  <!-- offset      --> 0, 0, 0,
                  <!-- orientation -->  -1.0000000000, -87.130481e-09,  99.453693e-09,
                                       -8.7138936e-09,  -0.7071064700,  -0.7071070700,
                                        131.93494e-09,  -0.7071070700,   0.7071064700,
                  <!-- axis        -->  222.25477e-09,  -0.7071070700,   0.7071065300,
                  <!-- min, max    --> 0, 1.5707899
               </part>
               <part>
                  <!-- parent      --> "star_dock_lod1",
                  <!-- child       --> "door_star3_lod1",
                  <!-- position    --> -58.819481, -13.526531, -13.23849,
                  <!-- offset      --> 0, 0, 0,
                  <!-- orientation -->   1.0000000000, -370.72178e-09, -112.60603e-09,
                                       -182.51525e-09,  -0.7071065300,   0.7071070700,
                                       -341.76443e-09,  -0.7071070700,  -0.7071065300,
                  <!-- axis        --> -299.30584e-09,   0.7071068300,  -0.7071067100,
                  <!-- min, max    --> 0, 1.5707899
               </part>
               <part>
                  <!-- parent      --> "star_dock_lod1",
                  <!-- child       --> "door_star2_lod1",
                  <!-- position    --> -58.819481, 13.099789, -13.245358,
                  <!-- offset      --> 0, 0, 0,
                  <!-- orientation -->   1.0000000000,  110.00888e-09, -287.15098e-09,
                                        125.25832e-09,   0.7071069500,   0.7071065900,
                                        280.83448e-09,  -0.7071065900,   0.7071069500,
                  <!-- axis        --> -331.19483e-09,   0.7071067700,   0.7071067700,
                  <!-- min, max    --> 0, 1.5707899
               </part>
               <part>
                  <!-- parent      --> "star_dock_lod1",
                  <!-- child       --> "door_star1_lod1",
                  <!-- position    --> -58.819473, 13.105068, 13.374191,
                  <!-- offset      --> 0, 0, 0,
                  <!-- orientation -->   1.0000000000, -146.54596e-09,  61.962268e-09,
                                        147.43758e-09,   0.7071067100,  -0.7071068300,
                                        59.809707e-09,   0.7071068300,   0.7071067100,
                  <!-- axis        --> -60.194481e-09,  -0.7071068300,   0.7071067100,
                  <!-- min, max    --> 0, 1.5707899
               </part>
               <part>
                  <!-- parent      --> "star_dock_lod1",
                  <!-- child       --> "door_star4_lod1",
                  <!-- position    --> -58.819481, -13.521253, 13.381063,
                  <!-- offset      --> 0, 0, 0,
                  <!-- orientation -->   1.0000000000,  193.81352e-09, -95.633283e-09,
                                        69.423805e-09,  -0.7071064100,  -0.7071071300,
                                       -204.66983e-09,   0.7071071300,  -0.7071064100,
                  <!-- axis        --> -69.273462e-09,  -0.7071067700,  -0.7071067700,
                  <!-- min, max    --> 0, 1.5707899
               </part>
            </Rev>
         </Cons>
         <Part_door_port1_lod1>
            <File_name name="File name" type="text">door_port1_lod1021127115025.3db</File_name>
            <Index type="int">4</Index>
            <Object_name name="Object name" type="text">door_port1_lod1</Object_name>
         </Part_door_port1_lod1>
         <Part_door_port2_lod1>
            <File_name name="File name" type="text">door_port2_lod1021127115025.3db</File_name>
            <Index type="int">3</Index>
            <Object_name name="Object name" type="text">door_port2_lod1</Object_name>
         </Part_door_port2_lod1>
         <Part_door_port3_lod1>
            <File_name name="File name" type="text">door_port3_lod1021127115025.3db</File_name>
            <Index type="int">2</Index>
            <Object_name name="Object name" type="text">door_port3_lod1</Object_name>
         </Part_door_port3_lod1>
         <Part_door_port4_lod1>
            <File_name name="File name" type="text">door_port4_lod1021127115025.3db</File_name>
            <Index type="int">5</Index>
            <Object_name name="Object name" type="text">door_port4_lod1</Object_name>
         </Part_door_port4_lod1>
         <Part_door_star1_lod1>
            <File_name name="File name" type="text">door_star1_lod1021127115025.3db</File_name>
            <Index type="int">9</Index>
            <Object_name name="Object name" type="text">door_star1_lod1</Object_name>
         </Part_door_star1_lod1>
         <Part_door_star2_lod1>
            <File_name name="File name" type="text">door_star2_lod1021127115025.3db</File_name>
            <Index type="int">8</Index>
            <Object_name name="Object name" type="text">door_star2_lod1</Object_name>
         </Part_door_star2_lod1>
         <Part_door_star3_lod1>
            <File_name name="File name" type="text">door_star3_lod1021127115025.3db</File_name>
            <Index type="int">7</Index>
            <Object_name name="Object name" type="text">door_star3_lod1</Object_name>
         </Part_door_star3_lod1>
         <Part_door_star4_lod1>
            <File_name name="File name" type="text">door_star4_lod1021127115025.3db</File_name>
            <Index type="int">10</Index>
            <Object_name name="Object name" type="text">door_star4_lod1</Object_name>
         </Part_door_star4_lod1>
         <Part_port_dock_lod1>
            <File_name name="File name" type="text">port_dock_lod1021127115025.3db</File_name>
            <Index type="int">1</Index>
            <Object_name name="Object name" type="text">port_dock_lod1</Object_name>
         </Part_port_dock_lod1>
         <Part_star_dock_lod1>
            <File_name name="File name" type="text">star_dock_lod1021127115025.3db</File_name>
            <Index type="int">6</Index>
            <Object_name name="Object name" type="text">star_dock_lod1</Object_name>
         </Part_star_dock_lod1>
         <Root>
            <File_name name="File name" type="text">depot_lod1021127115025.3db</File_name>
            <Index type="int">0</Index>
            <Object_name name="Object name" type="text">Root</Object_name>
         </Root>
      </Cmpnd>
      <depot_lod1021127115025.3db>
         <Hardpoints>
            <Fixed>
               <HpComDish01>
                  <Orientation type="Matrix">
                       1.0000000000, -66.664299e-09,  355.48402e-09,
                      66.664391e-09,   1.0000000000, -251.72824e-09,
                     -355.48399e-09,  251.72827e-09,   1.0000000000
                  </Orientation>
                  <Position type="Vector">10.458163, 17.490211, -24.576105</Position>
               </HpComDish01>
               <HpComDish02>
                  <Orientation type="Matrix">
                       1.0000000000, -81.555172e-09, -257.76211e-09,
                     -81.555207e-09,  -1.0000000000, -147.17730e-09,
                     -257.76211e-09,  147.17732e-09,  -1.0000000000
                  </Orientation>
                  <Position type="Vector">-10.468232, -17.58844, 24.995232</Position>
               </HpComDish02>
               <HpDockCamA>
                  <Orientation type="Matrix">
                      -0.5508914600,  -0.1134245400,   0.8268334300,
                       0.1004445800,   0.9745093000,   0.2006055000,
                      -0.8285104000,   0.1935627900,  -0.5254559500
                  </Orientation>
                  <Position type="Vector">167.77158, 5.2249641, -56.656933</Position>
               </HpDockCamA>
               <HpDockCamB>
                  <Orientation type="Matrix">
                       0.5508914600,   0.1134245000,  -0.8268334300,
                       0.1004444400,   0.9745093000,   0.2006053800,
                       0.8285104000,  -0.1935626100,   0.5254560100
                  </Orientation>
                  <Position type="Vector">-167.35088, 5.2249503, 53.082634</Position>
               </HpDockCamB>
               <HpDockMountA>
                  <Orientation type="Matrix">
                     -298.57588e-09, -145.61333e-09,   1.0000000000,
                      212.71802e-09,   1.0000000000,  145.61338e-09,
                      -1.0000000000,  212.71806e-09, -298.57586e-09
                  </Orientation>
                  <Position type="Vector">41.238903, -5.514, -9.4465577e-6</Position>
               </HpDockMountA>
               <HpDockMountB>
                  <Orientation type="Matrix">
                      125.30353e-09,  111.37721e-09,  -1.0000000000,
                     -168.80476e-09,   1.0000000000,  111.37719e-09,
                       1.0000000000,  168.80475e-09,  125.30354e-09
                  </Orientation>
                  <Position type="Vector">-41.937782, -5.5143948, 9.3339095e-6</Position>
               </HpDockMountB>
               <HpDockMountC>
                  <Orientation type="Matrix">
                      -0.9998476500,  -0.0174498860,  304.59135e-06,
                      -0.0174525450,   0.9996954200,  -0.0174498860,
                       0.0000000000,  -0.0174525450,  -0.9998476500
                  </Orientation>
                  <Position type="Vector">0, 148.34431, 37.089684</Position>
               </HpDockMountC>
               <HpDockMountD>
                  <Orientation type="Matrix">
                       1.0000000000,   0.0000000000,   0.0000000000,
                       0.0000000000,   1.0000000000,   0.0000000000,
                       0.0000000000,   0.0000000000,   1.0000000000
                  </Orientation>
                  <Position type="Vector">-0.125741, -158.33824, -44.891941</Position>
               </HpDockMountD>
               <HpDockMountE>
                  <Orientation type="Matrix">
                       1.0000000000,   0.0000000000,   0.0000000000,
                       0.0000000000,   1.0000000000,   0.0000000000,
                       0.0000000000,   0.0000000000,   1.0000000000
                  </Orientation>
                  <Position type="Vector">0, 148.34431, 37.089684</Position>
               </HpDockMountE>
               <HpDockPointA01>
                  <Orientation type="Matrix">
                     -298.57588e-09, -145.61333e-09,   1.0000000000,
                      212.71802e-09,   1.0000000000,  145.61338e-09,
                      -1.0000000000,  212.71806e-09, -298.57586e-09
                  </Orientation>
                  <Position type="Vector">100.00001, -5.514, -22.454737e-6</Position>
               </HpDockPointA01>
               <HpDockPointA02>
                  <Orientation type="Matrix">
                     -298.57588e-09, -145.61333e-09,   1.0000000000,
                      212.71802e-09,   1.0000000000,  145.61338e-09,
                      -1.0000000000,  212.71806e-09, -298.57586e-09
                  </Orientation>
                  <Position type="Vector">133.058, -5.514, -29.725179e-6</Position>
               </HpDockPointA02>
               <HpDockPointB01>
                  <Orientation type="Matrix">
                      125.30353e-09,  111.37721e-09,  -1.0000000000,
                     -168.80476e-09,   1.0000000000,  111.37719e-09,
                       1.0000000000,  168.80475e-09,  125.30354e-09
                  </Orientation>
                  <Position type="Vector">-100.00001, -5.514, 21.460839e-6</Position>
               </HpDockPointB01>
               <HpDockPointB02>
                  <Orientation type="Matrix">
                      125.30353e-09,  111.37721e-09,  -1.0000000000,
                     -168.80476e-09,   1.0000000000,  111.37719e-09,
                       1.0000000000,  168.80475e-09,  125.30354e-09
                  </Orientation>
                  <Position type="Vector">-133.05753, -5.514, 28.716277e-6</Position>
               </HpDockPointB02>
               <HpDockPointC01>
                  <Orientation type="Matrix">
                      -0.9998476500,  -0.0174498860,  304.59135e-06,
                      -0.0174525450,   0.9996954200,  -0.0174498860,
                       0.0000000000,  -0.0174525450,  -0.9998476500
                  </Orientation>
                  <Position type="Vector">0, 148.34431, -137.36137</Position>
               </HpDockPointC01>
               <HpDockPointC02>
                  <Orientation type="Matrix">
                      -0.9998476500,  -0.0174498860,  304.59135e-06,
                      -0.0174525450,   0.9996954200,  -0.0174498860,
                       0.0000000000,  -0.0174525450,  -0.9998476500
                  </Orientation>
                  <Position type="Vector">0, 148.34431, -148.34431</Position>
               </HpDockPointC02>
               <HpDockPointD01>
                  <Orientation type="Matrix">
                       1.0000000000,   0.0000000000,   0.0000000000,
                       0.0000000000,   1.0000000000,   0.0000000000,
                       0.0000000000,   0.0000000000,   1.0000000000
                  </Orientation>
                  <Position type="Vector">0, -158.70062, 144.90727</Position>
               </HpDockPointD01>
               <HpDockPointD02>
                  <Orientation type="Matrix">
                       1.0000000000,   0.0000000000,   0.0000000000,
                       0.0000000000,   1.0000000000,   0.0000000000,
                       0.0000000000,   0.0000000000,   1.0000000000
                  </Orientation>
                  <Position type="Vector">0, -158.70062, 185.05235</Position>
               </HpDockPointD02>
               <HpDockPointE01>
                  <Orientation type="Matrix">
                       1.0000000000,   0.0000000000,   0.0000000000,
                       0.0000000000,   1.0000000000,   0.0000000000,
                       0.0000000000,   0.0000000000,   1.0000000000
                  </Orientation>
                  <Position type="Vector">0, 148.34431, 137.15202</Position>
               </HpDockPointE01>
               <HpDockPointE02>
                  <Orientation type="Matrix">
                       1.0000000000,   0.0000000000,   0.0000000000,
                       0.0000000000,   1.0000000000,   0.0000000000,
                       0.0000000000,   0.0000000000,   1.0000000000
                  </Orientation>
                  <Position type="Vector">0, 148.34431, 167.39178</Position>
               </HpDockPointE02>
               <HpFx01>
                  <Orientation type="Matrix">
                      120.22170e-09,  111.02979e-09,  -1.0000000000,
                     -169.10562e-09,   1.0000000000,  111.02977e-09,
                       1.0000000000,  169.10560e-09,  120.22171e-09
                  </Orientation>
                  <Position type="Vector">-71.194954, -3.2397879e-6, 18.368439e-6</Position>
               </HpFx01>
               <HpFx02>
                  <Orientation type="Matrix">
                     -298.91430e-09,  131.26727e-09,   1.0000000000,
                      160.37650e-09,   1.0000000000, -131.26723e-09,
                      -1.0000000000,  160.37646e-09, -298.91433e-09
                  </Orientation>
                  <Position type="Vector">69.440834, -18.903405e-6, 746.2807e-9</Position>
               </HpFx02>
               <HpFx03>
                  <Orientation type="Matrix">
                     -298.91430e-09,  131.26727e-09,   1.0000000000,
                      160.37650e-09,   1.0000000000, -131.26723e-09,
                      -1.0000000000,  160.37646e-09, -298.91433e-09
                  </Orientation>
                  <Position type="Vector">-0.17291352, -9.8507553e-6, 23.004217e-6</Position>
               </HpFx03>
               <HpFx04>
                  <Orientation type="Matrix">
                     -298.91430e-09,  131.26727e-09,   1.0000000000,
                      160.37650e-09,   1.0000000000, -131.26723e-09,
                      -1.0000000000,  160.37646e-09, -298.91433e-09
                  </Orientation>
                  <Position type="Vector">-0.17293236, -5.1728543e-6, -54.521515</Position>
               </HpFx04>
               <HpFx05>
                  <Orientation type="Matrix">
                     -298.91430e-09,  131.26727e-09,   1.0000000000,
                      160.37650e-09,   1.0000000000, -131.26723e-09,
                      -1.0000000000,  160.37646e-09, -298.91433e-09
                  </Orientation>
                  <Position type="Vector">-0.17293793, -85.533852, -40.433521</Position>
               </HpFx05>
               <HpFx06>
                  <Orientation type="Matrix">
                     -298.91430e-09,  131.26727e-09,   1.0000000000,
                      160.37650e-09,   1.0000000000, -131.26723e-09,
                      -1.0000000000,  160.37646e-09, -298.91433e-09
                  </Orientation>
                  <Position type="Vector">-0.17292969, -37.263573, -33.552269</Position>
               </HpFx06>
               <HpFx07>
                  <Orientation type="Matrix">
                     -298.91430e-09,  131.26727e-09,   1.0000000000,
                      160.37650e-09,   1.0000000000, -131.26723e-09,
                      -1.0000000000,  160.37646e-09, -298.91433e-09
                  </Orientation>
                  <Position type="Vector">-0.17289901, 22.800625, 33.947643</Position>
               </HpFx07>
               <HpFx08>
                  <Orientation type="Matrix">
                     -298.91430e-09,  131.26727e-09,   1.0000000000,
                      160.37650e-09,   1.0000000000, -131.26723e-09,
                      -1.0000000000,  160.37646e-09, -298.91433e-09
                  </Orientation>
                  <Position type="Vector">13.256199, 62.238297, 23.472988</Position>
               </HpFx08>
               <HpLaunchCamA>
                  <Orientation type="Matrix">
                      -0.0015275188,   0.3129745700,  -0.9497602600,
                      -0.0034157799,   0.9497542400,   0.3129780600,
                       0.9999930300,   0.0037222519, -381.71522e-06
                  </Orientation>
                  <Position type="Vector">23.242268, 5.4762096, 0.15492667</Position>
               </HpLaunchCamA>
               <HpLaunchCamB>
                  <Orientation type="Matrix">
                       0.0015277371,  -0.3129745700,   0.9497602600,
                      -0.0034156044,   0.9497542400,   0.3129780600,
                      -0.9999930300,  -0.0037221534,  381.97750e-06
                  </Orientation>
                  <Position type="Vector">-24.581846, 5.4762077, 0.25279218</Position>
               </HpLaunchCamB>
               <HpRunningLight01>
                  <Orientation type="Matrix">
                      -1.0000000000,  31.078070e-09, -180.63065e-09,
                     -89.522352e-09,   0.7771459800,   0.6293203800,
                      159.93444e-09,   0.6293203800,  -0.7771459800
                  </Orientation>
                  <Position type="Vector">-0.0059307376, 68.47908, 25.702927</Position>
               </HpRunningLight01>
               <HpRunningLight02>
                  <Orientation type="Matrix">
                      -1.0000000000,  37.806863e-09,  269.58577e-09,
                      16.698808e-09,  -0.9799247400,   0.1993676600,
                      271.71126e-09,   0.1993676600,   0.9799247400
                  </Orientation>
                  <Position type="Vector">-0.0059271646, 63.602539, 52.340233</Position>
               </HpRunningLight02>
               <HpRunningLight03>
                  <Orientation type="Matrix">
                      -1.0000000000, -217.96143e-09,  122.98283e-09,
                      6.8415509e-09,  -0.5150379500,  -0.8571673600,
                      250.17025e-09,  -0.8571673600,   0.5150379500
                  </Orientation>
                  <Position type="Vector">-0.005926792, -9.8177423, 52.296566</Position>
               </HpRunningLight03>
               <HpRunningLight04>
                  <Orientation type="Matrix">
                      -1.0000000000, -201.00508e-09,  11.335445e-09,
                     -11.335451e-09,  26.892110e-09,  -1.0000000000,
                      201.00508e-09,  -1.0000000000, -26.892112e-09
                  </Orientation>
                  <Position type="Vector">-0.0059430255, -129.07007, -44.873695</Position>
               </HpRunningLight04>
               <HpRunningLight05>
                  <Orientation type="Matrix">
                      -1.0000000000, -27.917929e-09, -211.67723e-09,
                     -26.069715e-09,   0.9999619100,  -0.0087262625,
                      211.91279e-09,  -0.0087262625,  -0.9999619100
                  </Orientation>
                  <Position type="Vector">-0.0059418725, 9.6000214, -51.8452</Position>
               </HpRunningLight05>
               <HpRunningLight06>
                  <Orientation type="Matrix">
                      -1.0000000000, -122.19456e-09,  101.32698e-09,
                      102.38949e-09,  -0.0087268362,   0.9999619100,
                     -121.30565e-09,   0.9999619100,   0.0087268362
                  </Orientation>
                  <Position type="Vector">-10.435203, 42.22496, -24.619598</Position>
               </HpRunningLight06>
               <HpRunningLight07>
                  <Orientation type="Matrix">
                      -1.0000000000, -264.77127e-09, -9.5169268e-09,
                      9.5168531e-09,  277.97446e-09,  -1.0000000000,
                      264.77127e-09,  -1.0000000000, -277.97446e-09
                  </Orientation>
                  <Position type="Vector">9.9156723, -42.261234, 24.928099</Position>
               </HpRunningLight07>
               <HpRunningLight08>
                  <Orientation type="Matrix">
                      154.12978e-09,  154.25647e-09,   1.0000000000,
                       0.9999619100,  -0.0087268390, -152.77774e-09,
                       0.0087268390,   0.9999619100, -155.59566e-09
                  </Orientation>
                  <Position type="Vector">70.453491, 28.375511, 0.085664481</Position>
               </HpRunningLight08>
               <HpRunningLight09>
                  <Orientation type="Matrix">
                      -0.9999619100,  175.97519e-09,   0.0087267067,
                       0.0087263724,  -0.0087267943,   0.9999238300,
                      76.332137e-06,   0.9999619100,   0.0087264609
                  </Orientation>
                  <Position type="Vector">-71.03566, 28.375511, 0.085695952</Position>
               </HpRunningLight09>
               <HpRunningLight10>
                  <Orientation type="Matrix">
                      -1.0000000000, -83.187985e-09,  165.23812e-09,
                      8.7875458e-09,  -0.9135453100,  -0.4067369400,
                      184.78814e-09,  -0.4067369400,   0.9135453100
                  </Orientation>
                  <Position type="Vector">-0.0059370864, -82.026161, -22.641104</Position>
               </HpRunningLight10>
            </Fixed>
            <Revolute>
               <HpTurret_S1_01>
                  <Axis type="Vector">0, 1, 0</Axis>
                  <Max type="float">1.5707799</Max>
                  <Min type="float">-1.5707999</Min>
                  <Orientation type="Matrix">
                      -1.0000000000,  412.76715e-09,  206.16362e-09,
                      206.16362e-09,  13.056155e-09,   1.0000000000,
                      412.76715e-09,   1.0000000000, -13.056241e-09
                  </Orientation>
                  <Position type="Vector">-0.0059300358, 13.949469, 52.052227</Position>
               </HpTurret_S1_01>
               <HpTurret_S1_02>
                  <Axis type="Vector">0, 1, 0</Axis>
                  <Max type="float">1.7453099</Max>
                  <Min type="float">-1.74533</Min>
                  <Orientation type="Matrix">
                      -1.0000000000, -207.04766e-09, -360.95989e-09,
                      295.07262e-09,   0.2588190100,  -0.9659258100,
