<?xml version="1.0" encoding="ISO-8859-1"?>
<!-- XML generated by UTFXML Version 2.2 built 19-Aug-2010 -->
<UTFXML filename="docking_ringx2_lod.cmp" path="SOLAR\DOCKABLE">
   <UTF_ROOT>
      <VMeshLibrary>
         <data.solar.dockable.docking_ringx2_lod.lod0-112.vms include="docking_ringx2_lod_cmp\lod.lod0-112.vms.xml"/>
         <data.solar.dockable.docking_ringx2_lod.lod0-212.vms include="docking_ringx2_lod_cmp\lod.lod0-212.vms.xml"/>
         <data.solar.dockable.docking_ringx2_lod.lod1-112.vms include="docking_ringx2_lod_cmp\lod.lod1-112.vms.xml"/>
         <data.solar.dockable.docking_ringx2_lod.lod1-212.vms include="docking_ringx2_lod_cmp\lod.lod1-212.vms.xml"/>
      </VMeshLibrary>
      <Animation>
         <Script>
            <Sc_open_dock_a name="Sc_open dock a">
               <Joint_map_0 name="Joint map 0">
                  <Channel>
                     <Header type="Header">
                        <!-- count    --> 20,
                        <!-- interval --> Explicit,
                        <!-- flags    --> 0x1
                     </Header>
                     <Frames type="Frames" count="20">
                          0.0000000000:   0.0000000000
                          0.1333333400:   0.0055300000
                          0.2666666800:   0.0218100000
                          0.4000000000:   0.0480700000
                          0.5666667200:   0.0937800000
                          0.7333333500:   0.1523799900
                          0.9000000000:   0.2223900000
                          1.1000000000:   0.3193399900
                          1.3333334000:   0.4470099800
                          1.6000000000:   0.6071000000
                          2.4000000000:   1.1182200000
                          2.6666667000:   1.2784100000
                          2.9000000000:   1.4062200000
                          3.1000000000:   1.5033100000
                          3.2666669000:   1.5734600000
                          3.4333334000:   1.6322299000
                          3.6000000000:   1.6781200000
                          3.7333336000:   1.7045400000
                          3.8666668000:   1.7210000000
                          4.0000000000:   1.7267200000
                     </Frames>
                  </Channel>
                  <Child_name name="Child name" type="text">dock1a_lod1</Child_name>
                  <Parent_name name="Parent name" type="text">dock_a_lod1</Parent_name>
               </Joint_map_0>
               <Joint_map_1 name="Joint map 1">
                  <Channel>
                     <Header type="Header">
                        <!-- count    --> 22,
                        <!-- interval --> Explicit,
                        <!-- flags    --> 0x1
                     </Header>
                     <Frames type="Frames" count="22">
                          0.0000000000:   0.0000000000
                          0.1333333400:  210.00000e-06
                          0.2666666800:  -0.0108600000
                          0.4000000000:  -0.0324100000
                          0.5666667200:  -0.0728700000
                          0.7333333500:  -0.1268900000
                          0.9000000000:  -0.1928899900
                          1.1000000000:  -0.2857100100
                          1.3000000000:  -0.3908200000
                          1.5666667000:  -0.5454099800
                          1.9666668000:  -0.7951799600
                          2.4000000000:  -1.0675499000
                          2.6666667000:  -1.2245100000
                          2.8666668000:  -1.3321500000
                          3.0666668000:  -1.4281399000
                          3.2333336000:  -1.4972900000
                          3.4000000000:  -1.5548899000
                          3.5666668000:  -1.5993899000
                          3.7000000000:  -1.6244999000
                          3.8333335000:  -1.6394099000
                          3.9666669000:  -1.6433200000
                          4.0000000000:  -1.6424899000
                     </Frames>
                  </Channel>
                  <Child_name name="Child name" type="text">dock2a_lod1</Child_name>
                  <Parent_name name="Parent name" type="text">dock_a_lod1</Parent_name>
               </Joint_map_1>
            </Sc_open_dock_a>
            <Sc_open_dock_b name="Sc_open dock b">
               <Joint_map_0 name="Joint map 0">
                  <Channel>
                     <Header type="Header">
                        <!-- count    --> 20,
                        <!-- interval --> Explicit,
                        <!-- flags    --> 0x1
                     </Header>
                     <Frames type="Frames" count="20">
                          0.0000000000:   0.0000000000
                          0.1333333400:   0.0055300000
                          0.2666666800:   0.0218100000
                          0.4000000000:   0.0480700000
                          0.5666667200:   0.0937800000
                          0.7333333500:   0.1523799900
                          0.9000000000:   0.2223900000
                          1.1000000000:   0.3193399900
                          1.3333334000:   0.4470099800
                          1.6000000000:   0.6071000000
                          2.4000000000:   1.1182200000
                          2.6666667000:   1.2784100000
                          2.9000000000:   1.4062200000
                          3.1000000000:   1.5033100000
                          3.2666669000:   1.5734600000
                          3.4333334000:   1.6322299000
                          3.6000000000:   1.6781200000
                          3.7333336000:   1.7045400000
                          3.8666668000:   1.7210000000
                          4.0000000000:   1.7267200000
                     </Frames>
                  </Channel>
                  <Child_name name="Child name" type="text">dock1b_lod1</Child_name>
                  <Parent_name name="Parent name" type="text">dock_b_lod1</Parent_name>
               </Joint_map_0>
               <Joint_map_1 name="Joint map 1">
                  <Channel>
                     <Header type="Header">
                        <!-- count    --> 22,
                        <!-- interval --> Explicit,
                        <!-- flags    --> 0x1
                     </Header>
                     <Frames type="Frames" count="22">
                          0.0000000000:   0.0000000000
                          0.1333333400:  210.00000e-06
                          0.2666666800:  -0.0108600000
                          0.4000000000:  -0.0324100000
                          0.5666667200:  -0.0728700000
                          0.7333333500:  -0.1268900000
                          0.9000000000:  -0.1928899900
                          1.1000000000:  -0.2857100100
                          1.3000000000:  -0.3908200000
                          1.5666667000:  -0.5454099800
                          1.9666668000:  -0.7951799600
                          2.4000000000:  -1.0675499000
                          2.6666667000:  -1.2245100000
                          2.8666668000:  -1.3321500000
                          3.0666668000:  -1.4281399000
                          3.2333336000:  -1.4972900000
                          3.4000000000:  -1.5548899000
                          3.5666668000:  -1.5993899000
                          3.7000000000:  -1.6244999000
                          3.8333335000:  -1.6394099000
                          3.9666669000:  -1.6433200000
                          4.0000000000:  -1.6424899000
                     </Frames>
                  </Channel>
                  <Child_name name="Child name" type="text">dock2b_lod1</Child_name>
                  <Parent_name name="Parent name" type="text">dock_b_lod1</Parent_name>
               </Joint_map_1>
            </Sc_open_dock_b>
         </Script>
      </Animation>
      <Cmpnd>
         <Cons>
            <Fix type="Fix" count="2">
               <part>
                  <!-- parent      --> "Root",
                  <!-- child       --> "dock_a_lod1",
                  <!-- position    --> 0, 52.452442e-9, -97.959806e-9,
                  <!-- orientation -->   1.0000000000,   0.0000000000,   0.0000000000,
                                        -0.0000000000,   1.0000000000,  59.604645e-09,
                                         0.0000000000, -59.604645e-09,   1.0000000000
               </part>
               <part>
                  <!-- parent      --> "Root",
                  <!-- child       --> "dock_b_lod1",
                  <!-- position    --> 0, 52.452442e-9, -97.959806e-9,
                  <!-- orientation -->   1.0000000000,   0.0000000000,   0.0000000000,
                                        -0.0000000000,   1.0000000000,  59.604659e-09,
                                         0.0000000000, -59.604659e-09,   1.0000000000
               </part>
            </Fix>
            <Rev type="Rev" count="4">
               <part>
                  <!-- parent      --> "dock_a_lod1",
                  <!-- child       --> "dock1a_lod1",
                  <!-- position    --> 98.027451, 93.570244, 12.169404,
                  <!-- offset      --> 0, 0, 0,
                  <!-- orientation -->   1.0000000000, -84.854285e-09,  3.2750131e-09,
                                        20.183675e-09,   0.2000471900,  -0.9797862800,
                                        82.483908e-09,   0.9797862800,   0.2000471900,
                  <!-- axis        -->  -1.0000000000,  14.661106e-09, -120.33009e-09,
                  <!-- min, max    --> 0, 1.72672
               </part>
               <part>
                  <!-- parent      --> "dock_a_lod1",
                  <!-- child       --> "dock2a_lod1",
                  <!-- position    --> 99.2314, -92.817406, 12.948454,
                  <!-- offset      --> 0, 0, 0,
                  <!-- orientation -->   1.0000000000, -30.328870e-09,  56.451057e-09,
                                       -49.703246e-09,   0.1889573800,   0.9819852700,
                                       -40.449351e-09,  -0.9819852700,   0.1889573800,
                  <!-- axis        -->  -1.0000000000,  58.463989e-09, -78.485868e-09,
                  <!-- min, max    --> -1.64342, 0.00156
               </part>
               <part>
                  <!-- parent      --> "dock_b_lod1",
                  <!-- child       --> "dock1b_lod1",
                  <!-- position    --> -97.954247, 93.570236, 12.169404,
                  <!-- offset      --> 0, 0, 0,
                  <!-- orientation -->   1.0000000000, -84.854292e-09,  3.2750136e-09,
                                        20.183677e-09,   0.2000471900,  -0.9797862800,
                                        82.483915e-09,   0.9797862800,   0.2000471900,
                  <!-- axis        -->  -1.0000000000,  14.661119e-09, -120.33010e-09,
                  <!-- min, max    --> 0, 1.72672
               </part>
               <part>
                  <!-- parent      --> "dock_b_lod1",
                  <!-- child       --> "dock2b_lod1",
                  <!-- position    --> -96.750313, -92.817406, 12.948462,
                  <!-- offset      --> 0, 0, 0,
                  <!-- orientation -->   1.0000000000, -30.328874e-09,  56.451039e-09,
                                       -49.703225e-09,   0.1889574200,   0.9819852700,
                                       -40.449351e-09,  -0.9819852700,   0.1889574200,
                  <!-- axis        -->  -1.0000000000,  58.464291e-09, -78.486607e-09,
                  <!-- min, max    --> -1.64342, 0.00156
               </part>
            </Rev>
         </Cons>
         <Part_dock1a_lod1>
            <File_name name="File name" type="text">dock1a_lod1021031102238.3db</File_name>
            <Index type="int">2</Index>
            <Object_name name="Object name" type="text">dock1a_lod1</Object_name>
         </Part_dock1a_lod1>
         <Part_dock1b_lod1>
            <File_name name="File name" type="text">dock1b_lod1021031102238.3db</File_name>
            <Index type="int">5</Index>
            <Object_name name="Object name" type="text">dock1b_lod1</Object_name>
         </Part_dock1b_lod1>
         <Part_dock2a_lod1>
            <File_name name="File name" type="text">dock2a_lod1021031102238.3db</File_name>
            <Index type="int">3</Index>
            <Object_name name="Object name" type="text">dock2a_lod1</Object_name>
         </Part_dock2a_lod1>
         <Part_dock2b_lod1>
            <File_name name="File name" type="text">dock2b_lod1021031102238.3db</File_name>
            <Index type="int">6</Index>
            <Object_name name="Object name" type="text">dock2b_lod1</Object_name>
         </Part_dock2b_lod1>
         <Part_dock_a_lod1>
            <File_name name="File name" type="text">dock_a_lod1021031102238.3db</File_name>
            <Index type="int">1</Index>
            <Object_name name="Object name" type="text">dock_a_lod1</Object_name>
         </Part_dock_a_lod1>
         <Part_dock_b_lod1>
            <File_name name="File name" type="text">dock_b_lod1021031102238.3db</File_name>
            <Index type="int">4</Index>
            <Object_name name="Object name" type="text">dock_b_lod1</Object_name>
         </Part_dock_b_lod1>
         <Root>
            <File_name name="File name" type="text">Dock_lod1021031102238.3db</File_name>
            <Index type="int">0</Index>
            <Object_name name="Object name" type="text">Root</Object_name>
         </Root>
      </Cmpnd>
      <dock1a_lod1021031102238.3db>
         <VMeshWire include="docking_ringx2_lod_cmp\dock1a_lod1.vwd.xml"/>
         <MultiLevel>
            <Level0>
               <VMeshPart>
                  <VMeshRef type="VMeshRef">
                     <!-- header size  --> 60,
                     <!-- vmesh lib    --> data.solar.dockable.docking_ringx2_lod.lod0-112.vms,
                     <!-- start vert   --> 0,
                     <!-- num verts    --> 62,
                     <!-- start index  --> 0,
                     <!-- num indices  --> 96,
                     <!-- start mesh   --> 0,
                     <!-- num meshes   --> 4,
                     <!-- bounding box -->  14.741177,  61.456474,  94.107643,
                                           -14.741182,  -6.6300931, -8.2695045,
                     <!-- center       -->   1.6547289, 28.416124,  43.473217,
                     <!-- radius       --> 59.644485
                  </VMeshRef>
               </VMeshPart>
            </Level0>
            <Level1>
               <VMeshPart>
                  <VMeshRef type="VMeshRef">
                     <!-- header size  --> 60,
                     <!-- vmesh lib    --> data.solar.dockable.docking_ringx2_lod.lod1-112.vms,
                     <!-- start vert   --> 0,
                     <!-- num verts    --> 30,
                     <!-- start index  --> 0,
                     <!-- num indices  --> 48,
                     <!-- start mesh   --> 0,
                     <!-- num meshes   --> 1,
                     <!-- bounding box -->  14.741177,  61.456474,  94.107643,
                                           -14.741182,  -6.6300931, -8.2695045,
                     <!-- center       -->   1.6547289, 28.416124,  43.473217,
                     <!-- radius       --> 59.644485
                  </VMeshRef>
               </VMeshPart>
            </Level1>
            <Switch2 type="float array" count="3">
               0,
               100,
               1000000
            </Switch2>
         </MultiLevel>
         <Hardpoints>
            <Fixed>
               <HpFX01>
                  <Orientation type="Matrix">
                       1.0000000000,   0.0000000000,   0.0000000000,
                       0.0000000000,   1.0000000000,   0.0000000000,
                       0.0000000000,   0.0000000000,   1.0000000000
                  </Orientation>
                  <Position type="Vector">14.741177, 55.229244, 93.65551</Position>
               </HpFX01>
               <HpFX03>
                  <Orientation type="Matrix">
                       1.0000000000,   0.0000000000,   0.0000000000,
                       0.0000000000,   1.0000000000,   0.0000000000,
                       0.0000000000,   0.0000000000,   1.0000000000
                  </Orientation>
                  <Position type="Vector">-14.741182, 55.660957, 93.393127</Position>
               </HpFX03>
            </Fixed>
         </Hardpoints>
      </dock1a_lod1021031102238.3db>
      <dock1b_lod1021031102238.3db>
         <VMeshWire include="docking_ringx2_lod_cmp\dock1b_lod1.vwd.xml"/>
         <MultiLevel>
            <Level0>
               <VMeshPart>
                  <VMeshRef type="VMeshRef">
                     <!-- header size  --> 60,
                     <!-- vmesh lib    --> data.solar.dockable.docking_ringx2_lod.lod0-112.vms,
                     <!-- start vert   --> 198,
                     <!-- num verts    --> 62,
                     <!-- start index  --> 288,
                     <!-- num indices  --> 96,
                     <!-- start mesh   --> 12,
                     <!-- num meshes   --> 4,
                     <!-- bounding box -->  14.741174,  61.456482,  94.107643,
                                           -14.741185,  -6.6300855, -8.2695045,
                     <!-- center       -->   1.6547272, 28.416136,  43.473217,
                     <!-- radius       --> 59.644489
                  </VMeshRef>
               </VMeshPart>
            </Level0>
            <Level1>
               <VMeshPart>
                  <VMeshRef type="VMeshRef">
                     <!-- header size  --> 60,
                     <!-- vmesh lib    --> data.solar.dockable.docking_ringx2_lod.lod1-112.vms,
                     <!-- start vert   --> 90,
                     <!-- num verts    --> 30,
                     <!-- start index  --> 144,
                     <!-- num indices  --> 48,
                     <!-- start mesh   --> 3,
                     <!-- num meshes   --> 1,
                     <!-- bounding box -->  14.741174,  61.456482,  94.107643,
                                           -14.741185,  -6.6300855, -8.2695045,
                     <!-- center       -->   1.6547272, 28.416136,  43.473217,
                     <!-- radius       --> 59.644489
                  </VMeshRef>
               </VMeshPart>
            </Level1>
            <Switch2 type="float array" count="3">
               0,
               100,
               1000000
            </Switch2>
         </MultiLevel>
         <Hardpoints>
            <Fixed>
               <HpFX05>
                  <Orientation type="Matrix">
                       1.0000000000,   0.0000000000,   0.0000000000,
                       0.0000000000,   1.0000000000,   0.0000000000,
                       0.0000000000,   0.0000000000,   1.0000000000
                  </Orientation>
                  <Position type="Vector">-14.741185, 55.58112, 93.440628</Position>
               </HpFX05>
               <HpFX07>
                  <Orientation type="Matrix">
                       1.0000000000,   0.0000000000,   0.0000000000,
                       0.0000000000,   1.0000000000,   0.0000000000,
                       0.0000000000,   0.0000000000,   1.0000000000
                  </Orientation>
                  <Position type="Vector">14.741174, 55.690094, 93.46357</Position>
               </HpFX07>
            </Fixed>
         </Hardpoints>
      </dock1b_lod1021031102238.3db>
      <dock2a_lod1021031102238.3db>
         <VMeshWire include="docking_ringx2_lod_cmp\dock2a_lod1.vwd.xml"/>
         <MultiLevel>
            <Level0>
               <VMeshPart>
                  <VMeshRef type="VMeshRef">
                     <!-- header size  --> 60,
                     <!-- vmesh lib    --> data.solar.dockable.docking_ringx2_lod.lod0-112.vms,
                     <!-- start vert   --> 130,
                     <!-- num verts    --> 68,
                     <!-- start index  --> 192,
                     <!-- num indices  --> 96,
                     <!-- start mesh   --> 8,
                     <!-- num meshes   --> 4,
                     <!-- bounding box -->  13.566801,   7.0513935, 93.826523,
                                           -15.915561, -61.035122,  -8.9303341,
                     <!-- center       -->  -2.856926, -27.870991,  42.814976,
                     <!-- radius       --> 60.028252
                  </VMeshRef>
               </VMeshPart>
            </Level0>
            <Level1>
               <VMeshPart>
                  <VMeshRef type="VMeshRef">
                     <!-- header size  --> 60,
                     <!-- vmesh lib    --> data.solar.dockable.docking_ringx2_lod.lod1-112.vms,
                     <!-- start vert   --> 60,
                     <!-- num verts    --> 30,
                     <!-- start index  --> 96,
                     <!-- num indices  --> 48,
                     <!-- start mesh   --> 2,
                     <!-- num meshes   --> 1,
                     <!-- bounding box -->  13.566801,   7.0513935, 93.826523,
                                           -15.915561, -61.035122,  -8.9303341,
                     <!-- center       -->  -2.856926, -27.870991,  42.814976,
                     <!-- radius       --> 60.028252
                  </VMeshRef>
               </VMeshPart>
            </Level1>
            <Switch2 type="float array" count="3">
               0,
               100,
               1000000
            </Switch2>
         </MultiLevel>
         <Hardpoints>
            <Fixed>
               <HpFX02>
                  <Orientation type="Matrix">
                       1.0000000000,   0.0000000000,   0.0000000000,
                       0.0000000000,   1.0000000000,   0.0000000000,
                       0.0000000000,   0.0000000000,   1.0000000000
                  </Orientation>
                  <Position type="Vector">13.566795, -55.01944, 93.282021</Position>
               </HpFX02>
               <HpFX04>
                  <Orientation type="Matrix">
                       1.0000000000,   0.0000000000,   0.0000000000,
                       0.0000000000,   1.0000000000,   0.0000000000,
                       0.0000000000,   0.0000000000,   1.0000000000
                  </Orientation>
                  <Position type="Vector">-15.915561, -55.495113, 93.034576</Position>
               </HpFX04>
            </Fixed>
         </Hardpoints>
      </dock2a_lod1021031102238.3db>
      <dock2b_lod1021031102238.3db>
         <VMeshWire include="docking_ringx2_lod_cmp\dock2b_lod1.vwd.xml"/>
         <MultiLevel>
            <Level0>
               <VMeshPart>
                  <VMeshRef type="VMeshRef">
                     <!-- header size  --> 60,
                     <!-- vmesh lib    --> data.solar.dockable.docking_ringx2_lod.lod0-112.vms,
                     <!-- start vert   --> 62,
                     <!-- num verts    --> 68,
                     <!-- start index  --> 96,
                     <!-- num indices  --> 96,
                     <!-- start mesh   --> 4,
                     <!-- num meshes   --> 4,
                     <!-- bounding box -->  13.5668,      7.0513916, 93.826515,
                                           -15.915563,  -61.035145,  -8.9303513,
                     <!-- center       -->  -2.8569241, -27.871002,  42.814964,
                     <!-- radius       --> 60.028259
                  </VMeshRef>
               </VMeshPart>
            </Level0>
            <Level1>
               <VMeshPart>
                  <VMeshRef type="VMeshRef">
                     <!-- header size  --> 60,
                     <!-- vmesh lib    --> data.solar.dockable.docking_ringx2_lod.lod1-112.vms,
                     <!-- start vert   --> 30,
                     <!-- num verts    --> 30,
                     <!-- start index  --> 48,
                     <!-- num indices  --> 48,
                     <!-- start mesh   --> 1,
                     <!-- num meshes   --> 1,
                     <!-- bounding box -->  13.5668,      7.0513916, 93.826515,
                                           -15.915563,  -61.035145,  -8.9303513,
                     <!-- center       -->  -2.8569241, -27.871002,  42.814964,
                     <!-- radius       --> 60.028259
                  </VMeshRef>
               </VMeshPart>
            </Level1>
            <Switch2 type="float array" count="3">
               0,
               100,
               1000000
            </Switch2>
         </MultiLevel>
         <Hardpoints>
            <Fixed>
               <HpFX06>
                  <Orientation type="Matrix">
                       1.0000000000,   0.0000000000,   0.0000000000,
                       0.0000000000,   1.0000000000,   0.0000000000,
                       0.0000000000,   0.0000000000,   1.0000000000
                  </Orientation>
                  <Position type="Vector">-15.915562, -55.143055, 93.270912</Position>
               </HpFX06>
               <HpFX08>
                  <Orientation type="Matrix">
                       1.0000000000,   0.0000000000,   0.0000000000,
                       0.0000000000,   1.0000000000,   0.0000000000,
                       0.0000000000,   0.0000000000,   1.0000000000
                  </Orientation>
                  <Position type="Vector">13.566794, -55.00938, 92.940414</Position>
               </HpFX08>
            </Fixed>
         </Hardpoints>
      </dock2b_lod1021031102238.3db>
      <dock_a_lod1021031102238.3db>
         <VMeshWire include="docking_ringx2_lod_cmp\dock_a_lod1.vwd.xml"/>
         <MultiLevel>
            <Level0>
               <VMeshPart>
                  <VMeshRef type="VMeshRef">
                     <!-- header size  --> 60,
                     <!-- vmesh lib    --> data.solar.dockable.docking_ringx2_lod.lod0-212.vms,
                     <!-- start vert   --> 1008,
                     <!-- num verts    --> 4,
                     <!-- start index  --> 1386,
                     <!-- num indices  --> 6,
                     <!-- start mesh   --> 5,
                     <!-- num meshes   --> 1,
                     <!-- bounding box --> 118.05846,  -75.679291, -6.2866383,
                                            77.360085, -92.651894, -6.2866411,
                     <!-- center       -->  97.692856, -84.625847, -6.2866392,
                     <!-- radius       --> 22.244066
                  </VMeshRef>
               </VMeshPart>
            </Level0>
            <Level1>
               <VMeshPart>
                  <VMeshRef type="VMeshRef">
                     <!-- header size  --> 60,
                     <!-- vmesh lib    --> data.solar.dockable.docking_ringx2_lod.lod1-212.vms,
                     <!-- start vert   --> 711,
                     <!-- num verts    --> 4,
                     <!-- start index  --> 918,
                     <!-- num indices  --> 6,
                     <!-- start mesh   --> 2,
                     <!-- num meshes   --> 1,
                     <!-- bounding box --> 118.05846,  -75.679291, -6.2866383,
                                            77.360085, -92.651894, -6.2866411,
                     <!-- center       -->  97.692856, -84.625847, -6.2866392,
                     <!-- radius       --> 22.244066
                  </VMeshRef>
               </VMeshPart>
            </Level1>
            <Switch2 type="float array" count="3">
               0,
               100,
               1000000
            </Switch2>
         </MultiLevel>
      </dock_a_lod1021031102238.3db>
      <dock_b_lod1021031102238.3db>
         <VMeshWire include="docking_ringx2_lod_cmp\dock_b_lod1.vwd.xml"/>
         <MultiLevel>
            <Level0>
               <VMeshPart>
                  <VMeshRef type="VMeshRef">
                     <!-- header size  --> 60,
                     <!-- vmesh lib    --> data.solar.dockable.docking_ringx2_lod.lod0-212.vms,
                     <!-- start vert   --> 1004,
                     <!-- num verts    --> 4,
                     <!-- start index  --> 1380,
                     <!-- num indices  --> 6,
                     <!-- start mesh   --> 4,
                     <!-- num meshes   --> 1,
                     <!-- bounding box -->  -77.926483, -75.679283, -6.2866263,
                                           -118.62486,  -92.651886, -6.2866292,
                     <!-- center       -->  -98.292084, -84.625862, -6.2866292,
                     <!-- radius       --> 22.244074
                  </VMeshRef>
               </VMeshPart>
            </Level0>
            <Level1>
               <VMeshPart>
                  <VMeshRef type="VMeshRef">
                     <!-- header size  --> 60,
                     <!-- vmesh lib    --> data.solar.dockable.docking_ringx2_lod.lod1-212.vms,
                     <!-- start vert   --> 707,
                     <!-- num verts    --> 4,
                     <!-- start index  --> 912,
                     <!-- num indices  --> 6,
                     <!-- start mesh   --> 1,
                     <!-- num meshes   --> 1,
                     <!-- bounding box -->  -77.926483, -75.679283, -6.2866263,
                                           -118.62486,  -92.651886, -6.2866292,
                     <!-- center       -->  -98.292084, -84.625862, -6.2866292,
                     <!-- radius       --> 22.244074
                  </VMeshRef>
               </VMeshPart>
            </Level1>
            <Switch2 type="float array" count="3">
               0,
               100,
               1000000
            </Switch2>
         </MultiLevel>
      </dock_b_lod1021031102238.3db>
      <Dock_lod1021031102238.3db>
         <Hardpoints>
            <Fixed>
               <HpDockMountA>
                  <Orientation type="Matrix">
                       1.0000000000,   0.0000000000,   0.0000000000,
                      -0.0000000000,   1.0000000000,  59.604659e-09,
                       0.0000000000, -59.604659e-09,   1.0000000000
                  </Orientation>
                  <Position type="Vector">98.967789, -1.1332643, 88.218697</Position>
               </HpDockMountA>
               <HpDockMountB>
                  <Orientation type="Matrix">
                       1.0000000000,   0.0000000000,   0.0000000000,
                      -0.0000000000,   1.0000000000,  59.604659e-09,
                       0.0000000000, -59.604659e-09,   1.0000000000
                  </Orientation>
                  <Position type="Vector">-99.547157, -1.1332643, 88.218697</Position>
               </HpDockMountB>
               <HpDockMountC>
                  <Orientation type="Matrix">
                       0.8191520600, -12.220477e-15,  -0.5735764500,
                      34.187845e-09,   1.0000000000,  48.825282e-09,
                       0.5735764500, -59.604673e-09,   0.8191520600
                  </Orientation>
                  <Position type="Vector">-171.23114, -1.1332682, 21.057289</Position>
               </HpDockMountC>
               <HpDockMountD>
                  <Orientation type="Matrix">
                       0.8191520000, -168.03018e-09,   0.5735764500,
                      170.93915e-09,   1.0000000000,  48.825274e-09,
                      -0.5735764500,  58.051352e-09,   0.8191520000
                  </Orientation>
                  <Position type="Vector">172.56149, -1.1332682, 21.057312</Position>
               </HpDockMountD>
               <HpDockPointA01>
                  <Orientation type="Matrix">
                       1.0000000000,   0.0000000000,   0.0000000000,
                      -0.0000000000,   1.0000000000,  59.604659e-09,
                       0.0000000000, -59.604659e-09,   1.0000000000
                  </Orientation>
                  <Position type="Vector">98.967789, -1.1332631, 123.13898</Position>
               </HpDockPointA01>
               <HpDockPointA02>
                  <Orientation type="Matrix">
                       1.0000000000,   0.0000000000,   0.0000000000,
                      -0.0000000000,   1.0000000000,  59.604659e-09,
                       0.0000000000, -59.604659e-09,   1.0000000000
                  </Orientation>
                  <Position type="Vector">98.967796, -1.1332778, 200.35461</Position>
               </HpDockPointA02>
               <HpDockPointB01>
                  <Orientation type="Matrix">
                       1.0000000000,   0.0000000000,   0.0000000000,
                       0.0000000000,   1.0000000000,   0.0000000000,
                       0.0000000000,   0.0000000000,   1.0000000000
                  </Orientation>
                  <Position type="Vector">-99.547142, -1.133268, -13.138985</Position>
               </HpDockPointB01>
               <HpDockPointB02>
                  <Orientation type="Matrix">
                       1.0000000000,   0.0000000000,   0.0000000000,
                       0.0000000000,   1.0000000000,   0.0000000000,
                       0.0000000000,   0.0000000000,   1.0000000000
                  </Orientation>
                  <Position type="Vector">-99.547142, -1.133278, 20.354614</Position>
               </HpDockPointB02>
               <HpDockPointC01>
                  <Orientation type="Matrix">
                       0.8191520600, -12.220477e-15,  -0.5735764500,
                      34.187845e-09,   1.0000000000,  48.825282e-09,
                       0.5735764500, -59.604673e-09,   0.8191520600
                  </Orientation>
                  <Position type="Vector">-286.43478, -1.1332585, 185.58511</Position>
               </HpDockPointC01>
               <HpDockPointC02>
                  <Orientation type="Matrix">
                       0.8191520600, -12.220477e-15,  -0.5735764500,
                      34.187845e-09,   1.0000000000,  48.825282e-09,
                       0.5735764500, -59.604673e-09,   0.8191520600
                  </Orientation>
                  <Position type="Vector">-315.13159, -1.1332561, 226.56842</Position>
               </HpDockPointC02>
               <HpDockPointD01>
                  <Orientation type="Matrix">
                       0.8191520000, -168.03018e-09,   0.5735764500,
                      170.93915e-09,   1.0000000000,  48.825274e-09,
                      -0.5735764500,  58.051352e-09,   0.8191520000
                  </Orientation>
                  <Position type="Vector">287.76514, -1.1332585, 185.58514</Position>
               </HpDockPointD01>
               <HpDockPointD02>
                  <Orientation type="Matrix">
                       0.8191520000, -168.03018e-09,   0.5735764500,
                      170.93915e-09,   1.0000000000,  48.825274e-09,
                      -0.5735764500,  58.051352e-09,   0.8191520000
                  </Orientation>
                  <Position type="Vector">316.46194, -1.1332561, 226.56842</Position>
               </HpDockPointD02>
               <HpLaunchCamB>
                  <Orientation type="Matrix">
                      -0.9227690700,  -0.2033683500,   0.3273211400,
                      -0.2582861200,   0.9567727400,  -0.1336946200,
                      -0.2859827000,  -0.2079117000,  -0.9354075200
                  </Orientation>
                  <Position type="Vector">-107.32419, 0.63938498, -157.41763</Position>
               </HpLaunchCamB>
               <HpRunningLight01>
                  <Orientation type="Matrix">
                      -1.0000000000,  11.368920e-15, -87.422791e-09,
                     -14.238089e-15,   1.0000000000,  292.90999e-09,
                      87.422791e-09,  292.90999e-09,  -1.0000000000
                  </Orientation>
                  <Position type="Vector">49.114983, 0.1666906, 60.812431</Position>
               </HpRunningLight01>
               <HpRunningLight02>
                  <Orientation type="Matrix">
                      -1.0000000000, -11.368920e-15,  87.422791e-09,
                      14.238089e-15,   1.0000000000,  292.90999e-09,
                     -87.422791e-09,  292.90999e-09,  -1.0000000000
                  </Orientation>
                  <Position type="Vector">147.23297, 0.31518704, 60.852409</Position>
               </HpRunningLight02>
               <HpRunningLight03>
                  <Orientation type="Matrix">
                      -1.0000000000,  11.368920e-15, -87.422791e-09,
                     -14.238089e-15,   1.0000000000,  292.90999e-09,
                      87.422791e-09,  292.90999e-09,  -1.0000000000
                  </Orientation>
                  <Position type="Vector">49.288357, 0.31519091, -4.487072</Position>
               </HpRunningLight03>
               <HpRunningLight04>
                  <Orientation type="Matrix">
                      -1.0000000000, -11.368920e-15,  87.422791e-09,
                      14.238089e-15,   1.0000000000,  292.90999e-09,
                     -87.422791e-09,  292.90999e-09,  -1.0000000000
                  </Orientation>
                  <Position type="Vector">147.12161, 0.31519097, -4.4369202</Position>
               </HpRunningLight04>
               <HpRunningLight11>
                  <Orientation type="Matrix">
                      -1.0000000000, -11.368921e-15,  87.422777e-09,
                      14.238083e-15,   1.0000000000,  292.90999e-09,
                     -87.422777e-09,  292.90999e-09,  -1.0000000000
                  </Orientation>
                  <Position type="Vector">-205.52148, 1.4704609, 0.19413383</Position>
               </HpRunningLight11>
               <HpRunningLight12>
                  <Orientation type="Matrix">
                      -1.0000000000, -11.368919e-15,  87.422791e-09,
                      14.238087e-15,   1.0000000000,  292.90996e-09,
                     -87.422791e-09,  292.90996e-09,  -1.0000000000
                  </Orientation>
                  <Position type="Vector">-197.44034, 21.74, 0.19414388</Position>
               </HpRunningLight12>
               <HpRunningLight13>
                  <Orientation type="Matrix">
                      -1.0000000000, -11.368921e-15,  87.422777e-09,
                      14.238083e-15,   1.0000000000,  292.90999e-09,
                     -87.422777e-09,  292.90999e-09,  -1.0000000000
                  </Orientation>
                  <Position type="Vector">-196.85925, -22.360638, 0.19413482</Position>
               </HpRunningLight13>
               <HpRunningLight14>
                  <Orientation type="Matrix">
                      -1.0000000000, -11.368921e-15,  87.422777e-09,
                      14.238083e-15,   1.0000000000,  292.90999e-09,
                     -87.422777e-09,  292.90999e-09,  -1.0000000000
                  </Orientation>
                  <Position type="Vector">196.98068, 21.761349, 0.19413626</Position>
               </HpRunningLight14>
               <HpRunningLight15>
                  <Orientation type="Matrix">
                      -1.0000000000, -11.368919e-15,  87.422791e-09,
                      14.238087e-15,   1.0000000000,  292.90996e-09,
                     -87.422791e-09,  292.90996e-09,  -1.0000000000
                  </Orientation>
                  <Position type="Vector">197.56177, -21.893551, 0.19414631</Position>
               </HpRunningLight15>
               <HpRunningLight16>
                  <Orientation type="Matrix">
                      -0.9999619100,  816.86502e-12,  -0.0087266341,
                     -722.35340e-12,   1.0000000000,  176.37853e-09,
