<?xml version="1.0" encoding="ISO-8859-1"?>
<!-- XML generated by UTFXML Version 2.2 built 19-Aug-2010 -->
<UTFXML filename="freeport7_dmg.cmp" path="SOLAR\DOCKABLE">
   <UTF_ROOT>
      <VMeshLibrary>
         <data.solar.dockable.freeport7_dmg.lod0-112.vms include="freeport7_dmg_cmp\lod0-112.vms.xml"/>
         <data.solar.dockable.freeport7_dmg.lod1-112.vms include="freeport7_dmg_cmp\lod1-112.vms.xml"/>
      </VMeshLibrary>
      <ant01_lod1021212185821.3db>
         <VMeshWire include="freeport7_dmg_cmp\ant01_lod1.vwd.xml"/>
         <MultiLevel>
            <Level0>
               <VMeshPart>
                  <VMeshRef type="VMeshRef">
                     <!-- header size  --> 60,
                     <!-- vmesh lib    --> data.solar.dockable.freeport7_dmg.lod0-112.vms,
                     <!-- start vert   --> 8421,
                     <!-- num verts    --> 183,
                     <!-- start index  --> 12993,
                     <!-- num indices  --> 276,
                     <!-- start mesh   --> 64,
                     <!-- num meshes   --> 2,
                     <!-- bounding box -->  8.795723,    78.369934, 10.841692,
                                           -8.994935,   -28.899611, -9.606142,
                     <!-- center       --> -0.17624816,  24.266241,  0.66415328,
                     <!-- radius       --> 54.164055
                  </VMeshRef>
               </VMeshPart>
            </Level0>
            <Level1>
               <VMeshPart>
                  <VMeshRef type="VMeshRef">
                     <!-- header size  --> 60,
                     <!-- vmesh lib    --> data.solar.dockable.freeport7_dmg.lod1-112.vms,
                     <!-- start vert   --> 5297,
                     <!-- num verts    --> 100,
                     <!-- start index  --> 8151,
                     <!-- num indices  --> 126,
                     <!-- start mesh   --> 60,
                     <!-- num meshes   --> 2,
                     <!-- bounding box -->  8.795723,    78.369934, 10.841692,
                                           -8.994935,   -28.899611, -9.606142,
                     <!-- center       --> -0.17624816,  24.266241,  0.66415328,
                     <!-- radius       --> 54.164055
                  </VMeshRef>
               </VMeshPart>
            </Level1>
            <Switch2 type="float array" count="3">
               0,
               100,
               1000000
            </Switch2>
         </MultiLevel>
      </ant01_lod1021212185821.3db>
      <ant02_lod1021212185821.3db>
         <VMeshWire include="freeport7_dmg_cmp\ant02_lod1.vwd.xml"/>
         <MultiLevel>
            <Level0>
               <VMeshPart>
                  <VMeshRef type="VMeshRef">
                     <!-- header size  --> 60,
                     <!-- vmesh lib    --> data.solar.dockable.freeport7_dmg.lod0-112.vms,
                     <!-- start vert   --> 7636,
                     <!-- num verts    --> 137,
                     <!-- start index  --> 11187,
                     <!-- num indices  --> 198,
                     <!-- start mesh   --> 53,
                     <!-- num meshes   --> 1,
                     <!-- bounding box -->  8.6477175,   32.995781, -44.500961,
                                           -8.2598381,  -55.998566, -68.636398,
                     <!-- center       -->  0.19413881, -10.750814, -56.78051,
                     <!-- radius       --> 45.325981
                  </VMeshRef>
               </VMeshPart>
            </Level0>
            <Level1>
               <VMeshPart>
                  <VMeshRef type="VMeshRef">
                     <!-- header size  --> 60,
                     <!-- vmesh lib    --> data.solar.dockable.freeport7_dmg.lod1-112.vms,
                     <!-- start vert   --> 4824,
                     <!-- num verts    --> 49,
                     <!-- start index  --> 7158,
                     <!-- num indices  --> 57,
                     <!-- start mesh   --> 49,
                     <!-- num meshes   --> 1,
                     <!-- bounding box -->  8.6477175,   32.995781, -44.500961,
                                           -8.2598381,  -55.998566, -68.636398,
                     <!-- center       -->  0.19413881, -10.750814, -56.78051,
                     <!-- radius       --> 45.325981
                  </VMeshRef>
               </VMeshPart>
            </Level1>
            <Switch2 type="float array" count="3">
               0,
               100,
               1000000
            </Switch2>
         </MultiLevel>
      </ant02_lod1021212185821.3db>
      <Cmpnd>
         <Cons>
            <Fix type="Fix" count="14">
               <part>
                  <!-- parent      --> "Root",
                  <!-- child       --> "trading_outpost_btmtwr_lod1",
                  <!-- position    --> -141.29427e-6, -149.3, -17.813543e-6,
                  <!-- orientation -->   1.0000000000,  35.658606e-15, -735.54568e-18,
                                       -35.658606e-15,   1.0000000000,  12.723575e-15,
                                        735.54568e-18, -12.723575e-15,   1.0000000000
               </part>
               <part>
                  <!-- parent      --> "Root",
                  <!-- child       --> "trading_outpost_toptwr_lod1",
                  <!-- position    --> -630.50311e-9, 111.486, 13.571165e-6,
                  <!-- orientation -->   1.0000000000,  14.342323e-15, -735.54568e-18,
                                       -14.342323e-15,   1.0000000000,  12.723575e-15,
                                        735.54568e-18, -12.723575e-15,   1.0000000000
               </part>
               <part>
                  <!-- parent      --> "Root",
                  <!-- child       --> "ant01_lod1",
                  <!-- position    --> -131.61272, 68.920128, -26.258387,
                  <!-- orientation -->   1.0000000000,  14.342323e-15, -735.54568e-18,
                                       -14.342323e-15,   1.0000000000,  12.723575e-15,
                                        735.54568e-18, -12.723575e-15,   1.0000000000
               </part>
               <part>
                  <!-- parent      --> "Root",
                  <!-- child       --> "dmg_sect01_lod1",
                  <!-- position    --> 88.007248, -0.34661353, -53.199814,
                  <!-- orientation -->   1.0000000000,  14.342323e-15, -735.54568e-18,
                                       -14.342323e-15,   1.0000000000,  12.723575e-15,
                                        735.54568e-18, -12.723575e-15,   1.0000000000
               </part>
               <part>
                  <!-- parent      --> "Root",
                  <!-- child       --> "dmg_sect02_lod1",
                  <!-- position    --> 174.07166, -8.7468462, -64.133652,
                  <!-- orientation -->   1.0000000000,  35.658606e-15, -735.54568e-18,
                                       -35.658606e-15,   1.0000000000,  12.723575e-15,
                                        735.54568e-18, -12.723575e-15,   1.0000000000
               </part>
               <part>
                  <!-- parent      --> "Root",
                  <!-- child       --> "dmg_sect03_lod1",
                  <!-- position    --> 137.20895, -13.513864, 21.922337,
                  <!-- orientation -->   1.0000000000,  35.658606e-15, -735.54568e-18,
                                       -35.658606e-15,   1.0000000000,  12.723575e-15,
                                        735.54568e-18, -12.723575e-15,   1.0000000000
               </part>
               <part>
                  <!-- parent      --> "Root",
                  <!-- child       --> "dmg_sect04_lod1",
                  <!-- position    --> -72.246811, -6.3105597, 55.776016,
                  <!-- orientation -->   1.0000000000,  14.342323e-15, -735.54568e-18,
                                       -14.342323e-15,   1.0000000000,  12.723575e-15,
                                        735.54568e-18, -12.723575e-15,   1.0000000000
               </part>
               <part>
                  <!-- parent      --> "Root",
                  <!-- child       --> "dmg_sect05_lod1",
                  <!-- position    --> -164.49258, -3.9355879, 47.378643,
                  <!-- orientation -->   1.0000000000,  35.658606e-15, -735.54568e-18,
                                       -35.658606e-15,   1.0000000000,  12.723575e-15,
                                        735.54568e-18, -12.723575e-15,   1.0000000000
               </part>
               <part>
                  <!-- parent      --> "Root",
                  <!-- child       --> "dmg_sect06_lod1",
                  <!-- position    --> -184.35814, -2.8296616, -30.88069,
                  <!-- orientation -->   1.0000000000,  14.342323e-15, -735.54568e-18,
                                       -14.342323e-15,   1.0000000000,  12.723575e-15,
                                        735.54568e-18, -12.723575e-15,   1.0000000000
               </part>
               <part>
                  <!-- parent      --> "Root",
                  <!-- child       --> "dmg_sect07_lod1",
                  <!-- position    --> -116.24412, -0.34660521, -55.686977,
                  <!-- orientation -->   1.0000000000,  35.658606e-15, -735.54568e-18,
                                       -35.658606e-15,   1.0000000000,  12.723575e-15,
                                        735.54568e-18, -12.723575e-15,   1.0000000000
               </part>
               <part>
                  <!-- parent      --> "Root",
                  <!-- child       --> "ant02_lod1",
                  <!-- position    --> 132.19522, -84.214249, -26.25839,
                  <!-- orientation -->   1.0000000000,  14.342321e-15, -735.54573e-18,
                                       -14.342321e-15,   1.0000000000,  19.829002e-15,
                                        735.54573e-18, -19.829002e-15,   1.0000000000
               </part>
               <part>
                  <!-- parent      --> "Root",
                  <!-- child       --> "tink01_lod1",
                  <!-- position    --> -314.05841, 4.1328425, -113.98724,
                  <!-- orientation --> -9.6448192e-09, -27.544523e-09,   1.0000000000,
                                       -4.4984056e-09,   1.0000000000,  27.544523e-09,
                                        -1.0000000000, -4.4984052e-09, -9.6448192e-09
               </part>
               <part>
                  <!-- parent      --> "Root",
                  <!-- child       --> "hab01_lod1",
                  <!-- position    --> -520.84924, 56.520706, -244.36409,
                  <!-- orientation -->  50.685109e-09, -122.79116e-09,   1.0000000000,
                                       -59.397905e-09,   1.0000000000,  122.79116e-09,
                                        -1.0000000000, -59.397912e-09,  50.685102e-09
               </part>
               <part>
                  <!-- parent      --> "Root",
                  <!-- child       --> "hab02_lod1",
                  <!-- position    --> 313.7515, 78.363632, -192.29303,
                  <!-- orientation -->  50.685109e-09, -122.79116e-09,   1.0000000000,
                                       -59.397905e-09,   1.0000000000,  122.79116e-09,
                                        -1.0000000000, -59.397912e-09,  50.685102e-09
               </part>
            </Fix>
         </Cons>
         <Part_ant01_lod1>
            <File_name name="File name" type="text">ant01_lod1021212185821.3db</File_name>
            <Index type="int">3</Index>
            <Object_name name="Object name" type="text">ant01_lod1</Object_name>
         </Part_ant01_lod1>
         <Part_ant02_lod1>
            <File_name name="File name" type="text">ant02_lod1021212185821.3db</File_name>
            <Index type="int">11</Index>
            <Object_name name="Object name" type="text">ant02_lod1</Object_name>
         </Part_ant02_lod1>
         <Part_dmg_sect01_lod1>
            <File_name name="File name" type="text">dmg_sect01_lod1021212185821.3db</File_name>
            <Index type="int">4</Index>
            <Object_name name="Object name" type="text">dmg_sect01_lod1</Object_name>
         </Part_dmg_sect01_lod1>
         <Part_dmg_sect02_lod1>
            <File_name name="File name" type="text">dmg_sect02_lod1021212185821.3db</File_name>
            <Index type="int">5</Index>
            <Object_name name="Object name" type="text">dmg_sect02_lod1</Object_name>
         </Part_dmg_sect02_lod1>
         <Part_dmg_sect03_lod1>
            <File_name name="File name" type="text">dmg_sect03_lod1021212185821.3db</File_name>
            <Index type="int">6</Index>
            <Object_name name="Object name" type="text">dmg_sect03_lod1</Object_name>
         </Part_dmg_sect03_lod1>
         <Part_dmg_sect04_lod1>
            <File_name name="File name" type="text">dmg_sect04_lod1021212185821.3db</File_name>
            <Index type="int">7</Index>
            <Object_name name="Object name" type="text">dmg_sect04_lod1</Object_name>
         </Part_dmg_sect04_lod1>
         <Part_dmg_sect05_lod1>
            <File_name name="File name" type="text">dmg_sect05_lod1021212185821.3db</File_name>
            <Index type="int">8</Index>
            <Object_name name="Object name" type="text">dmg_sect05_lod1</Object_name>
         </Part_dmg_sect05_lod1>
         <Part_dmg_sect06_lod1>
            <File_name name="File name" type="text">dmg_sect06_lod1021212185821.3db</File_name>
            <Index type="int">9</Index>
            <Object_name name="Object name" type="text">dmg_sect06_lod1</Object_name>
         </Part_dmg_sect06_lod1>
         <Part_dmg_sect07_lod1>
            <File_name name="File name" type="text">dmg_sect07_lod1021212185821.3db</File_name>
            <Index type="int">10</Index>
            <Object_name name="Object name" type="text">dmg_sect07_lod1</Object_name>
         </Part_dmg_sect07_lod1>
         <Part_hab01_lod1>
            <File_name name="File name" type="text">hab01_lod1021212185821.3db</File_name>
            <Index type="int">13</Index>
            <Object_name name="Object name" type="text">hab01_lod1</Object_name>
         </Part_hab01_lod1>
         <Part_hab02_lod1>
            <File_name name="File name" type="text">hab02_lod1021212185821.3db</File_name>
            <Index type="int">14</Index>
            <Object_name name="Object name" type="text">hab02_lod1</Object_name>
         </Part_hab02_lod1>
         <Part_tink01_lod1>
            <File_name name="File name" type="text">tink01_lod1021212185821.3db</File_name>
            <Index type="int">12</Index>
            <Object_name name="Object name" type="text">tink01_lod1</Object_name>
         </Part_tink01_lod1>
         <Part_trading_outpost_btmtwr_lod1>
            <File_name name="File name" type="text">trading_outpost_btmtwr_lod1021212185821.3db</File_name>
            <Index type="int">1</Index>
            <Object_name name="Object name" type="text">trading_outpost_btmtwr_lod1</Object_name>
         </Part_trading_outpost_btmtwr_lod1>
         <Part_trading_outpost_toptwr_lod1>
            <File_name name="File name" type="text">trading_outpost_toptwr_lod1021212185821.3db</File_name>
            <Index type="int">2</Index>
            <Object_name name="Object name" type="text">trading_outpost_toptwr_lod1</Object_name>
         </Part_trading_outpost_toptwr_lod1>
         <Root>
            <File_name name="File name" type="text">trading_outpost_lod1021212185821.3db</File_name>
            <Index type="int">0</Index>
            <Object_name name="Object name" type="text">Root</Object_name>
         </Root>
      </Cmpnd>
      <dmg_sect01_lod1021212185821.3db>
         <Hardpoints>
            <Fixed>
               <HpDockMountA>
                  <Orientation type="Matrix">
                      -1.0000000000, -10.523845e-09, -1.4821930e-09,
                     -10.523845e-09,   1.0000000000,  260.48630e-09,
                      1.4821903e-09,  260.48630e-09,  -1.0000000000
                  </Orientation>
                  <Position type="Vector">28.487675, -4.1099672, 5.7623463</Position>
               </HpDockMountA>
               <HpDockMountB>
                  <Orientation type="Matrix">
                      -1.0000000000, -10.523845e-09, -1.4821930e-09,
                     -10.523845e-09,   1.0000000000,  260.48630e-09,
                      1.4821903e-09,  260.48630e-09,  -1.0000000000
                  </Orientation>
                  <Position type="Vector">-30.637047, -4.1097612, 5.7623606</Position>
               </HpDockMountB>
               <HpDockPointA01>
                  <Orientation type="Matrix">
                      -1.0000000000, -10.523845e-09, -1.4821930e-09,
                     -10.523845e-09,   1.0000000000,  260.48630e-09,
                      1.4821903e-09,  260.48630e-09,  -1.0000000000
                  </Orientation>
                  <Position type="Vector">28.487614, -4.1099572, -86.748779</Position>
               </HpDockPointA01>
               <HpDockPointA02>
                  <Orientation type="Matrix">
                      -1.0000000000, -10.523845e-09, -1.4821930e-09,
                     -10.523845e-09,   1.0000000000,  260.48630e-09,
                      1.4821903e-09,  260.48630e-09,  -1.0000000000
                  </Orientation>
                  <Position type="Vector">28.487625, -4.1099429, -203.76695</Position>
               </HpDockPointA02>
               <HpDockPointB01>
                  <Orientation type="Matrix">
                      -1.0000000000, -10.523845e-09, -1.4821930e-09,
                     -10.523845e-09,   1.0000000000,  260.48630e-09,
                      1.4821903e-09,  260.48630e-09,  -1.0000000000
                  </Orientation>
                  <Position type="Vector">-30.637093, -4.1099567, -86.748779</Position>
               </HpDockPointB01>
               <HpDockPointB02>
                  <Orientation type="Matrix">
                      -1.0000000000, -10.523845e-09, -1.4821930e-09,
                     -10.523845e-09,   1.0000000000,  260.48630e-09,
                      1.4821903e-09,  260.48630e-09,  -1.0000000000
                  </Orientation>
                  <Position type="Vector">-30.637093, -4.1099439, -203.76694</Position>
               </HpDockPointB02>
               <HpFX01>
                  <Orientation type="Matrix">
                      -1.0000000000, -7.4309838e-09,  1.0128920e-09,
                     -7.4309834e-09,   1.0000000000,  267.77997e-09,
                     -1.0128940e-09,  267.77997e-09,  -1.0000000000
                  </Orientation>
                  <Position type="Vector">25.470678, -4.1099849, -53.296902</Position>
               </HpFX01>
               <HpFX02>
                  <Orientation type="Matrix">
                      -1.0000000000, -7.4309838e-09,  1.0128920e-09,
                     -7.4309834e-09,   1.0000000000,  267.77997e-09,
                     -1.0128940e-09,  267.77997e-09,  -1.0000000000
                  </Orientation>
                  <Position type="Vector">-31.49218, -4.1099849, -54.623894</Position>
               </HpFX02>
               <HpRunningLight01>
                  <Orientation type="Matrix">
                       1.0000000000,  4.4586512e-09,  1.6483163e-09,
                     -4.4586512e-09,   1.0000000000,  13.078170e-09,
                     -1.6483162e-09, -13.078170e-09,   1.0000000000
                  </Orientation>
                  <Position type="Vector">52.789478, -4.1879344, -58.799076</Position>
               </HpRunningLight01>
               <HpRunningLight02>
                  <Orientation type="Matrix">
                       1.0000000000,  7.6809846e-15, -29.157256e-15,
                     -7.6809846e-15,   1.0000000000, -1.4872832e-15,
                      29.157256e-15,  1.4872832e-15,   1.0000000000
                  </Orientation>
                  <Position type="Vector">-55.747646, -4.1879339, -58.799049</Position>
               </HpRunningLight02>
            </Fixed>
            <Revolute>
               <HpTurret_U1_08>
                  <Axis type="Vector">0, 1, 0</Axis>
                  <Max type="float">1.22172</Max>
                  <Min type="float">-1.74533</Min>
                  <Orientation type="Matrix">
                      -0.9986295100,   0.0523361080,  727.21730e-09,
                      -0.0523361080,  -0.9986295100, -179.11816e-09,
                      716.84633e-09, -216.93241e-09,   1.0000000000
                  </Orientation>
                  <Position type="Vector">11.070742, -52.348228, -33.947906</Position>
               </HpTurret_U1_08>
            </Revolute>
         </Hardpoints>
         <VMeshWire include="freeport7_dmg_cmp\dmg_sect01_lod1.vwd.xml"/>
         <MultiLevel>
            <Level0>
               <VMeshPart>
                  <VMeshRef type="VMeshRef">
                     <!-- header size  --> 60,
                     <!-- vmesh lib    --> data.solar.dockable.freeport7_dmg.lod0-112.vms,
                     <!-- start vert   --> 6822,
                     <!-- num verts    --> 814,
                     <!-- start index  --> 10050,
                     <!-- num indices  --> 1137,
                     <!-- start mesh   --> 46,
                     <!-- num meshes   --> 7,
                     <!-- bounding box -->  88.007248,   52.785942,   58.319458,
                                           -88.007263,  -52.785919,  -58.319462,
                     <!-- center       -->  -5.0923305,  -3.9928677,  -8.3789253,
                     <!-- radius       --> 106.45704
                  </VMeshRef>
               </VMeshPart>
            </Level0>
            <Level1>
               <VMeshPart>
                  <VMeshRef type="VMeshRef">
                     <!-- header size  --> 60,
                     <!-- vmesh lib    --> data.solar.dockable.freeport7_dmg.lod1-112.vms,
                     <!-- start vert   --> 4351,
                     <!-- num verts    --> 473,
                     <!-- start index  --> 6402,
                     <!-- num indices  --> 756,
                     <!-- start mesh   --> 43,
                     <!-- num meshes   --> 6,
                     <!-- bounding box -->  88.007248,   52.785942,   58.319458,
                                           -88.007263,  -52.785919,  -58.319462,
                     <!-- center       -->  -5.0923305,  -3.9928677,  -8.3789253,
                     <!-- radius       --> 106.45704
                  </VMeshRef>
               </VMeshPart>
            </Level1>
            <Switch2 type="float array" count="3">
               0,
               100,
               1000000
            </Switch2>
         </MultiLevel>
      </dmg_sect01_lod1021212185821.3db>
      <dmg_sect02_lod1021212185821.3db>
         <Hardpoints>
            <Fixed>
               <HpDockMountL>
                  <Orientation type="Matrix">
                     -343.91317e-09,  84.169912e-09,   1.0000000000,
                      32.571435e-09,   1.0000000000, -84.169898e-09,
                      -1.0000000000,  32.571407e-09, -343.91317e-09
                  </Orientation>
                  <Position type="Vector">60.394077, 5.6845307, 19.63884</Position>
               </HpDockMountL>
               <HpRunningLight11>
                  <Orientation type="Matrix">
                       0.7071068300,  9.5853627e-09,  -0.7071067100,
                     -5.8035821e-09,   1.0000000000,  7.7521669e-09,
                       0.7071067100, -1.3778585e-09,   0.7071068300
                  </Orientation>
                  <Position type="Vector">47.132694, 5.2208276, -43.938606</Position>
               </HpRunningLight11>
            </Fixed>
         </Hardpoints>
         <VMeshWire include="freeport7_dmg_cmp\dmg_sect02_lod1.vwd.xml"/>
         <MultiLevel>
            <Level0>
               <VMeshPart>
                  <VMeshRef type="VMeshRef">
                     <!-- header size  --> 60,
                     <!-- vmesh lib    --> data.solar.dockable.freeport7_dmg.lod0-112.vms,
                     <!-- start vert   --> 8604,
                     <!-- num verts    --> 480,
                     <!-- start index  --> 13269,
                     <!-- num indices  --> 621,
                     <!-- start mesh   --> 66,
                     <!-- num meshes   --> 7,
                     <!-- bounding box -->  57.882595,   42.471722,   41.969353,
                                           -57.882603,  -42.471718,  -41.969368,
                     <!-- center       -->  -1.3696676,  -3.2594302,  -5.2808251,
                     <!-- radius       --> 74.986015
                  </VMeshRef>
               </VMeshPart>
            </Level0>
            <Level1>
               <VMeshPart>
                  <VMeshRef type="VMeshRef">
                     <!-- header size  --> 60,
                     <!-- vmesh lib    --> data.solar.dockable.freeport7_dmg.lod1-112.vms,
                     <!-- start vert   --> 5397,
                     <!-- num verts    --> 345,
                     <!-- start index  --> 8277,
                     <!-- num indices  --> 486,
                     <!-- start mesh   --> 62,
                     <!-- num meshes   --> 6,
                     <!-- bounding box -->  57.882595,   42.471722,   41.969353,
                                           -57.882603,  -42.471718,  -41.969368,
                     <!-- center       -->  -1.3696676,  -3.2594302,  -5.2808251,
                     <!-- radius       --> 74.986015
                  </VMeshRef>
               </VMeshPart>
            </Level1>
            <Switch2 type="float array" count="3">
               0,
               100,
               1000000
            </Switch2>
         </MultiLevel>
      </dmg_sect02_lod1021212185821.3db>
      <dmg_sect03_lod1021212185821.3db>
         <Hardpoints>
            <Fixed>
               <HpDockMountE>
                  <Orientation type="Matrix">
                       1.0000000000,  2.6033715e-09,  88.611031e-09,
                     -2.6033715e-09,   1.0000000000, -2.8146897e-12,
                     -88.611031e-09,  2.8144590e-12,   1.0000000000
                  </Orientation>
                  <Position type="Vector">-20.724308, 9.0574837, 26.951433</Position>
               </HpDockMountE>
               <HpDockMountK>
                  <Orientation type="Matrix">
                     -343.91317e-09,  84.169912e-09,   1.0000000000,
                      32.571435e-09,   1.0000000000, -84.169898e-09,
                      -1.0000000000,  32.571407e-09, -343.91317e-09
                  </Orientation>
                  <Position type="Vector">97.256813, 10.451537, 22.420887</Position>
               </HpDockMountK>
               <HpFX19>
                  <Orientation type="Matrix">
                      -1.0000000000, -7.4310051e-09,  1.0128920e-09,
                     -7.4310047e-09,   1.0000000000,  267.77997e-09,
                     -1.0128940e-09,  267.77997e-09,  -1.0000000000
                  </Orientation>
                  <Position type="Vector">-38.349922, 61.453316, -21.625927</Position>
               </HpFX19>
               <HpFX20>
                  <Orientation type="Matrix">
                      -1.0000000000, -7.4310051e-09,  1.0128920e-09,
                     -7.4310047e-09,   1.0000000000,  267.77997e-09,
                     -1.0128940e-09,  267.77997e-09,  -1.0000000000
                  </Orientation>
                  <Position type="Vector">42.25526, 40.477234, 24.513433</Position>
               </HpFX20>
               <HpRunningLight12>
                  <Orientation type="Matrix">
                      -0.7071070100, -120.98397e-09,  -0.7071065300,
                     -144.84390e-09,   1.0000000000, -26.253222e-09,
                       0.7071065300,  83.856236e-09,  -0.7071070100
                  </Orientation>
                  <Position type="Vector">83.995415, 9.9878492, 84.603859</Position>
               </HpRunningLight12>
            </Fixed>
            <Revolute>
               <HpTurret_U1_06>
                  <Axis type="Vector">0, 1, 0</Axis>
                  <Max type="float">2.70526</Max>
                  <Min type="float">-0.87266999</Min>
                  <Orientation type="Matrix">
                     -767.43754e-09,  124.06100e-09,  -1.0000000000,
                      204.87856e-09,  -1.0000000000, -124.06116e-09,
                      -1.0000000000, -204.87866e-09,  767.43754e-09
                  </Orientation>
                  <Position type="Vector">-49.971741, -48.639328, 4.1940384</Position>
               </HpTurret_U1_06>
               <HpTurret_U2_03>
                  <Axis type="Vector">0, 1, 0</Axis>
                  <Max type="float">1.91986</Max>
                  <Min type="float">-1.9198699</Min>
                  <Orientation type="Matrix">
                      824.71695e-09, -185.07127e-09,  -1.0000000000,
                     -163.80113e-09,   1.0000000000, -185.07141e-09,
                       1.0000000000,  163.80129e-09,  824.71689e-09
                  </Orientation>
                  <Position type="Vector">76.342255, 46.061806, -21.782579</Position>
               </HpTurret_U2_03>
            </Revolute>
         </Hardpoints>
         <VMeshWire include="freeport7_dmg_cmp\dmg_sect03_lod1.vwd.xml"/>
         <MultiLevel>
            <Level0>
               <VMeshPart>
                  <VMeshRef type="VMeshRef">
                     <!-- header size  --> 60,
                     <!-- vmesh lib    --> data.solar.dockable.freeport7_dmg.lod0-112.vms,
                     <!-- start vert   --> 11081,
                     <!-- num verts    --> 956,
                     <!-- start index  --> 16890,
                     <!-- num indices  --> 1272,
                     <!-- start mesh   --> 80,
                     <!-- num meshes   --> 7,
                     <!-- bounding box -->  94.7453,    48.63578,    84.177635,
                                           -94.745308, -48.635784,  -84.177681,
                     <!-- center       -->  13.931042,   7.1061349,  -3.0668805,
                     <!-- radius       --> 117.98656
                  </VMeshRef>
               </VMeshPart>
            </Level0>
            <Level1>
               <VMeshPart>
                  <VMeshRef type="VMeshRef">
                     <!-- header size  --> 60,
                     <!-- vmesh lib    --> data.solar.dockable.freeport7_dmg.lod1-112.vms,
                     <!-- start vert   --> 7166,
                     <!-- num verts    --> 839,
                     <!-- start index  --> 10839,
                     <!-- num indices  --> 1221,
                     <!-- start mesh   --> 74,
                     <!-- num meshes   --> 7,
                     <!-- bounding box -->  94.7453,    48.63578,    84.177635,
                                           -94.745308, -48.635784,  -84.177681,
                     <!-- center       -->  13.931042,   7.1061349,  -3.0668805,
                     <!-- radius       --> 117.98656
                  </VMeshRef>
               </VMeshPart>
            </Level1>
            <Switch2 type="float array" count="3">
               0,
               100,
               1000000
            </Switch2>
         </MultiLevel>
      </dmg_sect03_lod1021212185821.3db>
      <dmg_sect04_lod1021212185821.3db>
         <Hardpoints>
            <Fixed>
               <HpDockPointG01>
                  <Orientation type="Matrix">
                       1.0000000000,  2.5903988e-09,  88.611188e-09,
                     -2.5903988e-09,   1.0000000000, -7.0139975e-12,
                     -88.611188e-09,  7.0137680e-12,   1.0000000000
                  </Orientation>
                  <Position type="Vector">15.240208, 1.8539572, 85.608917</Position>
               </HpDockPointG01>
               <HpDockPointH01>
                  <Orientation type="Matrix">
                       1.0000000000,  2.5903988e-09,  88.611188e-09,
                     -2.5903988e-09,   1.0000000000, -7.0139975e-12,
                     -88.611188e-09,  7.0137680e-12,   1.0000000000
                  </Orientation>
                  <Position type="Vector">-43.884525, 1.8539549, 85.608963</Position>
               </HpDockPointH01>
               <HpFX05>
                  <Orientation type="Matrix">
                      -1.0000000000, -7.4309838e-09,  1.0128920e-09,
                     -7.4309834e-09,   1.0000000000,  267.77997e-09,
                     -1.0128940e-09,  267.77997e-09,  -1.0000000000
                  </Orientation>
                  <Position type="Vector">-44.714649, 1.8539016, 48.213634</Position>
               </HpFX05>
               <HpFX06>
                  <Orientation type="Matrix">
                      -1.0000000000, -7.4309838e-09,  1.0128920e-09,
                     -7.4309834e-09,   1.0000000000,  267.77997e-09,
                     -1.0128940e-09,  267.77997e-09,  -1.0000000000
                  </Orientation>
                  <Position type="Vector">9.2980719, 1.8539016, 51.037804</Position>
               </HpFX06>
               <HpRunningLight06>
                  <Orientation type="Matrix">
                      -1.0000000000, -6.5599665e-15,  150.99585e-09,
                      26.804190e-15,   1.0000000000,  220.96076e-09,
                     -150.99585e-09,  220.96076e-09,  -1.0000000000
                  </Orientation>
                  <Position type="Vector">39.306992, 1.7759877, 57.987846</Position>
               </HpRunningLight06>
               <HpRunningLight07>
                  <Orientation type="Matrix">
                      -1.0000000000,  7.4531652e-09,  181.14878e-09,
                      7.4532167e-09,   1.0000000000,  282.28763e-09,
                     -181.14878e-09,  282.28763e-09,  -1.0000000000
                  </Orientation>
                  <Position type="Vector">-69.070755, 1.7759913, 57.987873</Position>
               </HpRunningLight07>
            </Fixed>
            <Revolute>
               <HpTurret_U2_05>
                  <Axis type="Vector">0, 1, 0</Axis>
                  <Max type="float">2.79252</Max>
                  <Min type="float">-1.74533</Min>
                  <Orientation type="Matrix">
                       0.9993908400,  -0.0348993090, -826.73881e-09,
                      -0.0348993090,  -0.9993908400,  184.68678e-09,
                     -832.68066e-09, -155.72166e-09,  -1.0000000000
                  </Orientation>
                  <Position type="Vector">-14.66798, -44.119541, 23.000931</Position>
               </HpTurret_U2_05>
            </Revolute>
         </Hardpoints>
         <VMeshWire include="freeport7_dmg_cmp\dmg_sect04_lod1.vwd.xml"/>
         <MultiLevel>
            <Level0>
               <VMeshPart>
                  <VMeshRef type="VMeshRef">
                     <!-- header size  --> 60,
                     <!-- vmesh lib    --> data.solar.dockable.freeport7_dmg.lod0-112.vms,
                     <!-- start vert   --> 3993,
                     <!-- num verts    --> 664,
                     <!-- start index  --> 5649,
                     <!-- num indices  --> 915,
                     <!-- start mesh   --> 28,
                     <!-- num meshes   --> 5,
                     <!-- bounding box -->  72.246864,   49.950703,   55.753563,
                                           -72.246826,  -49.950695,  -55.75359,
                     <!-- center       -->   4.1011062,  -1.7612942,   5.1774364,
                     <!-- radius       --> 93.31913
                  </VMeshRef>
               </VMeshPart>
            </Level0>
            <Level1>
               <VMeshPart>
                  <VMeshRef type="VMeshRef">
                     <!-- header size  --> 60,
                     <!-- vmesh lib    --> data.solar.dockable.freeport7_dmg.lod1-112.vms,
                     <!-- start vert   --> 2491,
                     <!-- num verts    --> 351,
                     <!-- start index  --> 3642,
                     <!-- num indices  --> 570,
                     <!-- start mesh   --> 26,
                     <!-- num meshes   --> 5,
                     <!-- bounding box -->  72.246864,   49.950703,   55.753563,
                                           -72.246826,  -49.950695,  -55.75359,
                     <!-- center       -->   4.1011062,  -1.7612942,   5.1774364,
                     <!-- radius       --> 93.31913
                  </VMeshRef>
               </VMeshPart>
            </Level1>
            <Switch2 type="float array" count="3">
               0,
               100,
               1000000
            </Switch2>
         </MultiLevel>
      </dmg_sect04_lod1021212185821.3db>
      <dmg_sect05_lod1021212185821.3db>
         <Hardpoints>
            <Fixed>
               <HpDockMountH>
                  <Orientation type="Matrix">
                       1.0000000000,  2.6033715e-09,  88.611031e-09,
                     -2.6033715e-09,   1.0000000000, -2.8146897e-12,
                     -88.611031e-09,  2.8144590e-12,   1.0000000000
                  </Orientation>
                  <Position type="Vector">48.361202, -0.52079475, 1.495198</Position>
               </HpDockMountH>
               <HpDockMountJ>
                  <Orientation type="Matrix">
                      544.45161e-09, -18.033885e-09,  -1.0000000000,
                     -114.91839e-09,   1.0000000000, -18.033948e-09,
                       1.0000000000,  114.91839e-09,  544.45161e-09
                  </Orientation>
                  <Position type="Vector">-70.305885, 0.87325829, -3.0352945</Position>
               </HpDockMountJ>
               <HpFX18>
                  <Orientation type="Matrix">
                      -1.0000000000, -7.4310051e-09,  1.0128920e-09,
                     -7.4310047e-09,   1.0000000000,  267.77997e-09,
                     -1.0128940e-09,  267.77997e-09,  -1.0000000000
                  </Orientation>
                  <Position type="Vector">-15.219067, 32.58363, 32.411343</Position>
               </HpFX18>
               <HpRunningLight09>
                  <Orientation type="Matrix">
                      -0.7071066500,  35.019191e-09,   0.7071068900,
                      92.971703e-09,   1.0000000000,  43.447070e-09,
                      -0.7071068900,  96.462649e-09,  -0.7071066500
                  </Orientation>
                  <Position type="Vector">-56.076389, 0.40958121, 60.839733</Position>
               </HpRunningLight09>
            </Fixed>
         </Hardpoints>
         <VMeshWire include="freeport7_dmg_cmp\dmg_sect05_lod1.vwd.xml"/>
         <MultiLevel>
            <Level0>
               <VMeshPart>
                  <VMeshRef type="VMeshRef">
                     <!-- header size  --> 60,
                     <!-- vmesh lib    --> data.solar.dockable.freeport7_dmg.lod0-112.vms,
                     <!-- start vert   --> 2120,
                     <!-- num verts    --> 639,
                     <!-- start index  --> 3243,
                     <!-- num indices  --> 789,
                     <!-- start mesh   --> 7,
                     <!-- num meshes   --> 7,
                     <!-- bounding box -->  67.461571,   39.057507,   58.721428,
                                           -67.461609,  -39.057476,  -58.721439,
                     <!-- center       -->   1.6081204,   1.9478737,   2.026113,
                     <!-- radius       --> 83.566132
                  </VMeshRef>
               </VMeshPart>
            </Level0>
            <Level1>
               <VMeshPart>
