<?xml version="1.0" encoding="ISO-8859-1"?>
<!-- XML generated by UTFXML Version 2.2 built 19-Aug-2010 -->
<UTFXML filename="military_icebase1.cmp" path="SOLAR\DOCKABLE">
   <UTF_ROOT>
      <VMeshLibrary>
         <data.solar.dockable.military_icebase1.lod0-112.vms include="military_icebase1_cmp\lod0-112.vms.xml"/>
         <data.solar.dockable.military_icebase1.lod0-212.vms include="military_icebase1_cmp\lod0-212.vms.xml"/>
         <data.solar.dockable.military_icebase1.lod1-112.vms include="military_icebase1_cmp\lod1-112.vms.xml"/>
         <data.solar.dockable.military_icebase1.lod1-212.vms include="military_icebase1_cmp\lod1-212.vms.xml"/>
      </VMeshLibrary>
      <Animation>
         <Script>
            <Sc_open_dockA name="Sc_open dockA">
               <Joint_map_0 name="Joint map 0">
                  <Channel>
                     <Header type="Header">
                        <!-- count    --> 2,
                        <!-- interval --> Explicit,
                        <!-- flags    --> 0x1
                     </Header>
                     <Frames type="Frames" count="2">
                          0.0000000000:     0.0000000000
                          3.3333335000:    43.6902620000
                     </Frames>
                  </Channel>
                  <Child_name name="Child name" type="text">doorA_lod1</Child_name>
                  <Parent_name name="Parent name" type="text">A_dock_lod1</Parent_name>
               </Joint_map_0>
            </Sc_open_dockA>
            <Sc_open_dockB name="Sc_open dockB">
               <Joint_map_0 name="Joint map 0">
                  <Channel>
                     <Header type="Header">
                        <!-- count    --> 2,
                        <!-- interval --> Explicit,
                        <!-- flags    --> 0x1
                     </Header>
                     <Frames type="Frames" count="2">
                          0.0000000000:     0.0000000000
                          3.3333335000:    43.6902810000
                     </Frames>
                  </Channel>
                  <Child_name name="Child name" type="text">doorB_lod1</Child_name>
                  <Parent_name name="Parent name" type="text">B_dock_lod1</Parent_name>
               </Joint_map_0>
            </Sc_open_dockB>
            <Sc_open_dockC name="Sc_open dockC">
               <Joint_map_0 name="Joint map 0">
                  <Channel>
                     <Header type="Header">
                        <!-- count    --> 2,
                        <!-- interval --> Explicit,
                        <!-- flags    --> 0x1
                     </Header>
                     <Frames type="Frames" count="2">
                          0.0000000000:     0.0000000000
                          3.3333335000:    43.6902810000
                     </Frames>
                  </Channel>
                  <Child_name name="Child name" type="text">doorC_lod1</Child_name>
                  <Parent_name name="Parent name" type="text">C_dock_lod1</Parent_name>
               </Joint_map_0>
            </Sc_open_dockC>
         </Script>
      </Animation>
      <A_dock_lod1021202144406.3db>
         <VMeshWire include="military_icebase1_cmp\A_dock_lod1.vwd.xml"/>
         <MultiLevel>
            <Level0>
               <VMeshPart>
                  <VMeshRef type="VMeshRef">
                     <!-- header size  --> 60,
                     <!-- vmesh lib    --> data.solar.dockable.military_icebase1.lod0-112.vms,
                     <!-- start vert   --> 282,
                     <!-- num verts    --> 144,
                     <!-- start index  --> 504,
                     <!-- num indices  --> 252,
                     <!-- start mesh   --> 2,
                     <!-- num meshes   --> 1,
                     <!-- bounding box -->  39.991795,    28.381765,   28.380381,
                                           -39.991833,   -28.381783,  -28.380348,
                     <!-- center       -->   0.17258182,  -1.9486314,  -0.48923653,
                     <!-- radius       --> 47.745686
                  </VMeshRef>
               </VMeshPart>
            </Level0>
            <Level1>
               <VMeshPart>
                  <VMeshRef type="VMeshRef">
                     <!-- header size  --> 60,
                     <!-- vmesh lib    --> data.solar.dockable.military_icebase1.lod1-112.vms,
                     <!-- start vert   --> 108,
                     <!-- num verts    --> 54,
                     <!-- start index  --> 216,
                     <!-- num indices  --> 108,
                     <!-- start mesh   --> 2,
                     <!-- num meshes   --> 1,
                     <!-- bounding box -->  39.991795,    28.381765,   28.380381,
                                           -39.991833,   -28.381783,  -28.380348,
                     <!-- center       -->   0.17258182,  -1.9486314,  -0.48923653,
                     <!-- radius       --> 47.745686
                  </VMeshRef>
               </VMeshPart>
            </Level1>
            <Switch2 type="float array" count="3">
               0,
               100,
               1000000
            </Switch2>
         </MultiLevel>
      </A_dock_lod1021202144406.3db>
      <B_dock_lod1021202144406.3db>
         <VMeshWire include="military_icebase1_cmp\B_dock_lod1.vwd.xml"/>
         <MultiLevel>
            <Level0>
               <VMeshPart>
                  <VMeshRef type="VMeshRef">
                     <!-- header size  --> 60,
                     <!-- vmesh lib    --> data.solar.dockable.military_icebase1.lod0-112.vms,
                     <!-- start vert   --> 0,
                     <!-- num verts    --> 144,
                     <!-- start index  --> 0,
                     <!-- num indices  --> 252,
                     <!-- start mesh   --> 0,
                     <!-- num meshes   --> 1,
                     <!-- bounding box -->  39.836613,    27.800659,   27.799608,
                                           -39.836617,   -27.800667,  -27.799582,
                     <!-- center       -->   0.12930313,   2.1420846,   0.24558769,
                     <!-- radius       --> 47.662601
                  </VMeshRef>
               </VMeshPart>
            </Level0>
            <Level1>
               <VMeshPart>
                  <VMeshRef type="VMeshRef">
                     <!-- header size  --> 60,
                     <!-- vmesh lib    --> data.solar.dockable.military_icebase1.lod1-112.vms,
                     <!-- start vert   --> 0,
                     <!-- num verts    --> 54,
                     <!-- start index  --> 0,
                     <!-- num indices  --> 108,
                     <!-- start mesh   --> 0,
                     <!-- num meshes   --> 1,
                     <!-- bounding box -->  39.836613,    27.800659,   27.799608,
                                           -39.836617,   -27.800667,  -27.799582,
                     <!-- center       -->   0.12930313,   2.1420846,   0.24558769,
                     <!-- radius       --> 47.662601
                  </VMeshRef>
               </VMeshPart>
            </Level1>
            <Switch2 type="float array" count="3">
               0,
               100,
               1000000
            </Switch2>
         </MultiLevel>
      </B_dock_lod1021202144406.3db>
      <Cmpnd>
         <Cons>
            <Fix type="Fix" count="5">
               <part>
                  <!-- parent      --> "Root",
                  <!-- child       --> "room_lod1",
                  <!-- position    --> 12.453552e-6, -238.0438e-9, -219.15547e-9,
                  <!-- orientation -->   1.0000000000,   0.0000000000,   0.0000000000,
                                        -0.0000000000,  59.604652e-09,   1.0000000000,
                                         0.0000000000,  -1.0000000000,  59.604652e-09
               </part>
               <part>
                  <!-- parent      --> "Root",
                  <!-- child       --> "window_lod1",
                  <!-- position    --> 12.453552e-6, -238.04378e-9, -219.15545e-9,
                  <!-- orientation -->   1.0000000000,   0.0000000000,   0.0000000000,
                                        -0.0000000000,  119.20930e-09,   1.0000000000,
                                         0.0000000000,  -1.0000000000,  119.20930e-09
               </part>
               <part>
                  <!-- parent      --> "Root",
                  <!-- child       --> "C_dock_lod1",
                  <!-- position    --> -188.90112, 92.03746, 28.732563,
                  <!-- orientation -->   0.9658749700,   0.1663443000,   0.1985322800,
                                        -0.1732651000,   0.9847127800,   0.0178865680,
                                        -0.1925219400,  -0.0516749020,   0.9799311200
               </part>
               <part>
                  <!-- parent      --> "Root",
                  <!-- child       --> "B_dock_lod1",
                  <!-- position    --> 58.617577, -99.505318, -146.87581,
                  <!-- orientation -->  -0.6905610600,   0.2849665600,  -0.6647702500,
                                         0.3422758600,   0.9384370400,   0.0467240880,
                                         0.6371598200,  -0.1952689700,  -0.7455852600
               </part>
               <part>
                  <!-- parent      --> "Root",
                  <!-- child       --> "A_dock_lod1",
                  <!-- position    --> 113.85023, -34.071251, 149.82222,
                  <!-- orientation -->  -0.5645533800,  -0.1359366600,   0.8141257200,
                                        -0.0598636570,   0.9904907300,   0.1238724900,
                                        -0.8232228200,   0.0211960900,  -0.5673226100
               </part>
            </Fix>
            <Pris type="Rev" count="3">
               <part>
                  <!-- parent      --> "C_dock_lod1",
                  <!-- child       --> "doorC_lod1",
                  <!-- position    --> -33.28368, 11.968585, 0.14221175,
                  <!-- offset      --> 0, 0, 0,
                  <!-- orientation -->  -0.0046871435,  -0.0091134207,   0.9999474900,
                                        -0.0189854350,  -0.9997774400,  -0.0092008626,
                                         0.9998087900,  -0.0190275650,   0.0045130779,
                  <!-- axis        -->   0.0091128433,   0.9997774400,   0.0190275480,
                  <!-- min, max    --> 0, 43.690281
               </part>
               <part>
                  <!-- parent      --> "B_dock_lod1",
                  <!-- child       --> "doorB_lod1",
                  <!-- position    --> -33.403641, 11.992501, -0.0061895773,
                  <!-- offset      --> 0, 0, 0,
                  <!-- orientation -->  -0.0085685980,  840.84895e-06,   0.9999629300,
                                        -0.0058864439,  -0.9999823600,  790.42488e-06,
                                         0.9999459400,  -0.0058794529,   0.0085733961,
                  <!-- axis        --> -840.78597e-06,   0.9999823600,   0.0058790897,
                  <!-- min, max    --> 0, 43.690281
               </part>
               <part>
                  <!-- parent      --> "A_dock_lod1",
                  <!-- child       --> "doorA_lod1",
                  <!-- position    --> -33.318985, -11.918195, -1.188684,
                  <!-- offset      --> 0, 0, 0,
                  <!-- orientation -->  -0.0141501090,  -0.0057176249,   0.9998835300,
                                         0.1044725900,   0.9945019500,   0.0071653221,
                                        -0.9944270800,   0.1045618100,  -0.0134749770,
                  <!-- axis        -->   0.0057173911,  -0.9945019500,  -0.1045618600,
                  <!-- min, max    --> 0, 43.690262
               </part>
            </Pris>
         </Cons>
         <Part_A_dock_lod1>
            <File_name name="File name" type="text">A_dock_lod1021202144406.3db</File_name>
            <Index type="int">7</Index>
            <Object_name name="Object name" type="text">A_dock_lod1</Object_name>
         </Part_A_dock_lod1>
         <Part_B_dock_lod1>
            <File_name name="File name" type="text">B_dock_lod1021202144406.3db</File_name>
            <Index type="int">5</Index>
            <Object_name name="Object name" type="text">B_dock_lod1</Object_name>
         </Part_B_dock_lod1>
         <Part_C_dock_lod1>
            <File_name name="File name" type="text">C_dock_lod1021202144406.3db</File_name>
            <Index type="int">3</Index>
            <Object_name name="Object name" type="text">C_dock_lod1</Object_name>
         </Part_C_dock_lod1>
         <Part_doorA_lod1>
            <File_name name="File name" type="text">doorA_lod1021202144406.3db</File_name>
            <Index type="int">8</Index>
            <Object_name name="Object name" type="text">doorA_lod1</Object_name>
         </Part_doorA_lod1>
         <Part_doorB_lod1>
            <File_name name="File name" type="text">doorB_lod1021202144406.3db</File_name>
            <Index type="int">6</Index>
            <Object_name name="Object name" type="text">doorB_lod1</Object_name>
         </Part_doorB_lod1>
         <Part_doorC_lod1>
            <File_name name="File name" type="text">doorC_lod1021202144406.3db</File_name>
            <Index type="int">4</Index>
            <Object_name name="Object name" type="text">doorC_lod1</Object_name>
         </Part_doorC_lod1>
         <Part_room_lod1>
            <File_name name="File name" type="text">room_lod1021202144406.3db</File_name>
            <Index type="int">1</Index>
            <Object_name name="Object name" type="text">room_lod1</Object_name>
         </Part_room_lod1>
         <Part_window_lod1>
            <File_name name="File name" type="text">window_lod1021202144406.3db</File_name>
            <Index type="int">2</Index>
            <Object_name name="Object name" type="text">window_lod1</Object_name>
         </Part_window_lod1>
         <Root>
            <File_name name="File name" type="text">military_icebase1_lod1021202144406.3db</File_name>
            <Index type="int">0</Index>
            <Object_name name="Object name" type="text">Root</Object_name>
         </Root>
      </Cmpnd>
      <C_dock_lod1021202144406.3db>
         <VMeshWire include="military_icebase1_cmp\C_dock_lod1.vwd.xml"/>
         <MultiLevel>
            <Level0>
               <VMeshPart>
                  <VMeshRef type="VMeshRef">
                     <!-- header size  --> 60,
                     <!-- vmesh lib    --> data.solar.dockable.military_icebase1.lod0-112.vms,
                     <!-- start vert   --> 144,
                     <!-- num verts    --> 138,
                     <!-- start index  --> 252,
                     <!-- num indices  --> 252,
                     <!-- start mesh   --> 1,
                     <!-- num meshes   --> 1,
                     <!-- bounding box -->  39.872272,    27.892401,   27.893585,
                                           -39.872242,   -27.892405,  -27.893576,
                     <!-- center       -->   0.14930244,   1.9636834,   0.20137787,
                     <!-- radius       --> 47.747837
                  </VMeshRef>
               </VMeshPart>
            </Level0>
            <Level1>
               <VMeshPart>
                  <VMeshRef type="VMeshRef">
                     <!-- header size  --> 60,
                     <!-- vmesh lib    --> data.solar.dockable.military_icebase1.lod1-112.vms,
                     <!-- start vert   --> 54,
                     <!-- num verts    --> 54,
                     <!-- start index  --> 108,
                     <!-- num indices  --> 108,
                     <!-- start mesh   --> 1,
                     <!-- num meshes   --> 1,
                     <!-- bounding box -->  39.872272,    27.892401,   27.893585,
                                           -39.872242,   -27.892405,  -27.893576,
                     <!-- center       -->   0.14930244,   1.9636834,   0.20137787,
                     <!-- radius       --> 47.747837
                  </VMeshRef>
               </VMeshPart>
            </Level1>
            <Switch2 type="float array" count="3">
               0,
               100,
               1000000
            </Switch2>
         </MultiLevel>
      </C_dock_lod1021202144406.3db>
      <doorA_lod1021202144406.3db>
         <VMeshWire include="military_icebase1_cmp\doorA_lod1.vwd.xml"/>
         <MultiLevel>
            <Level0>
               <VMeshPart>
                  <VMeshRef type="VMeshRef">
                     <!-- header size  --> 60,
                     <!-- vmesh lib    --> data.solar.dockable.military_icebase1.lod0-112.vms,
                     <!-- start vert   --> 570,
                     <!-- num verts    --> 144,
                     <!-- start index  --> 948,
                     <!-- num indices  --> 192,
                     <!-- start mesh   --> 4,
                     <!-- num meshes   --> 1,
                     <!-- bounding box -->  23.714809,      35.557457, 1.4123569,
                                           -23.714804,     -11.854733, 0.35149986,
                     <!-- center       -->   1.2238867e-6,  11.851363, 0.88192618,
                     <!-- radius       --> 23.720623
                  </VMeshRef>
               </VMeshPart>
            </Level0>
            <Level1>
               <VMeshPart>
                  <VMeshRef type="VMeshRef">
                     <!-- header size  --> 60,
                     <!-- vmesh lib    --> data.solar.dockable.military_icebase1.lod1-112.vms,
                     <!-- start vert   --> 210,
                     <!-- num verts    --> 48,
                     <!-- start index  --> 420,
                     <!-- num indices  --> 96,
                     <!-- start mesh   --> 4,
                     <!-- num meshes   --> 1,
                     <!-- bounding box -->  23.714809,      35.557457, 1.4123569,
                                           -23.714804,     -11.854733, 0.35149986,
                     <!-- center       -->   1.2238867e-6,  11.851363, 0.88192618,
                     <!-- radius       --> 23.720623
                  </VMeshRef>
               </VMeshPart>
            </Level1>
            <Switch2 type="float array" count="3">
               0,
               100,
               1000000
            </Switch2>
         </MultiLevel>
      </doorA_lod1021202144406.3db>
      <doorB_lod1021202144406.3db>
         <VMeshWire include="military_icebase1_cmp\doorB_lod1.vwd.xml"/>
         <MultiLevel>
            <Level0>
               <VMeshPart>
                  <VMeshRef type="VMeshRef">
                     <!-- header size  --> 60,
                     <!-- vmesh lib    --> data.solar.dockable.military_icebase1.lod0-112.vms,
                     <!-- start vert   --> 714,
                     <!-- num verts    --> 120,
                     <!-- start index  --> 1140,
                     <!-- num indices  --> 192,
                     <!-- start mesh   --> 5,
                     <!-- num meshes   --> 1,
                     <!-- bounding box -->  23.714809,      35.557468, 1.4123605,
                                           -23.714798,     -11.854733, 0.35150367,
                     <!-- center       -->   3.0724364e-6,  11.851366, 0.88193023,
                     <!-- radius       --> 23.720621
                  </VMeshRef>
               </VMeshPart>
            </Level0>
            <Level1>
               <VMeshPart>
                  <VMeshRef type="VMeshRef">
                     <!-- header size  --> 60,
                     <!-- vmesh lib    --> data.solar.dockable.military_icebase1.lod1-112.vms,
                     <!-- start vert   --> 258,
                     <!-- num verts    --> 48,
                     <!-- start index  --> 516,
                     <!-- num indices  --> 96,
                     <!-- start mesh   --> 5,
                     <!-- num meshes   --> 1,
                     <!-- bounding box -->  23.714809,      35.557468, 1.4123605,
                                           -23.714798,     -11.854733, 0.35150367,
                     <!-- center       -->   3.0724364e-6,  11.851366, 0.88193023,
                     <!-- radius       --> 23.720621
                  </VMeshRef>
               </VMeshPart>
            </Level1>
            <Switch2 type="float array" count="3">
               0,
               100,
               1000000
            </Switch2>
         </MultiLevel>
      </doorB_lod1021202144406.3db>
      <doorC_lod1021202144406.3db>
         <VMeshWire include="military_icebase1_cmp\doorC_lod1.vwd.xml"/>
         <MultiLevel>
            <Level0>
               <VMeshPart>
                  <VMeshRef type="VMeshRef">
                     <!-- header size  --> 60,
                     <!-- vmesh lib    --> data.solar.dockable.military_icebase1.lod0-112.vms,
                     <!-- start vert   --> 426,
                     <!-- num verts    --> 144,
                     <!-- start index  --> 756,
                     <!-- num indices  --> 192,
                     <!-- start mesh   --> 3,
                     <!-- num meshes   --> 1,
                     <!-- bounding box -->  23.714806,      35.557465, 1.4123567,
                                           -23.714808,     -11.854738, 0.3514998,
                     <!-- center       -->  -2.6358944e-6,  11.851364, 0.8819263,
                     <!-- radius       --> 23.720623
                  </VMeshRef>
               </VMeshPart>
            </Level0>
            <Level1>
               <VMeshPart>
                  <VMeshRef type="VMeshRef">
                     <!-- header size  --> 60,
                     <!-- vmesh lib    --> data.solar.dockable.military_icebase1.lod1-112.vms,
                     <!-- start vert   --> 162,
                     <!-- num verts    --> 48,
                     <!-- start index  --> 324,
                     <!-- num indices  --> 96,
                     <!-- start mesh   --> 3,
                     <!-- num meshes   --> 1,
                     <!-- bounding box -->  23.714806,      35.557465, 1.4123567,
                                           -23.714808,     -11.854738, 0.3514998,
                     <!-- center       -->  -2.6358944e-6,  11.851364, 0.8819263,
                     <!-- radius       --> 23.720623
                  </VMeshRef>
               </VMeshPart>
            </Level1>
            <Switch2 type="float array" count="3">
               0,
               100,
               1000000
            </Switch2>
         </MultiLevel>
      </doorC_lod1021202144406.3db>
      <Exporter_Version name="Exporter Version" type="text">Nov  5 2002 11:41:55</Exporter_Version>
      <military_icebase1_lod1021202144406.3db>
         <Hardpoints>
            <Fixed>
               <HpDockCamA>
                  <Orientation type="Matrix">
                       0.9419667700,  -0.2266119700,   0.2476804400,
                       0.1464995100,   0.9413138000,   0.3040825700,
                      -0.3020537800,  -0.2501506200,   0.9198848600
                  </Orientation>
                  <Position type="Vector">194.37448, 17.758362, 392.03705</Position>
               </HpDockCamA>
               <HpDockCamB>
                  <Orientation type="Matrix">
                      -0.3755074400,   0.3528689400,   0.8570167400,
                      -0.0788817630,   0.9091626400,  -0.4089021400,
                      -0.9234564900,  -0.2211487700,  -0.3135624200
                  </Orientation>
                  <Position type="Vector">239.45808, -196.14856, -217.66144</Position>
               </HpDockCamB>
               <HpDockCamC>
                  <Orientation type="Matrix">
                       0.7335135900,   0.1515783500,  -0.6625570100,
                     -352.88883e-06,   0.9748995900,   0.2226447200,
                       0.6796746900,  -0.1630791100,   0.7151556000
                  </Orientation>
                  <Position type="Vector">-376.31091, 136.22092, 155.65935</Position>
               </HpDockCamC>
               <HpDockMountA>
                  <Orientation type="Matrix">
                       0.8216248800,  -0.0788149680,   0.5645536200,
                       0.0544775310,   0.9967188800,   0.0598637130,
                      -0.5674194100,  -0.0184300260,   0.8232227000
                  </Orientation>
                  <Position type="Vector">113.90228, -47.135719, 148.18359</Position>
               </HpDockMountA>
               <HpDockMountB>
                  <Orientation type="Matrix">
                      -0.6787733400,   0.2497846200,   0.6905609400,
                      -0.0024539905,   0.9395963000,  -0.3422759500,
                      -0.7343437700,  -0.2340224200,  -0.6371599400
                  </Orientation>
                  <Position type="Vector">53.454105, -110.84074, -142.64214</Position>
               </HpDockMountB>
               <HpDockMountC>
                  <Orientation type="Matrix">
                       0.1955988900,   0.1697838000,  -0.9658750300,
                      698.00834e-06,   0.9848749600,   0.1732650100,
                       0.9806837400,  -0.0345646330,   0.1925219400
                  </Orientation>
                  <Position type="Vector">-188.46002, 78.885674, 28.067598</Position>
               </HpDockMountC>
               <HpDockMountD>
                  <Orientation type="Matrix">
                      -0.6061610600,   0.1137688500,  -0.7871629000,
                       0.0027596271,   0.9900112200,   0.1409615100,
                       0.7953371400,   0.0832731050,  -0.6004202400
                  </Orientation>
                  <Position type="Vector">-255.54472, 161.87016, 28.094797</Position>
               </HpDockMountD>
               <HpDockMountE>
                  <Orientation type="Matrix">
                       0.5400531300,   0.1171623200,  -0.8334360100,
                       0.0027596201,   0.9900112200,   0.1409614500,
                       0.8416264100,  -0.0784266440,   0.5343353200
                  </Orientation>
                  <Position type="Vector">-248.77274, 161.87018, 57.003338</Position>
               </HpDockMountE>
               <HpDockMountF>
                  <Orientation type="Matrix">
                       0.9455185500,  6.7716455e-09,  -0.3255681700,
                     -13.437062e-09,   1.0000000000, -18.224590e-09,
                       0.3255681700,  21.606370e-09,   0.9455185500
                  </Orientation>
                  <Position type="Vector">-63.804527, 8.5319376, 245.92787</Position>
               </HpDockMountF>
               <HpDockMountG>
                  <Orientation type="Matrix">
                       0.6819983100, -9.4271151e-09,  -0.7313537600,
                     -697.63362e-12,   1.0000000000, -13.540506e-09,
                       0.7313537600,  9.7448192e-09,   0.6819983100
                  </Orientation>
                  <Position type="Vector">-199.4476, 8.5319405, 177.38029</Position>
               </HpDockMountG>
               <HpDockMountH>
                  <Orientation type="Matrix">
                      59.604645e-09, -44.703484e-09,   1.0000000000,
                      14.901175e-09,   1.0000000000,  44.703484e-09,
                      -1.0000000000,  14.901172e-09,  59.604645e-09
                  </Orientation>
                  <Position type="Vector">245.57092, 8.5319481, 29.864569</Position>
               </HpDockMountH>
               <HpDockMountI>
                  <Orientation type="Matrix">
                      -0.5150380100, -17.925869e-09,   0.8571673600,
                     -56.514828e-09,   1.0000000000, -13.044613e-09,
                      -0.8571673600, -55.161138e-09,  -0.5150380100
                  </Orientation>
                  <Position type="Vector">193.05966, 8.5319481, -120.75946</Position>
               </HpDockMountI>
               <HpDockMountJ>
                  <Orientation type="Matrix">
                      -0.8660254500, -34.953665e-09,  -0.5000000000,
                      3.3180327e-09,   1.0000000000, -75.654334e-09,
                       0.5000000000, -67.177595e-09,  -0.8660254500
                  </Orientation>
                  <Position type="Vector">-141.28557, 8.5319309, -217.24657</Position>
               </HpDockMountJ>
               <HpDockPointA01>
                  <Orientation type="Matrix">
                       0.8216248800,  -0.0788148420,   0.5645536200,
                       0.0544774570,   0.9967188800,   0.0598635970,
                      -0.5674194100,  -0.0184299760,   0.8232226400
                  </Orientation>
                  <Position type="Vector">146.65706, -43.610294, 195.99483</Position>
               </HpDockPointA01>
               <HpDockPointA02>
                  <Orientation type="Matrix">
                       0.8216248800,  -0.0788148720,   0.5645536200,
                       0.0544773940,   0.9967188800,   0.0598637460,
                      -0.5674194100,  -0.0184301320,   0.8232226400
                  </Orientation>
                  <Position type="Vector">251.41794, -32.384235, 348.3512</Position>
               </HpDockPointA02>
               <HpDockPointB01>
                  <Orientation type="Matrix">
                      -0.6787732800,   0.2497845400,   0.6905610000,
                      -0.0024539887,   0.9395963000,  -0.3422758300,
                      -0.7343437700,  -0.2340223200,  -0.6371599400
                  </Orientation>
                  <Position type="Vector">93.641922, -130.75919, -179.51276</Position>
               </HpDockPointB01>
               <HpDockPointB02>
                  <Orientation type="Matrix">
                      -0.6787733400,   0.2497843800,   0.6905610600,
                      -0.0024541088,   0.9395963500,  -0.3422757400,
                      -0.7343437700,  -0.2340223500,  -0.6371599400
                  </Orientation>
                  <Position type="Vector">221.22992, -193.70726, -296.65579</Position>
               </HpDockPointB02>
               <HpDockPointC01>
                  <Orientation type="Matrix">
                       0.1955989700,   0.1697838600,  -0.9658749700,
                      698.01923e-06,   0.9848749600,   0.1732650700,
                       0.9806837400,  -0.0345646700,   0.1925220300
                  </Orientation>
                  <Position type="Vector">-244.498, 88.973465, 39.435986</Position>
               </HpDockPointC01>
               <HpDockPointC02>
                  <Orientation type="Matrix">
                       0.1955989000,   0.1697839200,  -0.9658749700,
                      698.02260e-06,   0.9848749600,   0.1732651400,
                       0.9806837400,  -0.0345646740,   0.1925219300
                  </Orientation>
                  <Position type="Vector">-470.73206, 129.78671, 85.390945</Position>
               </HpDockPointC02>
               <HpDockPointD01>
                  <Orientation type="Matrix">
                      -0.6061610600,   0.1137688500,  -0.7871629000,
                       0.0027596271,   0.9900112200,   0.1409615100,
                       0.7953371400,   0.0832731050,  -0.6004202400
                  </Orientation>
                  <Position type="Vector">-452.2113, 197.0883, -121.91555</Position>
               </HpDockPointD01>
               <HpDockPointD02>
                  <Orientation type="Matrix">
                      -0.6061610600,   0.1137688500,  -0.7871629000,
                       0.0027596271,   0.9900112200,   0.1409615100,
                       0.7953371400,   0.0832731050,  -0.6004202400
                  </Orientation>
                  <Position type="Vector">-492.6225, 204.32497, -152.73979</Position>
               </HpDockPointD02>
               <HpDockPointE01>
                  <Orientation type="Matrix">
                       0.5400531300,   0.1171623200,  -0.8334360100,
                       0.0027596201,   0.9900112200,   0.1409614500,
                       0.8416264100,  -0.0784266440,   0.5343353200
                  </Orientation>
                  <Position type="Vector">-457.00031, 197.08829, 190.5029</Position>
               </HpDockPointE01>
               <HpDockPointE02>
                  <Orientation type="Matrix">
                       0.5400531300,   0.1171623200,  -0.8334360100,
                       0.0027596201,   0.9900112200,   0.1409614500,
                       0.8416264100,  -0.0784266440,   0.5343353200
                  </Orientation>
                  <Position type="Vector">-499.78705, 204.32494, 217.93446</Position>
               </HpDockPointE02>
               <HpDockPointF01>
                  <Orientation type="Matrix">
                       0.9455185500,  6.7716455e-09,  -0.3255681700,
                     -13.437062e-09,   1.0000000000, -18.224590e-09,
                       0.3255681700,  21.606370e-09,   0.9455185500
                  </Orientation>
                  <Position type="Vector">-161.80684, 8.5319338, 530.54718</Position>
               </HpDockPointF01>
               <HpDockPointF02>
                  <Orientation type="Matrix">
                       0.9455185500,  6.7716455e-09,  -0.3255681700,
                     -13.437062e-09,   1.0000000000, -18.224590e-09,
                       0.3255681700,  21.606370e-09,   0.9455185500
                  </Orientation>
                  <Position type="Vector">-178.39474, 8.5319328, 578.72192</Position>
               </HpDockPointF02>
               <HpDockPointG01>
                  <Orientation type="Matrix">
                       0.6819983100, -9.4271151e-09,  -0.7313537600,
                     -697.63362e-12,   1.0000000000, -13.540506e-09,
                       0.7313537600,  9.7448192e-09,   0.6819983100
                  </Orientation>
                  <Position type="Vector">-419.47882, 8.5319366, 382.56268</Position>
               </HpDockPointG01>
               <HpDockPointG02>
                  <Orientation type="Matrix">
                       0.6819983100, -9.4271151e-09,  -0.7313537600,
                     -697.63362e-12,   1.0000000000, -13.540506e-09,
                       0.7313537600,  9.7448192e-09,   0.6819983100
                  </Orientation>
                  <Position type="Vector">-457.21268, 8.5319366, 417.75006</Position>
               </HpDockPointG02>
               <HpDockPointH01>
                  <Orientation type="Matrix">
                      59.604645e-09, -44.703484e-09,   1.0000000000,
                      14.901175e-09,   1.0000000000,  44.703484e-09,
                      -1.0000000000,  14.901172e-09,  59.604645e-09
                  </Orientation>
                  <Position type="Vector">545.30359, 8.5319662, 29.864578</Position>
               </HpDockPointH01>
               <HpDockPointH02>
                  <Orientation type="Matrix">
                      59.604645e-09, -44.703484e-09,   1.0000000000,
                      14.901175e-09,   1.0000000000,  44.703484e-09,
                      -1.0000000000,  14.901172e-09,  59.604645e-09
                  </Orientation>
                  <Position type="Vector">595.41876, 8.5319691, 29.86458</Position>
               </HpDockPointH02>
               <HpDockPointI01>
                  <Orientation type="Matrix">
                      -0.5150380100, -17.925869e-09,   0.8571673600,
                     -56.514828e-09,   1.0000000000, -13.044613e-09,
                      -0.8571673600, -55.161138e-09,  -0.5150380100
                  </Orientation>
                  <Position type="Vector">451.39679, 8.531949, -275.98401</Position>
               </HpDockPointI01>
               <HpDockPointI02>
                  <Orientation type="Matrix">
                      -0.5150380100, -17.925869e-09,   0.8571673600,
                     -56.514828e-09,   1.0000000000, -13.044613e-09,
                      -0.8571673600, -55.161138e-09,  -0.5150380100
                  </Orientation>
                  <Position type="Vector">494.52399, 8.53195, -301.89743</Position>
               </HpDockPointI02>
               <HpDockPointJ01>
                  <Orientation type="Matrix">
                      -0.8660254500, -34.953665e-09,  -0.5000000000,
                      3.3180327e-09,   1.0000000000, -75.654334e-09,
                       0.5000000000, -67.177595e-09,  -0.8660254500
                  </Orientation>
                  <Position type="Vector">-291.58289, 8.5319147, -477.56915</Position>
               </HpDockPointJ01>
               <HpDockPointJ02>
                  <Orientation type="Matrix">
                      -0.8660254500, -34.953665e-09,  -0.5000000000,
                      3.3180327e-09,   1.0000000000, -75.654334e-09,
                       0.5000000000, -67.177595e-09,  -0.8660254500
                  </Orientation>
                  <Position type="Vector">-317.04144, 8.5319099, -521.66461</Position>
               </HpDockPointJ02>
               <HpLaunchCamA>
                  <Orientation type="Matrix">
                      -0.8213385900,   0.0846826360,  -0.5641202900,
                      -0.0534931570,   0.9731280800,   0.2239647200,
                       0.5679272400,   0.2141274500,  -0.7947377600
                  </Orientation>
                  <Position type="Vector">94.291565, -31.700537, 121.63056</Position>
               </HpLaunchCamA>
               <HpLaunchCamB>
                  <Orientation type="Matrix">
                       0.6806486800,   0.3443427700,  -0.6466416700,
                      -0.0014874412,   0.8833024500,   0.4688011700,
                       0.7326085000,  -0.3181270700,   0.6017308200
                  </Orientation>
                  <Position type="Vector">35.414906, -85.587318, -125.55765</Position>
               </HpLaunchCamB>
               <HpLaunchCamC>
                  <Orientation type="Matrix">
                      -0.2046266200,  -0.0404656010,   0.9780033200,
                      -0.0021478869,   0.9991613000,   0.0408916290,
                      -0.9788377300,   0.0062668752,  -0.2045419200
                  </Orientation>
                  <Position type="Vector">-154.17183, 86.15947, 21.295061</Position>
               </HpLaunchCamC>
               <HpRunningLight01>
                  <Orientation type="Matrix">
                      -0.3011457600,  -0.9369131900,  -0.1774961200,
                      -0.7370870700,   0.3468017900,  -0.5800268700,
                       0.6049907800,  -0.0438425350,  -0.7950245100
                  </Orientation>
                  <Position type="Vector">-222.63925, 177.79819, -6.1850581</Position>
               </HpRunningLight01>
               <HpRunningLight02>
                  <Orientation type="Matrix">
                      -0.4883982800,  -0.8715785700,  -0.0426363460,
                      -0.7260330900,   0.3787637400,   0.5739460000,
                      -0.4840899400,   0.3112696400,  -0.8177824600
                  </Orientation>
                  <Position type="Vector">-211.04694, 171.82332, 75.73069</Position>
               </HpRunningLight02>
               <HpRunningLight03>
                  <Orientation type="Matrix">
                       0.0296571760,  -0.9361028100,   0.3504739700,
                       0.8375176200,   0.2146604200,   0.5024790800,
                      -0.5456049400,   0.2786259900,   0.7903688000
                  </Orientation>
                  <Position type="Vector">-209.83475, 37.833813, 73.210739</Position>
