<?xml version="1.0" encoding="ISO-8859-1"?>
<!-- XML generated by UTFXML Version 2.2 built 19-Aug-2010 -->
<UTFXML filename="miningbase_fragb.cmp" path="SOLAR\DOCKABLE">
   <UTF_ROOT>
      <VMeshLibrary>
         <data.solar.dockable.miningbase_fragb.lod0-112.vms include="miningbase_fragb_cmp\lod0-112.vms.xml"/>
         <data.solar.dockable.miningbase_fragb.lod0-212.vms include="miningbase_fragb_cmp\lod0-212.vms.xml"/>
         <data.solar.dockable.miningbase_fragb.lod1-112.vms include="miningbase_fragb_cmp\lod1-112.vms.xml"/>
         <data.solar.dockable.miningbase_fragb.lod1-212.vms include="miningbase_fragb_cmp\lod1-212.vms.xml"/>
      </VMeshLibrary>
      <Animation>
         <Script>
            <Sc_open_dockA name="Sc_open dockA">
               <Joint_map_0 name="Joint map 0">
                  <Channel>
                     <Header type="Header">
                        <!-- count    --> 2,
                        <!-- interval --> Explicit,
                        <!-- flags    --> 0x1
                     </Header>
                     <Frames type="Frames" count="2">
                          0.0000000000:     0.0000000000
                          3.3333335000:    43.6902850000
                     </Frames>
                  </Channel>
                  <Child_name name="Child name" type="text">doorA_lod1</Child_name>
                  <Parent_name name="Parent name" type="text">dockA_lod1</Parent_name>
               </Joint_map_0>
            </Sc_open_dockA>
            <Sc_open_dockB name="Sc_open dockB">
               <Joint_map_0 name="Joint map 0">
                  <Channel>
                     <Header type="Header">
                        <!-- count    --> 2,
                        <!-- interval --> Explicit,
                        <!-- flags    --> 0x1
                     </Header>
                     <Frames type="Frames" count="2">
                          0.0000000000:     0.0000000000
                          3.3333335000:    43.6902890000
                     </Frames>
                  </Channel>
                  <Child_name name="Child name" type="text">doorB_lod1</Child_name>
                  <Parent_name name="Parent name" type="text">dockB_lod1</Parent_name>
               </Joint_map_0>
            </Sc_open_dockB>
         </Script>
      </Animation>
      <Cmpnd>
         <Cons>
            <Fix type="Fix" count="2">
               <part>
                  <!-- parent      --> "Root",
                  <!-- child       --> "dockA_lod1",
                  <!-- position    --> -36.594906, -27.177254, 6.7869568,
                  <!-- orientation -->   0.9492752600,  -0.3144146800,  -0.0044643991,
                                         0.3144425700,   0.9490980500,   0.0184062790,
                                        -0.0015500520,  -0.0188764200,   0.9998206500
               </part>
               <part>
                  <!-- parent      --> "Root",
                  <!-- child       --> "dockB_lod1",
                  <!-- position    --> 57.065311, -4.8062501, 0.87096363,
                  <!-- orientation -->  -0.7255775300,   0.6311501900,   0.2742018400,
                                         0.6602411300,   0.7508162300,   0.0188851410,
                                        -0.1939558200,   0.1947419800,  -0.9614867000
               </part>
            </Fix>
            <Pris type="Rev" count="2">
               <part>
                  <!-- parent      --> "dockA_lod1",
                  <!-- child       --> "doorA_lod1",
                  <!-- position    --> -33.283691, 11.968577, 0.14220932,
                  <!-- offset      --> 0, 0, 0,
                  <!-- orientation -->  -0.0046871328,  -0.0091131954,   0.9999474900,
                                        -0.0189854630,  -0.9997774400,  -0.0092006372,
                                         0.9998087900,  -0.0190275910,   0.0045130714,
                  <!-- axis        -->   0.0091130603,   0.9997774400,   0.0190276110,
                  <!-- min, max    --> 0, 43.690285
               </part>
               <part>
                  <!-- parent      --> "dockB_lod1",
                  <!-- child       --> "doorB_lod1",
                  <!-- position    --> -33.283684, 11.968589, 0.14221017,
                  <!-- offset      --> 0, 0, 0,
                  <!-- orientation -->  -0.0046871193,  -0.0091134477,   0.9999474900,
                                        -0.0189854740,  -0.9997774400,  -0.0092008896,
                                         0.9998087900,  -0.0190276040,   0.0045130528,
                  <!-- axis        -->   0.0091130501,   0.9997774400,   0.0190276190,
                  <!-- min, max    --> 0, 43.690289
               </part>
            </Pris>
         </Cons>
         <Part_dockA_lod1>
            <File_name name="File name" type="text">dockA_lod1030103114944.3db</File_name>
            <Index type="int">1</Index>
            <Object_name name="Object name" type="text">dockA_lod1</Object_name>
         </Part_dockA_lod1>
         <Part_dockB_lod1>
            <File_name name="File name" type="text">dockB_lod1030103114944.3db</File_name>
            <Index type="int">3</Index>
            <Object_name name="Object name" type="text">dockB_lod1</Object_name>
         </Part_dockB_lod1>
         <Part_doorA_lod1>
            <File_name name="File name" type="text">doorA_lod1030103114944.3db</File_name>
            <Index type="int">2</Index>
            <Object_name name="Object name" type="text">doorA_lod1</Object_name>
         </Part_doorA_lod1>
         <Part_doorB_lod1>
            <File_name name="File name" type="text">doorB_lod1030103114944.3db</File_name>
            <Index type="int">4</Index>
            <Object_name name="Object name" type="text">doorB_lod1</Object_name>
         </Part_doorB_lod1>
         <Root>
            <File_name name="File name" type="text">miningbase_fragB_lod1030103114944.3db</File_name>
            <Index type="int">0</Index>
            <Object_name name="Object name" type="text">Root</Object_name>
         </Root>
      </Cmpnd>
      <dockA_lod1030103114944.3db>
         <VMeshWire include="miningbase_fragb_cmp\dockA_lod1.vwd.xml"/>
         <MultiLevel>
            <Level0>
               <VMeshPart>
                  <VMeshRef type="VMeshRef">
                     <!-- header size  --> 60,
                     <!-- vmesh lib    --> data.solar.dockable.miningbase_fragb.lod0-212.vms,
                     <!-- start vert   --> 856,
                     <!-- num verts    --> 571,
                     <!-- start index  --> 1110,
                     <!-- num indices  --> 771,
                     <!-- start mesh   --> 1,
                     <!-- num meshes   --> 6,
                     <!-- bounding box -->  39.872257,  61.092552,  27.893583,
                                           -64.881531, -27.892418, -27.893574,
                     <!-- center       --> -11.384069,  17.888384,  -2.3430107,
                     <!-- radius       --> 65.992737
                  </VMeshRef>
               </VMeshPart>
            </Level0>
            <Level1>
               <VMeshPart>
                  <VMeshRef type="VMeshRef">
                     <!-- header size  --> 60,
                     <!-- vmesh lib    --> data.solar.dockable.miningbase_fragb.lod1-212.vms,
                     <!-- start vert   --> 850,
                     <!-- num verts    --> 138,
                     <!-- start index  --> 1104,
                     <!-- num indices  --> 210,
                     <!-- start mesh   --> 1,
                     <!-- num meshes   --> 2,
                     <!-- bounding box -->  39.872257,  61.092552,  27.893583,
                                           -64.881531, -27.892418, -27.893574,
                     <!-- center       --> -11.384069,  17.888384,  -2.3430107,
                     <!-- radius       --> 65.992737
                  </VMeshRef>
               </VMeshPart>
            </Level1>
            <Switch2 type="float array" count="3">
               0,
               100,
               1000000
            </Switch2>
         </MultiLevel>
      </dockA_lod1030103114944.3db>
      <dockB_lod1030103114944.3db>
         <VMeshWire include="miningbase_fragb_cmp\dockB_lod1.vwd.xml"/>
         <MultiLevel>
            <Level0>
               <VMeshPart>
                  <VMeshRef type="VMeshRef">
                     <!-- header size  --> 60,
                     <!-- vmesh lib    --> data.solar.dockable.miningbase_fragb.lod0-112.vms,
                     <!-- start vert   --> 264,
                     <!-- num verts    --> 144,
                     <!-- start index  --> 384,
                     <!-- num indices  --> 252,
                     <!-- start mesh   --> 2,
                     <!-- num meshes   --> 1,
                     <!-- bounding box -->  39.872253,    27.892395,   27.893579,
                                           -39.872242,   -27.892422,  -27.893574,
                     <!-- center       -->   0.14929296,   1.9636734,   0.20137605,
                     <!-- radius       --> 47.747829
                  </VMeshRef>
               </VMeshPart>
            </Level0>
            <Level1>
               <VMeshPart>
                  <VMeshRef type="VMeshRef">
                     <!-- header size  --> 60,
                     <!-- vmesh lib    --> data.solar.dockable.miningbase_fragb.lod1-112.vms,
                     <!-- start vert   --> 96,
                     <!-- num verts    --> 54,
                     <!-- start index  --> 192,
                     <!-- num indices  --> 108,
                     <!-- start mesh   --> 2,
                     <!-- num meshes   --> 1,
                     <!-- bounding box -->  39.872253,    27.892395,   27.893579,
                                           -39.872242,   -27.892422,  -27.893574,
                     <!-- center       -->   0.14929296,   1.9636734,   0.20137605,
                     <!-- radius       --> 47.747829
                  </VMeshRef>
               </VMeshPart>
            </Level1>
            <Switch2 type="float array" count="3">
               0,
               100,
               1000000
            </Switch2>
         </MultiLevel>
      </dockB_lod1030103114944.3db>
      <doorA_lod1030103114944.3db>
         <VMeshWire include="miningbase_fragb_cmp\doorA_lod1.vwd.xml"/>
         <MultiLevel>
            <Level0>
               <VMeshPart>
                  <VMeshRef type="VMeshRef">
                     <!-- header size  --> 60,
                     <!-- vmesh lib    --> data.solar.dockable.miningbase_fragb.lod0-112.vms,
                     <!-- start vert   --> 0,
                     <!-- num verts    --> 144,
                     <!-- start index  --> 0,
                     <!-- num indices  --> 192,
                     <!-- start mesh   --> 0,
                     <!-- num meshes   --> 1,
                     <!-- bounding box -->   23.714808,    35.557468, 1.4123614,
                                            -23.714806,   -11.854733, 0.35150433,
                     <!-- center       --> -726.41768e-9,  11.851368, 0.88193083,
                     <!-- radius       --> 23.720623
                  </VMeshRef>
               </VMeshPart>
            </Level0>
            <Level1>
               <VMeshPart>
                  <VMeshRef type="VMeshRef">
                     <!-- header size  --> 60,
                     <!-- vmesh lib    --> data.solar.dockable.miningbase_fragb.lod1-112.vms,
                     <!-- start vert   --> 0,
                     <!-- num verts    --> 48,
                     <!-- start index  --> 0,
                     <!-- num indices  --> 96,
                     <!-- start mesh   --> 0,
                     <!-- num meshes   --> 1,
                     <!-- bounding box -->   23.714808,    35.557468, 1.4123614,
                                            -23.714806,   -11.854733, 0.35150433,
                     <!-- center       --> -726.41768e-9,  11.851368, 0.88193083,
                     <!-- radius       --> 23.720623
                  </VMeshRef>
               </VMeshPart>
            </Level1>
            <Switch2 type="float array" count="3">
               0,
               100,
               1000000
            </Switch2>
         </MultiLevel>
      </doorA_lod1030103114944.3db>
      <doorB_lod1030103114944.3db>
         <VMeshWire include="miningbase_fragb_cmp\doorB_lod1.vwd.xml"/>
         <MultiLevel>
            <Level0>
               <VMeshPart>
                  <VMeshRef type="VMeshRef">
                     <!-- header size  --> 60,
                     <!-- vmesh lib    --> data.solar.dockable.miningbase_fragb.lod0-112.vms,
                     <!-- start vert   --> 144,
                     <!-- num verts    --> 120,
                     <!-- start index  --> 192,
                     <!-- num indices  --> 192,
                     <!-- start mesh   --> 1,
                     <!-- num meshes   --> 1,
                     <!-- bounding box -->  23.714798,      35.55748,  1.4123621,
                                           -23.7148,       -11.854731, 0.35150537,
                     <!-- center       -->  -2.6390358e-6,  11.851374, 0.88193178,
                     <!-- radius       --> 23.720615
                  </VMeshRef>
               </VMeshPart>
            </Level0>
            <Level1>
               <VMeshPart>
                  <VMeshRef type="VMeshRef">
                     <!-- header size  --> 60,
                     <!-- vmesh lib    --> data.solar.dockable.miningbase_fragb.lod1-112.vms,
                     <!-- start vert   --> 48,
                     <!-- num verts    --> 48,
                     <!-- start index  --> 96,
                     <!-- num indices  --> 96,
                     <!-- start mesh   --> 1,
                     <!-- num meshes   --> 1,
                     <!-- bounding box -->  23.714798,      35.55748,  1.4123621,
                                           -23.7148,       -11.854731, 0.35150537,
                     <!-- center       -->  -2.6390358e-6,  11.851374, 0.88193178,
                     <!-- radius       --> 23.720615
                  </VMeshRef>
               </VMeshPart>
            </Level1>
            <Switch2 type="float array" count="3">
               0,
               100,
               1000000
            </Switch2>
         </MultiLevel>
      </doorB_lod1030103114944.3db>
      <Exporter_Version name="Exporter Version" type="text">Nov  5 2002 11:41:55</Exporter_Version>
      <miningbase_fragB_lod1030103114944.3db>
         <Hardpoints>
            <Fixed>
               <HpDockCamA>
                  <Orientation type="Matrix">
                       0.5788669000,  -0.2615749500,  -0.7723287300,
                       0.2710722700,   0.9550148200,  -0.1202767600,
                       0.7690467800,  -0.1397326600,   0.6237322100
                  </Orientation>
                  <Position type="Vector">-147.2505, -58.275097, 63.677673</Position>
               </HpDockCamA>
               <HpDockCamB>
                  <Orientation type="Matrix">
                       0.4478142900,   0.6673799200,   0.5950348400,
                      -0.4524219900,   0.7431409400,  -0.4930069400,
                      -0.7712177000,  -0.0484312920,   0.6347264600
                  </Orientation>
                  <Position type="Vector">136.96431, -76.459946, 63.887615</Position>
               </HpDockCamB>
               <HpDockMountA>
                  <Orientation type="Matrix">
                      -0.0212424710,  -0.3063065100,  -0.9516959200,
                       0.0644753280,   0.9495094400,  -0.3070419100,
                       0.9976931800,  -0.0678832380, -420.71589e-06
                  </Orientation>
                  <Position type="Vector">-29.879169, -37.653248, 7.4750848</Position>
               </HpDockMountA>
               <HpDockMountB>
                  <Orientation type="Matrix">
                       0.2349919700,   0.6404359300,   0.7311775100,
                      -0.0318712290,   0.7569147300,  -0.6527360100,
                      -0.9714746500,   0.1300841900,   0.1982803600
                  </Orientation>
                  <Position type="Vector">46.948925, -12.282398, -1.6969146</Position>
               </HpDockMountB>
               <HpDockMountC>
                  <Orientation type="Matrix">
                       0.0174524190,   0.0000000000,  -0.9998477100,
                       0.0000000000,   1.0000000000,   0.0000000000,
                       0.9998477100,   0.0000000000,   0.0174524190
                  </Orientation>
                  <Position type="Vector">-124.16154, 150, 5.6148882</Position>
               </HpDockMountC>
               <HpDockPointA01>
                  <Orientation type="Matrix">
                      -0.0212424710,  -0.3063065100,  -0.9516959200,
                       0.0644753280,   0.9495094400,  -0.3070419100,
                       0.9976931800,  -0.0678832380, -420.71589e-06
                  </Orientation>
                  <Position type="Vector">-85.109787, -55.564373, 7.4566255</Position>
               </HpDockPointA01>
               <HpDockPointA02>
                  <Orientation type="Matrix">
                      -0.0212424710,  -0.3063065100,  -0.9516959200,
                       0.0644753280,   0.9495094400,  -0.3070419100,
                       0.9976931800,  -0.0678832380, -420.71589e-06
                  </Orientation>
                  <Position type="Vector">-116.50211, -65.926369, 7.4578733</Position>
               </HpDockPointA02>
               <HpDockPointB01>
                  <Orientation type="Matrix">
                       0.2349919700,   0.6404359300,   0.7311775100,
                      -0.0318712290,   0.7569147300,  -0.6527360100,
                      -0.9714746500,   0.1300841900,   0.1982803600
                  </Orientation>
                  <Position type="Vector">89.609764, -49.936985, 9.8577299</Position>
               </HpDockPointB01>
               <HpDockPointB02>
                  <Orientation type="Matrix">
                       0.2349919700,   0.6404359300,   0.7311775100,
                      -0.0318712290,   0.7569147300,  -0.6527360100,
                      -0.9714746500,   0.1300841900,   0.1982803600
                  </Orientation>
                  <Position type="Vector">113.78063, -71.514809, 16.412376</Position>
               </HpDockPointB02>
               <HpDockPointC01>
                  <Orientation type="Matrix">
                       0.0174524190,   0.0000000000,  -0.9998477100,
                       0.0000000000,   1.0000000000,   0.0000000000,
                       0.9998477100,   0.0000000000,   0.0174524190
                  </Orientation>
                  <Position type="Vector">-374.40308, 150, 4.5988421</Position>
               </HpDockPointC01>
               <HpDockPointC02>
                  <Orientation type="Matrix">
                       0.0174524190,   0.0000000000,  -0.9998477100,
                       0.0000000000,   1.0000000000,   0.0000000000,
                       0.9998477100,   0.0000000000,   0.0174524190
                  </Orientation>
                  <Position type="Vector">-425.11185, 150, 4.392951</Position>
               </HpDockPointC02>
               <HpLaunchCamA>
                  <Orientation type="Matrix">
                       0.0488817280,  -0.3925916600,   0.9184129800,
                      -0.0660496350,   0.9162288900,   0.3951734900,
                      -0.9966182700,  -0.0799776090,   0.0188563150
                  </Orientation>
                  <Position type="Vector">-7.4731441, -14.643765, 7.5415859</Position>
               </HpLaunchCamA>
               <HpLaunchCamB>
                  <Orientation type="Matrix">
                      -0.2240237900,   0.8492366700,  -0.4781321900,
                       0.0139861160,   0.4933523800,   0.8697170600,
                       0.9744833100,   0.1881500900,  -0.1224002000
                  </Orientation>
                  <Position type="Vector">37.059135, 19.428764, -2.9857593</Position>
               </HpLaunchCamB>
               <HpRunningLight01>
                  <Orientation type="Matrix">
                       0.2167355700,  -0.9368694400,   0.2744108100,
                      -0.7399651400,  -0.3410075300,  -0.5797977400,
                       0.6367709600,  -0.0773916390,  -0.7671592200
                  </Orientation>
                  <Position type="Vector">-81.891602, -11.321588, -16.974257</Position>
               </HpRunningLight01>
               <HpRunningLight02>
                  <Orientation type="Matrix">
                       0.2003867900,  -0.9496741300,  -0.2407574100,
                      -0.8302463300,  -0.2950716000,   0.4728888300,
                      -0.5201309300,   0.1051272700,  -0.8475918800
                  </Orientation>
                  <Position type="Vector">-83.799026, -11.101727, 27.538893</Position>
               </HpRunningLight02>
               <HpRunningLight03>
                  <Orientation type="Matrix">
                      -0.3402986200,  -0.9396309900,  -0.0359224860,
                       0.7366818200,  -0.2901504000,   0.6108294700,
                      -0.5843772300,   0.1814009800,   0.7909468400
                  </Orientation>
                  <Position type="Vector">-62.737801, -61.568726, 29.466921</Position>
               </HpRunningLight03>
               <HpRunningLight04>
                  <Orientation type="Matrix">
                      -0.2960744800,  -0.9500731800,   0.0984928610,
                       0.8480051200,  -0.3089117400,  -0.4306517200,
                       0.4395762400,  -0.0439825320,   0.8971278100
                  </Orientation>
                  <Position type="Vector">-63.046444, -63.672459, -19.707705</Position>
               </HpRunningLight04>
               <HpRunningLight05>
                  <Orientation type="Matrix">
                      -0.0680652780,  -0.9500731200,   0.3045130400,
                       0.0676144290,  -0.3089119200,  -0.9486842200,
                       0.9953870800,  -0.0439829790,   0.0852648240
                  </Orientation>
                  <Position type="Vector">-111.68597, 30.287006, 1.016093</Position>
               </HpRunningLight05>
               <HpRunningLight06>
                  <Orientation type="Matrix">
                       0.0041207247,  -0.0022053397,   0.9999890900,
                      -0.0267351510,   0.9996398700,   0.0023147392,
                      -0.9996340900,  -0.0267443950,   0.0040602805
                  </Orientation>
                  <Position type="Vector">-119.09106, 43.123653, 8.9652891</Position>
               </HpRunningLight06>
               <HpRunningLight07>
                  <Orientation type="Matrix">
                      -0.9996638300,  -0.0256940870,   0.0034648872,
                      -0.0257894470,   0.9991845500,  -0.0310670080,
                      -0.0026638233,  -0.0311459210,  -0.9995113000
                  </Orientation>
                  <Position type="Vector">-34.354767, 51.862473, -99.772118</Position>
               </HpRunningLight07>
               <HpRunningLight08>
                  <Orientation type="Matrix">
                       0.6875388600,   0.7206705200,  -0.0890188290,
                       0.6257493500,  -0.6502064500,  -0.4308936600,
                      -0.3684130000,   0.2405526600,  -0.8980012500
                  </Orientation>
                  <Position type="Vector">56.376335, -45.852219, 29.035374</Position>
               </HpRunningLight08>
               <HpRunningLight09>
                  <Orientation type="Matrix">
                      -0.4398334900,   0.8646017900,   0.2429202800,
                      -0.7612031700,  -0.5024370000,   0.4100327500,
                       0.4765671800,  -0.0045655509,   0.8791261900
                  </Orientation>
                  <Position type="Vector">107.55312, -5.1800456, -12.23173</Position>
               </HpRunningLight09>
               <HpRunningLight11>
                  <Orientation type="Matrix">
                       0.4875842000,   0.7617580300,   0.4265986400,
                       0.5913004300,  -0.6476137000,   0.4805833400,
                       0.6423593200,   0.0179231130,  -0.7661940500
                  </Orientation>
                  <Position type="Vector">66.836288, -50.340809, -15.396965</Position>
               </HpRunningLight11>
               <HpRunningLight12>
                  <Orientation type="Matrix">
                      -0.2427154500,   0.7747139900,  -0.5838728000,
                      -0.7536652100,  -0.5295413100,  -0.3893260100,
                      -0.6108010400,   0.3455491700,   0.7124028800
                  </Orientation>
                  <Position type="Vector">95.892204, -1.375195, 32.761684</Position>
               </HpRunningLight12>
               <HpRunningLight13>
                  <Orientation type="Matrix">
                       0.9999706700,   0.0035298995,   0.0067997011,
                      -0.0035822936,   0.9999638800,   0.0077086100,
                      -0.0067722448,  -0.0077327420,   0.9999471900
                  </Orientation>
                  <Position type="Vector">-6.5342422, 91.728531, -2.8255305</Position>
               </HpRunningLight13>
               <HpRunningLight14>
                  <Orientation type="Matrix">
                       0.9999706700,   0.0035298995,   0.0067997011,
                      -0.0035822936,   0.9999638800,   0.0077086100,
                      -0.0067722448,  -0.0077327420,   0.9999471900
                  </Orientation>
                  <Position type="Vector">98.397034, 62.636467, -39.507076</Position>
               </HpRunningLight14>
               <HpTurret_S2_01>
                  <Orientation type="Matrix">
                      -0.1555478000,  -0.8883907800,   0.4319337000,
                      -0.0103146280,  -0.4357713200,  -0.8999983100,
                       0.9877744900,  -0.1444480000,   0.0586198460
                  </Orientation>
                  <Position type="Vector">-113.84669, 36.673626, -2.8052166</Position>
               </HpTurret_S2_01>
               <HpTurret_S2_02>
                  <Orientation type="Matrix">
                       0.1296282900,  -0.0353417580,   0.9909326400,
                      -0.0274899860,   0.9988523700,   0.0392203070,
                      -0.9911814900,  -0.0323247870,   0.1285079700
                  </Orientation>
                  <Position type="Vector">-24.095871, 90.487556, -3.4371357</Position>
               </HpTurret_S2_02>
               <HpTurret_S2_03>
                  <Orientation type="Matrix">
                      -0.1605040600,   0.6843803500,  -0.7112397600,
                       0.1603708300,   0.7290889600,   0.6653649200,
                       0.9739197500,  -0.0072683375,  -0.2267763800
                  </Orientation>
                  <Position type="Vector">127.91486, 39.40382, 0.30997548</Position>
               </HpTurret_S2_03>
               <HpTurret_S2_04>
                  <Orientation type="Matrix">
                       0.0475570220,  -0.0188599270,  -0.9986904900,
                       0.2931865800,  -0.9555193800,   0.0320060180,
                      -0.9548717100,  -0.2943247600,  -0.0399121790
                  </Orientation>
                  <Position type="Vector">-9.6266718, -141.38744, -18.696117</Position>
               </HpTurret_S2_04>
               <Hp_module01>
                  <Orientation type="Matrix">
                      -0.5602914700,   0.2435329000,   0.7916850400,
                      -0.8125794500,  -0.3469162900,  -0.4683627800,
                       0.1605867000,  -0.9057266700,   0.3922640700
                  </Orientation>
                  <Position type="Vector">-0.16735017, -6.8645668, -87.555573</Position>
               </Hp_module01>
               <Hp_module02>
                  <Orientation type="Matrix">
                       0.6498931100,  -0.0227035790,   0.7596864100,
                      -0.0064804535,   0.9993518600,   0.0354099570,
                      -0.7599979600,  -0.0279358010,   0.6493247700
                  </Orientation>
                  <Position type="Vector">10.905923, 66.164757, -74.562248</Position>
               </Hp_module02>
               <Hp_module03>
                  <Orientation type="Matrix">
                     -796.71678e-06,   0.2929475900,  -0.9561281800,
                      -0.9454743900,  -0.3116274500,  -0.0946915220,
                      -0.3256954300,   0.9039192800,   0.2772227200
                  </Orientation>
                  <Position type="Vector">55.30978, 21.355879, 74.867188</Position>
               </Hp_module03>
            </Fixed>
         </Hardpoints>
         <VMeshWire include="miningbase_fragb_cmp\miningbase_fragB_lod1.vwd.xml"/>
         <MultiLevel>
            <Level0>
               <VMeshPart>
                  <VMeshRef type="VMeshRef">
                     <!-- header size  --> 60,
                     <!-- vmesh lib    --> data.solar.dockable.miningbase_fragb.lod0-212.vms,
                     <!-- start vert   --> 0,
                     <!-- num verts    --> 856,
                     <!-- start index  --> 0,
                     <!-- num indices  --> 1110,
                     <!-- start mesh   --> 0,
                     <!-- num meshes   --> 1,
                     <!-- bounding box -->  139.39268,     91.158524,  109.74986,
                                           -118.78355,   -147.63979,  -101.04164,
                     <!-- center       -->    2.2989488,  -18.020992,    1.4433039,
                     <!-- radius       --> 146.90643
                  </VMeshRef>
               </VMeshPart>
            </Level0>
            <Level1>
               <VMeshPart>
                  <VMeshRef type="VMeshRef">
                     <!-- header size  --> 60,
                     <!-- vmesh lib    --> data.solar.dockable.miningbase_fragb.lod1-212.vms,
                     <!-- start vert   --> 0,
                     <!-- num verts    --> 850,
                     <!-- start index  --> 0,
                     <!-- num indices  --> 1104,
                     <!-- start mesh   --> 0,
                     <!-- num meshes   --> 1,
                     <!-- bounding box -->  139.39268,     91.158524,  109.74986,
                                           -118.78355,   -147.63979,  -101.04164,
                     <!-- center       -->    2.2989488,  -18.020992,    1.4433039,
                     <!-- radius       --> 146.90643
                  </VMeshRef>
               </VMeshPart>
            </Level1>
            <Switch2 type="float array" count="3">
               0,
               100,
               1000000
            </Switch2>
         </MultiLevel>
      </miningbase_fragB_lod1030103114944.3db>
   </UTF_ROOT>
</UTFXML>
