<?xml version="1.0" encoding="ISO-8859-1"?>
<!-- XML generated by UTFXML Version 2.2 built 19-Aug-2010 -->
<UTFXML filename="miningbase_ice_block.cmp" path="SOLAR\DOCKABLE">
   <UTF_ROOT>
      <VMeshLibrary>
         <data.solar.dockable.miningbase_ice_block.lod0-112.vms include="miningbase_ice_block_cmp\lod0-112.vms.xml"/>
         <data.solar.dockable.miningbase_ice_block.lod0-212.vms include="miningbase_ice_block_cmp\lod0-212.vms.xml"/>
         <data.solar.dockable.miningbase_ice_block.lod1-112.vms include="miningbase_ice_block_cmp\lod1-112.vms.xml"/>
         <data.solar.dockable.miningbase_ice_block.lod1-212.vms include="miningbase_ice_block_cmp\lod1-212.vms.xml"/>
      </VMeshLibrary>
      <Animation>
         <Script>
            <Sc_open_dockA name="Sc_open dockA">
               <Joint_map_0 name="Joint map 0">
                  <Channel>
                     <Header type="Header">
                        <!-- count    --> 2,
                        <!-- interval --> Explicit,
                        <!-- flags    --> 0x1
                     </Header>
                     <Frames type="Frames" count="2">
                          0.0000000000:     0.0000000000
                          3.3333335000:    43.6902660000
                     </Frames>
                  </Channel>
                  <Child_name name="Child name" type="text">doorA_lod1</Child_name>
                  <Parent_name name="Parent name" type="text">dockA_lod1</Parent_name>
               </Joint_map_0>
            </Sc_open_dockA>
            <Sc_open_dockB name="Sc_open dockB">
               <Joint_map_0 name="Joint map 0">
                  <Channel>
                     <Header type="Header">
                        <!-- count    --> 2,
                        <!-- interval --> Explicit,
                        <!-- flags    --> 0x1
                     </Header>
                     <Frames type="Frames" count="2">
                          0.0000000000:     0.0000000000
                          3.3333335000:    43.6902660000
                     </Frames>
                  </Channel>
                  <Child_name name="Child name" type="text">doorB_lod1</Child_name>
                  <Parent_name name="Parent name" type="text">dockB_lod1</Parent_name>
               </Joint_map_0>
            </Sc_open_dockB>
         </Script>
      </Animation>
      <Cmpnd>
         <Cons>
            <Fix type="Fix" count="2">
               <part>
                  <!-- parent      --> "Root",
                  <!-- child       --> "dockA_lod1",
                  <!-- position    --> -34.685349, -30.947435, 5.4497681,
                  <!-- orientation -->   0.9430195100,  -0.3313732700,   0.0300995990,
                                         0.3321538900,   0.9428613200,  -0.0261978280,
                                        -0.0196984880,   0.0347027630,   0.9992035000
               </part>
               <part>
                  <!-- parent      --> "Root",
                  <!-- child       --> "dockB_lod1",
                  <!-- position    --> 57.346771, -9.7311249, 0.82776839,
                  <!-- orientation -->  -0.7489237200,   0.6208591500,   0.2316187300,
                                         0.6257401100,   0.7776297900,  -0.0611652400,
                                        -0.2180886300,   0.0991250280,  -0.9708818800
               </part>
            </Fix>
            <Pris type="Rev" count="2">
               <part>
                  <!-- parent      --> "dockA_lod1",
                  <!-- child       --> "doorA_lod1",
                  <!-- position    --> -33.283684, 11.968593, 0.14221044,
                  <!-- offset      --> 0, 0, 0,
                  <!-- orientation -->  -0.0046871263,  -0.0091137951,   0.9999474900,
                                        -0.0189854670,  -0.9997774400,  -0.0092012370,
                                         0.9998087900,  -0.0190275980,   0.0045130532,
                  <!-- axis        -->   0.0091131404,   0.9997774400,   0.0190276000,
                  <!-- min, max    --> 0, 43.690266
               </part>
               <part>
                  <!-- parent      --> "dockB_lod1",
                  <!-- child       --> "doorB_lod1",
                  <!-- position    --> -33.283688, 11.968595, 0.14221038,
                  <!-- offset      --> 0, 0, 0,
                  <!-- orientation -->  -0.0046871216,  -0.0091137998,   0.9999474900,
                                        -0.0189854910,  -0.9997774400,  -0.0092012417,
                                         0.9998087900,  -0.0190276220,   0.0045130481,
                  <!-- axis        -->   0.0091130445,   0.9997774400,   0.0190276910,
                  <!-- min, max    --> 0, 43.690266
               </part>
            </Pris>
         </Cons>
         <Part_dockA_lod1>
            <File_name name="File name" type="text">dockA_lod1021120123322.3db</File_name>
            <Index type="int">1</Index>
            <Object_name name="Object name" type="text">dockA_lod1</Object_name>
         </Part_dockA_lod1>
         <Part_dockB_lod1>
            <File_name name="File name" type="text">dockB_lod1021120123322.3db</File_name>
            <Index type="int">3</Index>
            <Object_name name="Object name" type="text">dockB_lod1</Object_name>
         </Part_dockB_lod1>
         <Part_doorA_lod1>
            <File_name name="File name" type="text">doorA_lod1021120123322.3db</File_name>
            <Index type="int">2</Index>
            <Object_name name="Object name" type="text">doorA_lod1</Object_name>
         </Part_doorA_lod1>
         <Part_doorB_lod1>
            <File_name name="File name" type="text">doorB_lod1021120123322.3db</File_name>
            <Index type="int">4</Index>
            <Object_name name="Object name" type="text">doorB_lod1</Object_name>
         </Part_doorB_lod1>
         <Root>
            <File_name name="File name" type="text">miningbase_ice_block_lod1021120123322.3db</File_name>
            <Index type="int">0</Index>
            <Object_name name="Object name" type="text">Root</Object_name>
         </Root>
      </Cmpnd>
      <dockA_lod1021120123322.3db>
         <VMeshWire include="miningbase_ice_block_cmp\dockA_lod1.vwd.xml"/>
         <MultiLevel>
            <Level0>
               <VMeshPart>
                  <VMeshRef type="VMeshRef">
                     <!-- header size  --> 60,
                     <!-- vmesh lib    --> data.solar.dockable.miningbase_ice_block.lod0-212.vms,
                     <!-- start vert   --> 850,
                     <!-- num verts    --> 577,
                     <!-- start index  --> 1023,
                     <!-- num indices  --> 771,
                     <!-- start mesh   --> 1,
                     <!-- num meshes   --> 6,
                     <!-- bounding box -->  39.872253,  61.544003,  27.893564,
                                           -65.286186, -27.892382, -27.893553,
                     <!-- center       --> -11.535386,  18.036764,  -2.5435569,
                     <!-- radius       --> 66.219933
                  </VMeshRef>
               </VMeshPart>
            </Level0>
            <Level1>
               <VMeshPart>
                  <VMeshRef type="VMeshRef">
                     <!-- header size  --> 60,
                     <!-- vmesh lib    --> data.solar.dockable.miningbase_ice_block.lod1-212.vms,
                     <!-- start vert   --> 853,
                     <!-- num verts    --> 132,
                     <!-- start index  --> 1029,
                     <!-- num indices  --> 210,
                     <!-- start mesh   --> 1,
                     <!-- num meshes   --> 2,
                     <!-- bounding box -->  39.872253,  61.544003,  27.893564,
                                           -65.286186, -27.892382, -27.893553,
                     <!-- center       --> -11.535386,  18.036764,  -2.5435569,
                     <!-- radius       --> 66.219933
                  </VMeshRef>
               </VMeshPart>
            </Level1>
            <Switch2 type="float array" count="3">
               0,
               100,
               1000000
            </Switch2>
         </MultiLevel>
      </dockA_lod1021120123322.3db>
      <dockB_lod1021120123322.3db>
         <VMeshWire include="miningbase_ice_block_cmp\dockB_lod1.vwd.xml"/>
         <MultiLevel>
            <Level0>
               <VMeshPart>
                  <VMeshRef type="VMeshRef">
                     <!-- header size  --> 60,
                     <!-- vmesh lib    --> data.solar.dockable.miningbase_ice_block.lod0-112.vms,
                     <!-- start vert   --> 0,
                     <!-- num verts    --> 138,
                     <!-- start index  --> 0,
                     <!-- num indices  --> 252,
                     <!-- start mesh   --> 0,
                     <!-- num meshes   --> 1,
                     <!-- bounding box -->  39.872257,    27.892397,   27.893568,
                                           -39.872257,   -27.892393,  -27.893559,
                     <!-- center       -->   0.14929011,   1.9636812,   0.20137498,
                     <!-- radius       --> 47.747833
                  </VMeshRef>
               </VMeshPart>
            </Level0>
            <Level1>
               <VMeshPart>
                  <VMeshRef type="VMeshRef">
                     <!-- header size  --> 60,
                     <!-- vmesh lib    --> data.solar.dockable.miningbase_ice_block.lod1-112.vms,
                     <!-- start vert   --> 0,
                     <!-- num verts    --> 54,
                     <!-- start index  --> 0,
                     <!-- num indices  --> 108,
                     <!-- start mesh   --> 0,
                     <!-- num meshes   --> 1,
                     <!-- bounding box -->  39.872257,    27.892397,   27.893568,
                                           -39.872257,   -27.892393,  -27.893559,
                     <!-- center       -->   0.14929011,   1.9636812,   0.20137498,
                     <!-- radius       --> 47.747833
                  </VMeshRef>
               </VMeshPart>
            </Level1>
            <Switch2 type="float array" count="3">
               0,
               100,
               1000000
            </Switch2>
         </MultiLevel>
      </dockB_lod1021120123322.3db>
      <doorA_lod1021120123322.3db>
         <VMeshWire include="miningbase_ice_block_cmp\doorA_lod1.vwd.xml"/>
         <MultiLevel>
            <Level0>
               <VMeshPart>
                  <VMeshRef type="VMeshRef">
                     <!-- header size  --> 60,
                     <!-- vmesh lib    --> data.solar.dockable.miningbase_ice_block.lod0-112.vms,
                     <!-- start vert   --> 138,
                     <!-- num verts    --> 120,
                     <!-- start index  --> 252,
                     <!-- num indices  --> 192,
                     <!-- start mesh   --> 1,
                     <!-- num meshes   --> 1,
                     <!-- bounding box -->  23.714787,      35.557453, 1.4123676,
                                           -23.714787,     -11.854727, 0.35151067,
                     <!-- center       -->  -2.6343264e-6,  11.851362, 0.88193715,
                     <!-- radius       --> 23.720604
                  </VMeshRef>
               </VMeshPart>
            </Level0>
            <Level1>
               <VMeshPart>
                  <VMeshRef type="VMeshRef">
                     <!-- header size  --> 60,
                     <!-- vmesh lib    --> data.solar.dockable.miningbase_ice_block.lod1-112.vms,
                     <!-- start vert   --> 54,
                     <!-- num verts    --> 48,
                     <!-- start index  --> 108,
                     <!-- num indices  --> 96,
                     <!-- start mesh   --> 1,
                     <!-- num meshes   --> 1,
                     <!-- bounding box -->  23.714787,      35.557453, 1.4123676,
                                           -23.714787,     -11.854727, 0.35151067,
                     <!-- center       -->  -2.6343264e-6,  11.851362, 0.88193715,
                     <!-- radius       --> 23.720604
                  </VMeshRef>
               </VMeshPart>
            </Level1>
            <Switch2 type="float array" count="3">
               0,
               100,
               1000000
            </Switch2>
         </MultiLevel>
      </doorA_lod1021120123322.3db>
      <doorB_lod1021120123322.3db>
         <VMeshWire include="miningbase_ice_block_cmp\doorB_lod1.vwd.xml"/>
         <MultiLevel>
            <Level0>
               <VMeshPart>
                  <VMeshRef type="VMeshRef">
                     <!-- header size  --> 60,
                     <!-- vmesh lib    --> data.solar.dockable.miningbase_ice_block.lod0-112.vms,
                     <!-- start vert   --> 258,
                     <!-- num verts    --> 120,
                     <!-- start index  --> 444,
                     <!-- num indices  --> 192,
                     <!-- start mesh   --> 2,
                     <!-- num meshes   --> 1,
                     <!-- bounding box -->  23.714792,      35.557465, 1.4123658,
                                           -23.714792,     -11.854729, 0.35150889,
                     <!-- center       -->  -2.6330695e-6,  11.851367, 0.88193536,
                     <!-- radius       --> 23.72061
                  </VMeshRef>
               </VMeshPart>
            </Level0>
            <Level1>
               <VMeshPart>
                  <VMeshRef type="VMeshRef">
                     <!-- header size  --> 60,
                     <!-- vmesh lib    --> data.solar.dockable.miningbase_ice_block.lod1-112.vms,
                     <!-- start vert   --> 102,
                     <!-- num verts    --> 48,
                     <!-- start index  --> 204,
                     <!-- num indices  --> 96,
                     <!-- start mesh   --> 2,
                     <!-- num meshes   --> 1,
                     <!-- bounding box -->  23.714792,      35.557465, 1.4123658,
                                           -23.714792,     -11.854729, 0.35150889,
                     <!-- center       -->  -2.6330695e-6,  11.851367, 0.88193536,
                     <!-- radius       --> 23.72061
                  </VMeshRef>
               </VMeshPart>
            </Level1>
            <Switch2 type="float array" count="3">
               0,
               100,
               1000000
            </Switch2>
         </MultiLevel>
      </doorB_lod1021120123322.3db>
      <Exporter_Version name="Exporter Version" type="text">Nov  5 2002 11:41:55</Exporter_Version>
      <miningbase_ice_block_lod1021120123322.3db>
         <Hardpoints>
            <Fixed>
               <HpDockCamA>
                  <Orientation type="Matrix">
                       0.5788669000,  -0.2615749500,  -0.7723287300,
                       0.2710723900,   0.9550148200,  -0.1202766700,
                       0.7690467200,  -0.1397328100,   0.6237322100
                  </Orientation>
                  <Position type="Vector">-146.54974, -63.01326, 64.004311</Position>
               </HpDockCamA>
               <HpDockCamB>
                  <Orientation type="Matrix">
                       0.4478141100,   0.6673800300,   0.5950347800,
                      -0.4524219600,   0.7431408200,  -0.4930071800,
                      -0.7712177600,  -0.0484312330,   0.6347263500
                  </Orientation>
                  <Position type="Vector">137.66507, -81.198097, 64.214256</Position>
               </HpDockCamB>
               <HpDockMountA>
                  <Orientation type="Matrix">
                      -0.0212424970,  -0.3063063900,  -0.9516959200,
                       0.0644753800,   0.9495095000,  -0.3070417900,
                       0.9976931800,  -0.0678832900, -420.73234e-06
                  </Orientation>
                  <Position type="Vector">-29.178415, -42.391407, 7.8017344</Position>
               </HpDockMountA>
               <HpDockMountB>
                  <Orientation type="Matrix">
                       0.2349919800,   0.6404358700,   0.7311775700,
                      -0.0318711770,   0.7569147300,  -0.6527359500,
                      -0.9714746500,   0.1300842300,   0.1982803500
                  </Orientation>
                  <Position type="Vector">47.649677, -17.020559, -1.3702644</Position>
               </HpDockMountB>
               <HpDockMountC>
                  <Orientation type="Matrix">
                      -0.0041206498,  -0.0022053013,  -0.9999890900,
                       0.0267351160,   0.9996398700,  -0.0023146986,
                       0.9996340900,  -0.0267443600,  -0.0040602069
                  </Orientation>
                  <Position type="Vector">-137.66022, -0.47419053, 6.114666</Position>
               </HpDockMountC>
               <HpDockPointA01>
                  <Orientation type="Matrix">
                      -0.0212424970,  -0.3063063900,  -0.9516959200,
                       0.0644753800,   0.9495095000,  -0.3070417900,
                       0.9976931800,  -0.0678832900, -420.73234e-06
                  </Orientation>
                  <Position type="Vector">-84.409027, -60.302532, 7.7832751</Position>
               </HpDockPointA01>
               <HpDockPointA02>
                  <Orientation type="Matrix">
                      -0.0212424970,  -0.3063063900,  -0.9516959200,
                       0.0644753800,   0.9495095000,  -0.3070417900,
                       0.9976931800,  -0.0678832900, -420.73234e-06
                  </Orientation>
                  <Position type="Vector">-115.80135, -70.66452, 7.784523</Position>
               </HpDockPointA02>
               <HpDockPointB01>
                  <Orientation type="Matrix">
                       0.2349919800,   0.6404358700,   0.7311775700,
                      -0.0318711770,   0.7569147300,  -0.6527359500,
                      -0.9714746500,   0.1300842300,   0.1982803500
                  </Orientation>
                  <Position type="Vector">90.310524, -54.67514, 10.18438</Position>
               </HpDockPointB01>
               <HpDockPointB02>
                  <Orientation type="Matrix">
                       0.2349919800,   0.6404358700,   0.7311775700,
                      -0.0318711770,   0.7569147300,  -0.6527359500,
                      -0.9714746500,   0.1300842300,   0.1982803500
                  </Orientation>
                  <Position type="Vector">114.48139, -76.25296, 16.739023</Position>
               </HpDockPointB02>
               <HpDockPointC01>
                  <Orientation type="Matrix">
                      -0.0041206498,  -0.0022053013,  -0.9999890900,
                       0.0267351160,   0.9996398700,  -0.0023146986,
                       0.9996340900,  -0.0267443600,  -0.0040602069
                  </Orientation>
                  <Position type="Vector">-373.2533, -1.0195224, 5.1580992</Position>
               </HpDockPointC01>
               <HpDockPointC02>
                  <Orientation type="Matrix">
                      -0.0041206498,  -0.0022053013,  -0.9999890900,
                       0.0267351160,   0.9996398700,  -0.0023146986,
                       0.9996340900,  -0.0267443600,  -0.0040602069
                  </Orientation>
                  <Position type="Vector">-423.46216, -1.1357429, 4.9542379</Position>
               </HpDockPointC02>
               <HpLaunchCamA>
                  <Orientation type="Matrix">
                       0.0488816460,  -0.3925916300,   0.9184129800,
                      -0.0660495680,   0.9162288900,   0.3951734600,
                      -0.9966183300,  -0.0799775050,   0.0188562680
                  </Orientation>
                  <Position type="Vector">-6.7723899, -19.381927, 7.8682356</Position>
               </HpLaunchCamA>
               <HpLaunchCamB>
                  <Orientation type="Matrix">
                      -0.2240236800,   0.8492366100,  -0.4781323400,
                       0.0139861260,   0.4933525300,   0.8697170000,
                       0.9744833100,   0.1881499900,  -0.1224001900
                  </Orientation>
                  <Position type="Vector">34.892727, 13.024961, -3.2943325</Position>
               </HpLaunchCamB>
               <HpRunningLight01>
                  <Orientation type="Matrix">
                       0.2167356000,  -0.9368694400,   0.2744107800,
                      -0.7399652000,  -0.3410075300,  -0.5797976900,
                       0.6367709000,  -0.0773916320,  -0.7671592800
                  </Orientation>
                  <Position type="Vector">-81.190842, -16.059746, -16.647604</Position>
               </HpRunningLight01>
               <HpRunningLight02>
                  <Orientation type="Matrix">
                       0.2003869000,  -0.9496741300,  -0.2407574700,
                      -0.8302463300,  -0.2950716900,   0.4728887700,
                      -0.5201309300,   0.1051272800,  -0.8475919400
                  </Orientation>
                  <Position type="Vector">-88.294495, -17.454401, 28.440752</Position>
               </HpRunningLight02>
               <HpRunningLight03>
                  <Orientation type="Matrix">
                      -0.3402986200,  -0.9396309900,  -0.0359225610,
                       0.7366818200,  -0.2901504300,   0.6108294700,
                      -0.5843772300,   0.1814009200,   0.7909468400
                  </Orientation>
                  <Position type="Vector">-62.037048, -66.306885, 29.793564</Position>
               </HpRunningLight03>
               <HpRunningLight04>
                  <Orientation type="Matrix">
                      -0.2960744800,  -0.9500731800,   0.0984928830,
                       0.8480051800,  -0.3089117700,  -0.4306516100,
                       0.4395761500,  -0.0439824720,   0.8971278700
                  </Orientation>
                  <Position type="Vector">-61.365822, -68.09201, -19.335691</Position>
               </HpRunningLight04>
               <HpRunningLight05>
                  <Orientation type="Matrix">
                      -0.0680653300,  -0.9500731200,   0.3045129200,
                       0.0676144960,  -0.3089118000,  -0.9486842200,
                       0.9953870800,  -0.0439830160,   0.0852648990
                  </Orientation>
                  <Position type="Vector">-99.234894, 24.265566, 0.92695826</Position>
               </HpRunningLight05>
               <HpRunningLight06>
                  <Orientation type="Matrix">
                       0.0041207029,  -0.0022053407,   0.9999890900,
                      -0.0267351290,   0.9996398700,   0.0023147394,
                      -0.9996340900,  -0.0267443730,   0.0040602586
                  </Orientation>
                  <Position type="Vector">-139.3945, 35.807423, -34.141914</Position>
               </HpRunningLight06>
               <HpRunningLight07>
                  <Orientation type="Matrix">
                      -0.9996638300,  -0.0256940930,   0.0034648862,
                      -0.0257894530,   0.9991845500,  -0.0310669930,
                      -0.0026638226,  -0.0311459060,  -0.9995113000
                  </Orientation>
                  <Position type="Vector">-30.766388, 40.613609, -128.34604</Position>
               </HpRunningLight07>
               <HpRunningLight08>
                  <Orientation type="Matrix">
                       0.6875389800,   0.7206703400,  -0.0890188440,
                       0.6257491700,  -0.6502065700,  -0.4308936900,
                      -0.3684129700,   0.2405527400,  -0.8980012500
                  </Orientation>
                  <Position type="Vector">57.077087, -50.590378, 29.362022</Position>
               </HpRunningLight08>
               <HpRunningLight09>
                  <Orientation type="Matrix">
                      -0.4398336400,   0.8646016700,   0.2429202900,
                      -0.7612029900,  -0.5024371100,   0.4100328100,
                       0.4765672400,  -0.0045654313,   0.8791261900
                  </Orientation>
                  <Position type="Vector">108.25388, -9.9182034, -11.905082</Position>
               </HpRunningLight09>
               <HpRunningLight10>
                  <Orientation type="Matrix">
                       0.9998799600,  -0.0139226660,   0.0067996187,
                       0.0138701610,   0.9998741100,   0.0077087688,
                      -0.0069060889,  -0.0076135318,   0.9999471900
                  </Orientation>
                  <Position type="Vector">-31.270689, 46.01442, 133.07184</Position>
               </HpRunningLight10>
               <HpRunningLight11>
                  <Orientation type="Matrix">
                       0.4875841700,   0.7617580300,   0.4265986100,
                       0.5913003700,  -0.6476137000,   0.4805833400,
                       0.6423593200,   0.0179230850,  -0.7661939900
                  </Orientation>
                  <Position type="Vector">67.537048, -55.07896, -15.070319</Position>
               </HpRunningLight11>
               <HpRunningLight12>
                  <Orientation type="Matrix">
                      -0.2427153300,   0.7747139900,  -0.5838728500,
                      -0.7536652100,  -0.5295412500,  -0.3893260400,
                      -0.6108011000,   0.3455492900,   0.7124027600
                  </Orientation>
                  <Position type="Vector">98.650093, -7.519465, 34.005886</Position>
               </HpRunningLight12>
               <HpRunningLight13>
                  <Orientation type="Matrix">
                       0.9999706700,   0.0035298783,   0.0067997128,
                      -0.0035822722,   0.9999638800,   0.0077085705,
                      -0.0067722569,  -0.0077327024,   0.9999471900
                  </Orientation>
                  <Position type="Vector">-4.3908834, 71.529083, -2.4944394</Position>
               </HpRunningLight13>
               <HpRunningLight14>
                  <Orientation type="Matrix">
                       0.9999706700,   0.0035298783,   0.0067997128,
                      -0.0035822722,   0.9999638800,   0.0077085705,
                      -0.0067722569,  -0.0077327024,   0.9999471900
                  </Orientation>
                  <Position type="Vector">143.73845, 35.67522, -34.829632</Position>
               </HpRunningLight14>
               <HpTurret_S2_01>
                  <Orientation type="Matrix">
                       0.1721344300,   0.4724863200,  -0.8643647400,
                      -0.0743383620,  -0.8687294700,  -0.4896763600,
                      -0.9822645200,   0.1485456200,  -0.1144143900
                  </Orientation>
                  <Position type="Vector">118.163, -0.11101039, 6.5095139</Position>
               </HpTurret_S2_01>
               <HpTurret_S2_02>
                  <Orientation type="Matrix">
                       0.0069038044,  -0.3103293200,   0.9506040800,
                      -0.0107175530,   0.9505491300,   0.3103892200,
                      -0.9999187600,  -0.0123310150,   0.0032364344
                  </Orientation>
                  <Position type="Vector">-102.47805, 54.27034, -3.2875309</Position>
               </HpTurret_S2_02>
               <HpTurret_S2_03>
                  <Orientation type="Matrix">
                      -0.4662333100,   0.1730629200,  -0.8675688500,
                       0.0513907340,   0.9843208200,   0.1687351500,
                       0.8831678600,   0.0340849460,  -0.4678169800
                  </Orientation>
                  <Position type="Vector">77.879257, 65.686516, 26.859974</Position>
               </HpTurret_S2_03>
               <HpTurret_S2_04>
                  <Orientation type="Matrix">
                       0.0128287860,  -0.0311547390,  -0.9994322700,
                      -0.0417521630,  -0.9986594300,   0.0305947180,
                      -0.9990456100,   0.0413359660,  -0.0141123660
                  </Orientation>
                  <Position type="Vector">-33.982216, -84.338921, -3.7443085</Position>
               </HpTurret_S2_04>
               <Hp_module01>
                  <Orientation type="Matrix">
                      -0.5602913500,   0.2435329300,   0.7916851000,
                      -0.8125795100,  -0.3469162600,  -0.4683626900,
                       0.1605867000,  -0.9057266700,   0.3922640700
                  </Orientation>
                  <Position type="Vector">-27.245741, -52.477661, -79.96843</Position>
               </Hp_module01>
               <Hp_module02>
                  <Orientation type="Matrix">
                       0.6498929900,  -0.0227035940,   0.7596865300,
                      -0.0064804484,   0.9993518600,   0.0354099680,
                      -0.7599980800,  -0.0279357990,   0.6493246600
                  </Orientation>
                  <Position type="Vector">11.209258, 61.769485, -74.724594</Position>
               </Hp_module02>
               <Hp_module03>
                  <Orientation type="Matrix">
                     -796.63034e-06,   0.2929475000,  -0.9561281800,
                      -0.9454743900,  -0.3116275400,  -0.0946916040,
                      -0.3256955400,   0.9039192800,   0.2772226000
                  </Orientation>
                  <Position type="Vector">56.010532, 16.617718, 75.193832</Position>
               </Hp_module03>
            </Fixed>
         </Hardpoints>
         <VMeshWire include="miningbase_ice_block_cmp\miningbase_ice_block_lod1.vwd.xml"/>
         <MultiLevel>
            <Level0>
               <VMeshPart>
                  <VMeshRef type="VMeshRef">
                     <!-- header size  --> 60,
                     <!-- vmesh lib    --> data.solar.dockable.miningbase_ice_block.lod0-212.vms,
                     <!-- start vert   --> 0,
                     <!-- num verts    --> 850,
                     <!-- start index  --> 0,
                     <!-- num indices  --> 1023,
                     <!-- start mesh   --> 0,
                     <!-- num meshes   --> 1,
                     <!-- bounding box -->  143.42174,    71.057724,   133.83096,
                                           -138.96007,   -85.799309,  -137.69249,
                     <!-- center       -->   -3.2082708,  -2.5432069,   -8.4421234,
                     <!-- radius       --> 157.02165
                  </VMeshRef>
               </VMeshPart>
            </Level0>
            <Level1>
               <VMeshPart>
                  <VMeshRef type="VMeshRef">
                     <!-- header size  --> 60,
                     <!-- vmesh lib    --> data.solar.dockable.miningbase_ice_block.lod1-212.vms,
                     <!-- start vert   --> 0,
                     <!-- num verts    --> 853,
                     <!-- start index  --> 0,
                     <!-- num indices  --> 1029,
                     <!-- start mesh   --> 0,
                     <!-- num meshes   --> 1,
                     <!-- bounding box -->  143.42174,    71.057724,   133.83096,
                                           -138.96007,   -85.799309,  -137.69249,
                     <!-- center       -->   -3.2082708,  -2.5432069,   -8.4421234,
                     <!-- radius       --> 157.02165
                  </VMeshRef>
               </VMeshPart>
            </Level1>
            <Switch2 type="float array" count="3">
               0,
               100,
               1000000
            </Switch2>
         </MultiLevel>
      </miningbase_ice_block_lod1021120123322.3db>
   </UTF_ROOT>
</UTFXML>
