<?xml version="1.0" encoding="ISO-8859-1"?>
<!-- XML generated by UTFXML Version 2.2 built 19-Aug-2010 -->
<UTFXML filename="miningbase_nomad.cmp" path="SOLAR\DOCKABLE">
   <UTF_ROOT>
      <VMeshLibrary>
         <data.solar.dockable.miningbase_nomad.lod0-112.vms include="miningbase_nomad_cmp\lod0-112.vms.xml"/>
         <data.solar.dockable.miningbase_nomad.lod0-212.vms include="miningbase_nomad_cmp\lod0-212.vms.xml"/>
         <data.solar.dockable.miningbase_nomad.lod1-112.vms include="miningbase_nomad_cmp\lod1-112.vms.xml"/>
         <data.solar.dockable.miningbase_nomad.lod1-212.vms include="miningbase_nomad_cmp\lod1-212.vms.xml"/>
      </VMeshLibrary>
      <Animation>
         <Script>
            <Sc_open_dockA name="Sc_open dockA">
               <Joint_map_0 name="Joint map 0">
                  <Channel>
                     <Header type="Header">
                        <!-- count    --> 2,
                        <!-- interval --> Explicit,
                        <!-- flags    --> 0x1
                     </Header>
                     <Frames type="Frames" count="2">
                          0.0000000000:     0.0000000000
                          3.3333335000:    43.6902850000
                     </Frames>
                  </Channel>
                  <Child_name name="Child name" type="text">doorA_lod1</Child_name>
                  <Parent_name name="Parent name" type="text">dockA_lod1</Parent_name>
               </Joint_map_0>
            </Sc_open_dockA>
            <Sc_open_dockB name="Sc_open dockB">
               <Joint_map_0 name="Joint map 0">
                  <Channel>
                     <Header type="Header">
                        <!-- count    --> 2,
                        <!-- interval --> Explicit,
                        <!-- flags    --> 0x1
                     </Header>
                     <Frames type="Frames" count="2">
                          0.0000000000:     0.0000000000
                          3.3333335000:    43.6902890000
                     </Frames>
                  </Channel>
                  <Child_name name="Child name" type="text">doorB_lod1</Child_name>
                  <Parent_name name="Parent name" type="text">dockB_lod1</Parent_name>
               </Joint_map_0>
            </Sc_open_dockB>
         </Script>
      </Animation>
      <Cmpnd>
         <Cons>
            <Fix type="Fix" count="2">
               <part>
                  <!-- parent      --> "Root",
                  <!-- child       --> "dockA_lod1",
                  <!-- position    --> -35.846954, -35.252224, 6.7973404,
                  <!-- orientation -->   0.9620875100,  -0.2727164900,  -0.0036572837,
                                         0.2725163700,   0.9606645100,   0.0534652660,
                                        -0.0110674370,  -0.0524349320,   0.9985629900
               </part>
               <part>
                  <!-- parent      --> "Root",
                  <!-- child       --> "dockB_lod1",
                  <!-- position    --> 139.14476, -9.5369864, 3.0415435,
                  <!-- orientation -->  -0.7531297200,   0.6110742100,   0.2436883400,
                                         0.6388680900,   0.7677370300,   0.0492688750,
                                        -0.1569816300,   0.1927905700,  -0.9686013500
               </part>
            </Fix>
            <Pris type="Rev" count="2">
               <part>
                  <!-- parent      --> "dockA_lod1",
                  <!-- child       --> "doorA_lod1",
                  <!-- position    --> -33.283688, 11.968589, 0.14221138,
                  <!-- offset      --> 0, 0, 0,
                  <!-- orientation -->  -0.0046870909,  -0.0091135222,   0.9999474900,
                                        -0.0189854520,  -0.9997774400,  -0.0092009632,
                                         0.9998087900,  -0.0190275810,   0.0045130234,
                  <!-- axis        -->   0.0091130119,   0.9997774400,   0.0190276090,
                  <!-- min, max    --> 0, 43.690285
               </part>
               <part>
                  <!-- parent      --> "dockB_lod1",
                  <!-- child       --> "doorB_lod1",
                  <!-- position    --> -33.283684, 11.968594, 0.14220878,
                  <!-- offset      --> 0, 0, 0,
                  <!-- orientation -->  -0.0046871514,  -0.0091136051,   0.9999474900,
                                        -0.0189854820,  -0.9997774400,  -0.0092010479,
                                         0.9998087900,  -0.0190276110,   0.0045130821,
                  <!-- axis        -->   0.0091131348,   0.9997774400,   0.0190276090,
                  <!-- min, max    --> 0, 43.690289
               </part>
            </Pris>
         </Cons>
         <Part_dockA_lod1>
            <File_name name="File name" type="text">dockA_lod1021120124009.3db</File_name>
            <Index type="int">1</Index>
            <Object_name name="Object name" type="text">dockA_lod1</Object_name>
         </Part_dockA_lod1>
         <Part_dockB_lod1>
            <File_name name="File name" type="text">dockB_lod1021120124009.3db</File_name>
            <Index type="int">3</Index>
            <Object_name name="Object name" type="text">dockB_lod1</Object_name>
         </Part_dockB_lod1>
         <Part_doorA_lod1>
            <File_name name="File name" type="text">doorA_lod1021120124009.3db</File_name>
            <Index type="int">2</Index>
            <Object_name name="Object name" type="text">doorA_lod1</Object_name>
         </Part_doorA_lod1>
         <Part_doorB_lod1>
            <File_name name="File name" type="text">doorB_lod1021120124009.3db</File_name>
            <Index type="int">4</Index>
            <Object_name name="Object name" type="text">doorB_lod1</Object_name>
         </Part_doorB_lod1>
         <Root>
            <File_name name="File name" type="text">nomadbase_lod1021120124009.3db</File_name>
            <Index type="int">0</Index>
            <Object_name name="Object name" type="text">Root</Object_name>
         </Root>
      </Cmpnd>
      <dockA_lod1021120124009.3db>
         <VMeshWire include="miningbase_nomad_cmp\dockA_lod1.vwd.xml"/>
         <MultiLevel>
            <Level0>
               <VMeshPart>
                  <VMeshRef type="VMeshRef">
                     <!-- header size  --> 60,
                     <!-- vmesh lib    --> data.solar.dockable.miningbase_nomad.lod0-212.vms,
                     <!-- start vert   --> 144,
                     <!-- num verts    --> 592,
                     <!-- start index  --> 252,
                     <!-- num indices  --> 771,
                     <!-- start mesh   --> 1,
                     <!-- num meshes   --> 6,
                     <!-- bounding box -->  39.872269,  61.469273,  27.893585,
                                           -66.170898, -27.892408, -27.893572,
                     <!-- center       --> -12.055136,  18.108421,  -2.1549966,
                     <!-- radius       --> 66.63604
                  </VMeshRef>
               </VMeshPart>
            </Level0>
            <Level1>
               <VMeshPart>
                  <VMeshRef type="VMeshRef">
                     <!-- header size  --> 60,
                     <!-- vmesh lib    --> data.solar.dockable.miningbase_nomad.lod1-212.vms,
                     <!-- start vert   --> 54,
                     <!-- num verts    --> 136,
                     <!-- start index  --> 108,
                     <!-- num indices  --> 210,
                     <!-- start mesh   --> 1,
                     <!-- num meshes   --> 2,
                     <!-- bounding box -->  39.872269,  61.469273,  27.893585,
                                           -66.170898, -27.892408, -27.893572,
                     <!-- center       --> -12.055136,  18.108421,  -2.1549966,
                     <!-- radius       --> 66.63604
                  </VMeshRef>
               </VMeshPart>
            </Level1>
            <Switch2 type="float array" count="3">
               0,
               100,
               1000000
            </Switch2>
         </MultiLevel>
      </dockA_lod1021120124009.3db>
      <dockB_lod1021120124009.3db>
         <VMeshWire include="miningbase_nomad_cmp\dockB_lod1.vwd.xml"/>
         <MultiLevel>
            <Level0>
               <VMeshPart>
                  <VMeshRef type="VMeshRef">
                     <!-- header size  --> 60,
                     <!-- vmesh lib    --> data.solar.dockable.miningbase_nomad.lod0-212.vms,
                     <!-- start vert   --> 0,
                     <!-- num verts    --> 144,
                     <!-- start index  --> 0,
                     <!-- num indices  --> 252,
                     <!-- start mesh   --> 0,
                     <!-- num meshes   --> 1,
                     <!-- bounding box -->  39.872253,    27.892406,   27.893581,
                                           -39.872253,   -27.892405,  -27.89357,
                     <!-- center       -->   0.14929648,   1.9636807,   0.20137328,
                     <!-- radius       --> 47.747841
                  </VMeshRef>
               </VMeshPart>
            </Level0>
            <Level1>
               <VMeshPart>
                  <VMeshRef type="VMeshRef">
                     <!-- header size  --> 60,
                     <!-- vmesh lib    --> data.solar.dockable.miningbase_nomad.lod1-212.vms,
                     <!-- start vert   --> 0,
                     <!-- num verts    --> 54,
                     <!-- start index  --> 0,
                     <!-- num indices  --> 108,
                     <!-- start mesh   --> 0,
                     <!-- num meshes   --> 1,
                     <!-- bounding box -->  39.872253,    27.892406,   27.893581,
                                           -39.872253,   -27.892405,  -27.89357,
                     <!-- center       -->   0.14929648,   1.9636807,   0.20137328,
                     <!-- radius       --> 47.747841
                  </VMeshRef>
               </VMeshPart>
            </Level1>
            <Switch2 type="float array" count="3">
               0,
               100,
               1000000
            </Switch2>
         </MultiLevel>
      </dockB_lod1021120124009.3db>
      <doorA_lod1021120124009.3db>
         <VMeshWire include="miningbase_nomad_cmp\doorA_lod1.vwd.xml"/>
         <MultiLevel>
            <Level0>
               <VMeshPart>
                  <VMeshRef type="VMeshRef">
                     <!-- header size  --> 60,
                     <!-- vmesh lib    --> data.solar.dockable.miningbase_nomad.lod0-112.vms,
                     <!-- start vert   --> 120,
                     <!-- num verts    --> 120,
                     <!-- start index  --> 192,
                     <!-- num indices  --> 192,
                     <!-- start mesh   --> 1,
                     <!-- num meshes   --> 1,
                     <!-- bounding box -->  23.714802,      35.557472, 1.4123605,
                                           -23.714802,     -11.854733, 0.35150328,
                     <!-- center       -->  -2.6443745e-6,  11.85137,  0.88192993,
                     <!-- radius       --> 23.720619
                  </VMeshRef>
               </VMeshPart>
            </Level0>
            <Level1>
               <VMeshPart>
                  <VMeshRef type="VMeshRef">
                     <!-- header size  --> 60,
                     <!-- vmesh lib    --> data.solar.dockable.miningbase_nomad.lod1-112.vms,
                     <!-- start vert   --> 48,
                     <!-- num verts    --> 48,
                     <!-- start index  --> 96,
                     <!-- num indices  --> 96,
                     <!-- start mesh   --> 1,
                     <!-- num meshes   --> 1,
                     <!-- bounding box -->  23.714802,      35.557472, 1.4123605,
                                           -23.714802,     -11.854733, 0.35150328,
                     <!-- center       -->  -2.6443745e-6,  11.85137,  0.88192993,
                     <!-- radius       --> 23.720619
                  </VMeshRef>
               </VMeshPart>
            </Level1>
            <Switch2 type="float array" count="3">
               0,
               100,
               1000000
            </Switch2>
         </MultiLevel>
      </doorA_lod1021120124009.3db>
      <doorB_lod1021120124009.3db>
         <VMeshWire include="miningbase_nomad_cmp\doorB_lod1.vwd.xml"/>
         <MultiLevel>
            <Level0>
               <VMeshPart>
                  <VMeshRef type="VMeshRef">
                     <!-- header size  --> 60,
                     <!-- vmesh lib    --> data.solar.dockable.miningbase_nomad.lod0-112.vms,
                     <!-- start vert   --> 0,
                     <!-- num verts    --> 120,
                     <!-- start index  --> 0,
                     <!-- num indices  --> 192,
                     <!-- start mesh   --> 0,
                     <!-- num meshes   --> 1,
                     <!-- bounding box -->  23.7148,        35.55748,  1.4123653,
                                           -23.714802,     -11.854733, 0.35150835,
                     <!-- center       -->  -2.6292998e-6,  11.851374, 0.88193494,
                     <!-- radius       --> 23.720617
                  </VMeshRef>
               </VMeshPart>
            </Level0>
            <Level1>
               <VMeshPart>
                  <VMeshRef type="VMeshRef">
                     <!-- header size  --> 60,
                     <!-- vmesh lib    --> data.solar.dockable.miningbase_nomad.lod1-112.vms,
                     <!-- start vert   --> 0,
                     <!-- num verts    --> 48,
                     <!-- start index  --> 0,
                     <!-- num indices  --> 96,
                     <!-- start mesh   --> 0,
                     <!-- num meshes   --> 1,
                     <!-- bounding box -->  23.7148,        35.55748,  1.4123653,
                                           -23.714802,     -11.854733, 0.35150835,
                     <!-- center       -->  -2.6292998e-6,  11.851374, 0.88193494,
                     <!-- radius       --> 23.720617
                  </VMeshRef>
               </VMeshPart>
            </Level1>
            <Switch2 type="float array" count="3">
               0,
               100,
               1000000
            </Switch2>
         </MultiLevel>
      </doorB_lod1021120124009.3db>
      <Exporter_Version name="Exporter Version" type="text">Nov  5 2002 11:41:55</Exporter_Version>
      <nomadbase_lod1021120124009.3db>
         <Hardpoints>
            <Fixed>
               <HpDockCamA>
                  <Orientation type="Matrix">
                       0.5788669000,  -0.2615749500,  -0.7723287300,
                       0.2710723900,   0.9550148200,  -0.1202766700,
                       0.7690467200,  -0.1397328100,   0.6237322100
                  </Orientation>
                  <Position type="Vector">-146.54974, -63.01326, 64.004311</Position>
               </HpDockCamA>
               <HpDockCamB>
                  <Orientation type="Matrix">
                       0.4478141100,   0.6673800300,   0.5950347800,
                      -0.4524219600,   0.7431408200,  -0.4930071800,
                      -0.7712177600,  -0.0484312330,   0.6347263500
                  </Orientation>
                  <Position type="Vector">220.38802, -81.198097, 64.214256</Position>
               </HpDockCamB>
               <HpDockMountA>
                  <Orientation type="Matrix">
                      -0.0212424600,  -0.3063064500,  -0.9516959200,
                       0.0644753050,   0.9495094400,  -0.3070418500,
                       0.9976931800,  -0.0678832080, -420.71630e-06
                  </Orientation>
                  <Position type="Vector">-29.178415, -42.391407, 7.8017344</Position>
               </HpDockMountA>
               <HpDockMountB>
                  <Orientation type="Matrix">
                       0.2349919700,   0.6404358100,   0.7311776300,
                      -0.0318712180,   0.7569148500,  -0.6527358900,
                      -0.9714746500,   0.1300841700,   0.1982803800
                  </Orientation>
                  <Position type="Vector">129.21902, -17.020559, -1.3702644</Position>
               </HpDockMountB>
               <HpDockMountC>
                  <Orientation type="Matrix">
                       0.0174524190,   0.0000000000,  -0.9998477100,
                       0.0000000000,   1.0000000000,   0.0000000000,
                       0.9998477100,   0.0000000000,   0.0174524190
                  </Orientation>
                  <Position type="Vector">-122.62482, 200, 6.175714</Position>
               </HpDockMountC>
               <HpDockPointA01>
                  <Orientation type="Matrix">
                      -0.0212424600,  -0.3063064500,  -0.9516959200,
                       0.0644753050,   0.9495094400,  -0.3070418500,
                       0.9976931800,  -0.0678832080, -420.71630e-06
                  </Orientation>
                  <Position type="Vector">-84.409027, -60.302532, 7.7832751</Position>
               </HpDockPointA01>
               <HpDockPointA02>
                  <Orientation type="Matrix">
                      -0.0212424600,  -0.3063064500,  -0.9516959200,
                       0.0644753050,   0.9495094400,  -0.3070418500,
                       0.9976931800,  -0.0678832080, -420.71630e-06
                  </Orientation>
                  <Position type="Vector">-115.80135, -70.66452, 7.784523</Position>
               </HpDockPointA02>
               <HpDockPointB01>
                  <Orientation type="Matrix">
                       0.2349919700,   0.6404358100,   0.7311776300,
                      -0.0318712180,   0.7569148500,  -0.6527358900,
                      -0.9714746500,   0.1300841700,   0.1982803800
                  </Orientation>
                  <Position type="Vector">171.87987, -54.67514, 10.18438</Position>
               </HpDockPointB01>
               <HpDockPointB02>
                  <Orientation type="Matrix">
                       0.2349919700,   0.6404358100,   0.7311776300,
                      -0.0318712180,   0.7569148500,  -0.6527358900,
                      -0.9714746500,   0.1300841700,   0.1982803800
                  </Orientation>
                  <Position type="Vector">196.05074, -76.25296, 16.739023</Position>
               </HpDockPointB02>
               <HpDockPointC01>
                  <Orientation type="Matrix">
                       0.0174524190,   0.0000000000,  -0.9998477100,
                       0.0000000000,   1.0000000000,   0.0000000000,
                       0.9998477100,   0.0000000000,   0.0174524190
                  </Orientation>
                  <Position type="Vector">-373.2533, 200, 5.1580992</Position>
               </HpDockPointC01>
               <HpDockPointC02>
                  <Orientation type="Matrix">
                       0.0174524190,   0.0000000000,  -0.9998477100,
                       0.0000000000,   1.0000000000,   0.0000000000,
                       0.9998477100,   0.0000000000,   0.0174524190
                  </Orientation>
                  <Position type="Vector">-423.46216, 200, 4.9542379</Position>
               </HpDockPointC02>
               <HpLaunchCamA>
                  <Orientation type="Matrix">
                       0.0488816460,  -0.3925916300,   0.9184129800,
                      -0.0660495680,   0.9162288900,   0.3951734600,
                      -0.9966183300,  -0.0799775050,   0.0188562680
                  </Orientation>
                  <Position type="Vector">-5.5607028, -22.209755, 8.1150761</Position>
               </HpLaunchCamA>
               <HpLaunchCamB>
                  <Orientation type="Matrix">
                      -0.2240236800,   0.8492366100,  -0.4781323400,
                       0.0139861260,   0.4933525300,   0.8697170000,
                       0.9744833100,   0.1881499900,  -0.1224001900
                  </Orientation>
                  <Position type="Vector">118.87897, 13.758852, -3.0144496</Position>
               </HpLaunchCamB>
               <HpRunningLight01>
                  <Orientation type="Matrix">
                       0.2167357200,  -0.9368694400,   0.2744107800,
                      -0.7399652000,  -0.3410076200,  -0.5797976300,
                       0.6367708400,  -0.0773915720,  -0.7671593400
                  </Orientation>
                  <Position type="Vector">-81.190842, -16.059746, -16.647602</Position>
               </HpRunningLight01>
               <HpRunningLight02>
                  <Orientation type="Matrix">
                       0.2003867600,  -0.9496741300,  -0.2407576000,
                      -0.8302462700,  -0.2950716900,   0.4728888000,
                      -0.5201309900,   0.1051274500,  -0.8475918800
                  </Orientation>
                  <Position type="Vector">-81.959236, -15.485981, 27.73945</Position>
               </HpRunningLight02>
               <HpRunningLight03>
                  <Orientation type="Matrix">
                      -0.3402985600,  -0.9396310400,  -0.0359225500,
                       0.7366818800,  -0.2901504000,   0.6108294100,
                      -0.5843772300,   0.1814008800,   0.7909469000
                  </Orientation>
                  <Position type="Vector">-62.037048, -66.306885, 29.793564</Position>
               </HpRunningLight03>
               <HpRunningLight04>
                  <Orientation type="Matrix">
                      -0.2960743600,  -0.9500732400,   0.0984928310,
                       0.8480051800,  -0.3089116500,  -0.4306516100,
                       0.4395761200,  -0.0439824690,   0.8971278700
                  </Orientation>
                  <Position type="Vector">-58.400887, -67.127975, -19.198433</Position>
               </HpRunningLight04>
               <HpRunningLight05>
                  <Orientation type="Matrix">
                      -0.0680653530,  -0.9500731800,   0.3045128900,
                       0.0676145330,  -0.3089117700,  -0.9486842200,
                       0.9953870800,  -0.0439830270,   0.0852649440
                  </Orientation>
                  <Position type="Vector">-139.58194, 12.508246, -82.96566</Position>
               </HpRunningLight05>
               <HpRunningLight06>
                  <Orientation type="Matrix">
                       0.0041207015,  -0.0022053560,   0.9999890900,
                      -0.0267351600,   0.9996398700,   0.0023147548,
                      -0.9996340900,  -0.0267444050,   0.0040602568
                  </Orientation>
                  <Position type="Vector">-130.99274, 34.49683, 45.839333</Position>
               </HpRunningLight06>
               <HpRunningLight07>
                  <Orientation type="Matrix">
                      -0.9996638300,  -0.0256940930,   0.0034648944,
                      -0.0257894530,   0.9991845500,  -0.0310669620,
                      -0.0026638315,  -0.0311458760,  -0.9995113000
                  </Orientation>
                  <Position type="Vector">-9.2797422, 16.07023, -136.41876</Position>
               </HpRunningLight07>
               <HpRunningLight08>
                  <Orientation type="Matrix">
                       0.6875390400,   0.7206703400,  -0.0890188740,
                       0.6257491700,  -0.6502066300,  -0.4308936600,
                      -0.3684129700,   0.2405527200,  -0.8980012500
                  </Orientation>
                  <Position type="Vector">143.44281, -50.590378, 29.362022</Position>
               </HpRunningLight08>
               <HpRunningLight09>
                  <Orientation type="Matrix">
                      -0.4398336400,   0.8646016700,   0.2429203800,
                      -0.7612029900,  -0.5024371700,   0.4100327800,
                       0.4765672700,  -0.0045655128,   0.8791261300
                  </Orientation>
                  <Position type="Vector">194.6196, -9.9182034, -11.905081</Position>
               </HpRunningLight09>
               <HpRunningLight10>
                  <Orientation type="Matrix">
                       0.9998799600,  -0.0139226910,   0.0067996443,
                       0.0138701860,   0.9998741100,   0.0077087968,
                      -0.0069061150,  -0.0076135593,   0.9999471900
                  </Orientation>
                  <Position type="Vector">51.096912, 20.945307, 177.59865</Position>
               </HpRunningLight10>
               <HpRunningLight11>
                  <Orientation type="Matrix">
                       0.4875842900,   0.7617579700,   0.4265986400,
                       0.5913003700,  -0.6476137000,   0.4805833400,
                       0.6423593200,   0.0179230420,  -0.7661940500
                  </Orientation>
                  <Position type="Vector">153.90277, -55.078957, -15.070318</Position>
               </HpRunningLight11>
               <HpRunningLight12>
                  <Orientation type="Matrix">
                      -0.2427153600,   0.7747139300,  -0.5838729100,
                      -0.7536652100,  -0.5295413100,  -0.3893260400,
                      -0.6108011600,   0.3455492600,   0.7124027600
                  </Orientation>
                  <Position type="Vector">182.95868, -6.1133523, 33.088333</Position>
               </HpRunningLight12>
               <HpRunningLight13>
                  <Orientation type="Matrix">
                       0.9999706700,   0.0035299133,   0.0067997170,
                      -0.0035823060,   0.9999638800,   0.0077084019,
                      -0.0067722616,  -0.0077325338,   0.9999471900
                  </Orientation>
                  <Position type="Vector">-74.032539, 56.09248, -57.634926</Position>
               </HpRunningLight13>
               <HpRunningLight14>
                  <Orientation type="Matrix">
                       0.9999706700,   0.0035299133,   0.0067997170,
                      -0.0035823060,   0.9999638800,   0.0077084019,
                      -0.0067722616,  -0.0077325338,   0.9999471900
                  </Orientation>
                  <Position type="Vector">239.53566, 9.7378588, -59.697334</Position>
               </HpRunningLight14>
               <HpTurret_S2_01>
                  <Orientation type="Matrix">
                      -0.9556795400,  -0.1712443400,  -0.2394827200,
                      -0.0605948490,   0.9104297800,  -0.4092015000,
                       0.2881056400,  -0.3765540700,  -0.8804556700
                  </Orientation>
                  <Position type="Vector">46.501808, 60.679813, -21.654659</Position>
               </HpTurret_S2_01>
               <HpTurret_S2_02>
                  <Orientation type="Matrix">
                       0.0834480900,  -0.2713630800,   0.9588527100,
                      -0.1363149900,   0.9500553000,   0.2807367100,
                      -0.9871447100,  -0.1541329300,   0.0422894510
                  </Orientation>
                  <Position type="Vector">-97.815147, 38.716324, 21.500231</Position>
               </HpTurret_S2_02>
               <HpTurret_S2_03>
                  <Orientation type="Matrix">
                      -0.4212028700,   0.1366424100,  -0.8966141900,
                       0.0888479870,   0.9900473400,   0.1091433000,
                       0.9026041000,  -0.0336908960,  -0.4291512100
                  </Orientation>
                  <Position type="Vector">230.52948, 34.714478, 24.187977</Position>
               </HpTurret_S2_03>
               <HpTurret_S2_04>
                  <Orientation type="Matrix">
                       0.0783339660,  -0.2409626100,   0.9673680100,
                       0.1165784800,  -0.9614782900,  -0.2489356500,
                       0.9900875100,   0.1322743900,  -0.0472253490
                  </Orientation>
                  <Position type="Vector">-47.906952, -75.775314, 11.826778</Position>
               </HpTurret_S2_04>
               <Hp_module01>
                  <Orientation type="Matrix">
                      -0.5602914700,   0.0086534182,   0.8282503500,
                      -0.8125795100,  -0.1996079100,  -0.5476050400,
                       0.1605866700,  -0.9798376600,   0.1188702000
                  </Orientation>
                  <Position type="Vector">1.0108912, -12.58812, -90.549118</Position>
               </Hp_module01>
               <Hp_module02>
                  <Orientation type="Matrix">
                       0.6461103600,   0.0736061040,   0.7596864700,
                      -0.1541228600,   0.9874169800,   0.0354099500,
                      -0.7475209200,  -0.1399637900,   0.6493247200
                  </Orientation>
                  <Position type="Vector">68.264458, 33.659096, -104.49992</Position>
               </Hp_module02>
               <Hp_module03>
                  <Orientation type="Matrix">
                      -0.2248940300,  -0.0473414180,  -0.9732325100,
                      -0.2704884400,  -0.9565290200,   0.1090332300,
                      -0.9360868900,   0.2877690800,   0.2023123700
                  </Orientation>
                  <Position type="Vector">57.666821, -33.716808, 63.713421</Position>
               </Hp_module03>
            </Fixed>
         </Hardpoints>
         <VMeshWire include="miningbase_nomad_cmp\nomadbase_lod1.vwd.xml"/>
         <MultiLevel>
            <Level0>
               <VMeshPart>
                  <VMeshRef type="VMeshRef">
                     <!-- header size  --> 60,
                     <!-- vmesh lib    --> data.solar.dockable.miningbase_nomad.lod0-212.vms,
                     <!-- start vert   --> 736,
                     <!-- num verts    --> 414,
                     <!-- start index  --> 1023,
                     <!-- num indices  --> 1008,
                     <!-- start mesh   --> 7,
                     <!-- num meshes   --> 1,
                     <!-- bounding box -->  258.15387,   71.052834,   177.6716,
                                           -139.5795,   -80.151001,  -136.22873,
                     <!-- center       -->   49.408401,  -2.4490767,   13.881956,
                     <!-- radius       --> 213.1839
                  </VMeshRef>
               </VMeshPart>
            </Level0>
            <Level1>
               <VMeshPart>
                  <VMeshRef type="VMeshRef">
                     <!-- header size  --> 60,
                     <!-- vmesh lib    --> data.solar.dockable.miningbase_nomad.lod1-212.vms,
                     <!-- start vert   --> 190,
                     <!-- num verts    --> 409,
                     <!-- start index  --> 318,
                     <!-- num indices  --> 1005,
                     <!-- start mesh   --> 3,
                     <!-- num meshes   --> 1,
                     <!-- bounding box -->  258.15387,   71.052834,   177.6716,
                                           -139.5795,   -80.151001,  -136.22873,
                     <!-- center       -->   49.408401,  -2.4490767,   13.881956,
                     <!-- radius       --> 213.1839
                  </VMeshRef>
               </VMeshPart>
            </Level1>
            <Switch2 type="float array" count="3">
               0,
               100,
               1000000
            </Switch2>
         </MultiLevel>
      </nomadbase_lod1021120124009.3db>
   </UTF_ROOT>
</UTFXML>
