<?xml version="1.0" encoding="ISO-8859-1"?>
<!-- XML generated by UTFXML Version 2.2 built 19-Aug-2010 -->
<UTFXML filename="miningbase_mineableb.cmp" path="SOLAR\DOCKABLE">
   <UTF_ROOT>
      <VMeshLibrary>
         <data.solar.dockable.miningbase_mineableb.lod0-112.vms include="miningbase_mineableb_cmp\lod0-112.vms.xml"/>
         <data.solar.dockable.miningbase_mineableb.lod0-212.vms include="miningbase_mineableb_cmp\lod0-212.vms.xml"/>
         <data.solar.dockable.miningbase_mineableb.lod1-112.vms include="miningbase_mineableb_cmp\lod1-112.vms.xml"/>
         <data.solar.dockable.miningbase_mineableb.lod1-212.vms include="miningbase_mineableb_cmp\lod1-212.vms.xml"/>
      </VMeshLibrary>
      <Animation>
         <Script>
            <Sc_open_dockA name="Sc_open dockA">
               <Joint_map_0 name="Joint map 0">
                  <Channel>
                     <Header type="Header">
                        <!-- count    --> 2,
                        <!-- interval --> Explicit,
                        <!-- flags    --> 0x1
                     </Header>
                     <Frames type="Frames" count="2">
                          0.0000000000:     0.0000000000
                          3.3333335000:    43.6902810000
                     </Frames>
                  </Channel>
                  <Child_name name="Child name" type="text">doorA_lod1</Child_name>
                  <Parent_name name="Parent name" type="text">dockA_lod1</Parent_name>
               </Joint_map_0>
            </Sc_open_dockA>
            <Sc_open_dockB name="Sc_open dockB">
               <Joint_map_0 name="Joint map 0">
                  <Channel>
                     <Header type="Header">
                        <!-- count    --> 2,
                        <!-- interval --> Explicit,
                        <!-- flags    --> 0x1
                     </Header>
                     <Frames type="Frames" count="2">
                          0.0000000000:     0.0000000000
                          3.3333335000:    43.6902890000
                     </Frames>
                  </Channel>
                  <Child_name name="Child name" type="text">doorB_lod1</Child_name>
                  <Parent_name name="Parent name" type="text">dockB_lod1</Parent_name>
               </Joint_map_0>
            </Sc_open_dockB>
         </Script>
      </Animation>
      <Cmpnd>
         <Cons>
            <Fix type="Fix" count="2">
               <part>
                  <!-- parent      --> "Root",
                  <!-- child       --> "dockA_lod1",
                  <!-- position    --> -35.155922, -31.754944, 6.9238796,
                  <!-- orientation -->   0.9464860600,  -0.3227414800,   0.0014419595,
                                         0.3226584800,   0.9463270300,   0.0188850350,
                                        -0.0074595492,  -0.0174091630,   0.9998206500
               </part>
               <part>
                  <!-- parent      --> "Root",
                  <!-- child       --> "dockB_lod1",
                  <!-- position    --> 57.171783, -8.8774977, 1.3504111,
                  <!-- orientation -->  -0.7299181200,  -0.6835129900,   0.0054416880,
                                         0.6595827300,  -0.7022295600,   0.2680005700,
                                        -0.1793605400,   0.1992077200,   0.9634034000
               </part>
            </Fix>
            <Pris type="Rev" count="2">
               <part>
                  <!-- parent      --> "dockA_lod1",
                  <!-- child       --> "doorA_lod1",
                  <!-- position    --> -33.283688, 11.968587, 0.14221172,
                  <!-- offset      --> 0, 0, 0,
                  <!-- orientation -->  -0.0046870853,  -0.0091135241,   0.9999474900,
                                        -0.0189854630,  -0.9997774400,  -0.0092009651,
                                         0.9998087900,  -0.0190275930,   0.0045130174,
                  <!-- axis        -->   0.0091130119,   0.9997774400,   0.0190276170,
                  <!-- min, max    --> 0, 43.690281
               </part>
               <part>
                  <!-- parent      --> "dockB_lod1",
                  <!-- child       --> "doorB_lod1",
                  <!-- position    --> -33.283688, 11.968593, 0.14220734,
                  <!-- offset      --> 0, 0, 0,
                  <!-- orientation -->  -0.0046872594,  -0.0091136070,   0.9999474900,
                                        -0.0189854760,  -0.9997774400,  -0.0092010517,
                                         0.9998087900,  -0.0190276080,   0.0045131901,
                  <!-- axis        -->   0.0091130463,   0.9997774400,   0.0190276240,
                  <!-- min, max    --> 0, 43.690289
               </part>
            </Pris>
         </Cons>
         <Part_dockA_lod1>
            <File_name name="File name" type="text">dockA_lod1021120123819.3db</File_name>
            <Index type="int">1</Index>
            <Object_name name="Object name" type="text">dockA_lod1</Object_name>
         </Part_dockA_lod1>
         <Part_dockB_lod1>
            <File_name name="File name" type="text">dockB_lod1021120123819.3db</File_name>
            <Index type="int">3</Index>
            <Object_name name="Object name" type="text">dockB_lod1</Object_name>
         </Part_dockB_lod1>
         <Part_doorA_lod1>
            <File_name name="File name" type="text">doorA_lod1021120123819.3db</File_name>
            <Index type="int">2</Index>
            <Object_name name="Object name" type="text">doorA_lod1</Object_name>
         </Part_doorA_lod1>
         <Part_doorB_lod1>
            <File_name name="File name" type="text">doorB_lod1021120123819.3db</File_name>
            <Index type="int">4</Index>
            <Object_name name="Object name" type="text">doorB_lod1</Object_name>
         </Part_doorB_lod1>
         <Root>
            <File_name name="File name" type="text">mineableB_lod1021120123819.3db</File_name>
            <Index type="int">0</Index>
            <Object_name name="Object name" type="text">Root</Object_name>
         </Root>
      </Cmpnd>
      <dockA_lod1021120123819.3db>
         <VMeshWire include="miningbase_mineableb_cmp\dockA_lod1.vwd.xml"/>
         <MultiLevel>
            <Level0>
               <VMeshPart>
                  <VMeshRef type="VMeshRef">
                     <!-- header size  --> 60,
                     <!-- vmesh lib    --> data.solar.dockable.miningbase_mineableb.lod0-212.vms,
                     <!-- start vert   --> 345,
                     <!-- num verts    --> 572,
                     <!-- start index  --> 942,
                     <!-- num indices  --> 771,
                     <!-- start mesh   --> 1,
                     <!-- num meshes   --> 6,
                     <!-- bounding box -->  39.872257,  61.682446,  27.893589,
                                           -65.14476,  -27.892408, -27.893576,
                     <!-- center       --> -11.515247,  18.178413,  -2.3817163,
                     <!-- radius       --> 66.279877
                  </VMeshRef>
               </VMeshPart>
            </Level0>
            <Level1>
               <VMeshPart>
                  <VMeshRef type="VMeshRef">
                     <!-- header size  --> 60,
                     <!-- vmesh lib    --> data.solar.dockable.miningbase_mineableb.lod1-212.vms,
                     <!-- start vert   --> 345,
                     <!-- num verts    --> 132,
                     <!-- start index  --> 942,
                     <!-- num indices  --> 210,
                     <!-- start mesh   --> 1,
                     <!-- num meshes   --> 2,
                     <!-- bounding box -->  39.872257,  61.682446,  27.893589,
                                           -65.14476,  -27.892408, -27.893576,
                     <!-- center       --> -11.515247,  18.178413,  -2.3817163,
                     <!-- radius       --> 66.279877
                  </VMeshRef>
               </VMeshPart>
            </Level1>
            <Switch2 type="float array" count="3">
               0,
               100,
               1000000
            </Switch2>
         </MultiLevel>
      </dockA_lod1021120123819.3db>
      <dockB_lod1021120123819.3db>
         <VMeshWire include="miningbase_mineableb_cmp\dockB_lod1.vwd.xml"/>
         <MultiLevel>
            <Level0>
               <VMeshPart>
                  <VMeshRef type="VMeshRef">
                     <!-- header size  --> 60,
                     <!-- vmesh lib    --> data.solar.dockable.miningbase_mineableb.lod0-112.vms,
                     <!-- start vert   --> 0,
                     <!-- num verts    --> 144,
                     <!-- start index  --> 0,
                     <!-- num indices  --> 252,
                     <!-- start mesh   --> 0,
                     <!-- num meshes   --> 1,
                     <!-- bounding box -->  39.872246,    27.892403,   27.893583,
                                           -39.872261,   -27.892408,  -27.893581,
                     <!-- center       -->   0.14928296,   1.9636809,   0.20137583,
                     <!-- radius       --> 47.747833
                  </VMeshRef>
               </VMeshPart>
            </Level0>
            <Level1>
               <VMeshPart>
                  <VMeshRef type="VMeshRef">
                     <!-- header size  --> 60,
                     <!-- vmesh lib    --> data.solar.dockable.miningbase_mineableb.lod1-112.vms,
                     <!-- start vert   --> 0,
                     <!-- num verts    --> 54,
                     <!-- start index  --> 0,
                     <!-- num indices  --> 108,
                     <!-- start mesh   --> 0,
                     <!-- num meshes   --> 1,
                     <!-- bounding box -->  39.872246,    27.892403,   27.893583,
                                           -39.872261,   -27.892408,  -27.893581,
                     <!-- center       -->   0.14928296,   1.9636809,   0.20137583,
                     <!-- radius       --> 47.747833
                  </VMeshRef>
               </VMeshPart>
            </Level1>
            <Switch2 type="float array" count="3">
               0,
               100,
               1000000
            </Switch2>
         </MultiLevel>
      </dockB_lod1021120123819.3db>
      <doorA_lod1021120123819.3db>
         <VMeshWire include="miningbase_mineableb_cmp\doorA_lod1.vwd.xml"/>
         <MultiLevel>
            <Level0>
               <VMeshPart>
                  <VMeshRef type="VMeshRef">
                     <!-- header size  --> 60,
                     <!-- vmesh lib    --> data.solar.dockable.miningbase_mineableb.lod0-112.vms,
                     <!-- start vert   --> 144,
                     <!-- num verts    --> 144,
                     <!-- start index  --> 252,
                     <!-- num indices  --> 192,
                     <!-- start mesh   --> 1,
                     <!-- num meshes   --> 1,
                     <!-- bounding box -->  23.714806,      35.557468, 1.4123645,
                                           -23.714808,     -11.854731, 0.35150757,
                     <!-- center       -->  -2.6484568e-6,  11.851368, 0.88193399,
                     <!-- radius       --> 23.720623
                  </VMeshRef>
               </VMeshPart>
            </Level0>
            <Level1>
               <VMeshPart>
                  <VMeshRef type="VMeshRef">
                     <!-- header size  --> 60,
                     <!-- vmesh lib    --> data.solar.dockable.miningbase_mineableb.lod1-112.vms,
                     <!-- start vert   --> 54,
                     <!-- num verts    --> 48,
                     <!-- start index  --> 108,
                     <!-- num indices  --> 96,
                     <!-- start mesh   --> 1,
                     <!-- num meshes   --> 1,
                     <!-- bounding box -->  23.714806,      35.557468, 1.4123645,
                                           -23.714808,     -11.854731, 0.35150757,
                     <!-- center       -->  -2.6484568e-6,  11.851368, 0.88193399,
                     <!-- radius       --> 23.720623
                  </VMeshRef>
               </VMeshPart>
            </Level1>
            <Switch2 type="float array" count="3">
               0,
               100,
               1000000
            </Switch2>
         </MultiLevel>
      </doorA_lod1021120123819.3db>
      <doorB_lod1021120123819.3db>
         <VMeshWire include="miningbase_mineableb_cmp\doorB_lod1.vwd.xml"/>
         <MultiLevel>
            <Level0>
               <VMeshPart>
                  <VMeshRef type="VMeshRef">
                     <!-- header size  --> 60,
                     <!-- vmesh lib    --> data.solar.dockable.miningbase_mineableb.lod0-112.vms,
                     <!-- start vert   --> 288,
                     <!-- num verts    --> 144,
                     <!-- start index  --> 444,
                     <!-- num indices  --> 192,
                     <!-- start mesh   --> 2,
                     <!-- num meshes   --> 1,
                     <!-- bounding box -->  23.714809,      35.557472, 1.4123662,
                                           -23.714809,     -11.854735, 0.3515093,
                     <!-- center       -->  -1.6513203e-6,  11.851369, 0.88193572,
                     <!-- radius       --> 23.720627
                  </VMeshRef>
               </VMeshPart>
            </Level0>
            <Level1>
               <VMeshPart>
                  <VMeshRef type="VMeshRef">
                     <!-- header size  --> 60,
                     <!-- vmesh lib    --> data.solar.dockable.miningbase_mineableb.lod1-112.vms,
                     <!-- start vert   --> 102,
                     <!-- num verts    --> 48,
                     <!-- start index  --> 204,
                     <!-- num indices  --> 96,
                     <!-- start mesh   --> 2,
                     <!-- num meshes   --> 1,
                     <!-- bounding box -->  23.714809,      35.557472, 1.4123662,
                                           -23.714809,     -11.854735, 0.3515093,
                     <!-- center       -->  -1.6513203e-6,  11.851369, 0.88193572,
                     <!-- radius       --> 23.720627
                  </VMeshRef>
               </VMeshPart>
            </Level1>
            <Switch2 type="float array" count="3">
               0,
               100,
               1000000
            </Switch2>
         </MultiLevel>
      </doorB_lod1021120123819.3db>
      <Exporter_Version name="Exporter Version" type="text">Nov  5 2002 11:41:55</Exporter_Version>
      <mineableB_lod1021120123819.3db>
         <Hardpoints>
            <Fixed>
               <HpDockCamA>
                  <Orientation type="Matrix">
                       0.5788669000,  -0.2615749500,  -0.7723287300,
                       0.2710723900,   0.9550148200,  -0.1202766700,
                       0.7690467200,  -0.1397328100,   0.6237322100
                  </Orientation>
                  <Position type="Vector">-146.54974, -63.01326, 64.004311</Position>
               </HpDockCamA>
               <HpDockCamB>
                  <Orientation type="Matrix">
                       0.4478141100,   0.6673800300,   0.5950347800,
                      -0.4524219600,   0.7431408200,  -0.4930071800,
                      -0.7712177600,  -0.0484312330,   0.6347263500
                  </Orientation>
                  <Position type="Vector">137.66507, -81.198097, 64.214256</Position>
               </HpDockCamB>
               <HpDockMountA>
                  <Orientation type="Matrix">
                      -0.0212424970,  -0.3063063900,  -0.9516959200,
                       0.0644753800,   0.9495095000,  -0.3070417900,
                       0.9976931800,  -0.0678832900, -420.73234e-06
                  </Orientation>
                  <Position type="Vector">-29.178415, -42.391407, 7.8017344</Position>
               </HpDockMountA>
               <HpDockMountB>
                  <Orientation type="Matrix">
                       0.2349919800,   0.6404358700,   0.7311775700,
                      -0.0318711770,   0.7569147300,  -0.6527359500,
                      -0.9714746500,   0.1300842300,   0.1982803500
                  </Orientation>
                  <Position type="Vector">47.649677, -17.020559, -1.3702644</Position>
               </HpDockMountB>
               <HpDockMountC>
                  <Orientation type="Matrix">
                      -0.0041206498,  -0.0022053013,  -0.9999890900,
                       0.0267351160,   0.9996398700,  -0.0023146986,
                       0.9996340900,  -0.0267443600,  -0.0040602069
                  </Orientation>
                  <Position type="Vector">-119.51965, -1.0413064, 7.6198502</Position>
               </HpDockMountC>
               <HpDockMountD>
                  <Orientation type="Matrix">
                       0.6784541000,  -0.0114623660,   0.7345533400,
                       0.0256005000,   0.9996398700,  -0.0080464222,
                      -0.7341966000,   0.0242640620,   0.6785032200
                  </Orientation>
                  <Position type="Vector">82.435547, 2.7967777, 55.287395</Position>
               </HpDockMountD>
               <HpDockPointA01>
                  <Orientation type="Matrix">
                      -0.0212424970,  -0.3063063900,  -0.9516959200,
                       0.0644753800,   0.9495095000,  -0.3070417900,
                       0.9976931800,  -0.0678832900, -420.73234e-06
                  </Orientation>
                  <Position type="Vector">-84.409027, -60.302532, 7.7832751</Position>
               </HpDockPointA01>
               <HpDockPointA02>
                  <Orientation type="Matrix">
                      -0.0212424970,  -0.3063063900,  -0.9516959200,
                       0.0644753800,   0.9495095000,  -0.3070417900,
                       0.9976931800,  -0.0678832900, -420.73234e-06
                  </Orientation>
                  <Position type="Vector">-115.80135, -70.66452, 7.784523</Position>
               </HpDockPointA02>
               <HpDockPointB01>
                  <Orientation type="Matrix">
                       0.2349919800,   0.6404358700,   0.7311775700,
                      -0.0318711770,   0.7569147300,  -0.6527359500,
                      -0.9714746500,   0.1300842300,   0.1982803500
                  </Orientation>
                  <Position type="Vector">90.310524, -54.67514, 10.18438</Position>
               </HpDockPointB01>
               <HpDockPointB02>
                  <Orientation type="Matrix">
                       0.2349919800,   0.6404358700,   0.7311775700,
                      -0.0318711770,   0.7569147300,  -0.6527359500,
                      -0.9714746500,   0.1300842300,   0.1982803500
                  </Orientation>
                  <Position type="Vector">114.48139, -76.25296, 16.739023</Position>
               </HpDockPointB02>
               <HpDockPointC01>
                  <Orientation type="Matrix">
                      -0.0041206498,  -0.0022053013,  -0.9999890900,
                       0.0267351160,   0.9996398700,  -0.0023146986,
                       0.9996340900,  -0.0267443600,  -0.0040602069
                  </Orientation>
                  <Position type="Vector">-370.18329, -1.6215237, 6.6020927</Position>
               </HpDockPointC01>
               <HpDockPointC02>
                  <Orientation type="Matrix">
                      -0.0041206498,  -0.0022053013,  -0.9999890900,
                       0.0267351160,   0.9996398700,  -0.0023146986,
                       0.9996340900,  -0.0267443600,  -0.0040602069
                  </Orientation>
                  <Position type="Vector">-421.65933, -1.7406758, 6.3930874</Position>
               </HpDockPointC02>
               <HpDockPointD01>
                  <Orientation type="Matrix">
                       0.5033854800,  -0.0114623650,   0.8639859000,
                       0.0267352370,   0.9996398700,  -0.0023147285,
                      -0.8636482400,   0.0242640670,   0.5035106500
                  </Orientation>
                  <Position type="Vector">385.84708, 1.9838992, 232.10855</Position>
               </HpDockPointD01>
               <HpDockPointD02>
                  <Orientation type="Matrix">
                       0.5033854800,  -0.0114623650,   0.8639859000,
                       0.0267352370,   0.9996398700,  -0.0023147285,
                      -0.8636482400,   0.0242640670,   0.5035106500
                  </Orientation>
                  <Position type="Vector">430.32214, 1.8647456, 258.02756</Position>
               </HpDockPointD02>
               <HpLaunchCamA>
                  <Orientation type="Matrix">
                       0.0488816460,  -0.3925916300,   0.9184129800,
                      -0.0660495680,   0.9162288900,   0.3951734600,
                      -0.9966183300,  -0.0799775050,   0.0188562680
                  </Orientation>
                  <Position type="Vector">-6.7723899, -19.381927, 7.8682356</Position>
               </HpLaunchCamA>
               <HpLaunchCamB>
                  <Orientation type="Matrix">
                      -0.2240236800,   0.8492366100,  -0.4781323400,
                       0.0139861260,   0.4933525300,   0.8697170000,
                       0.9744833100,   0.1881499900,  -0.1224001900
                  </Orientation>
                  <Position type="Vector">37.018475, 14.259886, -2.8233695</Position>
               </HpLaunchCamB>
               <HpRunningLight01>
                  <Orientation type="Matrix">
                       0.2167356000,  -0.9368694400,   0.2744107800,
                      -0.7399652000,  -0.3410075300,  -0.5797976900,
                       0.6367709000,  -0.0773916320,  -0.7671592800
                  </Orientation>
                  <Position type="Vector">-81.190842, -16.059746, -16.647604</Position>
               </HpRunningLight01>
               <HpRunningLight02>
                  <Orientation type="Matrix">
                       0.2003869000,  -0.9496741300,  -0.2407574700,
                      -0.8302463300,  -0.2950716900,   0.4728887700,
                      -0.5201309300,   0.1051272800,  -0.8475919400
                  </Orientation>
                  <Position type="Vector">-81.959236, -15.485982, 27.73945</Position>
               </HpRunningLight02>
               <HpRunningLight03>
                  <Orientation type="Matrix">
                      -0.3402986200,  -0.9396309900,  -0.0359225610,
                       0.7366818200,  -0.2901504300,   0.6108294700,
                      -0.5843772300,   0.1814009200,   0.7909468400
                  </Orientation>
                  <Position type="Vector">-62.037048, -66.306885, 29.793564</Position>
               </HpRunningLight03>
               <HpRunningLight04>
                  <Orientation type="Matrix">
                      -0.2960744800,  -0.9500731800,   0.0984928830,
                       0.8480051800,  -0.3089117700,  -0.4306516100,
                       0.4395761500,  -0.0439824720,   0.8971278700
                  </Orientation>
                  <Position type="Vector">-58.400887, -67.127975, -19.198433</Position>
               </HpRunningLight04>
               <HpRunningLight05>
                  <Orientation type="Matrix">
                      -0.0680653300,  -0.9500731200,   0.3045129200,
                       0.0676144960,  -0.3089118000,  -0.9486842200,
                       0.9953870800,  -0.0439830160,   0.0852648990
                  </Orientation>
                  <Position type="Vector">-105.64117, 27.28644, 1.5901459</Position>
               </HpRunningLight05>
               <HpRunningLight06>
                  <Orientation type="Matrix">
                       0.0041207029,  -0.0022053407,   0.9999890900,
                      -0.0267351290,   0.9996398700,   0.0023147394,
                      -0.9996340900,  -0.0267443730,   0.0040602586
                  </Orientation>
                  <Position type="Vector">-100.10707, 68.8965, 47.160931</Position>
               </HpRunningLight06>
               <HpRunningLight07>
                  <Orientation type="Matrix">
                      -0.9996638300,  -0.0256940930,   0.0034648862,
                      -0.0257894530,   0.9991845500,  -0.0310669930,
                      -0.0026638226,  -0.0311459060,  -0.9995113000
                  </Orientation>
                  <Position type="Vector">-24.083645, 68.582535, -114.6152</Position>
               </HpRunningLight07>
               <HpRunningLight08>
                  <Orientation type="Matrix">
                       0.6875389800,   0.7206703400,  -0.0890188440,
                       0.6257491700,  -0.6502065700,  -0.4308936900,
                      -0.3684129700,   0.2405527400,  -0.8980012500
                  </Orientation>
                  <Position type="Vector">57.077087, -50.590378, 29.362022</Position>
               </HpRunningLight08>
               <HpRunningLight09>
                  <Orientation type="Matrix">
                      -0.4398336400,   0.8646016700,   0.2429202900,
                      -0.7612029900,  -0.5024371100,   0.4100328100,
                       0.4765672400,  -0.0045654313,   0.8791261900
                  </Orientation>
                  <Position type="Vector">108.25388, -9.9182034, -11.905082</Position>
               </HpRunningLight09>
               <HpRunningLight10>
                  <Orientation type="Matrix">
                       0.9998799600,  -0.0139226660,   0.0067996187,
                       0.0138701610,   0.9998741100,   0.0077087688,
                      -0.0069060889,  -0.0076135318,   0.9999471900
                  </Orientation>
                  <Position type="Vector">-18.921585, 32.879917, 114.15955</Position>
               </HpRunningLight10>
               <HpRunningLight11>
                  <Orientation type="Matrix">
                       0.4875841700,   0.7617580300,   0.4265986100,
                       0.5913003700,  -0.6476137000,   0.4805833400,
                       0.6423593200,   0.0179230850,  -0.7661939900
                  </Orientation>
                  <Position type="Vector">67.537048, -55.07896, -15.070319</Position>
               </HpRunningLight11>
               <HpRunningLight12>
                  <Orientation type="Matrix">
                      -0.2427153300,   0.7747139900,  -0.5838728500,
                      -0.7536652100,  -0.5295412500,  -0.3893260400,
                      -0.6108011000,   0.3455492900,   0.7124027600
                  </Orientation>
                  <Position type="Vector">96.592964, -6.1133523, 33.088333</Position>
               </HpRunningLight12>
               <HpRunningLight13>
                  <Orientation type="Matrix">
                       0.9999706700,   0.0035298783,   0.0067997128,
                      -0.0035822722,   0.9999638800,   0.0077085705,
                      -0.0067722569,  -0.0077327024,   0.9999471900
                  </Orientation>
                  <Position type="Vector">2.2338049, 129.07692, 1.3123477</Position>
               </HpRunningLight13>
               <HpRunningLight14>
                  <Orientation type="Matrix">
                       0.9999706700,   0.0035298783,   0.0067997128,
                      -0.0035822722,   0.9999638800,   0.0077085705,
                      -0.0067722569,  -0.0077327024,   0.9999471900
                  </Orientation>
                  <Position type="Vector">105.08038, 63.816341, -26.056524</Position>
               </HpRunningLight14>
               <HpTurret_S2_01>
                  <Orientation type="Matrix">
                      -0.9970780000,   0.0103018190,  -0.0756926540,
                      -0.0026458586,   0.9856132300,   0.1689957500,
                       0.0763446470,   0.1687022000,  -0.9827060100
                  </Orientation>
                  <Position type="Vector">3.4238248, 118.85091, 32.06345</Position>
               </HpTurret_S2_01>
               <HpTurret_S2_02>
                  <Orientation type="Matrix">
                       0.0618037880,  -0.5542497000,   0.8300527300,
                       0.0495201830,   0.8323211100,   0.5520772300,
                      -0.9968590700,   0.0069838990,   0.0788871500
                  </Orientation>
                  <Position type="Vector">-86.391045, 77.342911, -12.158031</Position>
               </HpTurret_S2_02>
               <HpTurret_S2_03>
                  <Orientation type="Matrix">
                       0.2302907300,   0.9451592600,  -0.2316034400,
                      -0.1490214500,  -0.2009404300,  -0.9682022300,
                      -0.9616438200,   0.2574818700,   0.0945742880
                  </Orientation>
                  <Position type="Vector">108.70988, 11.234044, 6.3878613</Position>
               </HpTurret_S2_03>
               <HpTurret_S2_04>
                  <Orientation type="Matrix">
                      -0.0836875960,  -0.2024587700,   0.9757083700,
                       0.0677824990,  -0.9780319300,  -0.1971271200,
                       0.9941840800,   0.0496388560,   0.0955723000
                  </Orientation>
                  <Position type="Vector">-21.028378, -94.126724, 5.858336</Position>
               </HpTurret_S2_04>
               <Hp_module01>
                  <Orientation type="Matrix">
                      -0.5602913500,   0.2435329300,   0.7916851000,
                      -0.8125795100,  -0.3469162600,  -0.4683626900,
                       0.1605867000,  -0.9057266700,   0.3922640700
                  </Orientation>
                  <Position type="Vector">0.53340405, -11.602722, -87.228912</Position>
               </Hp_module01>
               <Hp_module02>
                  <Orientation type="Matrix">
                       0.6498929900,  -0.0227035940,   0.7596865300,
                      -0.0064804484,   0.9993518600,   0.0354099680,
                      -0.7599980800,  -0.0279357990,   0.6493246600
                  </Orientation>
                  <Position type="Vector">-6.5299506, 113.93217, -60.570221</Position>
               </Hp_module02>
               <Hp_module03>
                  <Orientation type="Matrix">
                     -796.63034e-06,   0.2929475000,  -0.9561281800,
                      -0.9454743900,  -0.3116275400,  -0.0946916040,
                      -0.3256955400,   0.9039192800,   0.2772226000
                  </Orientation>
                  <Position type="Vector">58.223148, 14.264015, 82.02108</Position>
               </Hp_module03>
            </Fixed>
         </Hardpoints>
         <VMeshWire include="miningbase_mineableb_cmp\mineableB_lod1.vwd.xml"/>
         <MultiLevel>
            <Level0>
               <VMeshPart>
                  <VMeshRef type="VMeshRef">
                     <!-- header size  --> 60,
                     <!-- vmesh lib    --> data.solar.dockable.miningbase_mineableb.lod0-212.vms,
                     <!-- start vert   --> 0,
                     <!-- num verts    --> 345,
                     <!-- start index  --> 0,
                     <!-- num indices  --> 942,
                     <!-- start mesh   --> 0,
                     <!-- num meshes   --> 1,
                     <!-- bounding box -->  117.14089,   128.65514,   113.0192,
                                           -105.72713,   -98.002197, -118.66479,
                     <!-- center       -->   -1.0797344,  21.208445,   -5.588778,
                     <!-- radius       --> 128.88887
                  </VMeshRef>
               </VMeshPart>
            </Level0>
            <Level1>
               <VMeshPart>
                  <VMeshRef type="VMeshRef">
                     <!-- header size  --> 60,
                     <!-- vmesh lib    --> data.solar.dockable.miningbase_mineableb.lod1-212.vms,
                     <!-- start vert   --> 0,
                     <!-- num verts    --> 345,
                     <!-- start index  --> 0,
                     <!-- num indices  --> 942,
                     <!-- start mesh   --> 0,
                     <!-- num meshes   --> 1,
                     <!-- bounding box -->  117.14089,   128.65514,   113.0192,
                                           -105.72713,   -98.002197, -118.66479,
                     <!-- center       -->   -1.0797344,  21.208445,   -5.588778,
                     <!-- radius       --> 128.88887
                  </VMeshRef>
               </VMeshPart>
            </Level1>
            <Switch2 type="float array" count="3">
               0,
               100,
               1000000
            </Switch2>
         </MultiLevel>
      </mineableB_lod1021120123819.3db>
   </UTF_ROOT>
</UTFXML>
