<?xml version="1.0" encoding="ISO-8859-1"?>
<!-- XML generated by UTFXML Version 2.2 built 19-Aug-2010 -->
<UTFXML filename="miningbase_fraga.cmp" path="SOLAR\DOCKABLE">
   <UTF_ROOT>
      <VMeshLibrary>
         <data.solar.dockable.miningbase_fraga.lod0-112.vms include="miningbase_fraga_cmp\lod0-112.vms.xml"/>
         <data.solar.dockable.miningbase_fraga.lod0-212.vms include="miningbase_fraga_cmp\lod0-212.vms.xml"/>
         <data.solar.dockable.miningbase_fraga.lod1-112.vms include="miningbase_fraga_cmp\lod1-112.vms.xml"/>
         <data.solar.dockable.miningbase_fraga.lod1-212.vms include="miningbase_fraga_cmp\lod1-212.vms.xml"/>
      </VMeshLibrary>
      <Animation>
         <Script>
            <Sc_open_dockA name="Sc_open dockA">
               <Joint_map_0 name="Joint map 0">
                  <Channel>
                     <Header type="Header">
                        <!-- count    --> 2,
                        <!-- interval --> Explicit,
                        <!-- flags    --> 0x1
                     </Header>
                     <Frames type="Frames" count="2">
                          0.0000000000:     0.0000000000
                          3.3333335000:    43.6902920000
                     </Frames>
                  </Channel>
                  <Child_name name="Child name" type="text">doorA_lod1</Child_name>
                  <Parent_name name="Parent name" type="text">dockA_lod1</Parent_name>
               </Joint_map_0>
            </Sc_open_dockA>
            <Sc_open_dockB name="Sc_open dockB">
               <Joint_map_0 name="Joint map 0">
                  <Channel>
                     <Header type="Header">
                        <!-- count    --> 2,
                        <!-- interval --> Explicit,
                        <!-- flags    --> 0x1
                     </Header>
                     <Frames type="Frames" count="2">
                          0.0000000000:     0.0000000000
                          3.3333335000:    43.6902770000
                     </Frames>
                  </Channel>
                  <Child_name name="Child name" type="text">doorB_lod1</Child_name>
                  <Parent_name name="Parent name" type="text">dockB_lod1</Parent_name>
               </Joint_map_0>
            </Sc_open_dockB>
         </Script>
      </Animation>
      <Cmpnd>
         <Cons>
            <Fix type="Fix" count="2">
               <part>
                  <!-- parent      --> "Root",
                  <!-- child       --> "dockA_lod1",
                  <!-- position    --> -35.208706, -27.329004, 6.6661263,
                  <!-- orientation -->   0.9492664900,  -0.3144695500,   0.0014419799,
                                         0.3143879500,   0.9491067500,   0.0188849310,
                                        -0.0073073283,  -0.0174734910,   0.9998206500
               </part>
               <part>
                  <!-- parent      --> "Root",
                  <!-- child       --> "dockB_lod1",
                  <!-- position    --> 56.743076, -3.9520593, 0.57895434,
                  <!-- orientation -->  -0.7263875600,   0.6307098300,   0.2730681300,
                                         0.6611056900,   0.7498160000,   0.0267428070,
                                        -0.1878839100,   0.1999525400,  -0.9616228900
               </part>
            </Fix>
            <Pris type="Rev" count="2">
               <part>
                  <!-- parent      --> "dockA_lod1",
                  <!-- child       --> "doorA_lod1",
                  <!-- position    --> -33.283691, 11.968588, 0.1422106,
                  <!-- offset      --> 0, 0, 0,
                  <!-- orientation -->  -0.0046871351,  -0.0091134757,   0.9999474900,
                                        -0.0189854520,  -0.9997774400,  -0.0092009176,
                                         0.9998087900,  -0.0190275810,   0.0045130681,
                  <!-- axis        -->   0.0091130985,   0.9997774400,   0.0190275910,
                  <!-- min, max    --> 0, 43.690292
               </part>
               <part>
                  <!-- parent      --> "dockB_lod1",
                  <!-- child       --> "doorB_lod1",
                  <!-- position    --> -33.283688, 11.968577, 0.14221171,
                  <!-- offset      --> 0, 0, 0,
                  <!-- orientation -->  -0.0046870927,  -0.0091131032,   0.9999474900,
                                        -0.0189854560,  -0.9997774400,  -0.0092005441,
                                         0.9998087900,  -0.0190275830,   0.0045130332,
                  <!-- axis        -->   0.0091131059,   0.9997774400,   0.0190275890,
                  <!-- min, max    --> 0, 43.690277
               </part>
            </Pris>
         </Cons>
         <Part_dockA_lod1>
            <File_name name="File name" type="text">dockA_lod1030103114902.3db</File_name>
            <Index type="int">1</Index>
            <Object_name name="Object name" type="text">dockA_lod1</Object_name>
         </Part_dockA_lod1>
         <Part_dockB_lod1>
            <File_name name="File name" type="text">dockB_lod1030103114902.3db</File_name>
            <Index type="int">3</Index>
            <Object_name name="Object name" type="text">dockB_lod1</Object_name>
         </Part_dockB_lod1>
         <Part_doorA_lod1>
            <File_name name="File name" type="text">doorA_lod1030103114902.3db</File_name>
            <Index type="int">2</Index>
            <Object_name name="Object name" type="text">doorA_lod1</Object_name>
         </Part_doorA_lod1>
         <Part_doorB_lod1>
            <File_name name="File name" type="text">doorB_lod1030103114902.3db</File_name>
            <Index type="int">4</Index>
            <Object_name name="Object name" type="text">doorB_lod1</Object_name>
         </Part_doorB_lod1>
         <Root>
            <File_name name="File name" type="text">miningbase_fragA_lod1030103114902.3db</File_name>
            <Index type="int">0</Index>
            <Object_name name="Object name" type="text">Root</Object_name>
         </Root>
      </Cmpnd>
      <dockA_lod1030103114902.3db>
         <VMeshWire include="miningbase_fraga_cmp\dockA_lod1.vwd.xml"/>
         <MultiLevel>
            <Level0>
               <VMeshPart>
                  <VMeshRef type="VMeshRef">
                     <!-- header size  --> 60,
                     <!-- vmesh lib    --> data.solar.dockable.miningbase_fraga.lod0-212.vms,
                     <!-- start vert   --> 0,
                     <!-- num verts    --> 626,
                     <!-- start index  --> 0,
                     <!-- num indices  --> 828,
                     <!-- start mesh   --> 0,
                     <!-- num meshes   --> 6,
                     <!-- bounding box -->  39.872257,  61.680305,  27.893583,
                                           -66.122002, -27.892408, -27.893574,
                     <!-- center       --> -12.022086,  18.170204,  -2.3585403,
                     <!-- radius       --> 66.660286
                  </VMeshRef>
               </VMeshPart>
            </Level0>
            <Level1>
               <VMeshPart>
                  <VMeshRef type="VMeshRef">
                     <!-- header size  --> 60,
                     <!-- vmesh lib    --> data.solar.dockable.miningbase_fraga.lod1-212.vms,
                     <!-- start vert   --> 0,
                     <!-- num verts    --> 136,
                     <!-- start index  --> 0,
                     <!-- num indices  --> 198,
                     <!-- start mesh   --> 0,
                     <!-- num meshes   --> 2,
                     <!-- bounding box -->  39.872257,  61.680305,  27.893583,
                                           -66.122002, -27.892408, -27.893574,
                     <!-- center       --> -12.022086,  18.170204,  -2.3585403,
                     <!-- radius       --> 66.660286
                  </VMeshRef>
               </VMeshPart>
            </Level1>
            <Switch2 type="float array" count="3">
               0,
               100,
               1000000
            </Switch2>
         </MultiLevel>
      </dockA_lod1030103114902.3db>
      <dockB_lod1030103114902.3db>
         <VMeshWire include="miningbase_fraga_cmp\dockB_lod1.vwd.xml"/>
         <MultiLevel>
            <Level0>
               <VMeshPart>
                  <VMeshRef type="VMeshRef">
                     <!-- header size  --> 60,
                     <!-- vmesh lib    --> data.solar.dockable.miningbase_fraga.lod0-112.vms,
                     <!-- start vert   --> 0,
                     <!-- num verts    --> 144,
                     <!-- start index  --> 0,
                     <!-- num indices  --> 252,
                     <!-- start mesh   --> 0,
                     <!-- num meshes   --> 1,
                     <!-- bounding box -->  39.872253,    27.892387,   27.893581,
                                           -39.872269,   -27.892414,  -27.893562,
                     <!-- center       -->   0.14927427,   1.9636717,   0.20138468,
                     <!-- radius       --> 47.747833
                  </VMeshRef>
               </VMeshPart>
            </Level0>
            <Level1>
               <VMeshPart>
                  <VMeshRef type="VMeshRef">
                     <!-- header size  --> 60,
                     <!-- vmesh lib    --> data.solar.dockable.miningbase_fraga.lod1-112.vms,
                     <!-- start vert   --> 0,
                     <!-- num verts    --> 54,
                     <!-- start index  --> 0,
                     <!-- num indices  --> 108,
                     <!-- start mesh   --> 0,
                     <!-- num meshes   --> 1,
                     <!-- bounding box -->  39.872253,    27.892387,   27.893581,
                                           -39.872269,   -27.892414,  -27.893562,
                     <!-- center       -->   0.14927427,   1.9636717,   0.20138468,
                     <!-- radius       --> 47.747833
                  </VMeshRef>
               </VMeshPart>
            </Level1>
            <Switch2 type="float array" count="3">
               0,
               100,
               1000000
            </Switch2>
         </MultiLevel>
      </dockB_lod1030103114902.3db>
      <doorA_lod1030103114902.3db>
         <VMeshWire include="miningbase_fraga_cmp\doorA_lod1.vwd.xml"/>
         <MultiLevel>
            <Level0>
               <VMeshPart>
                  <VMeshRef type="VMeshRef">
                     <!-- header size  --> 60,
                     <!-- vmesh lib    --> data.solar.dockable.miningbase_fraga.lod0-112.vms,
                     <!-- start vert   --> 264,
                     <!-- num verts    --> 120,
                     <!-- start index  --> 444,
                     <!-- num indices  --> 192,
                     <!-- start mesh   --> 2,
                     <!-- num meshes   --> 1,
                     <!-- bounding box -->  23.714804,      35.557476, 1.4123594,
                                           -23.714804,     -11.854733, 0.35150236,
                     <!-- center       -->  -2.6358948e-6,  11.85137,  0.88192898,
                     <!-- radius       --> 23.720621
                  </VMeshRef>
               </VMeshPart>
            </Level0>
            <Level1>
               <VMeshPart>
                  <VMeshRef type="VMeshRef">
                     <!-- header size  --> 60,
                     <!-- vmesh lib    --> data.solar.dockable.miningbase_fraga.lod1-112.vms,
                     <!-- start vert   --> 102,
                     <!-- num verts    --> 48,
                     <!-- start index  --> 204,
                     <!-- num indices  --> 96,
                     <!-- start mesh   --> 2,
                     <!-- num meshes   --> 1,
                     <!-- bounding box -->  23.714804,      35.557476, 1.4123594,
                                           -23.714804,     -11.854733, 0.35150236,
                     <!-- center       -->  -2.6358948e-6,  11.85137,  0.88192898,
                     <!-- radius       --> 23.720621
                  </VMeshRef>
               </VMeshPart>
            </Level1>
            <Switch2 type="float array" count="3">
               0,
               100,
               1000000
            </Switch2>
         </MultiLevel>
      </doorA_lod1030103114902.3db>
      <doorB_lod1030103114902.3db>
         <VMeshWire include="miningbase_fraga_cmp\doorB_lod1.vwd.xml"/>
         <MultiLevel>
            <Level0>
               <VMeshPart>
                  <VMeshRef type="VMeshRef">
                     <!-- header size  --> 60,
                     <!-- vmesh lib    --> data.solar.dockable.miningbase_fraga.lod0-112.vms,
                     <!-- start vert   --> 144,
                     <!-- num verts    --> 120,
                     <!-- start index  --> 252,
                     <!-- num indices  --> 192,
                     <!-- start mesh   --> 1,
                     <!-- num meshes   --> 1,
                     <!-- bounding box -->  23.7148,       35.557468, 1.4123605,
                                           -23.714802,    -11.854728, 0.35150367,
                     <!-- center       -->  -2.645317e-6,  11.85137,  0.88193023,
                     <!-- radius       --> 23.720617
                  </VMeshRef>
               </VMeshPart>
            </Level0>
            <Level1>
               <VMeshPart>
                  <VMeshRef type="VMeshRef">
                     <!-- header size  --> 60,
                     <!-- vmesh lib    --> data.solar.dockable.miningbase_fraga.lod1-112.vms,
                     <!-- start vert   --> 54,
                     <!-- num verts    --> 48,
                     <!-- start index  --> 108,
                     <!-- num indices  --> 96,
                     <!-- start mesh   --> 1,
                     <!-- num meshes   --> 1,
                     <!-- bounding box -->  23.7148,       35.557468, 1.4123605,
                                           -23.714802,    -11.854728, 0.35150367,
                     <!-- center       -->  -2.645317e-6,  11.85137,  0.88193023,
                     <!-- radius       --> 23.720617
                  </VMeshRef>
               </VMeshPart>
            </Level1>
            <Switch2 type="float array" count="3">
               0,
               100,
               1000000
            </Switch2>
         </MultiLevel>
      </doorB_lod1030103114902.3db>
      <Exporter_Version name="Exporter Version" type="text">Nov  5 2002 11:41:55</Exporter_Version>
      <miningbase_fragA_lod1030103114902.3db>
         <Hardpoints>
            <Fixed>
               <HpDockCamA>
                  <Orientation type="Matrix">
                       0.5788669000,  -0.2615749200,  -0.7723287300,
                       0.2710723600,   0.9550148200,  -0.1202766700,
                       0.7690467800,  -0.1397327800,   0.6237321500
                  </Orientation>
                  <Position type="Vector">-147.2505, -58.275097, 63.677673</Position>
               </HpDockCamA>
               <HpDockCamB>
                  <Orientation type="Matrix">
                       0.4478142000,   0.6673799800,   0.5950348400,
                      -0.4524220500,   0.7431409400,  -0.4930070000,
                      -0.7712177000,  -0.0484313440,   0.6347264600
                  </Orientation>
                  <Position type="Vector">136.96431, -76.459946, 63.887615</Position>
               </HpDockCamB>
               <HpDockMountA>
                  <Orientation type="Matrix">
                      -0.0212425850,  -0.3063065400,  -0.9516958600,
                       0.0644753050,   0.9495094400,  -0.3070419400,
                       0.9976931800,  -0.0678832530, -420.82716e-06
                  </Orientation>
                  <Position type="Vector">-29.879169, -37.653248, 7.4750848</Position>
               </HpDockMountA>
               <HpDockMountB>
                  <Orientation type="Matrix">
                       0.2349920700,   0.6404359300,   0.7311774500,
                      -0.0318711100,   0.7569146800,  -0.6527360700,
                      -0.9714746500,   0.1300843700,   0.1982803300
                  </Orientation>
                  <Position type="Vector">46.948925, -12.282398, -1.6969146</Position>
               </HpDockMountB>
               <HpDockMountC>
                  <Orientation type="Matrix">
                       0.0174524190,   0.0000000000,  -0.9998477100,
                       0.0000000000,   1.0000000000,   0.0000000000,
                       0.9998477100,   0.0000000000,   0.0174524190
                  </Orientation>
                  <Position type="Vector">-124.16154, 200, 5.6148882</Position>
               </HpDockMountC>
               <HpDockPointA01>
                  <Orientation type="Matrix">
                      -0.0212425850,  -0.3063065400,  -0.9516958600,
                       0.0644753050,   0.9495094400,  -0.3070419400,
                       0.9976931800,  -0.0678832530, -420.82716e-06
                  </Orientation>
                  <Position type="Vector">-85.109787, -55.564373, 7.4566255</Position>
               </HpDockPointA01>
               <HpDockPointA02>
                  <Orientation type="Matrix">
                      -0.0212425850,  -0.3063065400,  -0.9516958600,
                       0.0644753050,   0.9495094400,  -0.3070419400,
                       0.9976931800,  -0.0678832530, -420.82716e-06
                  </Orientation>
                  <Position type="Vector">-116.50211, -65.926369, 7.4578733</Position>
               </HpDockPointA02>
               <HpDockPointB01>
                  <Orientation type="Matrix">
                       0.2349920700,   0.6404359300,   0.7311774500,
                      -0.0318711100,   0.7569146800,  -0.6527360700,
                      -0.9714746500,   0.1300843700,   0.1982803300
                  </Orientation>
                  <Position type="Vector">89.609764, -49.936985, 9.8577299</Position>
               </HpDockPointB01>
               <HpDockPointB02>
                  <Orientation type="Matrix">
                       0.2349920700,   0.6404359300,   0.7311774500,
                      -0.0318711100,   0.7569146800,  -0.6527360700,
                      -0.9714746500,   0.1300843700,   0.1982803300
                  </Orientation>
                  <Position type="Vector">113.78063, -71.514809, 16.412376</Position>
               </HpDockPointB02>
               <HpDockPointC01>
                  <Orientation type="Matrix">
                       0.0174524190,   0.0000000000,  -0.9998477100,
                       0.0000000000,   1.0000000000,   0.0000000000,
                       0.9998477100,   0.0000000000,   0.0174524190
                  </Orientation>
                  <Position type="Vector">-374.40308, 200, 4.5988421</Position>
               </HpDockPointC01>
               <HpDockPointC02>
                  <Orientation type="Matrix">
                       0.0174524190,   0.0000000000,  -0.9998477100,
                       0.0000000000,   1.0000000000,   0.0000000000,
                       0.9998477100,   0.0000000000,   0.0174524190
                  </Orientation>
                  <Position type="Vector">-425.11185, 200, 4.392951</Position>
               </HpDockPointC02>
               <HpLaunchCamA>
                  <Orientation type="Matrix">
                       0.0488816460,  -0.3925916300,   0.9184129800,
                      -0.0660495680,   0.9162288900,   0.3951734600,
                      -0.9966183300,  -0.0799775050,   0.0188562680
                  </Orientation>
                  <Position type="Vector">-7.4731441, -14.643765, 7.5415859</Position>
               </HpLaunchCamA>
               <HpLaunchCamB>
                  <Orientation type="Matrix">
                      -0.2240236800,   0.8492366700,  -0.4781322800,
                       0.0139861250,   0.4933525000,   0.8697170000,
                       0.9744833100,   0.1881500000,  -0.1224001700
                  </Orientation>
                  <Position type="Vector">35.96545, 18.793404, -3.2280657</Position>
               </HpLaunchCamB>
               <HpRunningLight01>
                  <Orientation type="Matrix">
                       0.2167355700,  -0.9368694400,   0.2744108100,
                      -0.7399651400,  -0.3410075300,  -0.5797977400,
                       0.6367709600,  -0.0773916390,  -0.7671592200
                  </Orientation>
                  <Position type="Vector">-81.891602, -11.321588, -16.974257</Position>
               </HpRunningLight01>
               <HpRunningLight02>
                  <Orientation type="Matrix">
                       0.2003867900,  -0.9496741300,  -0.2407574100,
                      -0.8302463300,  -0.2950716000,   0.4728888300,
                      -0.5201309300,   0.1051272700,  -0.8475918800
                  </Orientation>
                  <Position type="Vector">-82.66, -10.747823, 27.412806</Position>
               </HpRunningLight02>
               <HpRunningLight03>
                  <Orientation type="Matrix">
                      -0.3402986200,  -0.9396309900,  -0.0359224860,
                       0.7366818200,  -0.2901504000,   0.6108294700,
                      -0.5843772300,   0.1814009800,   0.7909468400
                  </Orientation>
                  <Position type="Vector">-62.737801, -61.568726, 29.466921</Position>
               </HpRunningLight03>
               <HpRunningLight04>
                  <Orientation type="Matrix">
                      -0.2960744800,  -0.9500731800,   0.0984928610,
                       0.8480051200,  -0.3089117400,  -0.4306517200,
                       0.4395762400,  -0.0439825320,   0.8971278100
                  </Orientation>
                  <Position type="Vector">-59.101639, -62.38982, -19.525084</Position>
               </HpRunningLight04>
               <HpRunningLight05>
                  <Orientation type="Matrix">
                      -0.0680652780,  -0.9500731200,   0.3045130400,
                       0.0676144290,  -0.3089119200,  -0.9486842200,
                       0.9953870800,  -0.0439829790,   0.0852648240
                  </Orientation>
                  <Position type="Vector">-111.68597, 30.287006, 1.016093</Position>
               </HpRunningLight05>
               <HpRunningLight06>
                  <Orientation type="Matrix">
                       0.0041207247,  -0.0022053397,   0.9999890900,
                      -0.0267351510,   0.9996398700,   0.0023147392,
                      -0.9996340900,  -0.0267443950,   0.0040602805
                  </Orientation>
                  <Position type="Vector">-172.0594, 67.209915, 17.175692</Position>
               </HpRunningLight06>
               <HpRunningLight07>
                  <Orientation type="Matrix">
                      -0.9996638300,  -0.0256940870,   0.0034648872,
                      -0.0257894470,   0.9991845500,  -0.0310670080,
                      -0.0026638233,  -0.0311459210,  -0.9995113000
                  </Orientation>
                  <Position type="Vector">-34.354767, 64.828636, -180.12148</Position>
               </HpRunningLight07>
               <HpRunningLight08>
                  <Orientation type="Matrix">
                       0.6875388600,   0.7206705200,  -0.0890188290,
                       0.6257493500,  -0.6502064500,  -0.4308936600,
                      -0.3684130000,   0.2405526600,  -0.8980012500
                  </Orientation>
                  <Position type="Vector">56.376335, -45.852219, 29.035374</Position>
               </HpRunningLight08>
               <HpRunningLight09>
                  <Orientation type="Matrix">
                      -0.4398334900,   0.8646017900,   0.2429202800,
                      -0.7612031700,  -0.5024370000,   0.4100327500,
                       0.4765671800,  -0.0045655509,   0.8791261900
                  </Orientation>
                  <Position type="Vector">107.55312, -5.1800456, -12.23173</Position>
               </HpRunningLight09>
               <HpRunningLight11>
                  <Orientation type="Matrix">
                       0.4875842000,   0.7617580300,   0.4265986400,
                       0.5913004300,  -0.6476137000,   0.4805833400,
                       0.6423593200,   0.0179231130,  -0.7661940500
                  </Orientation>
                  <Position type="Vector">66.836288, -50.340809, -15.396965</Position>
               </HpRunningLight11>
               <HpRunningLight12>
                  <Orientation type="Matrix">
                      -0.2427154500,   0.7747139900,  -0.5838728000,
                      -0.7536652100,  -0.5295413100,  -0.3893260100,
                      -0.6108010400,   0.3455491700,   0.7124028800
                  </Orientation>
                  <Position type="Vector">95.892204, -1.375195, 32.761684</Position>
               </HpRunningLight12>
               <HpRunningLight13>
                  <Orientation type="Matrix">
                       0.9999706700,   0.0035298995,   0.0067997011,
                      -0.0035822936,   0.9999638800,   0.0077086100,
                      -0.0067722448,  -0.0077327420,   0.9999471900
                  </Orientation>
                  <Position type="Vector">-5.0896111, 91.728531, -2.8255305</Position>
               </HpRunningLight13>
               <HpRunningLight14>
                  <Orientation type="Matrix">
                       0.9999706700,   0.0035298995,   0.0067997011,
                      -0.0035822936,   0.9999638800,   0.0077086100,
                      -0.0067722448,  -0.0077327420,   0.9999471900
                  </Orientation>
                  <Position type="Vector">171.81302, 60.285431, -39.988174</Position>
               </HpRunningLight14>
               <HpTurret_S2_01>
                  <Orientation type="Matrix">
                       0.2149425900,   0.7159012000,  -0.6642929900,
                       0.0123275210,  -0.6821259900,  -0.7311307800,
                      -0.9765488500,   0.1489620500,  -0.1554432100
                  </Orientation>
                  <Position type="Vector">122.37277, 14.80617, 8.1681347</Position>
               </HpTurret_S2_01>
               <HpTurret_S2_02>
                  <Orientation type="Matrix">
                      -0.9675070000,  -0.2517166100,   0.0238531700,
                      -0.2519339300,   0.9677223000,  -0.0065418244,
                      -0.0214365590,  -0.0123386840,  -0.9996940500
                  </Orientation>
                  <Position type="Vector">-140.58562, 77.763268, -2.4489558</Position>
               </HpTurret_S2_02>
               <HpTurret_S2_03>
                  <Orientation type="Matrix">
                       0.3016341900,   0.2732577600,  -0.9134259800,
                       0.0203976910,   0.9559794700,   0.2927237200,
                       0.9532055300,  -0.1069272500,   0.2827822900
                  </Orientation>
                  <Position type="Vector">173.6041, 66.147362, -31.480585</Position>
               </HpTurret_S2_03>
               <HpTurret_S2_04>
                  <Orientation type="Matrix">
                       0.2599107900,  -0.1190377300,  -0.9582673900,
                       0.0447237900,  -0.9898237000,   0.1350881500,
                      -0.9645963900,  -0.0779682170,  -0.2519420400
                  </Orientation>
                  <Position type="Vector">-23.255796, -91.074905, 6.3458395</Position>
               </HpTurret_S2_04>
               <Hp_module01>
                  <Orientation type="Matrix">
                      -0.5602914700,   0.2435329000,   0.7916850400,
                      -0.8125794500,  -0.3469162900,  -0.4683627800,
                       0.1605867000,  -0.9057266700,   0.3922640700
                  </Orientation>
                  <Position type="Vector">-0.87142962, -5.8615961, -84.937027</Position>
               </Hp_module01>
               <Hp_module02>
                  <Orientation type="Matrix">
                       0.6498931100,  -0.0227035790,   0.7596864100,
                      -0.0064804535,   0.9993518600,   0.0354099570,
                      -0.7599979600,  -0.0279358010,   0.6493247700
                  </Orientation>
                  <Position type="Vector">10.495474, 84.231857, -75.067291</Position>
               </Hp_module02>
               <Hp_module03>
                  <Orientation type="Matrix">
                     -796.71678e-06,   0.2929475900,  -0.9561281800,
                      -0.9454743900,  -0.3116274500,  -0.0946915220,
                      -0.3256954300,   0.9039192800,   0.2772227200
                  </Orientation>
                  <Position type="Vector">55.30978, 21.355879, 74.867188</Position>
               </Hp_module03>
            </Fixed>
         </Hardpoints>
         <VMeshWire include="miningbase_fraga_cmp\miningbase_fragA_lod1.vwd.xml"/>
         <MultiLevel>
            <Level0>
               <VMeshPart>
                  <VMeshRef type="VMeshRef">
                     <!-- header size  --> 60,
                     <!-- vmesh lib    --> data.solar.dockable.miningbase_fraga.lod0-212.vms,
                     <!-- start vert   --> 626,
                     <!-- num verts    --> 851,
                     <!-- start index  --> 828,
                     <!-- num indices  --> 1140,
                     <!-- start mesh   --> 6,
                     <!-- num meshes   --> 1,
                     <!-- bounding box -->  193.08914,    93.264046,   180.61398,
                                           -171.28831,   -93.264046,  -180.61395,
                     <!-- center       -->    5.3877993,   6.1588235,   -0.27360371,
                     <!-- radius       --> 201.69168
                  </VMeshRef>
               </VMeshPart>
            </Level0>
            <Level1>
               <VMeshPart>
                  <VMeshRef type="VMeshRef">
                     <!-- header size  --> 60,
                     <!-- vmesh lib    --> data.solar.dockable.miningbase_fraga.lod1-212.vms,
                     <!-- start vert   --> 136,
                     <!-- num verts    --> 851,
                     <!-- start index  --> 198,
                     <!-- num indices  --> 1140,
                     <!-- start mesh   --> 2,
                     <!-- num meshes   --> 1,
                     <!-- bounding box -->  193.08914,    93.264046,   180.61398,
                                           -171.28831,   -93.264046,  -180.61395,
                     <!-- center       -->    5.3877993,   6.1588235,   -0.27360371,
                     <!-- radius       --> 201.69168
                  </VMeshRef>
               </VMeshPart>
            </Level1>
            <Switch2 type="float array" count="3">
               0,
               100,
               1000000
            </Switch2>
         </MultiLevel>
      </miningbase_fragA_lod1030103114902.3db>
   </UTF_ROOT>
</UTFXML>
