<?xml version="1.0" encoding="ISO-8859-1"?>
<!-- XML generated by UTFXML Version 2.2 built 19-Aug-2010 -->
<UTFXML filename="miningbase_fragc.cmp" path="SOLAR\DOCKABLE">
   <UTF_ROOT>
      <VMeshLibrary>
         <data.solar.dockable.miningbase_fragc.lod0-112.vms include="miningbase_fragc_cmp\lod0-112.vms.xml"/>
         <data.solar.dockable.miningbase_fragc.lod0-212.vms include="miningbase_fragc_cmp\lod0-212.vms.xml"/>
         <data.solar.dockable.miningbase_fragc.lod1-112.vms include="miningbase_fragc_cmp\lod1-112.vms.xml"/>
         <data.solar.dockable.miningbase_fragc.lod1-212.vms include="miningbase_fragc_cmp\lod1-212.vms.xml"/>
      </VMeshLibrary>
      <Animation>
         <Script>
            <Sc_open_dockA name="Sc_open dockA">
               <Joint_map_0 name="Joint map 0">
                  <Channel>
                     <Header type="Header">
                        <!-- count    --> 2,
                        <!-- interval --> Explicit,
                        <!-- flags    --> 0x1
                     </Header>
                     <Frames type="Frames" count="2">
                          0.0000000000:     0.0000000000
                          3.3333335000:    43.6902850000
                     </Frames>
                  </Channel>
                  <Child_name name="Child name" type="text">doorA_lod1</Child_name>
                  <Parent_name name="Parent name" type="text">dockA_lod1</Parent_name>
               </Joint_map_0>
            </Sc_open_dockA>
            <Sc_open_dockB name="Sc_open dockB">
               <Joint_map_0 name="Joint map 0">
                  <Channel>
                     <Header type="Header">
                        <!-- count    --> 2,
                        <!-- interval --> Explicit,
                        <!-- flags    --> 0x1
                     </Header>
                     <Frames type="Frames" count="2">
                          0.0000000000:     0.0000000000
                          3.3333335000:    43.6902890000
                     </Frames>
                  </Channel>
                  <Child_name name="Child name" type="text">doorB_lod1</Child_name>
                  <Parent_name name="Parent name" type="text">dockB_lod1</Parent_name>
               </Joint_map_0>
            </Sc_open_dockB>
         </Script>
      </Animation>
      <Cmpnd>
         <Cons>
            <Fix type="Fix" count="2">
               <part>
                  <!-- parent      --> "Root",
                  <!-- child       --> "dockA_lod1",
                  <!-- position    --> -35.516956, -27.101854, 6.6562843,
                  <!-- orientation -->   0.9464861200,  -0.3227413300,   0.0014419665,
                                         0.3226583300,   0.9463270900,   0.0188848900,
                                        -0.0074595064,  -0.0174090230,   0.9998206500
               </part>
               <part>
                  <!-- parent      --> "Root",
                  <!-- child       --> "dockB_lod1",
                  <!-- position    --> 56.6423, -4.4291234, 0.68653452,
                  <!-- orientation -->  -0.7207368600,  -0.6632804300,  -0.2014881500,
                                         0.6651872400,  -0.7435486900,   0.0682738050,
                                        -0.1951009300,  -0.0848198980,   0.9771086000
               </part>
            </Fix>
            <Pris type="Rev" count="2">
               <part>
                  <!-- parent      --> "dockA_lod1",
                  <!-- child       --> "doorA_lod1",
                  <!-- position    --> -33.283691, 11.968586, 0.14221096,
                  <!-- offset      --> 0, 0, 0,
                  <!-- orientation -->  -0.0046871034,  -0.0091134487,   0.9999474900,
                                        -0.0189854670,  -0.9997774400,  -0.0092008905,
                                         0.9998087900,  -0.0190275960,   0.0045130369,
                  <!-- axis        -->   0.0091131404,   0.9997774400,   0.0190276320,
                  <!-- min, max    --> 0, 43.690285
               </part>
               <part>
                  <!-- parent      --> "dockB_lod1",
                  <!-- child       --> "doorB_lod1",
                  <!-- position    --> -33.283688, 11.968584, 0.14221267,
                  <!-- offset      --> 0, 0, 0,
                  <!-- orientation -->  -0.0046870625,  -0.0091133276,   0.9999474900,
                                        -0.0189854560,  -0.9997774400,  -0.0092007685,
                                         0.9998087900,  -0.0190275830,   0.0045129983,
                  <!-- axis        -->   0.0091130994,   0.9997774400,   0.0190276110,
                  <!-- min, max    --> 0, 43.690289
               </part>
            </Pris>
         </Cons>
         <Part_dockA_lod1>
            <File_name name="File name" type="text">dockA_lod1030103115039.3db</File_name>
            <Index type="int">1</Index>
            <Object_name name="Object name" type="text">dockA_lod1</Object_name>
         </Part_dockA_lod1>
         <Part_dockB_lod1>
            <File_name name="File name" type="text">dockB_lod1030103115039.3db</File_name>
            <Index type="int">3</Index>
            <Object_name name="Object name" type="text">dockB_lod1</Object_name>
         </Part_dockB_lod1>
         <Part_doorA_lod1>
            <File_name name="File name" type="text">doorA_lod1030103115039.3db</File_name>
            <Index type="int">2</Index>
            <Object_name name="Object name" type="text">doorA_lod1</Object_name>
         </Part_doorA_lod1>
         <Part_doorB_lod1>
            <File_name name="File name" type="text">doorB_lod1030103115039.3db</File_name>
            <Index type="int">4</Index>
            <Object_name name="Object name" type="text">doorB_lod1</Object_name>
         </Part_doorB_lod1>
         <Root>
            <File_name name="File name" type="text">miningbase_fragC_lod1030103115039.3db</File_name>
            <Index type="int">0</Index>
            <Object_name name="Object name" type="text">Root</Object_name>
         </Root>
      </Cmpnd>
      <dockA_lod1030103115039.3db>
         <VMeshWire include="miningbase_fragc_cmp\dockA_lod1.vwd.xml"/>
         <MultiLevel>
            <Level0>
               <VMeshPart>
                  <VMeshRef type="VMeshRef">
                     <!-- header size  --> 60,
                     <!-- vmesh lib    --> data.solar.dockable.miningbase_fragc.lod0-212.vms,
                     <!-- start vert   --> 0,
                     <!-- num verts    --> 577,
                     <!-- start index  --> 0,
                     <!-- num indices  --> 771,
                     <!-- start mesh   --> 0,
                     <!-- num meshes   --> 5,
                     <!-- bounding box -->  39.872261,  61.873619,  27.893585,
                                           -65.438454, -27.89241,  -27.893576,
                     <!-- center       --> -11.666063,  18.2717,    -2.3877087,
                     <!-- radius       --> 66.454521
                  </VMeshRef>
               </VMeshPart>
            </Level0>
            <Level1>
               <VMeshPart>
                  <VMeshRef type="VMeshRef">
                     <!-- header size  --> 60,
                     <!-- vmesh lib    --> data.solar.dockable.miningbase_fragc.lod1-212.vms,
                     <!-- start vert   --> 0,
                     <!-- num verts    --> 132,
                     <!-- start index  --> 0,
                     <!-- num indices  --> 210,
                     <!-- start mesh   --> 0,
                     <!-- num meshes   --> 2,
                     <!-- bounding box -->  39.872261,  61.873619,  27.893585,
                                           -65.438454, -27.89241,  -27.893576,
                     <!-- center       --> -11.666063,  18.2717,    -2.3877087,
                     <!-- radius       --> 66.454521
                  </VMeshRef>
               </VMeshPart>
            </Level1>
            <Switch2 type="float array" count="3">
               0,
               100,
               1000000
            </Switch2>
         </MultiLevel>
      </dockA_lod1030103115039.3db>
      <dockB_lod1030103115039.3db>
         <VMeshWire include="miningbase_fragc_cmp\dockB_lod1.vwd.xml"/>
         <MultiLevel>
            <Level0>
               <VMeshPart>
                  <VMeshRef type="VMeshRef">
                     <!-- header size  --> 60,
                     <!-- vmesh lib    --> data.solar.dockable.miningbase_fragc.lod0-112.vms,
                     <!-- start vert   --> 264,
                     <!-- num verts    --> 144,
                     <!-- start index  --> 384,
                     <!-- num indices  --> 252,
                     <!-- start mesh   --> 2,
                     <!-- num meshes   --> 1,
                     <!-- bounding box -->  39.872261,    27.892399,   27.893581,
                                           -39.872246,   -27.89241,   -27.893566,
                     <!-- center       -->   0.14929886,   1.9636804,   0.2013787,
                     <!-- radius       --> 47.747837
                  </VMeshRef>
               </VMeshPart>
            </Level0>
            <Level1>
               <VMeshPart>
                  <VMeshRef type="VMeshRef">
                     <!-- header size  --> 60,
                     <!-- vmesh lib    --> data.solar.dockable.miningbase_fragc.lod1-112.vms,
                     <!-- start vert   --> 96,
                     <!-- num verts    --> 54,
                     <!-- start index  --> 192,
                     <!-- num indices  --> 108,
                     <!-- start mesh   --> 2,
                     <!-- num meshes   --> 1,
                     <!-- bounding box -->  39.872261,    27.892399,   27.893581,
                                           -39.872246,   -27.89241,   -27.893566,
                     <!-- center       -->   0.14929886,   1.9636804,   0.2013787,
                     <!-- radius       --> 47.747837
                  </VMeshRef>
               </VMeshPart>
            </Level1>
            <Switch2 type="float array" count="3">
               0,
               100,
               1000000
            </Switch2>
         </MultiLevel>
      </dockB_lod1030103115039.3db>
      <doorA_lod1030103115039.3db>
         <VMeshWire include="miningbase_fragc_cmp\doorA_lod1.vwd.xml"/>
         <MultiLevel>
            <Level0>
               <VMeshPart>
                  <VMeshRef type="VMeshRef">
                     <!-- header size  --> 60,
                     <!-- vmesh lib    --> data.solar.dockable.miningbase_fragc.lod0-112.vms,
                     <!-- start vert   --> 0,
                     <!-- num verts    --> 144,
                     <!-- start index  --> 0,
                     <!-- num indices  --> 192,
                     <!-- start mesh   --> 0,
                     <!-- num meshes   --> 1,
                     <!-- bounding box -->   23.714808,    35.557472, 1.4123658,
                                            -23.714806,   -11.854732, 0.35150874,
                     <!-- center       --> -735.52536e-9,  11.85137,  0.88193536,
                     <!-- radius       --> 23.720623
                  </VMeshRef>
               </VMeshPart>
            </Level0>
            <Level1>
               <VMeshPart>
                  <VMeshRef type="VMeshRef">
                     <!-- header size  --> 60,
                     <!-- vmesh lib    --> data.solar.dockable.miningbase_fragc.lod1-112.vms,
                     <!-- start vert   --> 0,
                     <!-- num verts    --> 48,
                     <!-- start index  --> 0,
                     <!-- num indices  --> 96,
                     <!-- start mesh   --> 0,
                     <!-- num meshes   --> 1,
                     <!-- bounding box -->   23.714808,    35.557472, 1.4123658,
                                            -23.714806,   -11.854732, 0.35150874,
                     <!-- center       --> -735.52536e-9,  11.85137,  0.88193536,
                     <!-- radius       --> 23.720623
                  </VMeshRef>
               </VMeshPart>
            </Level1>
            <Switch2 type="float array" count="3">
               0,
               100,
               1000000
            </Switch2>
         </MultiLevel>
      </doorA_lod1030103115039.3db>
      <doorB_lod1030103115039.3db>
         <VMeshWire include="miningbase_fragc_cmp\doorB_lod1.vwd.xml"/>
         <MultiLevel>
            <Level0>
               <VMeshPart>
                  <VMeshRef type="VMeshRef">
                     <!-- header size  --> 60,
                     <!-- vmesh lib    --> data.solar.dockable.miningbase_fragc.lod0-112.vms,
                     <!-- start vert   --> 144,
                     <!-- num verts    --> 120,
                     <!-- start index  --> 192,
                     <!-- num indices  --> 192,
                     <!-- start mesh   --> 1,
                     <!-- num meshes   --> 1,
                     <!-- bounding box -->  23.714802,      35.557472, 1.4123574,
                                           -23.714802,     -11.854732, 0.35150045,
                     <!-- center       -->  -2.6566229e-6,  11.85137,  0.88192695,
                     <!-- radius       --> 23.720619
                  </VMeshRef>
               </VMeshPart>
            </Level0>
            <Level1>
               <VMeshPart>
                  <VMeshRef type="VMeshRef">
                     <!-- header size  --> 60,
                     <!-- vmesh lib    --> data.solar.dockable.miningbase_fragc.lod1-112.vms,
                     <!-- start vert   --> 48,
                     <!-- num verts    --> 48,
                     <!-- start index  --> 96,
                     <!-- num indices  --> 96,
                     <!-- start mesh   --> 1,
                     <!-- num meshes   --> 1,
                     <!-- bounding box -->  23.714802,      35.557472, 1.4123574,
                                           -23.714802,     -11.854732, 0.35150045,
                     <!-- center       -->  -2.6566229e-6,  11.85137,  0.88192695,
                     <!-- radius       --> 23.720619
                  </VMeshRef>
               </VMeshPart>
            </Level1>
            <Switch2 type="float array" count="3">
               0,
               100,
               1000000
            </Switch2>
         </MultiLevel>
      </doorB_lod1030103115039.3db>
      <Exporter_Version name="Exporter Version" type="text">Nov  5 2002 11:41:55</Exporter_Version>
      <miningbase_fragC_lod1030103115039.3db>
         <Hardpoints>
            <Fixed>
               <HpDockCamA>
                  <Orientation type="Matrix">
                       0.5788669000,  -0.2615749500,  -0.7723287300,
                       0.2710722700,   0.9550148200,  -0.1202767600,
                       0.7690467800,  -0.1397326600,   0.6237322100
                  </Orientation>
                  <Position type="Vector">-147.2505, -58.275097, 63.677673</Position>
               </HpDockCamA>
               <HpDockCamB>
                  <Orientation type="Matrix">
                       0.4478142900,   0.6673799200,   0.5950348400,
                      -0.4524219900,   0.7431409400,  -0.4930069400,
                      -0.7712177000,  -0.0484312920,   0.6347264600
                  </Orientation>
                  <Position type="Vector">136.96431, -76.459946, 63.887615</Position>
               </HpDockCamB>
               <HpDockMountA>
                  <Orientation type="Matrix">
                      -0.0212424710,  -0.3063065100,  -0.9516959200,
                       0.0644753280,   0.9495094400,  -0.3070419100,
                       0.9976931800,  -0.0678832380, -420.71589e-06
                  </Orientation>
                  <Position type="Vector">-29.879169, -37.653248, 7.4750848</Position>
               </HpDockMountA>
               <HpDockMountB>
                  <Orientation type="Matrix">
                       0.2349919700,   0.6404359300,   0.7311775100,
                      -0.0318712290,   0.7569147300,  -0.6527360100,
                      -0.9714746500,   0.1300841900,   0.1982803600
                  </Orientation>
                  <Position type="Vector">46.948925, -12.282398, -1.6969146</Position>
               </HpDockMountB>
               <HpDockMountC>
                  <Orientation type="Matrix">
                      59.604645e-09,   0.0000000000,  -0.9999998800,
                       0.0000000000,   1.0000000000,   0.0000000000,
                       0.9999998800,   0.0000000000,  59.604645e-09
                  </Orientation>
                  <Position type="Vector">-124.16154, 250, 5.6148882</Position>
               </HpDockMountC>
               <HpDockPointA01>
                  <Orientation type="Matrix">
                      -0.0212424710,  -0.3063065100,  -0.9516959200,
                       0.0644753280,   0.9495094400,  -0.3070419100,
                       0.9976931800,  -0.0678832380, -420.71589e-06
                  </Orientation>
                  <Position type="Vector">-85.109787, -55.564373, 7.4566255</Position>
               </HpDockPointA01>
               <HpDockPointA02>
                  <Orientation type="Matrix">
                      -0.0212424710,  -0.3063065100,  -0.9516959200,
                       0.0644753280,   0.9495094400,  -0.3070419100,
                       0.9976931800,  -0.0678832380, -420.71589e-06
                  </Orientation>
                  <Position type="Vector">-116.50211, -65.926369, 7.4578733</Position>
               </HpDockPointA02>
               <HpDockPointB01>
                  <Orientation type="Matrix">
                       0.2349919700,   0.6404359300,   0.7311775100,
                      -0.0318712290,   0.7569147300,  -0.6527360100,
                      -0.9714746500,   0.1300841900,   0.1982803600
                  </Orientation>
                  <Position type="Vector">89.609764, -49.936985, 9.8577299</Position>
               </HpDockPointB01>
               <HpDockPointB02>
                  <Orientation type="Matrix">
                       0.2349919700,   0.6404359300,   0.7311775100,
                      -0.0318712290,   0.7569147300,  -0.6527360100,
                      -0.9714746500,   0.1300841900,   0.1982803600
                  </Orientation>
                  <Position type="Vector">113.78063, -71.514809, 16.412376</Position>
               </HpDockPointB02>
               <HpDockPointC01>
                  <Orientation type="Matrix">
                      59.604645e-09,   0.0000000000,  -0.9999998800,
                       0.0000000000,   1.0000000000,   0.0000000000,
                       0.9999998800,   0.0000000000,  59.604645e-09
                  </Orientation>
                  <Position type="Vector">-374.40308, 250, 4.5988421</Position>
               </HpDockPointC01>
               <HpDockPointC02>
                  <Orientation type="Matrix">
                      59.604645e-09,   0.0000000000,  -0.9999998800,
                       0.0000000000,   1.0000000000,   0.0000000000,
                       0.9999998800,   0.0000000000,  59.604645e-09
                  </Orientation>
                  <Position type="Vector">-425.11185, 250, 4.392951</Position>
               </HpDockPointC02>
               <HpLaunchCamA>
                  <Orientation type="Matrix">
                       0.0488817280,  -0.3925916600,   0.9184129800,
                      -0.0660496350,   0.9162288900,   0.3951734900,
                      -0.9966182700,  -0.0799776090,   0.0188563150
                  </Orientation>
                  <Position type="Vector">-7.4731441, -14.643765, 7.5415859</Position>
               </HpLaunchCamA>
               <HpLaunchCamB>
                  <Orientation type="Matrix">
                      -0.2240237900,   0.8492366700,  -0.4781321900,
                       0.0139861160,   0.4933523800,   0.8697170600,
                       0.9744833100,   0.1881500900,  -0.1224002000
                  </Orientation>
                  <Position type="Vector">37.046391, 19.42136, -2.9885821</Position>
               </HpLaunchCamB>
               <HpRunningLight01>
                  <Orientation type="Matrix">
                       0.2167355700,  -0.9368694400,   0.2744108100,
                      -0.7399651400,  -0.3410075300,  -0.5797977400,
                       0.6367709600,  -0.0773916390,  -0.7671592200
                  </Orientation>
                  <Position type="Vector">-81.891602, -11.321588, -16.974257</Position>
               </HpRunningLight01>
               <HpRunningLight02>
                  <Orientation type="Matrix">
                       0.2003867900,  -0.9496741300,  -0.2407574100,
                      -0.8302463300,  -0.2950716000,   0.4728888300,
                      -0.5201309300,   0.1051272700,  -0.8475918800
                  </Orientation>
                  <Position type="Vector">-82.66, -10.747823, 27.412806</Position>
               </HpRunningLight02>
               <HpRunningLight03>
                  <Orientation type="Matrix">
                      -0.3402986200,  -0.9396309900,  -0.0359224860,
                       0.7366818200,  -0.2901504000,   0.6108294700,
                      -0.5843772300,   0.1814009800,   0.7909468400
                  </Orientation>
                  <Position type="Vector">-62.737801, -61.568726, 29.466921</Position>
               </HpRunningLight03>
               <HpRunningLight04>
                  <Orientation type="Matrix">
                      -0.2960744800,  -0.9500731800,   0.0984928610,
                       0.8480051200,  -0.3089117400,  -0.4306517200,
                       0.4395762400,  -0.0439825320,   0.8971278100
                  </Orientation>
                  <Position type="Vector">-59.101639, -62.38982, -19.525084</Position>
               </HpRunningLight04>
               <HpRunningLight05>
                  <Orientation type="Matrix">
                      -0.0680652780,  -0.9500731200,   0.3045130400,
                       0.0676144290,  -0.3089119200,  -0.9486842200,
                       0.9953870800,  -0.0439829790,   0.0852648240
                  </Orientation>
                  <Position type="Vector">-102.63758, 33.229046, 1.4349823</Position>
               </HpRunningLight05>
               <HpRunningLight06>
                  <Orientation type="Matrix">
                       0.0041207247,  -0.0022053397,   0.9999890900,
                      -0.0267351510,   0.9996398700,   0.0023147392,
                      -0.9996340900,  -0.0267443950,   0.0040602805
                  </Orientation>
                  <Position type="Vector">-100.9657, 133.63536, 76.436356</Position>
               </HpRunningLight06>
               <HpRunningLight07>
                  <Orientation type="Matrix">
                      -0.9996638300,  -0.0256940870,   0.0034648872,
                      -0.0257894470,   0.9991845500,  -0.0310670080,
                      -0.0026638233,  -0.0311459210,  -0.9995113000
                  </Orientation>
                  <Position type="Vector">-76.180771, 134.08905, -132.12198</Position>
               </HpRunningLight07>
               <HpRunningLight08>
                  <Orientation type="Matrix">
                       0.6875388600,   0.7206705200,  -0.0890188290,
                       0.6257493500,  -0.6502064500,  -0.4308936600,
                      -0.3684130000,   0.2405526600,  -0.8980012500
                  </Orientation>
                  <Position type="Vector">56.376335, -45.852219, 29.035374</Position>
               </HpRunningLight08>
               <HpRunningLight09>
                  <Orientation type="Matrix">
                      -0.4398334900,   0.8646017900,   0.2429202800,
                      -0.7612031700,  -0.5024370000,   0.4100327500,
                       0.4765671800,  -0.0045655509,   0.8791261900
                  </Orientation>
                  <Position type="Vector">106.17704, -4.3803802, -12.224464</Position>
               </HpRunningLight09>
               <HpRunningLight11>
                  <Orientation type="Matrix">
                       0.4875842000,   0.7617580300,   0.4265986400,
                       0.5913004300,  -0.6476137000,   0.4805833400,
                       0.6423593200,   0.0179231130,  -0.7661940500
                  </Orientation>
                  <Position type="Vector">66.836288, -50.340809, -15.396965</Position>
               </HpRunningLight11>
               <HpRunningLight12>
                  <Orientation type="Matrix">
                      -0.2427154500,   0.7747139900,  -0.5838728000,
                      -0.7536652100,  -0.5295413100,  -0.3893260100,
                      -0.6108010400,   0.3455491700,   0.7124028800
                  </Orientation>
                  <Position type="Vector">93.68071, -1.8416809, 30.69425</Position>
               </HpRunningLight12>
               <HpRunningLight13>
                  <Orientation type="Matrix">
                       0.9999706700,   0.0035298995,   0.0067997011,
                      -0.0035822936,   0.9999638800,   0.0077086100,
                      -0.0067722448,  -0.0077327420,   0.9999471900
                  </Orientation>
                  <Position type="Vector">43.657837, 130.32693, 113.56161</Position>
               </HpRunningLight13>
               <HpRunningLight14>
                  <Orientation type="Matrix">
                       0.9999706700,   0.0035298995,   0.0067997011,
                      -0.0035822936,   0.9999638800,   0.0077086100,
                      -0.0067722448,  -0.0077327420,   0.9999471900
                  </Orientation>
                  <Position type="Vector">110.90791, 140.85324, -65.105194</Position>
               </HpRunningLight14>
               <HpTurret_S2_01>
                  <Orientation type="Matrix">
                       0.0666224730,  -0.7336539600,   0.6762494400,
                       0.1085466500,  -0.6684035700,  -0.7358357900,
                       0.9918564000,   0.1224278100,   0.0351049830
                  </Orientation>
                  <Position type="Vector">-115.43843, 93.582924, 14.595985</Position>
               </HpTurret_S2_01>
               <HpTurret_S2_02>
                  <Orientation type="Matrix">
                      -0.9992869500,  -0.0091518518,  -0.0366302910,
                      -0.0096227378,   0.9998730400,   0.0126995050,
                       0.0365094170,   0.0130429330,  -0.9992482100
                  </Orientation>
                  <Position type="Vector">-24.729889, 177.87039, 52.989223</Position>
               </HpTurret_S2_02>
               <HpTurret_S2_03>
                  <Orientation type="Matrix">
                       0.0744474830,   0.9726262700,  -0.2201264900,
                      -0.5598535500,   0.2234343900,   0.7978978800,
                       0.8252403100,   0.0638371110,   0.5611624100
                  </Orientation>
                  <Position type="Vector">99.512894, 32.796341, -19.163565</Position>
               </HpTurret_S2_03>
               <HpTurret_S2_04>
                  <Orientation type="Matrix">
                       0.1855483400,   0.3782880300,   0.9069013000,
                      -0.0606186350,  -0.9167634200,   0.3948040600,
                       0.9807635500,  -0.1282303500,  -0.1471726100
                  </Orientation>
                  <Position type="Vector">29.310827, -86.226059, -4.1503811</Position>
               </HpTurret_S2_04>
               <Hp_module01>
                  <Orientation type="Matrix">
                      -0.5602914700,   0.2435329000,   0.7916850400,
                      -0.8125794500,  -0.3469162900,  -0.4683627800,
                       0.1605867000,  -0.9057266700,   0.3922640700
                  </Orientation>
                  <Position type="Vector">-0.16735017, -6.8645668, -87.555573</Position>
               </Hp_module01>
               <Hp_module02>
                  <Orientation type="Matrix">
                      -0.6040037900,  -0.7487857300,  -0.2729457000,
                      -0.2431271400,  -0.1530348700,   0.9578462800,
                      -0.7589918400,   0.6449033000,  -0.0896164850
                  </Orientation>
                  <Position type="Vector">-85.024719, 24.427887, 66.819473</Position>
               </Hp_module02>
               <Hp_module03>
                  <Orientation type="Matrix">
                       0.0576236550,   0.2872254000,  -0.9561281800,
                      -0.9886222500,  -0.1168741700,  -0.0946915450,
                      -0.1389445100,   0.9507060600,   0.2772226900
                  </Orientation>
                  <Position type="Vector">50.522831, 26.448074, 60.096554</Position>
               </Hp_module03>
            </Fixed>
         </Hardpoints>
         <VMeshWire include="miningbase_fragc_cmp\miningbase_fragC_lod1.vwd.xml"/>
         <MultiLevel>
            <Level0>
               <VMeshPart>
                  <VMeshRef type="VMeshRef">
                     <!-- header size  --> 60,
                     <!-- vmesh lib    --> data.solar.dockable.miningbase_fragc.lod0-212.vms,
                     <!-- start vert   --> 577,
                     <!-- num verts    --> 1012,
                     <!-- start index  --> 771,
                     <!-- num indices  --> 1104,
                     <!-- start mesh   --> 5,
                     <!-- num meshes   --> 1,
                     <!-- bounding box -->  129.44315,    177.98044,   113.20017,
                                           -127.91326,   -103.22144,  -139.12347,
                     <!-- center       -->    3.8094902,   50.714466,  -18.594931,
                     <!-- radius       --> 164.10692
                  </VMeshRef>
               </VMeshPart>
            </Level0>
            <Level1>
               <VMeshPart>
                  <VMeshRef type="VMeshRef">
                     <!-- header size  --> 60,
                     <!-- vmesh lib    --> data.solar.dockable.miningbase_fragc.lod1-212.vms,
                     <!-- start vert   --> 132,
                     <!-- num verts    --> 1012,
                     <!-- start index  --> 210,
                     <!-- num indices  --> 1104,
                     <!-- start mesh   --> 2,
                     <!-- num meshes   --> 1,
                     <!-- bounding box -->  129.44315,    177.98044,   113.20017,
                                           -127.91326,   -103.22144,  -139.12347,
                     <!-- center       -->    3.8094902,   50.714466,  -18.594931,
                     <!-- radius       --> 164.10692
                  </VMeshRef>
               </VMeshPart>
            </Level1>
            <Switch2 type="float array" count="3">
               0,
               100,
               1000000
            </Switch2>
         </MultiLevel>
      </miningbase_fragC_lod1030103115039.3db>
   </UTF_ROOT>
</UTFXML>
