<?xml version="1.0" encoding="ISO-8859-1"?>
<!-- XML generated by UTFXML Version 2.2 built 19-Aug-2010 -->
<UTFXML filename="miningbase_small_ice.cmp" path="SOLAR\DOCKABLE">
   <UTF_ROOT>
      <VMeshLibrary>
         <data.solar.dockable.miningbase_small_ice.lod0-112.vms include="miningbase_small_ice_cmp\lod0-112.vms.xml"/>
         <data.solar.dockable.miningbase_small_ice.lod0-212.vms include="miningbase_small_ice_cmp\lod0-212.vms.xml"/>
         <data.solar.dockable.miningbase_small_ice.lod1-112.vms include="miningbase_small_ice_cmp\lod1-112.vms.xml"/>
         <data.solar.dockable.miningbase_small_ice.lod1-212.vms include="miningbase_small_ice_cmp\lod1-212.vms.xml"/>
      </VMeshLibrary>
      <Animation>
         <Script>
            <Sc_open_dockA name="Sc_open dockA">
               <Joint_map_0 name="Joint map 0">
                  <Channel>
                     <Header type="Header">
                        <!-- count    --> 2,
                        <!-- interval --> Explicit,
                        <!-- flags    --> 0x1
                     </Header>
                     <Frames type="Frames" count="2">
                          0.0000000000:     0.0000000000
                          3.3333335000:    43.6902690000
                     </Frames>
                  </Channel>
                  <Child_name name="Child name" type="text">doorA_lod1</Child_name>
                  <Parent_name name="Parent name" type="text">dockA_lod1</Parent_name>
               </Joint_map_0>
            </Sc_open_dockA>
            <Sc_open_dockB name="Sc_open dockB">
               <Joint_map_0 name="Joint map 0">
                  <Channel>
                     <Header type="Header">
                        <!-- count    --> 2,
                        <!-- interval --> Explicit,
                        <!-- flags    --> 0x1
                     </Header>
                     <Frames type="Frames" count="2">
                          0.0000000000:     0.0000000000
                          3.3333335000:    43.6902690000
                     </Frames>
                  </Channel>
                  <Child_name name="Child name" type="text">doorB_lod1</Child_name>
                  <Parent_name name="Parent name" type="text">dockB_lod1</Parent_name>
               </Joint_map_0>
            </Sc_open_dockB>
         </Script>
      </Animation>
      <Cmpnd>
         <Cons>
            <Fix type="Fix" count="2">
               <part>
                  <!-- parent      --> "Root",
                  <!-- child       --> "dockA_lod1",
                  <!-- position    --> -34.685349, -30.947433, 5.4497681,
                  <!-- orientation -->   0.9430195100,  -0.3313732700,   0.0300995950,
                                         0.3321538900,   0.9428613200,  -0.0261978320,
                                        -0.0196984820,   0.0347027630,   0.9992035000
               </part>
               <part>
                  <!-- parent      --> "Root",
                  <!-- child       --> "dockB_lod1",
                  <!-- position    --> 57.346771, -9.7311249, 0.82776839,
                  <!-- orientation -->  -0.7489236600,   0.6208591500,   0.2316188100,
                                         0.6257401100,   0.7776297900,  -0.0611652430,
                                        -0.2180887000,   0.0991250800,  -0.9708818200
               </part>
            </Fix>
            <Pris type="Rev" count="2">
               <part>
                  <!-- parent      --> "dockA_lod1",
                  <!-- child       --> "doorA_lod1",
                  <!-- position    --> -33.283688, 11.968596, 0.14221059,
                  <!-- offset      --> 0, 0, 0,
                  <!-- orientation -->  -0.0046871360,  -0.0091138417,   0.9999474900,
                                        -0.0189854600,  -0.9997774400,  -0.0092012836,
                                         0.9998087900,  -0.0190275910,   0.0045130621,
                  <!-- axis        -->   0.0091130538,   0.9997774400,   0.0190275910,
                  <!-- min, max    --> 0, 43.690269
               </part>
               <part>
                  <!-- parent      --> "dockB_lod1",
                  <!-- child       --> "doorB_lod1",
                  <!-- position    --> -33.283688, 11.968595, 0.14221367,
                  <!-- offset      --> 0, 0, 0,
                  <!-- orientation -->  -0.0046870667,  -0.0091138035,   0.9999474900,
                                        -0.0189855320,  -0.9997774400,  -0.0092012445,
                                         0.9998087900,  -0.0190276620,   0.0045129927,
                  <!-- axis        -->   0.0091130352,   0.9997774400,   0.0190277060,
                  <!-- min, max    --> 0, 43.690269
               </part>
            </Pris>
         </Cons>
         <Part_dockA_lod1>
            <File_name name="File name" type="text">dockA_lod1021120124146.3db</File_name>
            <Index type="int">1</Index>
            <Object_name name="Object name" type="text">dockA_lod1</Object_name>
         </Part_dockA_lod1>
         <Part_dockB_lod1>
            <File_name name="File name" type="text">dockB_lod1021120124146.3db</File_name>
            <Index type="int">3</Index>
            <Object_name name="Object name" type="text">dockB_lod1</Object_name>
         </Part_dockB_lod1>
         <Part_doorA_lod1>
            <File_name name="File name" type="text">doorA_lod1021120124146.3db</File_name>
            <Index type="int">2</Index>
            <Object_name name="Object name" type="text">doorA_lod1</Object_name>
         </Part_doorA_lod1>
         <Part_doorB_lod1>
            <File_name name="File name" type="text">doorB_lod1021120124146.3db</File_name>
            <Index type="int">4</Index>
            <Object_name name="Object name" type="text">doorB_lod1</Object_name>
         </Part_doorB_lod1>
         <Root>
            <File_name name="File name" type="text">ice_small01_lod1021120124146.3db</File_name>
            <Index type="int">0</Index>
            <Object_name name="Object name" type="text">Root</Object_name>
         </Root>
      </Cmpnd>
      <dockA_lod1021120124146.3db>
         <VMeshWire include="miningbase_small_ice_cmp\dockA_lod1.vwd.xml"/>
         <MultiLevel>
            <Level0>
               <VMeshPart>
                  <VMeshRef type="VMeshRef">
                     <!-- header size  --> 60,
                     <!-- vmesh lib    --> data.solar.dockable.miningbase_small_ice.lod0-212.vms,
                     <!-- start vert   --> 0,
                     <!-- num verts    --> 575,
                     <!-- start index  --> 0,
                     <!-- num indices  --> 771,
                     <!-- start mesh   --> 0,
                     <!-- num meshes   --> 6,
                     <!-- bounding box -->  39.872253,  61.543987,  27.893564,
                                           -65.286224, -27.892382, -27.893553,
                     <!-- center       --> -11.535408,  18.03676,   -2.5435495,
                     <!-- radius       --> 66.219933
                  </VMeshRef>
               </VMeshPart>
            </Level0>
            <Level1>
               <VMeshPart>
                  <VMeshRef type="VMeshRef">
                     <!-- header size  --> 60,
                     <!-- vmesh lib    --> data.solar.dockable.miningbase_small_ice.lod1-212.vms,
                     <!-- start vert   --> 0,
                     <!-- num verts    --> 156,
                     <!-- start index  --> 0,
                     <!-- num indices  --> 282,
                     <!-- start mesh   --> 0,
                     <!-- num meshes   --> 2,
                     <!-- bounding box -->  39.872253,  61.543987,  27.893564,
                                           -65.286224, -27.892382, -27.893553,
                     <!-- center       --> -11.535408,  18.03676,   -2.5435495,
                     <!-- radius       --> 66.219933
                  </VMeshRef>
               </VMeshPart>
            </Level1>
            <Switch2 type="float array" count="3">
               0,
               100,
               1000000
            </Switch2>
         </MultiLevel>
      </dockA_lod1021120124146.3db>
      <dockB_lod1021120124146.3db>
         <VMeshWire include="miningbase_small_ice_cmp\dockB_lod1.vwd.xml"/>
         <MultiLevel>
            <Level0>
               <VMeshPart>
                  <VMeshRef type="VMeshRef">
                     <!-- header size  --> 60,
                     <!-- vmesh lib    --> data.solar.dockable.miningbase_small_ice.lod0-112.vms,
                     <!-- start vert   --> 0,
                     <!-- num verts    --> 144,
                     <!-- start index  --> 0,
                     <!-- num indices  --> 252,
                     <!-- start mesh   --> 0,
                     <!-- num meshes   --> 1,
                     <!-- bounding box -->  39.872261,    27.892395,   27.893568,
                                           -39.872246,   -27.892387,  -27.893555,
                     <!-- center       -->   0.14929852,   1.9636852,   0.20137617,
                     <!-- radius       --> 47.747829
                  </VMeshRef>
               </VMeshPart>
            </Level0>
            <Level1>
               <VMeshPart>
                  <VMeshRef type="VMeshRef">
                     <!-- header size  --> 60,
                     <!-- vmesh lib    --> data.solar.dockable.miningbase_small_ice.lod1-212.vms,
                     <!-- start vert   --> 478,
                     <!-- num verts    --> 78,
                     <!-- start index  --> 1185,
                     <!-- num indices  --> 180,
                     <!-- start mesh   --> 3,
                     <!-- num meshes   --> 1,
                     <!-- bounding box -->  39.872261,    27.892395,   27.893568,
                                           -39.872246,   -27.892387,  -27.893555,
                     <!-- center       -->   0.14929852,   1.9636852,   0.20137617,
                     <!-- radius       --> 47.747829
                  </VMeshRef>
               </VMeshPart>
            </Level1>
            <Switch2 type="float array" count="3">
               0,
               100,
               1000000
            </Switch2>
         </MultiLevel>
      </dockB_lod1021120124146.3db>
      <doorA_lod1021120124146.3db>
         <VMeshWire include="miningbase_small_ice_cmp\doorA_lod1.vwd.xml"/>
         <MultiLevel>
            <Level0>
               <VMeshPart>
                  <VMeshRef type="VMeshRef">
                     <!-- header size  --> 60,
                     <!-- vmesh lib    --> data.solar.dockable.miningbase_small_ice.lod0-112.vms,
                     <!-- start vert   --> 144,
                     <!-- num verts    --> 120,
                     <!-- start index  --> 252,
                     <!-- num indices  --> 192,
                     <!-- start mesh   --> 1,
                     <!-- num meshes   --> 1,
                     <!-- bounding box -->  23.714787,      35.557461, 1.4123657,
                                           -23.714788,     -11.854728, 0.3515088,
                     <!-- center       -->  -2.6352684e-6,  11.851366, 0.88193518,
                     <!-- radius       --> 23.720604
                  </VMeshRef>
               </VMeshPart>
            </Level0>
            <Level1>
               <VMeshPart>
                  <VMeshRef type="VMeshRef">
                     <!-- header size  --> 60,
                     <!-- vmesh lib    --> data.solar.dockable.miningbase_small_ice.lod1-112.vms,
                     <!-- start vert   --> 0,
                     <!-- num verts    --> 48,
                     <!-- start index  --> 0,
                     <!-- num indices  --> 96,
                     <!-- start mesh   --> 0,
                     <!-- num meshes   --> 1,
                     <!-- bounding box -->  23.714787,      35.557461, 1.4123657,
                                           -23.714788,     -11.854728, 0.3515088,
                     <!-- center       -->  -2.6352684e-6,  11.851366, 0.88193518,
                     <!-- radius       --> 23.720604
                  </VMeshRef>
               </VMeshPart>
            </Level1>
            <Switch2 type="float array" count="3">
               0,
               100,
               1000000
            </Switch2>
         </MultiLevel>
      </doorA_lod1021120124146.3db>
      <doorB_lod1021120124146.3db>
         <VMeshWire include="miningbase_small_ice_cmp\doorB_lod1.vwd.xml"/>
         <MultiLevel>
            <Level0>
               <VMeshPart>
                  <VMeshRef type="VMeshRef">
                     <!-- header size  --> 60,
                     <!-- vmesh lib    --> data.solar.dockable.miningbase_small_ice.lod0-112.vms,
                     <!-- start vert   --> 264,
                     <!-- num verts    --> 120,
                     <!-- start index  --> 444,
                     <!-- num indices  --> 192,
                     <!-- start mesh   --> 2,
                     <!-- num meshes   --> 1,
                     <!-- bounding box -->  23.714788,      35.557465, 1.4123658,
                                           -23.71479,      -11.854727, 0.35150889,
                     <!-- center       -->  -2.6459463e-6,  11.851369, 0.88193542,
                     <!-- radius       --> 23.720606
                  </VMeshRef>
               </VMeshPart>
            </Level0>
            <Level1>
               <VMeshPart>
                  <VMeshRef type="VMeshRef">
                     <!-- header size  --> 60,
                     <!-- vmesh lib    --> data.solar.dockable.miningbase_small_ice.lod1-112.vms,
                     <!-- start vert   --> 48,
                     <!-- num verts    --> 48,
                     <!-- start index  --> 96,
                     <!-- num indices  --> 96,
                     <!-- start mesh   --> 1,
                     <!-- num meshes   --> 1,
                     <!-- bounding box -->  23.714788,      35.557465, 1.4123658,
                                           -23.71479,      -11.854727, 0.35150889,
                     <!-- center       -->  -2.6459463e-6,  11.851369, 0.88193542,
                     <!-- radius       --> 23.720606
                  </VMeshRef>
               </VMeshPart>
            </Level1>
            <Switch2 type="float array" count="3">
               0,
               100,
               1000000
            </Switch2>
         </MultiLevel>
      </doorB_lod1021120124146.3db>
      <Exporter_Version name="Exporter Version" type="text">Nov  5 2002 11:41:55</Exporter_Version>
      <ice_small01_lod1021120124146.3db>
         <Hardpoints>
            <Fixed>
               <HpDockCamA>
                  <Orientation type="Matrix">
                       0.5788669000,  -0.2615749500,  -0.7723287300,
                       0.2710723900,   0.9550148200,  -0.1202766700,
                       0.7690467200,  -0.1397328100,   0.6237322100
                  </Orientation>
                  <Position type="Vector">-146.54974, -63.01326, 64.004311</Position>
               </HpDockCamA>
               <HpDockCamB>
                  <Orientation type="Matrix">
                       0.4478141100,   0.6673800300,   0.5950347800,
                      -0.4524219600,   0.7431408200,  -0.4930071800,
                      -0.7712177600,  -0.0484312330,   0.6347263500
                  </Orientation>
                  <Position type="Vector">137.66507, -81.198097, 64.214256</Position>
               </HpDockCamB>
               <HpDockMountA>
                  <Orientation type="Matrix">
                      -0.0212424970,  -0.3063063900,  -0.9516959200,
                       0.0644753800,   0.9495095000,  -0.3070417900,
                       0.9976931800,  -0.0678832900, -420.73234e-06
                  </Orientation>
                  <Position type="Vector">-29.178415, -42.391407, 7.8017344</Position>
               </HpDockMountA>
               <HpDockMountB>
                  <Orientation type="Matrix">
                       0.2349919800,   0.6404358700,   0.7311775700,
                      -0.0318711770,   0.7569147300,  -0.6527359500,
                      -0.9714746500,   0.1300842300,   0.1982803500
                  </Orientation>
                  <Position type="Vector">47.649677, -17.020559, -1.3702644</Position>
               </HpDockMountB>
               <HpDockMountC>
                  <Orientation type="Matrix">
                      -0.0041206498,  -0.0022053013,  -0.9999890900,
                       0.0267351160,   0.9996398700,  -0.0023146986,
                       0.9996340900,  -0.0267443600,  -0.0040602069
                  </Orientation>
                  <Position type="Vector">-119.51965, -1.0413064, 7.6198502</Position>
               </HpDockMountC>
               <HpDockMountD>
                  <Orientation type="Matrix">
                       0.5033854800,  -0.0114623650,   0.8639859000,
                       0.0267352370,   0.9996398700,  -0.0023147285,
                      -0.8636482400,   0.0242640670,   0.5035106500
                  </Orientation>
                  <Position type="Vector">126.77443, 2.6779885, 81.127052</Position>
               </HpDockMountD>
               <HpDockPointA01>
                  <Orientation type="Matrix">
                      -0.0212424970,  -0.3063063900,  -0.9516959200,
                       0.0644753800,   0.9495095000,  -0.3070417900,
                       0.9976931800,  -0.0678832900, -420.73234e-06
                  </Orientation>
                  <Position type="Vector">-84.409027, -60.302532, 7.7832751</Position>
               </HpDockPointA01>
               <HpDockPointA02>
                  <Orientation type="Matrix">
                      -0.0212424970,  -0.3063063900,  -0.9516959200,
                       0.0644753800,   0.9495095000,  -0.3070417900,
                       0.9976931800,  -0.0678832900, -420.73234e-06
                  </Orientation>
                  <Position type="Vector">-115.80135, -70.66452, 7.784523</Position>
               </HpDockPointA02>
               <HpDockPointB01>
                  <Orientation type="Matrix">
                       0.2349919800,   0.6404358700,   0.7311775700,
                      -0.0318711770,   0.7569147300,  -0.6527359500,
                      -0.9714746500,   0.1300842300,   0.1982803500
                  </Orientation>
                  <Position type="Vector">90.310524, -54.67514, 10.18438</Position>
               </HpDockPointB01>
               <HpDockPointB02>
                  <Orientation type="Matrix">
                       0.2349919800,   0.6404358700,   0.7311775700,
                      -0.0318711770,   0.7569147300,  -0.6527359500,
                      -0.9714746500,   0.1300842300,   0.1982803500
                  </Orientation>
                  <Position type="Vector">114.48139, -76.25296, 16.739023</Position>
               </HpDockPointB02>
               <HpDockPointC01>
                  <Orientation type="Matrix">
                      -0.0041206498,  -0.0022053013,  -0.9999890900,
                       0.0267351160,   0.9996398700,  -0.0023146986,
                       0.9996340900,  -0.0267443600,  -0.0040602069
                  </Orientation>
                  <Position type="Vector">-370.18329, -1.6215237, 6.6020927</Position>
               </HpDockPointC01>
               <HpDockPointC02>
                  <Orientation type="Matrix">
                      -0.0041206498,  -0.0022053013,  -0.9999890900,
                       0.0267351160,   0.9996398700,  -0.0023146986,
                       0.9996340900,  -0.0267443600,  -0.0040602069
                  </Orientation>
                  <Position type="Vector">-421.65933, -1.7406758, 6.3930874</Position>
               </HpDockPointC02>
               <HpDockPointD01>
                  <Orientation type="Matrix">
                       0.5033854800,  -0.0114623650,   0.8639859000,
                       0.0267352370,   0.9996398700,  -0.0023147285,
                      -0.8636482400,   0.0242640670,   0.5035106500
                  </Orientation>
                  <Position type="Vector">385.84708, 1.9838992, 232.10855</Position>
               </HpDockPointD01>
               <HpDockPointD02>
                  <Orientation type="Matrix">
                       0.5033854800,  -0.0114623650,   0.8639859000,
                       0.0267352370,   0.9996398700,  -0.0023147285,
                      -0.8636482400,   0.0242640670,   0.5035106500
                  </Orientation>
                  <Position type="Vector">430.32214, 1.8647456, 258.02756</Position>
               </HpDockPointD02>
               <HpLaunchCamA>
                  <Orientation type="Matrix">
                       0.0488816460,  -0.3925916300,   0.9184129800,
                      -0.0660495680,   0.9162288900,   0.3951734600,
                      -0.9966183300,  -0.0799775050,   0.0188562680
                  </Orientation>
                  <Position type="Vector">-6.7723899, -19.381927, 7.8682356</Position>
               </HpLaunchCamA>
               <HpLaunchCamB>
                  <Orientation type="Matrix">
                      -0.2240236800,   0.8492366100,  -0.4781323400,
                       0.0139861260,   0.4933525300,   0.8697170000,
                       0.9744833100,   0.1881499900,  -0.1224001900
                  </Orientation>
                  <Position type="Vector">35.737045, 13.515459, -3.1072724</Position>
               </HpLaunchCamB>
               <HpRunningLight01>
                  <Orientation type="Matrix">
                       0.2167356000,  -0.9368694400,   0.2744107800,
                      -0.7399652000,  -0.3410075300,  -0.5797976900,
                       0.6367709000,  -0.0773916320,  -0.7671592800
                  </Orientation>
                  <Position type="Vector">-81.190842, -16.059746, -16.647604</Position>
               </HpRunningLight01>
               <HpRunningLight02>
                  <Orientation type="Matrix">
                       0.2003869000,  -0.9496741300,  -0.2407574700,
                      -0.8302463300,  -0.2950716900,   0.4728887700,
                      -0.5201309300,   0.1051272800,  -0.8475919400
                  </Orientation>
                  <Position type="Vector">-81.959236, -15.485982, 27.73945</Position>
               </HpRunningLight02>
               <HpRunningLight03>
                  <Orientation type="Matrix">
                      -0.3402986200,  -0.9396309900,  -0.0359225610,
                       0.7366818200,  -0.2901504300,   0.6108294700,
                      -0.5843772300,   0.1814009200,   0.7909468400
                  </Orientation>
                  <Position type="Vector">-62.037048, -66.306885, 29.793564</Position>
               </HpRunningLight03>
               <HpRunningLight04>
                  <Orientation type="Matrix">
                      -0.2960744800,  -0.9500731800,   0.0984928830,
                       0.8480051800,  -0.3089117700,  -0.4306516100,
                       0.4395761500,  -0.0439824720,   0.8971278700
                  </Orientation>
                  <Position type="Vector">-58.400887, -67.127975, -19.198433</Position>
               </HpRunningLight04>
               <HpRunningLight05>
                  <Orientation type="Matrix">
                      -0.0680653300,  -0.9500731200,   0.3045129200,
                       0.0676144960,  -0.3089118000,  -0.9486842200,
                       0.9953870800,  -0.0439830160,   0.0852648990
                  </Orientation>
                  <Position type="Vector">-104.13283, 25.304136, 1.8279407</Position>
               </HpRunningLight05>
               <HpRunningLight06>
                  <Orientation type="Matrix">
                       0.0041207029,  -0.0022053407,   0.9999890900,
                      -0.0267351290,   0.9996398700,   0.0023147394,
                      -0.9996340900,  -0.0267443730,   0.0040602586
                  </Orientation>
                  <Position type="Vector">-103.05341, 70.09787, 18.284479</Position>
               </HpRunningLight06>
               <HpRunningLight07>
                  <Orientation type="Matrix">
                      -0.9996638300,  -0.0256940930,   0.0034648862,
                      -0.0257894530,   0.9991845500,  -0.0310669930,
                      -0.0026638226,  -0.0311459060,  -0.9995113000
                  </Orientation>
                  <Position type="Vector">-23.8458, 68.265038, -114.62194</Position>
               </HpRunningLight07>
               <HpRunningLight08>
                  <Orientation type="Matrix">
                       0.6875389800,   0.7206703400,  -0.0890188440,
                       0.6257491700,  -0.6502065700,  -0.4308936900,
                      -0.3684129700,   0.2405527400,  -0.8980012500
                  </Orientation>
                  <Position type="Vector">57.077087, -50.590378, 29.362022</Position>
               </HpRunningLight08>
               <HpRunningLight09>
                  <Orientation type="Matrix">
                      -0.4398336400,   0.8646016700,   0.2429202900,
                      -0.7612029900,  -0.5024371100,   0.4100328100,
                       0.4765672400,  -0.0045654313,   0.8791261900
                  </Orientation>
                  <Position type="Vector">108.25388, -9.9182034, -11.905082</Position>
               </HpRunningLight09>
               <HpRunningLight10>
                  <Orientation type="Matrix">
                       0.9998799600,  -0.0139226660,   0.0067996187,
                       0.0138701610,   0.9998741100,   0.0077087688,
                      -0.0069060889,  -0.0076135318,   0.9999471900
                  </Orientation>
                  <Position type="Vector">5.2006783, 56.497776, 113.34853</Position>
               </HpRunningLight10>
               <HpRunningLight11>
                  <Orientation type="Matrix">
                       0.4875841700,   0.7617580300,   0.4265986100,
                       0.5913003700,  -0.6476137000,   0.4805833400,
                       0.6423593200,   0.0179230850,  -0.7661939900
                  </Orientation>
                  <Position type="Vector">67.537048, -55.07896, -15.070319</Position>
               </HpRunningLight11>
               <HpRunningLight12>
                  <Orientation type="Matrix">
                      -0.2427153300,   0.7747139900,  -0.5838728500,
                      -0.7536652100,  -0.5295412500,  -0.3893260400,
                      -0.6108011000,   0.3455492900,   0.7124027600
                  </Orientation>
                  <Position type="Vector">96.592964, -6.1133523, 33.088333</Position>
               </HpRunningLight12>
               <HpRunningLight13>
                  <Orientation type="Matrix">
                       0.9999706700,   0.0035298783,   0.0067997128,
                      -0.0035822722,   0.9999638800,   0.0077085705,
                      -0.0067722569,  -0.0077327024,   0.9999471900
                  </Orientation>
                  <Position type="Vector">-4.3908834, 97.787109, -2.4944379</Position>
               </HpRunningLight13>
               <HpRunningLight14>
                  <Orientation type="Matrix">
                       0.9999706700,   0.0035298783,   0.0067997128,
                      -0.0035822722,   0.9999638800,   0.0077085705,
                      -0.0067722569,  -0.0077327024,   0.9999471900
                  </Orientation>
                  <Position type="Vector">94.437088, 66.768723, -37.135265</Position>
               </HpRunningLight14>
               <HpTurret_S2_01>
                  <Orientation type="Matrix">
                      -0.0974559340,   0.3019570100,   0.9483271200,
                      -0.0376570710,   0.9510617900,  -0.3066976400,
                      -0.9945271600,  -0.0656007230,  -0.0813157930
                  </Orientation>
                  <Position type="Vector">20.576668, 122.39613, 1.186098</Position>
               </HpTurret_S2_01>
               <HpTurret_S2_02>
                  <Orientation type="Matrix">
                       0.1177283500,  -0.5599116700,   0.8201457300,
                       0.0588288720,   0.8283709300,   0.5570823600,
                      -0.9913017700,  -0.0173361390,   0.1304617200
                  </Orientation>
                  <Position type="Vector">-87.303589, 76.694427, -12.716095</Position>
               </HpTurret_S2_02>
               <HpTurret_S2_03>
                  <Orientation type="Matrix">
                      -0.2940818400,   0.6051506400,  -0.7398030800,
                      -0.0199529470,   0.7699747700,   0.6377623100,
                       0.9555719500,   0.2023155700,  -0.2143610400
                  </Orientation>
                  <Position type="Vector">120.40436, 53.709595, 12.955794</Position>
               </HpTurret_S2_03>
               <HpTurret_S2_04>
                  <Orientation type="Matrix">
                      -0.1093768800,   0.2858442100,   0.9520135500,
                       0.4115679000,  -0.8587805600,   0.3051358500,
                       0.9047920100,   0.4251930100,  -0.0237135630
                  </Orientation>
                  <Position type="Vector">9.9242172, -88.650772, 20.939283</Position>
               </HpTurret_S2_04>
               <Hp_module01>
                  <Orientation type="Matrix">
                      -0.5602913500,   0.2435329300,   0.7916851000,
                      -0.8125795100,  -0.3469162600,  -0.4683626900,
                       0.1605867000,  -0.9057266700,   0.3922640700
                  </Orientation>
                  <Position type="Vector">0.53340405, -11.602722, -87.228912</Position>
               </Hp_module01>
               <Hp_module02>
                  <Orientation type="Matrix">
                       0.6498929900,  -0.0227035940,   0.7596865300,
                      -0.0064804484,   0.9993518600,   0.0354099680,
                      -0.7599980800,  -0.0279357990,   0.6493246600
                  </Orientation>
                  <Position type="Vector">24.540651, 97.958687, -61.070839</Position>
               </Hp_module02>
               <Hp_module03>
                  <Orientation type="Matrix">
                     -796.75351e-06,   0.6565132700,  -0.7543140600,
                      -0.9454743900,  -0.2461714400,  -0.2132553500,
                      -0.3256955400,   0.7130147200,   0.6209126100
                  </Orientation>
                  <Position type="Vector">57.18227, 14.430153, 81.541344</Position>
               </Hp_module03>
            </Fixed>
         </Hardpoints>
         <VMeshWire include="miningbase_small_ice_cmp\ice_small01_lod1.vwd.xml"/>
         <MultiLevel>
            <Level0>
               <VMeshPart>
                  <VMeshRef type="VMeshRef">
                     <!-- header size  --> 60,
                     <!-- vmesh lib    --> data.solar.dockable.miningbase_small_ice.lod0-212.vms,
                     <!-- start vert   --> 575,
                     <!-- num verts    --> 322,
                     <!-- start index  --> 771,
                     <!-- num indices  --> 903,
                     <!-- start mesh   --> 6,
                     <!-- num meshes   --> 1,
                     <!-- bounding box -->  136.44279,   128.65514,   113.0192,
                                           -105.72713,   -98.002213, -118.66479,
                     <!-- center       -->    6.5729084,  20.495996,   -6.258306,
                     <!-- radius       --> 134.25694
                  </VMeshRef>
               </VMeshPart>
            </Level0>
            <Level1>
               <VMeshPart>
                  <VMeshRef type="VMeshRef">
                     <!-- header size  --> 60,
                     <!-- vmesh lib    --> data.solar.dockable.miningbase_small_ice.lod1-212.vms,
                     <!-- start vert   --> 156,
                     <!-- num verts    --> 322,
                     <!-- start index  --> 282,
                     <!-- num indices  --> 903,
                     <!-- start mesh   --> 2,
                     <!-- num meshes   --> 1,
                     <!-- bounding box -->  136.44279,   128.65514,   113.0192,
                                           -105.72713,   -98.002213, -118.66479,
                     <!-- center       -->    6.5729084,  20.495996,   -6.258306,
                     <!-- radius       --> 134.25694
                  </VMeshRef>
               </VMeshPart>
            </Level1>
            <Switch2 type="float array" count="3">
               0,
               100,
               1000000
            </Switch2>
         </MultiLevel>
      </ice_small01_lod1021120124146.3db>
   </UTF_ROOT>
</UTFXML>
