<?xml version="1.0" encoding="ISO-8859-1"?>
<!-- XML generated by UTFXML Version 2.2 built 19-Aug-2010 -->
<UTFXML filename="miningbase_badlands.cmp" path="SOLAR\DOCKABLE">
   <UTF_ROOT>
      <VMeshLibrary>
         <data.solar.dockable.miningbase_badlands.lod0-112.vms include="miningbase_badlands_cmp\lod0-112.vms.xml"/>
         <data.solar.dockable.miningbase_badlands.lod0-212.vms include="miningbase_badlands_cmp\lod0-212.vms.xml"/>
         <data.solar.dockable.miningbase_badlands.lod1-112.vms include="miningbase_badlands_cmp\lod1-112.vms.xml"/>
         <data.solar.dockable.miningbase_badlands.lod1-212.vms include="miningbase_badlands_cmp\lod1-212.vms.xml"/>
      </VMeshLibrary>
      <Animation>
         <Script>
            <Sc_open_dockA name="Sc_open dockA">
               <Joint_map_0 name="Joint map 0">
                  <Channel>
                     <Header type="Header">
                        <!-- count    --> 2,
                        <!-- interval --> Explicit,
                        <!-- flags    --> 0x1
                     </Header>
                     <Frames type="Frames" count="2">
                          0.0000000000:     0.0000000000
                          3.3333335000:    43.6902850000
                     </Frames>
                  </Channel>
                  <Child_name name="Child name" type="text">doorA_lod1</Child_name>
                  <Parent_name name="Parent name" type="text">dockA_lod1</Parent_name>
               </Joint_map_0>
            </Sc_open_dockA>
            <Sc_open_dockB name="Sc_open dockB">
               <Joint_map_0 name="Joint map 0">
                  <Channel>
                     <Header type="Header">
                        <!-- count    --> 2,
                        <!-- interval --> Explicit,
                        <!-- flags    --> 0x1
                     </Header>
                     <Frames type="Frames" count="2">
                          0.0000000000:     0.0000000000
                          3.3333335000:    43.6902890000
                     </Frames>
                  </Channel>
                  <Child_name name="Child name" type="text">doorB_lod1</Child_name>
                  <Parent_name name="Parent name" type="text">dockB_lod1</Parent_name>
               </Joint_map_0>
            </Sc_open_dockB>
         </Script>
      </Animation>
      <Cmpnd>
         <Cons>
            <Fix type="Fix" count="2">
               <part>
                  <!-- parent      --> "Root",
                  <!-- child       --> "dockA_lod1",
                  <!-- position    --> -35.084961, -27.328707, 6.9314671,
                  <!-- orientation -->   0.9492752600,  -0.3144146800,  -0.0044644671,
                                         0.3144425700,   0.9490980500,   0.0184063800,
                                        -0.0015500191,  -0.0188765380,   0.9998206500
               </part>
               <part>
                  <!-- parent      --> "Root",
                  <!-- child       --> "dockB_lod1",
                  <!-- position    --> 56.519196, -3.7517438, 1.3692747,
                  <!-- orientation -->  -0.7250207700,  -0.6806159000,  -0.1053893700,
                                         0.6620584700,  -0.7309081600,   0.1656860400,
                                        -0.1897984900,   0.0503518950,   0.9805311000
               </part>
            </Fix>
            <Pris type="Rev" count="2">
               <part>
                  <!-- parent      --> "dockA_lod1",
                  <!-- child       --> "doorA_lod1",
                  <!-- position    --> -33.283691, 11.968583, 0.14220905,
                  <!-- offset      --> 0, 0, 0,
                  <!-- orientation -->  -0.0046871384,  -0.0091133099,   0.9999474900,
                                        -0.0189854600,  -0.9997774400,  -0.0092007518,
                                         0.9998087900,  -0.0190275870,   0.0045130746,
                  <!-- axis        -->   0.0091130575,   0.9997774400,   0.0190276210,
                  <!-- min, max    --> 0, 43.690285
               </part>
               <part>
                  <!-- parent      --> "dockB_lod1",
                  <!-- child       --> "doorB_lod1",
                  <!-- position    --> -33.283691, 11.968586, 0.14221038,
                  <!-- offset      --> 0, 0, 0,
                  <!-- orientation -->  -0.0046871533,  -0.0091135185,   0.9999474900,
                                        -0.0189854970,  -0.9997774400,  -0.0092009613,
                                         0.9998087900,  -0.0190276260,   0.0045130854,
                  <!-- axis        -->   0.0091132214,   0.9997774400,   0.0190276470,
                  <!-- min, max    --> 0, 43.690289
               </part>
            </Pris>
         </Cons>
         <Part_dockA_lod1>
            <File_name name="File name" type="text">dockA_lod1021120123033.3db</File_name>
            <Index type="int">1</Index>
            <Object_name name="Object name" type="text">dockA_lod1</Object_name>
         </Part_dockA_lod1>
         <Part_dockB_lod1>
            <File_name name="File name" type="text">dockB_lod1021120123033.3db</File_name>
            <Index type="int">3</Index>
            <Object_name name="Object name" type="text">dockB_lod1</Object_name>
         </Part_dockB_lod1>
         <Part_doorA_lod1>
            <File_name name="File name" type="text">doorA_lod1021120123033.3db</File_name>
            <Index type="int">2</Index>
            <Object_name name="Object name" type="text">doorA_lod1</Object_name>
         </Part_doorA_lod1>
         <Part_doorB_lod1>
            <File_name name="File name" type="text">doorB_lod1021120123033.3db</File_name>
            <Index type="int">4</Index>
            <Object_name name="Object name" type="text">doorB_lod1</Object_name>
         </Part_doorB_lod1>
         <Root>
            <File_name name="File name" type="text">miningbase_badlands_lod1021120123033.3db</File_name>
            <Index type="int">0</Index>
            <Object_name name="Object name" type="text">Root</Object_name>
         </Root>
      </Cmpnd>
      <dockA_lod1021120123033.3db>
         <VMeshWire include="miningbase_badlands_cmp\dockA_lod1.vwd.xml"/>
         <MultiLevel>
            <Level0>
               <VMeshPart>
                  <VMeshRef type="VMeshRef">
                     <!-- header size  --> 60,
                     <!-- vmesh lib    --> data.solar.dockable.miningbase_badlands.lod0-212.vms,
                     <!-- start vert   --> 0,
                     <!-- num verts    --> 498,
                     <!-- start index  --> 0,
                     <!-- num indices  --> 663,
                     <!-- start mesh   --> 0,
                     <!-- num meshes   --> 5,
                     <!-- bounding box -->  39.872265,   60.192394,  27.893585,
                                           -53.820724,  -27.892416, -27.893576,
                     <!-- center       -->  -5.6191897,  17.396376,  -1.7080406,
                     <!-- radius       --> 61.613262
                  </VMeshRef>
               </VMeshPart>
            </Level0>
            <Level1>
               <VMeshPart>
                  <VMeshRef type="VMeshRef">
                     <!-- header size  --> 60,
                     <!-- vmesh lib    --> data.solar.dockable.miningbase_badlands.lod1-212.vms,
                     <!-- start vert   --> 0,
                     <!-- num verts    --> 92,
                     <!-- start index  --> 0,
                     <!-- num indices  --> 150,
                     <!-- start mesh   --> 0,
                     <!-- num meshes   --> 2,
                     <!-- bounding box -->  39.872265,   60.192394,  27.893585,
                                           -53.820724,  -27.892416, -27.893576,
                     <!-- center       -->  -5.6191897,  17.396376,  -1.7080406,
                     <!-- radius       --> 61.613262
                  </VMeshRef>
               </VMeshPart>
            </Level1>
            <Switch2 type="float array" count="3">
               0,
               100,
               1000000
            </Switch2>
         </MultiLevel>
      </dockA_lod1021120123033.3db>
      <dockB_lod1021120123033.3db>
         <VMeshWire include="miningbase_badlands_cmp\dockB_lod1.vwd.xml"/>
         <MultiLevel>
            <Level0>
               <VMeshPart>
                  <VMeshRef type="VMeshRef">
                     <!-- header size  --> 60,
                     <!-- vmesh lib    --> data.solar.dockable.miningbase_badlands.lod0-112.vms,
                     <!-- start vert   --> 0,
                     <!-- num verts    --> 138,
                     <!-- start index  --> 0,
                     <!-- num indices  --> 252,
                     <!-- start mesh   --> 0,
                     <!-- num meshes   --> 1,
                     <!-- bounding box -->  39.872265,    27.892403,   27.893591,
                                           -39.872253,   -27.892408,  -27.893579,
                     <!-- center       -->   0.14929894,   1.9636817,   0.20137888,
                     <!-- radius       --> 47.747845
                  </VMeshRef>
               </VMeshPart>
            </Level0>
            <Level1>
               <VMeshPart>
                  <VMeshRef type="VMeshRef">
                     <!-- header size  --> 60,
                     <!-- vmesh lib    --> data.solar.dockable.miningbase_badlands.lod1-112.vms,
                     <!-- start vert   --> 0,
                     <!-- num verts    --> 54,
                     <!-- start index  --> 0,
                     <!-- num indices  --> 108,
                     <!-- start mesh   --> 0,
                     <!-- num meshes   --> 1,
                     <!-- bounding box -->  39.872265,    27.892403,   27.893591,
                                           -39.872253,   -27.892408,  -27.893579,
                     <!-- center       -->   0.14929894,   1.9636817,   0.20137888,
                     <!-- radius       --> 47.747845
                  </VMeshRef>
               </VMeshPart>
            </Level1>
            <Switch2 type="float array" count="3">
               0,
               100,
               1000000
            </Switch2>
         </MultiLevel>
      </dockB_lod1021120123033.3db>
      <doorA_lod1021120123033.3db>
         <VMeshWire include="miningbase_badlands_cmp\doorA_lod1.vwd.xml"/>
         <MultiLevel>
            <Level0>
               <VMeshPart>
                  <VMeshRef type="VMeshRef">
                     <!-- header size  --> 60,
                     <!-- vmesh lib    --> data.solar.dockable.miningbase_badlands.lod0-112.vms,
                     <!-- start vert   --> 282,
                     <!-- num verts    --> 120,
                     <!-- start index  --> 444,
                     <!-- num indices  --> 192,
                     <!-- start mesh   --> 2,
                     <!-- num meshes   --> 1,
                     <!-- bounding box -->  23.714804,      35.557476, 1.4123622,
                                           -23.714804,     -11.854733, 0.35150507,
                     <!-- center       -->  -2.6330683e-6,  11.85137,  0.88193178,
                     <!-- radius       --> 23.720621
                  </VMeshRef>
               </VMeshPart>
            </Level0>
            <Level1>
               <VMeshPart>
                  <VMeshRef type="VMeshRef">
                     <!-- header size  --> 60,
                     <!-- vmesh lib    --> data.solar.dockable.miningbase_badlands.lod1-112.vms,
                     <!-- start vert   --> 102,
                     <!-- num verts    --> 48,
                     <!-- start index  --> 204,
                     <!-- num indices  --> 96,
                     <!-- start mesh   --> 2,
                     <!-- num meshes   --> 1,
                     <!-- bounding box -->  23.714804,      35.557476, 1.4123622,
                                           -23.714804,     -11.854733, 0.35150507,
                     <!-- center       -->  -2.6330683e-6,  11.85137,  0.88193178,
                     <!-- radius       --> 23.720621
                  </VMeshRef>
               </VMeshPart>
            </Level1>
            <Switch2 type="float array" count="3">
               0,
               100,
               1000000
            </Switch2>
         </MultiLevel>
      </doorA_lod1021120123033.3db>
      <doorB_lod1021120123033.3db>
         <VMeshWire include="miningbase_badlands_cmp\doorB_lod1.vwd.xml"/>
         <MultiLevel>
            <Level0>
               <VMeshPart>
                  <VMeshRef type="VMeshRef">
                     <!-- header size  --> 60,
                     <!-- vmesh lib    --> data.solar.dockable.miningbase_badlands.lod0-112.vms,
                     <!-- start vert   --> 138,
                     <!-- num verts    --> 144,
                     <!-- start index  --> 252,
                     <!-- num indices  --> 192,
                     <!-- start mesh   --> 1,
                     <!-- num meshes   --> 1,
                     <!-- bounding box -->  23.714809,      35.557476, 1.4123567,
                                           -23.714811,     -11.854732, 0.35149974,
                     <!-- center       -->  -2.6362084e-6,  11.851372, 0.8819263,
                     <!-- radius       --> 23.720625
                  </VMeshRef>
               </VMeshPart>
            </Level0>
            <Level1>
               <VMeshPart>
                  <VMeshRef type="VMeshRef">
                     <!-- header size  --> 60,
                     <!-- vmesh lib    --> data.solar.dockable.miningbase_badlands.lod1-112.vms,
                     <!-- start vert   --> 54,
                     <!-- num verts    --> 48,
                     <!-- start index  --> 108,
                     <!-- num indices  --> 96,
                     <!-- start mesh   --> 1,
                     <!-- num meshes   --> 1,
                     <!-- bounding box -->  23.714809,      35.557476, 1.4123567,
                                           -23.714811,     -11.854732, 0.35149974,
                     <!-- center       -->  -2.6362084e-6,  11.851372, 0.8819263,
                     <!-- radius       --> 23.720625
                  </VMeshRef>
               </VMeshPart>
            </Level1>
            <Switch2 type="float array" count="3">
               0,
               100,
               1000000
            </Switch2>
         </MultiLevel>
      </doorB_lod1021120123033.3db>
      <Exporter_Version name="Exporter Version" type="text">Nov  5 2002 11:41:55</Exporter_Version>
      <miningbase_badlands_lod1021120123033.3db>
         <Hardpoints>
            <Fixed>
               <HpDockCamA>
                  <Orientation type="Matrix">
                       0.5788668400,  -0.2615749200,  -0.7723287900,
                       0.2710723300,   0.9550148200,  -0.1202766800,
                       0.7690467800,  -0.1397327800,   0.6237321500
                  </Orientation>
                  <Position type="Vector">-147.2505, -58.275097, 63.677673</Position>
               </HpDockCamA>
               <HpDockCamB>
                  <Orientation type="Matrix">
                       0.4478141700,   0.6673799800,   0.5950348400,
                      -0.4524219900,   0.7431409400,  -0.4930070600,
                      -0.7712177600,  -0.0484313000,   0.6347264100
                  </Orientation>
                  <Position type="Vector">136.96431, -76.459946, 63.887615</Position>
               </HpDockCamB>
               <HpDockMountA>
                  <Orientation type="Matrix">
                      -0.0212425850,  -0.3063065400,  -0.9516958600,
                       0.0644753050,   0.9495094400,  -0.3070419400,
                       0.9976931800,  -0.0678832530, -420.82716e-06
                  </Orientation>
                  <Position type="Vector">-29.29805, -39.454987, 7.8550544</Position>
               </HpDockMountA>
               <HpDockMountB>
                  <Orientation type="Matrix">
                       0.2349920700,   0.6404359300,   0.7311774500,
                      -0.0318711100,   0.7569146800,  -0.6527360700,
                      -0.9714746500,   0.1300843700,   0.1982803300
                  </Orientation>
                  <Position type="Vector">46.357956, -12.795265, -1.2060078</Position>
               </HpDockMountB>
               <HpDockMountC>
                  <Orientation type="Matrix">
                      -0.0041206595,  -0.0022053011,  -0.9999890900,
                       0.0267351640,   0.9996398700,  -0.0023146989,
                       0.9996340900,  -0.0267444090,  -0.0040602167
                  </Orientation>
                  <Position type="Vector">-124.16154, 3.0664132, 5.6148882</Position>
               </HpDockMountC>
               <HpDockPointA01>
                  <Orientation type="Matrix">
                      -0.0212425850,  -0.3063065400,  -0.9516958600,
                       0.0644753050,   0.9495094400,  -0.3070419400,
                       0.9976931800,  -0.0678832530, -420.82716e-06
                  </Orientation>
                  <Position type="Vector">-84.626205, -57.0634, 7.5637946</Position>
               </HpDockPointA01>
               <HpDockPointA02>
                  <Orientation type="Matrix">
                      -0.0212425850,  -0.3063065400,  -0.9516958600,
                       0.0644753050,   0.9495094400,  -0.3070419400,
                       0.9976931800,  -0.0678832530, -420.82716e-06
                  </Orientation>
                  <Position type="Vector">-116.08688, -67.213455, 7.54989</Position>
               </HpDockPointA02>
               <HpDockPointB01>
                  <Orientation type="Matrix">
                       0.2349920700,   0.6404359300,   0.7311774500,
                      -0.0318711100,   0.7569146800,  -0.6527360700,
                      -0.9714746500,   0.1300843700,   0.1982803300
                  </Orientation>
                  <Position type="Vector">88.508575, -51.129951, 9.991231</Position>
               </HpDockPointB01>
               <HpDockPointB02>
                  <Orientation type="Matrix">
                       0.2349920700,   0.6404359300,   0.7311774500,
                      -0.0318711100,   0.7569146800,  -0.6527360700,
                      -0.9714746500,   0.1300843700,   0.1982803300
                  </Orientation>
                  <Position type="Vector">112.63039, -72.802986, 16.413427</Position>
               </HpDockPointB02>
               <HpDockPointC01>
                  <Orientation type="Matrix">
                      -0.0041206595,  -0.0022053011,  -0.9999890900,
                       0.0267351640,   0.9996398700,  -0.0023146989,
                       0.9996340900,  -0.0267444090,  -0.0040602167
                  </Orientation>
                  <Position type="Vector">-374.40308, 2.4871724, 4.5988417</Position>
               </HpDockPointC01>
               <HpDockPointC02>
                  <Orientation type="Matrix">
                      -0.0041206595,  -0.0022053011,  -0.9999890900,
                       0.0267351640,   0.9996398700,  -0.0023146989,
                       0.9996340900,  -0.0267444090,  -0.0040602167
                  </Orientation>
                  <Position type="Vector">-425.11185, 2.369796, 4.392951</Position>
               </HpDockPointC02>
               <HpLaunchCamA>
                  <Orientation type="Matrix">
                       0.0488816430,  -0.3925917100,   0.9184129200,
                      -0.0660495460,   0.9162288900,   0.3951735200,
                      -0.9966183300,  -0.0799774900,   0.0188562680
                  </Orientation>
                  <Position type="Vector">-7.4731441, -14.643765, 7.5415859</Position>
               </HpLaunchCamA>
               <HpLaunchCamB>
                  <Orientation type="Matrix">
                      -0.2240236100,   0.8492366700,  -0.4781322800,
                       0.0139860700,   0.4933524400,   0.8697170600,
                       0.9744833700,   0.1881499400,  -0.1224000000
                  </Orientation>
                  <Position type="Vector">37.399151, 19.626293, -2.9104261</Position>
               </HpLaunchCamB>
               <HpRunningLight01>
                  <Orientation type="Matrix">
                       0.2167355700,  -0.9368694400,   0.2744108100,
                      -0.7399651400,  -0.3410075300,  -0.5797977400,
                       0.6367709600,  -0.0773916390,  -0.7671592200
                  </Orientation>
                  <Position type="Vector">-81.891602, -11.321588, -16.974257</Position>
               </HpRunningLight01>
               <HpRunningLight02>
                  <Orientation type="Matrix">
                       0.2003867900,  -0.9496741300,  -0.2407574100,
                      -0.8302463300,  -0.2950716000,   0.4728888300,
                      -0.5201309300,   0.1051272700,  -0.8475918800
                  </Orientation>
                  <Position type="Vector">-82.66, -10.747823, 27.412806</Position>
               </HpRunningLight02>
               <HpRunningLight03>
                  <Orientation type="Matrix">
                      -0.3402986200,  -0.9396309900,  -0.0359224860,
                       0.7366818200,  -0.2901504000,   0.6108294700,
                      -0.5843772300,   0.1814009800,   0.7909468400
                  </Orientation>
                  <Position type="Vector">-62.737801, -61.568726, 29.466921</Position>
               </HpRunningLight03>
               <HpRunningLight04>
                  <Orientation type="Matrix">
                      -0.2960744800,  -0.9500731800,   0.0984928610,
                       0.8480051200,  -0.3089117400,  -0.4306517200,
                       0.4395762400,  -0.0439825320,   0.8971278100
                  </Orientation>
                  <Position type="Vector">-60.879845, -62.967995, -19.607403</Position>
               </HpRunningLight04>
               <HpRunningLight05>
                  <Orientation type="Matrix">
                      -0.0680652780,  -0.9500731200,   0.3045130400,
                       0.0676144290,  -0.3089119200,  -0.9486842200,
                       0.9953870800,  -0.0439829790,   0.0852648240
                  </Orientation>
                  <Position type="Vector">-86.200203, 34.742695, 0.16294913</Position>
               </HpRunningLight05>
               <HpRunningLight06>
                  <Orientation type="Matrix">
                       0.0041207247,  -0.0022053397,   0.9999890900,
                      -0.0267351510,   0.9996398700,   0.0023147392,
                      -0.9996340900,  -0.0267443950,   0.0040602805
                  </Orientation>
                  <Position type="Vector">-103.53218, 120.11547, 49.308697</Position>
               </HpRunningLight06>
               <HpRunningLight07>
                  <Orientation type="Matrix">
                      -0.9996638300,  -0.0256940870,   0.0034648872,
                      -0.0257894470,   0.9991845500,  -0.0310670080,
                      -0.0026638233,  -0.0311459210,  -0.9995113000
                  </Orientation>
                  <Position type="Vector">-69.962997, -83.30471, -81.009735</Position>
               </HpRunningLight07>
               <HpRunningLight08>
                  <Orientation type="Matrix">
                       0.6875388600,   0.7206705200,  -0.0890188290,
                       0.6257493500,  -0.6502064500,  -0.4308936600,
                      -0.3684130000,   0.2405526600,  -0.8980012500
                  </Orientation>
                  <Position type="Vector">56.376335, -45.852219, 29.035374</Position>
               </HpRunningLight08>
               <HpRunningLight09>
                  <Orientation type="Matrix">
                      -0.4398334900,   0.8646017900,   0.2429202800,
                      -0.7612031700,  -0.5024370000,   0.4100327500,
                       0.4765671800,  -0.0045655509,   0.8791261900
                  </Orientation>
                  <Position type="Vector">107.55312, -5.1800456, -12.23173</Position>
               </HpRunningLight09>
               <HpRunningLight11>
                  <Orientation type="Matrix">
                       0.4875842000,   0.7617580300,   0.4265986400,
                       0.5913004300,  -0.6476137000,   0.4805833400,
                       0.6423593200,   0.0179231130,  -0.7661940500
                  </Orientation>
                  <Position type="Vector">66.836288, -50.340809, -15.396965</Position>
               </HpRunningLight11>
               <HpRunningLight12>
                  <Orientation type="Matrix">
                      -0.2427154500,   0.7747139900,  -0.5838728000,
                      -0.7536652100,  -0.5295413100,  -0.3893260100,
                      -0.6108010400,   0.3455491700,   0.7124028800
                  </Orientation>
                  <Position type="Vector">95.892204, -4.1703453, 28.180117</Position>
               </HpRunningLight12>
               <HpRunningLight13>
                  <Orientation type="Matrix">
                       0.9999706700,   0.0035298995,   0.0067997011,
                      -0.0035822936,   0.9999638800,   0.0077086100,
                      -0.0067722448,  -0.0077327420,   0.9999471900
                  </Orientation>
                  <Position type="Vector">-38.443699, 403.75525, -31.062624</Position>
               </HpRunningLight13>
               <HpRunningLight14>
                  <Orientation type="Matrix">
                       0.9999706700,   0.0035298995,   0.0067997011,
                      -0.0035822936,   0.9999638800,   0.0077086100,
                      -0.0067722448,  -0.0077327420,   0.9999471900
                  </Orientation>
                  <Position type="Vector">54.329582, 72.713531, -66.040855</Position>
               </HpRunningLight14>
               <HpTurret_S2_01>
                  <Orientation type="Matrix">
                      -0.4793734300,   0.7880397400,  -0.3862570200,
                       0.0305013920,   0.4548175600,   0.8900621500,
                       0.8770808600,   0.4148907700,  -0.2420637600
                  </Orientation>
                  <Position type="Vector">83.584579, 20.483267, 8.8954191</Position>
               </HpTurret_S2_01>
               <HpTurret_S2_02>
                  <Orientation type="Matrix">
                      -0.2218809000,  -0.8884578300,   0.4017604900,
                       0.3043393200,   0.3283454800,   0.8941850100,
                      -0.9263619200,   0.3206740900,   0.1975390600
                  </Orientation>
                  <Position type="Vector">-89.898331, 17.1159, 28.080542</Position>
               </HpTurret_S2_02>
               <HpTurret_S2_03>
                  <Orientation type="Matrix">
                       0.9714943800,   0.0479263250,   0.2321674500,
                      -0.0543908890,   0.9982878000,   0.0215197130,
                      -0.2307385800,  -0.0335340760,   0.9724377400
                  </Orientation>
                  <Position type="Vector">73.640518, 196.11172, 3.5860693</Position>
               </HpTurret_S2_03>
               <HpTurret_S2_04>
                  <Orientation type="Matrix">
                     -111.84785e-09, -126.73470e-09,   1.0000000000,
                     -367.66636e-09,  -1.0000000000, -126.73475e-09,
                       1.0000000000, -367.66636e-09,  111.84780e-09
                  </Orientation>
                  <Position type="Vector">-23.141233, -162.2323, -5.9210372</Position>
               </HpTurret_S2_04>
               <Hp_module01>
                  <Orientation type="Matrix">
                      -0.5602914100,   0.0879979360,   0.8236078000,
                      -0.8125795100,  -0.2511746600,  -0.5259523400,
                       0.1605867100,  -0.9639334100,   0.2122363300
                  </Orientation>
                  <Position type="Vector">2.5203962, -1.0642806, -86.054573</Position>
               </Hp_module01>
               <Hp_module02>
                  <Orientation type="Matrix">
                       0.0456274930,   0.2903821200,   0.9558223500,
                      -0.9978452900,   0.0584077020,   0.0298890530,
                      -0.0471481420,  -0.9551265800,   0.2924214000
                  </Orientation>
                  <Position type="Vector">1.5390908, 84.358353, -63.26302</Position>
               </Hp_module02>
               <Hp_module03>
                  <Orientation type="Matrix">
                     -796.69280e-06,   0.0267790890,  -0.9996410600,
                      -0.9454743900,  -0.3255989600,  -0.0079688514,
                      -0.3256954800,   0.9451286800,   0.0255783460
                  </Orientation>
                  <Position type="Vector">2.3342876, 23.795376, 67.915054</Position>
               </Hp_module03>
            </Fixed>
            <Revolute>
               <HpTurret01>
                  <Axis type="Vector">0, 1, 0</Axis>
                  <Max type="float">3.1415927</Max>
                  <Min type="float">-3.1415927</Min>
                  <Orientation type="Matrix">
                       0.8480480900,  -0.4542294400,   0.2729285400,
                       0.5299192100,   0.7269191700,  -0.4367769700,
                     -14.901161e-09,   0.5150379500,   0.8571673600
                  </Orientation>
                  <Position type="Vector">-48.760128, 389.27399, -20.935394</Position>
               </HpTurret01>
               <HpTurret02>
                  <Axis type="Vector">0, 1, 0</Axis>
                  <Max type="float">1.5707964</Max>
                  <Min type="float">-1.5707964</Min>
                  <Orientation type="Matrix">
                      -0.0750300880,  -0.6110723000,   0.7880106000,
                       0.0960342880,   0.7821370400,   0.6156613800,
                      -0.9925459600,   0.1218693300,  119.20929e-09
                  </Orientation>
                  <Position type="Vector">-86.945976, 161.46971, 10.297478</Position>
               </HpTurret02>
               <HpTurret03>
                  <Axis type="Vector">0, 1, 0</Axis>
                  <Max type="float">1.5707964</Max>
                  <Min type="float">-1.5707964</Min>
                  <Orientation type="Matrix">
                      -0.2591634400,  -0.7976231000,   0.5446389900,
                       0.1683026600,   0.5179825400,   0.8386706100,
                      -0.9510564800,   0.3090169700,   0.0000000000
                  </Orientation>
                  <Position type="Vector">-91.122894, 142.60318, 43.666084</Position>
               </HpTurret03>
               <HpTurret04>
                  <Axis type="Vector">0, 1, 0</Axis>
                  <Max type="float">1.5707964</Max>
                  <Min type="float">-1.5707964</Min>
                  <Orientation type="Matrix">
                      -0.9396926200,   0.0000000000,  -0.3420202100,
                      -0.0593911860,   0.9848077300,   0.1631759100,
                       0.3368241800,   0.1736481800,  -0.9254165900
                  </Orientation>
                  <Position type="Vector">40.3036, 190.71669, 55.591343</Position>
               </HpTurret04>
               <HpTurret05>
                  <Axis type="Vector">0, 1, 0</Axis>
                  <Max type="float">1.7453293</Max>
                  <Min type="float">-1.7453293</Min>
                  <Orientation type="Matrix">
                       0.7950381600,   0.3213937300,  -0.5144125200,
                      -0.0554146620,   0.8830222500,   0.4660481200,
                       0.6040226200,  -0.3420200300,   0.7198463700
                  </Orientation>
                  <Position type="Vector">50.555618, 76.491577, -60.32386</Position>
               </HpTurret05>
               <HpTurret06>
                  <Axis type="Vector">0, 1, 0</Axis>
                  <Max type="float">3.1415927</Max>
                  <Min type="float">-3.1415927</Min>
                  <Orientation type="Matrix">
                       0.9848077300,  -0.0301537070,   0.1710101100,
                      -0.1736482100,  -0.1710102400,   0.9698464300,
                       0.0000000000,  -0.9848079100,  -0.1736483600
                  </Orientation>
                  <Position type="Vector">-70.189095, -83.237267, -81.367043</Position>
               </HpTurret06>
               <HpTurret07>
                  <Axis type="Vector">0, 1, 0</Axis>
                  <Max type="float">3.1415927</Max>
                  <Min type="float">-3.1415927</Min>
                  <Orientation type="Matrix">
                      -0.9999997600,   0.0000000000,  87.422769e-09,
                      87.422769e-09,  59.604645e-09,   0.9999998800,
                      7.1054274e-15,   0.9999998800,  178.81393e-09
                  </Orientation>
                  <Position type="Vector">-9.9671125, -72.563889, 93.352783</Position>
               </HpTurret07>
            </Revolute>
         </Hardpoints>
         <VMeshWire include="miningbase_badlands_cmp\miningbase_badlands_lod1.vwd.xml"/>
         <MultiLevel>
            <Level0>
               <VMeshPart>
                  <VMeshRef type="VMeshRef">
                     <!-- header size  --> 60,
                     <!-- vmesh lib    --> data.solar.dockable.miningbase_badlands.lod0-212.vms,
                     <!-- start vert   --> 498,
                     <!-- num verts    --> 1137,
                     <!-- start index  --> 663,
                     <!-- num indices  --> 1137,
                     <!-- start mesh   --> 5,
                     <!-- num meshes   --> 1,
                     <!-- bounding box -->  105.75122,     403.1235,   93.462151,
                                           -103.15578,    -162.24345, -94.079681,
                     <!-- center       -->    0.86690778,  121.38682,  -0.58270955,
                     <!-- radius       --> 286.23315
                  </VMeshRef>
               </VMeshPart>
            </Level0>
            <Level1>
               <VMeshPart>
                  <VMeshRef type="VMeshRef">
                     <!-- header size  --> 60,
                     <!-- vmesh lib    --> data.solar.dockable.miningbase_badlands.lod1-212.vms,
                     <!-- start vert   --> 92,
                     <!-- num verts    --> 1107,
                     <!-- start index  --> 150,
                     <!-- num indices  --> 1107,
                     <!-- start mesh   --> 2,
                     <!-- num meshes   --> 1,
                     <!-- bounding box -->  105.75122,     403.1235,   93.462151,
                                           -103.15578,    -162.24345, -94.079681,
                     <!-- center       -->    0.86690778,  121.38682,  -0.58270955,
                     <!-- radius       --> 286.23315
                  </VMeshRef>
               </VMeshPart>
            </Level1>
            <Switch2 type="float array" count="3">
               0,
               100,
               1000000
            </Switch2>
         </MultiLevel>
      </miningbase_badlands_lod1021120123033.3db>
   </UTF_ROOT>
</UTFXML>
