<?xml version="1.0" encoding="ISO-8859-1"?>
<!-- XML generated by UTFXML Version 2.2 built 19-Aug-2010 -->
<UTFXML filename="nomad_lair.cmp" path="SOLAR\DOCKABLE">
   <UTF_ROOT>
      <VMeshLibrary>
         <data.solar.dockable.nomad_lair.lod0-212.vms include="nomad_lair_cmp\lod0-212.vms.xml"/>
      </VMeshLibrary>
      <MaterialAnim>
         <lair_rock_mbrn_2side>
            <MACount type="int">1</MACount>
            <MAFlags type="int">0x0</MAFlags>
            <MADeltas type="float array" count="5">
                  3.3333335000:   0.0000000000,  -0.2969312700,   0.0000000000, -1.1175871e-06
            </MADeltas>
         </lair_rock_mbrn_2side>
      </MaterialAnim>
      <Exporter_Version name="Exporter Version" type="text">Nov  5 2002 11:41:55</Exporter_Version>
      <Cmpnd>
         <Root>
            <Object_name name="Object name" type="text">Root</Object_name>
            <File_name name="File name" type="text">main021203215023.3db</File_name>
            <Index type="int">0</Index>
         </Root>
         <Part_trench_membrane>
            <Object_name name="Object name" type="text">trench_membrane</Object_name>
            <File_name name="File name" type="text">trench_membrane021203215023.3db</File_name>
            <Index type="int">1</Index>
         </Part_trench_membrane>
         <Part_tower01>
            <Object_name name="Object name" type="text">tower01</Object_name>
            <File_name name="File name" type="text">tower01021203215023.3db</File_name>
            <Index type="int">2</Index>
         </Part_tower01>
         <Part_tower03>
            <Object_name name="Object name" type="text">tower03</Object_name>
            <File_name name="File name" type="text">tower03021203215023.3db</File_name>
            <Index type="int">3</Index>
         </Part_tower03>
         <Part_tower02>
            <Object_name name="Object name" type="text">tower02</Object_name>
            <File_name name="File name" type="text">tower02021203215023.3db</File_name>
            <Index type="int">4</Index>
         </Part_tower02>
         <Part_tunnel_zone_ni>
            <Object_name name="Object name" type="text">tunnel_zone_ni</Object_name>
            <File_name name="File name" type="text">tunnel_zone_ni021203215023.3db</File_name>
            <Index type="int">5</Index>
         </Part_tunnel_zone_ni>
         <Cons>
            <Fix type="Fix" count="5">
               <part>
                  <!-- parent      --> "Root",
                  <!-- child       --> "trench_membrane",
                  <!-- position    --> 0, -1.1076463, -24.077078e-9,
                  <!-- orientation -->   1.0000000000,   0.0000000000,   0.0000000000,
                                        -0.0000000000,   1.0000000000,  59.604645e-09,
                                         0.0000000000, -59.604645e-09,   1.0000000000
               </part>
               <part>
                  <!-- parent      --> "Root",
                  <!-- child       --> "tower01",
                  <!-- position    --> -666.80524, -0.85307533, -1251.6328,
                  <!-- orientation -->   0.9271838700,   0.3746065800,  89.406981e-09,
                                        63.359458e-09,  81.848853e-09,  -1.0000000000,
                                        -0.3746065800,   0.9271838700,  52.154064e-09
               </part>
               <part>
                  <!-- parent      --> "Root",
                  <!-- child       --> "tower03",
                  <!-- position    --> 1635.0225, -0.85321492, -207.57005,
                  <!-- orientation -->   0.1218692400,  -0.9925461400, -208.61633e-09,
                                       -55.004094e-09,  203.42935e-09,  -1.0000000000,
                                         0.9925461400,   0.1218692400, -29.802322e-09
               </part>
               <part>
                  <!-- parent      --> "Root",
                  <!-- child       --> "tower02",
                  <!-- position    --> -681.30109, -0.85336173, 1247.1294,
                  <!-- orientation -->  -0.9238795000,   0.3826835800,  59.604659e-09,
                                        37.596958e-09,  246.52149e-09,  -1.0000000000,
                                        -0.3826835800,  -0.9238795000, -242.14387e-09
               </part>
               <part>
                  <!-- parent      --> "Root",
                  <!-- child       --> "tunnel_zone_ni",
                  <!-- position    --> 0, 76.751228e-9, 107.96469e-9,
                  <!-- orientation -->   1.0000000000,   0.0000000000,   0.0000000000,
                                        -0.0000000000,   1.0000000000,  59.604645e-09,
                                         0.0000000000, -59.604645e-09,   1.0000000000
               </part>
            </Fix>
         </Cons>
      </Cmpnd>
      <main021203215023.3db>
         <VMeshPart>
            <VMeshRef type="VMeshRef">
               <!-- header size  --> 60,
               <!-- vmesh lib    --> data.solar.dockable.nomad_lair.lod0-212.vms,
               <!-- start vert   --> 0,
               <!-- num verts    --> 2143,
               <!-- start index  --> 0,
               <!-- num indices  --> 5976,
               <!-- start mesh   --> 0,
               <!-- num meshes   --> 6,
               <!-- bounding box -->  1899.6132,       380.79437,     1478.0542,
                                     -1899.5742,      -381.88101,    -1478.0345,
               <!-- center       -->     0.019535961,   -0.19257005,     0.0065209023,
               <!-- radius       --> 1904.5531
            </VMeshRef>
         </VMeshPart>
         <VMeshWire include="nomad_lair_cmp\main.vwd.xml"/>
         <Hardpoints>
            <Revolute>
               <HpExhaust02>
                  <Position type="Vector">736.05823, 322.97452, 572.33777</Position>
                  <Orientation type="Matrix">
                       0.6087610100, -139.66803e-09,   0.7933536200,
                      48.016851e-09,   1.0000000000,  139.20304e-09,
                      -0.7933536200, -46.647045e-09,   0.6087610100
                  </Orientation>
                  <Axis type="Vector">0, 1, 0</Axis>
                  <Min type="float">-2.0943999</Min>
                  <Max type="float">2.0943799</Max>
               </HpExhaust02>
               <HpExhaust03>
                  <Position type="Vector">-736.05829, 322.97452, 573.01196</Position>
                  <Orientation type="Matrix">
                       0.6225148400,  149.26154e-09,  -0.7826079700,
                     -16.276926e-09,   1.0000000000,  177.77597e-09,
                       0.7826079700, -97.929735e-09,   0.6225148400
                  </Orientation>
                  <Axis type="Vector">0, 1, 0</Axis>
                  <Min type="float">-2.0943999</Min>
                  <Max type="float">2.0943799</Max>
               </HpExhaust03>
               <HpExhaust04>
                  <Position type="Vector">-736.05829, 322.97458, -572.33771</Position>
                  <Orientation type="Matrix">
                      -0.6087609500,  116.86716e-09,  -0.7933536800,
                     -151.38734e-09,   1.0000000000,  263.47121e-09,
                       0.7933536800,  280.49470e-09,  -0.6087609500
                  </Orientation>
                  <Axis type="Vector">0, 1, 0</Axis>
                  <Min type="float">-2.0943999</Min>
                  <Max type="float">2.0943799</Max>
               </HpExhaust04>
               <HpDockmountA>
                  <Position type="Vector">0, 250, 0</Position>
                  <Orientation type="Matrix">
                       1.0000000000,   0.0000000000,   0.0000000000,
                       0.0000000000,  59.604645e-09,   0.9999998800,
                       0.0000000000,  -0.9999998800,  59.604645e-09
                  </Orientation>
                  <Axis type="Vector">0, 1, 0</Axis>
                  <Min type="float">0</Min>
                  <Max type="float">0</Max>
               </HpDockmountA>
               <HpDockmountB>
                  <Position type="Vector">0, -250, 0</Position>
                  <Orientation type="Matrix">
                       1.0000000000,   0.0000000000,  -0.0000000000,
                      -0.0000000000,  59.604645e-09,  -0.9999998800,
                       0.0000000000,   0.9999998800,  59.604645e-09
                  </Orientation>
                  <Axis type="Vector">0, 1, 0</Axis>
                  <Min type="float">0</Min>
                  <Max type="float">0</Max>
               </HpDockmountB>
               <HpConnect>
                  <Position type="Vector">0.13116837, 284.47098, -0.018458679</Position>
                  <Orientation type="Matrix">
                     -222.84732e-09, -130.17379e-09,   1.0000000000,
                     -31.022964e-09,   1.0000000000,  130.17379e-09,
                      -1.0000000000, -31.022935e-09, -222.84732e-09
                  </Orientation>
                  <Axis type="Vector">0, 1, 0</Axis>
                  <Min type="float">-2.0943999</Min>
                  <Max type="float">2.0943799</Max>
               </HpConnect>
               <HpTurret01>
                  <Axis type="Vector">0, 1, 0</Axis>
                  <Max type="float">6.2657318</Max>
                  <Min type="float">-6.2831855</Min>
                  <Orientation type="Matrix">
                     -119.20929e-09,   0.2588189800,  -0.9659254600,
                      134.11045e-09,   0.9659258100,   0.2588189800,
                       0.9999996400,  14.901161e-09, -119.20929e-09
                  </Orientation>
                  <Position type="Vector">1425, 331, 0</Position>
               </HpTurret01>
               <HpTurret02>
                  <Axis type="Vector">0, 1, 0</Axis>
                  <Max type="float">6.2657318</Max>
                  <Min type="float">-6.2831855</Min>
                  <Orientation type="Matrix">
                     -119.20929e-09,  -0.2588189800,   0.9659254600,
                     -134.11045e-09,   0.9659258100,   0.2588189800,
                      -0.9999996400,  14.901161e-09, -119.20929e-09
                  </Orientation>
                  <Position type="Vector">-1425, 331, 0</Position>
               </HpTurret02>
               <HpTurret03>
                  <Axis type="Vector">0, 1, 0</Axis>
                  <Max type="float">6.2657318</Max>
                  <Min type="float">-6.2831855</Min>
                  <Orientation type="Matrix">
                       1.0000000000,   0.0000000000,   0.0000000000,
                       0.0000000000,   0.9659258100,   0.2588190700,
                       0.0000000000,  -0.2588190700,   0.9659258100
                  </Orientation>
                  <Position type="Vector">0, 331, -1109</Position>
               </HpTurret03>
               <HpTurret04>
                  <Axis type="Vector">0, 1, 0</Axis>
                  <Max type="float">6.2657318</Max>
                  <Min type="float">-6.2831855</Min>
                  <Orientation type="Matrix">
                       1.0000000000,   0.0000000000,  -0.0000000000,
                      -0.0000000000,   0.9659258100,  -0.2588190700,
                       0.0000000000,   0.2588190700,   0.9659258100
                  </Orientation>
                  <Position type="Vector">0, 331, 1109</Position>
               </HpTurret04>
               <HpTurret05>
                  <Axis type="Vector">0, 1, 0</Axis>
                  <Max type="float">6.2657318</Max>
                  <Min type="float">-6.2831855</Min>
                  <Orientation type="Matrix">
                       0.8221272200,  -0.0865060840,   0.5626930000,
                       0.0017584078,   0.9887692300,   0.1494401200,
                      -0.5693010100,  -0.1218693500,   0.8130462200
                  </Orientation>
                  <Position type="Vector">-423, 328, -483</Position>
               </HpTurret05>
               <HpTurret06>
                  <Axis type="Vector">0, 1, 0</Axis>
                  <Max type="float">6.2657318</Max>
                  <Min type="float">-6.2831855</Min>
                  <Orientation type="Matrix">
                      -0.8206437800,   0.0694910210,  -0.5671990500,
                       0.0072724391,   0.9937680400,   0.1112305500,
                       0.5713937900,   0.0871557440,  -0.8160349100
                  </Orientation>
                  <Position type="Vector">423, 328, 483</Position>
               </HpTurret06>
               <HpTurret07>
                  <Axis type="Vector">0, 1, 0</Axis>
                  <Max type="float">6.2657318</Max>
                  <Min type="float">-6.2831855</Min>
                  <Orientation type="Matrix">
                      -0.7699568300,  -0.0865060990,   0.6322049500,
                       0.0112728440,   0.9887692300,   0.1490247100,
                      -0.6379963800,   0.1218693400,  -0.7603343700
                  </Orientation>
                  <Position type="Vector">-423, 328, 483</Position>
               </HpTurret07>
               <HpTurret08>
                  <Axis type="Vector">0, 1, 0</Axis>
                  <Max type="float">6.2657318</Max>
                  <Min type="float">-6.2831855</Min>
                  <Orientation type="Matrix">
                       0.7699568300,   0.0865060990,  -0.6322049500,
                       0.0112728400,   0.9887692300,   0.1490247100,
                       0.6379963800,  -0.1218693400,   0.7603344900
                  </Orientation>
                  <Position type="Vector">423, 328, -483</Position>
               </HpTurret08>
               <HpTurret09>
                  <Axis type="Vector">0, 1, 0</Axis>
                  <Max type="float">6.2657318</Max>
                  <Min type="float">-6.2831855</Min>
                  <Orientation type="Matrix">
                     -119.20929e-09,   0.2588189800,  -0.9659254600,
                     -223.51742e-09,  -0.9659251000,  -0.2588189800,
                      -0.9999996400,  74.505806e-09,  834.46503e-09
                  </Orientation>
                  <Position type="Vector">1425, -332.5, 0</Position>
               </HpTurret09>
               <HpTurret10>
                  <Axis type="Vector">0, 1, 0</Axis>
                  <Max type="float">1.7278759</Max>
                  <Min type="float">-1.7453293</Min>
                  <Orientation type="Matrix">
                      -0.7660445000,  93.132257e-09,  -0.6427876400,
                       0.1116188300,  -0.9848078500,  -0.1330222900,
                      -0.6330222500,  -0.1736481900,   0.7544065100
                  </Orientation>
                  <Position type="Vector">787, 61, -919</Position>
               </HpTurret10>
               <HpTurret11>
                  <Axis type="Vector">0, 1, 0</Axis>
                  <Max type="float">1.7278759</Max>
                  <Min type="float">-1.7453293</Min>
                  <Orientation type="Matrix">
                      -0.7660445000,  81.956387e-09,   0.6427876400,
                      -0.1116189700,  -0.9848078500,  -0.1330221700,
                       0.6330222500,  -0.1736481900,   0.7544065100
                  </Orientation>
                  <Position type="Vector">-787, 61, -919</Position>
               </HpTurret11>
               <HpTurret12>
                  <Axis type="Vector">0, 1, 0</Axis>
                  <Max type="float">1.7278759</Max>
                  <Min type="float">-1.7453293</Min>
                  <Orientation type="Matrix">
                       0.7660444400, -85.681677e-09,  -0.6427876400,
                      -0.1116189700,  -0.9848078500,  -0.1330221700,
                      -0.6330222500,   0.1736481900,  -0.7544065700
                  </Orientation>
                  <Position type="Vector">787, 61, 913</Position>
               </HpTurret12>
               <HpTurret13>
                  <Axis type="Vector">0, 1, 0</Axis>
                  <Max type="float">1.7278759</Max>
                  <Min type="float">-1.7453293</Min>
                  <Orientation type="Matrix">
                       0.7660444400, -89.406967e-09,   0.6427876400,
                       0.1116188400,  -0.9848078500,  -0.1330222900,
                       0.6330222500,   0.1736481900,  -0.7544065700
                  </Orientation>
                  <Position type="Vector">-787, 61, 913</Position>
               </HpTurret13>
               <HpTurret14>
                  <Axis type="Vector">0, 1, 0</Axis>
                  <Max type="float">6.2657318</Max>
                  <Min type="float">-6.2831855</Min>
                  <Orientation type="Matrix">
                     -119.20929e-09,  -0.2588189800,   0.9659254600,
                      223.51742e-09,  -0.9659251000,  -0.2588189800,
                       0.9999996400,  74.505806e-09,  834.46503e-09
                  </Orientation>
                  <Position type="Vector">-1425, -332.5, 0</Position>
               </HpTurret14>
               <HpTurret15>
                  <Axis type="Vector">0, 1, 0</Axis>
                  <Max type="float">6.2657318</Max>
                  <Min type="float">-6.2831855</Min>
                  <Orientation type="Matrix">
                      -0.9999998800,   0.0000000000,  87.427900e-09,
                     -22.628024e-09,  -0.9659256900,  -0.2588192200,
                      84.448864e-09,  -0.2588192200,   0.9659257500
                  </Orientation>
                  <Position type="Vector">0, -332.5, -1109</Position>
               </HpTurret15>
               <HpTurret16>
                  <Axis type="Vector">0, 1, 0</Axis>
                  <Max type="float">6.2657318</Max>
                  <Min type="float">-6.2831855</Min>
                  <Orientation type="Matrix">
                       1.0000000000,   0.0000000000,  -0.0000000000,
                      -0.0000000000,  -0.9659256900,  -0.2588192200,
                       0.0000000000,   0.2588192200,  -0.9659256900
                  </Orientation>
                  <Position type="Vector">0, -332.5, 1109</Position>
               </HpTurret16>
               <HpTurret17>
                  <Axis type="Vector">0, 1, 0</Axis>
                  <Max type="float">6.2657318</Max>
                  <Min type="float">-6.2831855</Min>
                  <Orientation type="Matrix">
                      -0.8203979700,  -0.0347666930,   0.5707355100,
                      -0.0213721660,  -0.9955880600,  -0.0913680270,
                       0.5713939100,  -0.0871559750,   0.8160348500
                  </Orientation>
                  <Position type="Vector">-423, -329, -483</Position>
               </HpTurret17>
               <HpTurret18>
                  <Axis type="Vector">0, 1, 0</Axis>
                  <Max type="float">6.2657318</Max>
                  <Min type="float">-6.2831855</Min>
                  <Orientation type="Matrix">
                       0.8169083600,  -0.0347666890,  -0.5757187000,
                      -0.0785481480,  -0.9955879400,  -0.0513329650,
                      -0.5713939100,   0.0871559680,  -0.8160349100
                  </Orientation>
                  <Position type="Vector">423, -329, 483</Position>
               </HpTurret18>
               <HpTurret19>
                  <Axis type="Vector">0, 1, 0</Axis>
                  <Max type="float">6.2657318</Max>
                  <Min type="float">-6.2831855</Min>
                  <Orientation type="Matrix">
                       0.8203976800,  -0.0347666930,   0.5707354500,
                       0.0213721600,  -0.9955880600,  -0.0913680340,
                       0.5713938500,   0.0871559680,  -0.8160351500
                  </Orientation>
                  <Position type="Vector">-423, -329, 483</Position>
               </HpTurret19>
               <HpTurret20>
                  <Axis type="Vector">0, 1, 0</Axis>
                  <Max type="float">6.2657318</Max>
                  <Min type="float">-6.2831855</Min>
                  <Orientation type="Matrix">
                      -0.8169084800,  -0.0347666890,  -0.5757187600,
                       0.0785481480,  -0.9955879400,  -0.0513329650,
                      -0.5713939700,  -0.0871559680,   0.8160348500
                  </Orientation>
                  <Position type="Vector">423, -329, -483</Position>
               </HpTurret20>
            </Revolute>
            <Fixed>
               <HpDockPointA01>
                  <Orientation type="Matrix">
                       1.0000000000,   0.0000000000,   0.0000000000,
                       0.0000000000,  59.604645e-09,   0.9999998800,
                       0.0000000000,  -0.9999998800,  59.604645e-09
                  </Orientation>
                  <Position type="Vector">0, 500, 0</Position>
               </HpDockPointA01>
               <HpDockPointA02>
                  <Orientation type="Matrix">
                       1.0000000000,   0.0000000000,   0.0000000000,
                       0.0000000000,   0.0174524190,   0.9998477100,
                       0.0000000000,  -0.9998477100,   0.0174524190
                  </Orientation>
                  <Position type="Vector">0, 800, 0</Position>
               </HpDockPointA02>
               <HpDockPointB01>
                  <Orientation type="Matrix">
                       1.0000000000,   0.0000000000,  -0.0000000000,
                      -0.0000000000,   0.0174524190,  -0.9998477100,
                       0.0000000000,   0.9998477100,   0.0174524190
                  </Orientation>
                  <Position type="Vector">0, -500, 0</Position>
               </HpDockPointB01>
               <HpDockPointB02>
                  <Orientation type="Matrix">
                       1.0000000000,   0.0000000000,  -0.0000000000,
                      -0.0000000000,   0.0174524190,  -0.9998477100,
                       0.0000000000,   0.9998477100,   0.0174524190
                  </Orientation>
                  <Position type="Vector">0, -800, 0</Position>
               </HpDockPointB02>
            </Fixed>
         </Hardpoints>
      </main021203215023.3db>
      <trench_membrane021203215023.3db>
         <VMeshPart>
            <VMeshRef type="VMeshRef">
               <!-- header size  --> 60,
               <!-- vmesh lib    --> data.solar.dockable.nomad_lair.lod0-212.vms,
               <!-- start vert   --> 2311,
               <!-- num verts    --> 281,
               <!-- start index  --> 6324,
               <!-- num indices  --> 720,
               <!-- start mesh   --> 9,
               <!-- num meshes   --> 1,
               <!-- bounding box -->  1899.6135,      140.44701,    1478.0336,
                                     -1899.5745,     -136.54832,   -1478.0337,
               <!-- center       -->     0.43111405,    1.9690458,     0.025809551,
               <!-- radius       --> 1905.0394
            </VMeshRef>
         </VMeshPart>
         <VMeshWire include="nomad_lair_cmp\trench_membrane.vwd.xml"/>
      </trench_membrane021203215023.3db>
      <tower01021203215023.3db>
         <VMeshPart>
            <VMeshRef type="VMeshRef">
               <!-- header size  --> 60,
               <!-- vmesh lib    --> data.solar.dockable.nomad_lair.lod0-212.vms,
               <!-- start vert   --> 2592,
               <!-- num verts    --> 36,
               <!-- start index  --> 7044,
               <!-- num indices  --> 126,
               <!-- start mesh   --> 10,
               <!-- num meshes   --> 1,
               <!-- bounding box -->  29.529388,     362.74472,   26.641851,
                                     -29.5312,      -384.80917,  -26.64146,
               <!-- center       -->   0.037777245,  -10.444345,  -0.0063689193,
               <!-- radius       --> 374.36667
            </VMeshRef>
         </VMeshPart>
         <VMeshWire include="nomad_lair_cmp\tower01.vwd.xml"/>
         <Hardpoints>
            <Revolute>
               <HpShield01>
                  <Position type="Vector">1.3516743, -412.17429, 3.777456</Position>
                  <Orientation type="Matrix">
                      -1.0000000000, -62.883643e-09, -426.20388e-09,
                      426.20385e-09,  304.73896e-09,  -1.0000000000,
                      62.883771e-09,  -1.0000000000, -304.73893e-09
                  </Orientation>
                  <Axis type="Vector">0, 1, 0</Axis>
                  <Min type="float">-2.0943999</Min>
                  <Max type="float">2.0943799</Max>
               </HpShield01>
            </Revolute>
            <Fixed>
               <HpSmoke01>
                  <Orientation type="Matrix">
                       1.0000000000,   0.0000000000,   0.0000000000,
                       0.0000000000,   1.0000000000,   0.0000000000,
                       0.0000000000,   0.0000000000,   1.0000000000
                  </Orientation>
                  <Position type="Vector">-0.126339, -384.75107, 0.27959299</Position>
               </HpSmoke01>
               <HpDockMountC>
                  <Orientation type="Matrix">
                      178.81393e-09,   0.0000000000,  -0.9999997600,
                       0.9999997600,  178.81393e-09, -59.604645e-09,
                     -59.604645e-09,  -0.9999997600,  238.41858e-09
                  </Orientation>
                  <Position type="Vector">0, -500, 0</Position>
               </HpDockMountC>
               <HpDockPointC01>
                  <Orientation type="Matrix">
                      178.81393e-09,   0.0000000000,  -0.9999997600,
                       0.9999997600,  178.81393e-09, -59.604645e-09,
                     -59.604645e-09,  -0.9999997600,  238.41858e-09
                  </Orientation>
                  <Position type="Vector">-300, -500, 0</Position>
               </HpDockPointC01>
               <HpDockPointC02>
                  <Orientation type="Matrix">
                      178.81393e-09,   0.0000000000,  -0.9999997600,
                       0.9999997600,  178.81393e-09, -59.604645e-09,
                     -59.604645e-09,  -0.9999997600,  238.41858e-09
                  </Orientation>
                  <Position type="Vector">-600, -500, 0</Position>
               </HpDockPointC02>
            </Fixed>
         </Hardpoints>
      </tower01021203215023.3db>
      <tower03021203215023.3db>
         <VMeshPart>
            <VMeshRef type="VMeshRef">
               <!-- header size  --> 60,
               <!-- vmesh lib    --> data.solar.dockable.nomad_lair.lod0-212.vms,
               <!-- start vert   --> 2179,
               <!-- num verts    --> 36,
               <!-- start index  --> 6102,
               <!-- num indices  --> 126,
               <!-- start mesh   --> 7,
               <!-- num meshes   --> 1,
               <!-- bounding box -->  29.529392,     362.74481,   26.641878,
                                     -29.531193,    -384.80927,  -26.641428,
               <!-- center       -->   0.037780523,  -10.444314,  -0.0063411612,
               <!-- radius       --> 374.36673
            </VMeshRef>
         </VMeshPart>
         <VMeshWire include="nomad_lair_cmp\tower03.vwd.xml"/>
         <Hardpoints>
            <Revolute>
               <HpShield03>
                  <Position type="Vector">0.25939354, -413.13547, 3.7774391</Position>
                  <Orientation type="Matrix">
                      -1.0000000000, -43.876916e-09, -413.99142e-09,
                      413.99139e-09,  346.39405e-09,  -1.0000000000,
                      43.877058e-09,  -1.0000000000, -346.39402e-09
                  </Orientation>
                  <Axis type="Vector">0, 1, 0</Axis>
                  <Min type="float">-2.0943999</Min>
                  <Max type="float">2.0943799</Max>
               </HpShield03>
            </Revolute>
            <Fixed>
               <HpSmoke02>
                  <Orientation type="Matrix">
                       1.0000000000,   0.0000000000,   0.0000000000,
                       0.0000000000,   1.0000000000,   0.0000000000,
                       0.0000000000,   0.0000000000,   1.0000000000
                  </Orientation>
                  <Position type="Vector">-0.004797, -384.72232, 0.403088</Position>
               </HpSmoke02>
               <HpDockMountD>
                  <Orientation type="Matrix">
                      178.81393e-09,   0.0000000000,  -0.9999997600,
                       0.9999997600,  178.81393e-09, -59.604645e-09,
                     -59.604645e-09,  -0.9999997600,  238.41858e-09
                  </Orientation>
                  <Position type="Vector">0, -500, 0</Position>
               </HpDockMountD>
               <HpDockPointD01>
                  <Orientation type="Matrix">
                      178.81393e-09,   0.0000000000,  -0.9999997600,
                       0.9999997600,  178.81393e-09, -59.604645e-09,
                     -59.604645e-09,  -0.9999997600,  238.41858e-09
                  </Orientation>
                  <Position type="Vector">-300, -500, 0</Position>
               </HpDockPointD01>
               <HpDockPointD02>
                  <Orientation type="Matrix">
                      178.81393e-09,   0.0000000000,  -0.9999997600,
                       0.9999997600,  178.81393e-09, -59.604645e-09,
                     -59.604645e-09,  -0.9999997600,  238.41858e-09
                  </Orientation>
                  <Position type="Vector">-600, -500, 0</Position>
               </HpDockPointD02>
            </Fixed>
         </Hardpoints>
      </tower03021203215023.3db>
      <tower02021203215023.3db>
         <VMeshPart>
            <VMeshRef type="VMeshRef">
               <!-- header size  --> 60,
               <!-- vmesh lib    --> data.solar.dockable.nomad_lair.lod0-212.vms,
               <!-- start vert   --> 2143,
               <!-- num verts    --> 36,
               <!-- start index  --> 5976,
               <!-- num indices  --> 126,
               <!-- start mesh   --> 6,
               <!-- num meshes   --> 1,
               <!-- bounding box -->  29.529442,     362.74472,   26.641863,
                                     -29.531147,    -384.80911,  -26.641451,
               <!-- center       -->   0.037829101,  -10.444297,  -0.0063593299,
               <!-- radius       --> 374.36664
            </VMeshRef>
         </VMeshPart>
         <VMeshWire include="nomad_lair_cmp\tower02.vwd.xml"/>
         <Hardpoints>
            <Revolute>
               <HpShield02>
                  <Position type="Vector">0.76682538, -413.32648, 3.7775164</Position>
                  <Orientation type="Matrix">
                      -1.0000000000, -12.279886e-09, -343.76669e-09,
                      343.76669e-09,  72.406564e-09,  -1.0000000000,
                      12.279911e-09,  -1.0000000000, -72.406557e-09
                  </Orientation>
                  <Axis type="Vector">0, 1, 0</Axis>
                  <Min type="float">-2.0943999</Min>
                  <Max type="float">2.0943799</Max>
               </HpShield02>
            </Revolute>
            <Fixed>
               <HpSmoke03>
                  <Orientation type="Matrix">
                       1.0000000000,   0.0000000000,   0.0000000000,
                       0.0000000000,   1.0000000000,   0.0000000000,
                       0.0000000000,   0.0000000000,   1.0000000000
                  </Orientation>
                  <Position type="Vector">-0.070799001, -384.72202, 0.241993</Position>
               </HpSmoke03>
               <HpDockMountE>
                  <Orientation type="Matrix">
                      178.81393e-09,   0.0000000000,  -0.9999997600,
                       0.9999997600,  178.81393e-09, -59.604645e-09,
                     -59.604645e-09,  -0.9999997600,  238.41858e-09
                  </Orientation>
                  <Position type="Vector">0, -500, 0</Position>
               </HpDockMountE>
               <HpDockPointE01>
                  <Orientation type="Matrix">
                      178.81393e-09,   0.0000000000,  -0.9999997600,
                       0.9999997600,  178.81393e-09, -59.604645e-09,
                     -59.604645e-09,  -0.9999997600,  238.41858e-09
                  </Orientation>
                  <Position type="Vector">-300, -500, 0</Position>
               </HpDockPointE01>
               <HpDockPointE02>
                  <Orientation type="Matrix">
                      178.81393e-09,   0.0000000000,  -0.9999997600,
                       0.9999997600,  178.81393e-09, -59.604645e-09,
                     -59.604645e-09,  -0.9999997600,  238.41858e-09
                  </Orientation>
                  <Position type="Vector">-600, -500, 0</Position>
               </HpDockPointE02>
            </Fixed>
         </Hardpoints>
      </tower02021203215023.3db>
      <tunnel_zone_ni021203215023.3db>
         <VMeshPart>
            <VMeshRef type="VMeshRef">
               <!-- header size  --> 60,
               <!-- vmesh lib    --> data.solar.dockable.nomad_lair.lod0-212.vms,
               <!-- start vert   --> 2215,
               <!-- num verts    --> 96,
               <!-- start index  --> 6228,
               <!-- num indices  --> 96,
               <!-- start mesh   --> 8,
               <!-- num meshes   --> 1,
               <!-- bounding box -->  84.407173,   176.10481,     65.71373,
                                     -84.489227,  -176.10481,    -65.702492,
               <!-- center       -->  -2.4900486,    0.46650228,  -3.1584346,
               <!-- radius       --> 192.31595
            </VMeshRef>
         </VMeshPart>
         <VMeshWire include="nomad_lair_cmp\tunnel_zone_ni.vwd.xml"/>
      </tunnel_zone_ni021203215023.3db>
   </UTF_ROOT>
</UTFXML>
