<?xml version="1.0" encoding="ISO-8859-1"?>
<!-- XML generated by UTFXML Version 2.2 built 19-Aug-2010 -->
<UTFXML filename="space_port_dmg.cmp" path="SOLAR\DOCKABLE">
   <UTF_ROOT>
      <VMeshLibrary>
         <data.solar.dockable.space_port_dmg.lod0-112.vms include="space_port_dmg_cmp\lod0-112.vms.xml"/>
         <data.solar.dockable.space_port_dmg.lod1-112.vms include="space_port_dmg_cmp\lod1-112.vms.xml"/>
      </VMeshLibrary>
      <Animation>
         <Script>
            <Sc_open_dock1 name="Sc_open dock1">
               <Joint_map_0 name="Joint map 0">
                  <Channel>
                     <Header type="Header">
                        <!-- count    --> 2,
                        <!-- interval --> Explicit,
                        <!-- flags    --> 0x1
                     </Header>
                     <Frames type="Frames" count="2">
                          0.0000000000:   0.0000000000
                          3.3333335000:   1.5707899000
                     </Frames>
                  </Channel>
                  <Child_name name="Child name" type="text">door1_a_lod1</Child_name>
                  <Parent_name name="Parent name" type="text">door1_poly_lod1</Parent_name>
               </Joint_map_0>
               <Joint_map_1 name="Joint map 1">
                  <Channel>
                     <Header type="Header">
                        <!-- count    --> 2,
                        <!-- interval --> Explicit,
                        <!-- flags    --> 0x1
                     </Header>
                     <Frames type="Frames" count="2">
                          0.0000000000:   0.0000000000
                          3.3333335000:   1.5707899000
                     </Frames>
                  </Channel>
                  <Child_name name="Child name" type="text">door1_b_lod1</Child_name>
                  <Parent_name name="Parent name" type="text">door1_poly_lod1</Parent_name>
               </Joint_map_1>
            </Sc_open_dock1>
            <Sc_open_dock2 name="Sc_open dock2">
               <Joint_map_0 name="Joint map 0">
                  <Channel>
                     <Header type="Header">
                        <!-- count    --> 2,
                        <!-- interval --> Explicit,
                        <!-- flags    --> 0x1
                     </Header>
                     <Frames type="Frames" count="2">
                          0.0000000000:   0.0000000000
                          3.3333335000:   1.5707899000
                     </Frames>
                  </Channel>
                  <Child_name name="Child name" type="text">door2_a_lod1</Child_name>
                  <Parent_name name="Parent name" type="text">door2_poly_lod1</Parent_name>
               </Joint_map_0>
               <Joint_map_1 name="Joint map 1">
                  <Channel>
                     <Header type="Header">
                        <!-- count    --> 2,
                        <!-- interval --> Explicit,
                        <!-- flags    --> 0x1
                     </Header>
                     <Frames type="Frames" count="2">
                          0.0000000000:   0.0000000000
                          3.3333335000:   1.5707899000
                     </Frames>
                  </Channel>
                  <Child_name name="Child name" type="text">door2_b_lod1</Child_name>
                  <Parent_name name="Parent name" type="text">door2_poly_lod1</Parent_name>
               </Joint_map_1>
            </Sc_open_dock2>
         </Script>
      </Animation>
      <Cmpnd>
         <Cons>
            <Fix type="Fix" count="4">
               <part>
                  <!-- parent      --> "Root",
                  <!-- child       --> "door2_poly_lod1",
                  <!-- position    --> -24.32843, -0.0074245874, 0.095996849,
                  <!-- orientation -->  59.604659e-09,  29.802317e-09,   1.0000000000,
                                        89.406967e-09,   1.0000000000, -29.802322e-09,
                                        -1.0000000000,  89.406967e-09,  59.604659e-09
               </part>
               <part>
                  <!-- parent      --> "Root",
                  <!-- child       --> "door1_poly_lod1",
                  <!-- position    --> -11.079578e-9, -3.8178198e-9, -819.79667e-12,
                  <!-- orientation -->   1.0000000000,     0x80000030, -105.87912e-24,
                                           0x00000018,   1.0000000000, -317.63736e-24,
                                        105.87912e-24,  317.63736e-24,   1.0000000000
               </part>
               <part>
                  <!-- parent      --> "Root",
                  <!-- child       --> "junk_tank_lod1",
                  <!-- position    --> -0.098449707, -224.68742, 0.21487214,
                  <!-- orientation -->  -1.0000000000, -60.345506e-09,  63.152925e-09,
                                       -60.345478e-09,   1.0000000000,  411.59612e-09,
                                       -63.152946e-09,  411.59612e-09,  -1.0000000000
               </part>
               <part>
                  <!-- parent      --> "Root",
                  <!-- child       --> "junk_hab_lod1",
                  <!-- position    --> -11.079578e-9, -3.8178198e-9, -819.79667e-12,
                  <!-- orientation -->   1.0000000000,     0x80000030, -105.87912e-24,
                                           0x00000018,   1.0000000000, -317.63736e-24,
                                        105.87912e-24,  317.63736e-24,   1.0000000000
               </part>
            </Fix>
            <Rev type="Rev" count="4">
               <part>
                  <!-- parent      --> "door2_poly_lod1",
                  <!-- child       --> "door2_a_lod1",
                  <!-- position    --> 109.66549, 19.961523, 24.313219,
                  <!-- offset      --> 0, 0, 0,
                  <!-- orientation -->  59.604652e-09,  78.166657e-09,  -1.0000000000,
                                       -47.165479e-09,   1.0000000000,  78.166657e-09,
                                         1.0000000000,  47.165475e-09,  59.604659e-09,
                  <!-- axis        --> -86.386763e-09, -382.17624e-09,  -1.0000000000,
                  <!-- min, max    --> 0, 1.5707899
               </part>
               <part>
                  <!-- parent      --> "door2_poly_lod1",
                  <!-- child       --> "door2_b_lod1",
                  <!-- position    --> 109.67142, -19.799633, 24.31328,
                  <!-- offset      --> 0, 0, 0,
                  <!-- orientation --> -119.20930e-09, -162.23724e-09,   1.0000000000,
                                       -29.802326e-09,   1.0000000000,  162.23724e-09,
                                        -1.0000000000, -29.802306e-09, -119.20930e-09,
                  <!-- axis        -->  16.513575e-09,  313.03836e-09,   1.0000000000,
                  <!-- min, max    --> 0, 1.5707899
               </part>
               <part>
                  <!-- parent      --> "door1_poly_lod1",
                  <!-- child       --> "door1_a_lod1",
                  <!-- position    --> -0.015070528, 19.954096, 86.67894,
                  <!-- offset      --> 0, 0, 0,
                  <!-- orientation -->  -1.0000000000,  292.90999e-09,  150.99580e-09,
                                        292.90999e-09,   1.0000000000,  84.293660e-09,
                                       -150.99577e-09,  84.293703e-09,  -1.0000000000,
                  <!-- axis        -->   1.0000000000, -114.09600e-09,  14.462545e-09,
                  <!-- min, max    --> 0, 1.5707899
               </part>
               <part>
                  <!-- parent      --> "door1_poly_lod1",
                  <!-- child       --> "door1_b_lod1",
                  <!-- position    --> -0.015131563, -19.80706, 86.684875,
                  <!-- offset      --> 0, 0, 0,
                  <!-- orientation -->   1.0000000000, -376.15819e-39, -251.46291e-24,
                                        21.196740e-30,   1.0000000000,  84.293703e-09,
                                        251.46291e-24, -84.293703e-09,   1.0000000000,
                  <!-- axis        -->  -1.0000000000,  101.97082e-09, -101.97081e-09,
                  <!-- min, max    --> 0, 1.5707899
               </part>
            </Rev>
         </Cons>
         <Part_door1_a_lod1>
            <File_name name="File name" type="text">door1_a_lod1021206153719.3db</File_name>
            <Index type="int">5</Index>
            <Object_name name="Object name" type="text">door1_a_lod1</Object_name>
         </Part_door1_a_lod1>
         <Part_door1_b_lod1>
            <File_name name="File name" type="text">door1_b_lod1021206153719.3db</File_name>
            <Index type="int">6</Index>
            <Object_name name="Object name" type="text">door1_b_lod1</Object_name>
         </Part_door1_b_lod1>
         <Part_door1_poly_lod1>
            <File_name name="File name" type="text">door1_poly_lod1021206153719.3db</File_name>
            <Index type="int">4</Index>
            <Object_name name="Object name" type="text">door1_poly_lod1</Object_name>
         </Part_door1_poly_lod1>
         <Part_door2_a_lod1>
            <File_name name="File name" type="text">door2_a_lod1021206153719.3db</File_name>
            <Index type="int">2</Index>
            <Object_name name="Object name" type="text">door2_a_lod1</Object_name>
         </Part_door2_a_lod1>
         <Part_door2_b_lod1>
            <File_name name="File name" type="text">door2_b_lod1021206153719.3db</File_name>
            <Index type="int">3</Index>
            <Object_name name="Object name" type="text">door2_b_lod1</Object_name>
         </Part_door2_b_lod1>
         <Part_door2_poly_lod1>
            <File_name name="File name" type="text">door2_poly_lod1021206153719.3db</File_name>
            <Index type="int">1</Index>
            <Object_name name="Object name" type="text">door2_poly_lod1</Object_name>
         </Part_door2_poly_lod1>
         <Part_junk_hab_lod1>
            <File_name name="File name" type="text">junk_hab_lod1021206153719.3db</File_name>
            <Index type="int">8</Index>
            <Object_name name="Object name" type="text">junk_hab_lod1</Object_name>
         </Part_junk_hab_lod1>
         <Part_junk_tank_lod1>
            <File_name name="File name" type="text">junk_tank_lod1021206153719.3db</File_name>
            <Index type="int">7</Index>
            <Object_name name="Object name" type="text">junk_tank_lod1</Object_name>
         </Part_junk_tank_lod1>
         <Root>
            <File_name name="File name" type="text">junk_dock_lod1021206153719.3db</File_name>
            <Index type="int">0</Index>
            <Object_name name="Object name" type="text">Root</Object_name>
         </Root>
      </Cmpnd>
      <door1_a_lod1021206153719.3db>
         <VMeshWire include="space_port_dmg_cmp\door1_a_lod1.vwd.xml"/>
         <MultiLevel>
            <Level0>
               <VMeshPart>
                  <VMeshRef type="VMeshRef">
                     <!-- header size  --> 60,
                     <!-- vmesh lib    --> data.solar.dockable.space_port_dmg.lod0-112.vms,
                     <!-- start vert   --> 590,
                     <!-- num verts    --> 36,
                     <!-- start index  --> 948,
                     <!-- num indices  --> 36,
                     <!-- start mesh   --> 13,
                     <!-- num meshes   --> 1,
                     <!-- bounding box -->   19.965034,     0.098824546,  1.7047877,
                                            -19.965057,   -19.730618,    -0.30471131,
                     <!-- center       --> -224.26507e-6,  -9.8181152,    0.60008585,
                     <!-- radius       --> 22.31986
                  </VMeshRef>
               </VMeshPart>
            </Level0>
            <Level1>
               <VMeshPart>
                  <VMeshRef type="VMeshRef">
                     <!-- header size  --> 60,
                     <!-- vmesh lib    --> data.solar.dockable.space_port_dmg.lod1-112.vms,
                     <!-- start vert   --> 340,
                     <!-- num verts    --> 12,
                     <!-- start index  --> 492,
                     <!-- num indices  --> 12,
                     <!-- start mesh   --> 13,
                     <!-- num meshes   --> 1,
                     <!-- bounding box -->   19.965034,     0.098824546,  1.7047877,
                                            -19.965057,   -19.730618,    -0.30471131,
                     <!-- center       --> -224.26507e-6,  -9.8181152,    0.60008585,
                     <!-- radius       --> 22.31986
                  </VMeshRef>
               </VMeshPart>
            </Level1>
            <Switch2 type="float array" count="3">
               0,
               100,
               1000000
            </Switch2>
         </MultiLevel>
      </door1_a_lod1021206153719.3db>
      <door1_b_lod1021206153719.3db>
         <VMeshWire include="space_port_dmg_cmp\door1_b_lod1.vwd.xml"/>
         <MultiLevel>
            <Level0>
               <VMeshPart>
                  <VMeshRef type="VMeshRef">
                     <!-- header size  --> 60,
                     <!-- vmesh lib    --> data.solar.dockable.space_port_dmg.lod0-112.vms,
                     <!-- start vert   --> 82,
                     <!-- num verts    --> 36,
                     <!-- start index  --> 84,
                     <!-- num indices  --> 36,
                     <!-- start mesh   --> 4,
                     <!-- num meshes   --> 1,
                     <!-- bounding box -->  19.965067,    20.027071,     0.30589649,
                                           -19.965073,    -0.029527782, -1.7059368,
                     <!-- center       -->   0.087541543, 10.642179,    -0.58247304,
                     <!-- radius       --> 22.743231
                  </VMeshRef>
               </VMeshPart>
            </Level0>
            <Level1>
               <VMeshPart>
                  <VMeshRef type="VMeshRef">
                     <!-- header size  --> 60,
                     <!-- vmesh lib    --> data.solar.dockable.space_port_dmg.lod1-112.vms,
                     <!-- start vert   --> 34,
                     <!-- num verts    --> 12,
                     <!-- start index  --> 36,
                     <!-- num indices  --> 12,
                     <!-- start mesh   --> 4,
                     <!-- num meshes   --> 1,
                     <!-- bounding box -->  19.965067,    20.027071,     0.30589649,
                                           -19.965073,    -0.029527782, -1.7059368,
                     <!-- center       -->   0.087541543, 10.642179,    -0.58247304,
                     <!-- radius       --> 22.743231
                  </VMeshRef>
               </VMeshPart>
            </Level1>
            <Switch2 type="float array" count="3">
               0,
               100,
               1000000
            </Switch2>
         </MultiLevel>
      </door1_b_lod1021206153719.3db>
      <door1_poly_lod1021206153719.3db>
         <VMeshWire include="space_port_dmg_cmp\door1_poly_lod1.vwd.xml"/>
         <MultiLevel>
            <Level0>
               <VMeshPart>
                  <VMeshRef type="VMeshRef">
                     <!-- header size  --> 60,
                     <!-- vmesh lib    --> data.solar.dockable.space_port_dmg.lod0-112.vms,
                     <!-- start vert   --> 0,
                     <!-- num verts    --> 6,
                     <!-- start index  --> 0,
                     <!-- num indices  --> 6,
                     <!-- start mesh   --> 0,
                     <!-- num meshes   --> 1,
                     <!-- bounding box -->  19.957672,   20.011061,   34.020657,
                                           -20.032167,  -19.817411,   34.020649,
                     <!-- center       -->   1.6367868,   0.50683665, 34.020657,
                     <!-- radius       --> 29.708899
                  </VMeshRef>
               </VMeshPart>
            </Level0>
            <Level1>
               <VMeshPart>
                  <VMeshRef type="VMeshRef">
                     <!-- header size  --> 60,
                     <!-- vmesh lib    --> data.solar.dockable.space_port_dmg.lod1-112.vms,
                     <!-- start vert   --> 0,
                     <!-- num verts    --> 6,
                     <!-- start index  --> 0,
                     <!-- num indices  --> 6,
                     <!-- start mesh   --> 0,
                     <!-- num meshes   --> 1,
                     <!-- bounding box -->  19.957672,   20.011061,   34.020657,
                                           -20.032167,  -19.817411,   34.020649,
                     <!-- center       -->   1.6367868,   0.50683665, 34.020657,
                     <!-- radius       --> 29.708899
                  </VMeshRef>
               </VMeshPart>
            </Level1>
            <Switch2 type="float array" count="3">
               0,
               100,
               1000000
            </Switch2>
         </MultiLevel>
      </door1_poly_lod1021206153719.3db>
      <door2_a_lod1021206153719.3db>
         <VMeshWire include="space_port_dmg_cmp\door2_a_lod1.vwd.xml"/>
         <MultiLevel>
            <Level0>
               <VMeshPart>
                  <VMeshRef type="VMeshRef">
                     <!-- header size  --> 60,
                     <!-- vmesh lib    --> data.solar.dockable.space_port_dmg.lod0-112.vms,
                     <!-- start vert   --> 10,
                     <!-- num verts    --> 36,
                     <!-- start index  --> 12,
                     <!-- num indices  --> 36,
                     <!-- start mesh   --> 2,
                     <!-- num meshes   --> 1,
                     <!-- bounding box -->   19.96505,      0.098825291,  1.7047826,
                                            -19.965034,   -19.730618,    -0.30471453,
                     <!-- center       --> -205.00176e-6,  -9.8181133,    0.60008144,
                     <!-- radius       --> 22.319857
                  </VMeshRef>
               </VMeshPart>
            </Level0>
            <Level1>
               <VMeshPart>
                  <VMeshRef type="VMeshRef">
                     <!-- header size  --> 60,
                     <!-- vmesh lib    --> data.solar.dockable.space_port_dmg.lod1-112.vms,
                     <!-- start vert   --> 10,
                     <!-- num verts    --> 12,
                     <!-- start index  --> 12,
                     <!-- num indices  --> 12,
                     <!-- start mesh   --> 2,
                     <!-- num meshes   --> 1,
                     <!-- bounding box -->   19.96505,      0.098825291,  1.7047826,
                                            -19.965034,   -19.730618,    -0.30471453,
                     <!-- center       --> -205.00176e-6,  -9.8181133,    0.60008144,
                     <!-- radius       --> 22.319857
                  </VMeshRef>
               </VMeshPart>
            </Level1>
            <Switch2 type="float array" count="3">
               0,
               100,
               1000000
            </Switch2>
         </MultiLevel>
      </door2_a_lod1021206153719.3db>
      <door2_b_lod1021206153719.3db>
         <VMeshWire include="space_port_dmg_cmp\door2_b_lod1.vwd.xml"/>
         <MultiLevel>
            <Level0>
               <VMeshPart>
                  <VMeshRef type="VMeshRef">
                     <!-- header size  --> 60,
                     <!-- vmesh lib    --> data.solar.dockable.space_port_dmg.lod0-112.vms,
                     <!-- start vert   --> 46,
                     <!-- num verts    --> 36,
                     <!-- start index  --> 48,
                     <!-- num indices  --> 36,
                     <!-- start mesh   --> 3,
                     <!-- num meshes   --> 1,
                     <!-- bounding box -->  19.965061,    20.027069,     0.30588797,
                                           -19.965075,    -0.029529689, -1.7059453,
                     <!-- center       -->   0.087537289, 10.642176,    -0.58248174,
                     <!-- radius       --> 22.743231
                  </VMeshRef>
               </VMeshPart>
            </Level0>
            <Level1>
               <VMeshPart>
                  <VMeshRef type="VMeshRef">
                     <!-- header size  --> 60,
                     <!-- vmesh lib    --> data.solar.dockable.space_port_dmg.lod1-112.vms,
                     <!-- start vert   --> 22,
                     <!-- num verts    --> 12,
                     <!-- start index  --> 24,
                     <!-- num indices  --> 12,
                     <!-- start mesh   --> 3,
                     <!-- num meshes   --> 1,
                     <!-- bounding box -->  19.965061,    20.027069,     0.30588797,
                                           -19.965075,    -0.029529689, -1.7059453,
                     <!-- center       -->   0.087537289, 10.642176,    -0.58248174,
                     <!-- radius       --> 22.743231
                  </VMeshRef>
               </VMeshPart>
            </Level1>
            <Switch2 type="float array" count="3">
               0,
               100,
               1000000
            </Switch2>
         </MultiLevel>
      </door2_b_lod1021206153719.3db>
      <door2_poly_lod1021206153719.3db>
         <VMeshWire include="space_port_dmg_cmp\door2_poly_lod1.vwd.xml"/>
         <MultiLevel>
            <Level0>
               <VMeshPart>
                  <VMeshRef type="VMeshRef">
                     <!-- header size  --> 60,
                     <!-- vmesh lib    --> data.solar.dockable.space_port_dmg.lod0-112.vms,
                     <!-- start vert   --> 6,
                     <!-- num verts    --> 4,
                     <!-- start index  --> 6,
                     <!-- num indices  --> 6,
                     <!-- start mesh   --> 1,
                     <!-- num meshes   --> 1,
                     <!-- bounding box --> 57.303802,  20.212553,   44.289127,
                                           57.30378,  -19.615913,    4.3025522,
                     <!-- center       --> 57.303795,  -0.11170549, 25.970053,
                     <!-- radius       --> 29.707844
                  </VMeshRef>
               </VMeshPart>
            </Level0>
            <Level1>
               <VMeshPart>
                  <VMeshRef type="VMeshRef">
                     <!-- header size  --> 60,
                     <!-- vmesh lib    --> data.solar.dockable.space_port_dmg.lod1-112.vms,
                     <!-- start vert   --> 6,
                     <!-- num verts    --> 4,
                     <!-- start index  --> 6,
                     <!-- num indices  --> 6,
                     <!-- start mesh   --> 1,
                     <!-- num meshes   --> 1,
                     <!-- bounding box --> 57.303802,  20.212553,   44.289127,
                                           57.30378,  -19.615913,    4.3025522,
                     <!-- center       --> 57.303795,  -0.11170549, 25.970053,
                     <!-- radius       --> 29.707844
                  </VMeshRef>
               </VMeshPart>
            </Level1>
            <Switch2 type="float array" count="3">
               0,
               100,
               1000000
            </Switch2>
         </MultiLevel>
      </door2_poly_lod1021206153719.3db>
      <Exporter_Version name="Exporter Version" type="text">Nov  5 2002 11:41:55</Exporter_Version>
      <junk_dock_lod1021206153719.3db>
         <Hardpoints>
            <Fixed>
               <HpDockCamA>
                  <Orientation type="Matrix">
                       0.8285105200,  -0.1935626700,   0.5254557700,
                       0.1004444800,   0.9745093000,   0.2006054800,
                      -0.5508912800,  -0.1134246200,   0.8268335500
                  </Orientation>
                  <Position type="Vector">57.419567, 5.0409808, 184.04062</Position>
               </HpDockCamA>
               <HpDockCamB>
                  <Orientation type="Matrix">
                      -0.8285105800,   0.1935625200,  -0.5254557700,
                       0.1004445900,   0.9745093600,   0.2006050600,
                       0.5508911600,   0.1134242300,  -0.8268336100
                  </Orientation>
                  <Position type="Vector">-52.319958, 5.0409336, -206.84248</Position>
               </HpDockCamB>
               <HpDockMountA>
                  <Orientation type="Matrix">
                       1.0000000000,  121.21556e-09,  555.28756e-09,
                     -121.21556e-09,   1.0000000000, -2.2757298e-09,
                     -555.28756e-09,  2.2756625e-09,   1.0000000000
                  </Orientation>
                  <Position type="Vector">0.59491289, -5.8026562, 53.792336</Position>
               </HpDockMountA>
               <HpDockMountB>
                  <Orientation type="Matrix">
                      -1.0000000000, -37.040675e-09, -661.83298e-09,
                     -37.040667e-09,   1.0000000000, -8.6090850e-09,
                      661.83298e-09, -8.6090601e-09,  -1.0000000000
                  </Orientation>
                  <Position type="Vector">0.5949052, -5.80266, -75.057152</Position>
               </HpDockMountB>
               <HpDockMountC>
                  <Orientation type="Matrix">
                      -0.9998476500,   0.0174525450, -1.5258395e-09,
                       0.0174525450,   0.9998477100, -87.414584e-09,
                      55.511151e-18, -87.427900e-09,  -1.0000000000
                  </Orientation>
                  <Position type="Vector">0.59490699, 400, -49.75808</Position>
               </HpDockMountC>
               <HpDockMountD>
                  <Orientation type="Matrix">
                       1.0000000000,   0.0000000000,   0.0000000000,
                       0.0000000000,   1.0000000000,   0.0000000000,
                       0.0000000000,   0.0000000000,   1.0000000000
                  </Orientation>
                  <Position type="Vector">0.59497398, 400, 59.241917</Position>
               </HpDockMountD>
               <HpDockPointA01>
                  <Orientation type="Matrix">
                       1.0000000000,  53.941335e-09,  349.11963e-09,
                     -53.941342e-09,   1.0000000000,  17.308174e-09,
                     -349.11963e-09, -17.308194e-09,   1.0000000000
                  </Orientation>
                  <Position type="Vector">0.5949167, -5.8026543, 118.11097</Position>
               </HpDockPointA01>
               <HpDockPointA02>
                  <Orientation type="Matrix">
                       1.0000000000,  53.941335e-09,  349.11963e-09,
                     -53.941342e-09,   1.0000000000,  17.308174e-09,
                     -349.11963e-09, -17.308194e-09,   1.0000000000
                  </Orientation>
                  <Position type="Vector">0.59492636, -5.8026495, 280.07523</Position>
               </HpDockPointA02>
               <HpDockPointB01>
                  <Orientation type="Matrix">
                      -1.0000000000, -4.1405803e-09, -428.16245e-09,
                     -4.1405812e-09,   1.0000000000,  2.5665621e-09,
                      428.16245e-09,  2.5665639e-09,  -1.0000000000
                  </Orientation>
                  <Position type="Vector">0.59490132, -5.8022242, -139.37579</Position>
               </HpDockPointB01>
               <HpDockPointB02>
                  <Orientation type="Matrix">
                      -1.0000000000, -4.1405803e-09, -428.16245e-09,
                     -4.1405812e-09,   1.0000000000,  2.5665621e-09,
                      428.16245e-09,  2.5665639e-09,  -1.0000000000
                  </Orientation>
                  <Position type="Vector">0.59483063, -5.8026667, -301.34</Position>
               </HpDockPointB02>
               <HpDockPointC01>
                  <Orientation type="Matrix">
                      -0.9998476500,   0.0174525450, -1.5258395e-09,
                       0.0174525450,   0.9998477100, -87.414584e-09,
                      55.511151e-18, -87.427900e-09,  -1.0000000000
                  </Orientation>
                  <Position type="Vector">0.59464198, 400, -402.0451</Position>
               </HpDockPointC01>
               <HpDockPointC02>
                  <Orientation type="Matrix">
                      -0.9998476500,   0.0174525450, -1.5258395e-09,
                       0.0174525450,   0.9998477100, -87.414584e-09,
                      55.511151e-18, -87.427900e-09,  -1.0000000000
                  </Orientation>
                  <Position type="Vector">0.59457499, 400, -502.40622</Position>
               </HpDockPointC02>
               <HpDockPointD01>
                  <Orientation type="Matrix">
                       1.0000000000,   0.0000000000,   0.0000000000,
                       0.0000000000,   1.0000000000,   0.0000000000,
                       0.0000000000,   0.0000000000,   1.0000000000
                  </Orientation>
                  <Position type="Vector">0.59523898, 400, 411.52902</Position>
               </HpDockPointD01>
               <HpDockPointD02>
                  <Orientation type="Matrix">
                       1.0000000000,   0.0000000000,   0.0000000000,
                       0.0000000000,   1.0000000000,   0.0000000000,
                       0.0000000000,   0.0000000000,   1.0000000000
                  </Orientation>
                  <Position type="Vector">0.59530598, 400, 511.89014</Position>
               </HpDockPointD02>
               <HpLaunchCamA>
                  <Orientation type="Matrix">
                      -0.9999930300,  -0.0037221692,  381.82191e-06,
                      -0.0034156684,   0.9497543000,   0.3129778500,
                      -0.0015275935,   0.3129743300,  -0.9497603800
                  </Orientation>
                  <Position type="Vector">0.60052723, 7.3943233, 39.553234</Position>
               </HpLaunchCamA>
               <HpLaunchCamB>
                  <Orientation type="Matrix">
                       0.9999930300,   0.0037222931, -381.97273e-06,
                      -0.0034157385,   0.9497542400,   0.3129780600,
                       0.0015277764,  -0.3129745700,   0.9497602600
                  </Orientation>
                  <Position type="Vector">0.51720822, 7.3943086, -61.715237</Position>
               </HpLaunchCamB>
               <HpRunningLight01>
                  <Orientation type="Matrix">
                      -1.0000000000, -28.207612e-09, -299.51039e-09,
                     -28.207642e-09,   1.0000000000,  99.135654e-09,
                      299.51039e-09,  99.135661e-09,  -1.0000000000
                  </Orientation>
                  <Position type="Vector">23.179266, -0.093267918, 93.045631</Position>
               </HpRunningLight01>
               <HpRunningLight02>
                  <Orientation type="Matrix">
                      -1.0000000000, -28.207612e-09, -299.51039e-09,
                     -28.207642e-09,   1.0000000000,  99.135654e-09,
                      299.51039e-09,  99.135661e-09,  -1.0000000000
                  </Orientation>
                  <Position type="Vector">-22.873102, -0.091236293, 93.04557</Position>
               </HpRunningLight02>
               <HpRunningLight03>
                  <Orientation type="Matrix">
                       0.7071070100, -241.13527e-09,  -0.7071065900,
                      -0.7071065900, -564.57833e-09,  -0.7071070100,
                     -228.70860e-09,   1.0000000000, -569.72561e-09
                  </Orientation>
                  <Position type="Vector">63.011841, 16.470787, -0.01732308</Position>
               </HpRunningLight03>
               <HpRunningLight04>
                  <Orientation type="Matrix">
                       0.7071067700, -40.481488e-09,   0.7071068300,
                       0.7071068300, -686.24342e-09,  -0.7071067700,
                      513.87212e-09,   1.0000000000, -456.62262e-09
                  </Orientation>
                  <Position type="Vector">-62.545166, 16.470722, -0.017318234</Position>
               </HpRunningLight04>
               <HpRunningLight05>
                  <Orientation type="Matrix">
                       1.0000000000,  59.601209e-09,  291.41901e-09,
                     -59.601206e-09,   1.0000000000, -17.206652e-09,
                     -291.41901e-09,  17.206634e-09,   1.0000000000
                  </Orientation>
                  <Position type="Vector">-22.807503, -0.093270458, -116.0243</Position>
               </HpRunningLight05>
               <HpRunningLight06>
                  <Orientation type="Matrix">
                       1.0000000000,  59.601209e-09,  291.41901e-09,
                     -59.601206e-09,   1.0000000000, -17.206652e-09,
                     -291.41901e-09,  17.206634e-09,   1.0000000000
                  </Orientation>
                  <Position type="Vector">23.244865, -0.091247059, -116.02424</Position>
               </HpRunningLight06>
               <HpRunningLight07>
                  <Orientation type="Matrix">
                      -0.7071069500,  173.76640e-09,   0.7071066500,
                       0.7071066500,  526.64666e-09,   0.7071069500,
                     -249.52394e-09,   1.0000000000, -495.26687e-09
                  </Orientation>
                  <Position type="Vector">-62.650269, -16.63084, -0.017316118</Position>
               </HpRunningLight07>
               <HpRunningLight08>
                  <Orientation type="Matrix">
                      -0.7071068300,  173.56834e-09,  -0.7071067700,
                      -0.7071067700,  424.43463e-09,   0.7071068300,
                      422.85194e-09,   1.0000000000, -177.38927e-09
                  </Orientation>
                  <Position type="Vector">62.906738, -16.630764, -0.017319653</Position>
               </HpRunningLight08>
               <HpRunningLight09>
                  <Orientation type="Matrix">
                       1.0000000000,  315.97463e-09, -239.86158e-09,
                     -239.86158e-09, -37.161175e-09,  -1.0000000000,
                     -315.97463e-09,   1.0000000000, -37.161101e-09
                  </Orientation>
                  <Position type="Vector">0.079223648, 317.98904, 0.39325911</Position>
               </HpRunningLight09>
            </Fixed>
            <Revolute>
               <HpMount01>
                  <Axis type="Vector">0, 1, 0</Axis>
                  <Max type="float">3.1415799</Max>
                  <Min type="float">3.1415799</Min>
                  <Orientation type="Matrix">
                      123.99690e-09,  -1.0000000000, -33.401019e-09,
                     -210.64184e-09, -33.401044e-09,   1.0000000000,
                      -1.0000000000, -123.99690e-09, -210.64184e-09
                  </Orientation>
                  <Position type="Vector">-66.968079, 0.27268341, -0.086950555</Position>
               </HpMount01>
               <HpMount03>
                  <Axis type="Vector">0, 1, 0</Axis>
                  <Max type="float">3.1415799</Max>
                  <Min type="float">3.1415799</Min>
                  <Orientation type="Matrix">
                     -127.82745e-09,   1.0000000000,  199.75570e-09,
                     -447.32531e-09, -199.75576e-09,   1.0000000000,
                       1.0000000000,  127.82736e-09,  447.32533e-09
                  </Orientation>
                  <Position type="Vector">66.599121, 0.27267456, -0.086892895</Position>
               </HpMount03>
               <HpTurret_S1_01>
                  <Axis type="Vector">0, 1, 0</Axis>
                  <Max type="float">2.35618</Max>
                  <Min type="float">-2.3562</Min>
                  <Orientation type="Matrix">
                      506.17768e-09,  -1.0000000000, -1.3124547e-06,
                      -1.0000000000, -506.17729e-09, -312.65199e-09,
                      312.65134e-09,  1.3124549e-06,  -1.0000000000
                  </Orientation>
                  <Position type="Vector">-52.657711, 0.11199738, 51.480659</Position>
               </HpTurret_S1_01>
               <HpTurret_S1_02>
                  <Axis type="Vector">0, 1, 0</Axis>
                  <Max type="float">2.35618</Max>
                  <Min type="float">-2.3562</Min>
                  <Orientation type="Matrix">
                      601.95424e-09,   1.0000000000,  1.6029726e-06,
                      -1.0000000000,  601.95464e-09, -254.89831e-09,
                     -254.89928e-09, -1.6029725e-06,   1.0000000000
                  </Orientation>
                  <Position type="Vector">52.861874, 0.11217117, -75.770348</Position>
               </HpTurret_S1_02>
               <HpTurret_S1_03>
                  <Axis type="Vector">0, 1, 0</Axis>
                  <Max type="float">2.35618</Max>
                  <Min type="float">-2.3562</Min>
                  <Orientation type="Matrix">
                      607.99567e-09,  -1.0000000000, -1.1737296e-06,
                       1.0000000000,  607.99556e-09,  113.37656e-09,
                     -113.37585e-09, -1.1737297e-06,   1.0000000000
                  </Orientation>
                  <Position type="Vector">-52.657658, 0.081316948, -75.77034</Position>
               </HpTurret_S1_03>
               <HpTurret_S1_04>
                  <Axis type="Vector">0, 1, 0</Axis>
                  <Max type="float">2.35618</Max>
                  <Min type="float">-2.3562</Min>
                  <Orientation type="Matrix">
                      478.42417e-09,   1.0000000000,  1.3218493e-06,
                       1.0000000000, -478.42462e-09,  337.91085e-09,
                      337.91147e-09,  1.3218491e-06,  -1.0000000000
                  </Orientation>
                  <Position type="Vector">52.861881, 0.081143156, 51.480606</Position>
               </HpTurret_S1_04>
               <HpTurret_S1_05>
                  <Axis type="Vector">0, 1, 0</Axis>
                  <Max type="float">2.35618</Max>
                  <Min type="float">-2.3562</Min>
                  <Orientation type="Matrix">
                      -1.0000000000, -12.641583e-09, -745.66310e-09,
                     -12.642456e-09,   1.0000000000,  1.1704838e-06,
                      745.66310e-09,  1.1704838e-06,  -1.0000000000
                  </Orientation>
                  <Position type="Vector">0.039675891, 52.906002, 51.156403</Position>
               </HpTurret_S1_05>
               <HpTurret_S1_06>
                  <Axis type="Vector">0, 1, 0</Axis>
                  <Max type="float">2.35618</Max>
                  <Min type="float">-2.3562</Min>
                  <Orientation type="Matrix">
                       1.0000000000,  29.052774e-09,  926.73355e-09,
                     -29.052853e-09,   1.0000000000,  84.222037e-09,
                     -926.73355e-09, -84.222066e-09,   1.0000000000
                  </Orientation>
                  <Position type="Vector">0.039607294, 52.870132, -75.719025</Position>
               </HpTurret_S1_06>
               <HpTurret_S1_07>
                  <Axis type="Vector">0, 1, 0</Axis>
                  <Max type="float">2.35618</Max>
                  <Min type="float">-2.3562</Min>
                  <Orientation type="Matrix">
                       1.0000000000, -117.32000e-09,  614.69353e-09,
                     -117.31925e-09,  -1.0000000000, -1.2176181e-06,
                      614.69370e-09,  1.2176180e-06,  -1.0000000000
                  </Orientation>
