<?xml version="1.0" encoding="ISO-8859-1"?>
<!-- XML generated by UTFXML Version 2.2 built 19-Aug-2010 -->
<UTFXML filename="space_factory02.cmp" path="SOLAR\DOCKABLE">
   <UTF_ROOT>
      <VMeshLibrary>
         <data.solar.dockable.space_factory02.lod0-112.vms include="space_factory02_cmp\lod0-112.vms.xml"/>
         <data.solar.dockable.space_factory02.lod1-112.vms include="space_factory02_cmp\lod1-112.vms.xml"/>
      </VMeshLibrary>
      <Animation>
         <Script>
            <Sc_open_dock1 name="Sc_open dock1">
               <Joint_map_0 name="Joint map 0">
                  <Channel>
                     <Header type="Header">
                        <!-- count    --> 2,
                        <!-- interval --> Explicit,
                        <!-- flags    --> 0x1
                     </Header>
                     <Frames type="Frames" count="2">
                          0.0000000000:   0.0000000000
                          3.3333335000:   1.5707899000
                     </Frames>
                  </Channel>
                  <Child_name name="Child name" type="text">door1_a_lod1</Child_name>
                  <Parent_name name="Parent name" type="text">door1_poly_lod1</Parent_name>
               </Joint_map_0>
               <Joint_map_1 name="Joint map 1">
                  <Channel>
                     <Header type="Header">
                        <!-- count    --> 2,
                        <!-- interval --> Explicit,
                        <!-- flags    --> 0x1
                     </Header>
                     <Frames type="Frames" count="2">
                          0.0000000000:   0.0000000000
                          3.3333335000:   1.5707899000
                     </Frames>
                  </Channel>
                  <Child_name name="Child name" type="text">door1_b_lod1</Child_name>
                  <Parent_name name="Parent name" type="text">door1_poly_lod1</Parent_name>
               </Joint_map_1>
            </Sc_open_dock1>
            <Sc_open_dock2 name="Sc_open dock2">
               <Joint_map_0 name="Joint map 0">
                  <Channel>
                     <Header type="Header">
                        <!-- count    --> 2,
                        <!-- interval --> Explicit,
                        <!-- flags    --> 0x1
                     </Header>
                     <Frames type="Frames" count="2">
                          0.0000000000:   0.0000000000
                          3.3333335000:   1.5707899000
                     </Frames>
                  </Channel>
                  <Child_name name="Child name" type="text">door2_a_lod1</Child_name>
                  <Parent_name name="Parent name" type="text">door2_poly_lod1</Parent_name>
               </Joint_map_0>
               <Joint_map_1 name="Joint map 1">
                  <Channel>
                     <Header type="Header">
                        <!-- count    --> 2,
                        <!-- interval --> Explicit,
                        <!-- flags    --> 0x1
                     </Header>
                     <Frames type="Frames" count="2">
                          0.0000000000:   0.0000000000
                          3.3333335000:   1.5707899000
                     </Frames>
                  </Channel>
                  <Child_name name="Child name" type="text">door2_b_lod1</Child_name>
                  <Parent_name name="Parent name" type="text">door2_poly_lod1</Parent_name>
               </Joint_map_1>
            </Sc_open_dock2>
         </Script>
      </Animation>
      <Cmpnd>
         <Cons>
            <Fix type="Fix" count="2">
               <part>
                  <!-- parent      --> "Root",
                  <!-- child       --> "door1_poly_lod1",
                  <!-- position    --> -0.032573704, 0.2909, -0.1307869,
                  <!-- orientation -->   1.0000000000, -888.17874e-18, -888.17842e-18,
                                        888.17874e-18,   1.0000000000, -888.17810e-18,
                                        888.17842e-18,  888.17810e-18,   1.0000000000
               </part>
               <part>
                  <!-- parent      --> "Root",
                  <!-- child       --> "door2_poly_lod1",
                  <!-- position    --> -0.03723041, 0.096824653, -0.10630298,
                  <!-- orientation -->   1.0000000000, -888.17874e-18, -888.17842e-18,
                                        888.17874e-18,   1.0000000000, -888.17810e-18,
                                        888.17842e-18,  888.17810e-18,   1.0000000000
               </part>
            </Fix>
            <Rev type="Rev" count="4">
               <part>
                  <!-- parent      --> "door1_poly_lod1",
                  <!-- child       --> "door1_a_lod1",
                  <!-- position    --> 0.41473427, 19.857262, -105.82661,
                  <!-- offset      --> 0, 0, 0,
                  <!-- orientation -->   1.0000000000,  1.2429793e-15, -2.7828022e-15,
                                       -1.2429802e-15,   1.0000000000, -301.99161e-09,
                                        2.7828018e-15,  301.99161e-09,   1.0000000000,
                  <!-- axis        -->  -1.0000000000, -54.491395e-09,  72.960219e-09,
                  <!-- min, max    --> 0, 1.5707899
               </part>
               <part>
                  <!-- parent      --> "door1_poly_lod1",
                  <!-- child       --> "door1_b_lod1",
                  <!-- position    --> 0.4147929, -19.903894, -105.83254,
                  <!-- offset      --> 0, 0, 0,
                  <!-- orientation -->  -1.0000000000,  59.604659e-09, -87.422777e-09,
                                        59.604652e-09,   1.0000000000,  84.293688e-09,
                                        87.422784e-09,  84.293681e-09,  -1.0000000000,
                  <!-- axis        -->   1.0000000000,  42.366182e-09,  14.548033e-09,
                  <!-- min, max    --> 0, 1.5707899
               </part>
               <part>
                  <!-- parent      --> "door2_poly_lod1",
                  <!-- child       --> "door2_a_lod1",
                  <!-- position    --> 0.026839444, 19.6632, 106.31073,
                  <!-- offset      --> 0, 0, 0,
                  <!-- orientation -->  -1.0000000000,  59.604673e-09, -87.422762e-09,
                                        59.604641e-09,   1.0000000000,  367.42773e-09,
                                        87.422784e-09,  367.42773e-09,  -1.0000000000,
                  <!-- axis        -->   1.0000000000,  24.689161e-09, -172.59376e-09,
                  <!-- min, max    --> 0, 1.5707899
               </part>
               <part>
                  <!-- parent      --> "door2_poly_lod1",
                  <!-- child       --> "door2_b_lod1",
                  <!-- position    --> 0.02677417, -20.097956, 106.31666,
                  <!-- offset      --> 0, 0, 0,
                  <!-- orientation -->   1.0000000000,  1.2429793e-15, -2.7828022e-15,
                                       -1.2429802e-15,   1.0000000000, -301.99161e-09,
                                        2.7828018e-15,  301.99161e-09,   1.0000000000,
                  <!-- axis        -->  -1.0000000000,  161.57530e-09, -153.33325e-09,
                  <!-- min, max    --> 0, 1.5707899
               </part>
            </Rev>
         </Cons>
         <Part_door1_a_lod1>
            <File_name name="File name" type="text">door1_a_lod1021120100140.3db</File_name>
            <Index type="int">2</Index>
            <Object_name name="Object name" type="text">door1_a_lod1</Object_name>
         </Part_door1_a_lod1>
         <Part_door1_b_lod1>
            <File_name name="File name" type="text">door1_b_lod1021120100140.3db</File_name>
            <Index type="int">3</Index>
            <Object_name name="Object name" type="text">door1_b_lod1</Object_name>
         </Part_door1_b_lod1>
         <Part_door1_poly_lod1>
            <File_name name="File name" type="text">door1_poly_lod1021120100140.3db</File_name>
            <Index type="int">1</Index>
            <Object_name name="Object name" type="text">door1_poly_lod1</Object_name>
         </Part_door1_poly_lod1>
         <Part_door2_a_lod1>
            <File_name name="File name" type="text">door2_a_lod1021120100140.3db</File_name>
            <Index type="int">5</Index>
            <Object_name name="Object name" type="text">door2_a_lod1</Object_name>
         </Part_door2_a_lod1>
         <Part_door2_b_lod1>
            <File_name name="File name" type="text">door2_b_lod1021120100140.3db</File_name>
            <Index type="int">6</Index>
            <Object_name name="Object name" type="text">door2_b_lod1</Object_name>
         </Part_door2_b_lod1>
         <Part_door2_poly_lod1>
            <File_name name="File name" type="text">door2_poly_lod1021120100140.3db</File_name>
            <Index type="int">4</Index>
            <Object_name name="Object name" type="text">door2_poly_lod1</Object_name>
         </Part_door2_poly_lod1>
         <Root>
            <File_name name="File name" type="text">manf_dock_lod1021120100140.3db</File_name>
            <Index type="int">0</Index>
            <Object_name name="Object name" type="text">Root</Object_name>
         </Root>
      </Cmpnd>
      <door1_a_lod1021120100140.3db>
         <VMeshWire include="space_factory02_cmp\door1_a_lod1.vwd.xml"/>
         <MultiLevel>
            <Level0>
               <VMeshPart>
                  <VMeshRef type="VMeshRef">
                     <!-- header size  --> 60,
                     <!-- vmesh lib    --> data.solar.dockable.space_factory02.lod0-112.vms,
                     <!-- start vert   --> 46,
                     <!-- num verts    --> 36,
                     <!-- start index  --> 48,
                     <!-- num indices  --> 36,
                     <!-- start mesh   --> 4,
                     <!-- num meshes   --> 2,
                     <!-- bounding box -->   19.965044,    0.098821416,  1.004748,
                                            -19.965048,  -19.730621,    -1.0047493,
                     <!-- center       --> -215.8421e-6,  -9.8181152,   -0.099952765,
                     <!-- radius       --> 22.31986
                  </VMeshRef>
               </VMeshPart>
            </Level0>
            <Level1>
               <VMeshPart>
                  <VMeshRef type="VMeshRef">
                     <!-- header size  --> 60,
                     <!-- vmesh lib    --> data.solar.dockable.space_factory02.lod1-112.vms,
                     <!-- start vert   --> 24,
                     <!-- num verts    --> 12,
                     <!-- start index  --> 24,
                     <!-- num indices  --> 12,
                     <!-- start mesh   --> 3,
                     <!-- num meshes   --> 1,
                     <!-- bounding box -->   19.965044,    0.098821416,  1.004748,
                                            -19.965048,  -19.730621,    -1.0047493,
                     <!-- center       --> -215.8421e-6,  -9.8181152,   -0.099952765,
                     <!-- radius       --> 22.31986
                  </VMeshRef>
               </VMeshPart>
            </Level1>
            <Switch2 type="float array" count="3">
               0,
               100,
               1000000
            </Switch2>
         </MultiLevel>
      </door1_a_lod1021120100140.3db>
      <door1_b_lod1021120100140.3db>
         <VMeshWire include="space_factory02_cmp\door1_b_lod1.vwd.xml"/>
         <MultiLevel>
            <Level0>
               <VMeshPart>
                  <VMeshRef type="VMeshRef">
                     <!-- header size  --> 60,
                     <!-- vmesh lib    --> data.solar.dockable.space_factory02.lod0-112.vms,
                     <!-- start vert   --> 12,
                     <!-- num verts    --> 34,
                     <!-- start index  --> 12,
                     <!-- num indices  --> 36,
                     <!-- start mesh   --> 2,
                     <!-- num meshes   --> 2,
                     <!-- bounding box -->  19.965078,    20.027069,     1.0059348,
                                           -19.965067,    -0.029525712, -1.0058972,
                     <!-- center       -->   0.087548003, 10.642178,     0.11756561,
                     <!-- radius       --> 22.743233
                  </VMeshRef>
               </VMeshPart>
            </Level0>
            <Level1>
               <VMeshPart>
                  <VMeshRef type="VMeshRef">
                     <!-- header size  --> 60,
                     <!-- vmesh lib    --> data.solar.dockable.space_factory02.lod1-112.vms,
                     <!-- start vert   --> 12,
                     <!-- num verts    --> 12,
                     <!-- start index  --> 12,
                     <!-- num indices  --> 12,
                     <!-- start mesh   --> 2,
                     <!-- num meshes   --> 1,
                     <!-- bounding box -->  19.965078,    20.027069,     1.0059348,
                                           -19.965067,    -0.029525712, -1.0058972,
                     <!-- center       -->   0.087548003, 10.642178,     0.11756561,
                     <!-- radius       --> 22.743233
                  </VMeshRef>
               </VMeshPart>
            </Level1>
            <Switch2 type="float array" count="3">
               0,
               100,
               1000000
            </Switch2>
         </MultiLevel>
      </door1_b_lod1021120100140.3db>
      <door1_poly_lod1021120100140.3db>
         <VMeshWire include="space_factory02_cmp\door1_poly_lod1.vwd.xml"/>
         <MultiLevel>
            <Level0>
               <VMeshPart>
                  <VMeshRef type="VMeshRef">
                     <!-- header size  --> 60,
                     <!-- vmesh lib    --> data.solar.dockable.space_factory02.lod0-112.vms,
                     <!-- start vert   --> 6,
                     <!-- num verts    --> 6,
                     <!-- start index  --> 6,
                     <!-- num indices  --> 6,
                     <!-- start mesh   --> 1,
                     <!-- num meshes   --> 1,
                     <!-- bounding box -->  19.993282,   19.914234,  -54.669514,
                                           -19.993277,  -19.914232,  -54.66954,
                     <!-- center       -->   1.6742202,  -0.4100239, -54.669521,
                     <!-- radius       --> 29.707842
                  </VMeshRef>
               </VMeshPart>
            </Level0>
            <Level1>
               <VMeshPart>
                  <VMeshRef type="VMeshRef">
                     <!-- header size  --> 60,
                     <!-- vmesh lib    --> data.solar.dockable.space_factory02.lod1-112.vms,
                     <!-- start vert   --> 6,
                     <!-- num verts    --> 6,
                     <!-- start index  --> 6,
                     <!-- num indices  --> 6,
                     <!-- start mesh   --> 1,
                     <!-- num meshes   --> 1,
                     <!-- bounding box -->  19.993282,   19.914234,  -54.669514,
                                           -19.993277,  -19.914232,  -54.66954,
                     <!-- center       -->   1.6742202,  -0.4100239, -54.669521,
                     <!-- radius       --> 29.707842
                  </VMeshRef>
               </VMeshPart>
            </Level1>
            <Switch2 type="float array" count="3">
               0,
               100,
               1000000
            </Switch2>
         </MultiLevel>
      </door1_poly_lod1021120100140.3db>
      <door2_a_lod1021120100140.3db>
         <VMeshWire include="space_factory02_cmp\door2_a_lod1.vwd.xml"/>
         <MultiLevel>
            <Level0>
               <VMeshPart>
                  <VMeshRef type="VMeshRef">
                     <!-- header size  --> 60,
                     <!-- vmesh lib    --> data.solar.dockable.space_factory02.lod0-112.vms,
                     <!-- start vert   --> 82,
                     <!-- num verts    --> 36,
                     <!-- start index  --> 84,
                     <!-- num indices  --> 36,
                     <!-- start mesh   --> 6,
                     <!-- num meshes   --> 2,
                     <!-- bounding box -->   19.965048,     0.098825909,  1.0047508,
                                            -19.965042,   -19.730621,    -1.0047448,
                     <!-- center       --> -211.23326e-6,  -9.8181133,   -0.099948801,
                     <!-- radius       --> 22.319862
                  </VMeshRef>
               </VMeshPart>
            </Level0>
            <Level1>
               <VMeshPart>
                  <VMeshRef type="VMeshRef">
                     <!-- header size  --> 60,
                     <!-- vmesh lib    --> data.solar.dockable.space_factory02.lod1-112.vms,
                     <!-- start vert   --> 36,
                     <!-- num verts    --> 12,
                     <!-- start index  --> 36,
                     <!-- num indices  --> 12,
                     <!-- start mesh   --> 4,
                     <!-- num meshes   --> 1,
                     <!-- bounding box -->   19.965048,     0.098825909,  1.0047508,
                                            -19.965042,   -19.730621,    -1.0047448,
                     <!-- center       --> -211.23326e-6,  -9.8181133,   -0.099948801,
                     <!-- radius       --> 22.319862
                  </VMeshRef>
               </VMeshPart>
            </Level1>
            <Switch2 type="float array" count="3">
               0,
               100,
               1000000
            </Switch2>
         </MultiLevel>
      </door2_a_lod1021120100140.3db>
      <door2_b_lod1021120100140.3db>
         <VMeshWire include="space_factory02_cmp\door2_b_lod1.vwd.xml"/>
         <MultiLevel>
            <Level0>
               <VMeshPart>
                  <VMeshRef type="VMeshRef">
                     <!-- header size  --> 60,
                     <!-- vmesh lib    --> data.solar.dockable.space_factory02.lod0-112.vms,
                     <!-- start vert   --> 4278,
                     <!-- num verts    --> 34,
                     <!-- start index  --> 4998,
                     <!-- num indices  --> 36,
                     <!-- start mesh   --> 19,
                     <!-- num meshes   --> 2,
                     <!-- bounding box -->  19.965073,    20.027079,     1.0059288,
                                           -19.965065,    -0.029521616, -1.0059029,
                     <!-- center       -->   0.087547459, 10.642187,     0.11755983,
                     <!-- radius       --> 22.743233
                  </VMeshRef>
               </VMeshPart>
            </Level0>
            <Level1>
               <VMeshPart>
                  <VMeshRef type="VMeshRef">
                     <!-- header size  --> 60,
                     <!-- vmesh lib    --> data.solar.dockable.space_factory02.lod1-112.vms,
                     <!-- start vert   --> 2684,
                     <!-- num verts    --> 12,
                     <!-- start index  --> 3168,
                     <!-- num indices  --> 12,
                     <!-- start mesh   --> 15,
                     <!-- num meshes   --> 1,
                     <!-- bounding box -->  19.965073,    20.027079,     1.0059288,
                                           -19.965065,    -0.029521616, -1.0059029,
                     <!-- center       -->   0.087547459, 10.642187,     0.11755983,
                     <!-- radius       --> 22.743233
                  </VMeshRef>
               </VMeshPart>
            </Level1>
            <Switch2 type="float array" count="3">
               0,
               100,
               1000000
            </Switch2>
         </MultiLevel>
      </door2_b_lod1021120100140.3db>
      <door2_poly_lod1021120100140.3db>
         <VMeshWire include="space_factory02_cmp\door2_poly_lod1.vwd.xml"/>
         <MultiLevel>
            <Level0>
               <VMeshPart>
                  <VMeshRef type="VMeshRef">
                     <!-- header size  --> 60,
                     <!-- vmesh lib    --> data.solar.dockable.space_factory02.lod0-112.vms,
                     <!-- start vert   --> 0,
                     <!-- num verts    --> 6,
                     <!-- start index  --> 0,
                     <!-- num indices  --> 6,
                     <!-- start mesh   --> 0,
                     <!-- num meshes   --> 1,
                     <!-- bounding box -->  19.994913,   19.914236,   54.563492,
                                           -19.994926,  -19.914236,   54.563484,
                     <!-- center       -->   1.6740284,   0.41000995, 54.563488,
                     <!-- radius       --> 29.708897
                  </VMeshRef>
               </VMeshPart>
            </Level0>
            <Level1>
               <VMeshPart>
                  <VMeshRef type="VMeshRef">
                     <!-- header size  --> 60,
                     <!-- vmesh lib    --> data.solar.dockable.space_factory02.lod1-112.vms,
                     <!-- start vert   --> 0,
                     <!-- num verts    --> 6,
                     <!-- start index  --> 0,
                     <!-- num indices  --> 6,
                     <!-- start mesh   --> 0,
                     <!-- num meshes   --> 1,
                     <!-- bounding box -->  19.994913,   19.914236,   54.563492,
                                           -19.994926,  -19.914236,   54.563484,
                     <!-- center       -->   1.6740284,   0.41000995, 54.563488,
                     <!-- radius       --> 29.708897
                  </VMeshRef>
               </VMeshPart>
            </Level1>
            <Switch2 type="float array" count="3">
               0,
               100,
               1000000
            </Switch2>
         </MultiLevel>
      </door2_poly_lod1021120100140.3db>
      <Exporter_Version name="Exporter Version" type="text">Nov  5 2002 11:41:55</Exporter_Version>
      <manf_dock_lod1021120100140.3db>
         <Hardpoints>
            <Fixed>
               <HpDockCamA>
                  <Orientation type="Matrix">
                      -0.8285105200,   0.1935625400,  -0.5254558300,
                       0.1004445200,   0.9745093600,   0.2006051700,
                       0.5508912800,   0.1134243400,  -0.8268335500
                  </Orientation>
                  <Position type="Vector">-52.896736, 5.040946, -203.7937</Position>
               </HpDockCamA>
               <HpDockCamB>
                  <Orientation type="Matrix">
                       0.8285105800,  -0.1935626900,   0.5254557100,
                       0.1004445500,   0.9745093000,   0.2006054100,
                      -0.5508912200,  -0.1134245400,   0.8268335500
                  </Orientation>
                  <Position type="Vector">56.842804, 5.0409675, 204.24725</Position>
               </HpDockCamB>
               <HpDockMountA>
                  <Orientation type="Matrix">
                      -1.0000000000, -31.260186e-09, -665.29503e-09,
                     -31.260210e-09,   1.0000000000,  36.838969e-09,
                      665.29503e-09,  36.838991e-09,  -1.0000000000
                  </Orientation>
                  <Position type="Vector">-0.22312447, -9.0011101, -75.232872</Position>
               </HpDockMountA>
               <HpDockMountB>
                  <Orientation type="Matrix">
                       1.0000000000,  115.68875e-09,  560.28597e-09,
                     -115.68875e-09,   1.0000000000, -257.71724e-12,
                     -560.28597e-09,  257.65243e-12,   1.0000000000
                  </Orientation>
                  <Position type="Vector">-0.2231068, -9.0006409, 74.674011</Position>
               </HpDockMountB>
               <HpDockMountC>
                  <Orientation type="Matrix">
                     -119.20929e-09,   0.0000000000,  -0.9999996400,
                       0.0000000000,   1.0000000000,   0.0000000000,
                       0.9999996400,   0.0000000000, -119.20929e-09
                  </Orientation>
                  <Position type="Vector">-32.739037, 400, 0.072196998</Position>
               </HpDockMountC>
               <HpDockMountD>
                  <Orientation type="Matrix">
                       1.0000000000,   0.0000000000,   0.0000000000,
                       0.0000000000,   1.0000000000,   0.0000000000,
                       0.0000000000,   0.0000000000,   1.0000000000
                  </Orientation>
                  <Position type="Vector">1.1802011, 400, 33.879719</Position>
               </HpDockMountD>
               <HpDockMountE>
                  <Orientation type="Matrix">
                      -0.9998476500,  -0.0174498860,  304.59135e-06,
                      -0.0174525450,   0.9996954200,  -0.0174498860,
                       0.0000000000,  -0.0174525450,  -0.9998476500
                  </Orientation>
                  <Position type="Vector">1.180591, 400, -33.796902</Position>
               </HpDockMountE>
               <HpDockMountF>
                  <Orientation type="Matrix">
                     -119.20929e-09,   0.0000000000,  -0.9999996400,
                       0.0000000000,   1.0000000000,   0.0000000000,
                       0.9999996400,   0.0000000000, -119.20929e-09
                  </Orientation>
                  <Position type="Vector">-32.739048, 426.73352, 0.072017998</Position>
               </HpDockMountF>
               <HpDockPointA01>
                  <Orientation type="Matrix">
                      -1.0000000000, -861.41289e-12, -429.57839e-09,
                     -861.43143e-12,   1.0000000000,  43.139629e-09,
                      429.57839e-09,  43.139629e-09,  -1.0000000000
                  </Orientation>
                  <Position type="Vector">-0.22312756, -9.001112, -135.47246</Position>
               </HpDockPointA01>
               <HpDockPointA02>
                  <Orientation type="Matrix">
                      -1.0000000000, -861.41289e-12, -429.57839e-09,
                     -861.43143e-12,   1.0000000000,  43.139629e-09,
                      429.57839e-09,  43.139629e-09,  -1.0000000000
                  </Orientation>
                  <Position type="Vector">-0.22314198, -9.0011158, -297.43668</Position>
               </HpDockPointA02>
               <HpDockPointB01>
                  <Orientation type="Matrix">
                       1.0000000000,  52.654094e-09,  349.48246e-09,
                     -52.654102e-09,   1.0000000000,  23.105999e-09,
                     -349.48246e-09, -23.106017e-09,   1.0000000000
                  </Orientation>
                  <Position type="Vector">-0.22310336, -9.0011044, 134.9136</Position>
               </HpDockPointB01>
               <HpDockPointB02>
                  <Orientation type="Matrix">
                       1.0000000000,  52.654094e-09,  349.48246e-09,
                     -52.654102e-09,   1.0000000000,  23.105999e-09,
                     -349.48246e-09, -23.106017e-09,   1.0000000000
                  </Orientation>
                  <Position type="Vector">-0.22308888, -9.0010986, 296.87784</Position>
               </HpDockPointB02>
               <HpDockPointC01>
                  <Orientation type="Matrix">
                     -119.20929e-09,   0.0000000000,  -0.9999996400,
                       0.0000000000,   1.0000000000,   0.0000000000,
                       0.9999996400,   0.0000000000, -119.20929e-09
                  </Orientation>
                  <Position type="Vector">-384.99042, 400, 0.072466001</Position>
               </HpDockPointC01>
               <HpDockPointC02>
                  <Orientation type="Matrix">
                     -119.20929e-09,   0.0000000000,  -0.9999996400,
                       0.0000000000,   1.0000000000,   0.0000000000,
                       0.9999996400,   0.0000000000, -119.20929e-09
                  </Orientation>
                  <Position type="Vector">-487.59402, 400, 0.072544001</Position>
               </HpDockPointC02>
               <HpDockPointD01>
                  <Orientation type="Matrix">
                       1.0000000000, -530.27435e-09,  695.01914e-09,
                      530.27395e-09,   1.0000000000,  536.47568e-09,
                     -695.01942e-09, -536.47534e-09,   1.0000000000
                  </Orientation>
                  <Position type="Vector">1.1804755, 119.19289, 386.1311</Position>
               </HpDockPointD01>
               <HpDockPointD02>
                  <Orientation type="Matrix">
                       1.0000000000, -530.27435e-09,  695.01914e-09,
                      530.27395e-09,   1.0000000000,  536.47568e-09,
                     -695.01942e-09, -536.47534e-09,   1.0000000000
                  </Orientation>
                  <Position type="Vector">1.1805365, 119.19296, 488.73468</Position>
               </HpDockPointD02>
               <HpDockPointE01>
                  <Orientation type="Matrix">
                      -0.9998476500,  -0.0174498860,  304.59135e-06,
                      -0.0174525450,   0.9996954200,  -0.0174498860,
                       0.0000000000,  -0.0174525450,  -0.9998476500
                  </Orientation>
                  <Position type="Vector">1.180285, 400, -386.04834</Position>
               </HpDockPointE01>
               <HpDockPointE02>
                  <Orientation type="Matrix">
                      -0.9998476500,  -0.0174498860,  304.59135e-06,
                      -0.0174525450,   0.9996954200,  -0.0174498860,
                       0.0000000000,  -0.0174525450,  -0.9998476500
                  </Orientation>
                  <Position type="Vector">1.180215, 400, -488.65192</Position>
               </HpDockPointE02>
               <HpDockPointF01>
                  <Orientation type="Matrix">
                      761.40930e-09,  576.39812e-09,  -1.0000000000,
                      583.49997e-09,   1.0000000000,  576.39858e-09,
                       1.0000000000, -583.50042e-09,  761.40896e-09
                  </Orientation>
                  <Position type="Vector">-384.99042, 426.7337, 0.072286166</Position>
               </HpDockPointF01>
               <HpDockPointF02>
                  <Orientation type="Matrix">
                      761.40930e-09,  576.39812e-09,  -1.0000000000,
                      583.49997e-09,   1.0000000000,  576.39858e-09,
                       1.0000000000, -583.50042e-09,  761.40896e-09
                  </Orientation>
                  <Position type="Vector">-487.59402, 426.73376, 0.072364293</Position>
               </HpDockPointF02>
               <HpLaunchCamA>
                  <Orientation type="Matrix">
                       0.9999930300,   0.0037222677, -381.90474e-06,
                      -0.0034157357,   0.9497542400,   0.3129780000,
                       0.0015277036,  -0.3129744800,   0.9497603200
                  </Orientation>
                  <Position type="Vector">-0.068815261, 5.2904968, -59.776405</Position>
               </HpLaunchCamA>
               <HpLaunchCamB>
                  <Orientation type="Matrix">
                      -0.9999930300,  -0.0037222728,  381.83286e-06,
                      -0.0034157634,   0.9497542400,   0.3129779400,
                      -0.0015276368,   0.3129744500,  -0.9497603200
                  </Orientation>
                  <Position type="Vector">0.032866392, 5.2905035, 58.469666</Position>
               </HpLaunchCamB>
               <HpRunningLight01>
                  <Orientation type="Matrix">
                      -1.0000000000, -37.816481e-09, -277.74499e-09,
                     -37.816509e-09,   1.0000000000,  105.32138e-09,
                      277.74499e-09,  105.32139e-09,  -1.0000000000
                  </Orientation>
                  <Position type="Vector">23.179277, -0.093269438, 106.95525</Position>
               </HpRunningLight01>
               <HpRunningLight02>
                  <Orientation type="Matrix">
                      -1.0000000000, -37.816481e-09, -277.74499e-09,
                     -37.816509e-09,   1.0000000000,  105.32138e-09,
                      277.74499e-09,  105.32139e-09,  -1.0000000000
                  </Orientation>
                  <Position type="Vector">-22.873098, -0.091236442, 106.95518</Position>
               </HpRunningLight02>
               <HpRunningLight03>
                  <Orientation type="Matrix">
                       0.9238796200,  506.67198e-12,  -0.3826832500,
                      -0.3826832500, -656.53660e-09,  -0.9238796200,
                     -251.71366e-09,   1.0000000000, -606.36688e-09
                  </Orientation>
                  <Position type="Vector">67.738701, 27.882412, -0.017318942</Position>
               </HpRunningLight03>
               <HpRunningLight04>
                  <Orientation type="Matrix">
                       0.9238795000, -169.43507e-09,   0.3826835200,
                       0.3826835200, -751.08704e-09,  -0.9238795000,
                      443.96620e-09,   1.0000000000, -629.07390e-09
                  </Orientation>
                  <Position type="Vector">-67.272049, 27.882351, -0.017310066</Position>
               </HpRunningLight04>
               <HpRunningLight05>
                  <Orientation type="Matrix">
                       1.0000000000,  76.825870e-09,  281.80881e-09,
                     -76.825863e-09,   1.0000000000, -20.846555e-09,
                     -281.80881e-09,  20.846533e-09,   1.0000000000
                  </Orientation>
                  <Position type="Vector">-22.807505, -0.093270324, -107.0916</Position>
               </HpRunningLight05>
               <HpRunningLight06>
                  <Orientation type="Matrix">
                       1.0000000000,  76.825870e-09,  281.80881e-09,
                     -76.825863e-09,   1.0000000000, -20.846555e-09,
                     -281.80881e-09,  20.846533e-09,   1.0000000000
                  </Orientation>
                  <Position type="Vector">23.244864, -0.091248296, -107.09154</Position>
               </HpRunningLight06>
               <HpRunningLight07>
                  <Orientation type="Matrix">
                      -0.9238796200,  24.059291e-09,   0.3826832200,
                       0.3826832200,  691.10359e-09,   0.9238796200,
                     -242.24585e-09,   1.0000000000, -647.70359e-09
                  </Orientation>
                  <Position type="Vector">-67.377144, -28.042467, -0.017304761</Position>
               </HpRunningLight07>
               <HpRunningLight08>
                  <Orientation type="Matrix">
                      -0.9238795000,  226.65212e-09,  -0.3826834900,
                      -0.3826834900,  578.11127e-09,   0.9238795000,
                      430.63289e-09,   1.0000000000, -447.36913e-09
                  </Orientation>
                  <Position type="Vector">67.633614, -28.042391, -0.017314501</Position>
               </HpRunningLight08>
               <HpRunningLight09>
                  <Orientation type="Matrix">
                       1.0000000000,  321.57840e-09, -244.91496e-09,
                     -244.91499e-09,  52.245792e-09,  -1.0000000000,
                     -321.57840e-09,   1.0000000000,  52.245870e-09
                  </Orientation>
                  <Position type="Vector">0.079231374, 239.69666, 7.9546866</Position>
               </HpRunningLight09>
               <HpRunningLight10>
                  <Orientation type="Matrix">
                       1.0000000000,  321.57840e-09, -244.91496e-09,
                     -244.91499e-09,  52.245792e-09,  -1.0000000000,
                     -321.57840e-09,   1.0000000000,  52.245870e-09
                  </Orientation>
                  <Position type="Vector">493.95547, 56.131947, 347.59961</Position>
               </HpRunningLight10>
               <HpRunningLight11>
                  <Orientation type="Matrix">
                       1.0000000000,  321.57840e-09, -244.91496e-09,
                     -244.91499e-09,  52.245792e-09,  -1.0000000000,
                     -321.57840e-09,   1.0000000000,  52.245870e-09
                  </Orientation>
                  <Position type="Vector">493.95547, 56.131939, 95.087685</Position>
               </HpRunningLight11>
               <HpRunningLight12>
                  <Orientation type="Matrix">
                       1.0000000000,  321.57840e-09, -244.91496e-09,
                     -244.91499e-09,  52.245792e-09,  -1.0000000000,
                     -321.57840e-09,   1.0000000000,  52.245870e-09
                  </Orientation>
                  <Position type="Vector">493.95544, 56.131935, -91.760796</Position>
               </HpRunningLight12>
               <HpRunningLight13>
                  <Orientation type="Matrix">
                       1.0000000000,  321.57840e-09, -244.91496e-09,
                     -244.91499e-09,  52.245792e-09,  -1.0000000000,
                     -321.57840e-09,   1.0000000000,  52.245870e-09
                  </Orientation>
                  <Position type="Vector">493.95541, 56.131927, -344.53662</Position>
               </HpRunningLight13>
               <HpRunningLight14>
                  <Orientation type="Matrix">
                      -1.0000000000, -148.45735e-09,  152.75022e-09,
                      152.75022e-09,  43.739348e-09,   1.0000000000,
                     -148.45735e-09,   1.0000000000, -43.739327e-09
                  </Orientation>
                  <Position type="Vector">493.95541, -56.641754, -344.53662</Position>
               </HpRunningLight14>
               <HpRunningLight15>
                  <Orientation type="Matrix">
                      -1.0000000000, -148.45735e-09,  152.75022e-09,
                      152.75022e-09,  43.739348e-09,   1.0000000000,
                     -148.45735e-09,   1.0000000000, -43.739327e-09
                  </Orientation>
                  <Position type="Vector">493.95544, -56.641747, -91.760788</Position>
               </HpRunningLight15>
               <HpRunningLight16>
                  <Orientation type="Matrix">
                      -1.0000000000, -148.45735e-09,  152.75022e-09,
                      152.75022e-09,  43.739348e-09,   1.0000000000,
                     -148.45735e-09,   1.0000000000, -43.739327e-09
                  </Orientation>
                  <Position type="Vector">493.95547, -56.641735, 95.087692</Position>
               </HpRunningLight16>
               <HpRunningLight17>
                  <Orientation type="Matrix">
                      -1.0000000000, -148.45735e-09,  152.75022e-09,
                      152.75022e-09,  43.739348e-09,   1.0000000000,
                     -148.45735e-09,   1.0000000000, -43.739327e-09
                  </Orientation>
                  <Position type="Vector">493.95547, -56.641727, 347.59961</Position>
               </HpRunningLight17>
               <HpRunningLight18>
                  <Orientation type="Matrix">
                     -195.13867e-09,  168.73769e-09,  -1.0000000000,
                      -1.0000000000, -264.22055e-09,  195.13863e-09,
                     -264.22052e-09,   1.0000000000,  168.73774e-09
                  </Orientation>
                  <Position type="Vector">550.34222, -0.25489923, -344.53659</Position>
               </HpRunningLight18>
               <HpRunningLight19>
                  <Orientation type="Matrix">
                     -195.13867e-09,  168.73769e-09,  -1.0000000000,
                      -1.0000000000, -264.22055e-09,  195.13863e-09,
