<?xml version="1.0" encoding="ISO-8859-1"?>
<!-- XML generated by UTFXML Version 2.2 built 19-Aug-2010 -->
<UTFXML filename="space_arch_asteroid.cmp" path="SOLAR\DOCKABLE">
   <UTF_ROOT>
      <VMeshLibrary>
         <data.solar.dockable.space_arch_asteroid.lod0-212.vms include="space_arch_asteroid_cmp\lod0-212.vms.xml"/>
         <data.solar.dockable.space_arch_asteroid.lod1-212.vms include="space_arch_asteroid_cmp\lod1-212.vms.xml"/>
         <data.solar.dockable.space_arch_asteroid.lod2-212.vms include="space_arch_asteroid_cmp\lod2-212.vms.xml"/>
      </VMeshLibrary>
      <asteroid_lod1021113165859.3db>
         <VMeshWire include="space_arch_asteroid_cmp\asteroid_lod1.vwd.xml"/>
         <MultiLevel>
            <Level0>
               <VMeshPart>
                  <VMeshRef type="VMeshRef">
                     <!-- header size  --> 60,
                     <!-- vmesh lib    --> data.solar.dockable.space_arch_asteroid.lod0-212.vms,
                     <!-- start vert   --> 0,
                     <!-- num verts    --> 1654,
                     <!-- start index  --> 0,
                     <!-- num indices  --> 2820,
                     <!-- start mesh   --> 0,
                     <!-- num meshes   --> 3,
                     <!-- bounding box -->  4464.144,     996.32678,  3585.3313,
                                           -3543.4817,  -4732.8428,  -2870.8782,
                     <!-- center       -->   476.37717, -1748.222,     393.16592,
                     <!-- radius       --> 4355.2007
                  </VMeshRef>
               </VMeshPart>
            </Level0>
            <Level1>
               <VMeshPart>
                  <VMeshRef type="VMeshRef">
                     <!-- header size  --> 60,
                     <!-- vmesh lib    --> data.solar.dockable.space_arch_asteroid.lod1-212.vms,
                     <!-- start vert   --> 0,
                     <!-- num verts    --> 1639,
                     <!-- start index  --> 0,
                     <!-- num indices  --> 2820,
                     <!-- start mesh   --> 0,
                     <!-- num meshes   --> 3,
                     <!-- bounding box -->  4464.144,     996.32678,  3585.3313,
                                           -3543.4817,  -4732.8428,  -2870.8782,
                     <!-- center       -->   476.37717, -1748.222,     393.16592,
                     <!-- radius       --> 4355.2007
                  </VMeshRef>
               </VMeshPart>
            </Level1>
            <Level2>
               <VMeshPart>
                  <VMeshRef type="VMeshRef">
                     <!-- header size  --> 60,
                     <!-- vmesh lib    --> data.solar.dockable.space_arch_asteroid.lod2-212.vms,
                     <!-- start vert   --> 0,
                     <!-- num verts    --> 1143,
                     <!-- start index  --> 0,
                     <!-- num indices  --> 1779,
                     <!-- start mesh   --> 0,
                     <!-- num meshes   --> 3,
                     <!-- bounding box -->  4464.144,     996.32678,  3585.3313,
                                           -3543.4817,  -4732.8428,  -2870.8782,
                     <!-- center       -->   476.37717, -1748.222,     393.16592,
                     <!-- radius       --> 4355.2007
                  </VMeshRef>
               </VMeshPart>
            </Level2>
            <Switch2 type="float array" count="4">
               0,
               100,
               1000,
               1000000
            </Switch2>
         </MultiLevel>
         <Hardpoints>
            <Revolute>
               <HpTurret01>
                  <Axis type="Vector">0, 1, 0</Axis>
                  <Max type="float">6.2831855</Max>
                  <Min type="float">-6.2831855</Min>
                  <Orientation type="Matrix">
                      -0.9070441700,  -0.4186519100,  -0.0447409000,
                      -0.4210358600,   0.9019082800,   0.0963862310,
                     -87.544322e-09,   0.1062640800,  -0.9943381500
                  </Orientation>
                  <Position type="Vector">-1608.3306, 440.23642, 2529.7952</Position>
               </HpTurret01>
               <HpTurret02>
                  <Axis type="Vector">0, 1, 0</Axis>
                  <Max type="float">6.2831855</Max>
                  <Min type="float">-6.2831855</Min>
                  <Orientation type="Matrix">
                       0.9914448900,  -0.1304872500,  -0.0031890394,
                       0.1305262000,   0.9911488900,   0.0242231580,
                     -116.41532e-12,  -0.0244321800,   0.9997015000
                  </Orientation>
                  <Position type="Vector">-1250.1298, 240.90752, -1505.5232</Position>
               </HpTurret02>
               <HpTurret03>
                  <Axis type="Vector">0, 1, 0</Axis>
                  <Max type="float">6.2831855</Max>
                  <Min type="float">-6.2831855</Min>
                  <Orientation type="Matrix">
                     -213.26542e-06,   0.0087239258,  -0.9999616100,
                      -0.0244312360,   0.9996634100,   0.0087265419,
                       0.9997011400,   0.0244321710, -119.20929e-09
                  </Orientation>
                  <Position type="Vector">1489.6846, 973.58624, 128.55257</Position>
               </HpTurret03>
               <HpTurret04>
                  <Axis type="Vector">0, 1, 0</Axis>
                  <Max type="float">6.2831855</Max>
                  <Min type="float">-6.2831855</Min>
                  <Orientation type="Matrix">
                      -0.9396925000,   0.0000000000,   0.3420202400,
                      -0.3252806100,  -0.3090169400,  -0.8937007200,
                       0.1056900500,  -0.9510564800,   0.2903809500
                  </Orientation>
                  <Position type="Vector">33.619385, -2440.459, -1641.8022</Position>
               </HpTurret04>
            </Revolute>
         </Hardpoints>
      </asteroid_lod1021113165859.3db>
      <Cmpnd>
         <Cons>
            <Fix type="Fix" count="1">
               <part>
                  <!-- parent      --> "Root",
                  <!-- child       --> "asteroid_lod1",
                  <!-- position    --> 630.40179, -13.189088, -175.83415,
                  <!-- orientation -->   0.9556579000, -72.956119e-09,   0.2944791900,
                                        23.651083e-09,   1.0000000000,  170.99264e-09,
                                        -0.2944791900, -156.44571e-09,   0.9556579000
               </part>
            </Fix>
         </Cons>
         <Part_asteroid_lod1>
            <File_name name="File name" type="text">asteroid_lod1021113165859.3db</File_name>
            <Index type="int">1</Index>
            <Object_name name="Object name" type="text">asteroid_lod1</Object_name>
         </Part_asteroid_lod1>
         <Root>
            <File_name name="File name" type="text">space_asteroid_lod1021113165859.3db</File_name>
            <Index type="int">0</Index>
            <Object_name name="Object name" type="text">Root</Object_name>
         </Root>
      </Cmpnd>
      <Exporter_Version name="Exporter Version" type="text">Nov  5 2002 11:41:55</Exporter_Version>
      <space_asteroid_lod1021113165859.3db>
         <Hardpoints>
            <Fixed>
               <HpFx01>
                  <Orientation type="Matrix">
                       1.0000000000, -101.36308e-09,  15.934951e-09,
                      101.36308e-09,   1.0000000000, -95.224472e-09,
                     -15.934942e-09,  95.224472e-09,   1.0000000000
                  </Orientation>
                  <Position type="Vector">-924.09241, -1116.4292, -8.5105562</Position>
               </HpFx01>
               <HpRoot>
                  <Orientation type="Matrix">
                       1.0000000000, -101.41067e-09,  16.225528e-09,
                      101.41067e-09,   1.0000000000, -42.099913e-09,
                     -16.225524e-09,  42.099913e-09,   1.0000000000
                  </Orientation>
                  <Position type="Vector">-0.050639085, 1777.8466, 314.49e-6</Position>
               </HpRoot>
               <HpRunningLight07>
                  <Orientation type="Matrix">
                      -0.4378644200,  -0.0021143050,  -0.8990385500,
                       0.8990410000,  -0.0012992871,  -0.4378625800,
                     -242.33412e-06,  -0.9999969000,   0.0024697585
                  </Orientation>
                  <Position type="Vector">-511.26868, 1656.67, 0.0013694705</Position>
               </HpRunningLight07>
               <HpRunningLight08>
                  <Orientation type="Matrix">
                       0.7428291400,   0.0035467402,  -0.6694716200,
                      -0.6694806800,   0.0029835389,  -0.7428234800,
                     -637.20718e-06,   0.9999892700,   0.0045907339
                  </Orientation>
                  <Position type="Vector">-950.00507, 1302.2657, -0.072389796</Position>
               </HpRunningLight08>
               <HpRunningLight09>
                  <Orientation type="Matrix">
                       0.5251525000,  -0.0074406280,   0.8509756300,
                       0.8509946500,   0.0102253980,  -0.5250748400,
                      -0.0047946773,   0.9999200100,   0.0117018280
                  </Orientation>
                  <Position type="Vector">-1320.7385, 833.40936, -0.05233904</Position>
               </HpRunningLight09>
               <HpRunningLight10>
                  <Orientation type="Matrix">
                       0.5251525000,  -0.0074406280,   0.8509756300,
                       0.8509946500,   0.0102253980,  -0.5250748400,
                      -0.0047946773,   0.9999200100,   0.0117018280
                  </Orientation>
                  <Position type="Vector">-1661.5348, 253.96556, -0.052436087</Position>
               </HpRunningLight10>
               <HpRunningLight11>
                  <Orientation type="Matrix">
                       0.8338328000,  -0.0437276550,  -0.5502824800,
                      -0.5509187600,  -0.0030675668,  -0.8345532400,
                       0.0348050260,   0.9990387600,  -0.0266482230
                  </Orientation>
                  <Position type="Vector">501.14453, 1664.6677, -0.15021507</Position>
               </HpRunningLight11>
               <HpRunningLight12>
                  <Orientation type="Matrix">
                      -0.7511380300,   0.0024127006,   0.6601407500,
                       0.6600773900,   0.0170755500,   0.7510035000,
                      -0.0094603198,   0.9998512900,  -0.0144186630
                  </Orientation>
                  <Position type="Vector">948.02332, 1308.8622, -0.068192594</Position>
               </HpRunningLight12>
               <HpRunningLight13>
                  <Orientation type="Matrix">
                       0.3067852600,   0.0141637850,   0.9516733900,
                      -0.9517758500,   0.0070408573,   0.3067134900,
                      -0.0023563723,  -0.9998748900,   0.0156407800
                  </Orientation>
                  <Position type="Vector">1334.4629, 813.8349, 0.49615026</Position>
               </HpRunningLight13>
               <HpRunningLight14>
                  <Orientation type="Matrix">
                      -0.0188891240,   0.6957109000,   0.7180734900,
                      -0.9998033600,  -0.0088085476,  -0.0177658800,
                      -0.0060347314,  -0.7182678600,   0.6957405200
                  </Orientation>
                  <Position type="Vector">168.07787, 380.18167, -1140.6288</Position>
               </HpRunningLight14>
               <HpRunningLight15>
                  <Orientation type="Matrix">
                      -0.0188890490,   0.8149197700,   0.5792658900,
                      -0.9998033600,  -0.0118986130,  -0.0158630460,
                      -0.0060346485,  -0.5794516200,   0.8149843200
                  </Orientation>
                  <Position type="Vector">-290.8848, 276.53671, 1060.4021</Position>
               </HpRunningLight15>
               <HpRunningLight16>
                  <Orientation type="Matrix">
                      -0.0188890490,   0.8149197700,   0.5792658900,
                      -0.9998033600,  -0.0118986130,  -0.0158630460,
                      -0.0060346485,  -0.5794516200,   0.8149843200
                  </Orientation>
                  <Position type="Vector">-820.92157, 483.06158, -839.86615</Position>
               </HpRunningLight16>
               <HpRunningLight17>
                  <Orientation type="Matrix">
                      -0.0188890490,   0.8149197700,   0.5792658900,
                      -0.9998033600,  -0.0118986130,  -0.0158630460,
                      -0.0060346485,  -0.5794516200,   0.8149843200
                  </Orientation>
                  <Position type="Vector">-414.10236, -2757.905, 1129.886</Position>
               </HpRunningLight17>
               <HpRunningLight18>
                  <Orientation type="Matrix">
                      -0.0195734630,   0.7203201700,   0.6933655100,
                      -0.9998033600,  -0.0118985190,  -0.0158630200,
                      -0.0031764300,  -0.6935396800,   0.7204114200
                  </Orientation>
                  <Position type="Vector">114.47919, -3085.1821, 1163.8229</Position>
               </HpRunningLight18>
               <HpRunningLight19>
                  <Orientation type="Matrix">
                      -0.0188890490,   0.8149197700,   0.5792658900,
                      -0.9998033600,  -0.0118986130,  -0.0158630460,
                      -0.0060346485,  -0.5794516200,   0.8149843200
                  </Orientation>
                  <Position type="Vector">2620.1013, -3427.6406, 311.88538</Position>
               </HpRunningLight19>
               <HpRunningLight20>
                  <Orientation type="Matrix">
                      -0.0188890490,   0.8149197700,   0.5792658900,
                      -0.9998033600,  -0.0118986130,  -0.0158630460,
                      -0.0060346485,  -0.5794516200,   0.8149843200
                  </Orientation>
                  <Position type="Vector">2507.2588, -2652.0518, 884.40973</Position>
               </HpRunningLight20>
               <Hp_module01>
                  <Orientation type="Matrix">
                      -0.1449414900,  -0.8406516900,   0.5218206000,
                       0.7797382500,  -0.4217065000,  -0.4627870600,
                       0.6090978400,   0.3398064400,   0.7166110300
                  </Orientation>
                  <Position type="Vector">-386.10681, -130.48232, -17.927174</Position>
               </Hp_module01>
               <Hp_module02>
                  <Orientation type="Matrix">
                      -0.5293983800,   0.1319904200,   0.8380428600,
                      -0.8345044300,  -0.2589029700,  -0.4863863000,
                       0.1527734500,  -0.9568426000,   0.2472094000
                  </Orientation>
                  <Position type="Vector">-279.57428, -189.59668, -84.510719</Position>
               </Hp_module02>
               <Hp_module03>
                  <Orientation type="Matrix">
                      -0.4633152500,   0.8856458700,  -0.0311504570,
                       0.1504632500,   0.1132563300,   0.9821068000,
                       0.8733268400,   0.4503380700,  -0.1857305500
                  </Orientation>
                  <Position type="Vector">-105.24093, -138.56837, -14.823629</Position>
               </Hp_module03>
            </Fixed>
            <Revolute>
               <HpTurret_S2_01>
                  <Axis type="Vector">0, 1, 0</Axis>
                  <Max type="float">6.2831855</Max>
                  <Min type="float">-6.2831855</Min>
                  <Orientation type="Matrix">
                       0.0040333681,  -0.7760654700,   0.6306394300,
                       0.0167878870,   0.6306082600,   0.7759197400,
                      -0.9998509300,   0.0074575334,   0.0155719740
                  </Orientation>
                  <Position type="Vector">-1141.3678, 1076.5701, 0.054818142</Position>
               </HpTurret_S2_01>
               <HpTurret_S2_02>
                  <Axis type="Vector">0, 1, 0</Axis>
                  <Max type="float">6.2831855</Max>
                  <Min type="float">-6.2831855</Min>
                  <Orientation type="Matrix">
                      -0.6060572900,   0.7954207100,  658.51444e-06,
                       0.7953932900,   0.6060428600,  -0.0078459252,
                      -0.0066398992,  -0.0042313021,  -0.9999690100
                  </Orientation>
                  <Position type="Vector">1142.6635, 1081.5911, 0.48911798</Position>
               </HpTurret_S2_02>
               <HpTurret_S2_03>
                  <Axis type="Vector">0, 1, 0</Axis>
                  <Max type="float">6.2831855</Max>
                  <Min type="float">-6.2831855</Min>
                  <Orientation type="Matrix">
                       0.7663271400,  -0.6423409600,  -0.0118656960,
                      -0.6423801200,  -0.7663859100,  649.16001e-06,
                      -0.0095106838,   0.0071248189,  -0.9999293700
                  </Orientation>
                  <Position type="Vector">670.5976, 1423.2822, 0.71290159</Position>
               </HpTurret_S2_03>
               <HpTurret_S2_04>
                  <Axis type="Vector">0, 1, 0</Axis>
                  <Max type="float">6.2831855</Max>
                  <Min type="float">-6.2831855</Min>
                  <Orientation type="Matrix">
                      -0.7451940200,   0.6668462800,   0.0013933060,
                      -0.6667286800,  -0.7450198500,  -0.0204533280,
                      -0.0126011860,  -0.0161706540,   0.9997898300
                  </Orientation>
                  <Position type="Vector">-666.67865, 1423.7295, 0.47058678</Position>
               </HpTurret_S2_04>
               <HpTurret_S2_05>
                  <Axis type="Vector">0, 1, 0</Axis>
                  <Max type="float">1.5707799</Max>
                  <Min type="float">-3.12415</Min>
                  <Orientation type="Matrix">
                      -0.6218878600,   0.0081305839,  -0.7830641300,
                      -0.0026190293,   0.9999189400,   0.0124621570,
                       0.7831019200,   0.0098009324,  -0.6218161000
                  </Orientation>
                  <Position type="Vector">-1548.8926, 62.679989, -550.63428</Position>
               </HpTurret_S2_05>
               <HpTurret_S2_06>
                  <Axis type="Vector">0, 1, 0</Axis>
                  <Max type="float">6.2831855</Max>
                  <Min type="float">-6.2831855</Min>
                  <Orientation type="Matrix">
                      -0.0059345425,  -0.4197950400,  -0.9075995100,
                      -0.0046139644,   0.9076173300,  -0.4197731000,
                       0.9999717500,   0.0016964704,  -0.0073232125
                  </Orientation>
                  <Position type="Vector">-435.56393, 1690.4712, 2.0959589</Position>
               </HpTurret_S2_06>
               <HpTurret_S2_07>
                  <Axis type="Vector">0, 1, 0</Axis>
                  <Max type="float">6.2831855</Max>
                  <Min type="float">-6.2831855</Min>
                  <Orientation type="Matrix">
                       0.4183585600,  -0.0352034830,  -0.9075995100,
                      -0.9057282800,   0.0587093940,  -0.4197732200,
                       0.0680620970,   0.9976542000,  -0.0073232073
                  </Orientation>
                  <Position type="Vector">-419.15692, 1655.0332, 32.820049</Position>
               </HpTurret_S2_07>
               <HpTurret_S2_08>
                  <Axis type="Vector">0, 1, 0</Axis>
                  <Max type="float">6.2831855</Max>
                  <Min type="float">-6.2831855</Min>
                  <Orientation type="Matrix">
                      -0.4187149100,  -0.0306755940,  -0.9075995100,
                       0.9037613900,   0.0837004410,  -0.4197732200,
                       0.0888432640,  -0.9960187100,  -0.0073232041
                  </Orientation>
                  <Position type="Vector">-419.15695, 1655.0332, -33.111744</Position>
               </HpTurret_S2_08>
               <HpTurret_S2_09>
                  <Axis type="Vector">0, 1, 0</Axis>
                  <Max type="float">6.2831855</Max>
                  <Min type="float">-6.2831855</Min>
                  <Orientation type="Matrix">
                       0.4187147000,   0.0306756420,   0.9075995700,
                       0.9037615100,   0.0837002250,  -0.4197730100,
                      -0.0888430920,   0.9960187100,   0.0073230504
                  </Orientation>
                  <Position type="Vector">420.70682, 1655.0332, 34.31456</Position>
               </HpTurret_S2_09>
               <HpTurret_S2_10>
                  <Axis type="Vector">0, 1, 0</Axis>
                  <Max type="float">6.2831855</Max>
                  <Min type="float">-6.2831855</Min>
                  <Orientation type="Matrix">
                      -0.4183582700,   0.0352033670,   0.9075996300,
                      -0.9057283400,   0.0587099050,  -0.4197729200,
                      -0.0680625070,  -0.9976542000,   0.0073229154
                  </Orientation>
                  <Position type="Vector">420.70685, 1655.0332, -31.617224</Position>
               </HpTurret_S2_10>
               <HpTurret_S2_11>
                  <Axis type="Vector">0, 1, 0</Axis>
                  <Max type="float">6.2831855</Max>
                  <Min type="float">-6.2831855</Min>
                  <Orientation type="Matrix">
                       0.0059345085,   0.4197949200,   0.9075995700,
                      -0.0046136435,   0.9076173900,  -0.4197729800,
                      -0.9999717500,  -0.0016961945,   0.0073230467
                  </Orientation>
                  <Position type="Vector">437.11377, 1690.4712, -0.89312732</Position>
               </HpTurret_S2_11>
            </Revolute>
         </Hardpoints>
         <VMeshWire include="space_arch_asteroid_cmp\space_asteroid_lod1.vwd.xml"/>
         <MultiLevel>
            <Level0>
               <VMeshPart>
                  <VMeshRef type="VMeshRef">
                     <!-- header size  --> 60,
                     <!-- vmesh lib    --> data.solar.dockable.space_arch_asteroid.lod0-212.vms,
                     <!-- start vert   --> 1654,
                     <!-- num verts    --> 2046,
                     <!-- start index  --> 2820,
                     <!-- num indices  --> 3255,
                     <!-- start mesh   --> 3,
                     <!-- num meshes   --> 6,
                     <!-- bounding box -->  2914.708,    1732.86,    2079.905,
                                           -1968.6031,  -3427.2805, -1308.0804,
                     <!-- center       -->   649.04724, -1074.1047,   340.27057,
                     <!-- radius       --> 3071.0078
                  </VMeshRef>
               </VMeshPart>
            </Level0>
            <Level1>
               <VMeshPart>
                  <VMeshRef type="VMeshRef">
                     <!-- header size  --> 60,
                     <!-- vmesh lib    --> data.solar.dockable.space_arch_asteroid.lod1-212.vms,
                     <!-- start vert   --> 1639,
                     <!-- num verts    --> 1439,
                     <!-- start index  --> 2820,
                     <!-- num indices  --> 2286,
                     <!-- start mesh   --> 3,
                     <!-- num meshes   --> 6,
                     <!-- bounding box -->  2914.708,    1732.86,    2079.905,
                                           -1968.6031,  -3427.2805, -1308.0804,
                     <!-- center       -->   649.04724, -1074.1047,   340.27057,
                     <!-- radius       --> 3071.0078
                  </VMeshRef>
               </VMeshPart>
            </Level1>
            <Level2>
               <VMeshPart>
                  <VMeshRef type="VMeshRef">
                     <!-- header size  --> 60,
                     <!-- vmesh lib    --> data.solar.dockable.space_arch_asteroid.lod2-212.vms,
                     <!-- start vert   --> 1143,
                     <!-- num verts    --> 455,
                     <!-- start index  --> 1779,
                     <!-- num indices  --> 768,
                     <!-- start mesh   --> 3,
                     <!-- num meshes   --> 3,
                     <!-- bounding box -->  2914.708,    1732.86,    2079.905,
                                           -1968.6031,  -3427.2805, -1308.0804,
                     <!-- center       -->   649.04724, -1074.1047,   340.27057,
                     <!-- radius       --> 3071.0078
                  </VMeshRef>
               </VMeshPart>
            </Level2>
            <Switch2 type="float array" count="4">
               0,
               100,
               1000,
               1000000
            </Switch2>
         </MultiLevel>
      </space_asteroid_lod1021113165859.3db>
   </UTF_ROOT>
</UTFXML>
