<?xml version="1.0" encoding="ISO-8859-1"?>
<!-- XML generated by UTFXML Version 2.2 built 19-Aug-2010 -->
<UTFXML filename="space_mining01.cmp" path="SOLAR\DOCKABLE">
   <UTF_ROOT>
      <VMeshLibrary>
         <data.solar.dockable.space_mining01.lod0-112.vms include="space_mining01_cmp\lod0-112.vms.xml"/>
         <data.solar.dockable.space_mining01.lod1-112.vms include="space_mining01_cmp\lod1-112.vms.xml"/>
      </VMeshLibrary>
      <Animation>
         <Script>
            <Sc_open_dock1 name="Sc_open dock1">
               <Joint_map_0 name="Joint map 0">
                  <Channel>
                     <Header type="Header">
                        <!-- count    --> 2,
                        <!-- interval --> Explicit,
                        <!-- flags    --> 0x1
                     </Header>
                     <Frames type="Frames" count="2">
                          0.0000000000:   0.0000000000
                          3.3333335000:   1.5707899000
                     </Frames>
                  </Channel>
                  <Child_name name="Child name" type="text">door1_a_lod1</Child_name>
                  <Parent_name name="Parent name" type="text">door1_poly_lod1</Parent_name>
               </Joint_map_0>
               <Joint_map_1 name="Joint map 1">
                  <Channel>
                     <Header type="Header">
                        <!-- count    --> 2,
                        <!-- interval --> Explicit,
                        <!-- flags    --> 0x1
                     </Header>
                     <Frames type="Frames" count="2">
                          0.0000000000:   0.0000000000
                          3.3333335000:   1.5707899000
                     </Frames>
                  </Channel>
                  <Child_name name="Child name" type="text">door1_b_lod1</Child_name>
                  <Parent_name name="Parent name" type="text">door1_poly_lod1</Parent_name>
               </Joint_map_1>
            </Sc_open_dock1>
            <Sc_open_dock2 name="Sc_open dock2">
               <Joint_map_0 name="Joint map 0">
                  <Channel>
                     <Header type="Header">
                        <!-- count    --> 2,
                        <!-- interval --> Explicit,
                        <!-- flags    --> 0x1
                     </Header>
                     <Frames type="Frames" count="2">
                          0.0000000000:   0.0000000000
                          3.3333335000:   1.5707899000
                     </Frames>
                  </Channel>
                  <Child_name name="Child name" type="text">door2_a_lod1</Child_name>
                  <Parent_name name="Parent name" type="text">door2_poly_lod1</Parent_name>
               </Joint_map_0>
               <Joint_map_1 name="Joint map 1">
                  <Channel>
                     <Header type="Header">
                        <!-- count    --> 2,
                        <!-- interval --> Explicit,
                        <!-- flags    --> 0x1
                     </Header>
                     <Frames type="Frames" count="2">
                          0.0000000000:   0.0000000000
                          3.3333335000:   1.5707899000
                     </Frames>
                  </Channel>
                  <Child_name name="Child name" type="text">door2_b_lod1</Child_name>
                  <Parent_name name="Parent name" type="text">door2_poly_lod1</Parent_name>
               </Joint_map_1>
            </Sc_open_dock2>
         </Script>
      </Animation>
      <Cmpnd>
         <Cons>
            <Fix type="Fix" count="2">
               <part>
                  <!-- parent      --> "Root",
                  <!-- child       --> "door1_poly_lod1",
                  <!-- position    --> 54.263298, -0.27601579, 0.1918298,
                  <!-- orientation -->  89.406967e-09,  59.604641e-09,  -1.0000000000,
                                        59.604641e-09,   1.0000000000,  59.604645e-09,
                                         1.0000000000, -59.604645e-09,  89.406967e-09
               </part>
               <part>
                  <!-- parent      --> "Root",
                  <!-- child       --> "door2_poly_lod1",
                  <!-- position    --> -54.687981, -0.081931897, 0.18716975,
                  <!-- orientation --> -149.01161e-09,  59.604645e-09,   1.0000000000,
                                        2.6645353e-15,   1.0000000000, -59.604645e-09,
                                        -1.0000000000, -6.2172489e-15, -149.01161e-09
               </part>
            </Fix>
            <Rev type="Rev" count="4">
               <part>
                  <!-- parent      --> "door1_poly_lod1",
                  <!-- child       --> "door1_a_lod1",
                  <!-- position    --> -0.022171019, 19.857269, -51.844955,
                  <!-- offset      --> 0, 0, 0,
                  <!-- orientation -->   1.0000000000,  1.7106095e-21, -260.27078e-24,
                                       -1.7106095e-21,   1.0000000000,  355.13568e-09,
                                        260.27139e-24, -355.13568e-09,   1.0000000000,
                  <!-- axis        -->  -1.0000000000, -54.491402e-09, -193.27662e-09,
                  <!-- min, max    --> 0, 1.5707899
               </part>
               <part>
                  <!-- parent      --> "door1_poly_lod1",
                  <!-- child       --> "door1_b_lod1",
                  <!-- position    --> -0.022109976, -19.903887, -51.850899,
                  <!-- offset      --> 0, 0, 0,
                  <!-- orientation -->  -1.0000000000,  59.604641e-09, -87.422777e-09,
                                        59.604634e-09,   1.0000000000,  84.293703e-09,
                                        87.422784e-09,  84.293696e-09,  -1.0000000000,
                  <!-- axis        -->   1.0000000000,  42.366189e-09,  221.17995e-09,
                  <!-- min, max    --> 0, 1.5707899
               </part>
               <part>
                  <!-- parent      --> "door2_poly_lod1",
                  <!-- child       --> "door2_a_lod1",
                  <!-- position    --> 0.4194048, 19.663189, -51.803688,
                  <!-- offset      --> 0, 0, 0,
                  <!-- orientation -->   1.0000000000, -4.2486299e-09,  910.15101e-12,
                                        4.2486294e-09,   1.0000000000,  356.33124e-09,
                                       -910.15251e-12, -356.33124e-09,   1.0000000000,
                  <!-- axis        -->  -1.0000000000,  48.996966e-09, -86.545498e-09,
                  <!-- min, max    --> 0, 1.5707899
               </part>
               <part>
                  <!-- parent      --> "door2_poly_lod1",
                  <!-- child       --> "door2_b_lod1",
                  <!-- position    --> 0.41946727, -20.097965, -51.809608,
                  <!-- offset      --> 0, 0, 0,
                  <!-- orientation -->  -1.0000000000,  55.356029e-09,  86.512678e-09,
                                        55.356029e-09,   1.0000000000, -1.2657740e-09,
                                       -86.512678e-09, -1.2657693e-09,  -1.0000000000,
                  <!-- axis        -->   1.0000000000,  137.26753e-09,  377.55686e-09,
                  <!-- min, max    --> 0, 1.5707899
               </part>
            </Rev>
         </Cons>
         <Part_door1_a_lod1>
            <File_name name="File name" type="text">door1_a_lod1021120101546.3db</File_name>
            <Index type="int">2</Index>
            <Object_name name="Object name" type="text">door1_a_lod1</Object_name>
         </Part_door1_a_lod1>
         <Part_door1_b_lod1>
            <File_name name="File name" type="text">door1_b_lod1021120101546.3db</File_name>
            <Index type="int">3</Index>
            <Object_name name="Object name" type="text">door1_b_lod1</Object_name>
         </Part_door1_b_lod1>
         <Part_door1_poly_lod1>
            <File_name name="File name" type="text">door1_poly_lod1021120101546.3db</File_name>
            <Index type="int">1</Index>
            <Object_name name="Object name" type="text">door1_poly_lod1</Object_name>
         </Part_door1_poly_lod1>
         <Part_door2_a_lod1>
            <File_name name="File name" type="text">door2_a_lod1021120101546.3db</File_name>
            <Index type="int">5</Index>
            <Object_name name="Object name" type="text">door2_a_lod1</Object_name>
         </Part_door2_a_lod1>
         <Part_door2_b_lod1>
            <File_name name="File name" type="text">door2_b_lod1021120101546.3db</File_name>
            <Index type="int">6</Index>
            <Object_name name="Object name" type="text">door2_b_lod1</Object_name>
         </Part_door2_b_lod1>
         <Part_door2_poly_lod1>
            <File_name name="File name" type="text">door2_poly_lod1021120101546.3db</File_name>
            <Index type="int">4</Index>
            <Object_name name="Object name" type="text">door2_poly_lod1</Object_name>
         </Part_door2_poly_lod1>
         <Root>
            <File_name name="File name" type="text">port_lod1021120101546.3db</File_name>
            <Index type="int">0</Index>
            <Object_name name="Object name" type="text">Root</Object_name>
         </Root>
      </Cmpnd>
      <door1_a_lod1021120101546.3db>
         <VMeshWire include="space_mining01_cmp\door1_a_lod1.vwd.xml"/>
         <MultiLevel>
            <Level0>
               <VMeshPart>
                  <VMeshRef type="VMeshRef">
                     <!-- header size  --> 60,
                     <!-- vmesh lib    --> data.solar.dockable.space_mining01.lod0-112.vms,
                     <!-- start vert   --> 0,
                     <!-- num verts    --> 36,
                     <!-- start index  --> 0,
                     <!-- num indices  --> 36,
                     <!-- start mesh   --> 0,
                     <!-- num meshes   --> 2,
                     <!-- bounding box -->   19.965044,    0.098825231,  1.0047486,
                                            -19.965042,  -19.730618,    -1.0047495,
                     <!-- center       --> -212.0015e-6,  -9.8181124,   -0.099952392,
                     <!-- radius       --> 22.31986
                  </VMeshRef>
               </VMeshPart>
            </Level0>
            <Level1>
               <VMeshPart>
                  <VMeshRef type="VMeshRef">
                     <!-- header size  --> 60,
                     <!-- vmesh lib    --> data.solar.dockable.space_mining01.lod1-112.vms,
                     <!-- start vert   --> 0,
                     <!-- num verts    --> 12,
                     <!-- start index  --> 0,
                     <!-- num indices  --> 12,
                     <!-- start mesh   --> 0,
                     <!-- num meshes   --> 1,
                     <!-- bounding box -->   19.965044,    0.098825231,  1.0047486,
                                            -19.965042,  -19.730618,    -1.0047495,
                     <!-- center       --> -212.0015e-6,  -9.8181124,   -0.099952392,
                     <!-- radius       --> 22.31986
                  </VMeshRef>
               </VMeshPart>
            </Level1>
            <Switch2 type="float array" count="3">
               0,
               100,
               1000000
            </Switch2>
         </MultiLevel>
      </door1_a_lod1021120101546.3db>
      <door1_b_lod1021120101546.3db>
         <VMeshWire include="space_mining01_cmp\door1_b_lod1.vwd.xml"/>
         <MultiLevel>
            <Level0>
               <VMeshPart>
                  <VMeshRef type="VMeshRef">
                     <!-- header size  --> 60,
                     <!-- vmesh lib    --> data.solar.dockable.space_mining01.lod0-112.vms,
                     <!-- start vert   --> 36,
                     <!-- num verts    --> 34,
                     <!-- start index  --> 36,
                     <!-- num indices  --> 36,
                     <!-- start mesh   --> 2,
                     <!-- num meshes   --> 2,
                     <!-- bounding box -->  19.965073,   20.027069,     1.0059301,
                                           -19.965065,   -0.029524758, -1.0059041,
                     <!-- center       -->   0.08754614, 10.64218,      0.11755973,
                     <!-- radius       --> 22.743229
                  </VMeshRef>
               </VMeshPart>
            </Level0>
            <Level1>
               <VMeshPart>
                  <VMeshRef type="VMeshRef">
                     <!-- header size  --> 60,
                     <!-- vmesh lib    --> data.solar.dockable.space_mining01.lod1-112.vms,
                     <!-- start vert   --> 12,
                     <!-- num verts    --> 12,
                     <!-- start index  --> 12,
                     <!-- num indices  --> 12,
                     <!-- start mesh   --> 1,
                     <!-- num meshes   --> 1,
                     <!-- bounding box -->  19.965073,   20.027069,     1.0059301,
                                           -19.965065,   -0.029524758, -1.0059041,
                     <!-- center       -->   0.08754614, 10.64218,      0.11755973,
                     <!-- radius       --> 22.743229
                  </VMeshRef>
               </VMeshPart>
            </Level1>
            <Switch2 type="float array" count="3">
               0,
               100,
               1000000
            </Switch2>
         </MultiLevel>
      </door1_b_lod1021120101546.3db>
      <door1_poly_lod1021120101546.3db>
         <VMeshWire include="space_mining01_cmp\door1_poly_lod1.vwd.xml"/>
         <MultiLevel>
            <Level0>
               <VMeshPart>
                  <VMeshRef type="VMeshRef">
                     <!-- header size  --> 60,
                     <!-- vmesh lib    --> data.solar.dockable.space_mining01.lod0-112.vms,
                     <!-- start vert   --> 2540,
                     <!-- num verts    --> 6,
                     <!-- start index  --> 3606,
                     <!-- num indices  --> 6,
                     <!-- start mesh   --> 20,
                     <!-- num meshes   --> 1,
                     <!-- bounding box -->  19.994921,   19.914234,   836.84665e-9,
                                           -19.994919,  -19.914238,    -8.9368004e-6,
                     <!-- center       -->  -1.6740333,   0.41001207,  -4.1960802e-6,
                     <!-- radius       --> 29.708899
                  </VMeshRef>
               </VMeshPart>
            </Level0>
            <Level1>
               <VMeshPart>
                  <VMeshRef type="VMeshRef">
                     <!-- header size  --> 60,
                     <!-- vmesh lib    --> data.solar.dockable.space_mining01.lod1-112.vms,
                     <!-- start vert   --> 1500,
                     <!-- num verts    --> 6,
                     <!-- start index  --> 1848,
                     <!-- num indices  --> 6,
                     <!-- start mesh   --> 15,
                     <!-- num meshes   --> 1,
                     <!-- bounding box -->  19.994921,   19.914234,   836.84665e-9,
                                           -19.994919,  -19.914238,    -8.9368004e-6,
                     <!-- center       -->  -1.6740333,   0.41001207,  -4.1960802e-6,
                     <!-- radius       --> 29.708899
                  </VMeshRef>
               </VMeshPart>
            </Level1>
            <Switch2 type="float array" count="3">
               0,
               100,
               1000000
            </Switch2>
         </MultiLevel>
      </door1_poly_lod1021120101546.3db>
      <door2_a_lod1021120101546.3db>
         <VMeshWire include="space_mining01_cmp\door2_a_lod1.vwd.xml"/>
         <MultiLevel>
            <Level0>
               <VMeshPart>
                  <VMeshRef type="VMeshRef">
                     <!-- header size  --> 60,
                     <!-- vmesh lib    --> data.solar.dockable.space_mining01.lod0-112.vms,
                     <!-- start vert   --> 104,
                     <!-- num verts    --> 36,
                     <!-- start index  --> 108,
                     <!-- num indices  --> 36,
                     <!-- start mesh   --> 6,
                     <!-- num meshes   --> 2,
                     <!-- bounding box -->   19.965044,     0.098827519,  1.0047485,
                                            -19.965042,   -19.730618,    -1.0047505,
                     <!-- center       --> -212.74282e-6,  -9.8181114,   -0.099952966,
                     <!-- radius       --> 22.31986
                  </VMeshRef>
               </VMeshPart>
            </Level0>
            <Level1>
               <VMeshPart>
                  <VMeshRef type="VMeshRef">
                     <!-- header size  --> 60,
                     <!-- vmesh lib    --> data.solar.dockable.space_mining01.lod1-112.vms,
                     <!-- start vert   --> 36,
                     <!-- num verts    --> 12,
                     <!-- start index  --> 36,
                     <!-- num indices  --> 12,
                     <!-- start mesh   --> 3,
                     <!-- num meshes   --> 1,
                     <!-- bounding box -->   19.965044,     0.098827519,  1.0047485,
                                            -19.965042,   -19.730618,    -1.0047505,
                     <!-- center       --> -212.74282e-6,  -9.8181114,   -0.099952966,
                     <!-- radius       --> 22.31986
                  </VMeshRef>
               </VMeshPart>
            </Level1>
            <Switch2 type="float array" count="3">
               0,
               100,
               1000000
            </Switch2>
         </MultiLevel>
      </door2_a_lod1021120101546.3db>
      <door2_b_lod1021120101546.3db>
         <VMeshWire include="space_mining01_cmp\door2_b_lod1.vwd.xml"/>
         <MultiLevel>
            <Level0>
               <VMeshPart>
                  <VMeshRef type="VMeshRef">
                     <!-- header size  --> 60,
                     <!-- vmesh lib    --> data.solar.dockable.space_mining01.lod0-112.vms,
                     <!-- start vert   --> 70,
                     <!-- num verts    --> 34,
                     <!-- start index  --> 72,
                     <!-- num indices  --> 36,
                     <!-- start mesh   --> 4,
                     <!-- num meshes   --> 2,
                     <!-- bounding box -->  19.965071,    20.027071,     1.0059335,
                                           -19.965065,    -0.029524874, -1.0059003,
                     <!-- center       -->   0.087546192, 10.642179,     0.11756327,
                     <!-- radius       --> 22.743231
                  </VMeshRef>
               </VMeshPart>
            </Level0>
            <Level1>
               <VMeshPart>
                  <VMeshRef type="VMeshRef">
                     <!-- header size  --> 60,
                     <!-- vmesh lib    --> data.solar.dockable.space_mining01.lod1-112.vms,
                     <!-- start vert   --> 24,
                     <!-- num verts    --> 12,
                     <!-- start index  --> 24,
                     <!-- num indices  --> 12,
                     <!-- start mesh   --> 2,
                     <!-- num meshes   --> 1,
                     <!-- bounding box -->  19.965071,    20.027071,     1.0059335,
                                           -19.965065,    -0.029524874, -1.0059003,
                     <!-- center       -->   0.087546192, 10.642179,     0.11756327,
                     <!-- radius       --> 22.743231
                  </VMeshRef>
               </VMeshPart>
            </Level1>
            <Switch2 type="float array" count="3">
               0,
               100,
               1000000
            </Switch2>
         </MultiLevel>
      </door2_b_lod1021120101546.3db>
      <door2_poly_lod1021120101546.3db>
         <VMeshWire include="space_mining01_cmp\door2_poly_lod1.vwd.xml"/>
         <MultiLevel>
            <Level0>
               <VMeshPart>
                  <VMeshRef type="VMeshRef">
                     <!-- header size  --> 60,
                     <!-- vmesh lib    --> data.solar.dockable.space_mining01.lod0-112.vms,
                     <!-- start vert   --> 2534,
                     <!-- num verts    --> 6,
                     <!-- start index  --> 3600,
                     <!-- num indices  --> 6,
                     <!-- start mesh   --> 19,
                     <!-- num meshes   --> 1,
                     <!-- bounding box -->  19.99329,    19.914227,   31.256499e-6,
                                           -19.993277,  -19.914236,   -4.7729645e-6,
                     <!-- center       -->   1.6742234,  -0.41002789, 14.465149e-6,
                     <!-- radius       --> 29.707842
                  </VMeshRef>
               </VMeshPart>
            </Level0>
            <Level1>
               <VMeshPart>
                  <VMeshRef type="VMeshRef">
                     <!-- header size  --> 60,
                     <!-- vmesh lib    --> data.solar.dockable.space_mining01.lod1-112.vms,
                     <!-- start vert   --> 1494,
                     <!-- num verts    --> 6,
                     <!-- start index  --> 1842,
                     <!-- num indices  --> 6,
                     <!-- start mesh   --> 14,
                     <!-- num meshes   --> 1,
                     <!-- bounding box -->  19.99329,    19.914227,   31.256499e-6,
                                           -19.993277,  -19.914236,   -4.7729645e-6,
                     <!-- center       -->   1.6742234,  -0.41002789, 14.465149e-6,
                     <!-- radius       --> 29.707842
                  </VMeshRef>
               </VMeshPart>
            </Level1>
            <Switch2 type="float array" count="3">
               0,
               100,
               1000000
            </Switch2>
         </MultiLevel>
      </door2_poly_lod1021120101546.3db>
      <Exporter_Version name="Exporter Version" type="text">Nov  5 2002 11:41:55</Exporter_Version>
      <port_lod1021120101546.3db>
         <Hardpoints>
            <Fixed>
               <HpDockCamA>
                  <Orientation type="Matrix">
                      -0.5508913400,  -0.1134245200,   0.8268334900,
                       0.1004445400,   0.9745093000,   0.2006054400,
                      -0.8285104600,   0.1935627000,  -0.5254558900
                  </Orientation>
                  <Position type="Vector">204.06137, 5.2249637, -56.754768</Position>
               </HpDockCamA>
               <HpDockCamB>
                  <Orientation type="Matrix">
                       0.5508912800,   0.1134244000,  -0.8268335500,
                       0.1004444500,   0.9745093600,   0.2006052000,
                       0.8285105200,  -0.1935624900,   0.5254558300
                  </Orientation>
                  <Position type="Vector">-203.97958, 5.2249503, 52.984814</Position>
               </HpDockCamB>
               <HpDockMountA>
                  <Orientation type="Matrix">
                     -576.86202e-09,  150.87204e-09,   1.0000000000,
                     -145.07978e-09,   1.0000000000, -150.87213e-09,
                      -1.0000000000, -145.07987e-09, -576.86202e-09
                  </Orientation>
                  <Position type="Vector">74.704468, -8.8839426, 0.027159965</Position>
               </HpDockMountA>
               <HpDockMountB>
                  <Orientation type="Matrix">
                      784.25666e-09,  179.39877e-09,  -1.0000000000,
                     -18.613003e-09,   1.0000000000,  179.39875e-09,
                       1.0000000000,  18.612862e-09,  784.25666e-09
                  </Orientation>
                  <Position type="Vector">-74.687164, -8.8839369, 0.027182704</Position>
               </HpDockMountB>
               <HpDockMountC>
                  <Orientation type="Matrix">
                      -0.9998476500,  -0.0174498860,  304.59135e-06,
                      -0.0174525450,   0.9996954200,  -0.0174498860,
                       0.0000000000,  -0.0174525450,  -0.9998476500
                  </Orientation>
                  <Position type="Vector">0.40889201, -300, -80.053452</Position>
               </HpDockMountC>
               <HpDockMountD>
                  <Orientation type="Matrix">
                      -1.0000000000,  151.17305e-09, -689.32314e-09,
                      151.17227e-09,   1.0000000000,  1.1342661e-06,
                      689.32331e-09,  1.1342660e-06,  -1.0000000000
                  </Orientation>
                  <Position type="Vector">0.40896034, 297.58484, -80.053192</Position>
               </HpDockMountD>
               <HpDockPointA01>
                  <Orientation type="Matrix">
                     -375.51601e-09,  103.09189e-09,   1.0000000000,
                     -58.434441e-09,   1.0000000000, -103.09191e-09,
                      -1.0000000000, -58.434480e-09, -375.51601e-09
                  </Orientation>
                  <Position type="Vector">134.2597, -8.8839436, 0.027160782</Position>
               </HpDockPointA01>
               <HpDockPointA02>
                  <Orientation type="Matrix">
                     -375.51601e-09,  103.09189e-09,   1.0000000000,
                     -58.434441e-09,   1.0000000000, -103.09191e-09,
                      -1.0000000000, -58.434480e-09, -375.51601e-09
                  </Orientation>
                  <Position type="Vector">296.22394, -8.8839483, 0.027140696</Position>
               </HpDockPointA02>
               <HpDockPointB01>
                  <Orientation type="Matrix">
                      552.01139e-09,  81.465572e-09,  -1.0000000000,
                     -5.7581508e-09,   1.0000000000,  81.465572e-09,
                       1.0000000000,  5.7581060e-09,  552.01139e-09
                  </Orientation>
                  <Position type="Vector">-134.2424, -8.8839359, 0.027177058</Position>
               </HpDockPointB01>
               <HpDockPointB02>
                  <Orientation type="Matrix">
                      552.01139e-09,  81.465572e-09,  -1.0000000000,
                     -5.7581508e-09,   1.0000000000,  81.465572e-09,
                       1.0000000000,  5.7581060e-09,  552.01139e-09
                  </Orientation>
                  <Position type="Vector">-296.20663, -8.8839312, 0.027189514</Position>
               </HpDockPointB02>
               <HpDockPointC01>
                  <Orientation type="Matrix">
                      -0.9998476500,  -0.0174498860,  304.59135e-06,
                      -0.0174525450,   0.9996954200,  -0.0174498860,
                       0.0000000000,  -0.0174525450,  -0.9998476500
                  </Orientation>
                  <Position type="Vector">0.40865001, -300, -430.93268</Position>
               </HpDockPointC01>
               <HpDockPointC02>
                  <Orientation type="Matrix">
                      -0.9998476500,  -0.0174498860,  304.59135e-06,
                      -0.0174525450,   0.9996954200,  -0.0174498860,
                       0.0000000000,  -0.0174525450,  -0.9998476500
                  </Orientation>
                  <Position type="Vector">0.40858701, -300, -522.6626</Position>
               </HpDockPointC02>
               <HpDockPointD01>
                  <Orientation type="Matrix">
                      -1.0000000000,  151.17305e-09, -689.32314e-09,
                      151.17227e-09,   1.0000000000,  1.1342661e-06,
                      689.32331e-09,  1.1342660e-06,  -1.0000000000
                  </Orientation>
                  <Position type="Vector">0.40871847, 297.58524, -430.9324</Position>
               </HpDockPointD01>
               <HpDockPointD02>
                  <Orientation type="Matrix">
                      -1.0000000000,  151.17305e-09, -689.32314e-09,
                      151.17227e-09,   1.0000000000,  1.1342661e-06,
                      689.32331e-09,  1.1342660e-06,  -1.0000000000
                  </Orientation>
                  <Position type="Vector">0.40865523, 297.58533, -522.66229</Position>
               </HpDockPointD02>
               <HpLaunchCamA>
                  <Orientation type="Matrix">
                      -0.0015275183,   0.3129744200,  -0.9497603200,
                      -0.0034156903,   0.9497542400,   0.3129779100,
                       0.9999930300,   0.0037221664, -381.74327e-06
                  </Orientation>
                  <Position type="Vector">58.234653, 5.3254032, 0.054599665</Position>
               </HpLaunchCamA>
               <HpLaunchCamB>
                  <Orientation type="Matrix">
                       0.0015276618,  -0.3129744500,   0.9497603200,
                      -0.0034156907,   0.9497542400,   0.3129779700,
                      -0.9999930300,  -0.0037222118,  381.87925e-06
                  </Orientation>
                  <Position type="Vector">-59.913155, 5.3253999, 0.1574633</Position>
               </HpLaunchCamB>
               <HpRunningLight01>
                  <Orientation type="Matrix">
                      342.40114e-09,  154.27801e-09,  -1.0000000000,
                     -47.007006e-09,   1.0000000000,  154.27800e-09,
                       1.0000000000,  47.006953e-09,  342.40114e-09
                  </Orientation>
                  <Position type="Vector">107.8478, -0.46611309, -22.840353</Position>
               </HpRunningLight01>
               <HpRunningLight02>
                  <Orientation type="Matrix">
                      342.40114e-09,  154.27801e-09,  -1.0000000000,
                     -47.007006e-09,   1.0000000000,  154.27800e-09,
                       1.0000000000,  47.006953e-09,  342.40114e-09
                  </Orientation>
                  <Position type="Vector">107.84775, -0.4640801, 23.212015</Position>
               </HpRunningLight02>
               <HpRunningLight03>
                  <Orientation type="Matrix">
                     -281.62219e-09,   1.0000000000, -673.65784e-09,
                      -0.3826831600, -730.15087e-09,  -0.9238796200,
                      -0.9238796200, -2.3874966e-09,   0.3826831600
                  </Orientation>
                  <Position type="Vector">0.87523675, 27.509575, -67.39978</Position>
               </HpRunningLight03>
               <HpRunningLight04>
                  <Orientation type="Matrix">
                      488.70703e-09,   1.0000000000, -817.02785e-09,
                       0.3826835500, -941.85543e-09,  -0.9238795000,
                      -0.9238795000,  138.84329e-09,  -0.3826835500
                  </Orientation>
                  <Position type="Vector">0.87525201, 27.509514, 67.610977</Position>
               </HpRunningLight04>
               <HpRunningLight05>
                  <Orientation type="Matrix">
                     -347.00645e-09,  134.76935e-09,   1.0000000000,
                     -90.965216e-09,   1.0000000000, -134.76938e-09,
                      -1.0000000000, -90.965266e-09, -347.00645e-09
                  </Orientation>
                  <Position type="Vector">-106.19903, -0.46610117, 23.146425</Position>
               </HpRunningLight05>
               <HpRunningLight06>
                  <Orientation type="Matrix">
                     -347.00645e-09,  134.76935e-09,   1.0000000000,
                     -90.965216e-09,   1.0000000000, -134.76938e-09,
                      -1.0000000000, -90.965266e-09, -347.00645e-09
                  </Orientation>
                  <Position type="Vector">-106.19898, -0.46407914, -22.905943</Position>
               </HpRunningLight06>
               <HpRunningLight07>
                  <Orientation type="Matrix">
                     -259.64567e-09,   1.0000000000, -664.04408e-09,
                       0.3826833100,  712.85888e-09,   0.9238795600,
                       0.9238795600, -14.237253e-09,  -0.3826833100
                  </Orientation>
                  <Position type="Vector">0.87525201, -28.415304, 67.716064</Position>
               </HpRunningLight07>
               <HpRunningLight08>
                  <Orientation type="Matrix">
                      337.54995e-09,   1.0000000000, -298.01330e-09,
                      -0.3826835800,  404.50323e-09,   0.9238794400,
                       0.9238794400, -197.81068e-09,   0.3826835800
                  </Orientation>
                  <Position type="Vector">0.87524438, -28.415228, -67.294693</Position>
               </HpRunningLight08>
               <HpRunningLight09>
                  <Orientation type="Matrix">
                       1.0000000000,  315.76235e-09, -223.41999e-09,
                     -223.42006e-09,  237.11512e-09,  -1.0000000000,
                     -315.76229e-09,   1.0000000000,  237.11519e-09
                  </Orientation>
                  <Position type="Vector">-0.10665381, -98.491898, 280.6972</Position>
               </HpRunningLight09>
               <HpRunningLight10>
                  <Orientation type="Matrix">
                      365.52231e-09,  150.65906e-09,  -1.0000000000,
                     -15.155246e-09,   1.0000000000,  150.65906e-09,
                       1.0000000000,  15.155191e-09,  365.52231e-09
                  </Orientation>
                  <Position type="Vector">107.8478, 0.09058807, -23.584478</Position>
               </HpRunningLight10>
               <HpRunningLight11>
                  <Orientation type="Matrix">
                      365.52231e-09,  150.65906e-09,  -1.0000000000,
                     -15.155246e-09,   1.0000000000,  150.65906e-09,
                       1.0000000000,  15.155191e-09,  365.52231e-09
                  </Orientation>
                  <Position type="Vector">107.84776, 0.092621066, 22.467943</Position>
               </HpRunningLight11>
               <HpRunningLight12>
                  <Orientation type="Matrix">
                     -339.95744e-09,   1.0000000000, -658.87929e-09,
                      -0.3826831900, -738.82114e-09,  -0.9238796200,
                      -0.9238796200, -61.937726e-09,   0.3826831900
                  </Orientation>
                  <Position type="Vector">0.87523675, 28.066277, -68.14389</Position>
               </HpRunningLight12>
               <HpRunningLight13>
                  <Orientation type="Matrix">
                      456.10415e-09,   1.0000000000, -638.18590e-09,
                       0.3826834900, -764.15040e-09,  -0.9238795000,
                      -0.9238795000,  177.16206e-09,  -0.3826834900
                  </Orientation>
                  <Position type="Vector">0.87524438, 28.066216, 66.866875</Position>
               </HpRunningLight13>
               <HpRunningLight14>
                  <Orientation type="Matrix">
                     -341.23016e-09,  116.94216e-09,   1.0000000000,
                     -59.672509e-09,   1.0000000000, -116.94218e-09,
                      -1.0000000000, -59.672551e-09, -341.23016e-09
                  </Orientation>
                  <Position type="Vector">-106.19904, 0.0906, 22.40233</Position>
               </HpRunningLight14>
               <HpRunningLight15>
                  <Orientation type="Matrix">
                     -341.23016e-09,  116.94216e-09,   1.0000000000,
                     -59.672509e-09,   1.0000000000, -116.94218e-09,
                      -1.0000000000, -59.672551e-09, -341.23016e-09
                  </Orientation>
                  <Position type="Vector">-106.19898, 0.092622034, -23.650068</Position>
               </HpRunningLight15>
               <HpRunningLight16>
                  <Orientation type="Matrix">
                     -125.68159e-09,   1.0000000000, -591.91223e-09,
                       0.3826832200,  594.95187e-09,   0.9238796200,
                       0.9238796200, -110.40021e-09,  -0.3826832200
                  </Orientation>
                  <Position type="Vector">0.87525201, -27.858603, 66.971985</Position>
               </HpRunningLight16>
               <HpRunningLight17>
                  <Orientation type="Matrix">
                      407.37436e-09,   1.0000000000, -397.29181e-09,
                      -0.3826834900,  522.94519e-09,   0.9238795000,
                       0.9238795000, -224.32781e-09,   0.3826834900
                  </Orientation>
                  <Position type="Vector">0.87523675, -27.858526, -68.038795</Position>
               </HpRunningLight17>
               <HpRunningLight18>
                  <Orientation type="Matrix">
                     -184.46150e-09, -145.46387e-09,  -1.0000000000,
                      -1.0000000000,  650.96248e-09,  184.46140e-09,
                      650.96248e-09,   1.0000000000, -145.46399e-09
                  </Orientation>
                  <Position type="Vector">74.540062, -155.8497, -0.15949079</Position>
               </HpRunningLight18>
               <HpRunningLight19>
                  <Orientation type="Matrix">
                     -7.7311562e-09,  311.04491e-09,   1.0000000000,
                      -1.0000000000, -447.60827e-09, -7.7310167e-09,
                      447.60827e-09,  -1.0000000000,  311.04491e-09
                  </Orientation>
                  <Position type="Vector">-74.753387, -155.80145, -0.073897168</Position>
               </HpRunningLight19>
               <HpRunningLight20>
                  <Orientation type="Matrix">
                       1.0000000000,  315.76235e-09, -223.41999e-09,
                     -223.42006e-09,  237.11512e-09,  -1.0000000000,
                     -315.76229e-09,   1.0000000000,  237.11519e-09
                  </Orientation>
                  <Position type="Vector">-0.10659358, -98.491806, 471.45236</Position>
               </HpRunningLight20>
               <HpRunningLight21>
                  <Orientation type="Matrix">
                       1.0000000000,  315.76235e-09, -223.41999e-09,
                     -223.42006e-09,  237.11512e-09,  -1.0000000000,
                     -315.76229e-09,   1.0000000000,  237.11519e-09
                  </Orientation>
                  <Position type="Vector">-0.10657357, -98.491776, 534.81403</Position>
               </HpRunningLight21>
               <HpRunningLight22>
                  <Orientation type="Matrix">
                       1.0000000000,  315.76235e-09, -223.41999e-09,
                     -223.42006e-09,  237.11512e-09,  -1.0000000000,
                     -315.76229e-09,   1.0000000000,  237.11519e-09
                  </Orientation>
                  <Position type="Vector">-0.10651344, -98.491684, 725.2608</Position>
               </HpRunningLight22>
               <HpRunningLight23>
                  <Orientation type="Matrix">
                      -1.0000000000,  300.43412e-09,  308.06635e-09,
                      308.06657e-09,  754.54875e-09,   1.0000000000,
                      300.43390e-09,   1.0000000000, -754.54886e-09
                  </Orientation>
                  <Position type="Vector">-0.10659868, -211.59819, 534.81403</Position>
               </HpRunningLight23>
               <HpRunningLight24>
                  <Orientation type="Matrix">
                      -1.0000000000,  300.43412e-09,  308.06635e-09,
                      308.06657e-09,  754.54875e-09,   1.0000000000,
                      300.43390e-09,   1.0000000000, -754.54886e-09
                  </Orientation>
                  <Position type="Vector">-0.10653868, -211.59813, 725.2608</Position>
               </HpRunningLight24>
               <HpRunningLight25>
                  <Orientation type="Matrix">
                      -1.0000000000,  300.43412e-09,  308.06635e-09,
