<?xml version="1.0" encoding="ISO-8859-1"?>
<!-- XML generated by UTFXML Version 2.2 built 19-Aug-2010 -->
<UTFXML filename="space_arch.cmp" path="SOLAR\DOCKABLE">
   <UTF_ROOT>
      <VMeshLibrary>
         <data.solar.dockable.space_arch.lod0-112.vms include="space_arch_cmp\lod0-112.vms.xml"/>
         <data.solar.dockable.space_arch.lod0-212.vms include="space_arch_cmp\lod0-212.vms.xml"/>
         <data.solar.dockable.space_arch.lod1-112.vms include="space_arch_cmp\lod1-112.vms.xml"/>
         <data.solar.dockable.space_arch.lod1-212.vms include="space_arch_cmp\lod1-212.vms.xml"/>
         <data.solar.dockable.space_arch.lod2-212.vms include="space_arch_cmp\lod2-212.vms.xml"/>
      </VMeshLibrary>
      <Animation>
         <Script>
            <Sc_open_dockA name="Sc_open dockA">
               <Joint_map_0 name="Joint map 0">
                  <Channel>
                     <Header type="Header">
                        <!-- count    --> 2,
                        <!-- interval --> Explicit,
                        <!-- flags    --> 0x1
                     </Header>
                     <Frames type="Frames" count="2">
                          0.0000000000:   0.0000000000
                          3.3333335000:   1.5707899000
                     </Frames>
                  </Channel>
                  <Child_name name="Child name" type="text">door_A4_lod1</Child_name>
                  <Parent_name name="Parent name" type="text">A_dock_lod1</Parent_name>
               </Joint_map_0>
               <Joint_map_1 name="Joint map 1">
                  <Channel>
                     <Header type="Header">
                        <!-- count    --> 2,
                        <!-- interval --> Explicit,
                        <!-- flags    --> 0x1
                     </Header>
                     <Frames type="Frames" count="2">
                          0.0000000000:   0.0000000000
                          3.3333335000:   1.5707899000
                     </Frames>
                  </Channel>
                  <Child_name name="Child name" type="text">door_A3_lod1</Child_name>
                  <Parent_name name="Parent name" type="text">A_dock_lod1</Parent_name>
               </Joint_map_1>
               <Joint_map_2 name="Joint map 2">
                  <Channel>
                     <Header type="Header">
                        <!-- count    --> 2,
                        <!-- interval --> Explicit,
                        <!-- flags    --> 0x1
                     </Header>
                     <Frames type="Frames" count="2">
                          0.0000000000:   0.0000000000
                          3.3333335000:   1.5707899000
                     </Frames>
                  </Channel>
                  <Child_name name="Child name" type="text">door_A2_lod1</Child_name>
                  <Parent_name name="Parent name" type="text">A_dock_lod1</Parent_name>
               </Joint_map_2>
               <Joint_map_3 name="Joint map 3">
                  <Channel>
                     <Header type="Header">
                        <!-- count    --> 2,
                        <!-- interval --> Explicit,
                        <!-- flags    --> 0x1
                     </Header>
                     <Frames type="Frames" count="2">
                          0.0000000000:   0.0000000000
                          3.3333335000:   1.5707901000
                     </Frames>
                  </Channel>
                  <Child_name name="Child name" type="text">door_A1_lod1</Child_name>
                  <Parent_name name="Parent name" type="text">A_dock_lod1</Parent_name>
               </Joint_map_3>
            </Sc_open_dockA>
         </Script>
      </Animation>
      <A_dock_lod1030112205828.3db>
         <VMeshWire include="space_arch_cmp\A_dock_lod1.vwd.xml"/>
         <MultiLevel>
            <Level0>
               <VMeshPart>
                  <VMeshRef type="VMeshRef">
                     <!-- header size  --> 60,
                     <!-- vmesh lib    --> data.solar.dockable.space_arch.lod0-112.vms,
                     <!-- start vert   --> 54,
                     <!-- num verts    --> 24,
                     <!-- start index  --> 96,
                     <!-- num indices  --> 48,
                     <!-- start mesh   --> 3,
                     <!-- num meshes   --> 1,
                     <!-- bounding box -->    0.015363427,  18.617617,    19.160181,
                                             -0.015663501, -18.617596,   -19.160187,
                     <!-- center       --> -495.33957e-6,   -0.23572935,   0.23470075,
                     <!-- radius       --> 19.64395
                  </VMeshRef>
               </VMeshPart>
            </Level0>
            <Level1>
               <VMeshPart>
                  <VMeshRef type="VMeshRef">
                     <!-- header size  --> 60,
                     <!-- vmesh lib    --> data.solar.dockable.space_arch.lod1-112.vms,
                     <!-- start vert   --> 3,
                     <!-- num verts    --> 6,
                     <!-- start index  --> 3,
                     <!-- num indices  --> 6,
                     <!-- start mesh   --> 1,
                     <!-- num meshes   --> 1,
                     <!-- bounding box -->    0.015363427,  18.617617,    19.160181,
                                             -0.015663501, -18.617596,   -19.160187,
                     <!-- center       --> -495.33957e-6,   -0.23572935,   0.23470075,
                     <!-- radius       --> 19.64395
                  </VMeshRef>
               </VMeshPart>
            </Level1>
            <Switch2 type="float array" count="3">
               0,
               100,
               1000000
            </Switch2>
         </MultiLevel>
      </A_dock_lod1030112205828.3db>
      <Cmpnd>
         <Cons>
            <Fix type="Fix" count="4">
               <part>
                  <!-- parent      --> "Root",
                  <!-- child       --> "doorsA_lod1",
                  <!-- position    --> -214.8502, 1696.0364, 0.52973723,
                  <!-- orientation -->   0.3266736900,   0.0039713196,   0.9451288600,
                                        -0.9451333300,  -0.0014928225,   0.3266814900,
                                         0.0027082665,  -0.9999910000,   0.0032657608
               </part>
               <part>
                  <!-- parent      --> "doorsA_lod1",
                  <!-- child       --> "A_dock_lod1",
                  <!-- position    --> -17.674221, 0.34906983, 0.053742677,
                  <!-- orientation -->   1.0000000000, -3.3260734e-09,  32.894071e-09,
                                        3.3260745e-09,   1.0000000000, -33.448156e-09,
                                       -32.894071e-09,  33.448156e-09,   1.0000000000
               </part>
               <part>
                  <!-- parent      --> "Root",
                  <!-- child       --> "glass_lod1",
                  <!-- position    --> -176.09491e-6, 1777.7061, 1.9726108,
                  <!-- orientation -->   1.0000000000,  53.142752e-09, -110.75764e-09,
                                        110.75763e-09,  108.32661e-09,   1.0000000000,
                                        53.142763e-09,  -1.0000000000,  108.32660e-09
               </part>
               <part>
                  <!-- parent      --> "Root",
                  <!-- child       --> "room_lod1",
                  <!-- position    --> 0.25098479, 1768.572, 0.12971552,
                  <!-- orientation -->   1.0000000000,  87.828262e-09, -114.48636e-09,
                                        114.48635e-09,  103.08217e-09,   1.0000000000,
                                        87.828276e-09,  -1.0000000000,  103.08217e-09
               </part>
            </Fix>
            <Rev type="Rev" count="4">
               <part>
                  <!-- parent      --> "A_dock_lod1",
                  <!-- child       --> "door_A4_lod1",
                  <!-- position    --> -56.560963, -13.002052, 13.326897,
                  <!-- offset      --> 0, 0, 0,
                  <!-- orientation -->   1.0000000000,  356.60815e-09, -333.88642e-09,
                                        16.066737e-09,  -0.7071068900,  -0.7071066500,
                                       -488.25342e-09,   0.7071066500,  -0.7071068900,
                  <!-- axis        --> -377.56948e-09,  -0.7071068300,  -0.7071067700,
                  <!-- min, max    --> 0, 1.5707899
               </part>
               <part>
                  <!-- parent      --> "A_dock_lod1",
                  <!-- child       --> "door_A3_lod1",
                  <!-- position    --> -56.560978, -13.007128, -12.270538,
                  <!-- offset      --> 0, 0, 0,
                  <!-- orientation -->   1.0000000000, -731.14956e-09, -290.97563e-09,
                                       -311.25040e-09,  -0.7071071900,   0.7071063500,
                                       -722.75151e-09,  -0.7071063500,  -0.7071071900,
                  <!-- axis        --> -475.77606e-09,   0.7071064700,  -0.7071070700,
                  <!-- min, max    --> 0, 1.5707899
               </part>
               <part>
                  <!-- parent      --> "A_dock_lod1",
                  <!-- child       --> "door_A2_lod1",
                  <!-- position    --> -56.560966, 12.596793, -12.277177,
                  <!-- offset      --> 0, 0, 0,
                  <!-- orientation -->   1.0000000000,  67.817474e-09,  46.827040e-09,
                                       -81.065913e-09,   0.7071069500,   0.7071066500,
                                        14.842461e-09,  -0.7071066500,   0.7071069500,
                  <!-- axis        -->  16.410429e-09,   0.7071068300,   0.7071067700,
                  <!-- min, max    --> 0, 1.5707899
               </part>
               <part>
                  <!-- parent      --> "A_dock_lod1",
                  <!-- child       --> "door_A1_lod1",
                  <!-- position    --> -56.560947, 12.60187, 13.320258,
                  <!-- offset      --> 0, 0, 0,
                  <!-- orientation -->   1.0000000000,  84.210527e-09,  23.064660e-09,
                                       -43.236714e-09,   0.7071073100,  -0.7071062300,
                                       -75.854977e-09,   0.7071062300,   0.7071073100,
                  <!-- axis        -->  140.87979e-09,  -0.7071062300,   0.7071073700,
                  <!-- min, max    --> 0, 1.5707899
               </part>
            </Rev>
         </Cons>
         <Part_A_dock_lod1>
            <File_name name="File name" type="text">A_dock_lod1030112205828.3db</File_name>
            <Index type="int">2</Index>
            <Object_name name="Object name" type="text">A_dock_lod1</Object_name>
         </Part_A_dock_lod1>
         <Part_doorsA_lod1>
            <File_name name="File name" type="text">doorsA_lod1030112205828.3db</File_name>
            <Index type="int">1</Index>
            <Object_name name="Object name" type="text">doorsA_lod1</Object_name>
         </Part_doorsA_lod1>
         <Part_door_A1_lod1>
            <File_name name="File name" type="text">door_A1_lod1030112205828.3db</File_name>
            <Index type="int">6</Index>
            <Object_name name="Object name" type="text">door_A1_lod1</Object_name>
         </Part_door_A1_lod1>
         <Part_door_A2_lod1>
            <File_name name="File name" type="text">door_A2_lod1030112205828.3db</File_name>
            <Index type="int">5</Index>
            <Object_name name="Object name" type="text">door_A2_lod1</Object_name>
         </Part_door_A2_lod1>
         <Part_door_A3_lod1>
            <File_name name="File name" type="text">door_A3_lod1030112205828.3db</File_name>
            <Index type="int">4</Index>
            <Object_name name="Object name" type="text">door_A3_lod1</Object_name>
         </Part_door_A3_lod1>
         <Part_door_A4_lod1>
            <File_name name="File name" type="text">door_A4_lod1030112205828.3db</File_name>
            <Index type="int">3</Index>
            <Object_name name="Object name" type="text">door_A4_lod1</Object_name>
         </Part_door_A4_lod1>
         <Part_glass_lod1>
            <File_name name="File name" type="text">glass_lod1030112205828.3db</File_name>
            <Index type="int">7</Index>
            <Object_name name="Object name" type="text">glass_lod1</Object_name>
         </Part_glass_lod1>
         <Part_room_lod1>
            <File_name name="File name" type="text">room_lod1030112205828.3db</File_name>
            <Index type="int">8</Index>
            <Object_name name="Object name" type="text">room_lod1</Object_name>
         </Part_room_lod1>
         <Root>
            <File_name name="File name" type="text">space_arch_lod1030112205828.3db</File_name>
            <Index type="int">0</Index>
            <Object_name name="Object name" type="text">Root</Object_name>
         </Root>
      </Cmpnd>
      <doorsA_lod1030112205828.3db>
         <VMeshWire include="space_arch_cmp\doorsA_lod1.vwd.xml"/>
         <MultiLevel>
            <Level0>
               <VMeshPart>
                  <VMeshRef type="VMeshRef">
                     <!-- header size  --> 60,
                     <!-- vmesh lib    --> data.solar.dockable.space_arch.lod0-112.vms,
                     <!-- start vert   --> 78,
                     <!-- num verts    --> 426,
                     <!-- start index  --> 144,
                     <!-- num indices  --> 510,
                     <!-- start mesh   --> 4,
                     <!-- num meshes   --> 4,
                     <!-- bounding box --> -17.666389,  27.271599,   26.994648,
                                           -81.143448, -26.832306,  -26.681471,
                     <!-- center       --> -50.022991,   0.7856105,  -1.4729226,
                     <!-- radius       --> 39.484299
                  </VMeshRef>
               </VMeshPart>
            </Level0>
            <Level1>
               <VMeshPart>
                  <VMeshRef type="VMeshRef">
                     <!-- header size  --> 60,
                     <!-- vmesh lib    --> data.solar.dockable.space_arch.lod1-112.vms,
                     <!-- start vert   --> 9,
                     <!-- num verts    --> 56,
                     <!-- start index  --> 9,
                     <!-- num indices  --> 72,
                     <!-- start mesh   --> 2,
                     <!-- num meshes   --> 2,
                     <!-- bounding box --> -17.666389,  27.271599,   26.994648,
                                           -81.143448, -26.832306,  -26.681471,
                     <!-- center       --> -50.022991,   0.7856105,  -1.4729226,
                     <!-- radius       --> 39.484299
                  </VMeshRef>
               </VMeshPart>
            </Level1>
            <Switch2 type="float array" count="3">
               0,
               100,
               1000000
            </Switch2>
         </MultiLevel>
      </doorsA_lod1030112205828.3db>
      <door_A1_lod1030112205828.3db>
         <VMeshWire include="space_arch_cmp\door_A1_lod1.vwd.xml"/>
         <MultiLevel>
            <Level0>
               <VMeshPart>
                  <VMeshRef type="VMeshRef">
                     <!-- header size  --> 60,
                     <!-- vmesh lib    --> data.solar.dockable.space_arch.lod0-112.vms,
                     <!-- start vert   --> 618,
                     <!-- num verts    --> 56,
                     <!-- start index  --> 846,
                     <!-- num indices  --> 96,
                     <!-- start mesh   --> 14,
                     <!-- num meshes   --> 3,
                     <!-- bounding box -->  0.99338424,   4.4443951,  15.939412,
                                           -1.7453728,  -18.092613,  -15.932634,
                     <!-- center       --> -0.33942217,  -6.6322336,  -0.024638861,
                     <!-- radius       --> 16.63308
                  </VMeshRef>
               </VMeshPart>
            </Level0>
            <Level1>
               <VMeshPart>
                  <VMeshRef type="VMeshRef">
                     <!-- header size  --> 60,
                     <!-- vmesh lib    --> data.solar.dockable.space_arch.lod1-112.vms,
                     <!-- start vert   --> 71,
                     <!-- num verts    --> 3,
                     <!-- start index  --> 87,
                     <!-- num indices  --> 3,
                     <!-- start mesh   --> 6,
                     <!-- num meshes   --> 1,
                     <!-- bounding box -->  0.99338424,   4.4443951,  15.939412,
                                           -1.7453728,  -18.092613,  -15.932634,
                     <!-- center       --> -0.33942217,  -6.6322336,  -0.024638861,
                     <!-- radius       --> 16.63308
                  </VMeshRef>
               </VMeshPart>
            </Level1>
            <Switch2 type="float array" count="3">
               0,
               100,
               1000000
            </Switch2>
         </MultiLevel>
      </door_A1_lod1030112205828.3db>
      <door_A2_lod1030112205828.3db>
         <VMeshWire include="space_arch_cmp\door_A2_lod1.vwd.xml"/>
         <MultiLevel>
            <Level0>
               <VMeshPart>
                  <VMeshRef type="VMeshRef">
                     <!-- header size  --> 60,
                     <!-- vmesh lib    --> data.solar.dockable.space_arch.lod0-112.vms,
                     <!-- start vert   --> 562,
                     <!-- num verts    --> 56,
                     <!-- start index  --> 750,
                     <!-- num indices  --> 96,
                     <!-- start mesh   --> 11,
                     <!-- num meshes   --> 3,
                     <!-- bounding box -->  0.99351698,   4.4444985,  15.939736,
                                           -1.7452368,  -18.092642,  -15.932535,
                     <!-- center       --> -0.33928719,  -6.6322274,  -0.024554962,
                     <!-- radius       --> 16.633074
                  </VMeshRef>
               </VMeshPart>
            </Level0>
            <Level1>
               <VMeshPart>
                  <VMeshRef type="VMeshRef">
                     <!-- header size  --> 60,
                     <!-- vmesh lib    --> data.solar.dockable.space_arch.lod1-112.vms,
                     <!-- start vert   --> 68,
                     <!-- num verts    --> 3,
                     <!-- start index  --> 84,
                     <!-- num indices  --> 3,
                     <!-- start mesh   --> 5,
                     <!-- num meshes   --> 1,
                     <!-- bounding box -->  0.99351698,   4.4444985,  15.939736,
                                           -1.7452368,  -18.092642,  -15.932535,
                     <!-- center       --> -0.33928719,  -6.6322274,  -0.024554962,
                     <!-- radius       --> 16.633074
                  </VMeshRef>
               </VMeshPart>
            </Level1>
            <Switch2 type="float array" count="3">
               0,
               100,
               1000000
            </Switch2>
         </MultiLevel>
      </door_A2_lod1030112205828.3db>
      <door_A3_lod1030112205828.3db>
         <VMeshWire include="space_arch_cmp\door_A3_lod1.vwd.xml"/>
         <MultiLevel>
            <Level0>
               <VMeshPart>
                  <VMeshRef type="VMeshRef">
                     <!-- header size  --> 60,
                     <!-- vmesh lib    --> data.solar.dockable.space_arch.lod0-112.vms,
                     <!-- start vert   --> 504,
                     <!-- num verts    --> 58,
                     <!-- start index  --> 654,
                     <!-- num indices  --> 96,
                     <!-- start mesh   --> 8,
                     <!-- num meshes   --> 3,
                     <!-- bounding box -->  0.99352223,   4.4502401,  15.95255,
                                           -1.7452315,  -18.104364,  -15.937475,
                     <!-- center       --> -0.340213,    -6.6381507,  -0.011386679,
                     <!-- radius       --> 16.631451
                  </VMeshRef>
               </VMeshPart>
            </Level0>
            <Level1>
               <VMeshPart>
                  <VMeshRef type="VMeshRef">
                     <!-- header size  --> 60,
                     <!-- vmesh lib    --> data.solar.dockable.space_arch.lod1-112.vms,
                     <!-- start vert   --> 65,
                     <!-- num verts    --> 3,
                     <!-- start index  --> 81,
                     <!-- num indices  --> 3,
                     <!-- start mesh   --> 4,
                     <!-- num meshes   --> 1,
                     <!-- bounding box -->  0.99352223,   4.4502401,  15.95255,
                                           -1.7452315,  -18.104364,  -15.937475,
                     <!-- center       --> -0.340213,    -6.6381507,  -0.011386679,
                     <!-- radius       --> 16.631451
                  </VMeshRef>
               </VMeshPart>
            </Level1>
            <Switch2 type="float array" count="3">
               0,
               100,
               1000000
            </Switch2>
         </MultiLevel>
      </door_A3_lod1030112205828.3db>
      <door_A4_lod1030112205828.3db>
         <VMeshWire include="space_arch_cmp\door_A4_lod1.vwd.xml"/>
         <MultiLevel>
            <Level0>
               <VMeshPart>
                  <VMeshRef type="VMeshRef">
                     <!-- header size  --> 60,
                     <!-- vmesh lib    --> data.solar.dockable.space_arch.lod0-112.vms,
                     <!-- start vert   --> 0,
                     <!-- num verts    --> 54,
                     <!-- start index  --> 0,
                     <!-- num indices  --> 96,
                     <!-- start mesh   --> 0,
                     <!-- num meshes   --> 3,
                     <!-- bounding box -->  0.99340546,   4.4456449,  15.941963,
                                           -1.745352,   -18.105577,  -15.94436,
                     <!-- center       --> -0.33975855,  -6.6404886,  -0.035648469,
                     <!-- radius       --> 16.631111
                  </VMeshRef>
               </VMeshPart>
            </Level0>
            <Level1>
               <VMeshPart>
                  <VMeshRef type="VMeshRef">
                     <!-- header size  --> 60,
                     <!-- vmesh lib    --> data.solar.dockable.space_arch.lod1-112.vms,
                     <!-- start vert   --> 0,
                     <!-- num verts    --> 3,
                     <!-- start index  --> 0,
                     <!-- num indices  --> 3,
                     <!-- start mesh   --> 0,
                     <!-- num meshes   --> 1,
                     <!-- bounding box -->  0.99340546,   4.4456449,  15.941963,
                                           -1.745352,   -18.105577,  -15.94436,
                     <!-- center       --> -0.33975855,  -6.6404886,  -0.035648469,
                     <!-- radius       --> 16.631111
                  </VMeshRef>
               </VMeshPart>
            </Level1>
            <Switch2 type="float array" count="3">
               0,
               100,
               1000000
            </Switch2>
         </MultiLevel>
      </door_A4_lod1030112205828.3db>
      <Exporter_Version name="Exporter Version" type="text">Nov  5 2002 11:41:55</Exporter_Version>
      <glass_lod1030112205828.3db>
         <VMeshWire include="space_arch_cmp\glass_lod1.vwd.xml"/>
         <MultiLevel>
            <Level0>
               <VMeshPart>
                  <VMeshRef type="VMeshRef">
                     <!-- header size  --> 60,
                     <!-- vmesh lib    --> data.solar.dockable.space_arch.lod0-212.vms,
                     <!-- start vert   --> 0,
                     <!-- num verts    --> 203,
                     <!-- start index  --> 0,
                     <!-- num indices  --> 477,
                     <!-- start mesh   --> 0,
                     <!-- num meshes   --> 2,
                     <!-- bounding box -->  72.167091,   73.03334,     38.854996,
                                           -72.167091,  -73.03334,    -38.854965,
                     <!-- center       -->   2.6346383,  -0.74219865,   1.7423443,
                     <!-- radius       --> 80.08316
                  </VMeshRef>
               </VMeshPart>
            </Level0>
            <Level1>
               <VMeshPart>
                  <VMeshRef type="VMeshRef">
                     <!-- header size  --> 60,
                     <!-- vmesh lib    --> data.solar.dockable.space_arch.lod1-212.vms,
                     <!-- start vert   --> 0,
                     <!-- num verts    --> 77,
                     <!-- start index  --> 0,
                     <!-- num indices  --> 99,
                     <!-- start mesh   --> 0,
                     <!-- num meshes   --> 1,
                     <!-- bounding box -->  72.167091,   73.03334,     38.854996,
                                           -72.167091,  -73.03334,    -38.854965,
                     <!-- center       -->   2.6346383,  -0.74219865,   1.7423443,
                     <!-- radius       --> 80.08316
                  </VMeshRef>
               </VMeshPart>
            </Level1>
            <Switch2 type="float array" count="3">
               0,
               100,
               1000000
            </Switch2>
         </MultiLevel>
      </glass_lod1030112205828.3db>
      <room_lod1030112205828.3db>
         <VMeshWire include="space_arch_cmp\room_lod1.vwd.xml"/>
         <MultiLevel>
            <Level0>
               <VMeshPart>
                  <VMeshRef type="VMeshRef">
                     <!-- header size  --> 60,
                     <!-- vmesh lib    --> data.solar.dockable.space_arch.lod0-212.vms,
                     <!-- start vert   --> 329,
                     <!-- num verts    --> 2178,
                     <!-- start index  --> 699,
                     <!-- num indices  --> 3216,
                     <!-- start mesh   --> 3,
                     <!-- num meshes   --> 5,
                     <!-- bounding box -->  78.674294,   78.995567,    51.844151,
                                           -79.117363,  -78.736313,   -52.238468,
                     <!-- center       -->   1.8201975,   0.57222205,   2.2855237,
                     <!-- radius       --> 86.749275
                  </VMeshRef>
               </VMeshPart>
            </Level0>
            <Level1>
               <VMeshPart>
                  <VMeshRef type="VMeshRef">
                     <!-- header size  --> 60,
                     <!-- vmesh lib    --> data.solar.dockable.space_arch.lod1-212.vms,
                     <!-- start vert   --> 160,
                     <!-- num verts    --> 431,
                     <!-- start index  --> 225,
                     <!-- num indices  --> 603,
                     <!-- start mesh   --> 2,
                     <!-- num meshes   --> 3,
                     <!-- bounding box -->  78.674294,   78.995567,    51.844151,
                                           -79.117363,  -78.736313,   -52.238468,
                     <!-- center       -->   1.8201975,   0.57222205,   2.2855237,
                     <!-- radius       --> 86.749275
                  </VMeshRef>
               </VMeshPart>
            </Level1>
            <Switch2 type="float array" count="3">
               0,
               100,
               1000000
            </Switch2>
         </MultiLevel>
      </room_lod1030112205828.3db>
      <space_arch_lod1030112205828.3db>
         <Hardpoints>
            <Fixed>
               <HpDockCamA>
                  <Orientation type="Matrix">
                       0.2710724200,   0.9550148200,  -0.1202766200,
                      -0.5788670200,   0.2615749500,   0.7723286200,
                       0.7690466000,  -0.1397328100,   0.6237323300
                  </Orientation>
                  <Position type="Vector">-263.59937, 1857.2218, 56.464771</Position>
               </HpDockCamA>
               <HpDockMountA>
                  <Orientation type="Matrix">
                     -50.195801e-09,   0.9451342800,  -0.3266820900,
                     -112.26303e-09,   0.3266820900,   0.9451342800,
                       1.0000000000,  84.116095e-09,  89.705573e-09
                  </Orientation>
                  <Position type="Vector">-234.36942, 1731.9735, -0.047205891</Position>
               </HpDockMountA>
               <HpDockMountB>
                  <Orientation type="Matrix">
                       0.9998682700,   0.0075606396,   0.0143616630,
                      -0.0076105515,   0.9999651900,   0.0034238973,
                      -0.0143352760,  -0.0035327468,   0.9998909800
                  </Orientation>
                  <Position type="Vector">0.94381285, 1777.3566, 84.343056</Position>
               </HpDockMountB>
               <HpDockMountC>
                  <Orientation type="Matrix">
                      -0.9998682700,  -0.0075608538,  -0.0143617670,
                      -0.0076107671,   0.9999651900,   0.0034239783,
                       0.0143353790,   0.0035328316,  -0.9998909800
                  </Orientation>
                  <Position type="Vector">-1.484694, 1779.1959, -84.732208</Position>
               </HpDockMountC>
               <HpDockMountD>
                  <Orientation type="Matrix">
                       0.9998682700,   0.0075606396,   0.0143616630,
                      -0.0076105515,   0.9999651900,   0.0034238973,
                      -0.0143352760,  -0.0035327468,   0.9998909800
                  </Orientation>
                  <Position type="Vector">320.95572, 1699.3722, 58.740017</Position>
               </HpDockMountD>
               <HpDockMountE>
                  <Orientation type="Matrix">
                       0.9998682700,   0.0075606396,   0.0143616630,
                      -0.0076105515,   0.9999651900,   0.0034238973,
                      -0.0143352760,  -0.0035327468,   0.9998909800
                  </Orientation>
                  <Position type="Vector">-343.3851, 1693.5862, 84.107704</Position>
               </HpDockMountE>
               <HpDockMountF>
                  <Orientation type="Matrix">
                      -0.9998807900,  -0.0076268385,  -0.0134252700,
                      -0.0075448942,   0.9999526700,  -0.0061438531,
                       0.0134714930,  -0.0060418285,  -0.9998909800
                  </Orientation>
                  <Position type="Vector">-345.086, 1691.8107, -64.645958</Position>
               </HpDockMountF>
               <HpDockMountG>
                  <Orientation type="Matrix">
                      -0.9998807900,  -0.0076268385,  -0.0134252700,
                      -0.0075448942,   0.9999526700,  -0.0061438531,
                       0.0134714930,  -0.0060418285,  -0.9998909800
                  </Orientation>
                  <Position type="Vector">319.28738, 1696.92, -57.695847</Position>
               </HpDockMountG>
               <HpDockPointA01>
                  <Orientation type="Matrix">
                     -34.141056e-09,   0.9451342800,  -0.3266820600,
                     -70.190787e-09,   0.3266820600,   0.9451342800,
                       1.0000000000,  55.197955e-09,  55.186451e-09
                  </Orientation>
                  <Position type="Vector">-252.58755, 1784.7351, 0.018155051</Position>
               </HpDockPointA01>
               <HpDockPointA02>
                  <Orientation type="Matrix">
                     -52.946969e-09,   0.9451342800,  -0.3266821500,
                     -199.09540e-09,   0.3266821500,   0.9451342800,
                       1.0000000000,  115.08290e-09,  170.87505e-09
                  </Orientation>
                  <Position type="Vector">-279.31281, 1862.0566, -0.065617442</Position>
               </HpDockPointA02>
               <HpDockPointB01>
                  <Orientation type="Matrix">
                       0.9998682700,   0.0075606396,   0.0143616630,
                      -0.0076105515,   0.9999651900,   0.0034238973,
                      -0.0143352760,  -0.0035327468,   0.9998909800
                  </Orientation>
                  <Position type="Vector">4.5449119, 1778.2151, 335.0596</Position>
               </HpDockPointB01>
               <HpDockPointB02>
                  <Orientation type="Matrix">
                       0.9998682700,   0.0075606396,   0.0143616630,
                      -0.0076105515,   0.9999651900,   0.0034238973,
                      -0.0143352760,  -0.0035327468,   0.9998909800
                  </Orientation>
                  <Position type="Vector">5.2717495, 1778.3884, 385.66367</Position>
               </HpDockPointB02>
               <HpDockPointC01>
                  <Orientation type="Matrix">
                      -0.9998682700,  -0.0075608538,  -0.0143617670,
                      -0.0076107671,   0.9999651900,   0.0034239783,
                       0.0143353790,   0.0035328316,  -0.9998909800
                  </Orientation>
                  <Position type="Vector">-5.0858159, 1780.0544, -335.4487</Position>
               </HpDockPointC01>
               <HpDockPointC02>
                  <Orientation type="Matrix">
                      -0.9998682700,  -0.0075608538,  -0.0143617670,
                      -0.0076107671,   0.9999651900,   0.0034239783,
                       0.0143353790,   0.0035328316,  -0.9998909800
                  </Orientation>
                  <Position type="Vector">-5.8126574, 1780.2278, -386.05273</Position>
               </HpDockPointC02>
               <HpDockPointD01>
                  <Orientation type="Matrix">
                       0.9998682700,   0.0075606396,   0.0143616630,
                      -0.0076105515,   0.9999651900,   0.0034238973,
                      -0.0143352760,  -0.0035327468,   0.9998909800
                  </Orientation>
                  <Position type="Vector">327.41388, 1700.9117, 508.37393</Position>
               </HpDockPointD01>
               <HpDockPointD02>
                  <Orientation type="Matrix">
                       0.9998682700,   0.0075606396,   0.0143616630,
                      -0.0076105515,   0.9999651900,   0.0034238973,
                      -0.0143352760,  -0.0035327468,   0.9998909800
                  </Orientation>
                  <Position type="Vector">328.14075, 1701.0851, 558.97803</Position>
               </HpDockPointD02>
               <HpDockPointE01>
                  <Orientation type="Matrix">
                       0.9998682700,   0.0075606396,   0.0143616630,
                      -0.0076105515,   0.9999651900,   0.0034238973,
                      -0.0143352760,  -0.0035327468,   0.9998909800
                  </Orientation>
                  <Position type="Vector">-336.92694, 1695.1256, 533.74164</Position>
               </HpDockPointE01>
               <HpDockPointE02>
                  <Orientation type="Matrix">
                       0.9998682700,   0.0075606396,   0.0143616630,
                      -0.0076105515,   0.9999651900,   0.0034238973,
                      -0.0143352760,  -0.0035327468,   0.9998909800
                  </Orientation>
                  <Position type="Vector">-336.20007, 1695.299, 584.3457</Position>
               </HpDockPointE02>
               <HpDockPointF01>
                  <Orientation type="Matrix">
                      -0.9998807900,  -0.0076268385,  -0.0134252700,
                      -0.0075448942,   0.9999526700,  -0.0061438531,
                       0.0134714930,  -0.0060418285,  -0.9998909800
                  </Orientation>
                  <Position type="Vector">-351.12292, 1689.0479, -514.27991</Position>
               </HpDockPointF01>
               <HpDockPointF02>
                  <Orientation type="Matrix">
                      -0.9998807900,  -0.0076268385,  -0.0134252700,
                      -0.0075448942,   0.9999526700,  -0.0061438531,
                       0.0134714930,  -0.0060418285,  -0.9998909800
                  </Orientation>
                  <Position type="Vector">-351.80237, 1688.7369, -564.88403</Position>
               </HpDockPointF02>
               <HpDockPointG01>
                  <Orientation type="Matrix">
                      -0.9998807900,  -0.0076268385,  -0.0134252700,
                      -0.0075448942,   0.9999526700,  -0.0061438531,
                       0.0134714930,  -0.0060418285,  -0.9998909800
                  </Orientation>
                  <Position type="Vector">313.25046, 1694.1573, -507.32977</Position>
               </HpDockPointG01>
               <HpDockPointG02>
                  <Orientation type="Matrix">
                      -0.9998807900,  -0.0076268385,  -0.0134252700,
                      -0.0075448942,   0.9999526700,  -0.0061438531,
                       0.0134714930,  -0.0060418285,  -0.9998909800
                  </Orientation>
                  <Position type="Vector">312.57101, 1693.8464, -557.9339</Position>
               </HpDockPointG02>
               <HpGen01>
                  <Orientation type="Matrix">
                       0.7071064700, -138.72972e-09,   0.7071071300,
                      129.30629e-09,   1.0000000000,  66.887182e-09,
                      -0.7071071300,  44.137039e-09,   0.7071064700
                  </Orientation>
                  <Position type="Vector">265.11444, 1777.8467, 265.16522</Position>
               </HpGen01>
               <HpGen02>
                  <Orientation type="Matrix">
                      -0.7071066500, -213.14074e-09,  -0.7071069500,
                     -134.47560e-09,   1.0000000000, -166.95091e-09,
                       0.7071069500, -22.963469e-09,  -0.7071066500
                  </Orientation>
                  <Position type="Vector">-265.2157, 1777.8467, -265.16473</Position>
               </HpGen02>
               <HpGen03>
                  <Orientation type="Matrix">
                      -0.7071067700, -85.487351e-09,   0.7071067700,
                     -84.391843e-09,   1.0000000000,  36.505515e-09,
                      -0.7071067700, -33.860751e-09,  -0.7071067700
                  </Orientation>
                  <Position type="Vector">265.11438, 1777.8467, -265.16489</Position>
               </HpGen03>
               <HpGen04>
                  <Orientation type="Matrix">
                       0.7071067100, -167.00784e-09,  -0.7071068300,
                      84.723560e-09,   1.0000000000, -151.46117e-09,
                       0.7071068300,  47.190603e-09,   0.7071067100
                  </Orientation>
                  <Position type="Vector">-265.21564, 1777.8468, 265.16531</Position>
               </HpGen04>
               <HpLaunchCamA>
                  <Orientation type="Matrix">
                      93.162846e-09,   0.9510564800,   0.3090170900,
                      144.66677e-09,   0.3090170900,  -0.9510564800,
                      -1.0000000000,  133.30764e-09, -108.79737e-09
                  </Orientation>
                  <Position type="Vector">-216.60643, 1715.0151, -0.064500809</Position>
               </HpLaunchCamA>
               <HpRoot>
                  <Orientation type="Matrix">
                       1.0000000000, -101.31047e-09,  15.839669e-09,
                      101.31047e-09,   1.0000000000, -35.261721e-09,
                     -15.839666e-09,  35.261721e-09,   1.0000000000
                  </Orientation>
                  <Position type="Vector">-0.050639104, 1777.8467, 216.55683e-6</Position>
