<?xml version="1.0" encoding="ISO-8859-1"?>
<!-- XML generated by UTFXML Version 2.2 built 19-Aug-2010 -->
<UTFXML filename="space_police01.cmp" path="SOLAR\DOCKABLE">
   <UTF_ROOT>
      <VMeshLibrary>
         <data.solar.dockable.space_police01.lod0-112.vms include="space_police01_cmp\lod0-112.vms.xml"/>
         <data.solar.dockable.space_police01.lod1-112.vms include="space_police01_cmp\lod1-112.vms.xml"/>
      </VMeshLibrary>
      <Animation>
         <Script>
            <Sc_open_dock1 name="Sc_open dock1">
               <Joint_map_0 name="Joint map 0">
                  <Channel>
                     <Header type="Header">
                        <!-- count    --> 2,
                        <!-- interval --> Explicit,
                        <!-- flags    --> 0x1
                     </Header>
                     <Frames type="Frames" count="2">
                          0.0000000000:   0.0000000000
                          3.3333335000:   1.5707899000
                     </Frames>
                  </Channel>
                  <Child_name name="Child name" type="text">door1_a_lod1</Child_name>
                  <Parent_name name="Parent name" type="text">door1_poly_lod1</Parent_name>
               </Joint_map_0>
               <Joint_map_1 name="Joint map 1">
                  <Channel>
                     <Header type="Header">
                        <!-- count    --> 2,
                        <!-- interval --> Explicit,
                        <!-- flags    --> 0x1
                     </Header>
                     <Frames type="Frames" count="2">
                          0.0000000000:   0.0000000000
                          3.3333335000:   1.5707899000
                     </Frames>
                  </Channel>
                  <Child_name name="Child name" type="text">door1_b_lod1</Child_name>
                  <Parent_name name="Parent name" type="text">door1_poly_lod1</Parent_name>
               </Joint_map_1>
            </Sc_open_dock1>
            <Sc_open_dock2 name="Sc_open dock2">
               <Joint_map_0 name="Joint map 0">
                  <Channel>
                     <Header type="Header">
                        <!-- count    --> 2,
                        <!-- interval --> Explicit,
                        <!-- flags    --> 0x1
                     </Header>
                     <Frames type="Frames" count="2">
                          0.0000000000:   0.0000000000
                          3.3333335000:   1.5707899000
                     </Frames>
                  </Channel>
                  <Child_name name="Child name" type="text">door2_a_lod1</Child_name>
                  <Parent_name name="Parent name" type="text">door2_poly_lod1</Parent_name>
               </Joint_map_0>
               <Joint_map_1 name="Joint map 1">
                  <Channel>
                     <Header type="Header">
                        <!-- count    --> 2,
                        <!-- interval --> Explicit,
                        <!-- flags    --> 0x1
                     </Header>
                     <Frames type="Frames" count="2">
                          0.0000000000:   0.0000000000
                          3.3333335000:   1.5707899000
                     </Frames>
                  </Channel>
                  <Child_name name="Child name" type="text">door2_b_lod1</Child_name>
                  <Parent_name name="Parent name" type="text">door2_poly_lod1</Parent_name>
               </Joint_map_1>
            </Sc_open_dock2>
         </Script>
      </Animation>
      <Cmpnd>
         <Cons>
            <Fix type="Fix" count="2">
               <part>
                  <!-- parent      --> "Root",
                  <!-- child       --> "door2_poly_lod1",
                  <!-- position    --> -0.032571796, 0.2909, -54.630283,
                  <!-- orientation -->   1.0000000000, -888.17874e-18, -888.17842e-18,
                                        888.17874e-18,   1.0000000000, -888.17810e-18,
                                        888.17842e-18,  888.17810e-18,   1.0000000000
               </part>
               <part>
                  <!-- parent      --> "Root",
                  <!-- child       --> "door1_poly_lod1",
                  <!-- position    --> -0.037230406, 0.096824639, 54.425957,
                  <!-- orientation -->  -1.0000000000,  59.604641e-09,  87.422777e-09,
                                        59.604641e-09,   1.0000000000, -7.0462943e-15,
                                       -87.422777e-09, -1.8354910e-15,  -1.0000000000
               </part>
            </Fix>
            <Rev type="Rev" count="4">
               <part>
                  <!-- parent      --> "door2_poly_lod1",
                  <!-- child       --> "door2_a_lod1",
                  <!-- position    --> 0.41939718, 19.663195, -51.549183,
                  <!-- offset      --> 0, 0, 0,
                  <!-- orientation -->   1.0000000000,  12.002457e-18, -4.1488334e-15,
                                       -12.000932e-18,   1.0000000000,  367.42773e-09,
                                        4.1488334e-15, -367.42773e-09,   1.0000000000,
                  <!-- axis        -->  -1.0000000000,  84.293760e-09,  85.170988e-09,
                  <!-- min, max    --> 0, 1.5707899
               </part>
               <part>
                  <!-- parent      --> "door2_poly_lod1",
                  <!-- child       --> "door2_b_lod1",
                  <!-- position    --> 0.41946083, -20.097963, -51.555103,
                  <!-- offset      --> 0, 0, 0,
                  <!-- orientation -->  -1.0000000000, -18.651752e-15,  150.99580e-09,
                                        17.348444e-15,   1.0000000000,  238.41852e-09,
                                       -150.99580e-09,  238.41852e-09,  -1.0000000000,
                  <!-- axis        -->   1.0000000000,  101.97080e-09,  240.75595e-09,
                  <!-- min, max    --> 0, 1.5707899
               </part>
               <part>
                  <!-- parent      --> "door1_poly_lod1",
                  <!-- child       --> "door1_a_lod1",
                  <!-- position    --> -0.022175381, 19.857273, -51.659012,
                  <!-- offset      --> 0, 0, 0,
                  <!-- orientation -->   1.0000000000, -1.6068304e-15,  6.0989820e-15,
                                        1.6068322e-15,   1.0000000000, -301.99161e-09,
                                       -6.0989815e-15,  301.99161e-09,   1.0000000000,
                  <!-- axis        -->  -1.0000000000, -54.491423e-09,  72.960212e-09,
                  <!-- min, max    --> 0, 1.5707899
               </part>
               <part>
                  <!-- parent      --> "door1_poly_lod1",
                  <!-- child       --> "door1_b_lod1",
                  <!-- position    --> -0.022116695, -19.903883, -51.664948,
                  <!-- offset      --> 0, 0, 0,
                  <!-- orientation -->  -1.0000000000,  59.604645e-09, -87.422777e-09,
                                        59.604645e-09,   1.0000000000,  888.17884e-18,
                                        87.422777e-09, -4.3226247e-15,  -1.0000000000,
                  <!-- axis        -->   1.0000000000,  42.366192e-09,  14.548041e-09,
                  <!-- min, max    --> 0, 1.5707899
               </part>
            </Rev>
         </Cons>
         <Part_door1_a_lod1>
            <File_name name="File name" type="text">door1_a_lod1021120102333.3db</File_name>
            <Index type="int">5</Index>
            <Object_name name="Object name" type="text">door1_a_lod1</Object_name>
         </Part_door1_a_lod1>
         <Part_door1_b_lod1>
            <File_name name="File name" type="text">door1_b_lod1021120102333.3db</File_name>
            <Index type="int">6</Index>
            <Object_name name="Object name" type="text">door1_b_lod1</Object_name>
         </Part_door1_b_lod1>
         <Part_door1_poly_lod1>
            <File_name name="File name" type="text">door1_poly_lod1021120102333.3db</File_name>
            <Index type="int">4</Index>
            <Object_name name="Object name" type="text">door1_poly_lod1</Object_name>
         </Part_door1_poly_lod1>
         <Part_door2_a_lod1>
            <File_name name="File name" type="text">door2_a_lod1021120102333.3db</File_name>
            <Index type="int">2</Index>
            <Object_name name="Object name" type="text">door2_a_lod1</Object_name>
         </Part_door2_a_lod1>
         <Part_door2_b_lod1>
            <File_name name="File name" type="text">door2_b_lod1021120102333.3db</File_name>
            <Index type="int">3</Index>
            <Object_name name="Object name" type="text">door2_b_lod1</Object_name>
         </Part_door2_b_lod1>
         <Part_door2_poly_lod1>
            <File_name name="File name" type="text">door2_poly_lod1021120102333.3db</File_name>
            <Index type="int">1</Index>
            <Object_name name="Object name" type="text">door2_poly_lod1</Object_name>
         </Part_door2_poly_lod1>
         <Root>
            <File_name name="File name" type="text">police_dock_lod1021120102333.3db</File_name>
            <Index type="int">0</Index>
            <Object_name name="Object name" type="text">Root</Object_name>
         </Root>
      </Cmpnd>
      <door1_a_lod1021120102333.3db>
         <VMeshWire include="space_police01_cmp\door1_a_lod1.vwd.xml"/>
         <MultiLevel>
            <Level0>
               <VMeshPart>
                  <VMeshRef type="VMeshRef">
                     <!-- header size  --> 60,
                     <!-- vmesh lib    --> data.solar.dockable.space_police01.lod0-112.vms,
                     <!-- start vert   --> 82,
                     <!-- num verts    --> 36,
                     <!-- start index  --> 84,
                     <!-- num indices  --> 36,
                     <!-- start mesh   --> 6,
                     <!-- num meshes   --> 2,
                     <!-- bounding box -->   19.965044,     0.098823674,  1.0047495,
                                            -19.965048,   -19.730618,    -1.0047466,
                     <!-- center       --> -215.96416e-6,  -9.8181152,   -0.099950612,
                     <!-- radius       --> 22.319862
                  </VMeshRef>
               </VMeshPart>
            </Level0>
            <Level1>
               <VMeshPart>
                  <VMeshRef type="VMeshRef">
                     <!-- header size  --> 60,
                     <!-- vmesh lib    --> data.solar.dockable.space_police01.lod1-112.vms,
                     <!-- start vert   --> 36,
                     <!-- num verts    --> 12,
                     <!-- start index  --> 36,
                     <!-- num indices  --> 12,
                     <!-- start mesh   --> 4,
                     <!-- num meshes   --> 1,
                     <!-- bounding box -->   19.965044,     0.098823674,  1.0047495,
                                            -19.965048,   -19.730618,    -1.0047466,
                     <!-- center       --> -215.96416e-6,  -9.8181152,   -0.099950612,
                     <!-- radius       --> 22.319862
                  </VMeshRef>
               </VMeshPart>
            </Level1>
            <Switch2 type="float array" count="3">
               0,
               100,
               1000000
            </Switch2>
         </MultiLevel>
      </door1_a_lod1021120102333.3db>
      <door1_b_lod1021120102333.3db>
         <VMeshWire include="space_police01_cmp\door1_b_lod1.vwd.xml"/>
         <MultiLevel>
            <Level0>
               <VMeshPart>
                  <VMeshRef type="VMeshRef">
                     <!-- header size  --> 60,
                     <!-- vmesh lib    --> data.solar.dockable.space_police01.lod0-112.vms,
                     <!-- start vert   --> 118,
                     <!-- num verts    --> 34,
                     <!-- start index  --> 120,
                     <!-- num indices  --> 36,
                     <!-- start mesh   --> 8,
                     <!-- num meshes   --> 2,
                     <!-- bounding box -->  19.965078,    20.027067,     1.005934,
                                           -19.965067,    -0.029524144, -1.0058981,
                     <!-- center       -->   0.087548345, 10.64218,      0.11756471,
                     <!-- radius       --> 22.743233
                  </VMeshRef>
               </VMeshPart>
            </Level0>
            <Level1>
               <VMeshPart>
                  <VMeshRef type="VMeshRef">
                     <!-- header size  --> 60,
                     <!-- vmesh lib    --> data.solar.dockable.space_police01.lod1-112.vms,
                     <!-- start vert   --> 48,
                     <!-- num verts    --> 12,
                     <!-- start index  --> 48,
                     <!-- num indices  --> 12,
                     <!-- start mesh   --> 5,
                     <!-- num meshes   --> 1,
                     <!-- bounding box -->  19.965078,    20.027067,     1.005934,
                                           -19.965067,    -0.029524144, -1.0058981,
                     <!-- center       -->   0.087548345, 10.64218,      0.11756471,
                     <!-- radius       --> 22.743233
                  </VMeshRef>
               </VMeshPart>
            </Level1>
            <Switch2 type="float array" count="3">
               0,
               100,
               1000000
            </Switch2>
         </MultiLevel>
      </door1_b_lod1021120102333.3db>
      <door1_poly_lod1021120102333.3db>
         <VMeshWire include="space_police01_cmp\door1_poly_lod1.vwd.xml"/>
         <MultiLevel>
            <Level0>
               <VMeshPart>
                  <VMeshRef type="VMeshRef">
                     <!-- header size  --> 60,
                     <!-- vmesh lib    --> data.solar.dockable.space_police01.lod0-112.vms,
                     <!-- start vert   --> 0,
                     <!-- num verts    --> 6,
                     <!-- start index  --> 0,
                     <!-- num indices  --> 6,
                     <!-- start mesh   --> 0,
                     <!-- num meshes   --> 1,
                     <!-- bounding box -->  19.994917,   19.914238,      5.4463844e-6,
                                           -19.994923,  -19.914234,   -512.56592e-9,
                     <!-- center       -->  -1.6740377,   0.41001263,    2.2574488e-6,
                     <!-- radius       --> 29.708897
                  </VMeshRef>
               </VMeshPart>
            </Level0>
            <Level1>
               <VMeshPart>
                  <VMeshRef type="VMeshRef">
                     <!-- header size  --> 60,
                     <!-- vmesh lib    --> data.solar.dockable.space_police01.lod1-112.vms,
                     <!-- start vert   --> 0,
                     <!-- num verts    --> 6,
                     <!-- start index  --> 0,
                     <!-- num indices  --> 6,
                     <!-- start mesh   --> 0,
                     <!-- num meshes   --> 1,
                     <!-- bounding box -->  19.994917,   19.914238,      5.4463844e-6,
                                           -19.994923,  -19.914234,   -512.56592e-9,
                     <!-- center       -->  -1.6740377,   0.41001263,    2.2574488e-6,
                     <!-- radius       --> 29.708897
                  </VMeshRef>
               </VMeshPart>
            </Level1>
            <Switch2 type="float array" count="3">
               0,
               100,
               1000000
            </Switch2>
         </MultiLevel>
      </door1_poly_lod1021120102333.3db>
      <door2_a_lod1021120102333.3db>
         <VMeshWire include="space_police01_cmp\door2_a_lod1.vwd.xml"/>
         <MultiLevel>
            <Level0>
               <VMeshPart>
                  <VMeshRef type="VMeshRef">
                     <!-- header size  --> 60,
                     <!-- vmesh lib    --> data.solar.dockable.space_police01.lod0-112.vms,
                     <!-- start vert   --> 46,
                     <!-- num verts    --> 36,
                     <!-- start index  --> 48,
                     <!-- num indices  --> 36,
                     <!-- start mesh   --> 4,
                     <!-- num meshes   --> 2,
                     <!-- bounding box -->   19.965044,     0.098824501,  1.0047493,
                                            -19.965046,   -19.730623,    -1.0047475,
                     <!-- center       --> -214.79571e-6,  -9.8181152,   -0.099951088,
                     <!-- radius       --> 22.319862
                  </VMeshRef>
               </VMeshPart>
            </Level0>
            <Level1>
               <VMeshPart>
                  <VMeshRef type="VMeshRef">
                     <!-- header size  --> 60,
                     <!-- vmesh lib    --> data.solar.dockable.space_police01.lod1-112.vms,
                     <!-- start vert   --> 24,
                     <!-- num verts    --> 12,
                     <!-- start index  --> 24,
                     <!-- num indices  --> 12,
                     <!-- start mesh   --> 3,
                     <!-- num meshes   --> 1,
                     <!-- bounding box -->   19.965044,     0.098824501,  1.0047493,
                                            -19.965046,   -19.730623,    -1.0047475,
                     <!-- center       --> -214.79571e-6,  -9.8181152,   -0.099951088,
                     <!-- radius       --> 22.319862
                  </VMeshRef>
               </VMeshPart>
            </Level1>
            <Switch2 type="float array" count="3">
               0,
               100,
               1000000
            </Switch2>
         </MultiLevel>
      </door2_a_lod1021120102333.3db>
      <door2_b_lod1021120102333.3db>
         <VMeshWire include="space_police01_cmp\door2_b_lod1.vwd.xml"/>
         <MultiLevel>
            <Level0>
               <VMeshPart>
                  <VMeshRef type="VMeshRef">
                     <!-- header size  --> 60,
                     <!-- vmesh lib    --> data.solar.dockable.space_police01.lod0-112.vms,
                     <!-- start vert   --> 12,
                     <!-- num verts    --> 34,
                     <!-- start index  --> 12,
                     <!-- num indices  --> 36,
                     <!-- start mesh   --> 2,
                     <!-- num meshes   --> 2,
                     <!-- bounding box -->  19.965073,    20.027073,     1.0059373,
                                           -19.965065,    -0.029525934, -1.0058943,
                     <!-- center       -->   0.087545171, 10.642182,     0.11756849,
                     <!-- radius       --> 22.743231
                  </VMeshRef>
               </VMeshPart>
            </Level0>
            <Level1>
               <VMeshPart>
                  <VMeshRef type="VMeshRef">
                     <!-- header size  --> 60,
                     <!-- vmesh lib    --> data.solar.dockable.space_police01.lod1-112.vms,
                     <!-- start vert   --> 12,
                     <!-- num verts    --> 12,
                     <!-- start index  --> 12,
                     <!-- num indices  --> 12,
                     <!-- start mesh   --> 2,
                     <!-- num meshes   --> 1,
                     <!-- bounding box -->  19.965073,    20.027073,     1.0059373,
                                           -19.965065,    -0.029525934, -1.0058943,
                     <!-- center       -->   0.087545171, 10.642182,     0.11756849,
                     <!-- radius       --> 22.743231
                  </VMeshRef>
               </VMeshPart>
            </Level1>
            <Switch2 type="float array" count="3">
               0,
               100,
               1000000
            </Switch2>
         </MultiLevel>
      </door2_b_lod1021120102333.3db>
      <door2_poly_lod1021120102333.3db>
         <VMeshWire include="space_police01_cmp\door2_poly_lod1.vwd.xml"/>
         <MultiLevel>
            <Level0>
               <VMeshPart>
                  <VMeshRef type="VMeshRef">
                     <!-- header size  --> 60,
                     <!-- vmesh lib    --> data.solar.dockable.space_police01.lod0-112.vms,
                     <!-- start vert   --> 6,
                     <!-- num verts    --> 6,
                     <!-- start index  --> 6,
                     <!-- num indices  --> 6,
                     <!-- start mesh   --> 1,
                     <!-- num meshes   --> 1,
                     <!-- bounding box -->  19.993284,   19.914234,   13.192823e-6,
                                           -19.993279,  -19.914232,   -9.4557372e-6,
                     <!-- center       -->   1.6742198,  -0.41002271,  2.116971e-6,
                     <!-- radius       --> 29.707842
                  </VMeshRef>
               </VMeshPart>
            </Level0>
            <Level1>
               <VMeshPart>
                  <VMeshRef type="VMeshRef">
                     <!-- header size  --> 60,
                     <!-- vmesh lib    --> data.solar.dockable.space_police01.lod1-112.vms,
                     <!-- start vert   --> 6,
                     <!-- num verts    --> 6,
                     <!-- start index  --> 6,
                     <!-- num indices  --> 6,
                     <!-- start mesh   --> 1,
                     <!-- num meshes   --> 1,
                     <!-- bounding box -->  19.993284,   19.914234,   13.192823e-6,
                                           -19.993279,  -19.914232,   -9.4557372e-6,
                     <!-- center       -->   1.6742198,  -0.41002271,  2.116971e-6,
                     <!-- radius       --> 29.707842
                  </VMeshRef>
               </VMeshPart>
            </Level1>
            <Switch2 type="float array" count="3">
               0,
               100,
               1000000
            </Switch2>
         </MultiLevel>
      </door2_poly_lod1021120102333.3db>
      <Exporter_Version name="Exporter Version" type="text">Nov  5 2002 11:41:55</Exporter_Version>
      <police_dock_lod1021120102333.3db>
         <Hardpoints>
            <Fixed>
               <HpDockCamA>
                  <Orientation type="Matrix">
                       0.8285105800,  -0.1935626900,   0.5254557100,
                       0.1004445500,   0.9745093000,   0.2006054100,
                      -0.5508912200,  -0.1134245400,   0.8268335500
                  </Orientation>
                  <Position type="Vector">56.842804, 5.0409675, 204.24725</Position>
               </HpDockCamA>
               <HpDockCamB>
                  <Orientation type="Matrix">
                      -0.8285105200,   0.1935625400,  -0.5254558300,
                       0.1004445200,   0.9745093600,   0.2006051700,
                       0.5508912800,   0.1134243400,  -0.8268335500
                  </Orientation>
                  <Position type="Vector">-52.896736, 5.040946, -203.7937</Position>
               </HpDockCamB>
               <HpDockMountA>
                  <Orientation type="Matrix">
                       1.0000000000,  115.68875e-09,  560.28597e-09,
                     -115.68875e-09,   1.0000000000, -257.71724e-12,
                     -560.28597e-09,  257.65243e-12,   1.0000000000
                  </Orientation>
                  <Position type="Vector">-0.028513014, -9.1184902, 74.726418</Position>
               </HpDockMountA>
               <HpDockMountB>
                  <Orientation type="Matrix">
                      -1.0000000000, -31.260186e-09, -665.29503e-09,
                     -31.260210e-09,   1.0000000000,  36.838969e-09,
                      665.29503e-09,  36.838991e-09,  -1.0000000000
                  </Orientation>
                  <Position type="Vector">-0.028535899, -9.118494, -74.902534</Position>
               </HpDockMountB>
               <HpDockMountC>
                  <Orientation type="Matrix">
                      -1.0000000000, -87.414584e-09,  1.5258395e-09,
                     -87.427900e-09,   0.9998477100,  -0.0174525450,
                     -55.511151e-18,  -0.0174525450,  -0.9998476500
                  </Orientation>
                  <Position type="Vector">0.59490502, 400, -19.647697</Position>
               </HpDockMountC>
               <HpDockMountD>
                  <Orientation type="Matrix">
                       1.0000000000,   0.0000000000,   0.0000000000,
                       0.0000000000,   1.0000000000,   0.0000000000,
                       0.0000000000,   0.0000000000,   1.0000000000
                  </Orientation>
                  <Position type="Vector">0.594993, 400, 59.24189</Position>
               </HpDockMountD>
               <HpDockPointA01>
                  <Orientation type="Matrix">
                       1.0000000000,  52.654094e-09,  349.48246e-09,
                     -52.654102e-09,   1.0000000000,  23.105999e-09,
                     -349.48246e-09, -23.106017e-09,   1.0000000000
                  </Orientation>
                  <Position type="Vector">-0.02851034, -9.1184883, 134.80624</Position>
               </HpDockPointA01>
               <HpDockPointA02>
                  <Orientation type="Matrix">
                       1.0000000000,  52.654094e-09,  349.48246e-09,
                     -52.654102e-09,   1.0000000000,  23.105999e-09,
                     -349.48246e-09, -23.106017e-09,   1.0000000000
                  </Orientation>
                  <Position type="Vector">-0.028495904, -9.1184835, 296.77051</Position>
               </HpDockPointA02>
               <HpDockPointB01>
                  <Orientation type="Matrix">
                      -1.0000000000, -861.41289e-12, -429.57839e-09,
                     -861.43143e-12,   1.0000000000,  43.139629e-09,
                      429.57839e-09,  43.139629e-09,  -1.0000000000
                  </Orientation>
                  <Position type="Vector">-0.028537694, -9.1180573, -134.98236</Position>
               </HpDockPointB01>
               <HpDockPointB02>
                  <Orientation type="Matrix">
                      -1.0000000000, -861.41289e-12, -429.57839e-09,
                     -861.43143e-12,   1.0000000000,  43.139629e-09,
                      429.57839e-09,  43.139629e-09,  -1.0000000000
                  </Orientation>
                  <Position type="Vector">-0.028552115, -9.1185007, -296.94659</Position>
               </HpDockPointB02>
               <HpDockPointC01>
                  <Orientation type="Matrix">
                      -1.0000000000, -87.414584e-09,  1.5258395e-09,
                     -87.427900e-09,   0.9998477100,  -0.0174525450,
                     -55.511151e-18,  -0.0174525450,  -0.9998476500
                  </Orientation>
                  <Position type="Vector">0.59467, 400, -371.93475</Position>
               </HpDockPointC01>
               <HpDockPointC02>
                  <Orientation type="Matrix">
                      -1.0000000000, -87.414584e-09,  1.5258395e-09,
                     -87.427900e-09,   0.9998477100,  -0.0174525450,
                     -55.511151e-18,  -0.0174525450,  -0.9998476500
                  </Orientation>
                  <Position type="Vector">0.59460402, 400, -472.29587</Position>
               </HpDockPointC02>
               <HpDockPointD01>
                  <Orientation type="Matrix">
                       1.0000000000,   0.0000000000,   0.0000000000,
                       0.0000000000,   1.0000000000,   0.0000000000,
                       0.0000000000,   0.0000000000,   1.0000000000
                  </Orientation>
                  <Position type="Vector">0.595258, 400, 411.52896</Position>
               </HpDockPointD01>
               <HpDockPointD02>
                  <Orientation type="Matrix">
                       1.0000000000,   0.0000000000,   0.0000000000,
                       0.0000000000,   1.0000000000,   0.0000000000,
                       0.0000000000,   0.0000000000,   1.0000000000
                  </Orientation>
                  <Position type="Vector">0.59533399, 400, 511.89008</Position>
               </HpDockPointD02>
               <HpLaunchCamA>
                  <Orientation type="Matrix">
                      -0.9999930300,  -0.0037222728,  381.83286e-06,
                      -0.0034157634,   0.9497542400,   0.3129779400,
                      -0.0015276368,   0.3129744500,  -0.9497603200
                  </Orientation>
                  <Position type="Vector">0.031630851, 5.6057596, 58.573555</Position>
               </HpLaunchCamA>
               <HpLaunchCamB>
                  <Orientation type="Matrix">
                       0.9999930300,   0.0037222677, -381.90474e-06,
                      -0.0034157357,   0.9497542400,   0.3129780000,
                       0.0015277036,  -0.3129744800,   0.9497603200
                  </Orientation>
                  <Position type="Vector">-0.067579716, 5.6057529, -59.880291</Position>
               </HpLaunchCamB>
               <HpRunningLight01>
                  <Orientation type="Matrix">
                      -1.0000000000, -37.816481e-09, -277.74499e-09,
                     -37.816509e-09,   1.0000000000,  105.32138e-09,
                      277.74499e-09,  105.32139e-09,  -1.0000000000
                  </Orientation>
                  <Position type="Vector">23.179277, -0.093269438, 106.95525</Position>
               </HpRunningLight01>
               <HpRunningLight02>
                  <Orientation type="Matrix">
                      -1.0000000000, -37.816481e-09, -277.74499e-09,
                     -37.816509e-09,   1.0000000000,  105.32138e-09,
                      277.74499e-09,  105.32139e-09,  -1.0000000000
                  </Orientation>
                  <Position type="Vector">-22.873098, -0.091236442, 106.95518</Position>
               </HpRunningLight02>
               <HpRunningLight03>
                  <Orientation type="Matrix">
                       0.9238796200,  506.67198e-12,  -0.3826832500,
                      -0.3826832500, -656.53660e-09,  -0.9238796200,
                     -251.71366e-09,   1.0000000000, -606.36688e-09
                  </Orientation>
                  <Position type="Vector">67.738701, 27.882412, -0.017318942</Position>
               </HpRunningLight03>
               <HpRunningLight04>
                  <Orientation type="Matrix">
                       0.9238795000, -169.43507e-09,   0.3826835200,
                       0.3826835200, -751.08704e-09,  -0.9238795000,
                      443.96620e-09,   1.0000000000, -629.07390e-09
                  </Orientation>
                  <Position type="Vector">-67.272049, 27.882351, -0.017310066</Position>
               </HpRunningLight04>
               <HpRunningLight05>
                  <Orientation type="Matrix">
                       1.0000000000,  76.825870e-09,  281.80881e-09,
                     -76.825863e-09,   1.0000000000, -20.846555e-09,
                     -281.80881e-09,  20.846533e-09,   1.0000000000
                  </Orientation>
                  <Position type="Vector">-22.807505, -0.093270324, -107.0916</Position>
               </HpRunningLight05>
               <HpRunningLight06>
                  <Orientation type="Matrix">
                       1.0000000000,  76.825870e-09,  281.80881e-09,
                     -76.825863e-09,   1.0000000000, -20.846555e-09,
                     -281.80881e-09,  20.846533e-09,   1.0000000000
                  </Orientation>
                  <Position type="Vector">23.244864, -0.091248296, -107.09154</Position>
               </HpRunningLight06>
               <HpRunningLight07>
                  <Orientation type="Matrix">
                      -0.9238796200,  24.059291e-09,   0.3826832200,
                       0.3826832200,  691.10359e-09,   0.9238796200,
                     -242.24585e-09,   1.0000000000, -647.70359e-09
                  </Orientation>
                  <Position type="Vector">-67.377144, -28.042467, -0.017304761</Position>
               </HpRunningLight07>
               <HpRunningLight08>
                  <Orientation type="Matrix">
                      -0.9238795000,  226.65212e-09,  -0.3826834900,
                      -0.3826834900,  578.11127e-09,   0.9238795000,
                      430.63289e-09,   1.0000000000, -447.36913e-09
                  </Orientation>
                  <Position type="Vector">67.633614, -28.042391, -0.017314501</Position>
               </HpRunningLight08>
               <HpRunningLight09>
                  <Orientation type="Matrix">
                       1.0000000000,  321.57840e-09, -244.91496e-09,
                     -244.91499e-09,  52.245792e-09,  -1.0000000000,
                     -321.57840e-09,   1.0000000000,  52.245870e-09
                  </Orientation>
                  <Position type="Vector">0.079231374, 239.69666, 7.9546866</Position>
               </HpRunningLight09>
               <HpFX01>
                  <Orientation type="Matrix">
                       1.0000000000,   0.0000000000,   0.0000000000,
                       0.0000000000,   1.0000000000,   0.0000000000,
                       0.0000000000,   0.0000000000,   1.0000000000
                  </Orientation>
                  <Position type="Vector">0, 0, 0</Position>
               </HpFX01>
               <HpLaunchCamC>
                  <Orientation type="Matrix">
                       0.0174524190,   0.0000000000,  -0.9998477100,
                       0.0000000000,   1.0000000000,   0.0000000000,
                       0.9998477100,   0.0000000000,   0.0174524190
                  </Orientation>
                  <Position type="Vector">-1200, 200, 0</Position>
               </HpLaunchCamC>
               <HpLaunchCamD>
                  <Orientation type="Matrix">
                       0.0174524190,   0.0000000000,   0.9998477100,
                      -0.0000000000,   1.0000000000,   0.0000000000,
                      -0.9998477100,  -0.0000000000,   0.0174524190
                  </Orientation>
                  <Position type="Vector">1200, 200, 0</Position>
               </HpLaunchCamD>
            </Fixed>
            <Revolute>
               <HpMount01>
                  <Axis type="Vector">0, 1, 0</Axis>
                  <Max type="float">3.1415799</Max>
                  <Min type="float">3.1415799</Min>
                  <Orientation type="Matrix">
                      94.194561e-09,  -1.0000000000, -41.716266e-09,
                     -300.04881e-09, -41.716294e-09,   1.0000000000,
                      -1.0000000000, -94.194547e-09, -300.04881e-09
                  </Orientation>
                  <Position type="Vector">-75.929024, 0.27268919, -0.08694943</Position>
               </HpMount01>
               <HpMount02>
                  <Axis type="Vector">0, 1, 0</Axis>
                  <Max type="float">3.1415799</Max>
                  <Min type="float">3.1415799</Min>
                  <Orientation type="Matrix">
                      123.03752e-09,  38.436898e-09,  -1.0000000000,
                     -336.20563e-09,  -1.0000000000, -38.436941e-09,
                      -1.0000000000,  336.20563e-09, -123.03751e-09
                  </Orientation>
                  <Position type="Vector">0.30986187, -42.532375, -0.086925663</Position>
               </HpMount02>
               <HpMount03>
                  <Axis type="Vector">0, 1, 0</Axis>
                  <Max type="float">3.1415799</Max>
                  <Min type="float">3.1415799</Min>
                  <Orientation type="Matrix">
                     -98.025126e-09,   1.0000000000,  186.98474e-09,
                     -357.91834e-09, -186.98476e-09,   1.0000000000,
                       1.0000000000,  98.025062e-09,  357.91837e-09
                  </Orientation>
                  <Position type="Vector">76.131866, 0.2726742, -0.086893968</Position>
               </HpMount03>
               <HpMount04>
                  <Axis type="Vector">0, 1, 0</Axis>
                  <Max type="float">3.1415799</Max>
                  <Min type="float">3.1415799</Min>
                  <Orientation type="Matrix">
                      26.757585e-09,   1.0000000000,  10.579831e-09,
                      234.13969e-09, -10.579837e-09,   1.0000000000,
                       1.0000000000, -26.757583e-09, -234.13969e-09
                  </Orientation>
                  <Position type="Vector">-75.929024, 0.27268919, -0.086949497</Position>
               </HpMount04>
               <HpMount05>
                  <Axis type="Vector">0, 1, 0</Axis>
                  <Max type="float">3.1415799</Max>
                  <Min type="float">3.1415799</Min>
                  <Orientation type="Matrix">
                     -55.525266e-09, -51.892091e-09,  -1.0000000000,
                      423.46466e-09,   1.0000000000, -51.892115e-09,
                       1.0000000000, -423.46466e-09, -55.525245e-09
                  </Orientation>
                  <Position type="Vector">0.30986187, -42.532375, -0.0869257</Position>
               </HpMount05>
               <HpMount06>
                  <Axis type="Vector">0, 1, 0</Axis>
                  <Max type="float">3.1415799</Max>
                  <Min type="float">3.1415799</Min>
                  <Orientation type="Matrix">
                      5.7892060e-09,  -1.0000000000,  135.11176e-09,
                      414.25014e-09,  135.11176e-09,   1.0000000000,
                      -1.0000000000, -5.7891500e-09,  414.25014e-09
                  </Orientation>
                  <Position type="Vector">76.131866, 0.2726742, -0.086894341</Position>
               </HpMount06>
               <HpTurret_S1_01>
                  <Axis type="Vector">0, 1, 0</Axis>
                  <Max type="float">2.35618</Max>
                  <Min type="float">-2.3562</Min>
                  <Orientation type="Matrix">
                       1.0000000000, -156.01033e-09,  731.70162e-09,
                     -38.684863e-09,   0.9659255100,   0.2588202700,
                     -747.14791e-09,  -0.2588202700,   0.9659255100
                  </Orientation>
                  <Position type="Vector">0.59486967, 29.218163, -76.80645</Position>
               </HpTurret_S1_01>
               <HpTurret_S1_02>
                  <Axis type="Vector">0, 1, 0</Axis>
                  <Max type="float">2.35618</Max>
                  <Min type="float">-2.3562</Min>
                  <Orientation type="Matrix">
                      -1.0000000000,  177.22957e-09, -843.89285e-09,
                     -47.224951e-09,   0.9659258100,   0.2588190700,
                      861.00829e-09,   0.2588190700,  -0.9659258100
                  </Orientation>
                  <Position type="Vector">0.5949837, 29.218344, 76.782066</Position>
               </HpTurret_S1_02>
               <HpTurret_S1_03>
                  <Axis type="Vector">0, 1, 0</Axis>
                  <Max type="float">6.2831855</Max>
                  <Min type="float">-6.2831855</Min>
                  <Orientation type="Matrix">
                      -1.0000000000,  217.87343e-09, -554.22441e-09,
                     -67.005061e-09,  -0.9659255100,  -0.2588201800,
                     -591.72953e-09,  -0.2588201800,   0.9659255100
                  </Orientation>
                  <Position type="Vector">0.59497082, -29.024851, -76.80645</Position>
               </HpTurret_S1_03>
               <HpTurret_S1_04>
                  <Axis type="Vector">0, 1, 0</Axis>
                  <Max type="float">6.2831855</Max>
                  <Min type="float">-6.2831855</Min>
