<?xml version="1.0" encoding="ISO-8859-1"?>
<!-- XML generated by UTFXML Version 2.2 built 19-Aug-2010 -->
<UTFXML filename="transport_large.cmp" path="SHIPS\UTILITY\TRANSPORT_LARGE">
   <UTF_ROOT>
      <VMeshLibrary>
         <data.ships.utility.transport_large.transport_large.lod0-112.vms include="transport_large_cmp\lod0-112.vms.xml"/>
         <data.ships.utility.transport_large.transport_large.lod0-212.vms include="transport_large_cmp\lod0-212.vms.xml"/>
         <data.ships.utility.transport_large.transport_large.lod1-112.vms include="transport_large_cmp\lod1-112.vms.xml"/>
         <data.ships.utility.transport_large.transport_large.lod1-212.vms include="transport_large_cmp\lod1-212.vms.xml"/>
         <data.ships.utility.transport_large.transport_large.lod2-112.vms include="transport_large_cmp\lod2-112.vms.xml"/>
         <data.ships.utility.transport_large.transport_large.lod2-212.vms include="transport_large_cmp\lod2-212.vms.xml"/>
      </VMeshLibrary>
      <Cmpnd>
         <Cons>
            <Fix type="Fix" count="7">
               <part>
                  <!-- parent      --> "Root",
                  <!-- child       --> "trans_frnt_lod1",
                  <!-- position    --> -10.114514e-6, -1.8037556, -70.230217,
                  <!-- orientation -->   1.0000000000,  5.6818585e-09,  43.370015e-09,
                                       -5.6818585e-09,   1.0000000000, -311.77674e-12,
                                       -43.370015e-09,  311.77649e-12,   1.0000000000
               </part>
               <part>
                  <!-- parent      --> "trans_frnt_lod1",
                  <!-- child       --> "trans_star_eng_lod1",
                  <!-- position    --> 9.5539885, -3.4776781, 0.18915598,
                  <!-- orientation -->   1.0000000000,  1.5218309e-15, -17.666434e-18,
                                       -1.5218309e-15,   1.0000000000,  2.7091282e-15,
                                        17.666434e-18, -2.7091282e-15,   1.0000000000
               </part>
               <part>
                  <!-- parent      --> "trans_frnt_lod1",
                  <!-- child       --> "trans_cntrl_twr_lod1",
                  <!-- position    --> -1.7380399e-6, 6.0151014, -2.2496941,
                  <!-- orientation -->   1.0000000000, -59.604645e-09,  44.703476e-09,
                                        59.604645e-09,   1.0000000000,  7.1279550e-15,
                                       -44.703476e-09, -4.4634202e-15,   1.0000000000
               </part>
               <part>
                  <!-- parent      --> "trans_frnt_lod1",
                  <!-- child       --> "trans_port_eng_lod1",
                  <!-- position    --> -9.5539913, -3.4776745, 0.18916985,
                  <!-- orientation -->   1.0000000000,  8.6272584e-15, -17.666434e-18,
                                       -8.6272584e-15,   1.0000000000,  2.7091282e-15,
                                        17.666434e-18, -2.7091282e-15,   1.0000000000
               </part>
               <part>
                  <!-- parent      --> "Root",
                  <!-- child       --> "trans_rear_lod1",
                  <!-- position    --> -9.283146e-6, -2.7999136, 70.666855,
                  <!-- orientation -->   1.0000000000,  26.434524e-09,  37.336214e-09,
                                       -26.434524e-09,   1.0000000000,  736.93496e-12,
                                       -37.336214e-09, -736.93596e-12,   1.0000000000
               </part>
               <part>
                  <!-- parent      --> "trans_rear_lod1",
                  <!-- child       --> "trans_eng_lod1",
                  <!-- position    --> -5.6148319e-6, -3.6690295, 12.021362,
                  <!-- orientation -->   1.0000000000,  4.4333285e-15, -2.4238960e-15,
                                       -4.4333285e-15,   1.0000000000, -2.6407995e-15,
                                        2.4238960e-15,  2.6407995e-15,   1.0000000000
               </part>
               <part>
                  <!-- parent      --> "trans_rear_lod1",
                  <!-- child       --> "trans_tail_fin_lod1",
                  <!-- position    --> 0.013934938, -21.598816, 17.193113,
                  <!-- orientation -->   1.0000000000,  59.604645e-09, -44.703487e-09,
                                       -59.604645e-09,   1.0000000000, -7.9873420e-15,
                                        44.703487e-09,  10.651877e-15,   1.0000000000
               </part>
            </Fix>
         </Cons>
         <Part_trans_cntrl_twr_lod1>
            <File_name name="File name" type="text">trans_cntrl_twr_lod1020926170242.3db</File_name>
            <Index type="int">3</Index>
            <Object_name name="Object name" type="text">trans_cntrl_twr_lod1</Object_name>
         </Part_trans_cntrl_twr_lod1>
         <Part_trans_eng_lod1>
            <File_name name="File name" type="text">trans_eng_lod1020926170242.3db</File_name>
            <Index type="int">6</Index>
            <Object_name name="Object name" type="text">trans_eng_lod1</Object_name>
         </Part_trans_eng_lod1>
         <Part_trans_frnt_lod1>
            <File_name name="File name" type="text">trans_frnt_lod1020926170242.3db</File_name>
            <Index type="int">1</Index>
            <Object_name name="Object name" type="text">trans_frnt_lod1</Object_name>
         </Part_trans_frnt_lod1>
         <Part_trans_port_eng_lod1>
            <File_name name="File name" type="text">trans_port_eng_lod1020926170242.3db</File_name>
            <Index type="int">4</Index>
            <Object_name name="Object name" type="text">trans_port_eng_lod1</Object_name>
         </Part_trans_port_eng_lod1>
         <Part_trans_rear_lod1>
            <File_name name="File name" type="text">trans_rear_lod1020926170242.3db</File_name>
            <Index type="int">5</Index>
            <Object_name name="Object name" type="text">trans_rear_lod1</Object_name>
         </Part_trans_rear_lod1>
         <Part_trans_star_eng_lod1>
            <File_name name="File name" type="text">trans_star_eng_lod1020926170242.3db</File_name>
            <Index type="int">2</Index>
            <Object_name name="Object name" type="text">trans_star_eng_lod1</Object_name>
         </Part_trans_star_eng_lod1>
         <Part_trans_tail_fin_lod1>
            <File_name name="File name" type="text">trans_tail_fin_lod1020926170242.3db</File_name>
            <Index type="int">7</Index>
            <Object_name name="Object name" type="text">trans_tail_fin_lod1</Object_name>
         </Part_trans_tail_fin_lod1>
         <Root>
            <File_name name="File name" type="text">trans_lod1020926170242.3db</File_name>
            <Index type="int">0</Index>
            <Object_name name="Object name" type="text">Root</Object_name>
         </Root>
      </Cmpnd>
      <Exporter_Version name="Exporter Version" type="text">Aug 24 2002 12:33:14</Exporter_Version>
      <trans_cntrl_twr_lod1020926170242.3db>
         <VMeshWire include="transport_large_cmp\trans_cntrl_twr_lod1.vwd.xml"/>
         <MultiLevel>
            <Level0>
               <VMeshPart>
                  <VMeshRef type="VMeshRef">
                     <!-- header size  --> 60,
                     <!-- vmesh lib    --> data.ships.utility.transport_large.transport_large.lod0-212.vms,
                     <!-- start vert   --> 3986,
                     <!-- num verts    --> 229,
                     <!-- start index  --> 6468,
                     <!-- num indices  --> 384,
                     <!-- start mesh   --> 17,
                     <!-- num meshes   --> 4,
                     <!-- bounding box -->  8.5961866,   3.5535595,   6.2721934,
                                           -8.5961876,  -3.5535595,  -6.2721944,
                     <!-- center       -->  0.34849015, -0.77044952,  0.26950762,
                     <!-- radius       --> 11.123734
                  </VMeshRef>
               </VMeshPart>
            </Level0>
            <Level1>
               <VMeshPart>
                  <VMeshRef type="VMeshRef">
                     <!-- header size  --> 60,
                     <!-- vmesh lib    --> data.ships.utility.transport_large.transport_large.lod1-212.vms,
                     <!-- start vert   --> 1705,
                     <!-- num verts    --> 107,
                     <!-- start index  --> 3021,
                     <!-- num indices  --> 216,
                     <!-- start mesh   --> 13,
                     <!-- num meshes   --> 4,
                     <!-- bounding box -->  8.5961866,   3.5535595,   6.2721934,
                                           -8.5961876,  -3.5535595,  -6.2721944,
                     <!-- center       -->  0.34849015, -0.77044952,  0.26950762,
                     <!-- radius       --> 11.123734
                  </VMeshRef>
               </VMeshPart>
            </Level1>
            <Level2>
               <VMeshPart>
                  <VMeshRef type="VMeshRef">
                     <!-- header size  --> 60,
                     <!-- vmesh lib    --> data.ships.utility.transport_large.transport_large.lod2-212.vms,
                     <!-- start vert   --> 895,
                     <!-- num verts    --> 73,
                     <!-- start index  --> 1227,
                     <!-- num indices  --> 132,
                     <!-- start mesh   --> 4,
                     <!-- num meshes   --> 1,
                     <!-- bounding box -->  8.5961866,   3.5535595,   6.2721934,
                                           -8.5961876,  -3.5535595,  -6.2721944,
                     <!-- center       -->  0.34849015, -0.77044952,  0.26950762,
                     <!-- radius       --> 11.123734
                  </VMeshRef>
               </VMeshPart>
            </Level2>
            <Switch2 type="float array" count="4">
               0,
               100,
               1000,
               1000000
            </Switch2>
         </MultiLevel>
      </trans_cntrl_twr_lod1020926170242.3db>
      <trans_eng_lod1020926170242.3db>
         <Hardpoints>
            <Fixed>
               <HpEngine01>
                  <Orientation type="Matrix">
                       1.0000000000,  59.604645e-09,  130.14206e-09,
                     -59.604645e-09,   1.0000000000, -36.183022e-15,
                     -130.14206e-09,  28.425951e-15,   1.0000000000
                  </Orientation>
                  <Position type="Vector">-2.2032536e-6, 3.7645345, -3.7982292</Position>
               </HpEngine01>
               <HpEngine02>
                  <Orientation type="Matrix">
                       1.0000000000,  59.604645e-09,  130.14206e-09,
                     -59.604645e-09,   1.0000000000, -36.183022e-15,
                     -130.14206e-09,  28.425951e-15,   1.0000000000
                  </Orientation>
                  <Position type="Vector">-8.7090588, -2.0510907, 1.2628046</Position>
               </HpEngine02>
               <HpEngine03>
                  <Orientation type="Matrix">
                       1.0000000000,  59.604645e-09,  130.14206e-09,
                     -59.604645e-09,   1.0000000000, -36.183022e-15,
                     -130.14206e-09,  28.425951e-15,   1.0000000000
                  </Orientation>
                  <Position type="Vector">8.5177202, -2.0510955, 1.2627982</Position>
               </HpEngine03>
               <HpRunningLight06>
                  <Orientation type="Matrix">
                       1.0000000000, -87.422791e-09,  134.11045e-09,
                     -87.422777e-09,  -1.0000000000, -87.422769e-09,
                      134.11046e-09,  87.422755e-09,  -1.0000000000
                  </Orientation>
                  <Position type="Vector">-5.6379414, -2.1466691, 8.2298765</Position>
               </HpRunningLight06>
               <HpRunningLight07>
                  <Orientation type="Matrix">
                       1.0000000000, -87.422791e-09,  134.11045e-09,
                     -87.422777e-09,  -1.0000000000, -87.422769e-09,
                      134.11046e-09,  87.422755e-09,  -1.0000000000
                  </Orientation>
                  <Position type="Vector">5.7098823, -2.146673, 8.2298698</Position>
               </HpRunningLight07>
            </Fixed>
         </Hardpoints>
         <VMeshWire include="transport_large_cmp\trans_eng_lod1.vwd.xml"/>
         <MultiLevel>
            <Level0>
               <VMeshPart>
                  <VMeshRef type="VMeshRef">
                     <!-- header size  --> 60,
                     <!-- vmesh lib    --> data.ships.utility.transport_large.transport_large.lod0-212.vms,
                     <!-- start vert   --> 3770,
                     <!-- num verts    --> 216,
                     <!-- start index  --> 6150,
                     <!-- num indices  --> 318,
                     <!-- start mesh   --> 13,
                     <!-- num meshes   --> 4,
                     <!-- bounding box -->  12.263815,   6.3394809,   7.9389157,
                                           -12.263815,  -6.3394809,  -9.6835041,
                     <!-- center       -->   0.1271635, -0.52676314, -0.73719573,
                     <!-- radius       --> 13.737077
                  </VMeshRef>
               </VMeshPart>
            </Level0>
            <Level1>
               <VMeshPart>
                  <VMeshRef type="VMeshRef">
                     <!-- header size  --> 60,
                     <!-- vmesh lib    --> data.ships.utility.transport_large.transport_large.lod1-212.vms,
                     <!-- start vert   --> 1627,
                     <!-- num verts    --> 78,
                     <!-- start index  --> 2919,
                     <!-- num indices  --> 102,
                     <!-- start mesh   --> 11,
                     <!-- num meshes   --> 2,
                     <!-- bounding box -->  12.263815,   6.3394809,   7.9389157,
                                           -12.263815,  -6.3394809,  -9.6835041,
                     <!-- center       -->   0.1271635, -0.52676314, -0.73719573,
                     <!-- radius       --> 13.737077
                  </VMeshRef>
               </VMeshPart>
            </Level1>
            <Level2>
               <VMeshPart>
                  <VMeshRef type="VMeshRef">
                     <!-- header size  --> 60,
                     <!-- vmesh lib    --> data.ships.utility.transport_large.transport_large.lod2-212.vms,
                     <!-- start vert   --> 825,
                     <!-- num verts    --> 70,
                     <!-- start index  --> 1131,
                     <!-- num indices  --> 96,
                     <!-- start mesh   --> 3,
                     <!-- num meshes   --> 1,
                     <!-- bounding box -->  12.263815,   6.3394809,   7.9389157,
                                           -12.263815,  -6.3394809,  -9.6835041,
                     <!-- center       -->   0.1271635, -0.52676314, -0.73719573,
                     <!-- radius       --> 13.737077
                  </VMeshRef>
               </VMeshPart>
            </Level2>
            <Switch2 type="float array" count="4">
               0,
               100,
               1000,
               1000000
            </Switch2>
         </MultiLevel>
      </trans_eng_lod1020926170242.3db>
      <trans_frnt_lod1020926170242.3db>
         <Hardpoints>
            <Fixed>
               <DpCntrl_twr>
                  <Orientation type="Matrix">
                       1.0000000000, -15.217429e-09, -186.19842e-09,
                      15.217411e-09,   1.0000000000, -92.705051e-09,
                      186.19842e-09,  92.705051e-09,   1.0000000000
                  </Orientation>
                  <Position type="Vector">-0.21205698, 2.4820948, -1.9714123</Position>
               </DpCntrl_twr>
               <DpFrnt>
                  <Orientation type="Matrix">
                       1.0000000000, -88.758320e-09, -140.50454e-09,
                     -140.50455e-09, -115.15075e-09,  -1.0000000000,
                      88.758306e-09,   1.0000000000, -115.15076e-09
                  </Orientation>
                  <Position type="Vector">-0.21206005, 6.3701982, 18.677124</Position>
               </DpFrnt>
               <DpPort_eng>
                  <Orientation type="Matrix">
                       0.4848093700,  -0.8746198400,  98.558573e-09,
                      -0.8746198400,  -0.4848093700,  145.78742e-09,
                     -79.726455e-09, -156.88039e-09,  -1.0000000000
                  </Orientation>
                  <Position type="Vector">-6.6233935, -2.322593, 0.16754086</Position>
               </DpPort_eng>
               <DpStar_eng>
                  <Orientation type="Matrix">
                      -0.4848094000,   0.8746198400, -186.24647e-09,
                      -0.8746198400,  -0.4848094000, -92.617981e-09,
                     -171.29956e-09,  117.99279e-09,   1.0000000000
                  </Orientation>
                  <Position type="Vector">6.6156292, -2.3225937, 0.16754183</Position>
               </DpStar_eng>
               <HpFx01>
                  <Orientation type="Matrix">
                       1.0000000000, -143.83441e-09, -222.72587e-09,
                      143.83438e-09,   1.0000000000, -109.43201e-09,
                      222.72589e-09,  109.43197e-09,   1.0000000000
                  </Orientation>
                  <Position type="Vector">2.4148396e-6, 6.2720342, -15.152404</Position>
               </HpFx01>
               <HpFx02>
                  <Orientation type="Matrix">
                       1.0000000000, -143.83441e-09, -222.72587e-09,
                      143.83438e-09,   1.0000000000, -109.43201e-09,
                      222.72589e-09,  109.43197e-09,   1.0000000000
                  </Orientation>
                  <Position type="Vector">-1.4662551e-6, 9.9345264, -0.092177056</Position>
               </HpFx02>
               <HpFx03>
                  <Orientation type="Matrix">
                       1.0000000000, -143.83441e-09, -222.72587e-09,
                      143.83438e-09,   1.0000000000, -109.43201e-09,
                      222.72589e-09,  109.43197e-09,   1.0000000000
                  </Orientation>
                  <Position type="Vector">136.5165e-9, -6.0125599, 3.0101466</Position>
               </HpFx03>
               <HpFx04>
                  <Orientation type="Matrix">
                       1.0000000000, -143.83441e-09, -222.72587e-09,
                      143.83438e-09,   1.0000000000, -109.43201e-09,
                      222.72589e-09,  109.43197e-09,   1.0000000000
                  </Orientation>
                  <Position type="Vector">-4.9204418e-6, 8.6911564, 16.219469</Position>
               </HpFx04>
               <HpHeadlight01>
                  <Orientation type="Matrix">
                       1.0000000000,  8.6272584e-15, -17.666434e-18,
                     -8.6272584e-15,   1.0000000000,  2.7091282e-15,
                      17.666434e-18, -2.7091282e-15,   1.0000000000
                  </Orientation>
                  <Position type="Vector">-2.9067807, 1.0577193, -19.166954</Position>
               </HpHeadlight01>
               <HpHeadlight02>
                  <Orientation type="Matrix">
                       1.0000000000,  1.5218309e-15, -17.666434e-18,
                     -1.5218309e-15,   1.0000000000,  2.7091282e-15,
                      17.666434e-18, -2.7091282e-15,   1.0000000000
                  </Orientation>
                  <Position type="Vector">2.8625734, 1.0577154, -19.166962</Position>
               </HpHeadlight02>
               <HpTractor_Source>
                  <Orientation type="Matrix">
                       1.0000000000,  1.5218309e-15, -17.666434e-18,
                     -1.5218309e-15,   1.0000000000,  2.7091282e-15,
                      17.666434e-18, -2.7091282e-15,   1.0000000000
                  </Orientation>
                  <Position type="Vector">2.8625734, 1.0577154, -19.166962</Position>
               </HpTractor_Source>
               <HpWeldship06>
                  <Orientation type="Matrix">
                       0.6474296500,   0.5751392800,  -0.5000495900,
                      -0.1528207200,   0.7407696800,   0.6541453000,
                       0.7466462900,  -0.3470951300,   0.5674894500
                  </Orientation>
                  <Position type="Vector">-5.9721279, 7.2255044, -2.8446116</Position>
               </HpWeldship06>
               <HpWeldship07>
                  <Orientation type="Matrix">
                       0.6474702400,  -0.5261700700,   0.5512960600,
                      -0.6129784600,   0.0702585650,   0.7869696000,
                      -0.4528131200,  -0.8474720100,  -0.2770405700
                  </Orientation>
                  <Position type="Vector">3.2347937, 6.0430341, -10.977599</Position>
               </HpWeldship07>
               <HpWeldship09>
                  <Orientation type="Matrix">
                      -0.7794119100,   0.3445563300,  -0.5232571400,
                       0.3673352000,  -0.4252500200,  -0.8271803300,
                      -0.5075253200,  -0.8369249700,   0.2048772400
                  </Orientation>
                  <Position type="Vector">-4.902132, -0.33687618, -11.853119</Position>
               </HpWeldship09>
            </Fixed>
            <Revolute>
               <HpTurret_U3_01>
                  <Axis type="Vector">0, 1, 0</Axis>
                  <Max type="float">3.1066699</Max>
                  <Min type="float">-3.1066899</Min>
                  <Orientation type="Matrix">
                      -1.0000000000, -72.485406e-09, -186.20304e-09,
                      72.485420e-09,  -1.0000000000, -92.685752e-09,
                     -186.20304e-09, -92.685767e-09,   1.0000000000
                  </Orientation>
                  <Position type="Vector">-0.2120572, -8.0622101, 0.11547767</Position>
               </HpTurret_U3_01>
            </Revolute>
         </Hardpoints>
         <VMeshWire include="transport_large_cmp\trans_frnt_lod1.vwd.xml"/>
         <MultiLevel>
            <Level0>
               <VMeshPart>
                  <VMeshRef type="VMeshRef">
                     <!-- header size  --> 60,
                     <!-- vmesh lib    --> data.ships.utility.transport_large.transport_large.lod0-212.vms,
                     <!-- start vert   --> 3415,
                     <!-- num verts    --> 355,
                     <!-- start index  --> 5592,
                     <!-- num indices  --> 558,
                     <!-- start mesh   --> 8,
                     <!-- num meshes   --> 5,
                     <!-- bounding box -->  8.9956951,   8.0123367,  18.977505,
                                           -8.9956942,  -8.0123367, -18.977505,
                     <!-- center       -->  0.17960361,  0.421747,    0.73903346,
                     <!-- radius       --> 20.171413
                  </VMeshRef>
               </VMeshPart>
            </Level0>
            <Level1>
               <VMeshPart>
                  <VMeshRef type="VMeshRef">
                     <!-- header size  --> 60,
                     <!-- vmesh lib    --> data.ships.utility.transport_large.transport_large.lod1-212.vms,
                     <!-- start vert   --> 1403,
                     <!-- num verts    --> 224,
                     <!-- start index  --> 2607,
                     <!-- num indices  --> 312,
                     <!-- start mesh   --> 6,
                     <!-- num meshes   --> 5,
                     <!-- bounding box -->  8.9956951,   8.0123367,  18.977505,
                                           -8.9956942,  -8.0123367, -18.977505,
                     <!-- center       -->  0.17960361,  0.421747,    0.73903346,
                     <!-- radius       --> 20.171413
                  </VMeshRef>
               </VMeshPart>
            </Level1>
            <Level2>
               <VMeshPart>
                  <VMeshRef type="VMeshRef">
                     <!-- header size  --> 60,
                     <!-- vmesh lib    --> data.ships.utility.transport_large.transport_large.lod2-212.vms,
                     <!-- start vert   --> 707,
                     <!-- num verts    --> 118,
                     <!-- start index  --> 975,
                     <!-- num indices  --> 156,
                     <!-- start mesh   --> 2,
                     <!-- num meshes   --> 1,
                     <!-- bounding box -->  8.9956951,   8.0123367,  18.977505,
                                           -8.9956942,  -8.0123367, -18.977505,
                     <!-- center       -->  0.17960361,  0.421747,    0.73903346,
                     <!-- radius       --> 20.171413
                  </VMeshRef>
               </VMeshPart>
            </Level2>
            <Switch2 type="float array" count="4">
               0,
               100,
               1000,
               1000000
            </Switch2>
         </MultiLevel>
      </trans_frnt_lod1020926170242.3db>
      <trans_lod1020926170242.3db>
         <Hardpoints>
            <Fixed>
               <HpBayDoor01>
                  <Orientation type="Matrix">
                      154.02948e-09,  18.080957e-09,   1.0000000000,
                      119.78562e-09,   1.0000000000, -18.080975e-09,
                      -1.0000000000,  119.78562e-09,  154.02948e-09
                  </Orientation>
                  <Position type="Vector">-14.368455e-6, -6.8142571, 33.757771</Position>
               </HpBayDoor01>
               <HpBayDoor02>
                  <Orientation type="Matrix">
                      154.02948e-09,  18.080957e-09,   1.0000000000,
                      119.78562e-09,   1.0000000000, -18.080975e-09,
                      -1.0000000000,  119.78562e-09,  154.02948e-09
                  </Orientation>
                  <Position type="Vector">-14.91557e-6, -13.002316, 33.757771</Position>
               </HpBayDoor02>
               <HpBayDoor03>
                  <Orientation type="Matrix">
                      164.25324e-09, -104.92918e-09,   1.0000000000,
                      114.34088e-09,   1.0000000000,  104.92916e-09,
                      -1.0000000000,  114.34086e-09,  164.25325e-09
                  </Orientation>
                  <Position type="Vector">-14.558081e-6, -6.8142576, -34.458477</Position>
               </HpBayDoor03>
               <HpBayDoor04>
                  <Orientation type="Matrix">
                      164.25324e-09, -104.92918e-09,   1.0000000000,
                      114.34088e-09,   1.0000000000,  104.92916e-09,
                      -1.0000000000,  114.34086e-09,  164.25325e-09
                  </Orientation>
                  <Position type="Vector">-15.105195e-6, -13.002316, -34.458477</Position>
               </HpBayDoor04>
               <HpCargo01>
                  <Orientation type="Matrix">
                       1.0000000000,  59.604659e-09, -44.703480e-09,
                     -59.604659e-09,   1.0000000000, -6.1238818e-15,
                      44.703480e-09,  8.7884174e-15,   1.0000000000
                  </Orientation>
                  <Position type="Vector">-15.409778e-6, 1.8055364, 49.303871</Position>
               </HpCargo01>
               <HpCargo02>
                  <Orientation type="Matrix">
                       1.0000000000,  59.604659e-09, -44.703480e-09,
                     -59.604659e-09,   1.0000000000, -6.1238818e-15,
                      44.703480e-09,  8.7884174e-15,   1.0000000000
                  </Orientation>
                  <Position type="Vector">-12.130869e-6, 1.8055419, 18.622604</Position>
               </HpCargo02>
               <HpCargo03>
                  <Orientation type="Matrix">
                       1.0000000000, -5.0014979e-09, -18.351061e-09,
                      5.0014992e-09,   1.0000000000,  64.155941e-09,
                      18.351061e-09, -64.155941e-09,   1.0000000000
                  </Orientation>
                  <Position type="Vector">-12.320495e-6, 1.8055419, -49.593647</Position>
               </HpCargo03>
               <HpCargo04>
                  <Orientation type="Matrix">
                       1.0000000000, -5.0014979e-09, -18.351061e-09,
                      5.0014992e-09,   1.0000000000,  64.155941e-09,
                      18.351061e-09, -64.155941e-09,   1.0000000000
                  </Orientation>
                  <Position type="Vector">-15.599404e-6, 1.8055363, -18.912376</Position>
               </HpCargo04>
               <HpDockMountC>
                  <Orientation type="Matrix">
                       0.7186297200,  -0.5589850500,  -0.4136509000,
                       0.6934027700,   0.6209822300,   0.3654773800,
                       0.0525734650,  -0.5494695900,   0.8338580700
                  </Orientation>
                  <Position type="Vector">-5.519002, 6.0067153, -0.074175909</Position>
               </HpDockMountC>
               <HpFx05>
                  <Orientation type="Matrix">
                       1.0000000000, -139.24051e-09, -168.74631e-09,
                      139.24050e-09,   1.0000000000, -110.57303e-09,
                      168.74633e-09,  110.57300e-09,   1.0000000000
                  </Orientation>
                  <Position type="Vector">-19.736863e-6, 6.5649185, -23.34947</Position>
               </HpFx05>
               <HpFx06>
                  <Orientation type="Matrix">
                       1.0000000000, -139.24051e-09, -168.74631e-09,
                      139.24050e-09,   1.0000000000, -110.57303e-09,
                      168.74633e-09,  110.57300e-09,   1.0000000000
                  </Orientation>
                  <Position type="Vector">-25.929803e-6, 6.8554606, 13.110497</Position>
               </HpFx06>
               <HpMount>
                  <Orientation type="Matrix">
                       1.0000000000,  16.774674e-09,  37.217710e-09,
                     -16.774674e-09,   1.0000000000, -123.02068e-12,
                     -37.217710e-09,  123.02005e-12,   1.0000000000
                  </Orientation>
                  <Position type="Vector">-16.38922e-6, 0.67876774, -93.634682</Position>
               </HpMount>
               <HpWeldship05>
                  <Orientation type="Matrix">
                      -0.5724127300,   0.0616326930,   0.8176460300,
                      -0.0767127800,   0.9887722100,  -0.1282365000,
                      -0.8163693000,  -0.1361281100,  -0.5612578400
                  </Orientation>
                  <Position type="Vector">3.9069793, 3.4284418, 25.975929</Position>
               </HpWeldship05>
               <HpWeldship08>
                  <Orientation type="Matrix">
                       0.6282775400,  -0.4230647100,  -0.6529039700,
                       0.1232523800,   0.8827474100,  -0.4533937600,
                       0.7681641600,   0.2043851500,   0.6067540600
                  </Orientation>
                  <Position type="Vector">-4.053864, 3.1265795, -57.814655</Position>
               </HpWeldship08>
               <HpWeldship10>
                  <Orientation type="Matrix">
                      -0.7139449100,  -0.4171757400,   0.5623585000,
                      -0.0148097400,   0.8119546800,   0.5835325700,
                      -0.7000452300,   0.4082816800,  -0.5858691900
                  </Orientation>
                  <Position type="Vector">-0.9173106, 6.4599948, -41.929493</Position>
               </HpWeldship10>
               <HpWeldship12>
                  <Orientation type="Matrix">
                       0.8045706700,   0.3857616200,  -0.4515020000,
                      -0.0832501050,   0.8260461100,   0.5574201900,
                       0.5879927900,  -0.4108963300,   0.6967271600
                  </Orientation>
                  <Position type="Vector">-2.2753437, 6.4549794, -40.478611</Position>
               </HpWeldship12>
            </Fixed>
            <Revolute>
               <HpTurret_U1_04>
                  <Axis type="Vector">0, 1, 0</Axis>
                  <Max type="float">3.0543098</Max>
                  <Min type="float">-3.0543299</Min>
                  <Orientation type="Matrix">
                       1.0000000000,  86.008228e-09, -7.3516704e-09,
                     -86.008228e-09,   1.0000000000,  1.0281965e-09,
                      7.3516704e-09, -1.0281959e-09,   1.0000000000
                  </Orientation>
                  <Position type="Vector">-0.0086793741, 6.2155867, 9.4071398</Position>
               </HpTurret_U1_04>
            </Revolute>
         </Hardpoints>
         <VMeshWire include="transport_large_cmp\trans_lod1.vwd.xml"/>
         <MultiLevel>
            <Level0>
               <VMeshPart>
                  <VMeshRef type="VMeshRef">
                     <!-- header size  --> 60,
                     <!-- vmesh lib    --> data.ships.utility.transport_large.transport_large.lod0-212.vms,
                     <!-- start vert   --> 299,
                     <!-- num verts    --> 3116,
                     <!-- start index  --> 498,
                     <!-- num indices  --> 5094,
                     <!-- start mesh   --> 5,
                     <!-- num meshes   --> 3,
                     <!-- bounding box -->  7.1833072,  7.1861529,    54.405857,
                                           -7.1832967, -7.1861448,   -54.383057,
                     <!-- center       -->  0.0379076, -0.027535817,   0.012451783,
                     <!-- radius       --> 54.781662
                  </VMeshRef>
               </VMeshPart>
            </Level0>
            <Level1>
               <VMeshPart>
                  <VMeshRef type="VMeshRef">
                     <!-- header size  --> 60,
                     <!-- vmesh lib    --> data.ships.utility.transport_large.transport_large.lod1-212.vms,
                     <!-- start vert   --> 166,
                     <!-- num verts    --> 1237,
                     <!-- start index  --> 282,
                     <!-- num indices  --> 2325,
                     <!-- start mesh   --> 3,
                     <!-- num meshes   --> 3,
                     <!-- bounding box -->  7.1833072,  7.1861529,    54.405857,
                                           -7.1832967, -7.1861448,   -54.383057,
                     <!-- center       -->  0.0379076, -0.027535817,   0.012451783,
                     <!-- radius       --> 54.781662
                  </VMeshRef>
               </VMeshPart>
            </Level1>
            <Level2>
               <VMeshPart>
                  <VMeshRef type="VMeshRef">
                     <!-- header size  --> 60,
                     <!-- vmesh lib    --> data.ships.utility.transport_large.transport_large.lod2-212.vms,
                     <!-- start vert   --> 107,
                     <!-- num verts    --> 600,
                     <!-- start index  --> 147,
                     <!-- num indices  --> 828,
                     <!-- start mesh   --> 1,
                     <!-- num meshes   --> 1,
                     <!-- bounding box -->  7.1833072,  7.1861529,    54.405857,
                                           -7.1832967, -7.1861448,   -54.383057,
                     <!-- center       -->  0.0379076, -0.027535817,   0.012451783,
                     <!-- radius       --> 54.781662
                  </VMeshRef>
               </VMeshPart>
            </Level2>
            <Switch2 type="float array" count="4">
               0,
               100,
               1000,
               1000000
            </Switch2>
         </MultiLevel>
      </trans_lod1020926170242.3db>
      <trans_port_eng_lod1020926170242.3db>
         <Hardpoints>
            <Fixed>
               <HpDocklight03>
                  <Orientation type="Matrix">
                      -0.8191520600,  9.8475317e-09,   0.5735763900,
                     -2.0839115e-09,   1.0000000000, -20.144782e-09,
                      -0.5735763900, -17.696923e-09,  -0.8191520600
                  </Orientation>
                  <Position type="Vector">-4.9537029, -5.441051, 3.1742382</Position>
               </HpDocklight03>
               <HpEngine05>
                  <Orientation type="Matrix">
                       1.0000000000,  1.5218330e-15,  174.84552e-09,
                     -1.5218391e-15,   1.0000000000,  34.833786e-15,
                     -174.84552e-09, -34.833786e-15,   1.0000000000
                  </Orientation>
                  <Position type="Vector">-0.51312196, -0.59706849, 1.731017</Position>
               </HpEngine05>
               <HpRunningLight11>
                  <Orientation type="Matrix">
                       1.0000000000,  1.5218314e-15, -17.666844e-18,
                     -1.5218314e-15,   1.0000000000,  9.8145564e-15,
                      17.666844e-18, -9.8145564e-15,   1.0000000000
                  </Orientation>
                  <Position type="Vector">-4.9537024, -5.441051, -3.2536564</Position>
               </HpRunningLight11>
            </Fixed>
            <Revolute>
               <HpTurret_U1_02>
                  <Axis type="Vector">0, 1, 0</Axis>
                  <Max type="float">6.2831855</Max>
                  <Min type="float">-6.2831855</Min>
                  <Orientation type="Matrix">
                     -49.172364e-09,  -1.0000000000, -7.1230939e-15,
                       1.0000000000, -49.172364e-09,  9.8145564e-15,
                     -9.8145564e-15, -7.1230931e-15,   1.0000000000
                  </Orientation>
                  <Position type="Vector">-5.0557981, -1.9435519, -0.38664404</Position>
               </HpTurret_U1_02>
            </Revolute>
         </Hardpoints>
         <VMeshWire include="transport_large_cmp\trans_port_eng_lod1.vwd.xml"/>
         <MultiLevel>
            <Level0>
               <VMeshPart>
                  <VMeshRef type="VMeshRef">
                     <!-- header size  --> 60,
                     <!-- vmesh lib    --> data.ships.utility.transport_large.transport_large.lod0-112.vms,
                     <!-- start vert   --> 122,
                     <!-- num verts    --> 122,
                     <!-- start index  --> 162,
                     <!-- num indices  --> 162,
                     <!-- start mesh   --> 2,
                     <!-- num meshes   --> 2,
                     <!-- bounding box -->  5.0561404,   5.2558417,  3.833328,
                                           -5.0561414,  -5.2558422, -3.8333409,
                     <!-- center       --> -0.71161789, -0.3767359,  0.31378666,
                     <!-- radius       --> 7.4244409
                  </VMeshRef>
               </VMeshPart>
            </Level0>
            <Level1>
               <VMeshPart>
                  <VMeshRef type="VMeshRef">
                     <!-- header size  --> 60,
                     <!-- vmesh lib    --> data.ships.utility.transport_large.transport_large.lod1-112.vms,
                     <!-- start vert   --> 70,
                     <!-- num verts    --> 70,
                     <!-- start index  --> 102,
                     <!-- num indices  --> 102,
                     <!-- start mesh   --> 2,
                     <!-- num meshes   --> 2,
                     <!-- bounding box -->  5.0561404,   5.2558417,  3.833328,
                                           -5.0561414,  -5.2558422, -3.8333409,
                     <!-- center       --> -0.71161789, -0.3767359,  0.31378666,
                     <!-- radius       --> 7.4244409
                  </VMeshRef>
               </VMeshPart>
            </Level1>
            <Level2>
               <VMeshPart>
