<?xml version="1.0" encoding="ISO-8859-1"?>
<!-- XML generated by UTFXML Version 2.2 built 19-Aug-2010 -->
<UTFXML filename="br_destroyer.cmp" path="SHIPS\BRETONIA\BR_DESTROYER">
   <UTF_ROOT>
      <VMeshLibrary>
         <data.ships.bretonia.br_destroyer.br_destroyer.lod0-112.vms include="br_destroyer_cmp\lod0-112.vms.xml"/>
         <data.ships.bretonia.br_destroyer.br_destroyer.lod1-112.vms include="br_destroyer_cmp\lod1-112.vms.xml"/>
         <data.ships.bretonia.br_destroyer.br_destroyer.lod2-112.vms include="br_destroyer_cmp\lod2-112.vms.xml"/>
      </VMeshLibrary>
      <Br_cntrl_twr_lod1020917152841.3db>
         <Hardpoints>
            <Fixed>
               <HpRunningLight02>
                  <Orientation type="Matrix">
                       1.0000000000,  698.22937e-09,  163.20499e-09,
                      163.20480e-09,  261.66796e-09,  -1.0000000000,
                     -698.22943e-09,   1.0000000000,  261.66785e-09
                  </Orientation>
                  <Position type="Vector">0.0020072812, 3.9481573, 3.5171957</Position>
               </HpRunningLight02>
               <HpCloak01>
                  <Orientation type="Matrix">
                       1.0000000000,   0.0000000000,   0.0000000000,
                       0.0000000000,   1.0000000000,   0.0000000000,
                       0.0000000000,   0.0000000000,   1.0000000000
                  </Orientation>
                  <Position type="Vector">0, -10, 30</Position>
               </HpCloak01>
               <HpNew01>
                  <Orientation type="Matrix">
                       1.0000000000,   0.0000000000,   0.0000000000,
                       0.0000000000,   1.0000000000,   0.0000000000,
                       0.0000000000,   0.0000000000,   1.0000000000
                  </Orientation>
                  <Position type="Vector">0, 0, 0</Position>
               </HpNew01>
               <HpNew02>
                  <Orientation type="Matrix">
                       1.0000000000,   0.0000000000,   0.0000000000,
                       0.0000000000,   1.0000000000,   0.0000000000,
                       0.0000000000,   0.0000000000,   1.0000000000
                  </Orientation>
                  <Position type="Vector">0, 0, 0</Position>
               </HpNew02>
               <HpNew03>
                  <Orientation type="Matrix">
                       1.0000000000,   0.0000000000,   0.0000000000,
                       0.0000000000,   1.0000000000,   0.0000000000,
                       0.0000000000,   0.0000000000,   1.0000000000
                  </Orientation>
                  <Position type="Vector">0, 0, 0</Position>
               </HpNew03>
            </Fixed>
         </Hardpoints>
         <VMeshWire include="br_destroyer_cmp\Br_cntrl_twr_lod1.vwd.xml"/>
         <MultiLevel>
            <Level0>
               <VMeshPart>
                  <VMeshRef type="VMeshRef">
                     <!-- header size  --> 60,
                     <!-- vmesh lib    --> data.ships.bretonia.br_destroyer.br_destroyer.lod0-112.vms,
                     <!-- start vert   --> 2399,
                     <!-- num verts    --> 340,
                     <!-- start index  --> 3492,
                     <!-- num indices  --> 378,
                     <!-- start mesh   --> 21,
                     <!-- num meshes   --> 5,
                     <!-- bounding box -->  8.4811554,   3.378195,    4.6722264,
                                           -8.4817038,  -3.378767,   -4.6715832,
                     <!-- center       -->  0.11541414, -0.11114132,  0.44881243,
                     <!-- radius       --> 9.7119131
                  </VMeshRef>
               </VMeshPart>
            </Level0>
            <Level1>
               <VMeshPart>
                  <VMeshRef type="VMeshRef">
                     <!-- header size  --> 60,
                     <!-- vmesh lib    --> data.ships.bretonia.br_destroyer.br_destroyer.lod1-112.vms,
                     <!-- start vert   --> 292,
                     <!-- num verts    --> 26,
                     <!-- start index  --> 624,
                     <!-- num indices  --> 45,
                     <!-- start mesh   --> 3,
                     <!-- num meshes   --> 1,
                     <!-- bounding box -->  8.4811554,   3.378195,    4.6722264,
                                           -8.4817038,  -3.378767,   -4.6715832,
                     <!-- center       -->  0.11541414, -0.11114132,  0.44881243,
                     <!-- radius       --> 9.7119131
                  </VMeshRef>
               </VMeshPart>
            </Level1>
            <Level2>
               <VMeshPart>
                  <VMeshRef type="VMeshRef">
                     <!-- header size  --> 60,
                     <!-- vmesh lib    --> data.ships.bretonia.br_destroyer.br_destroyer.lod2-112.vms,
                     <!-- start vert   --> 192,
                     <!-- num verts    --> 19,
                     <!-- start index  --> 294,
                     <!-- num indices  --> 33,
                     <!-- start mesh   --> 3,
                     <!-- num meshes   --> 1,
                     <!-- bounding box -->  8.4811554,   3.378195,    4.6722264,
                                           -8.4817038,  -3.378767,   -4.6715832,
                     <!-- center       -->  0.11541414, -0.11114132,  0.44881243,
                     <!-- radius       --> 9.7119131
                  </VMeshRef>
               </VMeshPart>
            </Level2>
            <Switch2 type="float array" count="4">
               0,
               100,
               1000,
               1000000
            </Switch2>
         </MultiLevel>
      </Br_cntrl_twr_lod1020917152841.3db>
      <Br_frnt_bdy_lod1020917152841.3db>
         <Hardpoints>
            <Fixed>
               <DpFrnt_bdy_top>
                  <Orientation type="Matrix">
                      236.29941e-09,  136.86603e-09,  -1.0000000000,
                     -53.831521e-09,   1.0000000000,  136.86602e-09,
                       1.0000000000,  53.831489e-09,  236.29943e-09
                  </Orientation>
                  <Position type="Vector">-1.081357, 17.455189, 1.7862815</Position>
               </DpFrnt_bdy_top>
               <DpWpn_platform>
                  <Orientation type="Matrix">
                      210.29088e-09,  57.711699e-09,  -1.0000000000,
                     -74.660257e-09,   1.0000000000,  57.711684e-09,
                       1.0000000000,  74.660242e-09,  210.29088e-09
                  </Orientation>
                  <Position type="Vector">24.699526, -14.807692, -7.9256854</Position>
               </DpWpn_platform>
               <HpRunningLight03>
                  <Orientation type="Matrix">
                     -765.88748e-09,  472.43969e-09,   1.0000000000,
                      -1.0000000000,  23.695311e-09, -765.88748e-09,
                     -23.695673e-09,  -1.0000000000,  472.43967e-09
                  </Orientation>
                  <Position type="Vector">-33.85746, -17.424885, -7.2569504</Position>
               </HpRunningLight03>
               <HpRunningLight14>
                  <Orientation type="Matrix">
                      1.1239573e-06,  93.318278e-09,  -1.0000000000,
                       1.0000000000,  86.527983e-09,  1.1239573e-06,
                      86.528090e-09,  -1.0000000000, -93.318178e-09
                  </Orientation>
                  <Position type="Vector">28.921057, -17.424889, -7.2569618</Position>
               </HpRunningLight14>
            </Fixed>
            <Revolute>
               <HpTurret_BM_01>
                  <Axis type="Vector">0, 1, 0</Axis>
                  <Max type="float">6.2831855</Max>
                  <Min type="float">-6.2831855</Min>
                  <Orientation type="Matrix">
                       1.0000000000, -1.2668053e-21, -3.2523744e-15,
                      3.2523744e-15,  119.20929e-09,   1.0000000000,
                     -879.09205e-24,  -1.0000000000,  119.20929e-09
                  </Orientation>
                  <Position type="Vector">-31.890091, -14.486649, -14.40089</Position>
               </HpTurret_BM_01>
               <HpTurret_BM_02>
                  <Axis type="Vector">0, 1, 0</Axis>
                  <Max type="float">6.2831855</Max>
                  <Min type="float">-6.2831855</Min>
                  <Orientation type="Matrix">
                       1.0000000000, -633.40260e-24, -2.0766935e-15,
                     -2.0766935e-15,  59.604638e-09,  -1.0000000000,
                      757.18318e-24,   1.0000000000,  59.604638e-09
                  </Orientation>
                  <Position type="Vector">27.04854, -14.486649, -14.400894</Position>
               </HpTurret_BM_02>
               <HpTurret_B4_02>
                  <Axis type="Vector">0, 1, 0</Axis>
                  <Max type="float">1.7453293</Max>
                  <Min type="float">-1.7453293</Min>
                  <Orientation type="Matrix">
                       0.5000000000,  -0.8660253900,  -0.0000000000,
                       0.8660253900,   0.5000000000,   0.0000000000,
                       0.0000000000,  -0.0000000000,   1.0000000000
                  </Orientation>
                  <Position type="Vector">-25, 1.5, -1.5</Position>
               </HpTurret_B4_02>
               <HpTurret_B4_03>
                  <Axis type="Vector">0, 1, 0</Axis>
                  <Max type="float">1.7453293</Max>
                  <Min type="float">-1.7453293</Min>
                  <Orientation type="Matrix">
                       0.5000000000,   0.8660253900,   0.0000000000,
                      -0.8660253900,   0.5000000000,   0.0000000000,
                       0.0000000000,   0.0000000000,   1.0000000000
                  </Orientation>
                  <Position type="Vector">20.2, 1.5, -1.5</Position>
               </HpTurret_B4_03>
            </Revolute>
         </Hardpoints>
         <VMeshWire include="br_destroyer_cmp\Br_frnt_bdy_lod1.vwd.xml"/>
         <MultiLevel>
            <Level0>
               <VMeshPart>
                  <VMeshRef type="VMeshRef">
                     <!-- header size  --> 60,
                     <!-- vmesh lib    --> data.ships.bretonia.br_destroyer.br_destroyer.lod0-112.vms,
                     <!-- start vert   --> 2739,
                     <!-- num verts    --> 636,
                     <!-- start index  --> 3870,
                     <!-- num indices  --> 864,
                     <!-- start mesh   --> 26,
                     <!-- num meshes   --> 9,
                     <!-- bounding box -->  29.115698,   16.848373,   22.029005,
                                           -33.964252,  -16.847973,  -14.436205,
                     <!-- center       -->  -3.4504714,  -3.0044477,   1.5187806,
                     <!-- radius       --> 38.815025
                  </VMeshRef>
               </VMeshPart>
            </Level0>
            <Level1>
               <VMeshPart>
                  <VMeshRef type="VMeshRef">
                     <!-- header size  --> 60,
                     <!-- vmesh lib    --> data.ships.bretonia.br_destroyer.br_destroyer.lod1-112.vms,
                     <!-- start vert   --> 318,
                     <!-- num verts    --> 84,
                     <!-- start index  --> 669,
                     <!-- num indices  --> 144,
                     <!-- start mesh   --> 4,
                     <!-- num meshes   --> 1,
                     <!-- bounding box -->  29.115698,   16.848373,   22.029005,
                                           -33.964252,  -16.847973,  -14.436205,
                     <!-- center       -->  -3.4504714,  -3.0044477,   1.5187806,
                     <!-- radius       --> 38.815025
                  </VMeshRef>
               </VMeshPart>
            </Level1>
            <Level2>
               <VMeshPart>
                  <VMeshRef type="VMeshRef">
                     <!-- header size  --> 60,
                     <!-- vmesh lib    --> data.ships.bretonia.br_destroyer.br_destroyer.lod2-112.vms,
                     <!-- start vert   --> 211,
                     <!-- num verts    --> 88,
                     <!-- start index  --> 327,
                     <!-- num indices  --> 96,
                     <!-- start mesh   --> 4,
                     <!-- num meshes   --> 1,
                     <!-- bounding box -->  29.115698,   16.848373,   22.029005,
                                           -33.964252,  -16.847973,  -14.436205,
                     <!-- center       -->  -3.4504714,  -3.0044477,   1.5187806,
                     <!-- radius       --> 38.815025
                  </VMeshRef>
               </VMeshPart>
            </Level2>
            <Switch2 type="float array" count="4">
               0,
               100,
               1000,
               1000000
            </Switch2>
         </MultiLevel>
      </Br_frnt_bdy_lod1020917152841.3db>
      <Br_frnt_bdy_top_lod1020917152841.3db>
         <Hardpoints>
            <Fixed>
               <HpRadar>
                  <Orientation type="Matrix">
                       1.0000000000,  97.846744e-09,  112.22805e-09,
                     -80.183682e-09,   0.9890159400,  -0.1478089400,
                     -125.45796e-09,   0.1478089400,   0.9890159400
                  </Orientation>
                  <Position type="Vector">-2.5809848, 4.2795677, -7.6602211</Position>
               </HpRadar>
               <HpRunningLight13>
                  <Orientation type="Matrix">
                      -0.3583687200,  418.44766e-09,   0.9335801000,
                      -0.9335801000,  78.841843e-09,  -0.3583687200,
                     -223.56373e-09,  -1.0000000000,  362.39996e-09
                  </Orientation>
                  <Position type="Vector">-15.056368, 4.6390991, -13.849852</Position>
               </HpRunningLight13>
               <HpRunningLight15>
                  <Orientation type="Matrix">
                      -0.3583667000,  421.77186e-09,  -0.9335809400,
                       0.9335809400,  12.023548e-09,  -0.3583667000,
                     -139.92403e-09,  -1.0000000000, -398.06699e-09
                  </Orientation>
                  <Position type="Vector">9.9106054, 4.656383, -13.849859</Position>
               </HpRunningLight15>
               <HpRunningLight18>
                  <Orientation type="Matrix">
                       1.0000000000,  1.2145562e-06,  263.88679e-09,
                     -1.2145563e-06,   1.0000000000,  327.00132e-09,
                     -263.88639e-09, -327.00163e-09,   1.0000000000
                  </Orientation>
                  <Position type="Vector">-2.5810168, 8.131691, -18.992897</Position>
               </HpRunningLight18>
               <HpShield02>
                  <Orientation type="Matrix">
                      -1.0000000000,  332.95868e-09,  259.94663e-09,
                     -263.07563e-09,  -0.9723699100,   0.2334454200,
                      330.49196e-09,   0.2334454200,   0.9723699100
                  </Orientation>
                  <Position type="Vector">-2.6031351, -4.7772446, 8.5640755</Position>
               </HpShield02>
            </Fixed>
            <Revolute>
               <HpTurret05>
                  <Axis type="Vector">0, 1, 0</Axis>
                  <Max type="float">1.5707964</Max>
                  <Min type="float">-1.5707964</Min>
                  <Orientation type="Matrix">
                       1.0000000000,   0.0000000000,   0.0000000000,
                       0.0000000000,   1.0000000000,   0.0000000000,
                       0.0000000000,   0.0000000000,   1.0000000000
                  </Orientation>
                  <Position type="Vector">-2.6179371, 7.5996718, -17.200888</Position>
               </HpTurret05>
            </Revolute>
         </Hardpoints>
         <VMeshWire include="br_destroyer_cmp\Br_frnt_bdy_top_lod1.vwd.xml"/>
         <MultiLevel>
            <Level0>
               <VMeshPart>
                  <VMeshRef type="VMeshRef">
                     <!-- header size  --> 60,
                     <!-- vmesh lib    --> data.ships.bretonia.br_destroyer.br_destroyer.lod0-112.vms,
                     <!-- start vert   --> 855,
                     <!-- num verts    --> 1168,
                     <!-- start index  --> 1512,
                     <!-- num indices  --> 1404,
                     <!-- start mesh   --> 7,
                     <!-- num meshes   --> 11,
                     <!-- bounding box -->  14.658637,   8.402051,    20.566572,
                                           -19.825197,  -8.4013138,  -20.224491,
                     <!-- center       -->  -3.0636899, -0.59729505,   0.22653395,
                     <!-- radius       --> 23.353661
                  </VMeshRef>
               </VMeshPart>
            </Level0>
            <Level1>
               <VMeshPart>
                  <VMeshRef type="VMeshRef">
                     <!-- header size  --> 60,
                     <!-- vmesh lib    --> data.ships.bretonia.br_destroyer.br_destroyer.lod1-112.vms,
                     <!-- start vert   --> 112,
                     <!-- num verts    --> 76,
                     <!-- start index  --> 324,
                     <!-- num indices  --> 156,
                     <!-- start mesh   --> 1,
                     <!-- num meshes   --> 1,
                     <!-- bounding box -->  14.658637,   8.402051,    20.566572,
                                           -19.825197,  -8.4013138,  -20.224491,
                     <!-- center       -->  -3.0636899, -0.59729505,   0.22653395,
                     <!-- radius       --> 23.353661
                  </VMeshRef>
               </VMeshPart>
            </Level1>
            <Level2>
               <VMeshPart>
                  <VMeshRef type="VMeshRef">
                     <!-- header size  --> 60,
                     <!-- vmesh lib    --> data.ships.bretonia.br_destroyer.br_destroyer.lod2-112.vms,
                     <!-- start vert   --> 33,
                     <!-- num verts    --> 75,
                     <!-- start index  --> 84,
                     <!-- num indices  --> 114,
                     <!-- start mesh   --> 1,
                     <!-- num meshes   --> 1,
                     <!-- bounding box -->  14.658637,   8.402051,    20.566572,
                                           -19.825197,  -8.4013138,  -20.224491,
                     <!-- center       -->  -3.0636899, -0.59729505,   0.22653395,
                     <!-- radius       --> 23.353661
                  </VMeshRef>
               </VMeshPart>
            </Level2>
            <Switch2 type="float array" count="4">
               0,
               100,
               1000,
               1000000
            </Switch2>
         </MultiLevel>
      </Br_frnt_bdy_top_lod1020917152841.3db>
      <Br_main_bdy_lod1020917152841.3db>
         <Hardpoints>
            <Fixed>
               <DpCntrltwr>
                  <Orientation type="Matrix">
                      -1.0000000000,  16.127380e-09, -78.092185e-09,
                      16.127375e-09,   1.0000000000,  71.312506e-09,
                      78.092185e-09,  71.312506e-09,  -1.0000000000
                  </Orientation>
                  <Position type="Vector">-0.017560991, 3.232893, -25.117962</Position>
               </DpCntrltwr>
               <DpPortengine>
                  <Orientation type="Matrix">
                       1.0000000000,  38.892686e-09,  150.24834e-09,
                     -38.892694e-09,   1.0000000000,  38.183661e-09,
                     -150.24834e-09, -38.183668e-09,   1.0000000000
                  </Orientation>
                  <Position type="Vector">-8.0947123, -2.3955555, 42.376705</Position>
               </DpPortengine>
               <DpStarboardengine>
                  <Orientation type="Matrix">
                       1.0000000000,  38.892686e-09,  150.24834e-09,
                     -38.892694e-09,   1.0000000000,  38.183661e-09,
                     -150.24834e-09, -38.183668e-09,   1.0000000000
                  </Orientation>
                  <Position type="Vector">8.0358772, -3.7636261, 46.571785</Position>
               </DpStarboardengine>
               <HpBayDoor01>
                  <Orientation type="Matrix">
                       1.0000000000,  100.55631e-09,  143.40715e-09,
                     -100.55631e-09,   1.0000000000, -21.490107e-09,
                     -143.40715e-09,  21.490093e-09,   1.0000000000
                  </Orientation>
                  <Position type="Vector">-0.019998984, -9.633009, 6.4949436</Position>
               </HpBayDoor01>
               <HpBayDoor02>
                  <Orientation type="Matrix">
                       1.0000000000,  100.55631e-09,  143.40715e-09,
                     -100.55631e-09,   1.0000000000, -21.490107e-09,
                     -143.40715e-09,  21.490093e-09,   1.0000000000
                  </Orientation>
                  <Position type="Vector">-0.019998746, -14.890585, 6.5125222</Position>
               </HpBayDoor02>
               <HpMount>
                  <Orientation type="Matrix">
                       1.0000000000,   0.0000000000,   0.0000000000,
                       0.0000000000,   1.0000000000,   0.0000000000,
                       0.0000000000,   0.0000000000,   1.0000000000
                  </Orientation>
                  <Position type="Vector">-0.00938759, -52.468201, -62.871799</Position>
               </HpMount>
               <HpRunningLight01>
                  <Orientation type="Matrix">
                       1.0000000000,  622.23990e-09,  990.65005e-09,
                     -608.92455e-09,  -0.4461979300,   0.8949343000,
                      998.88985e-09,  -0.8949343000,  -0.4461979300
                  </Orientation>
                  <Position type="Vector">-0.016235875, -7.7563295, 11.721609</Position>
               </HpRunningLight01>
               <HpRunningLight05>
                  <Orientation type="Matrix">
                       1.0000000000,  302.75251e-09,  970.16334e-09,
                     -726.97549e-09,  -0.4539901000,   0.8910067100,
                      710.19912e-09,  -0.8910067100,  -0.4539901000
                  </Orientation>
                  <Position type="Vector">0.0020210631, -12.649433, 1.9872992</Position>
               </HpRunningLight05>
               <HpRunningLight07>
                  <Orientation type="Matrix">
                       0.4067364300, -648.02083e-09,   0.9135455500,
                       0.9135455500,  541.72034e-09,  -0.4067364300,
                     -231.31254e-09,   1.0000000000,  812.33395e-09
                  </Orientation>
                  <Position type="Vector">-14.764741, -0.38042259, -12.544109</Position>
               </HpRunningLight07>
               <HpRunningLight08>
                  <Orientation type="Matrix">
                      -0.4067362000,  559.24829e-09,  -0.9135456700,
                       0.9135456700,  185.35103e-09,  -0.4067362000,
                     -58.139893e-09,  -1.0000000000, -586.28780e-09
                  </Orientation>
                  <Position type="Vector">14.825634, -0.35248756, -12.544112</Position>
               </HpRunningLight08>
               <HpRunningLight09>
                  <Orientation type="Matrix">
                       1.0000000000,  101.95717e-09,  960.74746e-09,
                     -871.60652e-09,  -0.3338066300,   0.9426415600,
                      416.81295e-09,  -0.9426415600,  -0.3338066300
                  </Orientation>
                  <Position type="Vector">17.113831, -0.53935242, 28.775587</Position>
               </HpRunningLight09>
               <HpRunningLight10>
                  <Orientation type="Matrix">
                     -864.21426e-09,  141.44933e-09,   1.0000000000,
                     -16.595372e-09,  -1.0000000000,  141.44932e-09,
                       1.0000000000, -16.595250e-09,  864.21426e-09
                  </Orientation>
                  <Position type="Vector">-11.651676, 12.874744, 47.543739</Position>
               </HpRunningLight10>
               <HpRunningLight11>
                  <Orientation type="Matrix">
                       1.0000000000,  168.15969e-09,  1.1303219e-06,
                     -1.0093556e-06,  -0.3338067500,   0.9426415600,
                      535.82340e-09,  -0.9426415600,  -0.3338067500
                  </Orientation>
                  <Position type="Vector">-17.263588, -0.5393486, 28.775589</Position>
               </HpRunningLight11>
               <HpRunningLight12>
                  <Orientation type="Matrix">
                      986.39032e-09, -306.20467e-09,  -1.0000000000,
                     -1.9473390e-09,  -1.0000000000,  306.20467e-09,
                      -1.0000000000,  1.9470370e-09, -986.39032e-09
                  </Orientation>
                  <Position type="Vector">11.650118, 12.874741, 47.543755</Position>
               </HpRunningLight12>
               <HpRunningLight17>
                  <Orientation type="Matrix">
                       1.0000000000,  551.88622e-09,  174.41697e-09,
                      174.41688e-09,  151.35001e-09,  -1.0000000000,
                     -551.88622e-09,   1.0000000000,  151.34991e-09
                  </Orientation>
                  <Position type="Vector">0.0020078605, 13.850513, 27.337748</Position>
               </HpRunningLight17>
               <HpCM01>
                  <Orientation type="Matrix">
                       1.0000000000,   0.0000000000,  -0.0000000000,
                      -0.0000000000,  -0.9438008100,  -0.3305145500,
                       0.0000000000,   0.3305145500,  -0.9438008100
                  </Orientation>
                  <Position type="Vector">0, 2.5, 36</Position>
               </HpCM01>
               <HpPilot>
                  <Orientation type="Matrix">
                       1.0000000000,   0.0000000000,   0.0000000000,
                       0.0000000000,   1.0000000000,   0.0000000000,
                       0.0000000000,   0.0000000000,   1.0000000000
                  </Orientation>
                  <Position type="Vector">0, 0, -24</Position>
               </HpPilot>
               <HpFX01>
                  <Orientation type="Matrix">
                       1.0000000000,   0.0000000000,   0.0000000000,
                       0.0000000000,   1.0000000000,   0.0000000000,
                       0.0000000000,   0.0000000000,   1.0000000000
                  </Orientation>
                  <Position type="Vector">0, 0, 0</Position>
               </HpFX01>
               <HpFX02>
                  <Orientation type="Matrix">
                      59.604645e-09,   0.9999998800,   0.0000000000,
                      -0.9999998800,  59.604645e-09,   0.0000000000,
                       0.0000000000,   0.0000000000,   1.0000000000
                  </Orientation>
                  <Position type="Vector">0, 0, 0</Position>
               </HpFX02>
               <HpFX03>
                  <Orientation type="Matrix">
                       1.0000000000,   0.0000000000,   0.0000000000,
                       0.0000000000,  59.604645e-09,   0.9999998800,
                       0.0000000000,  -0.9999998800,  59.604645e-09
                  </Orientation>
                  <Position type="Vector">0, 0, 0</Position>
               </HpFX03>
               <HpFX04>
                  <Orientation type="Matrix">
                       1.0000000000,   0.0000000000,   0.0000000000,
                       0.0000000000,   1.0000000000,   0.0000000000,
                       0.0000000000,   0.0000000000,   1.0000000000
                  </Orientation>
                  <Position type="Vector">0, 0, 0</Position>
               </HpFX04>
               <HpFX05>
                  <Orientation type="Matrix">
                       1.0000000000,   0.0000000000,   0.0000000000,
                       0.0000000000,   1.0000000000,   0.0000000000,
                       0.0000000000,   0.0000000000,   1.0000000000
                  </Orientation>
                  <Position type="Vector">0, 0, 0</Position>
               </HpFX05>
               <HpFX06>
                  <Orientation type="Matrix">
                       1.0000000000,   0.0000000000,   0.0000000000,
                       0.0000000000,   1.0000000000,   0.0000000000,
                       0.0000000000,   0.0000000000,   1.0000000000
                  </Orientation>
                  <Position type="Vector">0, 0, 0</Position>
               </HpFX06>
               <HpFX07>
                  <Orientation type="Matrix">
                       1.0000000000,   0.0000000000,   0.0000000000,
                       0.0000000000,   1.0000000000,   0.0000000000,
                       0.0000000000,   0.0000000000,   1.0000000000
                  </Orientation>
                  <Position type="Vector">0, 0, 0</Position>
               </HpFX07>
            </Fixed>
            <Revolute>
               <HpTurret_B2_01>
                  <Axis type="Vector">0, 1, 0</Axis>
                  <Max type="float">6.2831855</Max>
                  <Min type="float">-6.2831855</Min>
                  <Orientation type="Matrix">
                       1.0000000000,   0.0000000000,   0.0000000000,
                       0.0000000000,   1.0000000000,   0.0000000000,
                       0.0000000000,   0.0000000000,   1.0000000000
                  </Orientation>
                  <Position type="Vector">760.99997e-6, 14.595568, 51.560459</Position>
               </HpTurret_B2_01>
               <HpTurret_B3_01>
                  <Axis type="Vector">0, 1, 0</Axis>
                  <Max type="float">6.2831855</Max>
                  <Min type="float">-6.2831855</Min>
                  <Orientation type="Matrix">
                     -727.71445e-09,  -1.0000000000,  266.31645e-09,
                       1.0000000000, -727.71456e-09, -322.94565e-09,
                      322.94585e-09,  266.31622e-09,   1.0000000000
                  </Orientation>
                  <Position type="Vector">-31.526169, -41.268974, -42.094086</Position>
               </HpTurret_B3_01>
               <HpTurret_B3_02>
                  <Axis type="Vector">0, 1, 0</Axis>
                  <Max type="float">6.2831855</Max>
                  <Min type="float">-6.2831855</Min>
                  <Orientation type="Matrix">
                      505.76512e-09,   1.0000000000, -111.86059e-09,
                      -1.0000000000,  505.76512e-09,  89.898563e-09,
                      89.898620e-09,  111.86054e-09,   1.0000000000
                  </Orientation>
                  <Position type="Vector">31.560688, -41.296528, -42.043839</Position>
               </HpTurret_B3_02>
               <HpTurret_B4_01>
                  <Axis type="Vector">0, 1, 0</Axis>
                  <Max type="float">1.5707799</Max>
                  <Min type="float">-1.5707999</Min>
                  <Orientation type="Matrix">
                       1.0000000000,  18.275449e-09, -492.62445e-09,
                     -46.181373e-09,  -0.9914448300,  -0.1305263300,
                     -490.79546e-09,   0.1305263300,  -0.9914448300
                  </Orientation>
                  <Position type="Vector">-0.037508819, 9.0126858, 60.878883</Position>
               </HpTurret_B4_01>
               <HpTurret01>
                  <Axis type="Vector">0, 1, 0</Axis>
                  <Max type="float">1.5707964</Max>
                  <Min type="float">-1.5707964</Min>
                  <Orientation type="Matrix">
                      -1.0000000000, -84.830923e-09,  21.150724e-09,
                      87.427900e-09,  -0.9702956700,   0.2419218900,
                       0.0000000000,   0.2419218900,   0.9702957300
                  </Orientation>
                  <Position type="Vector">6, -18.8, -39.7</Position>
               </HpTurret01>
               <HpTurret02>
                  <Axis type="Vector">0, 1, 0</Axis>
                  <Max type="float">1.5707964</Max>
                  <Min type="float">-1.5707964</Min>
                  <Orientation type="Matrix">
                      -1.0000000000, -84.830923e-09,  21.150724e-09,
                      87.427900e-09,  -0.9702956700,   0.2419218900,
                       0.0000000000,   0.2419218900,   0.9702957300
                  </Orientation>
                  <Position type="Vector">-6, -18.8, -39.7</Position>
               </HpTurret02>
               <HpTorpedo01>
                  <Axis type="Vector">0, 1, 0</Axis>
                  <Max type="float">0.78539819</Max>
                  <Min type="float">-0.78539819</Min>
                  <Orientation type="Matrix">
                      -1.0000000000, -87.422777e-09,   0.0000000000,
                      87.422777e-09,  -1.0000000000,  -0.0000000000,
                       0.0000000000,   0.0000000000,   1.0000000000
                  </Orientation>
                  <Position type="Vector">0, -20.7, -47.5</Position>
               </HpTorpedo01>
               <HpTurret03>
                  <Axis type="Vector">0, 1, 0</Axis>
                  <Max type="float">3.1415927</Max>
                  <Min type="float">-3.1415927</Min>
                  <Orientation type="Matrix">
                       1.0000000000,   0.0000000000,   0.0000000000,
                       0.0000000000,   1.0000000000,   0.0000000000,
                       0.0000000000,   0.0000000000,   1.0000000000
                  </Orientation>
                  <Position type="Vector">-4.2595229, 14.595593, 44.171036</Position>
               </HpTurret03>
               <HpTurret04>
                  <Axis type="Vector">0, 1, 0</Axis>
                  <Max type="float">3.1415927</Max>
                  <Min type="float">-3.1415927</Min>
                  <Orientation type="Matrix">
                       1.0000000000,   0.0000000000,   0.0000000000,
                       0.0000000000,   1.0000000000,   0.0000000000,
                       0.0000000000,   0.0000000000,   1.0000000000
                  </Orientation>
                  <Position type="Vector">4.2991629, 14.595592, 44.320427</Position>
               </HpTurret04>
            </Revolute>
         </Hardpoints>
         <VMeshWire include="br_destroyer_cmp\Br_main_bdy_lod1.vwd.xml"/>
         <MultiLevel>
            <Level0>
               <VMeshPart>
                  <VMeshRef type="VMeshRef">
                     <!-- header size  --> 60,
                     <!-- vmesh lib    --> data.ships.bretonia.br_destroyer.br_destroyer.lod0-112.vms,
                     <!-- start vert   --> 3375,
                     <!-- num verts    --> 2522,
                     <!-- start index  --> 4734,
                     <!-- num indices  --> 3510,
                     <!-- start mesh   --> 35,
                     <!-- num meshes   --> 15,
                     <!-- bounding box -->   21.701479,    14.595607,    70.541992,
                                            -21.702036,   -13.445365,   -37.090565,
                     <!-- center       --> -371.65298e-6,   0.64732498,  17.097851,
                     <!-- radius       --> 54.29092
                  </VMeshRef>
               </VMeshPart>
            </Level0>
            <Level1>
               <VMeshPart>
                  <VMeshRef type="VMeshRef">
                     <!-- header size  --> 60,
                     <!-- vmesh lib    --> data.ships.bretonia.br_destroyer.br_destroyer.lod1-112.vms,
                     <!-- start vert   --> 402,
                     <!-- num verts    --> 233,
                     <!-- start index  --> 813,
                     <!-- num indices  --> 420,
                     <!-- start mesh   --> 5,
                     <!-- num meshes   --> 1,
                     <!-- bounding box -->   21.701479,    14.595607,    70.541992,
                                            -21.702036,   -13.445365,   -37.090565,
                     <!-- center       --> -371.65298e-6,   0.64732498,  17.097851,
                     <!-- radius       --> 54.29092
                  </VMeshRef>
               </VMeshPart>
            </Level1>
            <Level2>
               <VMeshPart>
                  <VMeshRef type="VMeshRef">
                     <!-- header size  --> 60,
                     <!-- vmesh lib    --> data.ships.bretonia.br_destroyer.br_destroyer.lod2-112.vms,
                     <!-- start vert   --> 299,
                     <!-- num verts    --> 144,
                     <!-- start index  --> 423,
                     <!-- num indices  --> 258,
                     <!-- start mesh   --> 5,
                     <!-- num meshes   --> 1,
                     <!-- bounding box -->   21.701479,    14.595607,    70.541992,
                                            -21.702036,   -13.445365,   -37.090565,
                     <!-- center       --> -371.65298e-6,   0.64732498,  17.097851,
                     <!-- radius       --> 54.29092
                  </VMeshRef>
               </VMeshPart>
            </Level2>
            <Switch2 type="float array" count="4">
               0,
               100,
               1000,
               1000000
            </Switch2>
         </MultiLevel>
      </Br_main_bdy_lod1020917152841.3db>
      <Br_port_eng_lod1020917152841.3db>
         <Hardpoints>
            <Fixed>
               <HpEngine01>
                  <Orientation type="Matrix">
                       1.0000000000,  987.97465e-24, -1.4823077e-21,
                     -987.97465e-24,   1.0000000000,  291.61489e-24,
                      1.4823077e-21, -291.61489e-24,   1.0000000000
                  </Orientation>
                  <Position type="Vector">0.047422137, -0.83048284, 11.624738</Position>
               </HpEngine01>
               <HpThruster01>
                  <Orientation type="Matrix">
                       1.0000000000,   0.0000000000,   0.0000000000,
                       0.0000000000,   1.0000000000,   0.0000000000,
                       0.0000000000,   0.0000000000,   1.0000000000
                  </Orientation>
                  <Position type="Vector">0.047421999, -0.83048302, 11.6249</Position>
               </HpThruster01>
            </Fixed>
         </Hardpoints>
         <VMeshWire include="br_destroyer_cmp\Br_port_eng_lod1.vwd.xml"/>
         <MultiLevel>
            <Level0>
               <VMeshPart>
                  <VMeshRef type="VMeshRef">
                     <!-- header size  --> 60,
                     <!-- vmesh lib    --> data.ships.bretonia.br_destroyer.br_destroyer.lod0-112.vms,
                     <!-- start vert   --> 5897,
                     <!-- num verts    --> 855,
                     <!-- start index  --> 8244,
                     <!-- num indices  --> 1512,
                     <!-- start mesh   --> 50,
                     <!-- num meshes   --> 7,
                     <!-- bounding box -->  5.0927191,    6.1846771,   12.929984,
                                           -5.0930738,   -6.1846766,  -12.930421,
                     <!-- center       -->  0.047897946, -0.00207145,   0.079949223,
                     <!-- radius       --> 13.392101
                  </VMeshRef>
               </VMeshPart>
            </Level0>
            <Level1>
               <VMeshPart>
                  <VMeshRef type="VMeshRef">
                     <!-- header size  --> 60,
                     <!-- vmesh lib    --> data.ships.bretonia.br_destroyer.br_destroyer.lod1-112.vms,
                     <!-- start vert   --> 635,
