<?xml version="1.0" encoding="ISO-8859-1"?>
<!-- XML generated by UTFXML Version 2.2 built 19-Aug-2010 -->
<UTFXML filename="rh_fury.cmp" path="SHIPS\RHEINLAND\rh_fury">
   <UTF_ROOT>
      <VMeshLibrary>
         <Group9.lod0.vms include="rh_fury_cmp\lod0.vms.xml"/>
      </VMeshLibrary>
      <Cmpnd>
         <Root>
            <File_name name="File name" type="text">Group9.3db</File_name>
            <Index type="int">0</Index>
            <Object_name name="Object name" type="text">Root</Object_name>
         </Root>
      </Cmpnd>
      <Group9.3db>
         <Hardpoints>
            <Fixed>
               <HpCM01>
                  <Orientation type="Matrix">
                       1.0000000000, -151.75217e-06,   0.0000000000,
                      151.75217e-06,   1.0000000000,   0.0000000000,
                      -0.0000000000,  -0.0000000000,   1.0000000000
                  </Orientation>
                  <Position type="Vector">-1.3728378, 0.74357837, 5.413022</Position>
               </HpCM01>
               <HpMine01>
                  <Orientation type="Matrix">
                       1.0000000000,  151.46538e-06,   0.0000000000,
                     -151.46538e-06,   1.0000000000,  381.24170e-09,
                      57.744920e-12, -381.24170e-09,   1.0000000000
                  </Orientation>
                  <Position type="Vector">1.4934582, 0.74357837, 5.413022</Position>
               </HpMine01>
               <HpShield01>
                  <Orientation type="Matrix">
                      -0.9238796800,  128.34246e-09,   0.0000000000,
                     -128.34246e-09,  -0.9238796800,  -0.3826831300,
                     -49.114494e-09,  -0.3535531800,   0.8535536500
                  </Orientation>
                  <Position type="Vector">0.034252912, -1.8829913, 2.0695071</Position>
               </HpShield01>
               <HpContrail01>
                  <Orientation type="Matrix">
                       0.0000000000,  -1.0000000000,   0.0000000000,
                       1.0000000000,   0.0000000000,   0.0000000000,
                      -0.0000000000,  -0.0000000000,   1.0000000000
                  </Orientation>
                  <Position type="Vector">-5.2814231, 1.4731809, 0.68326229</Position>
               </HpContrail01>
               <HpContrail02>
                  <Orientation type="Matrix">
                       0.0000000000,   1.0000000000,   0.0000000000,
                      -1.0000000000,   0.0000000000,   0.0000000000,
                       0.0000000000,  -0.0000000000,   1.0000000000
                  </Orientation>
                  <Position type="Vector">5.3707752, 1.452335, 0.68326229</Position>
               </HpContrail02>
               <HpContrail03>
                  <Orientation type="Matrix">
                      -0.2588218700,  -0.9659250400,   0.0000000000,
                       0.9659250400,  -0.2588218700, -131.04459e-09,
                      126.57925e-09, -33.917207e-09,   1.0000000000
                  </Orientation>
                  <Position type="Vector">-7.3243103, -3.0503557, 1.8818951</Position>
               </HpContrail03>
               <HpContrail04>
                  <Orientation type="Matrix">
                      -0.2588134400,   0.9659273000,   0.0000000000,
                      -0.9659273000,  -0.2588134400, -131.04031e-09,
                     -126.57542e-09, -33.914993e-09,   1.0000000000
                  </Orientation>
                  <Position type="Vector">7.392817, -3.0503554, 1.8818952</Position>
               </HpContrail04>
               <HpDockLight01>
                  <Orientation type="Matrix">
                       0.3748676800,  -0.9203636600,   0.0000000000,
                       0.9203636600,   0.3748676800,  -0.1113775500,
                       0.1025078500,   0.0417518430,   0.9875950200
                  </Orientation>
                  <Position type="Vector">-0.69882405, 1.9109426, -4.9624724</Position>
               </HpDockLight01>
               <HpDockLight02>
                  <Orientation type="Matrix">
                       0.3748684500,   0.9203635500,   0.0000000000,
                      -0.9203635500,   0.3748684500,  -0.1113758100,
                      -0.1025062400,   0.0417512770,   0.9875954400
                  </Orientation>
                  <Position type="Vector">0.80207276, 1.9109426, -4.9624724</Position>
               </HpDockLight02>
               <HpRunningLight01>
                  <Orientation type="Matrix">
                       0.9794170300,  141.06740e-09,   0.0000000000,
                     -141.06740e-09,   0.9794170300,  -0.2018472900,
                     -28.474073e-09,   0.1976926600,   0.9592577200
                  </Orientation>
                  <Position type="Vector">-0.82737315, 2.9157097, -0.3763988</Position>
               </HpRunningLight01>
               <HpRunningLight02>
                  <Orientation type="Matrix">
                       0.3566108600,   0.9282252800,   0.0000000000,
                      -0.9282252800,   0.3566108600,  -0.1059551500,
                      -0.0983502490,   0.0377847590,   0.9887734700
                  </Orientation>
                  <Position type="Vector">0.93062198, 2.9157097, -0.3763988</Position>
               </HpRunningLight02>
               <HpEngine01>
                  <Orientation type="Matrix">
                       1.0000000000,   0.0000000000,   0.0000000000,
                       0.0000000000,   1.0000000000,   0.0000000000,
                       0.0000000000,   0.0000000000,   1.0000000000
                  </Orientation>
                  <Position type="Vector">-1.7793306, -1.7370706, 3.1701648</Position>
               </HpEngine01>
               <HpEngine02>
                  <Orientation type="Matrix">
                       1.0000000000,   0.0000000000,   0.0000000000,
                       0.0000000000,   1.0000000000,   0.0000000000,
                       0.0000000000,   0.0000000000,   1.0000000000
                  </Orientation>
                  <Position type="Vector">1.8686823, -1.7370706, 3.1701646</Position>
               </HpEngine02>
               <HpThruster01>
                  <Orientation type="Matrix">
                       1.0000000000,   0.0000000000,   0.0000000000,
                       0.0000000000,   1.0000000000,   0.0000000000,
                       0.0000000000,   0.0000000000,   1.0000000000
                  </Orientation>
                  <Position type="Vector">0.05509869, 2.9323859, 6.0939879</Position>
               </HpThruster01>
               <HpThruster02>
                  <Orientation type="Matrix">
                       1.0000000000,   0.0000000000,   0.0000000000,
                       0.0000000000,   1.0000000000,   0.0000000000,
                       0.0000000000,   0.0000000000,   1.0000000000
                  </Orientation>
                  <Position type="Vector">0.055098694, 0.18908039, 6.0939856</Position>
               </HpThruster02>
               <HpMount>
                  <Orientation type="Matrix">
                       1.0000000000,   0.0000000000,   0.0000000000,
                       0.0000000000,   1.0000000000,   0.0000000000,
                       0.0000000000,   0.0000000000,   1.0000000000
                  </Orientation>
                  <Position type="Vector">0.05509869, -3.6340373, -0.098454848</Position>
               </HpMount>
               <HpPilot>
                  <Orientation type="Matrix">
                       1.0000000000,  44.714454e-12,   0.0000000000,
                     -44.714454e-12,   1.0000000000, -54.487693e-06,
                     -2.4363874e-15,  54.487693e-06,   1.0000000000
                  </Orientation>
                  <Position type="Vector">0.05509869, -0.37569138, -7.6846852</Position>
               </HpPilot>
               <HpTractor_Source>
                  <Orientation type="Matrix">
                       1.0000000000, -47.756674e-12,   0.0000000000,
                      47.756674e-12,   1.0000000000, -331.56987e-06,
                      15.834674e-15,  331.56984e-06,   0.9999998800
                  </Orientation>
                  <Position type="Vector">0.05509869, 1.348106, -2.2247252</Position>
               </HpTractor_Source>
               <HpNew01>
                  <Orientation type="Matrix">
                       1.0000000000,   0.0000000000,   0.0000000000,
                       0.0000000000,   1.0000000000,   0.0000000000,
                       0.0000000000,   0.0000000000,   1.0000000000
                  </Orientation>
                  <Position type="Vector">0, 0, 0</Position>
               </HpNew01>
               <HpNew02>
                  <Orientation type="Matrix">
                       1.0000000000,  15.599682e-15,  144.03200e-09,
                      144.03200e-09, -108.30706e-09,  -1.0000000000,
                       0.0000000000,   1.0000000000, -108.30706e-09
                  </Orientation>
                  <Position type="Vector">0.05509869, 1.348106, -1.2247251</Position>
               </HpNew02>
               <HpNew03>
                  <Orientation type="Matrix">
                       1.0000000000,  15.599682e-15,  144.03200e-09,
                      144.03200e-09, -108.30706e-09,  -1.0000000000,
                       0.0000000000,   1.0000000000, -108.30706e-09
                  </Orientation>
                  <Position type="Vector">0.05509869, 1.348106, -0.67037731</Position>
               </HpNew03>
               <HpBayDoor01>
                  <Orientation type="Matrix">
                      -0.9998476500,  -0.0174524580,  -0.0000000000,
                       0.0174524580,  -0.9998476500,   0.0000000000,
                       0.0000000000,  -0.0000000000,   1.0000000000
                  </Orientation>
                  <Position type="Vector">0, -6, -1</Position>
               </HpBayDoor01>
               <HpBayDoor02>
                  <Orientation type="Matrix">
                      -0.9998476500,  -0.0174524580,  -0.0000000000,
                       0.0174524580,  -0.9998476500,   0.0000000000,
                       0.0000000000,  -0.0000000000,   1.0000000000
                  </Orientation>
                  <Position type="Vector">0, -7, -1</Position>
               </HpBayDoor02>
               <HpCloak01>
                  <Orientation type="Matrix">
                       1.0000000000,   0.0000000000,   0.0000000000,
                       0.0000000000,   1.0000000000,   0.0000000000,
                       0.0000000000,   0.0000000000,   1.0000000000
                  </Orientation>
                  <Position type="Vector">0, 0, 0</Position>
               </HpCloak01>
               <HpHeadLight>
                  <Orientation type="Matrix">
                       1.0000000000,   0.0000000000,   0.0000000000,
                       0.0000000000,   1.0000000000,   0.0000000000,
                       0.0000000000,   0.0000000000,   1.0000000000
                  </Orientation>
                  <Position type="Vector">0.03, -1.092685, -10.148715</Position>
               </HpHeadLight>
            </Fixed>
            <Revolute>
               <HpWeapon01>
                  <Axis type="Vector">0, 1, 0</Axis>
                  <Max type="float">0.78538001</Max>
                  <Min type="float">-0.7854</Min>
                  <Orientation type="Matrix">
                       0.9657034900,  -0.2596452800,   0.0000000000,
                       0.2596452800,   0.9657034900,  -0.0010680517,
                      277.31457e-06,   0.0010314212,   0.9999989300
                  </Orientation>
                  <Position type="Vector">-5.2679014, -2.4041359, 1.2773706</Position>
               </HpWeapon01>
               <HpWeapon02>
                  <Axis type="Vector">0, 1, 0</Axis>
                  <Max type="float">0.78538001</Max>
                  <Min type="float">-0.7854</Min>
                  <Orientation type="Matrix">
                       0.9659264100,   0.2588168400,   0.0000000000,
                      -0.2588168400,   0.9659264100,  2.5777615e-06,
                      667.16808e-09, -2.4899280e-06,   1.0000000000
                  </Orientation>
                  <Position type="Vector">5.4051433, -2.4249816, 1.2773706</Position>
               </HpWeapon02>
               <HpWeapon03>
                  <Axis type="Vector">0, 1, 0</Axis>
                  <Max type="float">0.43633232</Max>
                  <Min type="float">-0.2617994</Min>
                  <Orientation type="Matrix">
                       1.0000000000,   0.0000000000,   0.0000000000,
                       0.0000000000,   1.0000000000,   0.0000000000,
                       0.0000000000,   0.0000000000,   1.0000000000
                  </Orientation>
                  <Position type="Vector">-1.84919, 1.57741, 0.27677199</Position>
               </HpWeapon03>
               <HpWeapon04>
                  <Axis type="Vector">0, 1, 0</Axis>
                  <Max type="float">0.2617994</Max>
                  <Min type="float">-0.43633232</Min>
                  <Orientation type="Matrix">
                       1.0000000000,   0.0000000000,   0.0000000000,
                       0.0000000000,   1.0000000000,   0.0000000000,
                       0.0000000000,   0.0000000000,   1.0000000000
                  </Orientation>
                  <Position type="Vector">1.96559, 1.57741, 0.27677199</Position>
               </HpWeapon04>
               <HpWeapon05>
                  <Axis type="Vector">0, 1, 0</Axis>
                  <Max type="float">0.78538001</Max>
                  <Min type="float">-0.7854</Min>
                  <Orientation type="Matrix">
                       1.0000000000,  197.26760e-09,   0.0000000000,
                     -197.26760e-09,   1.0000000000,  591.76364e-09,
                      116.73579e-15, -591.76364e-09,   1.0000000000
                  </Orientation>
                  <Position type="Vector">-3.9963078, 1.5148723, 0.1933894</Position>
               </HpWeapon05>
               <HpWeapon06>
                  <Axis type="Vector">0, 1, 0</Axis>
                  <Max type="float">0.78538001</Max>
                  <Min type="float">-0.7854</Min>
                  <Orientation type="Matrix">
                       1.0000000000, -197.26751e-09,   0.0000000000,
                      197.26751e-09,   1.0000000000,  591.80326e-09,
                     -116.74356e-15, -591.80326e-09,   1.0000000000
                  </Orientation>
                  <Position type="Vector">4.1196523, 1.5148723, 0.20728669</Position>
               </HpWeapon06>
               <HpTurret01>
                  <Axis type="Vector">0, 1, 0</Axis>
                  <Max type="float">1.3962634</Max>
                  <Min type="float">-1.3962634</Min>
                  <Orientation type="Matrix">
                       1.0000000000,   0.0000000000,   0.0000000000,
                       0.0000000000,   1.0000000000,   0.0000000000,
                       0.0000000000,   0.0000000000,   1.0000000000
                  </Orientation>
                  <Position type="Vector">0.051943, 1.2126091, -6.9358711</Position>
               </HpTurret01>
               <HpTorpedo01>
                  <Axis type="Vector">0, 1, 0</Axis>
                  <Max type="float">0.78538001</Max>
                  <Min type="float">-0.7854</Min>
                  <Orientation type="Matrix">
                      -1.0000000000,  305.84917e-09,   0.0000000000,
                     -305.84917e-09,  -1.0000000000,  153.97194e-09,
                      47.092189e-15,  153.97194e-09,   1.0000000000
                  </Orientation>
                  <Position type="Vector">0.059355736, -1.5181898, -7.9364691</Position>
               </HpTorpedo01>
               <HpTorpedo02>
                  <Axis type="Vector">0, 1, 0</Axis>
                  <Max type="float">0.78538001</Max>
                  <Min type="float">-0.7854</Min>
                  <Orientation type="Matrix">
                      -1.0000000000,   0.0000000000,   0.0000000000,
                      -0.0000000000,  -1.0000000000,   0.0000000000,
                       0.0000000000,   0.0000000000,   1.0000000000
                  </Orientation>
                  <Position type="Vector">-1.7681251, -2.5187879, 2.4447341</Position>
               </HpTorpedo02>
               <HpTorpedo03>
                  <Axis type="Vector">0, 1, 0</Axis>
                  <Max type="float">0.78538001</Max>
                  <Min type="float">-0.7854</Min>
                  <Orientation type="Matrix">
                      -1.0000000000,   0.0000000000,   0.0000000000,
                      -0.0000000000,  -1.0000000000,  -0.0000000000,
                      -0.0000000000,  -0.0000000000,   1.0000000000
                  </Orientation>
                  <Position type="Vector">1.8729395, -2.5187879, 2.4447341</Position>
               </HpTorpedo03>
            </Revolute>
         </Hardpoints>
         <MultiLevel>
            <Level0>
               <VMeshPart>
                  <VMeshRef type="VMeshRef">
                     <!-- header size  --> 60,
                     <!-- vmesh lib    --> Group9.lod0.vms,
                     <!-- start vert   --> 0,
                     <!-- num verts    --> 0,
                     <!-- start index  --> 0,
                     <!-- num indices  --> 0,
                     <!-- start mesh   --> 0,
                     <!-- num meshes   --> 31,
                     <!-- bounding box --> -7.3278961, -3.1283913, -10.154554,
                                            7.4363098,  4.3659487,   6.7320371,
                     <!-- center       -->  0,          0,           0,
                     <!-- radius       --> 10.154554
                  </VMeshRef>
               </VMeshPart>
            </Level0>
         </MultiLevel>
      </Group9.3db>
   </UTF_ROOT>
</UTFXML>
