<?xml version="1.0" encoding="ISO-8859-1"?>
<!-- XML generated by UTFXML Version 2.2 built 19-Aug-2010 -->
<UTFXML filename="co_freighter.cmp" path="SHIPS\CORSAIR\CO_FREIGHTER">
   <UTF_ROOT>
      <VMeshLibrary>
         <data.ships.corsair.co_freighter.co_freighter.lod0-112.vms include="co_freighter_cmp\lod0-112.vms.xml"/>
         <data.ships.corsair.co_freighter.co_freighter.lod1-112.vms include="co_freighter_cmp\lod1-112.vms.xml"/>
         <data.ships.corsair.co_freighter.co_freighter.lod2-112.vms include="co_freighter_cmp\lod2-112.vms.xml"/>
      </VMeshLibrary>
      <Animation>
         <Script>
            <Sc_open_baydoor name="Sc_open baydoor">
               <Joint_map_0 name="Joint map 0">
                  <Channel>
                     <Header type="Header">
                        <!-- count    --> 2,
                        <!-- interval --> Explicit,
                        <!-- flags    --> 0x1
                     </Header>
                     <Frames type="Frames" count="2">
                          0.0000000000:   0.0000000000
                          2.1333334000:   1.3875300000
                     </Frames>
                  </Channel>
                  <Child_name name="Child name" type="text">baydoor01_lod1</Child_name>
                  <Parent_name name="Parent name" type="text">Root</Parent_name>
               </Joint_map_0>
               <Joint_map_1 name="Joint map 1">
                  <Channel>
                     <Header type="Header">
                        <!-- count    --> 2,
                        <!-- interval --> Explicit,
                        <!-- flags    --> 0x1
                     </Header>
                     <Frames type="Frames" count="2">
                          0.0000000000:   0.0000000000
                          2.1333334000:   1.3875300000
                     </Frames>
                  </Channel>
                  <Child_name name="Child name" type="text">baydoor02_lod1</Child_name>
                  <Parent_name name="Parent name" type="text">Root</Parent_name>
               </Joint_map_1>
            </Sc_open_baydoor>
         </Script>
      </Animation>
      <baydoor01_lod1030107123152.3db>
         <VMeshWire include="co_freighter_cmp\baydoor01_lod1.vwd.xml"/>
         <MultiLevel>
            <Level0>
               <VMeshPart>
                  <VMeshRef type="VMeshRef">
                     <!-- header size  --> 60,
                     <!-- vmesh lib    --> data.ships.corsair.co_freighter.co_freighter.lod0-112.vms,
                     <!-- start vert   --> 2912,
                     <!-- num verts    --> 17,
                     <!-- start index  --> 3054,
                     <!-- num indices  --> 21,
                     <!-- start mesh   --> 16,
                     <!-- num meshes   --> 1,
                     <!-- bounding box --> 10.108412e-6,   2.8475289,    2.9902685,
                                           -1.4899451,   -22.155804e-6, -2.9902685,
                     <!-- center       --> -0.71835768,    1.4261775,   -0.0052052098,
                     <!-- radius       --> 3.3950243
                  </VMeshRef>
               </VMeshPart>
            </Level0>
            <Level1>
               <VMeshPart>
                  <VMeshRef type="VMeshRef">
                     <!-- header size  --> 60,
                     <!-- vmesh lib    --> data.ships.corsair.co_freighter.co_freighter.lod1-112.vms,
                     <!-- start vert   --> 1886,
                     <!-- num verts    --> 17,
                     <!-- start index  --> 1941,
                     <!-- num indices  --> 21,
                     <!-- start mesh   --> 14,
                     <!-- num meshes   --> 1,
                     <!-- bounding box --> 10.108412e-6,   2.8475289,    2.9902685,
                                           -1.4899451,   -22.155804e-6, -2.9902685,
                     <!-- center       --> -0.71835768,    1.4261775,   -0.0052052098,
                     <!-- radius       --> 3.3950243
                  </VMeshRef>
               </VMeshPart>
            </Level1>
            <Level2>
               <VMeshPart>
                  <VMeshRef type="VMeshRef">
                     <!-- header size  --> 60,
                     <!-- vmesh lib    --> data.ships.corsair.co_freighter.co_freighter.lod2-112.vms,
                     <!-- start vert   --> 1068,
                     <!-- num verts    --> 17,
                     <!-- start index  --> 1092,
                     <!-- num indices  --> 21,
                     <!-- start mesh   --> 13,
                     <!-- num meshes   --> 1,
                     <!-- bounding box --> 10.108412e-6,   2.8475289,    2.9902685,
                                           -1.4899451,   -22.155804e-6, -2.9902685,
                     <!-- center       --> -0.71835768,    1.4261775,   -0.0052052098,
                     <!-- radius       --> 3.3950243
                  </VMeshRef>
               </VMeshPart>
            </Level2>
            <Switch2 type="float array" count="4">
               0,
               100,
               1000,
               1000000
            </Switch2>
         </MultiLevel>
         <Hardpoints>
            <Fixed>
               <Hpnew01>
                  <Orientation type="Matrix">
                       1.0000000000,   0.0000000000,   0.0000000000,
                       0.0000000000,   1.0000000000,   0.0000000000,
                       0.0000000000,   0.0000000000,   1.0000000000
                  </Orientation>
                  <Position type="Vector">-1, 0, 0</Position>
               </Hpnew01>
               <Hpnew02>
                  <Orientation type="Matrix">
                       1.0000000000,   0.0000000000,   0.0000000000,
                       0.0000000000,   1.0000000000,   0.0000000000,
                       0.0000000000,   0.0000000000,   1.0000000000
                  </Orientation>
                  <Position type="Vector">-1, 0, 0</Position>
               </Hpnew02>
               <Hpnew03>
                  <Orientation type="Matrix">
                       1.0000000000,   0.0000000000,   0.0000000000,
                       0.0000000000,   1.0000000000,   0.0000000000,
                       0.0000000000,   0.0000000000,   1.0000000000
                  </Orientation>
                  <Position type="Vector">-1, 0, 0</Position>
               </Hpnew03>
            </Fixed>
         </Hardpoints>
      </baydoor01_lod1030107123152.3db>
      <baydoor02_lod1030107123152.3db>
         <VMeshWire include="co_freighter_cmp\baydoor02_lod1.vwd.xml"/>
         <MultiLevel>
            <Level0>
               <VMeshPart>
                  <VMeshRef type="VMeshRef">
                     <!-- header size  --> 60,
                     <!-- vmesh lib    --> data.ships.corsair.co_freighter.co_freighter.lod0-112.vms,
                     <!-- start vert   --> 2895,
                     <!-- num verts    --> 17,
                     <!-- start index  --> 3033,
                     <!-- num indices  --> 21,
                     <!-- start mesh   --> 15,
                     <!-- num meshes   --> 1,
                     <!-- bounding box -->  9.1688307e-6,   2.8475294,    2.9902713,
                                           -1.4899461,    -21.562624e-6, -2.9902654,
                     <!-- center       --> -0.7183587,      1.4261782,    0.0052082418,
                     <!-- radius       --> 3.3950241
                  </VMeshRef>
               </VMeshPart>
            </Level0>
            <Level1>
               <VMeshPart>
                  <VMeshRef type="VMeshRef">
                     <!-- header size  --> 60,
                     <!-- vmesh lib    --> data.ships.corsair.co_freighter.co_freighter.lod1-112.vms,
                     <!-- start vert   --> 1869,
                     <!-- num verts    --> 17,
                     <!-- start index  --> 1920,
                     <!-- num indices  --> 21,
                     <!-- start mesh   --> 13,
                     <!-- num meshes   --> 1,
                     <!-- bounding box -->  9.1688307e-6,   2.8475294,    2.9902713,
                                           -1.4899461,    -21.562624e-6, -2.9902654,
                     <!-- center       --> -0.7183587,      1.4261782,    0.0052082418,
                     <!-- radius       --> 3.3950241
                  </VMeshRef>
               </VMeshPart>
            </Level1>
            <Level2>
               <VMeshPart>
                  <VMeshRef type="VMeshRef">
                     <!-- header size  --> 60,
                     <!-- vmesh lib    --> data.ships.corsair.co_freighter.co_freighter.lod2-112.vms,
                     <!-- start vert   --> 1051,
                     <!-- num verts    --> 17,
                     <!-- start index  --> 1071,
                     <!-- num indices  --> 21,
                     <!-- start mesh   --> 12,
                     <!-- num meshes   --> 1,
                     <!-- bounding box -->  9.1688307e-6,   2.8475294,    2.9902713,
                                           -1.4899461,    -21.562624e-6, -2.9902654,
                     <!-- center       --> -0.7183587,      1.4261782,    0.0052082418,
                     <!-- radius       --> 3.3950241
                  </VMeshRef>
               </VMeshPart>
            </Level2>
            <Switch2 type="float array" count="4">
               0,
               100,
               1000,
               1000000
            </Switch2>
         </MultiLevel>
      </baydoor02_lod1030107123152.3db>
      <Cmpnd>
         <Cons>
            <Fix type="Fix" count="6">
               <part>
                  <!-- parent      --> "Root",
                  <!-- child       --> "port_engine_lod1",
                  <!-- position    --> -4.0314894, -2.0984578, 8.2510033,
                  <!-- orientation -->   1.0000000000,  7.4505859e-09, -81.956387e-09,
                                       -7.4505815e-09,   1.0000000000,  59.604641e-09,
                                        81.956387e-09, -59.604641e-09,   1.0000000000
               </part>
               <part>
                  <!-- parent      --> "Root",
                  <!-- child       --> "starboard_engine_lod1",
                  <!-- position    --> 4.027513, -2.0984559, 8.2510033,
                  <!-- orientation -->   1.0000000000,  7.4505859e-09, -81.956387e-09,
                                       -7.4505815e-09,   1.0000000000,  59.604641e-09,
                                        81.956387e-09, -59.604641e-09,   1.0000000000
               </part>
               <part>
                  <!-- parent      --> "Root",
                  <!-- child       --> "fins_top_lod1",
                  <!-- position    --> -2.5085423, 4.6088462, 8.1530752,
                  <!-- orientation -->   1.0000000000,  7.4505859e-09, -81.956387e-09,
                                       -7.4505815e-09,   1.0000000000,  59.604641e-09,
                                        81.956387e-09, -59.604641e-09,   1.0000000000
               </part>
               <part>
                  <!-- parent      --> "Root",
                  <!-- child       --> "starboard_wing_lod1",
                  <!-- position    --> 5.0633926, -4.2385941, -0.97959596,
                  <!-- orientation -->   1.0000000000,  7.4505859e-09, -81.956387e-09,
                                       -7.4505815e-09,   1.0000000000,  59.604641e-09,
                                        81.956387e-09, -59.604641e-09,   1.0000000000
               </part>
               <part>
                  <!-- parent      --> "Root",
                  <!-- child       --> "port_wing_lod1",
                  <!-- position    --> -5.0687733, -4.2385983, -0.9795956,
                  <!-- orientation -->   1.0000000000,  7.4505859e-09, -81.956387e-09,
                                       -7.4505815e-09,   1.0000000000,  59.604641e-09,
                                        81.956387e-09, -59.604641e-09,   1.0000000000
               </part>
               <part>
                  <!-- parent      --> "Root",
                  <!-- child       --> "glass_lod1",
                  <!-- position    --> -126.68266e-12, -310.53349e-12, 207.02196e-12,
                  <!-- orientation -->   1.0000000000,  39.704669e-24, -6.6174449e-24,
                                       -39.704669e-24,   1.0000000000,  111.02232e-18,
                                        6.6174449e-24, -111.02232e-18,   1.0000000000
               </part>
            </Fix>
            <Rev type="Rev" count="2">
               <part>
                  <!-- parent      --> "Root",
                  <!-- child       --> "baydoor01_lod1",
                  <!-- position    --> -1.4863141, 0.29228097, 1.7121243,
                  <!-- offset      --> 0, 0, 0,
                  <!-- orientation -->  -1.0000000000, -178.81389e-09,  150.99585e-09,
                                       -178.81393e-09,   1.0000000000, -298.02322e-09,
                                       -150.99579e-09, -298.02325e-09,  -1.0000000000,
                  <!-- axis        --> -72.474734e-09,  164.56552e-09,   1.0000000000,
                  <!-- min, max    --> 0, 1.38753
               </part>
               <part>
                  <!-- parent      --> "Root",
                  <!-- child       --> "baydoor02_lod1",
                  <!-- position    --> 1.4867244, 0.29228145, 1.7121252,
                  <!-- offset      --> 0, 0, 0,
                  <!-- orientation -->   1.0000000000,  5.1531765e-15,  624.33740e-18,
                                       -5.1531765e-15,   1.0000000000,  303.92525e-09,
                                       -624.33581e-18, -303.92525e-09,   1.0000000000,
                  <!-- axis        -->  43.687955e-09, -522.19372e-09,  -1.0000000000,
                  <!-- min, max    --> 0, 1.38753
               </part>
            </Rev>
         </Cons>
         <Part_baydoor01_lod1>
            <File_name name="File name" type="text">baydoor01_lod1030107123152.3db</File_name>
            <Index type="int">6</Index>
            <Object_name name="Object name" type="text">baydoor01_lod1</Object_name>
         </Part_baydoor01_lod1>
         <Part_baydoor02_lod1>
            <File_name name="File name" type="text">baydoor02_lod1030107123152.3db</File_name>
            <Index type="int">7</Index>
            <Object_name name="Object name" type="text">baydoor02_lod1</Object_name>
         </Part_baydoor02_lod1>
         <Part_fins_top_lod1>
            <File_name name="File name" type="text">fins_top_lod1030107123152.3db</File_name>
            <Index type="int">3</Index>
            <Object_name name="Object name" type="text">fins_top_lod1</Object_name>
         </Part_fins_top_lod1>
         <Part_glass_lod1>
            <File_name name="File name" type="text">glass_lod1030107123152.3db</File_name>
            <Index type="int">8</Index>
            <Object_name name="Object name" type="text">glass_lod1</Object_name>
         </Part_glass_lod1>
         <Part_port_engine_lod1>
            <File_name name="File name" type="text">port_engine_lod1030107123152.3db</File_name>
            <Index type="int">1</Index>
            <Object_name name="Object name" type="text">port_engine_lod1</Object_name>
         </Part_port_engine_lod1>
         <Part_port_wing_lod1>
            <File_name name="File name" type="text">port_wing_lod1030107123152.3db</File_name>
            <Index type="int">5</Index>
            <Object_name name="Object name" type="text">port_wing_lod1</Object_name>
         </Part_port_wing_lod1>
         <Part_starboard_engine_lod1>
            <File_name name="File name" type="text">starboard_engine_lod1030107123152.3db</File_name>
            <Index type="int">2</Index>
            <Object_name name="Object name" type="text">starboard_engine_lod1</Object_name>
         </Part_starboard_engine_lod1>
         <Part_starboard_wing_lod1>
            <File_name name="File name" type="text">starboard_wing_lod1030107123152.3db</File_name>
            <Index type="int">4</Index>
            <Object_name name="Object name" type="text">starboard_wing_lod1</Object_name>
         </Part_starboard_wing_lod1>
         <Root>
            <File_name name="File name" type="text">co_freighter_lod1030107123152.3db</File_name>
            <Index type="int">0</Index>
            <Object_name name="Object name" type="text">Root</Object_name>
         </Root>
      </Cmpnd>
      <co_freighter_lod1030107123152.3db>
         <Hardpoints>
            <Fixed>
               <DpFinstop>
                  <Orientation type="Matrix">
                       1.0000000000,  39.704669e-24, -6.6174449e-24,
                     -39.704669e-24,   1.0000000000,  111.02232e-18,
                      6.6174449e-24, -111.02232e-18,   1.0000000000
                  </Orientation>
                  <Position type="Vector">0.0023837346, 3.4803593, 7.4093266</Position>
               </DpFinstop>
               <DpPortengine>
                  <Orientation type="Matrix">
                       1.0000000000,  71.103507e-09,  70.072211e-09,
                     -71.103507e-09,   1.0000000000, -49.906490e-09,
                     -70.072211e-09,  49.906486e-09,   1.0000000000
                  </Orientation>
                  <Position type="Vector">-2.5659955, -1.7307538, 7.1147785</Position>
               </DpPortengine>
               <DpPortwing>
                  <Orientation type="Matrix">
                       1.0000000000,  70.755959e-09,  68.104264e-09,
                     -70.755959e-09,   1.0000000000, -36.323328e-09,
                     -68.104264e-09,  36.323325e-09,   1.0000000000
                  </Orientation>
                  <Position type="Vector">-2.6155055, -1.428611, 1.264629</Position>
               </DpPortwing>
               <DpStarboardengine>
                  <Orientation type="Matrix">
                       1.0000000000,  8.8180343e-09,  64.609488e-09,
                     -8.8180343e-09,   1.0000000000,  2.2795079e-09,
                     -64.609488e-09, -2.2795086e-09,   1.0000000000
                  </Orientation>
                  <Position type="Vector">2.5798092, -1.7307531, 7.114779</Position>
               </DpStarboardengine>
               <DpStarboardwing>
                  <Orientation type="Matrix">
                       1.0000000000,  32.859091e-09,  21.673410e-09,
                     -32.859091e-09,   1.0000000000,  31.301649e-09,
                     -21.673408e-09, -31.301649e-09,   1.0000000000
                  </Orientation>
                  <Position type="Vector">4.4693046, -1.4360174, 0.45998636</Position>
               </DpStarboardwing>
               <HpBayDoor01>
                  <Orientation type="Matrix">
                       1.0000000000,  39.704669e-24, -6.6174449e-24,
                     -39.704669e-24,   1.0000000000,  111.02232e-18,
                      6.6174449e-24, -111.02232e-18,   1.0000000000
                  </Orientation>
                  <Position type="Vector">0.0069464939, 0.28651607, 1.3841006</Position>
               </HpBayDoor01>
               <HpBayDoor02>
                  <Orientation type="Matrix">
                       1.0000000000,  39.704669e-24, -6.6174449e-24,
                     -39.704669e-24,   1.0000000000,  111.02232e-18,
                      6.6174449e-24, -111.02232e-18,   1.0000000000
                  </Orientation>
                  <Position type="Vector">0.0069461227, 4.4857774, 1.3841006</Position>
               </HpBayDoor02>
               <HpCloak01>
                  <Orientation type="Matrix">
                      14.901160e-09,   1.0000000000, -29.802322e-09,
                     -29.802321e-09,  29.802322e-09,   1.0000000000,
                       1.0000000000, -14.901159e-09,  29.802321e-09
                  </Orientation>
                  <Position type="Vector">0.06365408, -0.56873679, 0.51052058</Position>
               </HpCloak01>
               <HpCM01>
                  <Orientation type="Matrix">
                       0.2923718700,   0.9563047300,  26.713865e-09,
                      -0.9563047300,   0.2923718700, -99.182770e-09,
                     -102.65934e-09,  3.4516567e-09,   1.0000000000
                  </Orientation>
                  <Position type="Vector">1.3509625, 0.7301634, 8.1283617</Position>
               </HpCM01>
               <HpCockpit>
                  <Orientation type="Matrix">
                       1.0000000000, -44.113943e-09,  29.022839e-09,
                      44.113943e-09,   1.0000000000,  52.968890e-09,
                     -29.022841e-09, -52.968890e-09,   1.0000000000
                  </Orientation>
                  <Position type="Vector">0.012307579, 2.5987728, -3.1599736</Position>
               </HpCockpit>
               <HpCockpitEx>
                  <Orientation type="Matrix">
                       1.0000000000, -44.113943e-09,  29.022839e-09,
                      44.113943e-09,   1.0000000000,  52.968890e-09,
                     -29.022841e-09, -52.968890e-09,   1.0000000000
                  </Orientation>
                  <Position type="Vector">0.012308629, 12.962523, 62.85548</Position>
               </HpCockpitEx>
               <HpHeadLight>
                  <Orientation type="Matrix">
                       1.0000000000,  39.704669e-24, -6.6174449e-24,
                     -39.704669e-24,   1.0000000000,  111.02232e-18,
                      6.6174449e-24, -111.02232e-18,   1.0000000000
                  </Orientation>
                  <Position type="Vector">0.0069461595, 1.4930768, -6.241364</Position>
               </HpHeadLight>
               <HpMine01>
                  <Orientation type="Matrix">
                      -1.0000000000,  289.70854e-09,  122.10918e-09,
                     -87.422798e-09,  -0.6293203200,   0.7771459800,
                      301.99163e-09,   0.7771459800,   0.6293203200
                  </Orientation>
                  <Position type="Vector">0.0069467169, -2.4390721, 6.6269531</Position>
               </HpMine01>
               <HpMount>
                  <Orientation type="Matrix">
                       1.0000000000,  39.704669e-24, -6.6174449e-24,
                     -39.704669e-24,   1.0000000000,  111.02232e-18,
                      6.6174449e-24, -111.02232e-18,   1.0000000000
                  </Orientation>
                  <Position type="Vector">0.0069472389, -8.1202974, 1.4559432</Position>
               </HpMount>
               <HpPilot>
                  <Orientation type="Matrix">
                       1.0000000000, -44.113943e-09,  29.022839e-09,
                      44.113943e-09,   1.0000000000,  52.968890e-09,
                     -29.022841e-09, -52.968890e-09,   1.0000000000
                  </Orientation>
                  <Position type="Vector">0.012307607, 1.825006, -3.4006221</Position>
               </HpPilot>
               <HpRunningLight03>
                  <Orientation type="Matrix">
                       1.0000000000,  39.704669e-24, -6.6174449e-24,
                     -39.704669e-24,   1.0000000000,  111.02232e-18,
                      6.6174449e-24, -111.02232e-18,   1.0000000000
                  </Orientation>
                  <Position type="Vector">2.6630895, -0.95445788, -9.8718224</Position>
               </HpRunningLight03>
               <HpRunningLight04>
                  <Orientation type="Matrix">
                       1.0000000000,  39.704669e-24, -6.6174449e-24,
                     -39.704669e-24,   1.0000000000,  111.02232e-18,
                      6.6174449e-24, -111.02232e-18,   1.0000000000
                  </Orientation>
                  <Position type="Vector">-2.6520741, -0.95445812, -9.8716164</Position>
               </HpRunningLight04>
               <HpShield01>
                  <Orientation type="Matrix">
                       1.0000000000,  3.1086245e-15, -222.04460e-18,
                     -3.0683851e-15,   0.9945219200,   0.1045284700,
                      545.76800e-18,  -0.1045284700,   0.9945219200
                  </Orientation>
                  <Position type="Vector">0.0069461227, 3.5028551, -2.2619245</Position>
               </HpShield01>
               <HpThruster01>
                  <Orientation type="Matrix">
                       0.3090169100,  -0.9510565400,  9.8754906e-09,
                       0.9510565400,   0.3090169100, -128.55989e-09,
                      119.21603e-09,  49.119329e-09,   1.0000000000
                  </Orientation>
                  <Position type="Vector">-1.3543403, 0.73016316, 8.1283617</Position>
               </HpThruster01>
               <HpTractor_Source>
                  <Orientation type="Matrix">
                       1.0000000000,  39.704669e-24, -6.6174449e-24,
                     -39.704669e-24,   1.0000000000,  111.02232e-18,
                      6.6174449e-24, -111.02232e-18,   1.0000000000
                  </Orientation>
                  <Position type="Vector">0.0069461595, 1.4930768, -6.241364</Position>
               </HpTractor_Source>
            </Fixed>
            <Revolute>
               <HpTurret01>
                  <Axis type="Vector">0, 1, 0</Axis>
                  <Max type="float">1.5707799</Max>
                  <Min type="float">-1.5707999</Min>
                  <Orientation type="Matrix">
                       1.0000000000,  39.704669e-24, -6.6174449e-24,
                     -39.704669e-24,   1.0000000000,  111.02232e-18,
                      6.6174449e-24, -111.02232e-18,   1.0000000000
                  </Orientation>
                  <Position type="Vector">0.0069462713, 4.4558945, 6.295156</Position>
               </HpTurret01>
               <HpTurret04>
                  <Axis type="Vector">0, 1, 0</Axis>
                  <Max type="float">2.0071099</Max>
                  <Min type="float">-2.0071299</Min>
                  <Orientation type="Matrix">
                       1.0000000000,  87.422784e-09, -150.99580e-09,
                      87.422784e-09,  -1.0000000000, -15.072773e-15,
                     -150.99580e-09,  1.8723000e-15,  -1.0000000000
                  </Orientation>
                  <Position type="Vector">0.0069462713, -3.0939789, 4.9617023</Position>
               </HpTurret04>
               <HpWeapon01>
                  <Axis type="Vector">0, 1, 0</Axis>
                  <Max type="float">0.34904999</Max>
                  <Min type="float">-0.69813997</Min>
                  <Orientation type="Matrix">
                       0.3090169400,   0.9510565400, -45.971721e-09,
                      -0.9510565400,   0.3090169400,  62.284954e-09,
                      73.442557e-09,  24.474600e-09,   1.0000000000
                  </Orientation>
                  <Position type="Vector">4.2199464, -3.2423108, -7.1707425</Position>
               </HpWeapon01>
               <HpWeapon02>
                  <Axis type="Vector">0, 1, 0</Axis>
                  <Max type="float">0.69813001</Max>
                  <Min type="float">-0.34906998</Min>
                  <Orientation type="Matrix">
                       0.3090170300,  -0.9510564800,  18.207485e-09,
                       0.9510564800,   0.3090170300,  33.315970e-09,
                     -37.311793e-09,  7.0211446e-09,   1.0000000000
                  </Orientation>
                  <Position type="Vector">-4.2064986, -3.2423112, -7.170742</Position>
               </HpWeapon02>
               <HpWeapon03>
                  <Axis type="Vector">0, 1, 0</Axis>
                  <Max type="float">0.34904999</Max>
                  <Min type="float">-0.34906998</Min>
                  <Orientation type="Matrix">
                       0.3907311300,   0.9205048700, -28.922315e-09,
                      -0.9205048700,   0.3907311300, -80.932928e-09,
                     -63.198307e-09,  58.246147e-09,   1.0000000000
                  </Orientation>
                  <Position type="Vector">3.1169465, -0.87122273, -8.8258839</Position>
               </HpWeapon03>
               <HpWeapon04>
                  <Axis type="Vector">0, 1, 0</Axis>
                  <Max type="float">0.34904999</Max>
                  <Min type="float">-0.34906998</Min>
                  <Orientation type="Matrix">
                       0.3907311600,  -0.9205048100, -31.346897e-09,
                       0.9205048100,   0.3907311600, -47.902670e-09,
                      56.342849e-09, -10.137903e-09,   1.0000000000
                  </Orientation>
                  <Position type="Vector">-3.1030443, -0.87122285, -8.825882</Position>
               </HpWeapon04>
               <HpTorpedo01>
                  <Axis type="Vector">0, 1, 0</Axis>
                  <Max type="float">0.78539819</Max>
                  <Min type="float">-0.78539819</Min>
                  <Orientation type="Matrix">
                      -1.0000000000, -87.422777e-09,   0.0000000000,
                      87.422777e-09,  -1.0000000000,  -0.0000000000,
                       0.0000000000,   0.0000000000,   1.0000000000
                  </Orientation>
                  <Position type="Vector">-0.021453001, -5.1099262, -4.470624</Position>
               </HpTorpedo01>
            </Revolute>
         </Hardpoints>
         <VMeshWire include="co_freighter_cmp\co_freighter_lod1.vwd.xml"/>
         <MultiLevel>
            <Level0>
               <VMeshPart>
                  <VMeshRef type="VMeshRef">
                     <!-- header size  --> 60,
                     <!-- vmesh lib    --> data.ships.corsair.co_freighter.co_freighter.lod0-112.vms,
                     <!-- start vert   --> 0,
                     <!-- num verts    --> 1822,
                     <!-- start index  --> 0,
                     <!-- num indices  --> 1878,
                     <!-- start mesh   --> 0,
                     <!-- num meshes   --> 4,
                     <!-- bounding box -->  4.440001,    5.1099257,     9.6313114,
                                           -4.44,       -5.1099267,    -9.6313105,
                     <!-- center       -->  0.08209043,  0.0067766351, -0.22351652,
                     <!-- radius       --> 10.095775
                  </VMeshRef>
               </VMeshPart>
            </Level0>
            <Level1>
               <VMeshPart>
                  <VMeshRef type="VMeshRef">
                     <!-- header size  --> 60,
                     <!-- vmesh lib    --> data.ships.corsair.co_freighter.co_freighter.lod1-112.vms,
                     <!-- start vert   --> 0,
                     <!-- num verts    --> 1043,
                     <!-- start index  --> 0,
                     <!-- num indices  --> 1059,
                     <!-- start mesh   --> 0,
                     <!-- num meshes   --> 4,
                     <!-- bounding box -->  4.440001,    5.1099257,     9.6313114,
                                           -4.44,       -5.1099267,    -9.6313105,
                     <!-- center       -->  0.08209043,  0.0067766351, -0.22351652,
                     <!-- radius       --> 10.095775
                  </VMeshRef>
               </VMeshPart>
            </Level1>
            <Level2>
               <VMeshPart>
                  <VMeshRef type="VMeshRef">
                     <!-- header size  --> 60,
                     <!-- vmesh lib    --> data.ships.corsair.co_freighter.co_freighter.lod2-112.vms,
                     <!-- start vert   --> 0,
                     <!-- num verts    --> 528,
                     <!-- start index  --> 0,
                     <!-- num indices  --> 534,
                     <!-- start mesh   --> 0,
                     <!-- num meshes   --> 4,
                     <!-- bounding box -->  4.440001,    5.1099257,     9.6313114,
                                           -4.44,       -5.1099267,    -9.6313105,
                     <!-- center       -->  0.08209043,  0.0067766351, -0.22351652,
                     <!-- radius       --> 10.095775
                  </VMeshRef>
               </VMeshPart>
            </Level2>
            <Switch2 type="float array" count="4">
               0,
               100,
               1000,
               1000000
            </Switch2>
         </MultiLevel>
      </co_freighter_lod1030107123152.3db>
      <Exporter_Version name="Exporter Version" type="text">Nov  5 2002 11:41:55</Exporter_Version>
      <fins_top_lod1030107123152.3db>
         <Hardpoints>
            <Fixed>
               <HpDocklight01>
                  <Orientation type="Matrix">
                      -1.0000000000, -87.445315e-09, -6.6176171e-09,
                     -87.445315e-09,   1.0000000000,  32.732139e-09,
                      6.6176145e-09,  32.732139e-09,  -1.0000000000
                  </Orientation>
                  <Position type="Vector">4.253489, 3.0671926, 1.3678763</Position>
               </HpDocklight01>
               <HpDocklight02>
                  <Orientation type="Matrix">
                      -1.0000000000, -46.981000e-09, -23.849752e-09,
                     -46.981000e-09,   1.0000000000, -28.496794e-09,
                      23.849754e-09, -28.496792e-09,  -1.0000000000
                  </Orientation>
                  <Position type="Vector">0.77707624, 3.0671923, 1.3680837</Position>
               </HpDocklight02>
               <HpRunningLight01>
                  <Orientation type="Matrix">
                      -1.0000000000, -46.981022e-09, -87.422777e-09,
                     -46.981018e-09,   1.0000000000, -28.496776e-09,
                      87.422777e-09, -28.496773e-09,  -1.0000000000
                  </Orientation>
                  <Position type="Vector">0.77707613, 3.121367, -0.35269049</Position>
               </HpRunningLight01>
               <HpRunningLight02>
                  <Orientation type="Matrix">
                      -1.0000000000, -72.567218e-09, -67.613122e-09,
                     -72.567218e-09,   1.0000000000,  29.590696e-09,
                      67.613122e-09,  29.590701e-09,  -1.0000000000
                  </Orientation>
                  <Position type="Vector">4.253489, 3.1213672, -0.35289639</Position>
               </HpRunningLight02>
            </Fixed>
         </Hardpoints>
         <VMeshWire include="co_freighter_cmp\fins_top_lod1.vwd.xml"/>
         <MultiLevel>
            <Level0>
               <VMeshPart>
                  <VMeshRef type="VMeshRef">
                     <!-- header size  --> 60,
                     <!-- vmesh lib    --> data.ships.corsair.co_freighter.co_freighter.lod0-112.vms,
                     <!-- start vert   --> 3062,
                     <!-- num verts    --> 216,
                     <!-- start index  --> 3264,
                     <!-- num indices  --> 216,
                     <!-- start mesh   --> 19,
                     <!-- num meshes   --> 1,
                     <!-- bounding box -->  5.8242044,   3.0724616,  1.6395698,
                                           -0.99081016, -3.0724602, -1.6395696,
                     <!-- center       -->  2.2761846,  -0.5558635, -0.047188092,
                     <!-- radius       --> 4.3783979
                  </VMeshRef>
               </VMeshPart>
            </Level0>
            <Level1>
               <VMeshPart>
                  <VMeshRef type="VMeshRef">
                     <!-- header size  --> 60,
                     <!-- vmesh lib    --> data.ships.corsair.co_freighter.co_freighter.lod1-112.vms,
                     <!-- start vert   --> 1973,
                     <!-- num verts    --> 120,
                     <!-- start index  --> 2052,
                     <!-- num indices  --> 120,
                     <!-- start mesh   --> 17,
                     <!-- num meshes   --> 1,
                     <!-- bounding box -->  5.8242044,   3.0724616,  1.6395698,
                                           -0.99081016, -3.0724602, -1.6395696,
                     <!-- center       -->  2.2761846,  -0.5558635, -0.047188092,
                     <!-- radius       --> 4.3783979
                  </VMeshRef>
               </VMeshPart>
            </Level1>
            <Level2>
               <VMeshPart>
                  <VMeshRef type="VMeshRef">
                     <!-- header size  --> 60,
                     <!-- vmesh lib    --> data.ships.corsair.co_freighter.co_freighter.lod2-112.vms,
                     <!-- start vert   --> 1110,
                     <!-- num verts    --> 84,
                     <!-- start index  --> 1143,
                     <!-- num indices  --> 84,
                     <!-- start mesh   --> 16,
                     <!-- num meshes   --> 1,
                     <!-- bounding box -->  5.8242044,   3.0724616,  1.6395698,
                                           -0.99081016, -3.0724602, -1.6395696,
                     <!-- center       -->  2.2761846,  -0.5558635, -0.047188092,
                     <!-- radius       --> 4.3783979
                  </VMeshRef>
               </VMeshPart>
            </Level2>
            <Switch2 type="float array" count="4">
               0,
               100,
               1000,
               1000000
            </Switch2>
         </MultiLevel>
      </fins_top_lod1030107123152.3db>
      <glass_lod1030107123152.3db>
         <VMeshWire include="co_freighter_cmp\glass_lod1.vwd.xml"/>
         <MultiLevel>
            <Level0>
               <VMeshPart>
                  <VMeshRef type="VMeshRef">
                     <!-- header size  --> 60,
                     <!-- vmesh lib    --> data.ships.corsair.co_freighter.co_freighter.lod0-112.vms,
                     <!-- start vert   --> 2730,
                     <!-- num verts    --> 32,
                     <!-- start index  --> 2790,
                     <!-- num indices  --> 54,
                     <!-- start mesh   --> 12,
                     <!-- num meshes   --> 1,
                     <!-- bounding box -->  1.1966887,   3.3164177, -2.9832501,
                                           -1.1846808,   2.0923891, -4.9363408,
                     <!-- center       --> -0.029308982, 2.6130075, -4.0634789,
                     <!-- radius       --> 1.4295336
                  </VMeshRef>
               </VMeshPart>
            </Level0>
            <Level1>
               <VMeshPart>
                  <VMeshRef type="VMeshRef">
                     <!-- header size  --> 60,
                     <!-- vmesh lib    --> data.ships.corsair.co_freighter.co_freighter.lod1-112.vms,
                     <!-- start vert   --> 1743,
                     <!-- num verts    --> 29,
                     <!-- start index  --> 1761,
                     <!-- num indices  --> 42,
                     <!-- start mesh   --> 10,
                     <!-- num meshes   --> 1,
                     <!-- bounding box -->  1.1966887,   3.3164177, -2.9832501,
                                           -1.1846808,   2.0923891, -4.9363408,
                     <!-- center       --> -0.029308982, 2.6130075, -4.0634789,
                     <!-- radius       --> 1.4295336
                  </VMeshRef>
               </VMeshPart>
            </Level1>
            <Level2>
               <VMeshPart>
                  <VMeshRef type="VMeshRef">
                     <!-- header size  --> 60,
                     <!-- vmesh lib    --> data.ships.corsair.co_freighter.co_freighter.lod2-112.vms,
                     <!-- start vert   --> 976,
                     <!-- num verts    --> 23,
                     <!-- start index  --> 984,
                     <!-- num indices  --> 30,
