<?xml version="1.0" encoding="ISO-8859-1"?>
<!-- XML generated by UTFXML Version 2.2 built 19-Aug-2010 -->
<UTFXML filename="VosskBattleship.cmp" path="SHIPS\new\GOF2\capital">
   <UTF_ROOT>
      <VMeshLibrary>
         <vosskbattleship2.lod0-112.vms include="VosskBattleship_cmp\lod0-112.vms.xml"/>
      </VMeshLibrary>
      <Exporter_Version name="Exporter Version" type="text">Export</Exporter_Version>
      <Cmpnd>
         <Root>
            <Object_name name="Object name" type="text">Root</Object_name>
            <Index type="int">0</Index>
            <File_name name="File name" type="text">VosskBattleship2210507163252.3db</File_name>
         </Root>
      </Cmpnd>
      <VosskBattleship2210507163252.3db>
         <VMeshPart>
            <VMeshRef type="VMeshRef">
               <!-- header size  --> 60,
               <!-- vmesh lib    --> vosskbattleship2.lod0-112.vms,
               <!-- start vert   --> 0,
               <!-- num verts    --> 10941,
               <!-- start index  --> 0,
               <!-- num indices  --> 35196,
               <!-- start mesh   --> 0,
               <!-- num meshes   --> 1,
               <!-- bounding box -->  164.03055,      39.851192,   326.43365,
                                     -164.0305,      -35.9897,    -254.06023,
               <!-- center       -->   22.888184e-6,  -5.8400364,   36.186714,
               <!-- radius       --> 290.99554
            </VMeshRef>
         </VMeshPart>
         <Hardpoints>
            <Fixed>
               <HpMount>
                  <Position type="Vector">0, -50, -125</Position>
                  <Orientation type="Matrix">
                       1.0000000000,   0.0000000000,   0.0000000000,
                       0.0000000000,   1.0000000000,   0.0000000000,
                       0.0000000000,   0.0000000000,   1.0000000000
                  </Orientation>
               </HpMount>
               <HpEngine01>
                  <Position type="Vector">-55.958416, -7.6253142, -43.187351</Position>
                  <Orientation type="Matrix">
                       1.0000000000,   0.0000000000,   0.0000000000,
                       0.0000000000,   1.0000000000,   0.0000000000,
                       0.0000000000,   0.0000000000,   1.0000000000
                  </Orientation>
               </HpEngine01>
               <HpEngine02>
                  <Position type="Vector">55.991726, -7.6244111, -43.179165</Position>
                  <Orientation type="Matrix">
                       1.0000000000,   0.0000000000,   0.0000000000,
                       0.0000000000,   1.0000000000,   0.0000000000,
                       0.0000000000,   0.0000000000,   1.0000000000
                  </Orientation>
               </HpEngine02>
               <HpFX01>
                  <Position type="Vector">0, 0, 0</Position>
                  <Orientation type="Matrix">
                       1.0000000000,   0.0000000000,   0.0000000000,
                       0.0000000000,   1.0000000000,   0.0000000000,
                       0.0000000000,   0.0000000000,   1.0000000000
                  </Orientation>
               </HpFX01>
               <HpFX02>
                  <Position type="Vector">0, 0, 0</Position>
                  <Orientation type="Matrix">
                      313.91644e-09,   0.9999998800,   0.0000000000,
                      -0.9999998800,  313.91644e-09,   0.0000000000,
                       0.0000000000,   0.0000000000,   1.0000000000
                  </Orientation>
               </HpFX02>
               <HpFX03>
                  <Position type="Vector">0, 0, 0</Position>
                  <Orientation type="Matrix">
                       1.0000000000,   0.0000000000,   0.0000000000,
                       0.0000000000,  313.91644e-09,   0.9999998800,
                       0.0000000000,  -0.9999998800,  313.91644e-09
                  </Orientation>
               </HpFX03>
               <HpCloak01>
                  <Position type="Vector">0, 0, 0</Position>
                  <Orientation type="Matrix">
                       1.0000000000,   0.0000000000,   0.0000000000,
                       0.0000000000,   1.0000000000,   0.0000000000,
                       0.0000000000,   0.0000000000,   1.0000000000
                  </Orientation>
               </HpCloak01>
               <HpTractor_Source>
                  <Position type="Vector">0, -25.365601, -254.00536</Position>
                  <Orientation type="Matrix">
                       1.0000000000,   0.0000000000,   0.0000000000,
                       0.0000000000,   1.0000000000,   0.0000000000,
                       0.0000000000,   0.0000000000,   1.0000000000
                  </Orientation>
               </HpTractor_Source>
               <HpDocklight01>
                  <Position type="Vector">-92.264351, -14.286513, 255.51732</Position>
                  <Orientation type="Matrix">
                       1.0000000000,   0.0000000000,   0.0000000000,
                       0.0000000000,   1.0000000000,   0.0000000000,
                       0.0000000000,   0.0000000000,   1.0000000000
                  </Orientation>
               </HpDocklight01>
               <HpDocklight02>
                  <Position type="Vector">92.316307, -14.200599, 255.51711</Position>
                  <Orientation type="Matrix">
                       1.0000000000,   0.0000000000,   0.0000000000,
                       0.0000000000,   1.0000000000,   0.0000000000,
                       0.0000000000,   0.0000000000,   1.0000000000
                  </Orientation>
               </HpDocklight02>
               <HpRunningLight01>
                  <Position type="Vector">-76.693024, 3.4701681, 200.67966</Position>
                  <Orientation type="Matrix">
                       1.0000000000,   0.0000000000,   0.0000000000,
                       0.0000000000,   1.0000000000,   0.0000000000,
                       0.0000000000,   0.0000000000,   1.0000000000
                  </Orientation>
               </HpRunningLight01>
               <HpRunningLight02>
                  <Position type="Vector">76.692795, 3.4697771, 200.6819</Position>
                  <Orientation type="Matrix">
                       1.0000000000,   0.0000000000,   0.0000000000,
                       0.0000000000,   1.0000000000,   0.0000000000,
                       0.0000000000,   0.0000000000,   1.0000000000
                  </Orientation>
               </HpRunningLight02>
               <HpRunningLight03>
                  <Position type="Vector">-57.540699, 7.186, 221.33253</Position>
                  <Orientation type="Matrix">
                       1.0000000000,   0.0000000000,   0.0000000000,
                       0.0000000000,   1.0000000000,   0.0000000000,
                       0.0000000000,   0.0000000000,   1.0000000000
                  </Orientation>
               </HpRunningLight03>
               <HpRunningLight04>
                  <Position type="Vector">57.540188, 7.1853919, 221.33553</Position>
                  <Orientation type="Matrix">
                       1.0000000000,   0.0000000000,   0.0000000000,
                       0.0000000000,   1.0000000000,   0.0000000000,
                       0.0000000000,   0.0000000000,   1.0000000000
                  </Orientation>
               </HpRunningLight04>
               <HpRunningLight05>
                  <Position type="Vector">-38.603424, 10.127021, 244.52765</Position>
                  <Orientation type="Matrix">
                       1.0000000000,   0.0000000000,   0.0000000000,
                       0.0000000000,   1.0000000000,   0.0000000000,
                       0.0000000000,   0.0000000000,   1.0000000000
                  </Orientation>
               </HpRunningLight05>
               <HpRunningLight06>
                  <Position type="Vector">38.603294, 10.126948, 244.52798</Position>
                  <Orientation type="Matrix">
                       1.0000000000,   0.0000000000,   0.0000000000,
                       0.0000000000,   1.0000000000,   0.0000000000,
                       0.0000000000,   0.0000000000,   1.0000000000
                  </Orientation>
               </HpRunningLight06>
               <HpCM01>
                  <Position type="Vector">-2.0320821, -13.699318, 323.51126</Position>
                  <Orientation type="Matrix">
                      -0.8660253300, -44.703484e-09,  -0.5000000000,
                       0.3535534700,  -0.7071068300,  -0.6123723400,
                      -0.3535533500,  -0.7071065300,   0.6123722200
                  </Orientation>
               </HpCM01>
               <HpCM02>
                  <Position type="Vector">2.0689459, -13.689072, 323.59396</Position>
                  <Orientation type="Matrix">
                      -0.8660255100, -59.604645e-09,   0.4999997000,
                      -0.3535532100,  -0.7071067100,  -0.6123722800,
                       0.3535532700,  -0.7071067100,   0.6123727000
                  </Orientation>
               </HpCM02>
               <HpShield01>
                  <Position type="Vector">0, 0, 0</Position>
                  <Orientation type="Matrix">
                       1.0000000000,   0.0000000000,   0.0000000000,
                       0.0000000000,   1.0000000000,   0.0000000000,
                       0.0000000000,   0.0000000000,   1.0000000000
                  </Orientation>
               </HpShield01>
               <HpShield02>
                  <Position type="Vector">0, 0, 0</Position>
                  <Orientation type="Matrix">
                       1.0000000000,   0.0000000000,   0.0000000000,
                       0.0000000000,   1.0000000000,   0.0000000000,
                       0.0000000000,   0.0000000000,   1.0000000000
                  </Orientation>
               </HpShield02>
               <HpBayDoor01>
                  <Position type="Vector">0, -55, 0</Position>
                  <Orientation type="Matrix">
                       1.0000000000,   0.0000000000,   0.0000000000,
                       0.0000000000,   1.0000000000,   0.0000000000,
                       0.0000000000,   0.0000000000,   1.0000000000
                  </Orientation>
               </HpBayDoor01>
               <HpBayDoor02>
                  <Position type="Vector">0, -65, 0</Position>
                  <Orientation type="Matrix">
                       1.0000000000,   0.0000000000,   0.0000000000,
                       0.0000000000,   1.0000000000,   0.0000000000,
                       0.0000000000,   0.0000000000,   1.0000000000
                  </Orientation>
               </HpBayDoor02>
               <HpFX04>
                  <Position type="Vector">0, 0, 0</Position>
                  <Orientation type="Matrix">
                       1.0000000000,   0.0000000000,   0.0000000000,
                       0.0000000000,   1.0000000000,   0.0000000000,
                       0.0000000000,   0.0000000000,   1.0000000000
                  </Orientation>
               </HpFX04>
               <HpFX05>
                  <Position type="Vector">0, 0, 0</Position>
                  <Orientation type="Matrix">
                       1.0000000000,   0.0000000000,   0.0000000000,
                       0.0000000000,   1.0000000000,   0.0000000000,
                       0.0000000000,   0.0000000000,   1.0000000000
                  </Orientation>
               </HpFX05>
               <HpFX06>
                  <Position type="Vector">0, 0, 0</Position>
                  <Orientation type="Matrix">
                       1.0000000000,   0.0000000000,   0.0000000000,
                       0.0000000000,   1.0000000000,   0.0000000000,
                       0.0000000000,   0.0000000000,   1.0000000000
                  </Orientation>
               </HpFX06>
               <HpFX07>
                  <Position type="Vector">0, 0, 0</Position>
                  <Orientation type="Matrix">
                       1.0000000000,   0.0000000000,   0.0000000000,
                       0.0000000000,   1.0000000000,   0.0000000000,
                       0.0000000000,   0.0000000000,   1.0000000000
                  </Orientation>
               </HpFX07>
            </Fixed>
            <Revolute>
               <HpTorpedo01>
                  <Position type="Vector">-6.4624448, -26.526506, -253.18936</Position>
                  <Orientation type="Matrix">
                      -1.0000000000,  106.17260e-15, -325.84137e-09,
                       0.0000000000,  -1.0000000000, -325.84137e-09,
                     -325.84137e-09, -325.84137e-09,   1.0000000000
                  </Orientation>
                  <Axis type="Vector">0, 1, 0</Axis>
                  <Min type="float">-0.78539819</Min>
                  <Max type="float">0.78539819</Max>
               </HpTorpedo01>
               <HpTorpedo02>
                  <Position type="Vector">6.4259028, -26.531584, -253.22368</Position>
                  <Orientation type="Matrix">
                      -1.0000000000,  106.17260e-15, -325.84137e-09,
                       0.0000000000,  -1.0000000000, -325.84137e-09,
                     -325.84137e-09, -325.84137e-09,   1.0000000000
                  </Orientation>
                  <Axis type="Vector">0, 1, 0</Axis>
                  <Min type="float">-0.78539819</Min>
                  <Max type="float">0.78539819</Max>
               </HpTorpedo02>
               <HpTurret01>
                  <Position type="Vector">-107.27029, -1.4826699, -33.178532</Position>
                  <Orientation type="Matrix">
                      75.497894e-09,   0.0000000000,   0.9999998800,
                       0.0000000000,   1.0000000000,   0.0000000000,
                      -0.9999998800,   0.0000000000,  75.497894e-09
                  </Orientation>
                  <Axis type="Vector">0, 1, 0</Axis>
                  <Min type="float">-1.5707964</Min>
                  <Max type="float">1.5707964</Max>
               </HpTurret01>
               <HpTurret02>
                  <Position type="Vector">107.28774, -1.483286, -33.188194</Position>
                  <Orientation type="Matrix">
                     -162.92067e-09,   0.0000000000,  -0.9999998800,
                       0.0000000000,   1.0000000000,   0.0000000000,
                       0.9999998800,   0.0000000000, -162.92067e-09
                  </Orientation>
                  <Axis type="Vector">0, 1, 0</Axis>
                  <Min type="float">-1.5707964</Min>
                  <Max type="float">1.5707964</Max>
               </HpTurret02>
               <HpTurret03>
                  <Position type="Vector">-114.21654, 0.34563699, 33.707947</Position>
                  <Orientation type="Matrix">
                      75.497894e-09,   0.0000000000,   0.9999998800,
                       0.0000000000,   1.0000000000,   0.0000000000,
                      -0.9999998800,   0.0000000000,  75.497894e-09
                  </Orientation>
                  <Axis type="Vector">0, 1, 0</Axis>
                  <Min type="float">-1.5707964</Min>
                  <Max type="float">1.5707964</Max>
               </HpTurret03>
               <HpTurret04>
                  <Position type="Vector">114.27551, 0.34282401, 33.612522</Position>
                  <Orientation type="Matrix">
                     -162.92067e-09,   0.0000000000,  -0.9999998800,
                       0.0000000000,   1.0000000000,   0.0000000000,
                       0.9999998800,   0.0000000000, -162.92067e-09
                  </Orientation>
                  <Axis type="Vector">0, 1, 0</Axis>
                  <Min type="float">-1.5707964</Min>
                  <Max type="float">1.5707964</Max>
               </HpTurret04>
               <HpTurret05>
                  <Position type="Vector">-118.40197, -22.163666, 35.490864</Position>
                  <Orientation type="Matrix">
                     -46.566129e-09,   0.6156613200,   0.7880107200,
                      85.681677e-09,  -0.7880104200,   0.6156612600,
                       0.9999997600,  137.83574e-09,  271.94619e-09
                  </Orientation>
                  <Axis type="Vector">0, 1, 0</Axis>
                  <Min type="float">-1.5707964</Min>
                  <Max type="float">1.5707964</Max>
               </HpTurret05>
               <HpTurret06>
                  <Position type="Vector">118.43675, -22.19342, 35.698597</Position>
                  <Orientation type="Matrix">
                      335.27613e-09,  -0.6156612000,  -0.7880105400,
                     -74.505806e-09,  -0.7880104800,   0.6156612600,
                      -0.9999998200, -55.879354e-09, -25.145710e-09
                  </Orientation>
                  <Axis type="Vector">0, 1, 0</Axis>
                  <Min type="float">-1.5707964</Min>
                  <Max type="float">1.5707964</Max>
               </HpTurret06>
               <HpTurret07>
                  <Position type="Vector">-135.37141, -24.387794, 3.911278</Position>
                  <Orientation type="Matrix">
                      106.17077e-09,   0.3420202100,   0.9396926800,
                       0.0000000000,  -0.9396923800,   0.3420201500,
                       0.9999997600,  96.857548e-09,  391.15548e-09
                  </Orientation>
                  <Axis type="Vector">0, 1, 0</Axis>
                  <Min type="float">-1.5707964</Min>
                  <Max type="float">1.5707964</Max>
               </HpTurret07>
               <HpTurret08>
                  <Position type="Vector">135.42099, -24.404341, 3.9167049</Position>
                  <Orientation type="Matrix">
                      290.57264e-09,  -0.3420202700,  -0.9396929100,
                     -59.604645e-09,  -0.9396923800,   0.3420201500,
                      -0.9999998800,   0.0000000000,  74.505806e-09
                  </Orientation>
                  <Axis type="Vector">0, 1, 0</Axis>
                  <Min type="float">-1.5707964</Min>
                  <Max type="float">1.5707964</Max>
               </HpTurret08>
               <HpTurret09>
                  <Position type="Vector">-5.99367, -33.215065, -152.91296</Position>
                  <Orientation type="Matrix">
                      -0.9902684100,  -0.1391724900,   0.0000000000,
                       0.1391724900,  -0.9902684100,   0.0000000000,
                       0.0000000000,   0.0000000000,   1.0000000000
                  </Orientation>
                  <Axis type="Vector">0, 1, 0</Axis>
                  <Min type="float">-1.5707964</Min>
                  <Max type="float">1.5707964</Max>
               </HpTurret09>
               <HpTurret10>
                  <Position type="Vector">6.005363, -33.204422, -153.01534</Position>
                  <Orientation type="Matrix">
                      -0.9902683500,   0.1391729700,   0.0000000000,
                      -0.1391729700,  -0.9902683500,   0.0000000000,
                       0.0000000000,   0.0000000000,   1.0000000000
                  </Orientation>
                  <Axis type="Vector">0, 1, 0</Axis>
                  <Min type="float">-1.5707964</Min>
                  <Max type="float">1.5707964</Max>
               </HpTurret10>
               <HpTurret11>
                  <Position type="Vector">-19.172201, -28.638906, -104.16046</Position>
                  <Orientation type="Matrix">
                       0.0428711320,  -0.8180292200,  -0.5735763300,
                       0.0300185080,  -0.5727901500,   0.8191518200,
                      -0.9986292700,  -0.0523358290, -14.901161e-09
                  </Orientation>
                  <Axis type="Vector">0, 1, 0</Axis>
                  <Min type="float">-1.5707964</Min>
                  <Max type="float">1.5707964</Max>
               </HpTurret11>
               <HpTurret12>
                  <Position type="Vector">19.123903, -28.723637, -103.91646</Position>
                  <Orientation type="Matrix">
                       0.0428714160,   0.8180292200,   0.5735763900,
                      -0.0300185980,  -0.5727902100,   0.8191518800,
                       0.9986294500,  -0.0523358880, -48.428774e-09
                  </Orientation>
                  <Axis type="Vector">0, 1, 0</Axis>
                  <Min type="float">-1.5707964</Min>
                  <Max type="float">1.5707964</Max>
               </HpTurret12>
               <HpTurret13>
                  <Position type="Vector">-17.152313, 18.914785, -112.5362</Position>
                  <Orientation type="Matrix">
                      -0.0919502680,  -0.5805485200,  -0.8090169400,
                       0.1265580200,   0.7990567700,  -0.5877854200,
                       0.9876882400,  -0.1564345100, -469.38658e-09
                  </Orientation>
                  <Axis type="Vector">0, 1, 0</Axis>
                  <Min type="float">-0.78539819</Min>
                  <Max type="float">1.5707964</Max>
               </HpTurret13>
               <HpTurret14>
                  <Position type="Vector">16.876446, 19.070738, -112.7434</Position>
                  <Orientation type="Matrix">
                      -0.0919500510,   0.5805484100,   0.8090169400,
                      -0.1265581400,   0.7990567700,  -0.5877853000,
                      -0.9876881800,  -0.1564345700, -156.46219e-09
                  </Orientation>
                  <Axis type="Vector">0, 1, 0</Axis>
                  <Min type="float">-1.5707964</Min>
                  <Max type="float">0.78539819</Max>
               </HpTurret14>
               <HpTurret15>
                  <Position type="Vector">-113.86796, -19.067875, -0.420118</Position>
                  <Orientation type="Matrix">
                     -46.566129e-09,   0.6156613200,   0.7880107200,
                      85.681677e-09,  -0.7880104200,   0.6156612600,
                       0.9999997600,  137.83574e-09,  271.94619e-09
                  </Orientation>
                  <Axis type="Vector">0, 1, 0</Axis>
                  <Min type="float">-1.5707964</Min>
                  <Max type="float">1.5707964</Max>
               </HpTurret15>
               <HpTurret16>
                  <Position type="Vector">113.6323, -18.913696, -0.11799</Position>
                  <Orientation type="Matrix">
                      335.27613e-09,  -0.6156612000,  -0.7880105400,
                     -74.505806e-09,  -0.7880104800,   0.6156612600,
                      -0.9999998200, -55.879354e-09, -25.145710e-09
                  </Orientation>
                  <Axis type="Vector">0, 1, 0</Axis>
                  <Min type="float">-1.5707964</Min>
                  <Max type="float">1.5707964</Max>
               </HpTurret16>
               <HpTurret17>
                  <Position type="Vector">-122.69165, -9.3092461, 78.470795</Position>
                  <Orientation type="Matrix">
                      -0.9063077600,  -0.4226183000,  150.99580e-09,
                      -0.4226183000,   0.9063077600,   0.0000000000,
                     -136.84867e-09, -63.813587e-09,  -1.0000000000
                  </Orientation>
                  <Axis type="Vector">0, 1, 0</Axis>
                  <Min type="float">-1.5707964</Min>
                  <Max type="float">0.78539819</Max>
               </HpTurret17>
               <HpTurret18>
                  <Position type="Vector">123.72089, -9.8000898, 78.212067</Position>
                  <Orientation type="Matrix">
                      -0.9063078200,   0.4226181800,  133.76739e-09,
                       0.4226181800,   0.9063078200, -36.946467e-09,
                     -136.84867e-09,  23.047658e-09,  -1.0000000000
                  </Orientation>
                  <Axis type="Vector">0, 1, 0</Axis>
                  <Min type="float">-0.78539819</Min>
                  <Max type="float">1.5707964</Max>
               </HpTurret18>
               <HpTurret19>
                  <Position type="Vector">0, -11.410027, 210.61371</Position>
                  <Orientation type="Matrix">
                      -1.0000000000, -13.160149e-09,  150.42122e-09,
                     -888.17842e-18,   0.9961947200,   0.0871557220,
                     -150.99580e-09,   0.0871557220,  -0.9961947200
                  </Orientation>
                  <Axis type="Vector">0, 1, 0</Axis>
                  <Min type="float">-0.78539819</Min>
                  <Max type="float">0.78539819</Max>
               </HpTurret19>
               <HpTurret20>
                  <Position type="Vector">-113.94302, -18.630613, 78.479591</Position>
                  <Orientation type="Matrix">
                       0.8191521200,   0.5735763300, -20.115891e-09,
                       0.5735763300,  -0.8191521200, -123.68854e-09,
                     -87.422791e-09,  89.781722e-09,  -1.0000000000
                  </Orientation>
                  <Axis type="Vector">0, 1, 0</Axis>
                  <Min type="float">-0.78539819</Min>
                  <Max type="float">1.5707964</Max>
               </HpTurret20>
               <HpTurret21>
                  <Position type="Vector">113.10236, -18.084045, 78.852684</Position>
                  <Orientation type="Matrix">
                       0.8191520000,  -0.5735765100, -20.115870e-09,
                      -0.5735765100,  -0.8191520000,  123.68851e-09,
                     -87.422777e-09, -89.781700e-09,  -1.0000000000
                  </Orientation>
                  <Axis type="Vector">0, 1, 0</Axis>
                  <Min type="float">-1.5707964</Min>
                  <Max type="float">0.78539819</Max>
               </HpTurret21>
               <HpTurret22>
                  <Position type="Vector">-91.332893, -16.083693, -107.01039</Position>
                  <Orientation type="Matrix">
                      -0.0181204700,   0.2071204900,   0.9781476900,
                       0.0852511970,  -0.9744253800,   0.2079117000,
                       0.9961946600,   0.0871557300, -221.65480e-09
                  </Orientation>
                  <Axis type="Vector">0, 1, 0</Axis>
                  <Min type="float">-0.78539819</Min>
                  <Max type="float">1.5707964</Max>
               </HpTurret22>
               <HpTurret23>
                  <Position type="Vector">91.256409, -16.034565, -106.49004</Position>
                  <Orientation type="Matrix">
                      -0.0181203520,  -0.2071205100,  -0.9781476900,
                      -0.0852511820,  -0.9744253200,   0.2079116700,
                      -0.9961947200,   0.0871556770, -336.61490e-09
                  </Orientation>
                  <Axis type="Vector">0, 1, 0</Axis>
                  <Min type="float">-1.5707964</Min>
                  <Max type="float">0.78539819</Max>
               </HpTurret23>
               <HpTurret24>
                  <Position type="Vector">-19.865479, 22.488209, -72.169586</Position>
                  <Orientation type="Matrix">
                      -0.0919502680,  -0.5805485200,  -0.8090169400,
                       0.1265580200,   0.7990567700,  -0.5877854200,
                       0.9876882400,  -0.1564345100, -469.38658e-09
                  </Orientation>
                  <Axis type="Vector">0, 1, 0</Axis>
                  <Min type="float">-0.78539819</Min>
                  <Max type="float">0.78539819</Max>
               </HpTurret24>
               <HpTurret25>
                  <Position type="Vector">19.935719, 22.446821, -72.146996</Position>
                  <Orientation type="Matrix">
                      -0.0919500510,   0.5805484100,   0.8090169400,
                      -0.1265581400,   0.7990567700,  -0.5877853000,
                      -0.9876881800,  -0.1564345700, -156.46219e-09
                  </Orientation>
                  <Axis type="Vector">0, 1, 0</Axis>
                  <Min type="float">-0.78539819</Min>
                  <Max type="float">0.78539819</Max>
               </HpTurret25>
               <HpTurret26>
                  <Position type="Vector">-20.679403, 25.220831, -24.693413</Position>
                  <Orientation type="Matrix">
                      -0.0102585850,  -0.5876954800,  -0.8090168800,
                       0.0141191180,   0.8088938000,  -0.5877850700,
                       0.9998476500,  -0.0174524490, -357.62787e-09
                  </Orientation>
                  <Axis type="Vector">0, 1, 0</Axis>
                  <Min type="float">-0.78539819</Min>
                  <Max type="float">0.78539819</Max>
               </HpTurret26>
               <HpTurret27>
                  <Position type="Vector">20.742615, 25.176271, -24.809196</Position>
                  <Orientation type="Matrix">
                      -0.0102584440,   0.5876954800,   0.8090170600,
                      -0.0141191180,   0.8088937400,  -0.5877851200,
                      -0.9998475300,  -0.0174525080, -208.61626e-09
                  </Orientation>
                  <Axis type="Vector">0, 1, 0</Axis>
                  <Min type="float">-0.78539819</Min>
                  <Max type="float">0.78539819</Max>
               </HpTurret27>
               <HpTurret28>
                  <Position type="Vector">-19.985384, 26.48975, 19.969612</Position>
                  <Orientation type="Matrix">
                     -161.91188e-09,  -0.5877852400,  -0.8090167600,
                     -58.964361e-09,   0.8090168800,  -0.5877851800,
                       1.0000000000, -47.570211e-09, -166.95594e-09
                  </Orientation>
                  <Axis type="Vector">0, 1, 0</Axis>
                  <Min type="float">-0.78539819</Min>
                  <Max type="float">0.78539819</Max>
               </HpTurret28>
               <HpTurret29>
                  <Position type="Vector">20.319336, 26.278126, 20.225933</Position>
                  <Orientation type="Matrix">
                     -281.63049e-09,   0.5877853000,   0.8090167600,
                     -320.14214e-12,   0.8090170600,  -0.5877851800,
                      -1.0000000000, -165.87728e-09, -229.31636e-09
                  </Orientation>
                  <Axis type="Vector">0, 1, 0</Axis>
                  <Min type="float">-0.78539819</Min>
                  <Max type="float">0.78539819</Max>
               </HpTurret29>
               <HpTurret30>
                  <Position type="Vector">-17.292076, 25.965767, 78.611343</Position>
                  <Orientation type="Matrix">
                       0.0614401880,  -0.5845651600,  -0.8090167000,
                      -0.0845653710,   0.8045850400,  -0.5877852400,
                       0.9945215600,   0.1045283500, -89.406967e-09
                  </Orientation>
                  <Axis type="Vector">0, 1, 0</Axis>
                  <Min type="float">-0.78539819</Min>
                  <Max type="float">0.78539819</Max>
               </HpTurret30>
               <HpTurret31>
                  <Position type="Vector">17.247137, 25.992651, 78.634293</Position>
                  <Orientation type="Matrix">
                       0.0653402060,   0.5855484600,   0.8079995500,
                       0.0602413940,   0.8059382400,  -0.5889263200,
                      -0.9960430900,   0.0871556620,   0.0173858910
                  </Orientation>
                  <Axis type="Vector">0, 1, 0</Axis>
                  <Min type="float">-0.78539819</Min>
                  <Max type="float">0.78539819</Max>
               </HpTurret31>
               <HpTurret32>
                  <Position type="Vector">-16.663166, -28.720074, -134.85565</Position>
                  <Orientation type="Matrix">
                       0.0713937880,  -0.8160351500,  -0.5735762100,
                       0.0499902220,  -0.5713934300,   0.8191521200,
                      -0.9961946000,  -0.0871555510,  27.939677e-09
                  </Orientation>
                  <Axis type="Vector">0, 1, 0</Axis>
                  <Min type="float">-0.78539819</Min>
                  <Max type="float">0.78539819</Max>
               </HpTurret32>
               <HpTurret33>
                  <Position type="Vector">16.688566, -28.682461, -134.87268</Position>
                  <Orientation type="Matrix">
                       0.0713941750,   0.8160348500,   0.5735761500,
                      -0.0499903710,  -0.5713934900,   0.8191522400,
                       0.9961946000,  -0.0871559080, -29.802322e-09
                  </Orientation>
                  <Axis type="Vector">0, 1, 0</Axis>
                  <Min type="float">-0.78539819</Min>
                  <Max type="float">0.78539819</Max>
               </HpTurret33>
            </Revolute>
         </Hardpoints>
      </VosskBattleship2210507163252.3db>
   </UTF_ROOT>
</UTFXML>
