<?xml version="1.0" encoding="ISO-8859-1"?>
<!-- XML generated by UTFXML Version 2.2 built 19-Aug-2010 -->
<UTFXML filename="bw_tau31_planetscape.cmp" path="BASES\GENERIC">
   <UTF_ROOT>
      <VMeshLibrary>
         <data.bases.generic.bw_tau31_planetscape.lod0-112.vms include="bw_tau31_planetscape_cmp\lod0-112.vms.xml"/>
      </VMeshLibrary>
      <Exporter_Version name="Exporter Version" type="text">Jan  9 2002 18:51:48</Exporter_Version>
      <Cmpnd>
         <Root>
            <Object_name name="Object name" type="text">Root</Object_name>
            <File_name name="File name" type="text">Tau31_terrain020111110430.3db</File_name>
            <Index type="int">0</Index>
         </Root>
         <Part_Object06>
            <Object_name name="Object name" type="text">Object06</Object_name>
            <File_name name="File name" type="text">Object06020111110430.3db</File_name>
            <Index type="int">1</Index>
         </Part_Object06>
         <Part_Object04>
            <Object_name name="Object name" type="text">Object04</Object_name>
            <File_name name="File name" type="text">Object04020111110430.3db</File_name>
            <Index type="int">2</Index>
         </Part_Object04>
         <Part_Object03>
            <Object_name name="Object name" type="text">Object03</Object_name>
            <File_name name="File name" type="text">Object03020111110430.3db</File_name>
            <Index type="int">3</Index>
         </Part_Object03>
         <Part_Object05>
            <Object_name name="Object name" type="text">Object05</Object_name>
            <File_name name="File name" type="text">Object05020111110430.3db</File_name>
            <Index type="int">4</Index>
         </Part_Object05>
         <Part_Object07>
            <Object_name name="Object name" type="text">Object07</Object_name>
            <File_name name="File name" type="text">Object07020111110430.3db</File_name>
            <Index type="int">5</Index>
         </Part_Object07>
         <Part_antenae02>
            <Object_name name="Object name" type="text">antenae02</Object_name>
            <File_name name="File name" type="text">antenae02020111110430.3db</File_name>
            <Index type="int">6</Index>
         </Part_antenae02>
         <Part_antenae01>
            <Object_name name="Object name" type="text">antenae01</Object_name>
            <File_name name="File name" type="text">antenae01020111110430.3db</File_name>
            <Index type="int">7</Index>
         </Part_antenae01>
         <Part_BigTank07>
            <Object_name name="Object name" type="text">BigTank07</Object_name>
            <File_name name="File name" type="text">BigTank07020111110430.3db</File_name>
            <Index type="int">8</Index>
         </Part_BigTank07>
         <Part_pad>
            <Object_name name="Object name" type="text">pad</Object_name>
            <File_name name="File name" type="text">pad020111110430.3db</File_name>
            <Index type="int">9</Index>
         </Part_pad>
         <Part_domes1>
            <Object_name name="Object name" type="text">domes1</Object_name>
            <File_name name="File name" type="text">domes1020111110430.3db</File_name>
            <Index type="int">10</Index>
         </Part_domes1>
         <Part_garage>
            <Object_name name="Object name" type="text">garage</Object_name>
            <File_name name="File name" type="text">garage020111110430.3db</File_name>
            <Index type="int">11</Index>
         </Part_garage>
         <Part_storagesheds>
            <Object_name name="Object name" type="text">storagesheds</Object_name>
            <File_name name="File name" type="text">storagesheds020111110430.3db</File_name>
            <Index type="int">12</Index>
         </Part_storagesheds>
         <Part_Object01>
            <Object_name name="Object name" type="text">Object01</Object_name>
            <File_name name="File name" type="text">Object01020111110430.3db</File_name>
            <Index type="int">13</Index>
         </Part_Object01>
         <Part_pylon01>
            <Object_name name="Object name" type="text">pylon01</Object_name>
            <File_name name="File name" type="text">pylon01020111110430.3db</File_name>
            <Index type="int">14</Index>
         </Part_pylon01>
         <Part_Object02>
            <Object_name name="Object name" type="text">Object02</Object_name>
            <File_name name="File name" type="text">Object02020111110430.3db</File_name>
            <Index type="int">15</Index>
         </Part_Object02>
         <Part_pylon06>
            <Object_name name="Object name" type="text">pylon06</Object_name>
            <File_name name="File name" type="text">pylon06020111110430.3db</File_name>
            <Index type="int">16</Index>
         </Part_pylon06>
         <Part_pylon07>
            <Object_name name="Object name" type="text">pylon07</Object_name>
            <File_name name="File name" type="text">pylon07020111110430.3db</File_name>
            <Index type="int">17</Index>
         </Part_pylon07>
         <Part_pylon08>
            <Object_name name="Object name" type="text">pylon08</Object_name>
            <File_name name="File name" type="text">pylon08020111110430.3db</File_name>
            <Index type="int">18</Index>
         </Part_pylon08>
         <Part_antenae>
            <Object_name name="Object name" type="text">antenae</Object_name>
            <File_name name="File name" type="text">antenae020111110430.3db</File_name>
            <Index type="int">19</Index>
         </Part_antenae>
         <Part_pylon02>
            <Object_name name="Object name" type="text">pylon02</Object_name>
            <File_name name="File name" type="text">pylon02020111110430.3db</File_name>
            <Index type="int">20</Index>
         </Part_pylon02>
         <Part_BigTank03>
            <Object_name name="Object name" type="text">BigTank03</Object_name>
            <File_name name="File name" type="text">BigTank03020111110430.3db</File_name>
            <Index type="int">21</Index>
         </Part_BigTank03>
         <Part_BigTank02>
            <Object_name name="Object name" type="text">BigTank02</Object_name>
            <File_name name="File name" type="text">BigTank02020111110430.3db</File_name>
            <Index type="int">22</Index>
         </Part_BigTank02>
         <Part_BigTank04>
            <Object_name name="Object name" type="text">BigTank04</Object_name>
            <File_name name="File name" type="text">BigTank04020111110430.3db</File_name>
            <Index type="int">23</Index>
         </Part_BigTank04>
         <Part_BigTank05>
            <Object_name name="Object name" type="text">BigTank05</Object_name>
            <File_name name="File name" type="text">BigTank05020111110430.3db</File_name>
            <Index type="int">24</Index>
         </Part_BigTank05>
         <Part_BigTank06>
            <Object_name name="Object name" type="text">BigTank06</Object_name>
            <File_name name="File name" type="text">BigTank06020111110430.3db</File_name>
            <Index type="int">25</Index>
         </Part_BigTank06>
         <Part_BigTank09>
            <Object_name name="Object name" type="text">BigTank09</Object_name>
            <File_name name="File name" type="text">BigTank09020111110430.3db</File_name>
            <Index type="int">26</Index>
         </Part_BigTank09>
         <Part_BigTank10>
            <Object_name name="Object name" type="text">BigTank10</Object_name>
            <File_name name="File name" type="text">BigTank10020111110430.3db</File_name>
            <Index type="int">27</Index>
         </Part_BigTank10>
         <Part_BigTank08>
            <Object_name name="Object name" type="text">BigTank08</Object_name>
            <File_name name="File name" type="text">BigTank08020111110430.3db</File_name>
            <Index type="int">28</Index>
         </Part_BigTank08>
         <Part_domelarge>
            <Object_name name="Object name" type="text">domelarge</Object_name>
            <File_name name="File name" type="text">domelarge020111110430.3db</File_name>
            <Index type="int">29</Index>
         </Part_domelarge>
         <Part_domesmall>
            <Object_name name="Object name" type="text">domesmall</Object_name>
            <File_name name="File name" type="text">domesmall020111110430.3db</File_name>
            <Index type="int">30</Index>
         </Part_domesmall>
         <Part_domebases>
            <Object_name name="Object name" type="text">domebases</Object_name>
            <File_name name="File name" type="text">domebases020111110430.3db</File_name>
            <Index type="int">31</Index>
         </Part_domebases>
         <Part_terraformer02>
            <Object_name name="Object name" type="text">terraformer02</Object_name>
            <File_name name="File name" type="text">terraformer02020111110430.3db</File_name>
            <Index type="int">32</Index>
         </Part_terraformer02>
         <Part_terraformer03>
            <Object_name name="Object name" type="text">terraformer03</Object_name>
            <File_name name="File name" type="text">terraformer03020111110430.3db</File_name>
            <Index type="int">33</Index>
         </Part_terraformer03>
         <Part_terraformer01>
            <Object_name name="Object name" type="text">terraformer01</Object_name>
            <File_name name="File name" type="text">terraformer01020111110430.3db</File_name>
            <Index type="int">34</Index>
         </Part_terraformer01>
         <Cons>
            <Fix type="Fix" count="34">
               <part>
                  <!-- parent      --> "Root",
                  <!-- child       --> "Object06",
                  <!-- position    --> -290.61426, -9.0665236, 223.08417,
                  <!-- orientation -->  -1.0000000000,  40.228510e-09, -99.252183e-09,
                                       -99.252183e-09, -36.964106e-09,   1.0000000000,
                                        40.228507e-09,   1.0000000000,  36.964110e-09
               </part>
               <part>
                  <!-- parent      --> "Root",
                  <!-- child       --> "Object04",
                  <!-- position    --> -95.904617, 10.628627, 329.09293,
                  <!-- orientation -->  -1.0000000000,  40.564814e-09, -99.252183e-09,
                                       -99.252183e-09, -36.964106e-09,   1.0000000000,
                                        40.564810e-09,   1.0000000000,  36.964110e-09
               </part>
               <part>
                  <!-- parent      --> "Root",
                  <!-- child       --> "Object03",
                  <!-- position    --> 219.9852, -0.54952103, 195.65283,
                  <!-- orientation -->  -1.0000000000,  40.564814e-09, -99.252183e-09,
                                       -99.252183e-09, -36.964106e-09,   1.0000000000,
                                        40.564810e-09,   1.0000000000,  36.964110e-09
               </part>
               <part>
                  <!-- parent      --> "Root",
                  <!-- child       --> "Object05",
                  <!-- position    --> 263.79306, -5.1848865, 223.08418,
                  <!-- orientation -->  -1.0000000000,  40.228510e-09, -99.252183e-09,
                                       -99.252183e-09, -36.964106e-09,   1.0000000000,
                                        40.228507e-09,   1.0000000000,  36.964110e-09
               </part>
               <part>
                  <!-- parent      --> "Root",
                  <!-- child       --> "Object07",
                  <!-- position    --> 309.36139, -6.1290126, -17.197441,
                  <!-- orientation -->  -1.0000000000,  40.670550e-09, -99.252183e-09,
                                       -99.252183e-09, -36.964106e-09,   1.0000000000,
                                        40.670546e-09,   1.0000000000,  36.964110e-09
               </part>
               <part>
                  <!-- parent      --> "Root",
                  <!-- child       --> "antenae02",
                  <!-- position    --> 162.66835, 4.4874105, -85.899689,
                  <!-- orientation -->  -0.8526401500,   0.5224985500,  59.604659e-09,
                                        -0.0045594582,  -0.0074404744,   0.9999619100,
                                         0.5224786400,   0.8526077300,   0.0087263575
               </part>
               <part>
                  <!-- parent      --> "Root",
                  <!-- child       --> "antenae01",
                  <!-- position    --> 26.706995, 35.685997, 172.36237,
                  <!-- orientation -->  -0.8526401500,   0.5224985500,  59.604659e-09,
                                        -0.0045594582,  -0.0074404744,   0.9999619100,
                                         0.5224786400,   0.8526077300,   0.0087263575
               </part>
               <part>
                  <!-- parent      --> "Root",
                  <!-- child       --> "BigTank07",
                  <!-- position    --> -85.09063, -8.7941275, 47.479473,
                  <!-- orientation -->   0.4617484500,   0.8870109300, -64.107844e-09,
                                       -161.68489e-09,  156.44181e-09,   1.0000000000,
                                         0.8870109300,  -0.4617484500,  215.65303e-09
               </part>
               <part>
                  <!-- parent      --> "Root",
                  <!-- child       --> "pad",
                  <!-- position    --> 0.15142331, 0.13816598, -0.0038948837,
                  <!-- orientation -->   1.0000000000, -98.632370e-09, -58.030537e-09,
                                        58.030569e-09,  330.10284e-09,   1.0000000000,
                                       -98.632349e-09,  -1.0000000000,  330.10284e-09
               </part>
               <part>
                  <!-- parent      --> "Root",
                  <!-- child       --> "domes1",
                  <!-- position    --> 27.941732, -0.40694222, -83.22094,
                  <!-- orientation -->  -0.8703557800,  -0.4924233900, -15.585517e-09,
                                       -11.785526e-09, -10.819785e-09,   1.0000000000,
                                        -0.4924233900,   0.8703557800,  3.6135936e-09
               </part>
               <part>
                  <!-- parent      --> "Root",
                  <!-- child       --> "garage",
                  <!-- position    --> 11.107687, 0.43996888, 32.811646,
                  <!-- orientation -->   0.3255679300,   0.9455186700,  29.802329e-09,
                                       -304.96221e-09,  73.487271e-09,   1.0000000000,
                                         0.9455186700,  -0.3255679300,  312.27256e-09
               </part>
               <part>
                  <!-- parent      --> "Root",
                  <!-- child       --> "storagesheds",
                  <!-- position    --> 20.474081, -0.75264829, -21.484316,
                  <!-- orientation -->  -0.8191521200,   0.5735763300, -12.691102e-09,
                                       -39.972257e-09, -34.960049e-09,   1.0000000000,
                                         0.5735763300,   0.8191521200,  51.564740e-09
               </part>
               <part>
                  <!-- parent      --> "Root",
                  <!-- child       --> "Object01",
                  <!-- position    --> -17.184729, 1.7957628, -41.864365,
                  <!-- orientation -->  -1.0000000000,  10.363772e-09, -22.145750e-09,
                                       -22.145752e-09, -96.268209e-09,   1.0000000000,
                                        10.363770e-09,   1.0000000000,  96.268209e-09
               </part>
               <part>
                  <!-- parent      --> "Root",
                  <!-- child       --> "pylon01",
                  <!-- position    --> 50.909473, 0.0027987619, -46.768776,
                  <!-- orientation -->  57.708903e-09,  26.777043e-09,  -1.0000000000,
                                       -167.55183e-09,   1.0000000000,  26.777034e-09,
                                         1.0000000000,  167.55183e-09,  57.708906e-09
               </part>
               <part>
                  <!-- parent      --> "Root",
                  <!-- child       --> "Object02",
                  <!-- position    --> 65.425423, 0.42766356, 27.776436,
                  <!-- orientation -->  -1.0000000000,  10.363772e-09, -22.145750e-09,
                                       -22.145752e-09, -96.268209e-09,   1.0000000000,
                                        10.363770e-09,   1.0000000000,  96.268209e-09
               </part>
               <part>
                  <!-- parent      --> "Root",
                  <!-- child       --> "pylon06",
                  <!-- position    --> 76.985252, -2.1554413, 20.432014,
                  <!-- orientation -->   0.6293200900, -50.621061e-09,  -0.7771462200,
                                       -110.91319e-09,   1.0000000000, -154.95277e-09,
                                         0.7771462200,  183.71065e-09,   0.6293200900
               </part>
               <part>
                  <!-- parent      --> "Root",
                  <!-- child       --> "pylon07",
                  <!-- position    --> 50.909485, 17.96389, 70.949356,
                  <!-- orientation -->  57.708903e-09,  26.777043e-09,  -1.0000000000,
                                       -167.55183e-09,   1.0000000000,  26.777034e-09,
                                         1.0000000000,  167.55183e-09,  57.708906e-09
               </part>
               <part>
                  <!-- parent      --> "Root",
                  <!-- child       --> "pylon08",
                  <!-- position    --> -103.12963, 10.719935, 133.87282,
                  <!-- orientation -->   0.8788172000, -84.304702e-09,  -0.4771585800,
                                       -22.483180e-09,   1.0000000000, -218.08957e-09,
                                         0.4771585800,  202.38890e-09,   0.8788172000
               </part>
               <part>
                  <!-- parent      --> "Root",
                  <!-- child       --> "antenae",
                  <!-- position    --> -78.719093, 12.711587, 93.280701,
                  <!-- orientation -->  -0.8526402100,   0.5224985500,  59.604659e-09,
                                        -0.0045595285,  -0.0074405889,   0.9999619100,
                                         0.5224786400,   0.8526077300,   0.0087264916
               </part>
               <part>
                  <!-- parent      --> "Root",
                  <!-- child       --> "pylon02",
                  <!-- position    --> -119.66667, -4.1778221, 32.605419,
                  <!-- orientation -->   0.8788172000, -84.304702e-09,  -0.4771585800,
                                       -22.483180e-09,   1.0000000000, -218.08957e-09,
                                         0.4771585800,  202.38890e-09,   0.8788172000
               </part>
               <part>
                  <!-- parent      --> "Root",
                  <!-- child       --> "BigTank03",
                  <!-- position    --> -95.469353, -8.7941236, 37.574467,
                  <!-- orientation -->   0.4617484800,   0.8870109300, -19.608144e-09,
                                       -179.73834e-09,  115.67169e-09,   1.0000000000,
                                         0.8870109300,  -0.4617484800,  212.84109e-09
               </part>
               <part>
                  <!-- parent      --> "Root",
                  <!-- child       --> "BigTank02",
                  <!-- position    --> -95.469353, -8.7941256, 47.479465,
                  <!-- orientation -->   0.4617484800,   0.8870109300, -19.608144e-09,
                                       -179.73834e-09,  115.67169e-09,   1.0000000000,
                                         0.8870109300,  -0.4617484800,  212.84109e-09
               </part>
               <part>
                  <!-- parent      --> "Root",
                  <!-- child       --> "BigTank04",
                  <!-- position    --> -95.46933, -8.7941198, 27.53182,
                  <!-- orientation -->   0.4617484800,   0.8870109300, -19.608144e-09,
                                       -179.73834e-09,  115.67169e-09,   1.0000000000,
                                         0.8870109300,  -0.4617484800,  212.84109e-09
               </part>
               <part>
                  <!-- parent      --> "Root",
                  <!-- child       --> "BigTank05",
                  <!-- position    --> -85.09063, -8.7941198, 27.531834,
                  <!-- orientation -->   0.4617484800,   0.8870109300, -19.608144e-09,
                                       -179.73834e-09,  115.67169e-09,   1.0000000000,
                                         0.8870109300,  -0.4617484800,  212.84109e-09
               </part>
               <part>
                  <!-- parent      --> "Root",
                  <!-- child       --> "BigTank06",
                  <!-- position    --> -85.090622, -8.7941217, 37.574471,
                  <!-- orientation -->   0.4617484800,   0.8870109300, -19.608144e-09,
                                       -179.73834e-09,  115.67169e-09,   1.0000000000,
                                         0.8870109300,  -0.4617484800,  212.84109e-09
               </part>
               <part>
                  <!-- parent      --> "Root",
                  <!-- child       --> "BigTank09",
                  <!-- position    --> -74.697655, -8.7941227, 37.574463,
                  <!-- orientation -->   0.4617484800,   0.8870109300, -19.608144e-09,
                                       -179.73834e-09,  115.67169e-09,   1.0000000000,
                                         0.8870109300,  -0.4617484800,  212.84109e-09
               </part>
               <part>
                  <!-- parent      --> "Root",
                  <!-- child       --> "BigTank10",
                  <!-- position    --> -74.697655, -8.7941246, 47.479469,
                  <!-- orientation -->   0.4617484800,   0.8870109300, -19.608144e-09,
                                       -179.73834e-09,  115.67169e-09,   1.0000000000,
                                         0.8870109300,  -0.4617484800,  212.84109e-09
               </part>
               <part>
                  <!-- parent      --> "Root",
                  <!-- child       --> "BigTank08",
                  <!-- position    --> -74.697655, -8.7941208, 27.531826,
                  <!-- orientation -->   0.4617484800,   0.8870109300, -19.608144e-09,
                                       -179.73834e-09,  115.67169e-09,   1.0000000000,
                                         0.8870109300,  -0.4617484800,  212.84109e-09
               </part>
               <part>
                  <!-- parent      --> "Root",
                  <!-- child       --> "domelarge",
                  <!-- position    --> 6.2780952, 30.373018, 105.95015,
                  <!-- orientation -->   0.9848077300,  -0.1736482400,  282.00051e-09,
                                       -190.99457e-09,  540.79197e-09,   1.0000000000,
                                        -0.1736482400,  -0.9848077300,  499.41025e-09
               </part>
               <part>
                  <!-- parent      --> "Root",
                  <!-- child       --> "domesmall",
                  <!-- position    --> 14.859171, 29.51613, 122.90969,
                  <!-- orientation -->   0.9848077300,  -0.1736484500,  242.19366e-09,
                                       -162.58792e-09,  472.65519e-09,   1.0000000000,
                                        -0.1736484500,  -0.9848077300,  437.24131e-09
               </part>
               <part>
                  <!-- parent      --> "Root",
                  <!-- child       --> "domebases",
                  <!-- position    --> 6.2372169, 29.859404, 105.97137,
                  <!-- orientation -->   0.7071066500,  -0.7071069500,  152.07220e-09,
                                        289.06567e-09,  504.12808e-09,   1.0000000000,
                                        -0.7071069500,  -0.7071066500,  560.87265e-09
               </part>
               <part>
                  <!-- parent      --> "Root",
                  <!-- child       --> "terraformer02",
                  <!-- position    --> -978.92993, -27.780462, -153.52049,
                  <!-- orientation -->   0.8788170200, -8.8430738e-09,   0.4771589600,
                                        156.15664e-09,   1.0000000000, -269.07185e-09,
                                        -0.4771589600,  310.97647e-09,   0.8788170200
               </part>
               <part>
                  <!-- parent      --> "Root",
                  <!-- child       --> "terraformer03",
                  <!-- position    --> -267.62756, 48.364281, -1145.9659,
                  <!-- orientation -->   0.8433914200, -1.7236421e-09,   0.5372996300,
                                        132.49564e-09,   1.0000000000, -204.76851e-09,
                                        -0.5372996300,  243.88987e-09,   0.8433914200
               </part>
               <part>
                  <!-- parent      --> "Root",
                  <!-- child       --> "terraformer01",
                  <!-- position    --> -222.47665, -16.727266, -186.29713,
                  <!-- orientation -->   1.0000000000, -15.374226e-09,  23.816799e-09,
                                        15.374232e-09,   1.0000000000, -232.74940e-09,
                                       -23.816796e-09,  232.74940e-09,   1.0000000000
               </part>
            </Fix>
         </Cons>
      </Cmpnd>
      <Material_library name="Material library">
         <Material_count name="Material count" type="int">18</Material_count>
         <tau31_terrain_tile09.tga>
            <Type type="text">DcDt</Type>
            <Dt_name type="text">tau31_terrain_tile09.tga</Dt_name>
            <Dt_flags type="int">0x40</Dt_flags>
         </tau31_terrain_tile09.tga>
         <dome.tga>
            <Type type="text">DcDt</Type>
            <Dt_name type="text">dome2.tga</Dt_name>
            <Dt_flags type="int">0x40</Dt_flags>
         </dome.tga>
         <buildings>
            <Type type="text">DcDt</Type>
            <Dt_name type="text">dome.tga</Dt_name>
            <Dt_flags type="int">0x40</Dt_flags>
         </buildings>
         <pitt_tanks3.tga>
            <Type type="text">DcDt</Type>
            <Dt_name type="text">pitt_tanks3.tga</Dt_name>
            <Dt_flags type="int">0x40</Dt_flags>
         </pitt_tanks3.tga>
         <pitt_tanks2.tga>
            <Type type="text">DcDt</Type>
            <Dt_name type="text">pitt_tanks2.tga</Dt_name>
            <Dt_flags type="int">0x40</Dt_flags>
         </pitt_tanks2.tga>
         <pitt_panels2.tga>
            <Type type="text">DcDt</Type>
            <Dt_name type="text">pitt_panels2.tga</Dt_name>
            <Dt_flags type="int">0x40</Dt_flags>
         </pitt_panels2.tga>
         <pitt_pad_ridge.tga>
            <Type type="text">DcDt</Type>
            <Dt_name type="text">pitt_pad_ridge.tga</Dt_name>
            <Dt_flags type="int">0x40</Dt_flags>
         </pitt_pad_ridge.tga>
         <pitt_pad_edge.tga>
            <Type type="text">DcDt</Type>
            <Dt_name type="text">pitt_pad_edge.tga</Dt_name>
            <Dt_flags type="int">0x40</Dt_flags>
         </pitt_pad_edge.tga>
         <pitt_pad_tile.tga>
            <Type type="text">DcDt</Type>
            <Dt_name type="text">pitt_pad_tile.tga</Dt_name>
            <Dt_flags type="int">0x40</Dt_flags>
         </pitt_pad_tile.tga>
         <pitt_pad_yeltile.tga>
            <Type type="text">DcDt</Type>
            <Dt_name type="text">pitt_pad_yeltile.tga</Dt_name>
            <Dt_flags type="int">0x40</Dt_flags>
         </pitt_pad_yeltile.tga>
         <pitt_pad_center.tga>
            <Type type="text">DcDt</Type>
            <Dt_name type="text">pitt_pad_center.tga</Dt_name>
            <Dt_flags type="int">0x40</Dt_flags>
         </pitt_pad_center.tga>
         <engine_grill01.TGA>
            <Type type="text">DcDt</Type>
            <Dt_name type="text">engine_grill01.TGA</Dt_name>
            <Dt_flags type="int">0x40</Dt_flags>
         </engine_grill01.TGA>
         <utility_panels_03b.TGA>
            <Type type="text">DcDt</Type>
            <Dt_name type="text">utility_panels_03b.TGA</Dt_name>
            <Dt_flags type="int">0x40</Dt_flags>
         </utility_panels_03b.TGA>
         <domeplatforms.tga>
            <Type type="text">DcDt</Type>
            <Dt_name type="text">domeplatforms.tga</Dt_name>
            <Dt_flags type="int">0x40</Dt_flags>
         </domeplatforms.tga>
         <Bad_Material_ID name="Bad Material ID">
            <Type type="text">DcDt</Type>
            <Dc type="RGB">0.25882354, 0.23529413, 0.17647059</Dc>
         </Bad_Material_ID>
         <pittSp_B_Room-09.tga>
            <Type type="text">DcDt</Type>
            <Dt_name type="text">pittSp_B_Room-09.tga</Dt_name>
            <Dt_flags type="int">0x40</Dt_flags>
         </pittSp_B_Room-09.tga>
         <pitt_door.TGA>
            <Type type="text">DcDt</Type>
            <Dt_name type="text">pitt_door.TGA</Dt_name>
            <Dt_flags type="int">0x40</Dt_flags>
         </pitt_door.TGA>
         <gratea.tga>
            <Type type="text">DcDt</Type>
            <Dt_name type="text">gratea.tga</Dt_name>
            <Dt_flags type="int">0x40</Dt_flags>
         </gratea.tga>
      </Material_library>
      <Texture_library name="Texture library">
         <gratea.tga>
            <MIP5 type="file" filename="bw_tau31_planetscape_cmp\gratea_mip5.tga"/>
            <MIP4 type="file" filename="bw_tau31_planetscape_cmp\gratea_mip4.tga"/>
            <MIP3 type="file" filename="bw_tau31_planetscape_cmp\gratea_mip3.tga"/>
            <MIP2 type="file" filename="bw_tau31_planetscape_cmp\gratea_mip2.tga"/>
            <MIP1 type="file" filename="bw_tau31_planetscape_cmp\gratea_mip1.tga"/>
            <MIP0 type="file" filename="bw_tau31_planetscape_cmp\gratea_mip0.tga"/>
         </gratea.tga>
         <pitt_door.TGA>
            <MIP8 type="file" filename="bw_tau31_planetscape_cmp\pitt_door_mip8.tga"/>
            <MIP7 type="file" filename="bw_tau31_planetscape_cmp\pitt_door_mip7.tga"/>
            <MIP6 type="file" filename="bw_tau31_planetscape_cmp\pitt_door_mip6.tga"/>
            <MIP5 type="file" filename="bw_tau31_planetscape_cmp\pitt_door_mip5.tga"/>
            <MIP4 type="file" filename="bw_tau31_planetscape_cmp\pitt_door_mip4.tga"/>
            <MIP3 type="file" filename="bw_tau31_planetscape_cmp\pitt_door_mip3.tga"/>
            <MIP2 type="file" filename="bw_tau31_planetscape_cmp\pitt_door_mip2.tga"/>
            <MIP1 type="file" filename="bw_tau31_planetscape_cmp\pitt_door_mip1.tga"/>
            <MIP0 type="file" filename="bw_tau31_planetscape_cmp\pitt_door_mip0.tga"/>
         </pitt_door.TGA>
         <pittSp_B_Room-09.tga>
            <MIP8 type="file" filename="bw_tau31_planetscape_cmp\pittSp_B_Room-09_mip8.tga"/>
            <MIP7 type="file" filename="bw_tau31_planetscape_cmp\pittSp_B_Room-09_mip7.tga"/>
            <MIP6 type="file" filename="bw_tau31_planetscape_cmp\pittSp_B_Room-09_mip6.tga"/>
            <MIP5 type="file" filename="bw_tau31_planetscape_cmp\pittSp_B_Room-09_mip5.tga"/>
            <MIP4 type="file" filename="bw_tau31_planetscape_cmp\pittSp_B_Room-09_mip4.tga"/>
            <MIP3 type="file" filename="bw_tau31_planetscape_cmp\pittSp_B_Room-09_mip3.tga"/>
            <MIP2 type="file" filename="bw_tau31_planetscape_cmp\pittSp_B_Room-09_mip2.tga"/>
            <MIP1 type="file" filename="bw_tau31_planetscape_cmp\pittSp_B_Room-09_mip1.tga"/>
            <MIP0 type="file" filename="bw_tau31_planetscape_cmp\pittSp_B_Room-09_mip0.tga"/>
         </pittSp_B_Room-09.tga>
         <domeplatforms.tga>
            <MIP8 type="file" filename="bw_tau31_planetscape_cmp\domeplatforms_mip8.tga"/>
            <MIP7 type="file" filename="bw_tau31_planetscape_cmp\domeplatforms_mip7.tga"/>
            <MIP6 type="file" filename="bw_tau31_planetscape_cmp\domeplatforms_mip6.tga"/>
            <MIP5 type="file" filename="bw_tau31_planetscape_cmp\domeplatforms_mip5.tga"/>
            <MIP4 type="file" filename="bw_tau31_planetscape_cmp\domeplatforms_mip4.tga"/>
            <MIP3 type="file" filename="bw_tau31_planetscape_cmp\domeplatforms_mip3.tga"/>
            <MIP2 type="file" filename="bw_tau31_planetscape_cmp\domeplatforms_mip2.tga"/>
            <MIP1 type="file" filename="bw_tau31_planetscape_cmp\domeplatforms_mip1.tga"/>
            <MIP0 type="file" filename="bw_tau31_planetscape_cmp\domeplatforms_mip0.tga"/>
         </domeplatforms.tga>
         <utility_panels_03b.TGA>
            <MIP8 type="file" filename="bw_tau31_planetscape_cmp\utility_panels_03b_mip8.tga"/>
            <MIP7 type="file" filename="bw_tau31_planetscape_cmp\utility_panels_03b_mip7.tga"/>
            <MIP6 type="file" filename="bw_tau31_planetscape_cmp\utility_panels_03b_mip6.tga"/>
            <MIP5 type="file" filename="bw_tau31_planetscape_cmp\utility_panels_03b_mip5.tga"/>
            <MIP4 type="file" filename="bw_tau31_planetscape_cmp\utility_panels_03b_mip4.tga"/>
            <MIP3 type="file" filename="bw_tau31_planetscape_cmp\utility_panels_03b_mip3.tga"/>
            <MIP2 type="file" filename="bw_tau31_planetscape_cmp\utility_panels_03b_mip2.tga"/>
            <MIP1 type="file" filename="bw_tau31_planetscape_cmp\utility_panels_03b_mip1.tga"/>
            <MIP0 type="file" filename="bw_tau31_planetscape_cmp\utility_panels_03b_mip0.tga"/>
         </utility_panels_03b.TGA>
         <engine_grill01.TGA>
            <MIP7 type="file" filename="bw_tau31_planetscape_cmp\engine_grill01_mip7.tga"/>
            <MIP6 type="file" filename="bw_tau31_planetscape_cmp\engine_grill01_mip6.tga"/>
            <MIP5 type="file" filename="bw_tau31_planetscape_cmp\engine_grill01_mip5.tga"/>
            <MIP4 type="file" filename="bw_tau31_planetscape_cmp\engine_grill01_mip4.tga"/>
            <MIP3 type="file" filename="bw_tau31_planetscape_cmp\engine_grill01_mip3.tga"/>
            <MIP2 type="file" filename="bw_tau31_planetscape_cmp\engine_grill01_mip2.tga"/>
            <MIP1 type="file" filename="bw_tau31_planetscape_cmp\engine_grill01_mip1.tga"/>
            <MIP0 type="file" filename="bw_tau31_planetscape_cmp\engine_grill01_mip0.tga"/>
         </engine_grill01.TGA>
         <pitt_pad_center.tga>
            <MIP8 type="file" filename="bw_tau31_planetscape_cmp\pitt_pad_center_mip8.tga"/>
            <MIP7 type="file" filename="bw_tau31_planetscape_cmp\pitt_pad_center_mip7.tga"/>
            <MIP6 type="file" filename="bw_tau31_planetscape_cmp\pitt_pad_center_mip6.tga"/>
            <MIP5 type="file" filename="bw_tau31_planetscape_cmp\pitt_pad_center_mip5.tga"/>
            <MIP4 type="file" filename="bw_tau31_planetscape_cmp\pitt_pad_center_mip4.tga"/>
            <MIP3 type="file" filename="bw_tau31_planetscape_cmp\pitt_pad_center_mip3.tga"/>
            <MIP2 type="file" filename="bw_tau31_planetscape_cmp\pitt_pad_center_mip2.tga"/>
            <MIP1 type="file" filename="bw_tau31_planetscape_cmp\pitt_pad_center_mip1.tga"/>
            <MIP0 type="file" filename="bw_tau31_planetscape_cmp\pitt_pad_center_mip0.tga"/>
         </pitt_pad_center.tga>
         <pitt_pad_yeltile.tga>
            <MIP7 type="file" filename="bw_tau31_planetscape_cmp\pitt_pad_yeltile_mip7.tga"/>
            <MIP6 type="file" filename="bw_tau31_planetscape_cmp\pitt_pad_yeltile_mip6.tga"/>
            <MIP5 type="file" filename="bw_tau31_planetscape_cmp\pitt_pad_yeltile_mip5.tga"/>
            <MIP4 type="file" filename="bw_tau31_planetscape_cmp\pitt_pad_yeltile_mip4.tga"/>
            <MIP3 type="file" filename="bw_tau31_planetscape_cmp\pitt_pad_yeltile_mip3.tga"/>
            <MIP2 type="file" filename="bw_tau31_planetscape_cmp\pitt_pad_yeltile_mip2.tga"/>
            <MIP1 type="file" filename="bw_tau31_planetscape_cmp\pitt_pad_yeltile_mip1.tga"/>
            <MIP0 type="file" filename="bw_tau31_planetscape_cmp\pitt_pad_yeltile_mip0.tga"/>
         </pitt_pad_yeltile.tga>
         <pitt_pad_tile.tga>
            <MIP7 type="file" filename="bw_tau31_planetscape_cmp\pitt_pad_tile_mip7.tga"/>
            <MIP6 type="file" filename="bw_tau31_planetscape_cmp\pitt_pad_tile_mip6.tga"/>
            <MIP5 type="file" filename="bw_tau31_planetscape_cmp\pitt_pad_tile_mip5.tga"/>
            <MIP4 type="file" filename="bw_tau31_planetscape_cmp\pitt_pad_tile_mip4.tga"/>
            <MIP3 type="file" filename="bw_tau31_planetscape_cmp\pitt_pad_tile_mip3.tga"/>
            <MIP2 type="file" filename="bw_tau31_planetscape_cmp\pitt_pad_tile_mip2.tga"/>
            <MIP1 type="file" filename="bw_tau31_planetscape_cmp\pitt_pad_tile_mip1.tga"/>
            <MIP0 type="file" filename="bw_tau31_planetscape_cmp\pitt_pad_tile_mip0.tga"/>
         </pitt_pad_tile.tga>
         <pitt_pad_edge.tga>
            <MIP6 type="file" filename="bw_tau31_planetscape_cmp\pitt_pad_edge_mip6.tga"/>
            <MIP5 type="file" filename="bw_tau31_planetscape_cmp\pitt_pad_edge_mip5.tga"/>
            <MIP4 type="file" filename="bw_tau31_planetscape_cmp\pitt_pad_edge_mip4.tga"/>
            <MIP3 type="file" filename="bw_tau31_planetscape_cmp\pitt_pad_edge_mip3.tga"/>
            <MIP2 type="file" filename="bw_tau31_planetscape_cmp\pitt_pad_edge_mip2.tga"/>
            <MIP1 type="file" filename="bw_tau31_planetscape_cmp\pitt_pad_edge_mip1.tga"/>
            <MIP0 type="file" filename="bw_tau31_planetscape_cmp\pitt_pad_edge_mip0.tga"/>
         </pitt_pad_edge.tga>
         <pitt_pad_ridge.tga>
            <MIP6 type="file" filename="bw_tau31_planetscape_cmp\pitt_pad_ridge_mip6.tga"/>
            <MIP5 type="file" filename="bw_tau31_planetscape_cmp\pitt_pad_ridge_mip5.tga"/>
            <MIP4 type="file" filename="bw_tau31_planetscape_cmp\pitt_pad_ridge_mip4.tga"/>
            <MIP3 type="file" filename="bw_tau31_planetscape_cmp\pitt_pad_ridge_mip3.tga"/>
            <MIP2 type="file" filename="bw_tau31_planetscape_cmp\pitt_pad_ridge_mip2.tga"/>
            <MIP1 type="file" filename="bw_tau31_planetscape_cmp\pitt_pad_ridge_mip1.tga"/>
            <MIP0 type="file" filename="bw_tau31_planetscape_cmp\pitt_pad_ridge_mip0.tga"/>
         </pitt_pad_ridge.tga>
         <pitt_panels2.tga>
            <MIP8 type="file" filename="bw_tau31_planetscape_cmp\pitt_panels2_mip8.tga"/>
            <MIP7 type="file" filename="bw_tau31_planetscape_cmp\pitt_panels2_mip7.tga"/>
            <MIP6 type="file" filename="bw_tau31_planetscape_cmp\pitt_panels2_mip6.tga"/>
            <MIP5 type="file" filename="bw_tau31_planetscape_cmp\pitt_panels2_mip5.tga"/>
            <MIP4 type="file" filename="bw_tau31_planetscape_cmp\pitt_panels2_mip4.tga"/>
            <MIP3 type="file" filename="bw_tau31_planetscape_cmp\pitt_panels2_mip3.tga"/>
            <MIP2 type="file" filename="bw_tau31_planetscape_cmp\pitt_panels2_mip2.tga"/>
            <MIP1 type="file" filename="bw_tau31_planetscape_cmp\pitt_panels2_mip1.tga"/>
            <MIP0 type="file" filename="bw_tau31_planetscape_cmp\pitt_panels2_mip0.tga"/>
         </pitt_panels2.tga>
         <pitt_tanks2.tga>
            <MIP8 type="file" filename="bw_tau31_planetscape_cmp\pitt_tanks2_mip8.tga"/>
            <MIP7 type="file" filename="bw_tau31_planetscape_cmp\pitt_tanks2_mip7.tga"/>
            <MIP6 type="file" filename="bw_tau31_planetscape_cmp\pitt_tanks2_mip6.tga"/>
            <MIP5 type="file" filename="bw_tau31_planetscape_cmp\pitt_tanks2_mip5.tga"/>
