<?xml version="1.0" encoding="ISO-8859-1"?>
<!-- XML generated by UTFXML Version 2.2 built 19-Aug-2010 -->
<UTFXML filename="cv_dig_site test.cmp" path="BASES\GENERIC">
   <UTF_ROOT>
      <VMeshLibrary>
         <data.bases.generic.cv_dig_site_test.lod0-112.vms name="data.bases.generic.cv_dig_site test.lod0-112.vms" include="cv_dig_site test_cmp\lod0-112.vms.xml"/>
      </VMeshLibrary>
      <Exporter_Version name="Exporter Version" type="text">Mar  4 2002 16:05:38</Exporter_Version>
      <Cmpnd>
         <Root>
            <Object_name name="Object name" type="text">Root</Object_name>
            <File_name name="File name" type="text">Root_ground020308154800.3db</File_name>
            <Index type="int">0</Index>
         </Root>
         <Part_Arch01A>
            <Object_name name="Object name" type="text">Arch01A</Object_name>
            <File_name name="File name" type="text">Arch01A020308154800.3db</File_name>
            <Index type="int">1</Index>
         </Part_Arch01A>
         <Part_Arch01B>
            <Object_name name="Object name" type="text">Arch01B</Object_name>
            <File_name name="File name" type="text">Arch01B020308154800.3db</File_name>
            <Index type="int">2</Index>
         </Part_Arch01B>
         <Part_Arch02A>
            <Object_name name="Object name" type="text">Arch02A</Object_name>
            <File_name name="File name" type="text">Arch02A020308154800.3db</File_name>
            <Index type="int">3</Index>
         </Part_Arch02A>
         <Part_Arch02B>
            <Object_name name="Object name" type="text">Arch02B</Object_name>
            <File_name name="File name" type="text">Arch02B020308154800.3db</File_name>
            <Index type="int">4</Index>
         </Part_Arch02B>
         <Part_Arch03A>
            <Object_name name="Object name" type="text">Arch03A</Object_name>
            <File_name name="File name" type="text">Arch03A020308154800.3db</File_name>
            <Index type="int">5</Index>
         </Part_Arch03A>
         <Part_Arch03B>
            <Object_name name="Object name" type="text">Arch03B</Object_name>
            <File_name name="File name" type="text">Arch03B020308154800.3db</File_name>
            <Index type="int">6</Index>
         </Part_Arch03B>
         <Part_Arch04A>
            <Object_name name="Object name" type="text">Arch04A</Object_name>
            <File_name name="File name" type="text">Arch04A020308154800.3db</File_name>
            <Index type="int">7</Index>
         </Part_Arch04A>
         <Part_Arch04B>
            <Object_name name="Object name" type="text">Arch04B</Object_name>
            <File_name name="File name" type="text">Arch04B020308154800.3db</File_name>
            <Index type="int">8</Index>
         </Part_Arch04B>
         <Part_Arch05A>
            <Object_name name="Object name" type="text">Arch05A</Object_name>
            <File_name name="File name" type="text">Arch05A020308154800.3db</File_name>
            <Index type="int">9</Index>
         </Part_Arch05A>
         <Part_Arch05B>
            <Object_name name="Object name" type="text">Arch05B</Object_name>
            <File_name name="File name" type="text">Arch05B020308154800.3db</File_name>
            <Index type="int">10</Index>
         </Part_Arch05B>
         <Part_Arch06A>
            <Object_name name="Object name" type="text">Arch06A</Object_name>
            <File_name name="File name" type="text">Arch06A020308154800.3db</File_name>
            <Index type="int">11</Index>
         </Part_Arch06A>
         <Part_Arch06B>
            <Object_name name="Object name" type="text">Arch06B</Object_name>
            <File_name name="File name" type="text">Arch06B020308154800.3db</File_name>
            <Index type="int">12</Index>
         </Part_Arch06B>
         <Part_Arch07A>
            <Object_name name="Object name" type="text">Arch07A</Object_name>
            <File_name name="File name" type="text">Arch07A020308154800.3db</File_name>
            <Index type="int">13</Index>
         </Part_Arch07A>
         <Part_Arch07B>
            <Object_name name="Object name" type="text">Arch07B</Object_name>
            <File_name name="File name" type="text">Arch07B020308154800.3db</File_name>
            <Index type="int">14</Index>
         </Part_Arch07B>
         <Part_Arch08A>
            <Object_name name="Object name" type="text">Arch08A</Object_name>
            <File_name name="File name" type="text">Arch08A020308154800.3db</File_name>
            <Index type="int">15</Index>
         </Part_Arch08A>
         <Part_Arch08B>
            <Object_name name="Object name" type="text">Arch08B</Object_name>
            <File_name name="File name" type="text">Arch08B020308154800.3db</File_name>
            <Index type="int">16</Index>
         </Part_Arch08B>
         <Part_Dome01>
            <Object_name name="Object name" type="text">Dome01</Object_name>
            <File_name name="File name" type="text">Dome01020308154800.3db</File_name>
            <Index type="int">17</Index>
         </Part_Dome01>
         <Part_Dome03>
            <Object_name name="Object name" type="text">Dome03</Object_name>
            <File_name name="File name" type="text">Dome03020308154800.3db</File_name>
            <Index type="int">18</Index>
         </Part_Dome03>
         <Part_Dome04>
            <Object_name name="Object name" type="text">Dome04</Object_name>
            <File_name name="File name" type="text">Dome04020308154800.3db</File_name>
            <Index type="int">19</Index>
         </Part_Dome04>
         <Part_Dome05>
            <Object_name name="Object name" type="text">Dome05</Object_name>
            <File_name name="File name" type="text">Dome05020308154800.3db</File_name>
            <Index type="int">20</Index>
         </Part_Dome05>
         <Part_Dome06>
            <Object_name name="Object name" type="text">Dome06</Object_name>
            <File_name name="File name" type="text">Dome06020308154800.3db</File_name>
            <Index type="int">21</Index>
         </Part_Dome06>
         <Part_Dome07>
            <Object_name name="Object name" type="text">Dome07</Object_name>
            <File_name name="File name" type="text">Dome07020308154800.3db</File_name>
            <Index type="int">22</Index>
         </Part_Dome07>
         <Part_Dome08>
            <Object_name name="Object name" type="text">Dome08</Object_name>
            <File_name name="File name" type="text">Dome08020308154800.3db</File_name>
            <Index type="int">23</Index>
         </Part_Dome08>
         <Part_Dome09>
            <Object_name name="Object name" type="text">Dome09</Object_name>
            <File_name name="File name" type="text">Dome09020308154800.3db</File_name>
            <Index type="int">24</Index>
         </Part_Dome09>
         <Part_Dome10>
            <Object_name name="Object name" type="text">Dome10</Object_name>
            <File_name name="File name" type="text">Dome10020308154800.3db</File_name>
            <Index type="int">25</Index>
         </Part_Dome10>
         <Part_Dome11>
            <Object_name name="Object name" type="text">Dome11</Object_name>
            <File_name name="File name" type="text">Dome11020308154800.3db</File_name>
            <Index type="int">26</Index>
         </Part_Dome11>
         <Part_Dome12>
            <Object_name name="Object name" type="text">Dome12</Object_name>
            <File_name name="File name" type="text">Dome12020308154800.3db</File_name>
            <Index type="int">27</Index>
         </Part_Dome12>
         <Part_Dome13>
            <Object_name name="Object name" type="text">Dome13</Object_name>
            <File_name name="File name" type="text">Dome13020308154800.3db</File_name>
            <Index type="int">28</Index>
         </Part_Dome13>
         <Part_Dome14>
            <Object_name name="Object name" type="text">Dome14</Object_name>
            <File_name name="File name" type="text">Dome14020308154800.3db</File_name>
            <Index type="int">29</Index>
         </Part_Dome14>
         <Part_Dome15>
            <Object_name name="Object name" type="text">Dome15</Object_name>
            <File_name name="File name" type="text">Dome15020308154800.3db</File_name>
            <Index type="int">30</Index>
         </Part_Dome15>
         <Part_Dome16>
            <Object_name name="Object name" type="text">Dome16</Object_name>
            <File_name name="File name" type="text">Dome16020308154800.3db</File_name>
            <Index type="int">31</Index>
         </Part_Dome16>
         <Part_Dome17>
            <Object_name name="Object name" type="text">Dome17</Object_name>
            <File_name name="File name" type="text">Dome17020308154800.3db</File_name>
            <Index type="int">32</Index>
         </Part_Dome17>
         <Part_Dome_top>
            <Object_name name="Object name" type="text">Dome_top</Object_name>
            <File_name name="File name" type="text">Dome_top020308154800.3db</File_name>
            <Index type="int">33</Index>
         </Part_Dome_top>
         <Part_Exit_R>
            <Object_name name="Object name" type="text">Exit_R</Object_name>
            <File_name name="File name" type="text">Exit_R020308154800.3db</File_name>
            <Index type="int">34</Index>
         </Part_Exit_R>
         <Part_G_W01>
            <Object_name name="Object name" type="text">G_W01</Object_name>
            <File_name name="File name" type="text">G_W01020308154800.3db</File_name>
            <Index type="int">35</Index>
         </Part_G_W01>
         <Part_G_W02>
            <Object_name name="Object name" type="text">G_W02</Object_name>
            <File_name name="File name" type="text">G_W02020308154800.3db</File_name>
            <Index type="int">36</Index>
         </Part_G_W02>
         <Part_G_W03>
            <Object_name name="Object name" type="text">G_W03</Object_name>
            <File_name name="File name" type="text">G_W03020308154800.3db</File_name>
            <Index type="int">37</Index>
         </Part_G_W03>
         <Part_G_W04>
            <Object_name name="Object name" type="text">G_W04</Object_name>
            <File_name name="File name" type="text">G_W04020308154800.3db</File_name>
            <Index type="int">38</Index>
         </Part_G_W04>
         <Part_G_W05>
            <Object_name name="Object name" type="text">G_W05</Object_name>
            <File_name name="File name" type="text">G_W05020308154800.3db</File_name>
            <Index type="int">39</Index>
         </Part_G_W05>
         <Part_G_W06>
            <Object_name name="Object name" type="text">G_W06</Object_name>
            <File_name name="File name" type="text">G_W06020308154800.3db</File_name>
            <Index type="int">40</Index>
         </Part_G_W06>
         <Part_G_W07>
            <Object_name name="Object name" type="text">G_W07</Object_name>
            <File_name name="File name" type="text">G_W07020308154800.3db</File_name>
            <Index type="int">41</Index>
         </Part_G_W07>
         <Part_G_W08>
            <Object_name name="Object name" type="text">G_W08</Object_name>
            <File_name name="File name" type="text">G_W08020308154800.3db</File_name>
            <Index type="int">42</Index>
         </Part_G_W08>
         <Part_Ground02>
            <Object_name name="Object name" type="text">Ground02</Object_name>
            <File_name name="File name" type="text">Ground02020308154800.3db</File_name>
            <Index type="int">43</Index>
         </Part_Ground02>
         <Part_Ground03>
            <Object_name name="Object name" type="text">Ground03</Object_name>
            <File_name name="File name" type="text">Ground03020308154800.3db</File_name>
            <Index type="int">44</Index>
         </Part_Ground03>
         <Part_Ground04>
            <Object_name name="Object name" type="text">Ground04</Object_name>
            <File_name name="File name" type="text">Ground04020308154800.3db</File_name>
            <Index type="int">45</Index>
         </Part_Ground04>
         <Part_Ground05>
            <Object_name name="Object name" type="text">Ground05</Object_name>
            <File_name name="File name" type="text">Ground05020308154800.3db</File_name>
            <Index type="int">46</Index>
         </Part_Ground05>
         <Part_Ground06>
            <Object_name name="Object name" type="text">Ground06</Object_name>
            <File_name name="File name" type="text">Ground06020308154800.3db</File_name>
            <Index type="int">47</Index>
         </Part_Ground06>
         <Part_Ground07>
            <Object_name name="Object name" type="text">Ground07</Object_name>
            <File_name name="File name" type="text">Ground07020308154800.3db</File_name>
            <Index type="int">48</Index>
         </Part_Ground07>
         <Part_Ground08>
            <Object_name name="Object name" type="text">Ground08</Object_name>
            <File_name name="File name" type="text">Ground08020308154800.3db</File_name>
            <Index type="int">49</Index>
         </Part_Ground08>
         <Part_Lamp01>
            <Object_name name="Object name" type="text">Lamp01</Object_name>
            <File_name name="File name" type="text">Lamp01020308154800.3db</File_name>
            <Index type="int">50</Index>
         </Part_Lamp01>
         <Part_Lamp02>
            <Object_name name="Object name" type="text">Lamp02</Object_name>
            <File_name name="File name" type="text">Lamp02020308154800.3db</File_name>
            <Index type="int">51</Index>
         </Part_Lamp02>
         <Part_Lamp03>
            <Object_name name="Object name" type="text">Lamp03</Object_name>
            <File_name name="File name" type="text">Lamp03020308154800.3db</File_name>
            <Index type="int">52</Index>
         </Part_Lamp03>
         <Part_Projector01>
            <Object_name name="Object name" type="text">Projector01</Object_name>
            <File_name name="File name" type="text">Projector01020308154800.3db</File_name>
            <Index type="int">53</Index>
         </Part_Projector01>
         <Part_Projector02>
            <Object_name name="Object name" type="text">Projector02</Object_name>
            <File_name name="File name" type="text">Projector02020308154800.3db</File_name>
            <Index type="int">54</Index>
         </Part_Projector02>
         <Part_Projector03>
            <Object_name name="Object name" type="text">Projector03</Object_name>
            <File_name name="File name" type="text">Projector03020308154800.3db</File_name>
            <Index type="int">55</Index>
         </Part_Projector03>
         <Part_Projector04>
            <Object_name name="Object name" type="text">Projector04</Object_name>
            <File_name name="File name" type="text">Projector04020308154800.3db</File_name>
            <Index type="int">56</Index>
         </Part_Projector04>
         <Part_Projector05>
            <Object_name name="Object name" type="text">Projector05</Object_name>
            <File_name name="File name" type="text">Projector05020308154800.3db</File_name>
            <Index type="int">57</Index>
         </Part_Projector05>
         <Part_Projector06>
            <Object_name name="Object name" type="text">Projector06</Object_name>
            <File_name name="File name" type="text">Projector06020308154800.3db</File_name>
            <Index type="int">58</Index>
         </Part_Projector06>
         <Part_Projector07>
            <Object_name name="Object name" type="text">Projector07</Object_name>
            <File_name name="File name" type="text">Projector07020308154800.3db</File_name>
            <Index type="int">59</Index>
         </Part_Projector07>
         <Part_Projector08>
            <Object_name name="Object name" type="text">Projector08</Object_name>
            <File_name name="File name" type="text">Projector08020308154800.3db</File_name>
            <Index type="int">60</Index>
         </Part_Projector08>
         <Part_R_keeper01>
            <Object_name name="Object name" type="text">R_keeper01</Object_name>
            <File_name name="File name" type="text">R_keeper01020308154800.3db</File_name>
            <Index type="int">61</Index>
         </Part_R_keeper01>
         <Part_R_keeper02>
            <Object_name name="Object name" type="text">R_keeper02</Object_name>
            <File_name name="File name" type="text">R_keeper02020308154800.3db</File_name>
            <Index type="int">62</Index>
         </Part_R_keeper02>
         <Part_R_keeper03>
            <Object_name name="Object name" type="text">R_keeper03</Object_name>
            <File_name name="File name" type="text">R_keeper03020308154800.3db</File_name>
            <Index type="int">63</Index>
         </Part_R_keeper03>
         <Part_R_keeper04>
            <Object_name name="Object name" type="text">R_keeper04</Object_name>
            <File_name name="File name" type="text">R_keeper04020308154800.3db</File_name>
            <Index type="int">64</Index>
         </Part_R_keeper04>
         <Part_R_keeper05>
            <Object_name name="Object name" type="text">R_keeper05</Object_name>
            <File_name name="File name" type="text">R_keeper05020308154800.3db</File_name>
            <Index type="int">65</Index>
         </Part_R_keeper05>
         <Part_R_keeper06>
            <Object_name name="Object name" type="text">R_keeper06</Object_name>
            <File_name name="File name" type="text">R_keeper06020308154800.3db</File_name>
            <Index type="int">66</Index>
         </Part_R_keeper06>
         <Part_R_keeper07>
            <Object_name name="Object name" type="text">R_keeper07</Object_name>
            <File_name name="File name" type="text">R_keeper07020308154800.3db</File_name>
            <Index type="int">67</Index>
         </Part_R_keeper07>
         <Part_R_keeper08>
            <Object_name name="Object name" type="text">R_keeper08</Object_name>
            <File_name name="File name" type="text">R_keeper08020308154800.3db</File_name>
            <Index type="int">68</Index>
         </Part_R_keeper08>
         <Part_Railings01>
            <Object_name name="Object name" type="text">Railings01</Object_name>
            <File_name name="File name" type="text">Railings01020308154800.3db</File_name>
            <Index type="int">69</Index>
         </Part_Railings01>
         <Part_Railings02>
            <Object_name name="Object name" type="text">Railings02</Object_name>
            <File_name name="File name" type="text">Railings02020308154800.3db</File_name>
            <Index type="int">70</Index>
         </Part_Railings02>
         <Part_Railings03>
            <Object_name name="Object name" type="text">Railings03</Object_name>
            <File_name name="File name" type="text">Railings03020308154800.3db</File_name>
            <Index type="int">71</Index>
         </Part_Railings03>
         <Part_Railings04>
            <Object_name name="Object name" type="text">Railings04</Object_name>
            <File_name name="File name" type="text">Railings04020308154800.3db</File_name>
            <Index type="int">72</Index>
         </Part_Railings04>
         <Part_Railings05>
            <Object_name name="Object name" type="text">Railings05</Object_name>
            <File_name name="File name" type="text">Railings05020308154800.3db</File_name>
            <Index type="int">73</Index>
         </Part_Railings05>
         <Part_Railings06>
            <Object_name name="Object name" type="text">Railings06</Object_name>
            <File_name name="File name" type="text">Railings06020308154800.3db</File_name>
            <Index type="int">74</Index>
         </Part_Railings06>
         <Part_Railings07>
            <Object_name name="Object name" type="text">Railings07</Object_name>
            <File_name name="File name" type="text">Railings07020308154800.3db</File_name>
            <Index type="int">75</Index>
         </Part_Railings07>
         <Part_Railings08>
            <Object_name name="Object name" type="text">Railings08</Object_name>
            <File_name name="File name" type="text">Railings08020308154800.3db</File_name>
            <Index type="int">76</Index>
         </Part_Railings08>
         <Part_Ramp01>
            <Object_name name="Object name" type="text">Ramp01</Object_name>
            <File_name name="File name" type="text">Ramp01020308154800.3db</File_name>
            <Index type="int">77</Index>
         </Part_Ramp01>
         <Part_Ramp02>
            <Object_name name="Object name" type="text">Ramp02</Object_name>
            <File_name name="File name" type="text">Ramp02020308154800.3db</File_name>
            <Index type="int">78</Index>
         </Part_Ramp02>
         <Part_Lamp04>
            <Object_name name="Object name" type="text">Lamp04</Object_name>
            <File_name name="File name" type="text">Lamp04020308154800.3db</File_name>
            <Index type="int">79</Index>
         </Part_Lamp04>
         <Part_Stone01>
            <Object_name name="Object name" type="text">Stone01</Object_name>
            <File_name name="File name" type="text">Stone01020308154800.3db</File_name>
            <Index type="int">80</Index>
         </Part_Stone01>
         <Part_Walls>
            <Object_name name="Object name" type="text">Walls</Object_name>
            <File_name name="File name" type="text">Walls020308154800.3db</File_name>
            <Index type="int">81</Index>
         </Part_Walls>
         <Part_pygar_base_door_LEFT name="Part_pygar_base door LEFT">
            <Object_name name="Object name" type="text">pygar_base door LEFT</Object_name>
            <File_name name="File name" type="text">pygar_base door LEFT020308154800.3db</File_name>
            <Index type="int">82</Index>
         </Part_pygar_base_door_LEFT>
         <Part_pygar_base_door_RIGHT name="Part_pygar_base door RIGHT">
            <Object_name name="Object name" type="text">pygar_base door RIGHT</Object_name>
            <File_name name="File name" type="text">pygar_base door RIGHT020308154800.3db</File_name>
            <Index type="int">83</Index>
         </Part_pygar_base_door_RIGHT>
         <Part_Exit_R01>
            <Object_name name="Object name" type="text">Exit_R01</Object_name>
            <File_name name="File name" type="text">Exit_R01020308154800.3db</File_name>
            <Index type="int">84</Index>
         </Part_Exit_R01>
         <Cons>
            <Fix type="Fix" count="82">
               <part>
                  <!-- parent      --> "Root",
                  <!-- child       --> "Arch01A",
                  <!-- position    --> -13.927815, 7.5394001, 5.4547081,
                  <!-- orientation -->   1.0000000000,  105.87912e-24, -14.098421e-24,
                                       -105.87912e-24,   1.0000000000,  1.0720261e-21,
                                        14.098421e-24, -1.0720261e-21,   1.0000000000
               </part>
               <part>
                  <!-- parent      --> "Root",
                  <!-- child       --> "Arch01B",
                  <!-- position    --> -6.5873008, 14.862809, 2.6097424,
                  <!-- orientation -->   1.0000000000,  105.87912e-24, -14.098421e-24,
                                       -105.87912e-24,   1.0000000000,  1.0720261e-21,
                                        14.098421e-24, -1.0720261e-21,   1.0000000000
               </part>
               <part>
                  <!-- parent      --> "Root",
                  <!-- child       --> "Arch02A",
                  <!-- position    --> -5.7690916, 7.5394001, 13.613436,
                  <!-- orientation -->   1.0000000000,  105.87912e-24, -14.098421e-24,
                                       -105.87912e-24,   1.0000000000,  1.0720261e-21,
                                        14.098421e-24, -1.0720261e-21,   1.0000000000
               </part>
               <part>
                  <!-- parent      --> "Root",
                  <!-- child       --> "Arch02B",
                  <!-- position    --> -2.5902562, 14.862808, 6.411212,
                  <!-- orientation -->   1.0000000000,  105.87912e-24, -14.098421e-24,
                                       -105.87912e-24,   1.0000000000,  1.0720261e-21,
                                        14.098421e-24, -1.0720261e-21,   1.0000000000
               </part>
               <part>
                  <!-- parent      --> "Root",
                  <!-- child       --> "Arch03A",
                  <!-- position    --> 5.7690921, 7.5394001, 13.613435,
                  <!-- orientation -->   1.0000000000,  105.87912e-24, -14.098421e-24,
                                       -105.87912e-24,   1.0000000000,  1.0720261e-21,
                                        14.098421e-24, -1.0720261e-21,   1.0000000000
               </part>
               <part>
                  <!-- parent      --> "Root",
                  <!-- child       --> "Arch03B",
                  <!-- position    --> 2.9241271, 14.862809, 6.2729173,
                  <!-- orientation -->   1.0000000000,  105.87912e-24, -14.098421e-24,
                                       -105.87912e-24,   1.0000000000,  1.0720261e-21,
                                        14.098421e-24, -1.0720261e-21,   1.0000000000
               </part>
               <part>
                  <!-- parent      --> "Root",
                  <!-- child       --> "Arch04A",
                  <!-- position    --> 13.927817, 7.5393987, 5.4547071,
                  <!-- orientation -->   1.0000000000,  105.87912e-24, -14.098421e-24,
                                       -105.87912e-24,   1.0000000000,  1.0720261e-21,
                                        14.098421e-24, -1.0720261e-21,   1.0000000000
               </part>
               <part>
                  <!-- parent      --> "Root",
                  <!-- child       --> "Arch04B",
                  <!-- position    --> 6.725594, 14.862809, 2.2758725,
                  <!-- orientation -->   1.0000000000,  105.87912e-24, -14.098421e-24,
                                       -105.87912e-24,   1.0000000000,  1.0720261e-21,
                                        14.098421e-24, -1.0720261e-21,   1.0000000000
               </part>
               <part>
                  <!-- parent      --> "Root",
                  <!-- child       --> "Arch05A",
                  <!-- position    --> 13.927817, 7.5393972, -6.0834756,
                  <!-- orientation -->   1.0000000000,  105.87912e-24, -14.098421e-24,
                                       -105.87912e-24,   1.0000000000,  1.0720261e-21,
                                        14.098421e-24, -1.0720261e-21,   1.0000000000
               </part>
               <part>
                  <!-- parent      --> "Root",
                  <!-- child       --> "Arch05B",
                  <!-- position    --> 6.5873003, 14.862807, -3.2385106,
                  <!-- orientation -->   1.0000000000,  105.87912e-24, -14.098421e-24,
                                       -105.87912e-24,   1.0000000000,  1.0720261e-21,
                                        14.098421e-24, -1.0720261e-21,   1.0000000000
               </part>
               <part>
                  <!-- parent      --> "Root",
                  <!-- child       --> "Arch06A",
                  <!-- position    --> 5.7690868, 7.5393953, -14.242201,
                  <!-- orientation -->   1.0000000000,  105.87912e-24, -14.098421e-24,
                                       -105.87912e-24,   1.0000000000,  1.0720261e-21,
                                        14.098421e-24, -1.0720261e-21,   1.0000000000
               </part>
               <part>
                  <!-- parent      --> "Root",
                  <!-- child       --> "Arch06B",
                  <!-- position    --> 2.5902538, 14.862806, -7.0399771,
                  <!-- orientation -->   1.0000000000,  105.87912e-24, -14.098421e-24,
                                       -105.87912e-24,   1.0000000000,  1.0720261e-21,
                                        14.098421e-24, -1.0720261e-21,   1.0000000000
               </part>
               <part>
                  <!-- parent      --> "Root",
                  <!-- child       --> "Arch07A",
                  <!-- position    --> -5.7690969, 7.5393953, -14.242197,
                  <!-- orientation -->   1.0000000000,  105.87912e-24, -14.098421e-24,
                                       -105.87912e-24,   1.0000000000,  1.0720261e-21,
                                        14.098421e-24, -1.0720261e-21,   1.0000000000
               </part>
               <part>
                  <!-- parent      --> "Root",
                  <!-- child       --> "Arch07B",
                  <!-- position    --> -2.9241288, 14.862807, -6.9016829,
                  <!-- orientation -->   1.0000000000,  105.87912e-24, -14.098421e-24,
                                       -105.87912e-24,   1.0000000000,  1.0720261e-21,
                                        14.098421e-24, -1.0720261e-21,   1.0000000000
               </part>
               <part>
                  <!-- parent      --> "Root",
                  <!-- child       --> "Arch08A",
                  <!-- position    --> -13.927816, 7.5393977, -6.0834684,
                  <!-- orientation -->   1.0000000000,  105.87912e-24, -14.098421e-24,
                                       -105.87912e-24,   1.0000000000,  1.0720261e-21,
                                        14.098421e-24, -1.0720261e-21,   1.0000000000
               </part>
               <part>
                  <!-- parent      --> "Root",
                  <!-- child       --> "Arch08B",
                  <!-- position    --> -6.7255945, 14.862807, -2.9046371,
                  <!-- orientation -->   1.0000000000,  105.87912e-24, -14.098421e-24,
                                       -105.87912e-24,   1.0000000000,  1.0720261e-21,
                                        14.098421e-24, -1.0720261e-21,   1.0000000000
               </part>
               <part>
                  <!-- parent      --> "Root",
                  <!-- child       --> "Dome01",
                  <!-- position    --> 6.146101, 7.7621946, 14.46643,
                  <!-- orientation -->   1.0000000000,  105.87912e-24, -14.098421e-24,
                                       -105.87912e-24,   1.0000000000,  1.0720261e-21,
                                        14.098421e-24, -1.0720261e-21,   1.0000000000
               </part>
               <part>
                  <!-- parent      --> "Root",
                  <!-- child       --> "Dome03",
                  <!-- position    --> 0.10975023, 7.7621956, 16.10462,
                  <!-- orientation -->   1.0000000000,  105.87912e-24, -14.098421e-24,
                                       -105.87912e-24,   1.0000000000,  1.0720261e-21,
                                        14.098421e-24, -1.0720261e-21,   1.0000000000
               </part>
               <part>
                  <!-- parent      --> "Root",
                  <!-- child       --> "Dome04",
                  <!-- position    --> -6.1472368, 7.7621956, 14.463697,
                  <!-- orientation -->   1.0000000000,  105.87912e-24, -14.098421e-24,
                                       -105.87912e-24,   1.0000000000,  1.0720261e-21,
                                        14.098421e-24, -1.0720261e-21,   1.0000000000
               </part>
               <part>
                  <!-- parent      --> "Root",
                  <!-- child       --> "Dome05",
                  <!-- position    --> -13.039716, 7.7621961, 12.597814,
                  <!-- orientation -->   1.0000000000,  105.87912e-24, -14.098421e-24,
                                       -105.87912e-24,   1.0000000000,  1.0720261e-21,
                                        14.098421e-24, -1.0720261e-21,   1.0000000000
               </part>
               <part>
                  <!-- parent      --> "Root",
                  <!-- child       --> "Dome06",
                  <!-- position    --> -14.780808, 7.7621946, 5.8317189,
                  <!-- orientation -->   1.0000000000,  105.87912e-24, -14.098421e-24,
                                       -105.87912e-24,   1.0000000000,  1.0720261e-21,
                                        14.098421e-24, -1.0720261e-21,   1.0000000000
               </part>
               <part>
                  <!-- parent      --> "Root",
                  <!-- child       --> "Dome07",
                  <!-- position    --> -16.418997, 7.7621942, -0.20463166,
                  <!-- orientation -->   1.0000000000,  105.87912e-24, -14.098421e-24,
                                       -105.87912e-24,   1.0000000000,  1.0720261e-21,
                                        14.098421e-24, -1.0720261e-21,   1.0000000000
               </part>
               <part>
                  <!-- parent      --> "Root",
                  <!-- child       --> "Dome08",
                  <!-- position    --> -14.778076, 7.7621932, -6.461616,
                  <!-- orientation -->   1.0000000000,  105.87912e-24, -14.098421e-24,
                                       -105.87912e-24,   1.0000000000,  1.0720261e-21,
                                        14.098421e-24, -1.0720261e-21,   1.0000000000
               </part>
               <part>
                  <!-- parent      --> "Root",
                  <!-- child       --> "Dome09",
                  <!-- position    --> -12.912196, 7.7621937, -13.354098,
                  <!-- orientation -->   1.0000000000,  105.87912e-24, -14.098421e-24,
                                       -105.87912e-24,   1.0000000000,  1.0720261e-21,
                                        14.098421e-24, -1.0720261e-21,   1.0000000000
               </part>
               <part>
                  <!-- parent      --> "Root",
                  <!-- child       --> "Dome10",
                  <!-- position    --> -6.146102, 7.7621937, -15.095189,
                  <!-- orientation -->   1.0000000000,  105.87912e-24, -14.098421e-24,
                                       -105.87912e-24,   1.0000000000,  1.0720261e-21,
                                        14.098421e-24, -1.0720261e-21,   1.0000000000
               </part>
               <part>
                  <!-- parent      --> "Root",
                  <!-- child       --> "Dome11",
                  <!-- position    --> -0.10975021, 10.446305, -16.733383,
                  <!-- orientation -->   1.0000000000,  105.87912e-24, -14.098421e-24,
                                       -105.87912e-24,   1.0000000000,  1.0720261e-21,
                                        14.098421e-24, -1.0720261e-21,   1.0000000000
               </part>
               <part>
                  <!-- parent      --> "Root",
                  <!-- child       --> "Dome12",
                  <!-- position    --> 6.1472321, 7.7621937, -15.092456,
                  <!-- orientation -->   1.0000000000,  105.87912e-24, -14.098421e-24,
                                       -105.87912e-24,   1.0000000000,  1.0720261e-21,
                                        14.098421e-24, -1.0720261e-21,   1.0000000000
               </part>
               <part>
                  <!-- parent      --> "Root",
                  <!-- child       --> "Dome13",
                  <!-- position    --> 13.039715, 7.7621927, -13.226573,
                  <!-- orientation -->   1.0000000000,  105.87912e-24, -14.098421e-24,
                                       -105.87912e-24,   1.0000000000,  1.0720261e-21,
                                        14.098421e-24, -1.0720261e-21,   1.0000000000
               </part>
               <part>
                  <!-- parent      --> "Root",
                  <!-- child       --> "Dome14",
                  <!-- position    --> 14.780809, 7.7621937, -6.4604816,
                  <!-- orientation -->   1.0000000000,  105.87912e-24, -14.098421e-24,
                                       -105.87912e-24,   1.0000000000,  1.0720261e-21,
                                        14.098421e-24, -1.0720261e-21,   1.0000000000
               </part>
               <part>
                  <!-- parent      --> "Root",
                  <!-- child       --> "Dome15",
                  <!-- position    --> 16.419001, 7.7621951, -0.42413259,
                  <!-- orientation -->   1.0000000000,  105.87912e-24, -14.098421e-24,
                                       -105.87912e-24,   1.0000000000,  1.0720261e-21,
                                        14.098421e-24, -1.0720261e-21,   1.0000000000
               </part>
               <part>
                  <!-- parent      --> "Root",
                  <!-- child       --> "Dome16",
                  <!-- position    --> 14.778077, 7.7621951, 5.8328552,
                  <!-- orientation -->   1.0000000000,  105.87912e-24, -14.098421e-24,
                                       -105.87912e-24,   1.0000000000,  1.0720261e-21,
                                        14.098421e-24, -1.0720261e-21,   1.0000000000
               </part>
               <part>
                  <!-- parent      --> "Root",
                  <!-- child       --> "Dome17",
                  <!-- position    --> 12.912196, 7.7621956, 12.725336,
                  <!-- orientation -->   1.0000000000,  105.87912e-24, -14.098421e-24,
                                       -105.87912e-24,   1.0000000000,  1.0720261e-21,
                                        14.098421e-24, -1.0720261e-21,   1.0000000000
               </part>
               <part>
                  <!-- parent      --> "Root",
                  <!-- child       --> "Dome_top",
                  <!-- position    --> 828.47481e-9, 18.228584, -0.31438115,
                  <!-- orientation -->   1.0000000000,  105.87912e-24, -14.098421e-24,
                                       -105.87912e-24,   1.0000000000,  1.0720261e-21,
                                        14.098421e-24, -1.0720261e-21,   1.0000000000
               </part>
               <part>
                  <!-- parent      --> "Root",
                  <!-- child       --> "Exit_R",
                  <!-- position    --> 1.8748049, 1.5864567, -19.34457,
                  <!-- orientation -->   1.0000000000,  105.87912e-24, -14.098421e-24,
                                       -105.87912e-24,   1.0000000000,  1.0720261e-21,
                                        14.098421e-24, -1.0720261e-21,   1.0000000000
               </part>
               <part>
                  <!-- parent      --> "Root",
                  <!-- child       --> "G_W01",
                  <!-- position    --> 0.059000157, -0.20165309, -10.532614,
                  <!-- orientation -->   1.0000000000,  105.87912e-24, -14.098421e-24,
                                       -105.87912e-24,   1.0000000000,  1.0720261e-21,
                                        14.098421e-24, -1.0720261e-21,   1.0000000000
               </part>
               <part>
                  <!-- parent      --> "Root",
                  <!-- child       --> "G_W02",
                  <!-- position    --> -11.103573, -0.20165192, -6.0483875,
                  <!-- orientation -->   1.0000000000,  105.87912e-24, -14.098421e-24,
                                       -105.87912e-24,   1.0000000000,  1.0720261e-21,
                                        14.098421e-24, -1.0720261e-21,   1.0000000000
               </part>
               <part>
                  <!-- parent      --> "Root",
                  <!-- child       --> "G_W03",
                  <!-- position    --> -13.174583, -0.20165081, 0.52128768,
