<?xml version="1.0" encoding="ISO-8859-1"?>
<!-- XML generated by UTFXML Version 2.2 built 19-Aug-2010 -->
<UTFXML filename="Master_of_Orion_Ship49.cmp" path="SHIPS\new\Master_of_Orion\MRRSHAN">
   <UTF_ROOT>
      <VMeshLibrary>
         <master_of_orion_ship49.lod0-112.vms include="Master_of_Orion_Ship49_cmp\lod0-112.vms.xml"/>
      </VMeshLibrary>
      <Exporter_Version name="Exporter Version" type="text">Export</Exporter_Version>
      <Cmpnd>
         <Root>
            <Object_name name="Object name" type="text">Root</Object_name>
            <Index type="int">0</Index>
            <File_name name="File name" type="text">Master_of_Orion_Ship49220418174520.3db</File_name>
         </Root>
      </Cmpnd>
      <Master_of_Orion_Ship49220418174520.3db>
         <VMeshPart>
            <VMeshRef type="VMeshRef">
               <!-- header size  --> 60,
               <!-- vmesh lib    --> master_of_orion_ship49.lod0-112.vms,
               <!-- start vert   --> 0,
               <!-- num verts    --> 2133,
               <!-- start index  --> 0,
               <!-- num indices  --> 8064,
               <!-- start mesh   --> 0,
               <!-- num meshes   --> 1,
               <!-- bounding box -->  47.755726,    25.541037,  85.943718,
                                     -47.755699,   -22.489653, -95.166245,
               <!-- center       -->  13.35144e-6,   1.525692,  -4.6112633,
               <!-- radius       --> 92.946922
            </VMeshRef>
         </VMeshPart>
         <VMeshWire include="Master_of_Orion_Ship49_cmp\Master_of_Orion_Ship49.vwd.xml"/>
         <Hardpoints>
            <Fixed>
               <HpMount>
                  <Position type="Vector">0, -25, -75</Position>
                  <Orientation type="Matrix">
                       1.0000000000,   0.0000000000,   0.0000000000,
                       0.0000000000,   1.0000000000,   0.0000000000,
                       0.0000000000,   0.0000000000,   1.0000000000
                  </Orientation>
               </HpMount>
               <HpTractor_Source>
                  <Position type="Vector">-0.001898, -19.413683, -95.161736</Position>
                  <Orientation type="Matrix">
                       1.0000000000,   0.0000000000,   0.0000000000,
                       0.0000000000,   1.0000000000,   0.0000000000,
                       0.0000000000,   0.0000000000,   1.0000000000
                  </Orientation>
               </HpTractor_Source>
               <HpShield01>
                  <Position type="Vector">0, 0, 0</Position>
                  <Orientation type="Matrix">
                       1.0000000000,   0.0000000000,   0.0000000000,
                       0.0000000000,   1.0000000000,   0.0000000000,
                       0.0000000000,   0.0000000000,   1.0000000000
                  </Orientation>
               </HpShield01>
               <HpShield02>
                  <Position type="Vector">0, 0, 0</Position>
                  <Orientation type="Matrix">
                       1.0000000000,   0.0000000000,   0.0000000000,
                       0.0000000000,   1.0000000000,   0.0000000000,
                       0.0000000000,   0.0000000000,   1.0000000000
                  </Orientation>
               </HpShield02>
               <HpFX01>
                  <Position type="Vector">0, 0, 0</Position>
                  <Orientation type="Matrix">
                       1.0000000000,   0.0000000000,   0.0000000000,
                       0.0000000000,   1.0000000000,   0.0000000000,
                       0.0000000000,   0.0000000000,   1.0000000000
                  </Orientation>
               </HpFX01>
               <HpFX02>
                  <Position type="Vector">0, 0, 0</Position>
                  <Orientation type="Matrix">
                      313.91644e-09,   0.9999998800,   0.0000000000,
                      -0.9999998800,  313.91644e-09,   0.0000000000,
                       0.0000000000,   0.0000000000,   1.0000000000
                  </Orientation>
               </HpFX02>
               <HpFX03>
                  <Position type="Vector">0, 0, 0</Position>
                  <Orientation type="Matrix">
                       1.0000000000,   0.0000000000,   0.0000000000,
                       0.0000000000,  313.91644e-09,   0.9999998800,
                       0.0000000000,  -0.9999998800,  313.91644e-09
                  </Orientation>
               </HpFX03>
               <HpFX04>
                  <Position type="Vector">0, 0, 0</Position>
                  <Orientation type="Matrix">
                       1.0000000000,   0.0000000000,   0.0000000000,
                       0.0000000000,   1.0000000000,   0.0000000000,
                       0.0000000000,   0.0000000000,   1.0000000000
                  </Orientation>
               </HpFX04>
               <HpFX05>
                  <Position type="Vector">0, 0, 0</Position>
                  <Orientation type="Matrix">
                       1.0000000000,   0.0000000000,   0.0000000000,
                       0.0000000000,   1.0000000000,   0.0000000000,
                       0.0000000000,   0.0000000000,   1.0000000000
                  </Orientation>
               </HpFX05>
               <HpFX06>
                  <Position type="Vector">0, 0, 0</Position>
                  <Orientation type="Matrix">
                       1.0000000000,   0.0000000000,   0.0000000000,
                       0.0000000000,   1.0000000000,   0.0000000000,
                       0.0000000000,   0.0000000000,   1.0000000000
                  </Orientation>
               </HpFX06>
               <HpFX07>
                  <Position type="Vector">0, 0, 0</Position>
                  <Orientation type="Matrix">
                       1.0000000000,   0.0000000000,   0.0000000000,
                       0.0000000000,   1.0000000000,   0.0000000000,
                       0.0000000000,   0.0000000000,   1.0000000000
                  </Orientation>
               </HpFX07>
               <HpBayDoor01>
                  <Position type="Vector">0, 30, 0</Position>
                  <Orientation type="Matrix">
                       1.0000000000,   0.0000000000,   0.0000000000,
                       0.0000000000,   1.0000000000,   0.0000000000,
                       0.0000000000,   0.0000000000,   1.0000000000
                  </Orientation>
               </HpBayDoor01>
               <HpBayDoor02>
                  <Position type="Vector">0, 35, 0</Position>
                  <Orientation type="Matrix">
                       1.0000000000,   0.0000000000,   0.0000000000,
                       0.0000000000,   1.0000000000,   0.0000000000,
                       0.0000000000,   0.0000000000,   1.0000000000
                  </Orientation>
               </HpBayDoor02>
               <HpCloak01>
                  <Position type="Vector">0, 2, -5</Position>
                  <Orientation type="Matrix">
                       1.0000000000,   0.0000000000,   0.0000000000,
                       0.0000000000,   1.0000000000,   0.0000000000,
                       0.0000000000,   0.0000000000,   1.0000000000
                  </Orientation>
               </HpCloak01>
               <HpDocklight01>
                  <Position type="Vector">-45.793018, 15.335871, 66.645355</Position>
                  <Orientation type="Matrix">
                       1.0000000000,   0.0000000000,   0.0000000000,
                       0.0000000000,   1.0000000000,   0.0000000000,
                       0.0000000000,   0.0000000000,   1.0000000000
                  </Orientation>
               </HpDocklight01>
               <HpDocklight02>
                  <Position type="Vector">45.791256, 15.336491, 66.653084</Position>
                  <Orientation type="Matrix">
                       1.0000000000,   0.0000000000,   0.0000000000,
                       0.0000000000,   1.0000000000,   0.0000000000,
                       0.0000000000,   0.0000000000,   1.0000000000
                  </Orientation>
               </HpDocklight02>
               <HpRunningLight01>
                  <Position type="Vector">-47.737389, 13.055821, 51.649899</Position>
                  <Orientation type="Matrix">
                       1.0000000000,   0.0000000000,   0.0000000000,
                       0.0000000000,   1.0000000000,   0.0000000000,
                       0.0000000000,   0.0000000000,   1.0000000000
                  </Orientation>
               </HpRunningLight01>
               <HpRunningLight02>
                  <Position type="Vector">47.750401, 13.044252, 51.669258</Position>
                  <Orientation type="Matrix">
                       1.0000000000,   0.0000000000,   0.0000000000,
                       0.0000000000,   1.0000000000,   0.0000000000,
                       0.0000000000,   0.0000000000,   1.0000000000
                  </Orientation>
               </HpRunningLight02>
               <HpRunningLight03>
                  <Position type="Vector">-0.001898, -19.413683, -95.161736</Position>
                  <Orientation type="Matrix">
                       1.0000000000,   0.0000000000,   0.0000000000,
                       0.0000000000,   1.0000000000,   0.0000000000,
                       0.0000000000,   0.0000000000,   1.0000000000
                  </Orientation>
               </HpRunningLight03>
               <HpRunningLight04>
                  <Position type="Vector">-35.377163, -18.289833, -25.029881</Position>
                  <Orientation type="Matrix">
                       1.0000000000,   0.0000000000,   0.0000000000,
                       0.0000000000,   1.0000000000,   0.0000000000,
                       0.0000000000,   0.0000000000,   1.0000000000
                  </Orientation>
               </HpRunningLight04>
               <HpRunningLight05>
                  <Position type="Vector">35.378471, -18.285337, -25.023218</Position>
                  <Orientation type="Matrix">
                       1.0000000000,   0.0000000000,   0.0000000000,
                       0.0000000000,   1.0000000000,   0.0000000000,
                       0.0000000000,   0.0000000000,   1.0000000000
                  </Orientation>
               </HpRunningLight05>
               <HpNew01>
                  <Position type="Vector">0, 0, 0</Position>
                  <Orientation type="Matrix">
                       1.0000000000,   0.0000000000,   0.0000000000,
                       0.0000000000,   1.0000000000,   0.0000000000,
                       0.0000000000,   0.0000000000,   1.0000000000
                  </Orientation>
               </HpNew01>
               <HpNew02>
                  <Position type="Vector">0, 0, 0</Position>
                  <Orientation type="Matrix">
                       1.0000000000,   0.0000000000,   0.0000000000,
                       0.0000000000,   1.0000000000,   0.0000000000,
                       0.0000000000,   0.0000000000,   1.0000000000
                  </Orientation>
               </HpNew02>
               <HpNew03>
                  <Position type="Vector">0, 0, 0</Position>
                  <Orientation type="Matrix">
                       1.0000000000,   0.0000000000,   0.0000000000,
                       0.0000000000,   1.0000000000,   0.0000000000,
                       0.0000000000,   0.0000000000,   1.0000000000
                  </Orientation>
               </HpNew03>
               <HpCM01>
                  <Position type="Vector">-34.431568, -6.5, 50.9893</Position>
                  <Orientation type="Matrix">
                      -1.0000000000,  186.89494e-09, -266.91362e-09,
                     -1.7763568e-15,  -0.8191520600,  -0.5735764500,
                     -325.84134e-09,  -0.5735764500,   0.8191520600
                  </Orientation>
               </HpCM01>
               <HpCM02>
                  <Position type="Vector">34.388351, -6.5, 51.023575</Position>
                  <Orientation type="Matrix">
                      -1.0000000000,  186.89494e-09, -266.91362e-09,
                     -1.7763568e-15,  -0.8191520600,  -0.5735764500,
                     -325.84134e-09,  -0.5735764500,   0.8191520600
                  </Orientation>
               </HpCM02>
               <HpEngine01>
                  <Position type="Vector">-8.2389278, 16.458042, 82.275597</Position>
                  <Orientation type="Matrix">
                       1.0000000000,   0.0000000000,   0.0000000000,
                       0.0000000000,   1.0000000000,   0.0000000000,
                       0.0000000000,   0.0000000000,   1.0000000000
                  </Orientation>
               </HpEngine01>
               <HpEngine02>
                  <Position type="Vector">8.2745571, 16.448723, 82.239716</Position>
                  <Orientation type="Matrix">
                       1.0000000000,   0.0000000000,   0.0000000000,
                       0.0000000000,   1.0000000000,   0.0000000000,
                       0.0000000000,   0.0000000000,   1.0000000000
                  </Orientation>
               </HpEngine02>
               <HpEngine03>
                  <Position type="Vector">24.957586, -16.634478, -7.7595239</Position>
                  <Orientation type="Matrix">
                       1.0000000000,   0.0000000000,   0.0000000000,
                       0.0000000000,   1.0000000000,   0.0000000000,
                       0.0000000000,   0.0000000000,   1.0000000000
                  </Orientation>
               </HpEngine03>
               <HpEngine04>
                  <Position type="Vector">-24.93891, -16.63191, -7.7627802</Position>
                  <Orientation type="Matrix">
                       1.0000000000,   0.0000000000,   0.0000000000,
                       0.0000000000,   1.0000000000,   0.0000000000,
                       0.0000000000,   0.0000000000,   1.0000000000
                  </Orientation>
               </HpEngine04>
               <HpThruster01>
                  <Position type="Vector">-0.004813, 16.4, 84.5</Position>
                  <Orientation type="Matrix">
                       1.0000000000,   0.0000000000,   0.0000000000,
                       0.0000000000,   1.0000000000,   0.0000000000,
                       0.0000000000,   0.0000000000,   1.0000000000
                  </Orientation>
               </HpThruster01>
            </Fixed>
            <Revolute>
               <HpTorpedo01>
                  <Position type="Vector">0.007853, -20.26022, -92.925301</Position>
                  <Orientation type="Matrix">
                      -1.0000000000, -17.053225e-09, -325.39481e-09,
                     -14.210855e-15,  -0.9986296300,   0.0523360480,
                     -325.84137e-09,   0.0523360480,   0.9986295100
                  </Orientation>
                  <Axis type="Vector">0, 1, 0</Axis>
                  <Min type="float">-0.78539819</Min>
                  <Max type="float">0.78539819</Max>
               </HpTorpedo01>
               <HpTurret01>
                  <Position type="Vector">3.1734729, 25.442938, -42.734097</Position>
                  <Orientation type="Matrix">
                       0.9975643200,   0.0697564560,   0.0000000000,
                      -0.0697564560,   0.9975643200,   0.0000000000,
                       0.0000000000,   0.0000000000,   1.0000000000
                  </Orientation>
                  <Axis type="Vector">0, 1, 0</Axis>
                  <Min type="float">-3.1415927</Min>
                  <Max type="float">3.1415927</Max>
               </HpTurret01>
               <HpTurret02>
                  <Position type="Vector">-3.153414, 25.44313, -42.76754</Position>
                  <Orientation type="Matrix">
                       0.9975641400,  -0.0697565600,   0.0000000000,
                       0.0697565600,   0.9975641400,   0.0000000000,
                       0.0000000000,   0.0000000000,   1.0000000000
                  </Orientation>
                  <Axis type="Vector">0, 1, 0</Axis>
                  <Min type="float">-3.1415927</Min>
                  <Max type="float">3.1415927</Max>
               </HpTurret02>
               <HpTurret03>
                  <Position type="Vector">-46.851627, 9.4892473, 55.418995</Position>
                  <Orientation type="Matrix">
                      -0.2079125200,  -0.9775515800,   0.0341368910,
                       0.9781472700,  -0.2077859200,   0.0072560431,
                     -11.803422e-09,   0.0348995330,   0.9993907200
                  </Orientation>
                  <Axis type="Vector">0, 1, 0</Axis>
                  <Min type="float">-3.1415927</Min>
                  <Max type="float">3.1415927</Max>
               </HpTurret03>
               <HpTurret04>
                  <Position type="Vector">46.899223, 9.6899424, 55.293591</Position>
                  <Orientation type="Matrix">
                      -0.2079122100,   0.9775515800,  -0.0341368950,
                      -0.9781475100,  -0.2077855500,   0.0072560301,
                     -2.2914719e-09,   0.0348995330,   0.9993906600
                  </Orientation>
                  <Axis type="Vector">0, 1, 0</Axis>
                  <Min type="float">-3.1415927</Min>
                  <Max type="float">3.1415927</Max>
               </HpTurret04>
               <HpTurret05>
                  <Position type="Vector">-27.162041, -21.956223, -27.547964</Position>
                  <Orientation type="Matrix">
                      -0.9953962600,  -0.0955225970,   0.0078533925,
                       0.0958448870,  -0.9920491600,   0.0815613420,
                       0.0000000000,   0.0819385650,   0.9966374000
                  </Orientation>
                  <Axis type="Vector">0, 1, 0</Axis>
                  <Min type="float">-3.1415927</Min>
                  <Max type="float">3.1415927</Max>
               </HpTurret05>
               <HpTurret06>
                  <Position type="Vector">27.510273, -21.923508, -27.565413</Position>
                  <Orientation type="Matrix">
                      -0.9953961400,   0.0955235440,  -0.0078534689,
                      -0.0958458330,  -0.9920491600,   0.0815613420,
                       0.0000000000,   0.0819385500,   0.9966374000
                  </Orientation>
                  <Axis type="Vector">0, 1, 0</Axis>
                  <Min type="float">-3.1415927</Min>
                  <Max type="float">3.1415927</Max>
               </HpTurret06>
               <HpTurret07>
                  <Position type="Vector">-17.763319, 17.019484, -62.293594</Position>
                  <Orientation type="Matrix">
                       0.6225141300,  -0.7092842500,  -0.3307446200,
                       0.7826085700,   0.5641894900,   0.2630858700,
                     -29.802322e-09,  -0.4226182100,   0.9063077600
                  </Orientation>
                  <Axis type="Vector">0, 1, 0</Axis>
                  <Min type="float">-3.1415927</Min>
                  <Max type="float">3.1415927</Max>
               </HpTurret07>
               <HpTurret08>
                  <Position type="Vector">17.971649, 16.703171, -62.364853</Position>
                  <Orientation type="Matrix">
                       0.6225146100,   0.7092839500,   0.3307444500,
                      -0.7826081500,   0.5641899100,   0.2630859900,
                     -89.406967e-09,  -0.4226182400,   0.9063078200
                  </Orientation>
                  <Axis type="Vector">0, 1, 0</Axis>
                  <Min type="float">-3.1415927</Min>
                  <Max type="float">3.1415927</Max>
               </HpTurret08>
               <HpTurret09>
                  <Position type="Vector">0.002344, 25.015766, -26.151028</Position>
                  <Orientation type="Matrix">
                       1.0000000000,   0.0000000000,   0.0000000000,
                       0.0000000000,   0.9986295100,  -0.0523359660,
                       0.0000000000,   0.0523359660,   0.9986295100
                  </Orientation>
                  <Axis type="Vector">0, 1, 0</Axis>
                  <Min type="float">-1.7278759</Min>
                  <Max type="float">1.7278759</Max>
               </HpTurret09>
               <HpTurret10>
                  <Position type="Vector">635e-6, -10.141253, -91.468941</Position>
                  <Orientation type="Matrix">
                       1.0000000000,   0.0000000000,   0.0000000000,
                       0.0000000000,   0.3907310700,   0.9205048700,
                       0.0000000000,  -0.9205048700,   0.3907310700
                  </Orientation>
                  <Axis type="Vector">0, 1, 0</Axis>
                  <Min type="float">-3.1415927</Min>
                  <Max type="float">3.1415927</Max>
               </HpTurret10>
            </Revolute>
         </Hardpoints>
      </Master_of_Orion_Ship49220418174520.3db>
   </UTF_ROOT>
</UTFXML>
