<?xml version="1.0" encoding="ISO-8859-1"?>
<!-- XML generated by UTFXML Version 2.2 built 19-Aug-2010 -->
<UTFXML filename="Master_of_Orion_Ship52s.cmp" path="SHIPS\new\Master_of_Orion\MRRSHAN">
   <UTF_ROOT>
      <VMeshLibrary>
         <Master_of_Orion_Ship52s.lod0.vms include="Master_of_Orion_Ship52s_cmp\lod0.vms.xml"/>
      </VMeshLibrary>
      <Cmpnd>
         <Root>
            <File_name name="File name" type="text">Master_of_Orion_Ship52s.3db</File_name>
            <Index type="int">0</Index>
            <Object_name name="Object name" type="text">Root</Object_name>
         </Root>
      </Cmpnd>
      <Master_of_Orion_Ship52s.3db>
         <Hardpoints>
            <Fixed>
               <HpDockMountA>
                  <Orientation type="Matrix">
                      59.604645e-09,   0.0000000000,  -0.9999998800,
                       0.0000000000,   1.0000000000,   0.0000000000,
                       0.9999998800,   0.0000000000,  59.604645e-09
                  </Orientation>
                  <Position type="Vector">0, -100, -50</Position>
               </HpDockMountA>
               <HpDockPointA01>
                  <Orientation type="Matrix">
                      59.604645e-09,   0.0000000000,  -0.9999998800,
                       0.0000000000,   1.0000000000,   0.0000000000,
                       0.9999998800,   0.0000000000,  59.604645e-09
                  </Orientation>
                  <Position type="Vector">0, -100, -90</Position>
               </HpDockPointA01>
               <HpDockPointA02>
                  <Orientation type="Matrix">
                      59.604645e-09,   0.0000000000,  -0.9999998800,
                       0.0000000000,   1.0000000000,   0.0000000000,
                       0.9999998800,   0.0000000000,  59.604645e-09
                  </Orientation>
                  <Position type="Vector">0, -100, -130</Position>
               </HpDockPointA02>
               <HpLaunchCamA>
                  <Orientation type="Matrix">
                       1.0000000000,   0.0000000000,   0.0000000000,
                       0.0000000000,   1.0000000000,   0.0000000000,
                       0.0000000000,   0.0000000000,   1.0000000000
                  </Orientation>
                  <Position type="Vector">50, -20, -150</Position>
               </HpLaunchCamA>
               <HpDockCamA>
                  <Orientation type="Matrix">
                       1.0000000000,   0.0000000000,   0.0000000000,
                       0.0000000000,   1.0000000000,   0.0000000000,
                       0.0000000000,   0.0000000000,   1.0000000000
                  </Orientation>
                  <Position type="Vector">-50, -120, -150</Position>
               </HpDockCamA>
               <HpRunningLight01>
                  <Orientation type="Matrix">
                       1.0000000000,   0.0000000000,   0.0000000000,
                       0.0000000000,   1.0000000000,   0.0000000000,
                       0.0000000000,   0.0000000000,   1.0000000000
                  </Orientation>
                  <Position type="Vector">-33.019779, 61.721931, -32.97068</Position>
               </HpRunningLight01>
               <HpRunningLight02>
                  <Orientation type="Matrix">
                       1.0000000000,   0.0000000000,   0.0000000000,
                       0.0000000000,   1.0000000000,   0.0000000000,
                       0.0000000000,   0.0000000000,   1.0000000000
                  </Orientation>
                  <Position type="Vector">32.971268, 61.721931, -33.0075</Position>
               </HpRunningLight02>
               <HpRunningLight03>
                  <Orientation type="Matrix">
                       1.0000000000,   0.0000000000,   0.0000000000,
                       0.0000000000,   1.0000000000,   0.0000000000,
                       0.0000000000,   0.0000000000,   1.0000000000
                  </Orientation>
                  <Position type="Vector">33.003029, 61.721931, 32.975811</Position>
               </HpRunningLight03>
               <HpRunningLight04>
                  <Orientation type="Matrix">
                       1.0000000000,   0.0000000000,   0.0000000000,
                       0.0000000000,   1.0000000000,   0.0000000000,
                       0.0000000000,   0.0000000000,   1.0000000000
                  </Orientation>
                  <Position type="Vector">-32.976208, 61.721931, 33.004417</Position>
               </HpRunningLight04>
               <HpShield01>
                  <Orientation type="Matrix">
                       1.0000000000,   0.0000000000,   0.0000000000,
                       0.0000000000,   1.0000000000,   0.0000000000,
                       0.0000000000,   0.0000000000,   1.0000000000
                  </Orientation>
                  <Position type="Vector">0, 0, 0</Position>
               </HpShield01>
               <HpShield02>
                  <Orientation type="Matrix">
                       1.0000000000,   0.0000000000,   0.0000000000,
                       0.0000000000,   1.0000000000,   0.0000000000,
                       0.0000000000,   0.0000000000,   1.0000000000
                  </Orientation>
                  <Position type="Vector">0, 0, 0</Position>
               </HpShield02>
            </Fixed>
            <Revolute>
               <HpTurret01>
                  <Axis type="Vector">0, 1, 0</Axis>
                  <Max type="float">1.5707964</Max>
                  <Min type="float">-1.5707964</Min>
                  <Orientation type="Matrix">
                       0.7071068300,   0.0000000000,  -0.7071067700,
                       0.0000000000,   1.0000000000,   0.0000000000,
                       0.7071067700,   0.0000000000,   0.7071068300
                  </Orientation>
                  <Position type="Vector">65.733658, -11.025434, -65.711662</Position>
               </HpTurret01>
               <HpTurret02>
                  <Axis type="Vector">0, 1, 0</Axis>
                  <Max type="float">1.5707964</Max>
                  <Min type="float">-1.5707964</Min>
                  <Orientation type="Matrix">
                       0.7071068300,   0.0000000000,   0.7071067700,
                      -0.0000000000,   1.0000000000,   0.0000000000,
                      -0.7071067700,  -0.0000000000,   0.7071068300
                  </Orientation>
                  <Position type="Vector">-65.761559, -11.040942, -65.769981</Position>
               </HpTurret02>
               <HpTurret03>
                  <Axis type="Vector">0, 1, 0</Axis>
                  <Max type="float">1.5707964</Max>
                  <Min type="float">-1.5707964</Min>
                  <Orientation type="Matrix">
                      -0.7071067100,   0.0000000000,   0.7071067700,
                      -0.0000000000,   1.0000000000,   0.0000000000,
                      -0.7071067700,  -0.0000000000,  -0.7071067100
                  </Orientation>
                  <Position type="Vector">-65.783859, -11.043857, 65.763901</Position>
               </HpTurret03>
               <HpTurret04>
                  <Axis type="Vector">0, 1, 0</Axis>
                  <Max type="float">1.5707964</Max>
                  <Min type="float">-1.5707964</Min>
                  <Orientation type="Matrix">
                      -0.7071067100,   0.0000000000,  -0.7071067700,
                       0.0000000000,   1.0000000000,   0.0000000000,
                       0.7071067700,   0.0000000000,  -0.7071067100
                  </Orientation>
                  <Position type="Vector">65.757416, -11.035408, 65.74334</Position>
               </HpTurret04>
               <HpTurret05>
                  <Axis type="Vector">0, 1, 0</Axis>
                  <Max type="float">1.5707964</Max>
                  <Min type="float">-1.5707964</Min>
                  <Orientation type="Matrix">
                      -0.7071067100, -87.422777e-09,  -0.7071067700,
                      61.817232e-09,  -0.9999998800,  61.817232e-09,
                      -0.7071067700,   0.0000000000,   0.7071068300
                  </Orientation>
                  <Position type="Vector">57.492584, -62.882149, -57.420631</Position>
               </HpTurret05>
               <HpTurret06>
                  <Axis type="Vector">0, 1, 0</Axis>
                  <Max type="float">1.5707964</Max>
                  <Min type="float">-1.5707964</Min>
                  <Orientation type="Matrix">
                      -0.7071067100, -87.422777e-09,   0.7071067700,
                      61.817232e-09,  -0.9999998800, -61.817232e-09,
                       0.7071067700,   0.0000000000,   0.7071068300
                  </Orientation>
                  <Position type="Vector">-57.543861, -62.882149, -57.501522</Position>
               </HpTurret06>
               <HpTurret07>
                  <Axis type="Vector">0, 1, 0</Axis>
                  <Max type="float">1.5707964</Max>
                  <Min type="float">-1.5707964</Min>
                  <Orientation type="Matrix">
                       0.7071068300, -87.422777e-09,   0.7071067700,
                     -61.817232e-09,  -0.9999998800, -61.817232e-09,
                       0.7071067700,   0.0000000000,  -0.7071067100
                  </Orientation>
                  <Position type="Vector">-57.376331, -62.882149, 57.398506</Position>
               </HpTurret07>
               <HpTurret08>
                  <Axis type="Vector">0, 1, 0</Axis>
                  <Max type="float">1.5707964</Max>
                  <Min type="float">-1.5707964</Min>
                  <Orientation type="Matrix">
                       0.7071068300, -87.422777e-09,  -0.7071067700,
                     -61.817232e-09,  -0.9999998800,  61.817232e-09,
                      -0.7071067700,   0.0000000000,  -0.7071067100
                  </Orientation>
                  <Position type="Vector">57.407631, -62.882149, 57.447933</Position>
               </HpTurret08>
            </Revolute>
         </Hardpoints>
         <MultiLevel>
            <Level0>
               <VMeshPart>
                  <VMeshRef type="VMeshRef">
                     <!-- header size  --> 60,
                     <!-- vmesh lib    --> Master_of_Orion_Ship52s.lod0.vms,
                     <!-- start vert   --> 0,
                     <!-- num verts    --> 9900,
                     <!-- start index  --> 0,
                     <!-- num indices  --> 31176,
                     <!-- start mesh   --> 0,
                     <!-- num meshes   --> 1,
                     <!-- bounding box -->  87.944763,     103.66614,    87.944786,
                                           -87.944786,    -113.71901,   -87.944778,
                     <!-- center       --> -11.444092e-6,   -5.0264359,   3.8146973e-6,
                     <!-- radius       --> 210.65591
                  </VMeshRef>
               </VMeshPart>
            </Level0>
         </MultiLevel>
      </Master_of_Orion_Ship52s.3db>
   </UTF_ROOT>
</UTFXML>
