<?xml version="1.0" encoding="ISO-8859-1"?>
<!-- XML generated by UTFXML Version 2.2 built 19-Aug-2010 -->
<UTFXML filename="Carrick_Station_hangar_C.cmp" path="SOLAR\new\Scifi">
   <UTF_ROOT>
      <VMeshLibrary>
         <Carrick_Station_hangar_C.lod0.vms include="Carrick_Station_hangar_C_cmp\lod0.vms.xml"/>
      </VMeshLibrary>
      <Cmpnd>
         <Root>
            <File_name name="File name" type="text">Carrick_Station_hangar_C.3db</File_name>
            <Index type="int">0</Index>
            <Object_name name="Object name" type="text">Root</Object_name>
         </Root>
      </Cmpnd>
      <Carrick_Station_hangar_C.3db>
         <Hardpoints>
            <Fixed>
               <HpDockMountC>
                  <Orientation type="Matrix">
                       0.7880107200,   0.0000000000,   0.6156615000,
                      -0.0000000000,   1.0000000000,   0.0000000000,
                      -0.6156615000,  -0.0000000000,   0.7880107200
                  </Orientation>
                  <Position type="Vector">-1225, 425, 950</Position>
               </HpDockMountC>
               <HpDockPointC01>
                  <Orientation type="Matrix">
                       0.7880107200,   0.0000000000,   0.6156615000,
                      -0.0000000000,   1.0000000000,   0.0000000000,
                      -0.6156615000,  -0.0000000000,   0.7880107200
                  </Orientation>
                  <Position type="Vector">-1425, 425, 1150</Position>
               </HpDockPointC01>
               <HpDockPointC02>
                  <Orientation type="Matrix">
                       0.7880107200,   0.0000000000,   0.6156615000,
                      -0.0000000000,   1.0000000000,   0.0000000000,
                      -0.6156615000,  -0.0000000000,   0.7880107200
                  </Orientation>
                  <Position type="Vector">-1625, 425, 1350</Position>
               </HpDockPointC02>
               <HpLaunchCamC>
                  <Orientation type="Matrix">
                       1.0000000000,   0.0000000000,   0.0000000000,
                       0.0000000000,   1.0000000000,   0.0000000000,
                       0.0000000000,   0.0000000000,   1.0000000000
                  </Orientation>
                  <Position type="Vector">-1925, -1350, 1250</Position>
               </HpLaunchCamC>
               <HpDockCamC>
                  <Orientation type="Matrix">
                       1.0000000000,   0.0000000000,   0.0000000000,
                       0.0000000000,   1.0000000000,   0.0000000000,
                       0.0000000000,   0.0000000000,   1.0000000000
                  </Orientation>
                  <Position type="Vector">-1900, 1111, 1500</Position>
               </HpDockCamC>
            </Fixed>
         </Hardpoints>
         <MultiLevel>
            <Level0>
               <VMeshPart>
                  <VMeshRef type="VMeshRef">
                     <!-- header size  --> 60,
                     <!-- vmesh lib    --> Carrick_Station_hangar_C.lod0.vms,
                     <!-- start vert   --> 0,
                     <!-- num verts    --> 20,
                     <!-- start index  --> 0,
                     <!-- num indices  --> 36,
                     <!-- start mesh   --> 0,
                     <!-- num meshes   --> 1,
                     <!-- bounding box -->   0.028086958,  0.02864348,    0.027244566,
                                            -0.02626087,  -0.025704348,  -0.027103262,
                     <!-- center       --> 913.04444e-6,   0.0014695656, 70.651993e-6,
                     <!-- radius       --> 0.047066599
                  </VMeshRef>
               </VMeshPart>
            </Level0>
         </MultiLevel>
      </Carrick_Station_hangar_C.3db>
   </UTF_ROOT>
</UTFXML>
