<?xml version="1.0" encoding="ISO-8859-1"?>
<!-- XML generated by UTFXML Version 2.2 built 19-Aug-2010 -->
<UTFXML filename="Carrick_Station_hangar_A.cmp" path="SOLAR\new\Scifi">
   <UTF_ROOT>
      <VMeshLibrary>
         <Carrick_Station_hangar_A.lod0.vms include="Carrick_Station_hangar_A_cmp\lod0.vms.xml"/>
      </VMeshLibrary>
      <Cmpnd>
         <Root>
            <File_name name="File name" type="text">Carrick_Station_hangar_A.3db</File_name>
            <Index type="int">0</Index>
            <Object_name name="Object name" type="text">Root</Object_name>
         </Root>
      </Cmpnd>
      <Carrick_Station_hangar_A.3db>
         <Hardpoints>
            <Fixed>
               <HpDockMountA>
                  <Orientation type="Matrix">
                      -0.1045285500,   0.0000000000,  -0.9945219200,
                       0.0000000000,   1.0000000000,   0.0000000000,
                       0.9945219200,   0.0000000000,  -0.1045285500
                  </Orientation>
                  <Position type="Vector">-195, 485, 1550</Position>
               </HpDockMountA>
               <HpDockPointA01>
                  <Orientation type="Matrix">
                      -0.1045285500,   0.0000000000,  -0.9945219200,
                       0.0000000000,   1.0000000000,   0.0000000000,
                       0.9945219200,   0.0000000000,  -0.1045285500
                  </Orientation>
                  <Position type="Vector">-215, 485, 1750</Position>
               </HpDockPointA01>
               <HpDockPointA02>
                  <Orientation type="Matrix">
                      -0.1045285500,   0.0000000000,  -0.9945219200,
                       0.0000000000,   1.0000000000,   0.0000000000,
                       0.9945219200,   0.0000000000,  -0.1045285500
                  </Orientation>
                  <Position type="Vector">-250, 485, 2050</Position>
               </HpDockPointA02>
               <HpLaunchCamA>
                  <Orientation type="Matrix">
                       1.0000000000,   0.0000000000,   0.0000000000,
                       0.0000000000,   1.0000000000,   0.0000000000,
                       0.0000000000,   0.0000000000,   1.0000000000
                  </Orientation>
                  <Position type="Vector">510, 495, 2005</Position>
               </HpLaunchCamA>
               <HpDockCamA>
                  <Orientation type="Matrix">
                       1.0000000000,   0.0000000000,   0.0000000000,
                       0.0000000000,   1.0000000000,   0.0000000000,
                       0.0000000000,   0.0000000000,   1.0000000000
                  </Orientation>
                  <Position type="Vector">-692, 500, 2281</Position>
               </HpDockCamA>
            </Fixed>
         </Hardpoints>
         <MultiLevel>
            <Level0>
               <VMeshPart>
                  <VMeshRef type="VMeshRef">
                     <!-- header size  --> 60,
                     <!-- vmesh lib    --> Carrick_Station_hangar_A.lod0.vms,
                     <!-- start vert   --> 0,
                     <!-- num verts    --> 20,
                     <!-- start index  --> 0,
                     <!-- num indices  --> 36,
                     <!-- start mesh   --> 0,
                     <!-- num meshes   --> 1,
                     <!-- bounding box -->   0.028086958,  0.02864348,    0.027244566,
                                            -0.02626087,  -0.025704348,  -0.027103262,
                     <!-- center       --> 913.04444e-6,   0.0014695656, 70.651993e-6,
                     <!-- radius       --> 0.047066599
                  </VMeshRef>
               </VMeshPart>
            </Level0>
         </MultiLevel>
      </Carrick_Station_hangar_A.3db>
   </UTF_ROOT>
</UTFXML>
