<?xml version="1.0" encoding="ISO-8859-1"?>
<!-- XML generated by UTFXML Version 2.2 built 19-Aug-2010 -->
<UTFXML filename="destiny_pyramid_l.cmp" path="SOLAR\new\Scifi">
   <UTF_ROOT>
      <VMeshLibrary>
         <destiny_pyramid_p1l_root.lod0.vms include="destiny_pyramid_l_cmp\lod0.vms.xml"/>
         <destiny_pyramid_p2l_root.lod0.vms include="destiny_pyramid_l_cmp\lod0.vms.xml"/>
      </VMeshLibrary>
      <Cmpnd>
         <Cons>
            <Fix type="Fix" count="2">
               <part>
                  <!-- parent      --> "Root",
                  <!-- child       --> "destiny_pyramid_p1l_lod1",
                  <!-- position    --> 0, 0, 0,
                  <!-- orientation -->   1.0000000000,   0.0000000000,   0.0000000000,
                                         0.0000000000,   1.0000000000,   0.0000000000,
                                         0.0000000000,   0.0000000000,   1.0000000000
               </part>
               <part>
                  <!-- parent      --> "Root",
                  <!-- child       --> "destiny_pyramid_p2l_lod1",
                  <!-- position    --> 0, 0, 0,
                  <!-- orientation -->   1.0000000000,   0.0000000000,   0.0000000000,
                                         0.0000000000,   1.0000000000,   0.0000000000,
                                         0.0000000000,   0.0000000000,   1.0000000000
               </part>
            </Fix>
         </Cons>
         <Root>
            <File_name name="File name" type="text">destiny_pyramid_p1l_root_lod1.3db</File_name>
            <Index type="int">0</Index>
            <Object_name name="Object name" type="text">Root</Object_name>
         </Root>
         <Part_destiny_pyramid_p1l_lod1>
            <File_name name="File name" type="text">destiny_pyramid_p1l_lod1.3db</File_name>
            <Index type="int">1</Index>
            <Object_name name="Object name" type="text">destiny_pyramid_p1l_lod1</Object_name>
         </Part_destiny_pyramid_p1l_lod1>
         <Part_destiny_pyramid_p2l_lod1>
            <File_name name="File name" type="text">destiny_pyramid_p2l_lod1.3db</File_name>
            <Index type="int">1</Index>
            <Object_name name="Object name" type="text">destiny_pyramid_p2l_lod1</Object_name>
         </Part_destiny_pyramid_p2l_lod1>
      </Cmpnd>
      <destiny_pyramid_p1l_root_lod1.3db>
         <MultiLevel>
            <Level0>
               <VMeshPart>
                  <VMeshRef type="VMeshRef">
                     <!-- header size  --> 60,
                     <!-- vmesh lib    --> destiny_pyramid_p1l_root.lod0.vms,
                     <!-- start vert   --> 0,
                     <!-- num verts    --> 20,
                     <!-- start index  --> 0,
                     <!-- num indices  --> 36,
                     <!-- start mesh   --> 0,
                     <!-- num meshes   --> 1,
                     <!-- bounding box --> 3924.2734,   525.99463,   799.06494,
                                           -834.52356, -405.46133,  -969.61761,
                     <!-- center       --> 1544.875,     60.266647,  -85.276337,
                     <!-- radius       --> 5095.4561
                  </VMeshRef>
               </VMeshPart>
            </Level0>
         </MultiLevel>
         <Hardpoints>
            <Fixed>
               <HpFX01>
                  <Orientation type="Matrix">
                       1.0000000000,   0.0000000000,   0.0000000000,
                       0.0000000000,   1.0000000000,   0.0000000000,
                       0.0000000000,   0.0000000000,   1.0000000000
                  </Orientation>
                  <Position type="Vector">0, 0, 0</Position>
               </HpFX01>
               <HpShield01>
                  <Orientation type="Matrix">
                       1.0000000000,   0.0000000000,   0.0000000000,
                       0.0000000000,   1.0000000000,   0.0000000000,
                       0.0000000000,   0.0000000000,   1.0000000000
                  </Orientation>
                  <Position type="Vector">0, 0, 0</Position>
               </HpShield01>
            </Fixed>
         </Hardpoints>
      </destiny_pyramid_p1l_root_lod1.3db>
      <destiny_pyramid_p1l_lod1.3db>
         <MultiLevel>
            <Level0>
               <VMeshPart>
                  <VMeshRef type="VMeshRef">
                     <!-- header size  --> 60,
                     <!-- vmesh lib    --> destiny_pyramid_p1l_root.lod0.vms,
                     <!-- start vert   --> 20,
                     <!-- num verts    --> 2169,
                     <!-- start index  --> 36,
                     <!-- num indices  --> 6204,
                     <!-- start mesh   --> 1,
                     <!-- num meshes   --> 1,
                     <!-- bounding box --> 3924.2734,   525.99463,   799.06494,
                                           -834.52356, -405.46133,  -969.61761,
                     <!-- center       --> 1544.875,     60.266647,  -85.276337,
                     <!-- radius       --> 5095.4561
                  </VMeshRef>
               </VMeshPart>
            </Level0>
         </MultiLevel>
         <Hardpoints>
            <Revolute>
               <HpTurret01>
                  <Axis type="Vector">0, 1, 0</Axis>
                  <Max type="float">3.1415927</Max>
                  <Min type="float">-3.1415927</Min>
                  <Orientation type="Matrix">
                      -1.0000000000, -87.422777e-09,   0.0000000000,
                      87.422777e-09,  -1.0000000000,  -0.0000000000,
                       0.0000000000,   0.0000000000,   1.0000000000
                  </Orientation>
                  <Position type="Vector">0.013175399, -405.46133, -967.91003</Position>
               </HpTurret01>
               <HpTurret02>
                  <Axis type="Vector">0, 1, 0</Axis>
                  <Max type="float">3.1415927</Max>
                  <Min type="float">-3.1415927</Min>
                  <Orientation type="Matrix">
                      -1.0000000000, -87.422777e-09,   0.0000000000,
                      87.422777e-09,  -1.0000000000,  -0.0000000000,
                       0.0000000000,   0.0000000000,   1.0000000000
                  </Orientation>
                  <Position type="Vector">2.771452, -378.23297, 224.86308</Position>
               </HpTurret02>
               <HpTurret03>
                  <Axis type="Vector">0, 1, 0</Axis>
                  <Max type="float">3.1415927</Max>
                  <Min type="float">-3.1415927</Min>
                  <Orientation type="Matrix">
                       1.0000000000,   0.0000000000,   0.0000000000,
                       0.0000000000,   1.0000000000,   0.0000000000,
                       0.0000000000,   0.0000000000,   1.0000000000
                  </Orientation>
                  <Position type="Vector">-0.0041783396, 525.99323, 502.4823</Position>
               </HpTurret03>
               <HpTurret04>
                  <Axis type="Vector">0, 1, 0</Axis>
                  <Max type="float">3.1415927</Max>
                  <Min type="float">-3.1415927</Min>
                  <Orientation type="Matrix">
                      59.604645e-09,  -0.9999998800,  -0.0000000000,
                       0.9999998800,  59.604645e-09,   0.0000000000,
                       0.0000000000,  -0.0000000000,   1.0000000000
                  </Orientation>
                  <Position type="Vector">-834.52197, -405.45953, 781.76428</Position>
               </HpTurret04>
               <HpTurret05>
                  <Axis type="Vector">0, 1, 0</Axis>
                  <Max type="float">3.1415927</Max>
                  <Min type="float">-3.1415927</Min>
                  <Orientation type="Matrix">
                      59.604645e-09,   0.9999998800,   0.0000000000,
                      -0.9999998800,  59.604645e-09,   0.0000000000,
                       0.0000000000,   0.0000000000,   1.0000000000
                  </Orientation>
                  <Position type="Vector">834.52283, -405.46039, 781.76465</Position>
               </HpTurret05>
               <HpTurret06>
                  <Axis type="Vector">0, 1, 0</Axis>
                  <Max type="float">1.5707964</Max>
                  <Min type="float">-1.5707964</Min>
                  <Orientation type="Matrix">
                       0.3420200900,   0.0000000000,   0.9396926800,
                      -0.0000000000,   1.0000000000,   0.0000000000,
                      -0.9396926800,  -0.0000000000,   0.3420200900
                  </Orientation>
                  <Position type="Vector">-168.61774, 177.62643, 277.90936</Position>
               </HpTurret06>
               <HpTurret07>
                  <Axis type="Vector">0, 1, 0</Axis>
                  <Max type="float">1.5707964</Max>
                  <Min type="float">-1.5707964</Min>
                  <Orientation type="Matrix">
                       0.3420200900,   0.0000000000,  -0.9396926800,
                       0.0000000000,   1.0000000000,   0.0000000000,
                       0.9396926800,   0.0000000000,   0.3420200900
                  </Orientation>
                  <Position type="Vector">169.36044, 176.73703, 278.03574</Position>
               </HpTurret07>
               <HpTurret08>
                  <Axis type="Vector">0, 1, 0</Axis>
                  <Max type="float">1.5707964</Max>
                  <Min type="float">-1.5707964</Min>
                  <Orientation type="Matrix">
                       1.0000000000,   0.0000000000,   0.0000000000,
                       0.0000000000,   1.0000000000,   0.0000000000,
                       0.0000000000,   0.0000000000,   1.0000000000
                  </Orientation>
                  <Position type="Vector">0.053244784, -350.22586, -881.15808</Position>
               </HpTurret08>
               <HpTurret09>
                  <Axis type="Vector">0, 1, 0</Axis>
                  <Max type="float">1.5707964</Max>
                  <Min type="float">-1.5707964</Min>
                  <Orientation type="Matrix">
                       1.0000000000,   0.0000000000,   0.0000000000,
                       0.0000000000,   1.0000000000,   0.0000000000,
                       0.0000000000,   0.0000000000,   1.0000000000
                  </Orientation>
                  <Position type="Vector">0.002985, -90.75396, -507.5386</Position>
               </HpTurret09>
               <HpTurret10>
                  <Axis type="Vector">0, 1, 0</Axis>
                  <Max type="float">1.5707964</Max>
                  <Min type="float">-1.5707964</Min>
                  <Orientation type="Matrix">
                       1.0000000000,   0.0000000000,   0.0000000000,
                       0.0000000000,   1.0000000000,   0.0000000000,
                       0.0000000000,   0.0000000000,   1.0000000000
                  </Orientation>
                  <Position type="Vector">0.00190428, 66.390594, -224.13684</Position>
               </HpTurret10>
               <HpTurret11>
                  <Axis type="Vector">0, 1, 0</Axis>
                  <Max type="float">3.1415927</Max>
                  <Min type="float">-3.1415927</Min>
                  <Orientation type="Matrix">
                       1.0000000000,   0.0000000000,   0.0000000000,
                       0.0000000000,   0.8746197200,   0.4848096400,
                       0.0000000000,  -0.4848096400,   0.8746197200
                  </Orientation>
                  <Position type="Vector">0.0031352397, 337.74963, 156.89116</Position>
               </HpTurret11>
               <HpTurret12>
                  <Axis type="Vector">0, 1, 0</Axis>
                  <Max type="float">3.1415927</Max>
                  <Min type="float">-3.1415927</Min>
                  <Orientation type="Matrix">
                      -1.0000000000, -87.422777e-09,   0.0000000000,
                      87.422777e-09,  -1.0000000000,  -0.0000000000,
                       0.0000000000,   0.0000000000,   1.0000000000
                  </Orientation>
                  <Position type="Vector">-375.6662, -394.32596, 424.76614</Position>
               </HpTurret12>
               <HpTurret15>
                  <Axis type="Vector">0, 1, 0</Axis>
                  <Max type="float">1.5707964</Max>
                  <Min type="float">-1.5707964</Min>
                  <Orientation type="Matrix">
                      -1.0000000000,   0.0000000000,  87.422777e-09,
                       0.0000000000,   1.0000000000,  -0.0000000000,
                     -87.422777e-09,   0.0000000000,  -1.0000000000
                  </Orientation>
                  <Position type="Vector">-0.48667967, -187.65263, 726.40332</Position>
               </HpTurret15>
               <HpTurret16>
                  <Axis type="Vector">0, 1, 0</Axis>
                  <Max type="float">1.5707964</Max>
                  <Min type="float">-1.5707964</Min>
                  <Orientation type="Matrix">
                      -1.0000000000,   0.0000000000,  87.422777e-09,
                       0.0000000000,   1.0000000000,  -0.0000000000,
                     -87.422777e-09,   0.0000000000,  -1.0000000000
                  </Orientation>
                  <Position type="Vector">0, 109.96538, 631.28937</Position>
               </HpTurret16>
               <HpTurret17>
                  <Axis type="Vector">0, 1, 0</Axis>
                  <Max type="float">1.5707964</Max>
                  <Min type="float">-1.5707964</Min>
                  <Orientation type="Matrix">
                      -1.0000000000,   0.0000000000,  87.422777e-09,
                       0.0000000000,   1.0000000000,  -0.0000000000,
                     -87.422777e-09,   0.0000000000,  -1.0000000000
                  </Orientation>
                  <Position type="Vector">-463.5199, -106.53107, 700.47772</Position>
               </HpTurret17>
               <HpTurret18>
                  <Axis type="Vector">0, 1, 0</Axis>
                  <Max type="float">1.5707964</Max>
                  <Min type="float">-1.5707964</Min>
                  <Orientation type="Matrix">
                      -1.0000000000,   0.0000000000,  87.422777e-09,
                       0.0000000000,   1.0000000000,  -0.0000000000,
                     -87.422777e-09,   0.0000000000,  -1.0000000000
                  </Orientation>
                  <Position type="Vector">459.073, -113.80845, 702.80347</Position>
               </HpTurret18>
               <HpTurret19>
                  <Axis type="Vector">0, 1, 0</Axis>
                  <Max type="float">1.5707964</Max>
                  <Min type="float">-1.5707964</Min>
                  <Orientation type="Matrix">
                       0.4226182100,   0.0000000000,   0.9063078200,
                      -0.0000000000,   1.0000000000,   0.0000000000,
                      -0.9063078200,  -0.0000000000,   0.4226182100
                  </Orientation>
                  <Position type="Vector">-419.79428, -225.1337, 194.84451</Position>
               </HpTurret19>
               <HpTurret20>
                  <Axis type="Vector">0, 1, 0</Axis>
                  <Max type="float">1.5707964</Max>
                  <Min type="float">-1.5707964</Min>
                  <Orientation type="Matrix">
                       0.4226182100,   0.0000000000,  -0.9063078200,
                       0.0000000000,   1.0000000000,   0.0000000000,
                       0.9063078200,   0.0000000000,   0.4226182100
                  </Orientation>
                  <Position type="Vector">420.16235, -224.96881, 196.46329</Position>
               </HpTurret20>
               <HpTurret21>
                  <Axis type="Vector">0, 1, 0</Axis>
                  <Max type="float">1.5707964</Max>
                  <Min type="float">-1.5707964</Min>
                  <Orientation type="Matrix">
                       0.4226182100,   0.0000000000,   0.9063078200,
                      -0.0000000000,   1.0000000000,   0.0000000000,
                      -0.9063078200,  -0.0000000000,   0.4226182100
                  </Orientation>
                  <Position type="Vector">-114.50235, -23.556961, -139.00604</Position>
               </HpTurret21>
               <HpTurret23>
                  <Axis type="Vector">0, 1, 0</Axis>
                  <Max type="float">1.5707964</Max>
                  <Min type="float">-1.5707964</Min>
                  <Orientation type="Matrix">
                       0.4226182100,   0.0000000000,   0.9063078200,
                      -0.0000000000,   1.0000000000,   0.0000000000,
                      -0.9063078200,  -0.0000000000,   0.4226182100
                  </Orientation>
                  <Position type="Vector">-257.20148, -19.629707, 157.69861</Position>
               </HpTurret23>
               <HpTurret25>
                  <Axis type="Vector">0, 1, 0</Axis>
                  <Max type="float">1.5707964</Max>
                  <Min type="float">-1.5707964</Min>
                  <Orientation type="Matrix">
                       0.4226182100,   0.0000000000,   0.9063078200,
                      -0.0000000000,   1.0000000000,   0.0000000000,
                      -0.9063078200,  -0.0000000000,   0.4226182100
                  </Orientation>
                  <Position type="Vector">-492.97046, -158.0827, 455.79446</Position>
               </HpTurret25>
               <HpTurret26>
                  <Axis type="Vector">0, 1, 0</Axis>
                  <Max type="float">1.5707964</Max>
                  <Min type="float">-1.5707964</Min>
                  <Orientation type="Matrix">
                       0.4226182100,   0.0000000000,  -0.9063078200,
                       0.0000000000,   1.0000000000,   0.0000000000,
                       0.9063078200,   0.0000000000,   0.4226182100
                  </Orientation>
                  <Position type="Vector">493.28088, -157.85121, 456.80939</Position>
               </HpTurret26>
            </Revolute>
         </Hardpoints>
      </destiny_pyramid_p1l_lod1.3db>
      <destiny_pyramid_p2l_lod1.3db>
         <MultiLevel>
            <Level0>
               <VMeshPart>
                  <VMeshRef type="VMeshRef">
                     <!-- header size  --> 60,
                     <!-- vmesh lib    --> destiny_pyramid_p2l_root.lod0.vms,
                     <!-- start vert   --> 20,
                     <!-- num verts    --> 2169,
                     <!-- start index  --> 36,
                     <!-- num indices  --> 6204,
                     <!-- start mesh   --> 1,
                     <!-- num meshes   --> 1,
                     <!-- bounding box --> 3924.2734,   525.99463,   799.06494,
                                           -834.52356, -405.46133,  -969.61761,
                     <!-- center       --> 1544.875,     60.266647,  -85.276337,
                     <!-- radius       --> 5095.4561
                  </VMeshRef>
               </VMeshPart>
            </Level0>
         </MultiLevel>
         <Hardpoints>
            <Revolute>
               <HpTurret13>
                  <Axis type="Vector">0, 1, 0</Axis>
                  <Max type="float">3.1415927</Max>
                  <Min type="float">-3.1415927</Min>
                  <Orientation type="Matrix">
                      -1.0000000000, -87.422777e-09,   0.0000000000,
                      87.422777e-09,  -1.0000000000,  -0.0000000000,
                       0.0000000000,   0.0000000000,   1.0000000000
                  </Orientation>
                  <Position type="Vector">375.29156, -397.25659, 425.68753</Position>
               </HpTurret13>
               <HpTurret14>
                  <Axis type="Vector">0, 1, 0</Axis>
                  <Max type="float">3.1415927</Max>
                  <Min type="float">-3.1415927</Min>
                  <Orientation type="Matrix">
                      -1.0000000000, -87.422777e-09,   0.0000000000,
                      87.422777e-09,  -1.0000000000,  -0.0000000000,
                       0.0000000000,   0.0000000000,   1.0000000000
                  </Orientation>
                  <Position type="Vector">1.3094127, -405.46133, -247.10692</Position>
               </HpTurret14>
               <HpTurret22>
                  <Axis type="Vector">0, 1, 0</Axis>
                  <Max type="float">1.5707964</Max>
                  <Min type="float">-1.5707964</Min>
                  <Orientation type="Matrix">
                       0.4226182100,   0.0000000000,  -0.9063078200,
                       0.0000000000,   1.0000000000,   0.0000000000,
                       0.9063078200,   0.0000000000,   0.4226182100
                  </Orientation>
                  <Position type="Vector">113.64209, -19.400558, -134.77463</Position>
               </HpTurret22>
               <HpTurret24>
                  <Axis type="Vector">0, 1, 0</Axis>
                  <Max type="float">1.5707964</Max>
                  <Min type="float">-1.5707964</Min>
                  <Orientation type="Matrix">
                       0.4226182100,   0.0000000000,  -0.9063078200,
                       0.0000000000,   1.0000000000,   0.0000000000,
                       0.9063078200,   0.0000000000,   0.4226182100
                  </Orientation>
                  <Position type="Vector">257.50943, -14.32062, 165.08968</Position>
               </HpTurret24>
            </Revolute>
         </Hardpoints>
      </destiny_pyramid_p2l_lod1.3db>
   </UTF_ROOT>
</UTFXML>
