<?xml version="1.0" encoding="ISO-8859-1"?>
<!-- XML generated by UTFXML Version 2.2 built 19-Aug-2010 -->
<UTFXML filename="destiny_pyramid.cmp" path="SOLAR\new\Scifi">
   <UTF_ROOT>
      <VMeshLibrary>
         <destiny_pyramid_p1_root.lod0.vms include="destiny_pyramid_cmp\lod0.vms.xml"/>
         <destiny_pyramid_p2_root.lod0.vms include="destiny_pyramid_cmp\lod0.vms.xml"/>
      </VMeshLibrary>
      <Cmpnd>
         <Cons>
            <Fix type="Fix" count="2">
               <part>
                  <!-- parent      --> "Root",
                  <!-- child       --> "destiny_pyramid_p1_lod1",
                  <!-- position    --> 0, 0, 0,
                  <!-- orientation -->   1.0000000000,   0.0000000000,   0.0000000000,
                                         0.0000000000,   1.0000000000,   0.0000000000,
                                         0.0000000000,   0.0000000000,   1.0000000000
               </part>
               <part>
                  <!-- parent      --> "Root",
                  <!-- child       --> "destiny_pyramid_p2_lod1",
                  <!-- position    --> 0, 0, 0,
                  <!-- orientation -->   1.0000000000,   0.0000000000,   0.0000000000,
                                         0.0000000000,   1.0000000000,   0.0000000000,
                                         0.0000000000,   0.0000000000,   1.0000000000
               </part>
            </Fix>
         </Cons>
         <Root>
            <File_name name="File name" type="text">destiny_pyramid_p1_root_lod1.3db</File_name>
            <Index type="int">0</Index>
            <Object_name name="Object name" type="text">Root</Object_name>
         </Root>
         <Part_destiny_pyramid_p1_lod1>
            <File_name name="File name" type="text">destiny_pyramid_p1_lod1.3db</File_name>
            <Index type="int">1</Index>
            <Object_name name="Object name" type="text">destiny_pyramid_p1_lod1</Object_name>
         </Part_destiny_pyramid_p1_lod1>
         <Part_destiny_pyramid_p2_lod1>
            <File_name name="File name" type="text">destiny_pyramid_p2_lod1.3db</File_name>
            <Index type="int">1</Index>
            <Object_name name="Object name" type="text">destiny_pyramid_p2_lod1</Object_name>
         </Part_destiny_pyramid_p2_lod1>
      </Cmpnd>
      <destiny_pyramid_p1_root_lod1.3db>
         <MultiLevel>
            <Level0>
               <VMeshPart>
                  <VMeshRef type="VMeshRef">
                     <!-- header size  --> 60,
                     <!-- vmesh lib    --> destiny_pyramid_p1_root.lod0.vms,
                     <!-- start vert   --> 0,
                     <!-- num verts    --> 20,
                     <!-- start index  --> 0,
                     <!-- num indices  --> 36,
                     <!-- start mesh   --> 0,
                     <!-- num meshes   --> 1,
                     <!-- bounding box -->  65404.563,  8766.5771,  13317.75,
                                           -13908.727, -6757.689,  -16160.294,
                     <!-- center       -->  25747.918,  1004.4441,  -1421.272,
                     <!-- radius       --> 84924.281
                  </VMeshRef>
               </VMeshPart>
            </Level0>
         </MultiLevel>
         <Hardpoints>
            <Fixed>
               <HpFX01>
                  <Orientation type="Matrix">
                       1.0000000000,   0.0000000000,   0.0000000000,
                       0.0000000000,   1.0000000000,   0.0000000000,
                       0.0000000000,   0.0000000000,   1.0000000000
                  </Orientation>
                  <Position type="Vector">0, 0, 0</Position>
               </HpFX01>
               <HpShield01>
                  <Orientation type="Matrix">
                       1.0000000000,   0.0000000000,   0.0000000000,
                       0.0000000000,   1.0000000000,   0.0000000000,
                       0.0000000000,   0.0000000000,   1.0000000000
                  </Orientation>
                  <Position type="Vector">0, 0, 0</Position>
               </HpShield01>
            </Fixed>
         </Hardpoints>
      </destiny_pyramid_p1_root_lod1.3db>
      <destiny_pyramid_p1_lod1.3db>
         <MultiLevel>
            <Level0>
               <VMeshPart>
                  <VMeshRef type="VMeshRef">
                     <!-- header size  --> 60,
                     <!-- vmesh lib    --> destiny_pyramid_p1_root.lod0.vms,
                     <!-- start vert   --> 20,
                     <!-- num verts    --> 2169,
                     <!-- start index  --> 36,
                     <!-- num indices  --> 6204,
                     <!-- start mesh   --> 1,
                     <!-- num meshes   --> 1,
                     <!-- bounding box -->  65404.563,  8766.5771,  13317.75,
                                           -13908.727, -6757.689,  -16160.294,
                     <!-- center       -->  25747.918,  1004.4441,  -1421.272,
                     <!-- radius       --> 84924.281
                  </VMeshRef>
               </VMeshPart>
            </Level0>
         </MultiLevel>
         <Hardpoints>
            <Revolute>
               <HpTurret01>
                  <Axis type="Vector">0, 1, 0</Axis>
                  <Max type="float">3.1415927</Max>
                  <Min type="float">-3.1415927</Min>
                  <Orientation type="Matrix">
                      -1.0000000000, -87.422777e-09,   0.0000000000,
                      87.422777e-09,  -1.0000000000,  -0.0000000000,
                       0.0000000000,   0.0000000000,   1.0000000000
                  </Orientation>
                  <Position type="Vector">0.21958999, -6757.689, -16131.835</Position>
               </HpTurret01>
               <HpTurret02>
                  <Axis type="Vector">0, 1, 0</Axis>
                  <Max type="float">3.1415927</Max>
                  <Min type="float">-3.1415927</Min>
                  <Orientation type="Matrix">
                      -1.0000000000, -87.422777e-09,   0.0000000000,
                      87.422777e-09,  -1.0000000000,  -0.0000000000,
                       0.0000000000,   0.0000000000,   1.0000000000
                  </Orientation>
                  <Position type="Vector">46.190865, -6303.8833, 3747.7183</Position>
               </HpTurret02>
               <HpTurret03>
                  <Axis type="Vector">0, 1, 0</Axis>
                  <Max type="float">3.1415927</Max>
                  <Min type="float">-3.1415927</Min>
                  <Orientation type="Matrix">
                       1.0000000000,   0.0000000000,   0.0000000000,
                       0.0000000000,   1.0000000000,   0.0000000000,
                       0.0000000000,   0.0000000000,   1.0000000000
                  </Orientation>
                  <Position type="Vector">-0.069638997, 8766.5537, 8374.7051</Position>
               </HpTurret03>
               <HpTurret04>
                  <Axis type="Vector">0, 1, 0</Axis>
                  <Max type="float">3.1415927</Max>
                  <Min type="float">-3.1415927</Min>
                  <Orientation type="Matrix">
                      59.604645e-09,  -0.9999998800,  -0.0000000000,
                       0.9999998800,  59.604645e-09,   0.0000000000,
                       0.0000000000,  -0.0000000000,   1.0000000000
                  </Orientation>
                  <Position type="Vector">-13908.699, -6757.6597, 13029.406</Position>
               </HpTurret04>
               <HpTurret05>
                  <Axis type="Vector">0, 1, 0</Axis>
                  <Max type="float">3.1415927</Max>
                  <Min type="float">-3.1415927</Min>
                  <Orientation type="Matrix">
                      59.604645e-09,   0.9999998800,   0.0000000000,
                      -0.9999998800,  59.604645e-09,   0.0000000000,
                       0.0000000000,   0.0000000000,   1.0000000000
                  </Orientation>
                  <Position type="Vector">13908.714, -6757.6733, 13029.411</Position>
               </HpTurret05>
               <HpTurret06>
                  <Axis type="Vector">0, 1, 0</Axis>
                  <Max type="float">1.5707964</Max>
                  <Min type="float">-1.5707964</Min>
                  <Orientation type="Matrix">
                       0.3420200900,   0.0000000000,   0.9396926800,
                      -0.0000000000,   1.0000000000,   0.0000000000,
                      -0.9396926800,  -0.0000000000,   0.3420200900
                  </Orientation>
                  <Position type="Vector">-2810.2957, 2960.4404, 4631.8232</Position>
               </HpTurret06>
               <HpTurret07>
                  <Axis type="Vector">0, 1, 0</Axis>
                  <Max type="float">1.5707964</Max>
                  <Min type="float">-1.5707964</Min>
                  <Orientation type="Matrix">
                       0.3420200900,   0.0000000000,  -0.9396926800,
                       0.0000000000,   1.0000000000,   0.0000000000,
                       0.9396926800,   0.0000000000,   0.3420200900
                  </Orientation>
                  <Position type="Vector">2822.6743, 2945.6172, 4633.9292</Position>
               </HpTurret07>
               <HpTurret08>
                  <Axis type="Vector">0, 1, 0</Axis>
                  <Max type="float">1.5707964</Max>
                  <Min type="float">-1.5707964</Min>
                  <Orientation type="Matrix">
                       1.0000000000,   0.0000000000,   0.0000000000,
                       0.0000000000,   1.0000000000,   0.0000000000,
                       0.0000000000,   0.0000000000,   1.0000000000
                  </Orientation>
                  <Position type="Vector">0.88741302, -5837.0977, -14685.968</Position>
               </HpTurret08>
               <HpTurret09>
                  <Axis type="Vector">0, 1, 0</Axis>
                  <Max type="float">1.5707964</Max>
                  <Min type="float">-1.5707964</Min>
                  <Orientation type="Matrix">
                       1.0000000000,   0.0000000000,   0.0000000000,
                       0.0000000000,   1.0000000000,   0.0000000000,
                       0.0000000000,   0.0000000000,   1.0000000000
                  </Orientation>
                  <Position type="Vector">0.04975, -1512.566, -8458.9766</Position>
               </HpTurret09>
               <HpTurret10>
                  <Axis type="Vector">0, 1, 0</Axis>
                  <Max type="float">1.5707964</Max>
                  <Min type="float">-1.5707964</Min>
                  <Orientation type="Matrix">
                       1.0000000000,   0.0000000000,   0.0000000000,
                       0.0000000000,   1.0000000000,   0.0000000000,
                       0.0000000000,   0.0000000000,   1.0000000000
                  </Orientation>
                  <Position type="Vector">0.031738002, 1106.51, -3735.6143</Position>
               </HpTurret10>
               <HpTurret11>
                  <Axis type="Vector">0, 1, 0</Axis>
                  <Max type="float">3.1415927</Max>
                  <Min type="float">-3.1415927</Min>
                  <Orientation type="Matrix">
                       1.0000000000,   0.0000000000,   0.0000000000,
                       0.0000000000,   0.8746197200,   0.4848096400,
                       0.0000000000,  -0.4848096400,   0.8746197200
                  </Orientation>
                  <Position type="Vector">0.052253999, 5629.1606, 2614.8528</Position>
               </HpTurret11>
               <HpTurret12>
                  <Axis type="Vector">0, 1, 0</Axis>
                  <Max type="float">3.1415927</Max>
                  <Min type="float">-3.1415927</Min>
                  <Orientation type="Matrix">
                      -1.0000000000, -87.422777e-09,   0.0000000000,
                      87.422777e-09,  -1.0000000000,  -0.0000000000,
                       0.0000000000,   0.0000000000,   1.0000000000
                  </Orientation>
                  <Position type="Vector">-6261.1035, -6572.0991, 7079.4355</Position>
               </HpTurret12>
               <HpTurret15>
                  <Axis type="Vector">0, 1, 0</Axis>
                  <Max type="float">1.5707964</Max>
                  <Min type="float">-1.5707964</Min>
                  <Orientation type="Matrix">
                      -1.0000000000,   0.0000000000,  87.422777e-09,
                       0.0000000000,   1.0000000000,  -0.0000000000,
                     -87.422777e-09,   0.0000000000,  -1.0000000000
                  </Orientation>
                  <Position type="Vector">-8.1113281, -3127.5439, 12106.722</Position>
               </HpTurret15>
               <HpTurret16>
                  <Axis type="Vector">0, 1, 0</Axis>
                  <Max type="float">1.5707964</Max>
                  <Min type="float">-1.5707964</Min>
                  <Orientation type="Matrix">
                      -1.0000000000,   0.0000000000,  87.422777e-09,
                       0.0000000000,   1.0000000000,  -0.0000000000,
                     -87.422777e-09,   0.0000000000,  -1.0000000000
                  </Orientation>
                  <Position type="Vector">0, 1832.7563, 10521.49</Position>
               </HpTurret16>
               <HpTurret17>
                  <Axis type="Vector">0, 1, 0</Axis>
                  <Max type="float">1.5707964</Max>
                  <Min type="float">-1.5707964</Min>
                  <Orientation type="Matrix">
                      -1.0000000000,   0.0000000000,  87.422777e-09,
                       0.0000000000,   1.0000000000,  -0.0000000000,
                     -87.422777e-09,   0.0000000000,  -1.0000000000
                  </Orientation>
                  <Position type="Vector">-7725.332, -1775.5178, 11674.629</Position>
               </HpTurret17>
               <HpTurret18>
                  <Axis type="Vector">0, 1, 0</Axis>
                  <Max type="float">1.5707964</Max>
                  <Min type="float">-1.5707964</Min>
                  <Orientation type="Matrix">
                      -1.0000000000,   0.0000000000,  87.422777e-09,
                       0.0000000000,   1.0000000000,  -0.0000000000,
                     -87.422777e-09,   0.0000000000,  -1.0000000000
                  </Orientation>
                  <Position type="Vector">7651.2168, -1896.8076, 11713.392</Position>
               </HpTurret18>
               <HpTurret19>
                  <Axis type="Vector">0, 1, 0</Axis>
                  <Max type="float">1.5707964</Max>
                  <Min type="float">-1.5707964</Min>
                  <Orientation type="Matrix">
                       0.4226182100,   0.0000000000,   0.9063078200,
                      -0.0000000000,   1.0000000000,   0.0000000000,
                      -0.9063078200,  -0.0000000000,   0.4226182100
                  </Orientation>
                  <Position type="Vector">-6996.5718, -3752.2283, 3247.4087</Position>
               </HpTurret19>
               <HpTurret20>
                  <Axis type="Vector">0, 1, 0</Axis>
                  <Max type="float">1.5707964</Max>
                  <Min type="float">-1.5707964</Min>
                  <Orientation type="Matrix">
                       0.4226182100,   0.0000000000,  -0.9063078200,
                       0.0000000000,   1.0000000000,   0.0000000000,
                       0.9063078200,   0.0000000000,   0.4226182100
                  </Orientation>
                  <Position type="Vector">7002.7061, -3749.4802, 3274.3882</Position>
               </HpTurret20>
               <HpTurret21>
                  <Axis type="Vector">0, 1, 0</Axis>
                  <Max type="float">1.5707964</Max>
                  <Min type="float">-1.5707964</Min>
                  <Orientation type="Matrix">
                       0.4226182100,   0.0000000000,   0.9063078200,
                      -0.0000000000,   1.0000000000,   0.0000000000,
                      -0.9063078200,  -0.0000000000,   0.4226182100
                  </Orientation>
                  <Position type="Vector">-1908.3726, -392.61603, -2316.7673</Position>
               </HpTurret21>
               <HpTurret23>
                  <Axis type="Vector">0, 1, 0</Axis>
                  <Max type="float">1.5707964</Max>
                  <Min type="float">-1.5707964</Min>
                  <Orientation type="Matrix">
                       0.4226182100,   0.0000000000,   0.9063078200,
                      -0.0000000000,   1.0000000000,   0.0000000000,
                      -0.9063078200,  -0.0000000000,   0.4226182100
                  </Orientation>
                  <Position type="Vector">-4286.6914, -327.1618, 2628.3103</Position>
               </HpTurret23>
               <HpTurret25>
                  <Axis type="Vector">0, 1, 0</Axis>
                  <Max type="float">1.5707964</Max>
                  <Min type="float">-1.5707964</Min>
                  <Orientation type="Matrix">
                       0.4226182100,   0.0000000000,   0.9063078200,
                      -0.0000000000,   1.0000000000,   0.0000000000,
                      -0.9063078200,  -0.0000000000,   0.4226182100
                  </Orientation>
                  <Position type="Vector">-8216.1748, -2634.7117, 7596.5742</Position>
               </HpTurret25>
               <HpTurret26>
                  <Axis type="Vector">0, 1, 0</Axis>
                  <Max type="float">1.5707964</Max>
                  <Min type="float">-1.5707964</Min>
                  <Orientation type="Matrix">
                       0.4226182100,   0.0000000000,  -0.9063078200,
                       0.0000000000,   1.0000000000,   0.0000000000,
                       0.9063078200,   0.0000000000,   0.4226182100
                  </Orientation>
                  <Position type="Vector">8221.3477, -2630.8535, 7613.4897</Position>
               </HpTurret26>
            </Revolute>
         </Hardpoints>
      </destiny_pyramid_p1_lod1.3db>
      <destiny_pyramid_p2_lod1.3db>
         <MultiLevel>
            <Level0>
               <VMeshPart>
                  <VMeshRef type="VMeshRef">
                     <!-- header size  --> 60,
                     <!-- vmesh lib    --> destiny_pyramid_p2_root.lod0.vms,
                     <!-- start vert   --> 20,
                     <!-- num verts    --> 2169,
                     <!-- start index  --> 36,
                     <!-- num indices  --> 6204,
                     <!-- start mesh   --> 1,
                     <!-- num meshes   --> 1,
                     <!-- bounding box -->  65404.563,  8766.5771,  13317.75,
                                           -13908.727, -6757.689,  -16160.294,
                     <!-- center       -->  25747.918,  1004.4441,  -1421.272,
                     <!-- radius       --> 84924.281
                  </VMeshRef>
               </VMeshPart>
            </Level0>
         </MultiLevel>
         <Hardpoints>
            <Revolute>
               <HpTurret13>
                  <Axis type="Vector">0, 1, 0</Axis>
                  <Max type="float">3.1415927</Max>
                  <Min type="float">-3.1415927</Min>
                  <Orientation type="Matrix">
                      -1.0000000000, -87.422777e-09,   0.0000000000,
                      87.422777e-09,  -1.0000000000,  -0.0000000000,
                       0.0000000000,   0.0000000000,   1.0000000000
                  </Orientation>
                  <Position type="Vector">6254.8599, -6620.9434, 7094.792</Position>
               </HpTurret13>
               <HpTurret14>
                  <Axis type="Vector">0, 1, 0</Axis>
                  <Max type="float">3.1415927</Max>
                  <Min type="float">-3.1415927</Min>
                  <Orientation type="Matrix">
                      -1.0000000000, -87.422777e-09,   0.0000000000,
                      87.422777e-09,  -1.0000000000,  -0.0000000000,
                       0.0000000000,   0.0000000000,   1.0000000000
                  </Orientation>
                  <Position type="Vector">21.823547, -6757.689, -4118.4487</Position>
               </HpTurret14>
               <HpTurret22>
                  <Axis type="Vector">0, 1, 0</Axis>
                  <Max type="float">1.5707964</Max>
                  <Min type="float">-1.5707964</Min>
                  <Orientation type="Matrix">
                       0.4226182100,   0.0000000000,  -0.9063078200,
                       0.0000000000,   1.0000000000,   0.0000000000,
                       0.9063078200,   0.0000000000,   0.4226182100
                  </Orientation>
                  <Position type="Vector">1894.0348, -323.34265, -2246.2437</Position>
               </HpTurret22>
               <HpTurret24>
                  <Axis type="Vector">0, 1, 0</Axis>
                  <Max type="float">1.5707964</Max>
                  <Min type="float">-1.5707964</Min>
                  <Orientation type="Matrix">
                       0.4226182100,   0.0000000000,  -0.9063078200,
                       0.0000000000,   1.0000000000,   0.0000000000,
                       0.9063078200,   0.0000000000,   0.4226182100
                  </Orientation>
                  <Position type="Vector">4291.8242, -238.677, 2751.4946</Position>
               </HpTurret24>
            </Revolute>
         </Hardpoints>
      </destiny_pyramid_p2_lod1.3db>
   </UTF_ROOT>
</UTFXML>
