<?xml version="1.0" encoding="ISO-8859-1"?>
<!-- XML generated by UTFXML Version 2.2 built 19-Aug-2010 -->
<UTFXML filename="destiny_pyramid_s.cmp" path="SOLAR\new\Scifi">
   <UTF_ROOT>
      <VMeshLibrary>
         <destiny_pyramid_p1s_root.lod0.vms include="destiny_pyramid_s_cmp\lod0.vms.xml"/>
         <destiny_pyramid_p2s_root.lod0.vms include="destiny_pyramid_s_cmp\lod0.vms.xml"/>
      </VMeshLibrary>
      <Cmpnd>
         <Cons>
            <Fix type="Fix" count="2">
               <part>
                  <!-- parent      --> "Root",
                  <!-- child       --> "destiny_pyramid_p1s_lod1",
                  <!-- position    --> 0, 0, 0,
                  <!-- orientation -->   1.0000000000,   0.0000000000,   0.0000000000,
                                         0.0000000000,   1.0000000000,   0.0000000000,
                                         0.0000000000,   0.0000000000,   1.0000000000
               </part>
               <part>
                  <!-- parent      --> "Root",
                  <!-- child       --> "destiny_pyramid_p2s_lod1",
                  <!-- position    --> 0, 0, 0,
                  <!-- orientation -->   1.0000000000,   0.0000000000,   0.0000000000,
                                         0.0000000000,   1.0000000000,   0.0000000000,
                                         0.0000000000,   0.0000000000,   1.0000000000
               </part>
            </Fix>
         </Cons>
         <Root>
            <File_name name="File name" type="text">destiny_pyramid_p1s_root_lod1.3db</File_name>
            <Index type="int">0</Index>
            <Object_name name="Object name" type="text">Root</Object_name>
         </Root>
         <Part_destiny_pyramid_p1s_lod1>
            <File_name name="File name" type="text">destiny_pyramid_p1s_lod1.3db</File_name>
            <Index type="int">1</Index>
            <Object_name name="Object name" type="text">destiny_pyramid_p1s_lod1</Object_name>
         </Part_destiny_pyramid_p1s_lod1>
         <Part_destiny_pyramid_p2s_lod1>
            <File_name name="File name" type="text">destiny_pyramid_p2s_lod1.3db</File_name>
            <Index type="int">1</Index>
            <Object_name name="Object name" type="text">destiny_pyramid_p2s_lod1</Object_name>
         </Part_destiny_pyramid_p2s_lod1>
      </Cmpnd>
      <destiny_pyramid_p1s_root_lod1.3db>
         <MultiLevel>
            <Level0>
               <VMeshPart>
                  <VMeshRef type="VMeshRef">
                     <!-- header size  --> 60,
                     <!-- vmesh lib    --> destiny_pyramid_p1s_root.lod0.vms,
                     <!-- start vert   --> 0,
                     <!-- num verts    --> 20,
                     <!-- start index  --> 0,
                     <!-- num indices  --> 36,
                     <!-- start mesh   --> 0,
                     <!-- num meshes   --> 1,
                     <!-- bounding box --> 353.18466,   47.33952,    71.915848,
                                           -75.107132, -36.491524,  -87.265594,
                     <!-- center       --> 139.03876,    5.4239979,  -7.6748734,
                     <!-- radius       --> 458.59113
                  </VMeshRef>
               </VMeshPart>
            </Level0>
         </MultiLevel>
         <Hardpoints>
            <Fixed>
               <HpFX01>
                  <Orientation type="Matrix">
                       1.0000000000,   0.0000000000,   0.0000000000,
                       0.0000000000,   1.0000000000,   0.0000000000,
                       0.0000000000,   0.0000000000,   1.0000000000
                  </Orientation>
                  <Position type="Vector">0, 0, 0</Position>
               </HpFX01>
               <HpShield01>
                  <Orientation type="Matrix">
                       1.0000000000,   0.0000000000,   0.0000000000,
                       0.0000000000,   1.0000000000,   0.0000000000,
                       0.0000000000,   0.0000000000,   1.0000000000
                  </Orientation>
                  <Position type="Vector">0, 0, 0</Position>
               </HpShield01>
            </Fixed>
         </Hardpoints>
      </destiny_pyramid_p1s_root_lod1.3db>
      <destiny_pyramid_p1s_lod1.3db>
         <MultiLevel>
            <Level0>
               <VMeshPart>
                  <VMeshRef type="VMeshRef">
                     <!-- header size  --> 60,
                     <!-- vmesh lib    --> destiny_pyramid_p1s_root.lod0.vms,
                     <!-- start vert   --> 20,
                     <!-- num verts    --> 2169,
                     <!-- start index  --> 36,
                     <!-- num indices  --> 6204,
                     <!-- start mesh   --> 1,
                     <!-- num meshes   --> 1,
                     <!-- bounding box --> 353.18466,   47.33952,    71.915848,
                                           -75.107132, -36.491524,  -87.265594,
                     <!-- center       --> 139.03876,    5.4239979,  -7.6748734,
                     <!-- radius       --> 458.59113
                  </VMeshRef>
               </VMeshPart>
            </Level0>
         </MultiLevel>
         <Hardpoints>
            <Revolute>
               <HpTurret01>
                  <Axis type="Vector">0, 1, 0</Axis>
                  <Max type="float">3.1415927</Max>
                  <Min type="float">-3.1415927</Min>
                  <Orientation type="Matrix">
                      -1.0000000000, -87.422777e-09,   0.0000000000,
                      87.422777e-09,  -1.0000000000,  -0.0000000000,
                       0.0000000000,   0.0000000000,   1.0000000000
                  </Orientation>
                  <Position type="Vector">0.001185786, -36.491524, -87.111908</Position>
               </HpTurret01>
               <HpTurret02>
                  <Axis type="Vector">0, 1, 0</Axis>
                  <Max type="float">3.1415927</Max>
                  <Min type="float">-3.1415927</Min>
                  <Orientation type="Matrix">
                      -1.0000000000, -87.422777e-09,   0.0000000000,
                      87.422777e-09,  -1.0000000000,  -0.0000000000,
                       0.0000000000,   0.0000000000,   1.0000000000
                  </Orientation>
                  <Position type="Vector">0.24943069, -34.04097, 20.237679</Position>
               </HpTurret02>
               <HpTurret03>
                  <Axis type="Vector">0, 1, 0</Axis>
                  <Max type="float">3.1415927</Max>
                  <Min type="float">-3.1415927</Min>
                  <Orientation type="Matrix">
                       1.0000000000,   0.0000000000,   0.0000000000,
                       0.0000000000,   1.0000000000,   0.0000000000,
                       0.0000000000,   0.0000000000,   1.0000000000
                  </Orientation>
                  <Position type="Vector">-376.05059e-6, 47.339394, 45.223408</Position>
               </HpTurret03>
               <HpTurret04>
                  <Axis type="Vector">0, 1, 0</Axis>
                  <Max type="float">3.1415927</Max>
                  <Min type="float">-3.1415927</Min>
                  <Orientation type="Matrix">
                      59.604645e-09,  -0.9999998800,  -0.0000000000,
                       0.9999998800,  59.604645e-09,   0.0000000000,
                       0.0000000000,  -0.0000000000,   1.0000000000
                  </Orientation>
                  <Position type="Vector">-75.106979, -36.49136, 70.358795</Position>
               </HpTurret04>
               <HpTurret05>
                  <Axis type="Vector">0, 1, 0</Axis>
                  <Max type="float">3.1415927</Max>
                  <Min type="float">-3.1415927</Min>
                  <Orientation type="Matrix">
                      59.604645e-09,   0.9999998800,   0.0000000000,
                      -0.9999998800,  59.604645e-09,   0.0000000000,
                       0.0000000000,   0.0000000000,   1.0000000000
                  </Orientation>
                  <Position type="Vector">75.107056, -36.49144, 70.358826</Position>
               </HpTurret05>
               <HpTurret06>
                  <Axis type="Vector">0, 1, 0</Axis>
                  <Max type="float">1.5707964</Max>
                  <Min type="float">-1.5707964</Min>
                  <Orientation type="Matrix">
                       0.3420200900,   0.0000000000,   0.9396926800,
                      -0.0000000000,   1.0000000000,   0.0000000000,
                      -0.9396926800,  -0.0000000000,   0.3420200900
                  </Orientation>
                  <Position type="Vector">-15.175598, 15.986381, 25.011847</Position>
               </HpTurret06>
               <HpTurret07>
                  <Axis type="Vector">0, 1, 0</Axis>
                  <Max type="float">1.5707964</Max>
                  <Min type="float">-1.5707964</Min>
                  <Orientation type="Matrix">
                       0.3420200900,   0.0000000000,  -0.9396926800,
                       0.0000000000,   1.0000000000,   0.0000000000,
                       0.9396926800,   0.0000000000,   0.3420200900
                  </Orientation>
                  <Position type="Vector">15.242443, 15.906335, 25.02322</Position>
               </HpTurret07>
               <HpTurret08>
                  <Axis type="Vector">0, 1, 0</Axis>
                  <Max type="float">1.5707964</Max>
                  <Min type="float">-1.5707964</Min>
                  <Orientation type="Matrix">
                       1.0000000000,   0.0000000000,   0.0000000000,
                       0.0000000000,   1.0000000000,   0.0000000000,
                       0.0000000000,   0.0000000000,   1.0000000000
                  </Orientation>
                  <Position type="Vector">0.0047920309, -31.52033, -79.304237</Position>
               </HpTurret08>
               <HpTurret09>
                  <Axis type="Vector">0, 1, 0</Axis>
                  <Max type="float">1.5707964</Max>
                  <Min type="float">-1.5707964</Min>
                  <Orientation type="Matrix">
                       1.0000000000,   0.0000000000,   0.0000000000,
                       0.0000000000,   1.0000000000,   0.0000000000,
                       0.0000000000,   0.0000000000,   1.0000000000
                  </Orientation>
                  <Position type="Vector">268.65001e-6, -8.1678572, -45.678482</Position>
               </HpTurret09>
               <HpTurret10>
                  <Axis type="Vector">0, 1, 0</Axis>
                  <Max type="float">1.5707964</Max>
                  <Min type="float">-1.5707964</Min>
                  <Orientation type="Matrix">
                       1.0000000000,   0.0000000000,   0.0000000000,
                       0.0000000000,   1.0000000000,   0.0000000000,
                       0.0000000000,   0.0000000000,   1.0000000000
                  </Orientation>
                  <Position type="Vector">171.38521e-6, 5.9751539, -20.172318</Position>
               </HpTurret10>
               <HpTurret11>
                  <Axis type="Vector">0, 1, 0</Axis>
                  <Max type="float">3.1415927</Max>
                  <Min type="float">-3.1415927</Min>
                  <Orientation type="Matrix">
                       1.0000000000,   0.0000000000,   0.0000000000,
                       0.0000000000,   0.8746197200,   0.4848096400,
                       0.0000000000,  -0.4848096400,   0.8746197200
                  </Orientation>
                  <Position type="Vector">282.17159e-6, 30.39747, 14.120205</Position>
               </HpTurret11>
               <HpTurret12>
                  <Axis type="Vector">0, 1, 0</Axis>
                  <Max type="float">3.1415927</Max>
                  <Min type="float">-3.1415927</Min>
                  <Orientation type="Matrix">
                      -1.0000000000, -87.422777e-09,   0.0000000000,
                      87.422777e-09,  -1.0000000000,  -0.0000000000,
                       0.0000000000,   0.0000000000,   1.0000000000
                  </Orientation>
                  <Position type="Vector">-33.809959, -35.489338, 38.228958</Position>
               </HpTurret12>
               <HpTurret15>
                  <Axis type="Vector">0, 1, 0</Axis>
                  <Max type="float">1.5707964</Max>
                  <Min type="float">-1.5707964</Min>
                  <Orientation type="Matrix">
                      -1.0000000000,   0.0000000000,  87.422777e-09,
                       0.0000000000,   1.0000000000,  -0.0000000000,
                     -87.422777e-09,   0.0000000000,  -1.0000000000
                  </Orientation>
                  <Position type="Vector">-0.043801174, -16.888739, 65.376305</Position>
               </HpTurret15>
               <HpTurret16>
                  <Axis type="Vector">0, 1, 0</Axis>
                  <Max type="float">1.5707964</Max>
                  <Min type="float">-1.5707964</Min>
                  <Orientation type="Matrix">
                      -1.0000000000,   0.0000000000,  87.422777e-09,
                       0.0000000000,   1.0000000000,  -0.0000000000,
                     -87.422777e-09,   0.0000000000,  -1.0000000000
                  </Orientation>
                  <Position type="Vector">0, 9.8968849, 56.816048</Position>
               </HpTurret16>
               <HpTurret17>
                  <Axis type="Vector">0, 1, 0</Axis>
                  <Max type="float">1.5707964</Max>
                  <Min type="float">-1.5707964</Min>
                  <Orientation type="Matrix">
                      -1.0000000000,   0.0000000000,  87.422777e-09,
                       0.0000000000,   1.0000000000,  -0.0000000000,
                     -87.422777e-09,   0.0000000000,  -1.0000000000
                  </Orientation>
                  <Position type="Vector">-41.716797, -9.5877972, 63.042999</Position>
               </HpTurret17>
               <HpTurret18>
                  <Axis type="Vector">0, 1, 0</Axis>
                  <Max type="float">1.5707964</Max>
                  <Min type="float">-1.5707964</Min>
                  <Orientation type="Matrix">
                      -1.0000000000,   0.0000000000,  87.422777e-09,
                       0.0000000000,   1.0000000000,  -0.0000000000,
                     -87.422777e-09,   0.0000000000,  -1.0000000000
                  </Orientation>
                  <Position type="Vector">41.316574, -10.242762, 63.252319</Position>
               </HpTurret18>
               <HpTurret19>
                  <Axis type="Vector">0, 1, 0</Axis>
                  <Max type="float">1.5707964</Max>
                  <Min type="float">-1.5707964</Min>
                  <Orientation type="Matrix">
                       0.4226182100,   0.0000000000,   0.9063078200,
                      -0.0000000000,   1.0000000000,   0.0000000000,
                      -0.9063078200,  -0.0000000000,   0.4226182100
                  </Orientation>
                  <Position type="Vector">-37.78149, -20.262035, 17.536007</Position>
               </HpTurret19>
               <HpTurret20>
                  <Axis type="Vector">0, 1, 0</Axis>
                  <Max type="float">1.5707964</Max>
                  <Min type="float">-1.5707964</Min>
                  <Orientation type="Matrix">
                       0.4226182100,   0.0000000000,  -0.9063078200,
                       0.0000000000,   1.0000000000,   0.0000000000,
                       0.9063078200,   0.0000000000,   0.4226182100
                  </Orientation>
                  <Position type="Vector">37.814617, -20.247194, 17.681698</Position>
               </HpTurret20>
               <HpTurret21>
                  <Axis type="Vector">0, 1, 0</Axis>
                  <Max type="float">1.5707964</Max>
                  <Min type="float">-1.5707964</Min>
                  <Orientation type="Matrix">
                       0.4226182100,   0.0000000000,   0.9063078200,
                      -0.0000000000,   1.0000000000,   0.0000000000,
                      -0.9063078200,  -0.0000000000,   0.4226182100
                  </Orientation>
                  <Position type="Vector">-10.305212, -2.1201267, -12.510544</Position>
               </HpTurret21>
               <HpTurret23>
                  <Axis type="Vector">0, 1, 0</Axis>
                  <Max type="float">1.5707964</Max>
                  <Min type="float">-1.5707964</Min>
                  <Orientation type="Matrix">
                       0.4226182100,   0.0000000000,   0.9063078200,
                      -0.0000000000,   1.0000000000,   0.0000000000,
                      -0.9063078200,  -0.0000000000,   0.4226182100
                  </Orientation>
                  <Position type="Vector">-23.148134, -1.7666738, 14.192877</Position>
               </HpTurret23>
               <HpTurret25>
                  <Axis type="Vector">0, 1, 0</Axis>
                  <Max type="float">1.5707964</Max>
                  <Min type="float">-1.5707964</Min>
                  <Orientation type="Matrix">
                       0.4226182100,   0.0000000000,   0.9063078200,
                      -0.0000000000,   1.0000000000,   0.0000000000,
                      -0.9063078200,  -0.0000000000,   0.4226182100
                  </Orientation>
                  <Position type="Vector">-44.367344, -14.227444, 41.021503</Position>
               </HpTurret25>
               <HpTurret26>
                  <Axis type="Vector">0, 1, 0</Axis>
                  <Max type="float">1.5707964</Max>
                  <Min type="float">-1.5707964</Min>
                  <Orientation type="Matrix">
                       0.4226182100,   0.0000000000,  -0.9063078200,
                       0.0000000000,   1.0000000000,   0.0000000000,
                       0.9063078200,   0.0000000000,   0.4226182100
                  </Orientation>
                  <Position type="Vector">44.395283, -14.20661, 41.112846</Position>
               </HpTurret26>
            </Revolute>
         </Hardpoints>
      </destiny_pyramid_p1s_lod1.3db>
      <destiny_pyramid_p2s_lod1.3db>
         <MultiLevel>
            <Level0>
               <VMeshPart>
                  <VMeshRef type="VMeshRef">
                     <!-- header size  --> 60,
                     <!-- vmesh lib    --> destiny_pyramid_p2s_root.lod0.vms,
                     <!-- start vert   --> 20,
                     <!-- num verts    --> 2169,
                     <!-- start index  --> 36,
                     <!-- num indices  --> 6204,
                     <!-- start mesh   --> 1,
                     <!-- num meshes   --> 1,
                     <!-- bounding box --> 353.18466,   47.33952,    71.915848,
                                           -75.107132, -36.491524,  -87.265594,
                     <!-- center       --> 139.03876,    5.4239979,  -7.6748734,
                     <!-- radius       --> 458.59113
                  </VMeshRef>
               </VMeshPart>
            </Level0>
         </MultiLevel>
         <Hardpoints>
            <Revolute>
               <HpTurret13>
                  <Axis type="Vector">0, 1, 0</Axis>
                  <Max type="float">3.1415927</Max>
                  <Min type="float">-3.1415927</Min>
                  <Orientation type="Matrix">
                      -1.0000000000, -87.422777e-09,   0.0000000000,
                      87.422777e-09,  -1.0000000000,  -0.0000000000,
                       0.0000000000,   0.0000000000,   1.0000000000
                  </Orientation>
                  <Position type="Vector">33.776245, -35.753098, 38.311882</Position>
               </HpTurret13>
               <HpTurret14>
                  <Axis type="Vector">0, 1, 0</Axis>
                  <Max type="float">3.1415927</Max>
                  <Min type="float">-3.1415927</Min>
                  <Orientation type="Matrix">
                      -1.0000000000, -87.422777e-09,   0.0000000000,
                      87.422777e-09,  -1.0000000000,  -0.0000000000,
                       0.0000000000,   0.0000000000,   1.0000000000
                  </Orientation>
                  <Position type="Vector">0.11784717, -36.491524, -22.239626</Position>
               </HpTurret14>
               <HpTurret22>
                  <Axis type="Vector">0, 1, 0</Axis>
                  <Max type="float">1.5707964</Max>
                  <Min type="float">-1.5707964</Min>
                  <Orientation type="Matrix">
                       0.4226182100,   0.0000000000,  -0.9063078200,
                       0.0000000000,   1.0000000000,   0.0000000000,
                       0.9063078200,   0.0000000000,   0.4226182100
                  </Orientation>
                  <Position type="Vector">10.227789, -1.7460504, -12.129717</Position>
               </HpTurret22>
               <HpTurret24>
                  <Axis type="Vector">0, 1, 0</Axis>
                  <Max type="float">1.5707964</Max>
                  <Min type="float">-1.5707964</Min>
                  <Orientation type="Matrix">
                       0.4226182100,   0.0000000000,  -0.9063078200,
                       0.0000000000,   1.0000000000,   0.0000000000,
                       0.9063078200,   0.0000000000,   0.4226182100
                  </Orientation>
                  <Position type="Vector">23.17585, -1.2888559, 14.858072</Position>
               </HpTurret24>
            </Revolute>
         </Hardpoints>
      </destiny_pyramid_p2s_lod1.3db>
   </UTF_ROOT>
</UTFXML>
