<?xml version="1.0" encoding="ISO-8859-1"?>
<!-- XML generated by UTFXML Version 2.2 built 19-Aug-2010 -->
<UTFXML filename="Tortuga.cmp" path="SOLAR\new\Scifi">
   <UTF_ROOT>
      <VMeshLibrary>
         <tortuga.lod0-112.vms include="Tortuga_cmp\lod0-112.vms.xml"/>
      </VMeshLibrary>
      <Exporter_Version name="Exporter Version" type="text">Export</Exporter_Version>
      <Cmpnd>
         <Root>
            <Object_name name="Object name" type="text">Root</Object_name>
            <Index type="int">0</Index>
            <File_name name="File name" type="text">Tortuga210719130419.3db</File_name>
         </Root>
      </Cmpnd>
      <Tortuga210719130419.3db>
         <VMeshPart>
            <VMeshRef type="VMeshRef">
               <!-- header size  --> 60,
               <!-- vmesh lib    --> tortuga.lod0-112.vms,
               <!-- start vert   --> 0,
               <!-- num verts    --> 4003,
               <!-- start index  --> 0,
               <!-- num indices  --> 10926,
               <!-- start mesh   --> 0,
               <!-- num meshes   --> 1,
               <!-- bounding box -->  581.46851,      847.20154,  1722.3344,
                                     -581.47284,     -422.26465, -1906.0061,
               <!-- center       -->   -0.002166748,  212.46844,   -91.835876,
               <!-- radius       --> 1879.1234
            </VMeshRef>
         </VMeshPart>
         <VMeshWire include="Tortuga_cmp\Tortuga.vwd.xml"/>
         <Hardpoints>
            <Fixed>
               <HpFX01>
                  <Position type="Vector">0, 0, -0</Position>
                  <Orientation type="Matrix">
                       1.0000000000,   0.0000000000,  -0.0000000000,
                       0.0000000000,   1.0000000000,  -0.0000000000,
                      -0.0000000000,  -0.0000000000,   1.0000000000
                  </Orientation>
               </HpFX01>
               <HpFX02>
                  <Position type="Vector">0, 0, -0</Position>
                  <Orientation type="Matrix">
                      313.91644e-09,   0.9999998800,  -0.0000000000,
                      -0.9999998800,  313.91644e-09,  -0.0000000000,
                      -0.0000000000,  -0.0000000000,   1.0000000000
                  </Orientation>
               </HpFX02>
               <HpFX03>
                  <Position type="Vector">0, 0, -0</Position>
                  <Orientation type="Matrix">
                       1.0000000000,   0.0000000000,  -0.0000000000,
                       0.0000000000,  313.91644e-09,   0.9999998800,
                      -0.0000000000,  -0.9999998800,  313.91644e-09
                  </Orientation>
               </HpFX03>
               <HpShield01>
                  <Position type="Vector">0, 250, -0</Position>
                  <Orientation type="Matrix">
                       1.0000000000,   0.0000000000,  -0.0000000000,
                       0.0000000000,   1.0000000000,  -0.0000000000,
                      -0.0000000000,  -0.0000000000,   1.0000000000
                  </Orientation>
               </HpShield01>
               <HpShield02>
                  <Position type="Vector">0, 250, -0</Position>
                  <Orientation type="Matrix">
                       1.0000000000,   0.0000000000,  -0.0000000000,
                       0.0000000000,   1.0000000000,  -0.0000000000,
                      -0.0000000000,  -0.0000000000,   1.0000000000
                  </Orientation>
               </HpShield02>
               <HpDockMountA>
                  <Position type="Vector">0, -100, -500</Position>
                  <Orientation type="Matrix">
                      -1.0000000000,  28.485959e-15,  325.84137e-09,
                       0.0000000000,   1.0000000000, -87.422777e-09,
                     -325.84137e-09, -87.422777e-09,  -1.0000000000
                  </Orientation>
               </HpDockMountA>
               <HpDockPointA01>
                  <Position type="Vector">0, -100, -1300</Position>
                  <Orientation type="Matrix">
                      -1.0000000000,  28.485959e-15,  325.84137e-09,
                       0.0000000000,   1.0000000000, -87.422777e-09,
                     -325.84137e-09, -87.422777e-09,  -1.0000000000
                  </Orientation>
               </HpDockPointA01>
               <HpDockPointA02>
                  <Position type="Vector">0, -100, -2200</Position>
                  <Orientation type="Matrix">
                      -1.0000000000,  28.485959e-15,  325.84137e-09,
                       0.0000000000,   1.0000000000, -87.422777e-09,
                     -325.84137e-09, -87.422777e-09,  -1.0000000000
                  </Orientation>
               </HpDockPointA02>
               <HpLaunchCamA>
                  <Position type="Vector">500, 200, -2000</Position>
                  <Orientation type="Matrix">
                       1.0000000000,   0.0000000000,  -0.0000000000,
                       0.0000000000,   1.0000000000,  -0.0000000000,
                      -0.0000000000,  -0.0000000000,   1.0000000000
                  </Orientation>
               </HpLaunchCamA>
               <HpDockCamA>
                  <Position type="Vector">-500, 200, -2000</Position>
                  <Orientation type="Matrix">
                       1.0000000000,   0.0000000000,  -0.0000000000,
                       0.0000000000,   1.0000000000,  -0.0000000000,
                      -0.0000000000,  -0.0000000000,   1.0000000000
                  </Orientation>
               </HpDockCamA>
               <HpDockMountB>
                  <Position type="Vector">850, -30, 125</Position>
                  <Orientation type="Matrix">
                       1.0000000000,   0.0000000000,  -0.0000000000,
                       0.0000000000,   1.0000000000,  -0.0000000000,
                      -0.0000000000,  -0.0000000000,   1.0000000000
                  </Orientation>
               </HpDockMountB>
               <HpDockPointB01>
                  <Position type="Vector">1000, -30, 125</Position>
                  <Orientation type="Matrix">
                       1.0000000000,   0.0000000000,  -0.0000000000,
                       0.0000000000,   1.0000000000,  -0.0000000000,
                      -0.0000000000,  -0.0000000000,   1.0000000000
                  </Orientation>
               </HpDockPointB01>
               <HpDockPointB02>
                  <Position type="Vector">1200, -30, 125</Position>
                  <Orientation type="Matrix">
                      75.497894e-09,   0.0000000000,   0.9999998800,
                       0.0000000000,   1.0000000000,  -0.0000000000,
                      -0.9999998800,  -0.0000000000,  75.497894e-09
                  </Orientation>
               </HpDockPointB02>
               <HpLaunchCamB>
                  <Position type="Vector">1388.0168, 211.87337, 575.57642</Position>
                  <Orientation type="Matrix">
                       1.0000000000,   0.0000000000,  -0.0000000000,
                       0.0000000000,   1.0000000000,  -0.0000000000,
                      -0.0000000000,  -0.0000000000,   1.0000000000
                  </Orientation>
               </HpLaunchCamB>
               <HpDockCamB>
                  <Position type="Vector">1100.8182, 167.99339, -489.81848</Position>
                  <Orientation type="Matrix">
                       1.0000000000,   0.0000000000,  -0.0000000000,
                       0.0000000000,   1.0000000000,  -0.0000000000,
                      -0.0000000000,  -0.0000000000,   1.0000000000
                  </Orientation>
               </HpDockCamB>
               <HpRunningLight01>
                  <Position type="Vector">18.629953, 847.20154, -1052.6101</Position>
                  <Orientation type="Matrix">
                       1.0000000000,   0.0000000000,  -0.0000000000,
                       0.0000000000,   1.0000000000,  -0.0000000000,
                      -0.0000000000,  -0.0000000000,   1.0000000000
                  </Orientation>
               </HpRunningLight01>
               <HpRunningLight02>
                  <Position type="Vector">-18.677137, 847.20154, -1052.6061</Position>
                  <Orientation type="Matrix">
                       1.0000000000,   0.0000000000,  -0.0000000000,
                       0.0000000000,   1.0000000000,  -0.0000000000,
                      -0.0000000000,  -0.0000000000,   1.0000000000
                  </Orientation>
               </HpRunningLight02>
               <HpRunningLight03>
                  <Position type="Vector">11.700526, 656.24084, 1158.5948</Position>
                  <Orientation type="Matrix">
                       1.0000000000,   0.0000000000,  -0.0000000000,
                       0.0000000000,   1.0000000000,  -0.0000000000,
                      -0.0000000000,  -0.0000000000,   1.0000000000
                  </Orientation>
               </HpRunningLight03>
               <HpRunningLight04>
                  <Position type="Vector">-11.757413, 656.24084, 1158.6045</Position>
                  <Orientation type="Matrix">
                       1.0000000000,   0.0000000000,  -0.0000000000,
                       0.0000000000,   1.0000000000,  -0.0000000000,
                      -0.0000000000,  -0.0000000000,   1.0000000000
                  </Orientation>
               </HpRunningLight04>
               <HpRunningLight05>
                  <Position type="Vector">11.695648, 674.21729, 1351.6349</Position>
                  <Orientation type="Matrix">
                       1.0000000000,   0.0000000000,  -0.0000000000,
                       0.0000000000,   1.0000000000,  -0.0000000000,
                      -0.0000000000,  -0.0000000000,   1.0000000000
                  </Orientation>
               </HpRunningLight05>
               <HpRunningLight06>
                  <Position type="Vector">-11.782484, 674.21729, 1351.6259</Position>
                  <Orientation type="Matrix">
                       1.0000000000,   0.0000000000,  -0.0000000000,
                       0.0000000000,   1.0000000000,  -0.0000000000,
                      -0.0000000000,  -0.0000000000,   1.0000000000
                  </Orientation>
               </HpRunningLight06>
               <HpRunningLight07>
                  <Position type="Vector">436.79507, 92.032097, -1406.4962</Position>
                  <Orientation type="Matrix">
                       1.0000000000,   0.0000000000,  -0.0000000000,
                       0.0000000000,   1.0000000000,  -0.0000000000,
                      -0.0000000000,  -0.0000000000,   1.0000000000
                  </Orientation>
               </HpRunningLight07>
               <HpRunningLight08>
                  <Position type="Vector">-436.78818, 92.125237, -1406.4962</Position>
                  <Orientation type="Matrix">
                       1.0000000000,   0.0000000000,  -0.0000000000,
                       0.0000000000,   1.0000000000,  -0.0000000000,
                      -0.0000000000,  -0.0000000000,   1.0000000000
                  </Orientation>
               </HpRunningLight08>
               <HpRunningLight09>
                  <Position type="Vector">19.828739, 375.12473, -1434.9543</Position>
                  <Orientation type="Matrix">
                       1.0000000000,   0.0000000000,  -0.0000000000,
                       0.0000000000,   1.0000000000,  -0.0000000000,
                      -0.0000000000,  -0.0000000000,   1.0000000000
                  </Orientation>
               </HpRunningLight09>
               <HpRunningLight10>
                  <Position type="Vector">-19.805096, 375.2088, -1434.9543</Position>
                  <Orientation type="Matrix">
                       1.0000000000,   0.0000000000,  -0.0000000000,
                       0.0000000000,   1.0000000000,  -0.0000000000,
                      -0.0000000000,  -0.0000000000,   1.0000000000
                  </Orientation>
               </HpRunningLight10>
               <HpRunningLight11>
                  <Position type="Vector">274.68604, -197.33952, -1820.4109</Position>
                  <Orientation type="Matrix">
                       1.0000000000,   0.0000000000,  -0.0000000000,
                       0.0000000000,   1.0000000000,  -0.0000000000,
                      -0.0000000000,  -0.0000000000,   1.0000000000
                  </Orientation>
               </HpRunningLight11>
               <HpRunningLight12>
                  <Position type="Vector">-274.75339, -197.41127, -1820.4109</Position>
                  <Orientation type="Matrix">
                       1.0000000000,   0.0000000000,  -0.0000000000,
                       0.0000000000,   1.0000000000,  -0.0000000000,
                      -0.0000000000,  -0.0000000000,   1.0000000000
                  </Orientation>
               </HpRunningLight12>
               <HpRunningLight13>
                  <Orientation type="Matrix">
                       1.0000000000,   0.0000000000,   0.0000000000,
                       0.0000000000,   1.0000000000,   0.0000000000,
                       0.0000000000,   0.0000000000,   1.0000000000
                  </Orientation>
                  <Position type="Vector">479.96384, -42.723217, -1635.157</Position>
               </HpRunningLight13>
               <HpRunningLight14>
                  <Orientation type="Matrix">
                       1.0000000000,   0.0000000000,   0.0000000000,
                       0.0000000000,   1.0000000000,   0.0000000000,
                       0.0000000000,   0.0000000000,   1.0000000000
                  </Orientation>
                  <Position type="Vector">-480.01904, -42.598125, -1635.157</Position>
               </HpRunningLight14>
            </Fixed>
            <Revolute>
               <HpTurret01>
                  <Position type="Vector">-453.21811, 117.22038, -605.34485</Position>
                  <Orientation type="Matrix">
                     -281.65232e-09,  -0.5877854200,   0.8090167600,
                     -59.430022e-09,   0.8090168200,   0.5877854800,
                      -1.0000000000,  117.69589e-09, -262.82214e-09
                  </Orientation>
                  <Axis type="Vector">0, 1, -0</Axis>
                  <Min type="float">-1.5707964</Min>
                  <Max type="float">1.5707964</Max>
               </HpTurret01>
               <HpTurret02>
                  <Position type="Vector">452.83878, 117.50591, -605.49451</Position>
                  <Orientation type="Matrix">
                     -162.90869e-09,   0.5877853600,  -0.8090168200,
                     -29.802322e-09,   0.8090168200,   0.5877854800,
                       1.0000000000,  119.90778e-09, -114.27619e-09
                  </Orientation>
                  <Axis type="Vector">0, 1, -0</Axis>
                  <Min type="float">-1.5707964</Min>
                  <Max type="float">1.5707964</Max>
               </HpTurret02>
               <HpTurret03>
                  <Position type="Vector">-185.42012, 349.9516, -56.250458</Position>
                  <Orientation type="Matrix">
                     -149.01161e-09,  -0.7986356000,  -0.6018150400,
                       0.0000000000,   0.6018150400,  -0.7986355400,
                       1.0000000000, -178.81393e-09, -89.406967e-09
                  </Orientation>
                  <Axis type="Vector">0, 1, -0</Axis>
                  <Min type="float">-0.78539819</Min>
                  <Max type="float">0.78539819</Max>
               </HpTurret03>
               <HpTurret04>
                  <Position type="Vector">183.80368, 351.9953, -54.779694</Position>
                  <Orientation type="Matrix">
                     -149.01161e-09,   0.7986356000,   0.6018149900,
                      22.351742e-09,   0.6018151000,  -0.7986356000,
                      -0.9999998200, -163.91277e-09, -94.994903e-09
                  </Orientation>
                  <Axis type="Vector">0, 1, -0</Axis>
                  <Min type="float">-0.78539819</Min>
                  <Max type="float">0.78539819</Max>
               </HpTurret04>
               <HpTurret05>
                  <Position type="Vector">-344.8815, -263.97318, 111.51447</Position>
                  <Orientation type="Matrix">
                      -0.8090177200,  -0.5877844700,  -0.0000000000,
                       0.5877844700,  -0.8090177200,  -0.0000000000,
                      -0.0000000000,  -0.0000000000,   1.0000000000
                  </Orientation>
                  <Axis type="Vector">0, 1, -0</Axis>
                  <Min type="float">-3.1415927</Min>
                  <Max type="float">3.1415927</Max>
               </HpTurret05>
               <HpTurret06>
                  <Position type="Vector">344.15363, -264.50385, 115.92865</Position>
                  <Orientation type="Matrix">
                      -0.8090173000,   0.5877850700,  -0.0000000000,
                      -0.5877850700,  -0.8090173000,  -0.0000000000,
                      -0.0000000000,  -0.0000000000,   1.0000000000
                  </Orientation>
                  <Axis type="Vector">0, 1, -0</Axis>
                  <Min type="float">-3.1415927</Min>
                  <Max type="float">3.1415927</Max>
               </HpTurret06>
               <HpTurret07>
                  <Position type="Vector">0, 540.01416, 1547.1572</Position>
                  <Orientation type="Matrix">
                      -1.0000000000,   0.0000000000,  150.99580e-09,
                       0.0000000000,   1.0000000000,  -0.0000000000,
                     -150.99580e-09,  -0.0000000000,  -1.0000000000
                  </Orientation>
                  <Axis type="Vector">0, 1, -0</Axis>
                  <Min type="float">-1.5707964</Min>
                  <Max type="float">1.5707964</Max>
               </HpTurret07>
               <HpTurret08>
                  <Position type="Vector">-530.13861, -18.314339, -44.663521</Position>
                  <Orientation type="Matrix">
                      313.91644e-09,  -0.9999998800,  -0.0000000000,
                       0.9999998800,  313.91644e-09,  -0.0000000000,
                      -0.0000000000,  -0.0000000000,   1.0000000000
                  </Orientation>
                  <Axis type="Vector">0, 1, -0</Axis>
                  <Min type="float">-3.1415927</Min>
                  <Max type="float">3.1415927</Max>
               </HpTurret08>
               <HpTurret09>
                  <Position type="Vector">530.12634, -18.648802, -42.673553</Position>
                  <Orientation type="Matrix">
                      313.91644e-09,   0.9999998800,  -0.0000000000,
                      -0.9999998800,  313.91644e-09,  -0.0000000000,
                      -0.0000000000,  -0.0000000000,   1.0000000000
                  </Orientation>
                  <Axis type="Vector">0, 1, -0</Axis>
                  <Min type="float">-3.1415927</Min>
                  <Max type="float">3.1415927</Max>
               </HpTurret09>
               <HpTurret10>
                  <Position type="Vector">0, -381.12036, 178.54657</Position>
                  <Orientation type="Matrix">
                      -1.0000000000,  106.17260e-15, -325.84137e-09,
                       0.0000000000,  -1.0000000000, -325.84137e-09,
                     -325.84137e-09, -325.84137e-09,   1.0000000000
                  </Orientation>
                  <Axis type="Vector">0, 1, -0</Axis>
                  <Min type="float">-3.1415927</Min>
                  <Max type="float">3.1415927</Max>
               </HpTurret10>
            </Revolute>
         </Hardpoints>
      </Tortuga210719130419.3db>
   </UTF_ROOT>
</UTFXML>
