<?xml version="1.0" encoding="ISO-8859-1"?>
<!-- XML generated by UTFXML Version 2.2 built 19-Aug-2010 -->
<UTFXML filename="mining_debris.cmp" path="SHIPS\UTILITY\MINING">
   <UTF_ROOT>
      <VMeshLibrary>
         <data.ships.utility.mining.mining_debris.lod0-112.vms include="mining_debris_cmp\lod0-112.vms.xml"/>
         <data.ships.utility.mining.mining_debris.lod1-112.vms include="mining_debris_cmp\lod1-112.vms.xml"/>
         <data.ships.utility.mining.mining_debris.lod2-112.vms include="mining_debris_cmp\lod2-112.vms.xml"/>
         <data.ships.utility.mining.mining_debris.lod3-112.vms include="mining_debris_cmp\lod3-112.vms.xml"/>
      </VMeshLibrary>
      <Cmpnd>
         <Cons>
            <Fix type="Fix" count="4">
               <part>
                  <!-- parent      --> "Root",
                  <!-- child       --> "mining_shuttle_lod1",
                  <!-- position    --> 0.48074436, -31.290764, -81.199265,
                  <!-- orientation -->   0.9961947200,   0.0368334990,  -0.0789899230,
                                        94.289312e-09,   0.9063078200,   0.4226182400,
                                         0.0871556920,  -0.4210100800,   0.9028590300
               </part>
               <part>
                  <!-- parent      --> "Root",
                  <!-- child       --> "port_arm1_lod1",
                  <!-- position    --> -27.9424, -29.692993, -54.47876,
                  <!-- orientation -->   0.3965397800,   0.8754260500,   0.2763790800,
                                        -0.9054452200,   0.4226181800,  -0.0395324750,
                                        -0.1514105800,  -0.2345699100,   0.9602353000
               </part>
               <part>
                  <!-- parent      --> "Root",
                  <!-- child       --> "port_frnt_eng_lod1",
                  <!-- position    --> -35.937878, -29.561892, -40.688267,
                  <!-- orientation -->   1.0000000000,   0.0000000000,   0.0000000000,
                                         0.0000000000,   1.0000000000,   0.0000000000,
                                         0.0000000000,   0.0000000000,   1.0000000000
               </part>
               <part>
                  <!-- parent      --> "Root",
                  <!-- child       --> "star_arm_lod1",
                  <!-- position    --> 28.233173, -30.50605, -54.373356,
                  <!-- orientation -->   0.8433914200,  18.974031e-09,  -0.5372996300,
                                         0.3453695800,   0.7660443800,   0.5421215900,
                                         0.4115954000,  -0.6427876400,   0.6460752500
               </part>
            </Fix>
         </Cons>
         <Part_mining_shuttle_lod1>
            <File_name name="File name" type="text">mining_shuttle_lod1020819174958.3db</File_name>
            <Index type="int">1</Index>
            <Object_name name="Object name" type="text">mining_shuttle_lod1</Object_name>
         </Part_mining_shuttle_lod1>
         <Part_port_arm1_lod1>
            <File_name name="File name" type="text">port_arm1_lod1020819174958.3db</File_name>
            <Index type="int">2</Index>
            <Object_name name="Object name" type="text">port_arm1_lod1</Object_name>
         </Part_port_arm1_lod1>
         <Part_port_frnt_eng_lod1>
            <File_name name="File name" type="text">port_frnt_eng_lod1020819174958.3db</File_name>
            <Index type="int">3</Index>
            <Object_name name="Object name" type="text">port_frnt_eng_lod1</Object_name>
         </Part_port_frnt_eng_lod1>
         <Part_star_arm_lod1>
            <File_name name="File name" type="text">star_arm_lod1020819174958.3db</File_name>
            <Index type="int">4</Index>
            <Object_name name="Object name" type="text">star_arm_lod1</Object_name>
         </Part_star_arm_lod1>
         <Root>
            <File_name name="File name" type="text">mining_ship_debris_lod1020819174958.3db</File_name>
            <Index type="int">0</Index>
            <Object_name name="Object name" type="text">Root</Object_name>
         </Root>
      </Cmpnd>
      <Exporter_Version name="Exporter Version" type="text">Aug  8 2002 17:09:32</Exporter_Version>
      <mining_ship_debris_lod1020819174958.3db>
         <Hardpoints>
            <Fixed>
               <HpBayDoor01>
                  <Orientation type="Matrix">
                     -119.20933e-09, -210.73429e-09,   1.0000000000,
                     -19.828611e-15,   1.0000000000,  210.73429e-09,
                      -1.0000000000,  5.2928823e-15, -119.20933e-09
                  </Orientation>
                  <Position type="Vector">0.15432189, -17.766785, 85.091301</Position>
               </HpBayDoor01>
               <HpBayDoor02>
                  <Orientation type="Matrix">
                     -119.20933e-09, -210.73429e-09,   1.0000000000,
                     -19.828611e-15,   1.0000000000,  210.73429e-09,
                      -1.0000000000,  5.2928823e-15, -119.20933e-09
                  </Orientation>
                  <Position type="Vector">0.15432346, -17.766785, 95.491402</Position>
               </HpBayDoor02>
               <HpDocklight01>
                  <Orientation type="Matrix">
                      -0.7071068900,  16.767835e-09,  -0.7071067100,
                       0.1227877100,   0.9848077900,  -0.1227877100,
                       0.6963641600,  -0.1736480400,  -0.6963643400
                  </Orientation>
                  <Position type="Vector">85.139275, 35.798973, 73.50486</Position>
               </HpDocklight01>
               <HpDockMountA>
                  <Orientation type="Matrix">
                       1.0000000000,  12.165534e-15,  28.421709e-15,
                     -12.165534e-15,   1.0000000000, -11.766371e-09,
                     -28.421709e-15,  11.766371e-09,   1.0000000000
                  </Orientation>
                  <Position type="Vector">0.15432762, 0.57853699, 115.85271</Position>
               </HpDockMountA>
               <HpDockMountB>
                  <Orientation type="Matrix">
                       1.0000000000,  12.165534e-15,  28.421709e-15,
                     -12.165534e-15,   1.0000000000, -11.766371e-09,
                     -28.421709e-15,  11.766371e-09,   1.0000000000
                  </Orientation>
                  <Position type="Vector">0.1543328, 130.88495, 115.85271</Position>
               </HpDockMountB>
               <HpDockPointA01>
                  <Orientation type="Matrix">
                       1.0000000000,  12.165534e-15,  28.421709e-15,
                     -12.165534e-15,   1.0000000000, -11.766371e-09,
                     -28.421709e-15,  11.766371e-09,   1.0000000000
                  </Orientation>
                  <Position type="Vector">0.15433291, 0.57856178, 416.88748</Position>
               </HpDockPointA01>
               <HpDockPointA02>
                  <Orientation type="Matrix">
                       1.0000000000,  12.165534e-15,  28.421709e-15,
                     -12.165534e-15,   1.0000000000, -11.766371e-09,
                     -28.421709e-15,  11.766371e-09,   1.0000000000
                  </Orientation>
                  <Position type="Vector">0.15433384, 0.5785656, 469.37796</Position>
               </HpDockPointA02>
               <HpDockPointB01>
                  <Orientation type="Matrix">
                       1.0000000000,  12.165534e-15,  28.421709e-15,
                     -12.165534e-15,   1.0000000000, -11.766371e-09,
                     -28.421709e-15,  11.766371e-09,   1.0000000000
                  </Orientation>
                  <Position type="Vector">0.15433815, 130.88498, 419.5275</Position>
               </HpDockPointB01>
               <HpDockPointB02>
                  <Orientation type="Matrix">
                       1.0000000000,  12.165534e-15,  28.421709e-15,
                     -12.165534e-15,   1.0000000000, -11.766371e-09,
                     -28.421709e-15,  11.766371e-09,   1.0000000000
                  </Orientation>
                  <Position type="Vector">0.15433908, 130.88498, 472.29691</Position>
               </HpDockPointB02>
               <HpDust01>
                  <Orientation type="Matrix">
                       0.5325459800,   0.6081329600,  -0.5887011900,
                       0.6582508700,   0.1396591400,   0.7397304200,
                       0.5320719500,  -0.7814535500,  -0.3259291400
                  </Orientation>
                  <Position type="Vector">58.912746, -104.28001, -61.095623</Position>
               </HpDust01>
               <HpDust02>
                  <Orientation type="Matrix">
                       0.9999883800,  108.17437e-06,  -0.0048173238,
                     -440.72419e-06,   0.9976106900,  -0.0690846590,
                       0.0047983406,   0.0690859780,   0.9975991800
                  </Orientation>
                  <Position type="Vector">-3.6305385, -36.234367, -128.36978</Position>
               </HpDust02>
               <HpEngine01>
                  <Orientation type="Matrix">
                       1.0000000000,   0.0000000000,   0.0000000000,
                       0.0000000000,   1.0000000000,   0.0000000000,
                       0.0000000000,   0.0000000000,   1.0000000000
                  </Orientation>
                  <Position type="Vector">39.041523, -37.407135, -27.170654</Position>
               </HpEngine01>
               <HpEngine03>
                  <Orientation type="Matrix">
                       1.0000000000, -10.035692e-09, -5.2399400e-09,
                      10.793133e-09,   0.9848077300,   0.1736481500,
                      3.4176544e-09,  -0.1736481500,   0.9848077300
                  </Orientation>
                  <Position type="Vector">77.104744, 25.673147, 72.932671</Position>
               </HpEngine03>
               <HpEngine04>
                  <Orientation type="Matrix">
                       1.0000000000, -10.035692e-09, -5.2399400e-09,
                      10.793133e-09,   0.9848077300,   0.1736481500,
                      3.4176544e-09,  -0.1736481500,   0.9848077300
                  </Orientation>
                  <Position type="Vector">83.552742, 12.531029, 75.249969</Position>
               </HpEngine04>
               <HpEngine05>
                  <Orientation type="Matrix">
                       1.0000000000, -10.035692e-09, -5.2399400e-09,
                      10.793133e-09,   0.9848077300,   0.1736481500,
                      3.4176544e-09,  -0.1736481500,   0.9848077300
                  </Orientation>
                  <Position type="Vector">70.420074, 12.531031, 75.249985</Position>
               </HpEngine05>
               <HpExhaust01>
                  <Orientation type="Matrix">
                      119.20929e-09,  113.70538e-09,   1.0000000000,
                     -27.840132e-15,   1.0000000000, -113.70538e-09,
                      -1.0000000000, -14.285394e-15,  119.20929e-09
                  </Orientation>
                  <Position type="Vector">-55.502247, -6.2526007, 20.044584</Position>
               </HpExhaust01>
               <HpExhaust02>
                  <Orientation type="Matrix">
                      178.81395e-09,  119.20930e-09,  -1.0000000000,
                     -17.763572e-15,   1.0000000000,  119.20930e-09,
                       1.0000000000, -3.5527145e-15,  178.81395e-09
                  </Orientation>
                  <Position type="Vector">55.425194, -6.2526016, 20.044561</Position>
               </HpExhaust02>
               <HpExhaust09>
                  <Orientation type="Matrix">
                       1.0000000000,  -0.0000000000,  238.41858e-09,
                       0.0000000000,   1.0000000000,   0.0000000000,
                     -238.41858e-09,   0.0000000000,   1.0000000000
                  </Orientation>
                  <Position type="Vector">18.366962, -31.894249, 63.685432</Position>
               </HpExhaust09>
               <HpExhaust10>
                  <Orientation type="Matrix">
                       1.0000000000,  -0.0000000000,  238.41858e-09,
                       0.0000000000,   1.0000000000,   0.0000000000,
                     -238.41858e-09,   0.0000000000,   1.0000000000
                  </Orientation>
                  <Position type="Vector">-18.343201, -31.894253, 63.68544</Position>
               </HpExhaust10>
               <HpHeadLight>
                  <Orientation type="Matrix">
                       1.0000000000,  118.44448e-09,  187.78516e-09,
                     -118.44448e-09,   1.0000000000,  33.657052e-09,
                     -187.78516e-09, -33.657074e-09,   1.0000000000
                  </Orientation>
                  <Position type="Vector">-0.62073392, -17.875025, -104.98595</Position>
               </HpHeadLight>
               <HpMount>
                  <Orientation type="Matrix">
                       1.0000000000, -43.711356e-09,  238.41856e-09,
                      43.711378e-09,   1.0000000000, -84.293717e-09,
                     -238.41856e-09,  84.293724e-09,   1.0000000000
                  </Orientation>
                  <Position type="Vector">0.24330664, -20.410618, -141.1302</Position>
               </HpMount>
               <HpRunningLight01>
                  <Orientation type="Matrix">
                      -1.0000000000, -110.60179e-09,  105.97093e-09,
                     -127.32315e-09,   0.9848077900,  -0.1736481300,
                     -85.155200e-09,  -0.1736481300,  -0.9848077900
                  </Orientation>
                  <Position type="Vector">91.113251, 1.6388302, 88.521149</Position>
               </HpRunningLight01>
               <HpRunningLight04>
                  <Orientation type="Matrix">
                      -0.7660443200, -57.058539e-09,  -0.6427877500,
                       0.1116189100,   0.9848077300,  -0.1330222500,
                       0.6330224300,  -0.1736482100,  -0.7544063300
                  </Orientation>
                  <Position type="Vector">95.332291, 7.9637184, 87.272621</Position>
               </HpRunningLight04>
               <HpRunningLight05>
                  <Orientation type="Matrix">
                      -1.0000000000, -44.703494e-09,  119.20929e-09,
                     -44.703487e-09,   1.0000000000,  44.703494e-09,
                     -119.20929e-09,  44.703487e-09,  -1.0000000000
                  </Orientation>
                  <Position type="Vector">25.361046, 13.045557, 101.72198</Position>
               </HpRunningLight05>
               <HpRunningLight06>
                  <Orientation type="Matrix">
                      -1.0000000000, -44.703494e-09,  119.20929e-09,
                     -44.703487e-09,   1.0000000000,  44.703494e-09,
                     -119.20929e-09,  44.703487e-09,  -1.0000000000
                  </Orientation>
                  <Position type="Vector">-25.36697, 13.045557, 101.72198</Position>
               </HpRunningLight06>
               <HpRunningLight08>
                  <Orientation type="Matrix">
                       0.8191521200, -64.061595e-09,   0.5735763300,
                      -0.0996004270,   0.9848077300,   0.1422442900,
                      -0.5648624300,  -0.1736481600,   0.8067073200
                  </Orientation>
                  <Position type="Vector">70.040504, 30.885271, 47.328297</Position>
               </HpRunningLight08>
               <HpRunningLight09>
                  <Orientation type="Matrix">
                       1.0000000000,   0.0000000000,   0.0000000000,
                       0.0000000000,   1.0000000000,   0.0000000000,
                       0.0000000000,   0.0000000000,   1.0000000000
                  </Orientation>
                  <Position type="Vector">26.774572, 13.041491, -51.98769</Position>
               </HpRunningLight09>
               <HpRunningLight10>
                  <Orientation type="Matrix">
                       1.0000000000,   0.0000000000,   0.0000000000,
                       0.0000000000,   1.0000000000,   0.0000000000,
                       0.0000000000,   0.0000000000,   1.0000000000
                  </Orientation>
                  <Position type="Vector">-26.919836, 13.041489, -51.987595</Position>
               </HpRunningLight10>
               <HpSuck01>
                  <Orientation type="Matrix">
                     -119.20932e-09, -57.453168e-09,   1.0000000000,
                     -2.7062436e-15,   1.0000000000,  57.453168e-09,
                      -1.0000000000,  4.1427094e-15, -119.20932e-09
                  </Orientation>
                  <Position type="Vector">-17.766895, -15.615234, -49.210308</Position>
               </HpSuck01>
               <HpSuck02>
                  <Orientation type="Matrix">
                     -119.20932e-09, -57.453168e-09,   1.0000000000,
                     -2.7062436e-15,   1.0000000000,  57.453168e-09,
                      -1.0000000000,  4.1427094e-15, -119.20932e-09
                  </Orientation>
                  <Position type="Vector">14.851148, -15.615234, -49.210312</Position>
               </HpSuck02>
               <HpTop>
                  <Orientation type="Matrix">
                       1.0000000000, -29.644356e-09, -9.7545581e-09,
                      30.887854e-09,   0.9848077300,   0.1736481500,
                      4.4586774e-09,  -0.1736481500,   0.9848077300
                  </Orientation>
                  <Position type="Vector">85.421623, 0.18236542, 66.294319</Position>
               </HpTop>
               <HpTractor_Source>
                  <Orientation type="Matrix">
                       1.0000000000,  118.44448e-09,  187.78516e-09,
                     -118.44448e-09,   1.0000000000,  33.657052e-09,
                     -187.78516e-09, -33.657074e-09,   1.0000000000
                  </Orientation>
                  <Position type="Vector">-0.62073392, -17.875025, -104.98595</Position>
               </HpTractor_Source>
            </Fixed>
            <Revolute>
               <HpTurret_U1_01>
                  <Axis type="Vector">0, 1, 0</Axis>
                  <Max type="float">1.39626</Max>
                  <Min type="float">-2.26893</Min>
                  <Orientation type="Matrix">
                       1.0000000000,   0.0000000000,   0.0000000000,
                       0.0000000000,   1.0000000000,   0.0000000000,
                       0.0000000000,   0.0000000000,   1.0000000000
                  </Orientation>
                  <Position type="Vector">20.66482, 15.351137, -39.148243</Position>
               </HpTurret_U1_01>
               <HpTurret_U1_02>
                  <Axis type="Vector">0, 1, 0</Axis>
                  <Max type="float">2.2689099</Max>
                  <Min type="float">-1.3962699</Min>
                  <Orientation type="Matrix">
                       1.0000000000,   0.0000000000,   0.0000000000,
                       0.0000000000,   1.0000000000,   0.0000000000,
                       0.0000000000,   0.0000000000,   1.0000000000
                  </Orientation>
                  <Position type="Vector">-20.646389, 15.351137, -39.148148</Position>
               </HpTurret_U1_02>
               <HpTurret_U1_03>
                  <Axis type="Vector">0, 1, 0</Axis>
                  <Max type="float">3.0543098</Max>
                  <Min type="float">-3.0543299</Min>
                  <Orientation type="Matrix">
                     -59.604645e-09, -150.99580e-09,   1.0000000000,
                     -5.2108002e-15,  -1.0000000000, -150.99580e-09,
                       1.0000000000, -14.210851e-15,  59.604645e-09
                  </Orientation>
                  <Position type="Vector">-39.105412, -45.586235, -30.040411</Position>
               </HpTurret_U1_03>
               <HpTurret_U1_04>
                  <Axis type="Vector">0, 1, 0</Axis>
                  <Max type="float">3.0543098</Max>
                  <Min type="float">-3.0543299</Min>
                  <Orientation type="Matrix">
                     -178.81393e-09, -150.99585e-09,  -1.0000000000,
                      41.211012e-15,  -1.0000000000,  150.99585e-09,
                      -1.0000000000, -14.210851e-15,  178.81393e-09
                  </Orientation>
                  <Position type="Vector">39.104553, -45.586243, -30.040405</Position>
               </HpTurret_U1_04>
               <HpTurret_U2_01>
                  <Axis type="Vector">0, 1, 0</Axis>
                  <Max type="float">3.0543098</Max>
                  <Min type="float">-3.0543299</Min>
                  <Orientation type="Matrix">
                      121.24721e-09, -67.324407e-09,  -1.0000000000,
                       0.1736481800,   0.9848077300, -45.247241e-09,
                       0.9848077300,  -0.1736481800,  131.09596e-09
                  </Orientation>
                  <Position type="Vector">78.912445, 36.019745, 60.497322</Position>
               </HpTurret_U2_01>
               <HpTurret_U2_03>
                  <Axis type="Vector">0, 1, 0</Axis>
                  <Max type="float">1.5707799</Max>
                  <Min type="float">-1.5707999</Min>
                  <Orientation type="Matrix">
                      -1.0000000000, -8.1916696e-09, -89.406981e-09,
                     -8.1916722e-09,   1.0000000000,  29.802321e-09,
                      89.406981e-09,  29.802321e-09,  -1.0000000000
                  </Orientation>
                  <Position type="Vector">901.49383e-6, 13.049032, 92.861748</Position>
               </HpTurret_U2_03>
               <HpTurret_U2_04>
                  <Axis type="Vector">0, 1, 0</Axis>
                  <Max type="float">0.87264997</Max>
                  <Min type="float">-0.87266999</Min>
                  <Orientation type="Matrix">
                       1.0000000000,  175.33070e-09, -87.059519e-09,
                      175.33070e-09,  -1.0000000000, -3.8764520e-09,
                     -87.059519e-09,  3.8764369e-09,  -1.0000000000
                  </Orientation>
                  <Position type="Vector">901.49383e-6, -3.8112288, 92.861748</Position>
               </HpTurret_U2_04>
               <HpTurret_U3_01>
                  <Axis type="Vector">0, 1, 0</Axis>
                  <Max type="float">1.5707799</Max>
                  <Min type="float">-1.5707999</Min>
                  <Orientation type="Matrix">
                     -120.38946e-09,  59.799987e-09,  -1.0000000000,
                      -0.1736483300,  -0.9848077300, -37.986059e-09,
                      -0.9848077300,   0.1736483300,  128.94463e-09
                  </Orientation>
                  <Position type="Vector">89.058136, -3.2833548, 49.952648</Position>
               </HpTurret_U3_01>
            </Revolute>
         </Hardpoints>
         <VMeshWire include="mining_debris_cmp\mining_ship_debris_lod1.vwd.xml"/>
         <MultiLevel>
            <Level0>
               <VMeshPart>
                  <VMeshRef type="VMeshRef">
                     <!-- header size  --> 60,
                     <!-- vmesh lib    --> data.ships.utility.mining.mining_debris.lod0-112.vms,
                     <!-- start vert   --> 1930,
                     <!-- num verts    --> 5497,
                     <!-- start index  --> 2208,
                     <!-- num indices  --> 6597,
                     <!-- start mesh   --> 9,
                     <!-- num meshes   --> 12,
                     <!-- bounding box -->  95.339149,  37.835979,  101.71999,
                                           -55.463722, -42.287834,  -63.321701,
                     <!-- center       -->  16.210812,  -1.7989501,  23.299957,
                     <!-- radius       --> 103.9679
                  </VMeshRef>
               </VMeshPart>
            </Level0>
            <Level1>
               <VMeshPart>
                  <VMeshRef type="VMeshRef">
                     <!-- header size  --> 60,
                     <!-- vmesh lib    --> data.ships.utility.mining.mining_debris.lod1-112.vms,
                     <!-- start vert   --> 865,
                     <!-- num verts    --> 3417,
                     <!-- start index  --> 1008,
                     <!-- num indices  --> 4149,
                     <!-- start mesh   --> 10,
                     <!-- num meshes   --> 11,
                     <!-- bounding box -->  95.339149,  37.835979,  101.71999,
                                           -55.463722, -42.287834,  -63.321701,
                     <!-- center       -->  16.210812,  -1.7989501,  23.299957,
                     <!-- radius       --> 103.9679
                  </VMeshRef>
               </VMeshPart>
            </Level1>
            <Level2>
               <VMeshPart>
                  <VMeshRef type="VMeshRef">
                     <!-- header size  --> 60,
                     <!-- vmesh lib    --> data.ships.utility.mining.mining_debris.lod2-112.vms,
                     <!-- start vert   --> 468,
                     <!-- num verts    --> 1990,
                     <!-- start index  --> 510,
                     <!-- num indices  --> 2331,
                     <!-- start mesh   --> 6,
                     <!-- num meshes   --> 10,
                     <!-- bounding box -->  95.339149,  37.835979,  101.71999,
                                           -55.463722, -42.287834,  -63.321701,
                     <!-- center       -->  16.210812,  -1.7989501,  23.299957,
                     <!-- radius       --> 103.9679
                  </VMeshRef>
               </VMeshPart>
            </Level2>
            <Level3>
               <VMeshPart>
                  <VMeshRef type="VMeshRef">
                     <!-- header size  --> 60,
                     <!-- vmesh lib    --> data.ships.utility.mining.mining_debris.lod3-112.vms,
                     <!-- start vert   --> 240,
                     <!-- num verts    --> 1092,
                     <!-- start index  --> 282,
                     <!-- num indices  --> 1098,
                     <!-- start mesh   --> 4,
                     <!-- num meshes   --> 9,
                     <!-- bounding box -->  95.339149,  37.835979,  101.71999,
                                           -55.463722, -42.287834,  -63.321701,
                     <!-- center       -->  16.210812,  -1.7989501,  23.299957,
                     <!-- radius       --> 103.9679
                  </VMeshRef>
               </VMeshPart>
            </Level3>
            <Switch2 type="float array" count="5">
               0,
               100,
               1000,
               10000,
               1000000
            </Switch2>
         </MultiLevel>
      </mining_ship_debris_lod1020819174958.3db>
      <mining_shuttle_lod1020819174958.3db>
         <Hardpoints>
            <Fixed>
               <HpEngine09>
                  <Orientation type="Matrix">
                      347.22009e-09,  113.65247e-09,  -1.0000000000,
                     -42.898378e-09,   1.0000000000,  113.65245e-09,
                       1.0000000000,  42.898339e-09,  347.22009e-09
                  </Orientation>
                  <Position type="Vector">-0.0086981487, 4.0724921, 18.924456</Position>
               </HpEngine09>
            </Fixed>
         </Hardpoints>
         <VMeshWire include="mining_debris_cmp\mining_shuttle_lod1.vwd.xml"/>
         <MultiLevel>
            <Level0>
               <VMeshPart>
                  <VMeshRef type="VMeshRef">
                     <!-- header size  --> 60,
                     <!-- vmesh lib    --> data.ships.utility.mining.mining_debris.lod0-112.vms,
                     <!-- start vert   --> 7427,
                     <!-- num verts    --> 1305,
                     <!-- start index  --> 8805,
                     <!-- num indices  --> 1305,
                     <!-- start mesh   --> 21,
                     <!-- num meshes   --> 7,
                     <!-- bounding box -->  16.100353,   13.509647,   25.140482,
                                           -16.894489,   -9.1525669, -24.552076,
                     <!-- center       -->  -0.27923015,  2.124424,    0.73137593,
                     <!-- radius       --> 25.863081
                  </VMeshRef>
               </VMeshPart>
            </Level0>
            <Level1>
               <VMeshPart>
                  <VMeshRef type="VMeshRef">
                     <!-- header size  --> 60,
                     <!-- vmesh lib    --> data.ships.utility.mining.mining_debris.lod1-112.vms,
                     <!-- start vert   --> 4282,
                     <!-- num verts    --> 558,
                     <!-- start index  --> 5157,
                     <!-- num indices  --> 558,
                     <!-- start mesh   --> 21,
                     <!-- num meshes   --> 8,
                     <!-- bounding box -->  16.100353,   13.509647,   25.140482,
                                           -16.894489,   -9.1525669, -24.552076,
                     <!-- center       -->  -0.27923015,  2.124424,    0.73137593,
                     <!-- radius       --> 25.863081
                  </VMeshRef>
               </VMeshPart>
            </Level1>
            <Level2>
               <VMeshPart>
                  <VMeshRef type="VMeshRef">
                     <!-- header size  --> 60,
                     <!-- vmesh lib    --> data.ships.utility.mining.mining_debris.lod2-112.vms,
                     <!-- start vert   --> 2458,
                     <!-- num verts    --> 243,
                     <!-- start index  --> 2841,
                     <!-- num indices  --> 243,
                     <!-- start mesh   --> 16,
                     <!-- num meshes   --> 6,
                     <!-- bounding box -->  16.100353,   13.509647,   25.140482,
                                           -16.894489,   -9.1525669, -24.552076,
                     <!-- center       -->  -0.27923015,  2.124424,    0.73137593,
                     <!-- radius       --> 25.863081
                  </VMeshRef>
               </VMeshPart>
            </Level2>
            <Level3>
               <VMeshPart>
                  <VMeshRef type="VMeshRef">
                     <!-- header size  --> 60,
                     <!-- vmesh lib    --> data.ships.utility.mining.mining_debris.lod3-112.vms,
                     <!-- start vert   --> 1332,
                     <!-- num verts    --> 159,
                     <!-- start index  --> 1380,
                     <!-- num indices  --> 159,
                     <!-- start mesh   --> 13,
                     <!-- num meshes   --> 4,
                     <!-- bounding box -->  16.100353,   13.509647,   25.140482,
                                           -16.894489,   -9.1525669, -24.552076,
                     <!-- center       -->  -0.27923015,  2.124424,    0.73137593,
                     <!-- radius       --> 25.863081
                  </VMeshRef>
               </VMeshPart>
            </Level3>
            <Switch2 type="float array" count="5">
               0,
               100,
               1000,
               10000,
               1000000
            </Switch2>
         </MultiLevel>
      </mining_shuttle_lod1020819174958.3db>
      <port_arm1_lod1020819174958.3db>
         <VMeshWire include="mining_debris_cmp\port_arm1_lod1.vwd.xml"/>
         <MultiLevel>
            <Level0>
               <VMeshPart>
                  <VMeshRef type="VMeshRef">
                     <!-- header size  --> 60,
                     <!-- vmesh lib    --> data.ships.utility.mining.mining_debris.lod0-112.vms,
                     <!-- start vert   --> 8732,
                     <!-- num verts    --> 612,
                     <!-- start index  --> 10110,
                     <!-- num indices  --> 624,
                     <!-- start mesh   --> 28,
                     <!-- num meshes   --> 4,
                     <!-- bounding box -->  4.1999116,     8.6132936,   4.0449424,
                                           -4.2328186,   -10.973014,  -24.885876,
                     <!-- center       -->  0.036223475,  -1.4130526, -10.833469,
                     <!-- radius       --> 16.232853
                  </VMeshRef>
               </VMeshPart>
            </Level0>
            <Level1>
               <VMeshPart>
                  <VMeshRef type="VMeshRef">
                     <!-- header size  --> 60,
                     <!-- vmesh lib    --> data.ships.utility.mining.mining_debris.lod1-112.vms,
                     <!-- start vert   --> 4840,
                     <!-- num verts    --> 260,
                     <!-- start index  --> 5715,
                     <!-- num indices  --> 264,
                     <!-- start mesh   --> 29,
                     <!-- num meshes   --> 4,
                     <!-- bounding box -->  4.1999116,     8.6132936,   4.0449424,
                                           -4.2328186,   -10.973014,  -24.885876,
                     <!-- center       -->  0.036223475,  -1.4130526, -10.833469,
                     <!-- radius       --> 16.232853
                  </VMeshRef>
               </VMeshPart>
            </Level1>
            <Level2>
               <VMeshPart>
                  <VMeshRef type="VMeshRef">
                     <!-- header size  --> 60,
                     <!-- vmesh lib    --> data.ships.utility.mining.mining_debris.lod2-112.vms,
                     <!-- start vert   --> 2701,
                     <!-- num verts    --> 132,
                     <!-- start index  --> 3084,
                     <!-- num indices  --> 132,
                     <!-- start mesh   --> 22,
                     <!-- num meshes   --> 3,
                     <!-- bounding box -->  4.1999116,     8.6132936,   4.0449424,
                                           -4.2328186,   -10.973014,  -24.885876,
                     <!-- center       -->  0.036223475,  -1.4130526, -10.833469,
                     <!-- radius       --> 16.232853
                  </VMeshRef>
               </VMeshPart>
            </Level2>
            <Level3>
               <VMeshPart>
                  <VMeshRef type="VMeshRef">
                     <!-- header size  --> 60,
                     <!-- vmesh lib    --> data.ships.utility.mining.mining_debris.lod3-112.vms,
                     <!-- start vert   --> 1491,
                     <!-- num verts    --> 60,
                     <!-- start index  --> 1539,
                     <!-- num indices  --> 60,
                     <!-- start mesh   --> 17,
                     <!-- num meshes   --> 1,
                     <!-- bounding box -->  4.1999116,     8.6132936,   4.0449424,
                                           -4.2328186,   -10.973014,  -24.885876,
                     <!-- center       -->  0.036223475,  -1.4130526, -10.833469,
                     <!-- radius       --> 16.232853
                  </VMeshRef>
               </VMeshPart>
            </Level3>
            <Switch2 type="float array" count="5">
               0,
               100,
               1000,
               10000,
               1000000
            </Switch2>
         </MultiLevel>
      </port_arm1_lod1020819174958.3db>
      <port_frnt_eng_lod1020819174958.3db>
         <Hardpoints>
            <Fixed>
               <HpEngine02>
                  <Orientation type="Matrix">
                       1.0000000000,   0.0000000000,   0.0000000000,
                       0.0000000000,   1.0000000000,   0.0000000000,
                       0.0000000000,   0.0000000000,   1.0000000000
                  </Orientation>
                  <Position type="Vector">-3.1622396, -7.8452454, 16.329823</Position>
               </HpEngine02>
            </Fixed>
         </Hardpoints>
         <VMeshWire include="mining_debris_cmp\port_frnt_eng_lod1.vwd.xml"/>
         <MultiLevel>
            <Level0>
               <VMeshPart>
                  <VMeshRef type="VMeshRef">
                     <!-- header size  --> 60,
                     <!-- vmesh lib    --> data.ships.utility.mining.mining_debris.lod0-112.vms,
                     <!-- start vert   --> 1312,
                     <!-- num verts    --> 618,
                     <!-- start index  --> 1590,
                     <!-- num indices  --> 618,
                     <!-- start mesh   --> 4,
                     <!-- num meshes   --> 5,
                     <!-- bounding box -->   8.7447376,   0.32176369,  17.672678,
                                           -13.057062,  -16.423361,   -13.82148,
                     <!-- center       -->  -2.5210891,  -8.5733395,    0.55501193,
                     <!-- radius       --> 17.927078
                  </VMeshRef>
               </VMeshPart>
            </Level0>
            <Level1>
               <VMeshPart>
                  <VMeshRef type="VMeshRef">
                     <!-- header size  --> 60,
                     <!-- vmesh lib    --> data.ships.utility.mining.mining_debris.lod1-112.vms,
                     <!-- start vert   --> 599,
                     <!-- num verts    --> 266,
                     <!-- start index  --> 690,
                     <!-- num indices  --> 318,
                     <!-- start mesh   --> 5,
                     <!-- num meshes   --> 5,
                     <!-- bounding box -->   8.7447376,   0.32176369,  17.672678,
                                           -13.057062,  -16.423361,   -13.82148,
                     <!-- center       -->  -2.5210891,  -8.5733395,    0.55501193,
                     <!-- radius       --> 17.927078
                  </VMeshRef>
               </VMeshPart>
            </Level1>
            <Level2>
               <VMeshPart>
                  <VMeshRef type="VMeshRef">
                     <!-- header size  --> 60,
                     <!-- vmesh lib    --> data.ships.utility.mining.mining_debris.lod2-112.vms,
                     <!-- start vert   --> 324,
                     <!-- num verts    --> 144,
                     <!-- start index  --> 324,
                     <!-- num indices  --> 186,
                     <!-- start mesh   --> 3,
                     <!-- num meshes   --> 3,
                     <!-- bounding box -->   8.7447376,   0.32176369,  17.672678,
                                           -13.057062,  -16.423361,   -13.82148,
                     <!-- center       -->  -2.5210891,  -8.5733395,    0.55501193,
                     <!-- radius       --> 17.927078
                  </VMeshRef>
               </VMeshPart>
            </Level2>
            <Level3>
               <VMeshPart>
                  <VMeshRef type="VMeshRef">
                     <!-- header size  --> 60,
                     <!-- vmesh lib    --> data.ships.utility.mining.mining_debris.lod3-112.vms,
                     <!-- start vert   --> 144,
                     <!-- num verts    --> 96,
                     <!-- start index  --> 144,
                     <!-- num indices  --> 138,
                     <!-- start mesh   --> 1,
                     <!-- num meshes   --> 3,
                     <!-- bounding box -->   8.7447376,   0.32176369,  17.672678,
                                           -13.057062,  -16.423361,   -13.82148,
                     <!-- center       -->  -2.5210891,  -8.5733395,    0.55501193,
                     <!-- radius       --> 17.927078
                  </VMeshRef>
               </VMeshPart>
            </Level3>
            <Switch2 type="float array" count="5">
               0,
               100,
               1000,
               10000,
               1000000
            </Switch2>
         </MultiLevel>
      </port_frnt_eng_lod1020819174958.3db>
      <star_arm_lod1020819174958.3db>
