<?xml version="1.0" encoding="ISO-8859-1"?>
<!-- XML generated by UTFXML Version 2.2 built 19-Aug-2010 -->
<UTFXML filename="mining.cmp" path="SHIPS\UTILITY\MINING">
   <UTF_ROOT>
      <VMeshLibrary>
         <data.ships.utility.mining.mining.lod0-112.vms include="mining_cmp\lod0-112.vms.xml"/>
         <data.ships.utility.mining.mining.lod1-112.vms include="mining_cmp\lod1-112.vms.xml"/>
         <data.ships.utility.mining.mining.lod2-112.vms include="mining_cmp\lod2-112.vms.xml"/>
      </VMeshLibrary>
      <Animation>
         <Script>
            <Sc_loop>
               <Joint_map_0 name="Joint map 0">
                  <Channel>
                     <Header type="Header">
                        <!-- count    --> 21,
                        <!-- interval --> Explicit,
                        <!-- flags    --> 0x1
                     </Header>
                     <Frames type="Frames" count="21">
                          0.0000000000:   0.0000000000
                          0.4333333700:   0.0436300000
                          0.8333333700:   0.0000000000
                          1.2333333000:   0.0436300000
                          1.6666667000:   0.0000000000
                          2.0666668000:   0.0436300000
                          2.4666667000:   0.0000000000
                          2.9000000000:   0.0436300000
                          3.3000000000:   0.0000000000
                          3.7000000000:   0.0436300000
                          4.1333337000:   0.0000000000
                          4.5333338000:   0.0436300000
                          4.9333334000:   0.0000000000
                          5.3666668000:   0.0436300000
                          5.7666669000:   0.0000000000
                          6.1666670000:   0.0436300000
                          6.6000000000:   0.0000000000
                          7.0000000000:   0.0436300000
                          7.4000000000:   0.0000000000
                          7.8333340000:   0.0436300000
                          8.2333336000:   0.0000000000
                     </Frames>
                  </Channel>
                  <Child_name name="Child name" type="text">star_arm_lod1</Child_name>
                  <Parent_name name="Parent name" type="text">Root</Parent_name>
               </Joint_map_0>
               <Joint_map_1 name="Joint map 1">
                  <Channel>
                     <Header type="Header">
                        <!-- count    --> 6,
                        <!-- interval --> Explicit,
                        <!-- flags    --> 0x1
                     </Header>
                     <Frames type="Frames" count="6">
                          0.0000000000:   0.0000000000
                          1.7000000000:   0.1832500000
                          3.3000000000:   0.3926900000
                          4.9666667000:   0.3463899800
                          6.6000000000:   0.2138000000
                          8.2333336000:  -0.0000000000
                     </Frames>
                  </Channel>
                  <Child_name name="Child name" type="text">star_arm2_lod1</Child_name>
                  <Parent_name name="Parent name" type="text">star_arm_lod1</Parent_name>
               </Joint_map_1>
               <Joint_map_2 name="Joint map 2">
                  <Channel>
                     <Header type="Header">
                        <!-- count    --> 31,
                        <!-- interval --> Explicit,
                        <!-- flags    --> 0x1
                     </Header>
                     <Frames type="Frames" count="31">
                          0.0000000000:   0.0000000000
                          0.4000000000:   0.0872369110
                          0.5666667200:   0.0000000000
                          0.8333333700:   0.0000000000
                          1.2333333000:   0.0872369110
                          1.4000000000:   0.0000000000
                          1.6333334000:   0.0000000000
                          2.0666668000:   0.0872369110
                          2.2333333000:   0.0000000000
                          2.4666667000:   0.0000000000
                          2.9000000000:   0.0872369110
                          3.0333335000:  -0.0000000000
                          3.3000000000:   0.0000000000
                          3.7000000000:   0.0872369110
                          3.8666668000:  -0.0000000000
                          4.1333337000:  -0.0000000000
                          4.5333338000:   0.0872369110
                          4.7000000000:   0.0000000000
                          4.9333334000:   0.0000000000
                          5.3333335000:   0.0872369110
                          5.5000000000:   0.0000000000
                          5.7666669000:   0.0000000000
                          6.1666670000:   0.0872369110
                          6.3333335000:   0.0000000000
                          6.5666671000:   0.0000000000
                          7.0000000000:   0.0872369110
                          7.1666670000:   0.0000000000
                          7.4000000000:   0.0000000000
                          7.8000000000:   0.0872369110
                          7.9666672000:   0.0000000000
                          8.2333336000:   0.0000000000
                     </Frames>
                  </Channel>
                  <Child_name name="Child name" type="text">star_arm3_lod1</Child_name>
                  <Parent_name name="Parent name" type="text">star_arm2_lod1</Parent_name>
               </Joint_map_2>
               <Joint_map_3 name="Joint map 3">
                  <Channel>
                     <Header type="Header">
                        <!-- count    --> 21,
                        <!-- interval --> Explicit,
                        <!-- flags    --> 0x1
                     </Header>
                     <Frames type="Frames" count="21">
                          0.0000000000:   0.0000000000
                          0.4333333700:   0.0436300000
                          0.8333333700:   0.0000000000
                          1.2333333000:   0.0436300000
                          1.6666667000:   0.0000000000
                          2.0666668000:   0.0436300000
                          2.4666667000:   0.0000000000
                          2.9000000000:   0.0436300000
                          3.3000000000:   0.0000000000
                          3.7000000000:   0.0436300000
                          4.1333337000:   0.0000000000
                          4.5333338000:   0.0436300000
                          4.9333334000:   0.0000000000
                          5.3666668000:   0.0436300000
                          5.7666669000:   0.0000000000
                          6.1666670000:   0.0436300000
                          6.6000000000:   0.0000000000
                          7.0000000000:   0.0436300000
                          7.4000000000:   0.0000000000
                          7.8333340000:   0.0436300000
                          8.2333336000:   0.0000000000
                     </Frames>
                  </Channel>
                  <Child_name name="Child name" type="text">port_arm1_lod1</Child_name>
                  <Parent_name name="Parent name" type="text">Root</Parent_name>
               </Joint_map_3>
               <Joint_map_4 name="Joint map 4">
                  <Channel>
                     <Header type="Header">
                        <!-- count    --> 6,
                        <!-- interval --> Explicit,
                        <!-- flags    --> 0x1
                     </Header>
                     <Frames type="Frames" count="6">
                          0.0000000000:   0.0000000000
                          1.7000000000:   0.1789799900
                          3.3000000000:   0.3926900000
                          4.9666667000:   0.3464399900
                          6.6000000000:   0.2181599900
                          8.2333336000:  -0.0000000000
                     </Frames>
                  </Channel>
                  <Child_name name="Child name" type="text">port_arm2_lod1</Child_name>
                  <Parent_name name="Parent name" type="text">port_arm1_lod1</Parent_name>
               </Joint_map_4>
               <Joint_map_5 name="Joint map 5">
                  <Channel>
                     <Header type="Header">
                        <!-- count    --> 31,
                        <!-- interval --> Explicit,
                        <!-- flags    --> 0x4
                     </Header>
                     <Frames type="Frames" count="31">
                          0.0000000000:   1.0000000000,   0.0000000000,   0.0000000000,   0.0000000000
                          0.4333333700:   0.9990483500,   0.0000000000,   0.0436161610,   0.0000000000
                          0.5666667200:   1.0000000000,   0.0000000000,   0.0000000000,   0.0000000000
                          0.8333333700:   1.0000000000,   0.0000000000,   0.0000000000,   0.0000000000
                          1.2333333000:   0.9990483500,   0.0000000000,   0.0436161610,   0.0000000000
                          1.4000000000:   1.0000000000,   0.0000000000,   0.0000000000,   0.0000000000
                          1.6666667000:   1.0000000000,   0.0000000000,   0.0000000000,   0.0000000000
                          2.0666668000:   0.9990483500,   0.0000000000,   0.0436161610,   0.0000000000
                          2.2333333000:   1.0000000000,   0.0000000000,   0.0000000000,   0.0000000000
                          2.4666667000:   1.0000000000,   0.0000000000,   0.0000000000,   0.0000000000
                          2.9000000000:   0.9990483500,   0.0000000000,   0.0436161610,   0.0000000000
                          3.0333335000:   1.0000000000,   0.0000000000,   0.0000000000,   0.0000000000
                          3.3000000000:   1.0000000000,   0.0000000000,   0.0000000000,   0.0000000000
                          3.7000000000:   0.9990483500,   0.0000000000,   0.0436161610,   0.0000000000
                          3.8666668000:   1.0000000000,   0.0000000000,   0.0000000000,   0.0000000000
                          4.1333337000:   1.0000000000,   0.0000000000,   0.0000000000,   0.0000000000
                          4.5333338000:   0.9990483500,   0.0000000000,   0.0436161610,   0.0000000000
                          4.7000000000:   1.0000000000,   0.0000000000,   0.0000000000,   0.0000000000
                          4.9333334000:   1.0000000000,   0.0000000000,   0.0000000000,   0.0000000000
                          5.3666668000:   0.9990483500,   0.0000000000,   0.0436161610,   0.0000000000
                          5.5000000000:   1.0000000000,   0.0000000000,   0.0000000000,   0.0000000000
                          5.7666669000:   1.0000000000,   0.0000000000,   0.0000000000,   0.0000000000
                          6.1666670000:   0.9990483500,   0.0000000000,   0.0436161610,   0.0000000000
                          6.3333335000:   1.0000000000,   0.0000000000,   0.0000000000,   0.0000000000
                          6.6000000000:   1.0000000000,   0.0000000000,   0.0000000000,   0.0000000000
                          7.0000000000:   0.9990483500,   0.0000000000,   0.0436161610,   0.0000000000
                          7.1666670000:   1.0000000000,   0.0000000000,   0.0000000000,   0.0000000000
                          7.4000000000:   1.0000000000,   0.0000000000,   0.0000000000,   0.0000000000
                          7.8333340000:   0.9990483500,   0.0000000000,   0.0436161610,   0.0000000000
                          7.9666672000:   1.0000000000,   0.0000000000,   0.0000000000,   0.0000000000
                          8.2333336000:   1.0000000000,   0.0000000000,   0.0000000000,   0.0000000000
                     </Frames>
                  </Channel>
                  <Child_name name="Child name" type="text">port_arm3_lod1</Child_name>
                  <Parent_name name="Parent name" type="text">port_arm2_lod1</Parent_name>
               </Joint_map_5>
            </Sc_loop>
         </Script>
      </Animation>
      <Cmpnd>
         <Cons>
            <Fix type="Fix" count="9">
               <part>
                  <!-- parent      --> "Root",
                  <!-- child       --> "mining_rear_lod1",
                  <!-- position    --> 24.49661e-6, -6.3536358, 64.531227,
                  <!-- orientation -->   1.0000000000,   0.0000000000,   0.0000000000,
                                         0.0000000000,   1.0000000000,   0.0000000000,
                                         0.0000000000,   0.0000000000,   1.0000000000
               </part>
               <part>
                  <!-- parent      --> "mining_rear_lod1",
                  <!-- child       --> "port_rear_eng_lod1",
                  <!-- position    --> 0.15427737, -11.466804, -102.99623,
                  <!-- orientation -->   1.0000000000,   0.0000000000,   0.0000000000,
                                         0.0000000000,   1.0000000000,   0.0000000000,
                                         0.0000000000,   0.0000000000,   1.0000000000
               </part>
               <part>
                  <!-- parent      --> "mining_rear_lod1",
                  <!-- child       --> "star_rear_eng_lod1",
                  <!-- position    --> 0.15427737, -11.466804, -102.99623,
                  <!-- orientation -->   1.0000000000,   0.0000000000,   0.0000000000,
                                         0.0000000000,   1.0000000000,   0.0000000000,
                                         0.0000000000,   0.0000000000,   1.0000000000
               </part>
               <part>
                  <!-- parent      --> "Root",
                  <!-- child       --> "port_reactr_lod1",
                  <!-- position    --> -48.841942, -6.2722702, 20.028358,
                  <!-- orientation -->   1.0000000000,   0.0000000000,   0.0000000000,
                                         0.0000000000,   1.0000000000,   0.0000000000,
                                         0.0000000000,   0.0000000000,   1.0000000000
               </part>
               <part>
                  <!-- parent      --> "Root",
                  <!-- child       --> "star_reactr_lod1",
                  <!-- position    --> 48.841969, -6.2722702, 20.028336,
                  <!-- orientation -->   1.0000000000,   0.0000000000,   0.0000000000,
                                         0.0000000000,   1.0000000000,   0.0000000000,
                                         0.0000000000,   0.0000000000,   1.0000000000
               </part>
               <part>
                  <!-- parent      --> "Root",
                  <!-- child       --> "port_frnt_eng_lod1",
                  <!-- position    --> -35.937878, -29.561892, -40.688267,
                  <!-- orientation -->   1.0000000000,   0.0000000000,   0.0000000000,
                                         0.0000000000,   1.0000000000,   0.0000000000,
                                         0.0000000000,   0.0000000000,   1.0000000000
               </part>
               <part>
                  <!-- parent      --> "Root",
                  <!-- child       --> "star_frnt_eng_lod1",
                  <!-- position    --> 35.93755, -29.561892, -40.688282,
                  <!-- orientation -->   1.0000000000,   0.0000000000,   0.0000000000,
                                         0.0000000000,   1.0000000000,   0.0000000000,
                                         0.0000000000,   0.0000000000,   1.0000000000
               </part>
               <part>
                  <!-- parent      --> "Root",
                  <!-- child       --> "mining_shuttle_lod1",
                  <!-- position    --> -9.5752075e-6, -20.365345, -83.438835,
                  <!-- orientation -->   1.0000000000,   0.0000000000,   0.0000000000,
                                         0.0000000000,   1.0000000000,   0.0000000000,
                                         0.0000000000,   0.0000000000,   1.0000000000
               </part>
               <part>
                  <!-- parent      --> "mining_shuttle_lod1",
                  <!-- child       --> "cntrl_twr_lod1",
                  <!-- position    --> 0.0017837423, 10.954002, 11.219055,
                  <!-- orientation -->   1.0000000000,   0.0000000000,   0.0000000000,
                                         0.0000000000,   1.0000000000,   0.0000000000,
                                         0.0000000000,   0.0000000000,   1.0000000000
               </part>
            </Fix>
            <Rev type="Rev" count="5">
               <part>
                  <!-- parent      --> "Root",
                  <!-- child       --> "star_arm_lod1",
                  <!-- position    --> 27.235977, -29.389332, -54.0616,
                  <!-- offset      --> 0, 0, 0,
                  <!-- orientation -->   0.9990482300,  54.873134e-09,  -0.0436192600,
                                       -47.554437e-09,   1.0000000000,  168.82356e-09,
                                         0.0436192600, -166.58859e-09,   0.9990482300,
                  <!-- axis        --> -950.90263e-09,   1.0000000000, -856.22952e-09,
                  <!-- min, max    --> 0, 0.04363
               </part>
               <part>
                  <!-- parent      --> "star_arm_lod1",
                  <!-- child       --> "star_arm2_lod1",
                  <!-- position    --> 4.1889334, -8.4208813, -22.081308,
                  <!-- offset      --> 0, 0, 0,
                  <!-- orientation -->   0.9996573300,  -0.0018260935,  -0.0261133460,
                                        57.263350e-09,   0.9975640200,  -0.0697569700,
                                         0.0261771180,   0.0697330680,   0.9972221900,
                  <!-- axis        -->  -0.9996611500,  583.34655e-09,  -0.0260311500,
                  <!-- min, max    --> 0, 0.39269
               </part>
               <part>
                  <!-- parent      --> "star_arm2_lod1",
                  <!-- child       --> "star_arm3_lod1",
                  <!-- position    --> -3.9672019, -1.4608232, -41.868107,
                  <!-- offset      --> 0, 0, 0,
                  <!-- orientation -->  -0.9996312900,  -0.0072984002,   0.0261539670,
                                         0.0075315572,  -0.9999326500,   0.0088273874,
                                         0.0260877810,   0.0090211127,   0.9996189500,
                  <!-- axis        -->  -0.0302983650,  -0.9995002200,   0.0090181846,
                  <!-- min, max    --> 0, 0.08726
               </part>
               <part>
                  <!-- parent      --> "Root",
                  <!-- child       --> "port_arm1_lod1",
                  <!-- position    --> -27.235998, -29.389332, -54.061596,
                  <!-- offset      --> 0, 0, 0,
                  <!-- orientation -->   0.9990482300,  26.827161e-09,   0.0436197110,
                                       -26.916066e-09,   1.0000000000,  1.4508700e-09,
                                        -0.0436197110, -2.6235600e-09,   0.9990482300,
                  <!-- axis        --> -13.613648e-09,  -1.0000000000, -364.64849e-09,
                  <!-- min, max    --> 0, 0.04363
               </part>
               <part>
                  <!-- parent      --> "port_arm1_lod1",
                  <!-- child       --> "port_arm2_lod1",
                  <!-- position    --> 5.8719721, -8.420887, -22.343418,
                  <!-- offset      --> 0, 0, 0,
                  <!-- orientation -->   1.0000000000,  59.919920e-09,  32.318741e-09,
                                       -57.519504e-09,   0.9975640200,  -0.0697567690,
                                       -36.419834e-09,   0.0697567690,   0.9975640200,
                  <!-- axis        -->  -1.0000000000,  432.69381e-09,  766.71910e-09,
                  <!-- min, max    --> 0, 0.39269
               </part>
            </Rev>
            <Sphere type="Sphere" count="1">
               <part>
                  <!-- parent      --> "port_arm2_lod1",
                  <!-- child       --> "port_arm3_lod1",
                  <!-- position    --> -7.5815148, -2.7088056, -41.624901,
                  <!-- offset      --> 0, 0, 0,
                  <!-- orientation -->   1.0000000000, -9.9721538e-09,  150.66770e-09,
                                        9.9721484e-09,   1.0000000000,  32.515103e-09,
                                       -150.66770e-09, -32.515103e-09,   1.0000000000,
                  <!-- min, max    --> -6.2831855, 6.2831855,
                                       -6.2831855, 6.2831855,
                                       -6.2831855, 6.2831855
               </part>
            </Sphere>
         </Cons>
         <Part_cntrl_twr_lod1>
            <File_name name="File name" type="text">cntrl_twr_lod1021110162601.3db</File_name>
            <Index type="int">15</Index>
            <Object_name name="Object name" type="text">cntrl_twr_lod1</Object_name>
         </Part_cntrl_twr_lod1>
         <Part_mining_rear_lod1>
            <File_name name="File name" type="text">mining_rear_lod1021110162601.3db</File_name>
            <Index type="int">1</Index>
            <Object_name name="Object name" type="text">mining_rear_lod1</Object_name>
         </Part_mining_rear_lod1>
         <Part_mining_shuttle_lod1>
            <File_name name="File name" type="text">mining_shuttle_lod1021110162601.3db</File_name>
            <Index type="int">14</Index>
            <Object_name name="Object name" type="text">mining_shuttle_lod1</Object_name>
         </Part_mining_shuttle_lod1>
         <Part_port_arm1_lod1>
            <File_name name="File name" type="text">port_arm1_lod1021110162601.3db</File_name>
            <Index type="int">7</Index>
            <Object_name name="Object name" type="text">port_arm1_lod1</Object_name>
         </Part_port_arm1_lod1>
         <Part_port_arm2_lod1>
            <File_name name="File name" type="text">port_arm2_lod1021110162601.3db</File_name>
            <Index type="int">8</Index>
            <Object_name name="Object name" type="text">port_arm2_lod1</Object_name>
         </Part_port_arm2_lod1>
         <Part_port_arm3_lod1>
            <File_name name="File name" type="text">port_arm3_lod1021110162601.3db</File_name>
            <Index type="int">9</Index>
            <Object_name name="Object name" type="text">port_arm3_lod1</Object_name>
         </Part_port_arm3_lod1>
         <Part_port_frnt_eng_lod1>
            <File_name name="File name" type="text">port_frnt_eng_lod1021110162601.3db</File_name>
            <Index type="int">12</Index>
            <Object_name name="Object name" type="text">port_frnt_eng_lod1</Object_name>
         </Part_port_frnt_eng_lod1>
         <Part_port_reactr_lod1>
            <File_name name="File name" type="text">port_reactr_lod1021110162601.3db</File_name>
            <Index type="int">10</Index>
            <Object_name name="Object name" type="text">port_reactr_lod1</Object_name>
         </Part_port_reactr_lod1>
         <Part_port_rear_eng_lod1>
            <File_name name="File name" type="text">port_rear_eng_lod1021110162601.3db</File_name>
            <Index type="int">2</Index>
            <Object_name name="Object name" type="text">port_rear_eng_lod1</Object_name>
         </Part_port_rear_eng_lod1>
         <Part_star_arm2_lod1>
            <File_name name="File name" type="text">star_arm2_lod1021110162601.3db</File_name>
            <Index type="int">5</Index>
            <Object_name name="Object name" type="text">star_arm2_lod1</Object_name>
         </Part_star_arm2_lod1>
         <Part_star_arm3_lod1>
            <File_name name="File name" type="text">star_arm3_lod1021110162601.3db</File_name>
            <Index type="int">6</Index>
            <Object_name name="Object name" type="text">star_arm3_lod1</Object_name>
         </Part_star_arm3_lod1>
         <Part_star_arm_lod1>
            <File_name name="File name" type="text">star_arm_lod1021110162601.3db</File_name>
            <Index type="int">4</Index>
            <Object_name name="Object name" type="text">star_arm_lod1</Object_name>
         </Part_star_arm_lod1>
         <Part_star_frnt_eng_lod1>
            <File_name name="File name" type="text">star_frnt_eng_lod1021110162601.3db</File_name>
            <Index type="int">13</Index>
            <Object_name name="Object name" type="text">star_frnt_eng_lod1</Object_name>
         </Part_star_frnt_eng_lod1>
         <Part_star_reactr_lod1>
            <File_name name="File name" type="text">star_reactr_lod1021110162601.3db</File_name>
            <Index type="int">11</Index>
            <Object_name name="Object name" type="text">star_reactr_lod1</Object_name>
         </Part_star_reactr_lod1>
         <Part_star_rear_eng_lod1>
            <File_name name="File name" type="text">star_rear_eng_lod1021110162601.3db</File_name>
            <Index type="int">3</Index>
            <Object_name name="Object name" type="text">star_rear_eng_lod1</Object_name>
         </Part_star_rear_eng_lod1>
         <Root>
            <File_name name="File name" type="text">mining_ship_lod1021110162601.3db</File_name>
            <Index type="int">0</Index>
            <Object_name name="Object name" type="text">Root</Object_name>
         </Root>
      </Cmpnd>
      <cntrl_twr_lod1021110162601.3db>
         <VMeshWire include="mining_cmp\cntrl_twr_lod1.vwd.xml"/>
         <MultiLevel>
            <Level0>
               <VMeshPart>
                  <VMeshRef type="VMeshRef">
                     <!-- header size  --> 60,
                     <!-- vmesh lib    --> data.ships.utility.mining.mining.lod0-112.vms,
                     <!-- start vert   --> 2536,
                     <!-- num verts    --> 132,
                     <!-- start index  --> 2598,
                     <!-- num indices  --> 132,
                     <!-- start mesh   --> 30,
                     <!-- num meshes   --> 3,
                     <!-- bounding box -->  9.0210667,   1.8983388,    8.0844326,
                                           -9.0210686,  -1.8983389,   -8.0844374,
                     <!-- center       --> -0.45991376,  0.031395789, -0.079857618,
                     <!-- radius       --> 12.655004
                  </VMeshRef>
               </VMeshPart>
            </Level0>
            <Level1>
               <VMeshPart>
                  <VMeshRef type="VMeshRef">
                     <!-- header size  --> 60,
                     <!-- vmesh lib    --> data.ships.utility.mining.mining.lod1-112.vms,
                     <!-- start vert   --> 1240,
                     <!-- num verts    --> 30,
                     <!-- start index  --> 1284,
                     <!-- num indices  --> 30,
                     <!-- start mesh   --> 26,
                     <!-- num meshes   --> 2,
                     <!-- bounding box -->  9.0210667,   1.8983388,    8.0844326,
                                           -9.0210686,  -1.8983389,   -8.0844374,
                     <!-- center       --> -0.45991376,  0.031395789, -0.079857618,
                     <!-- radius       --> 12.655004
                  </VMeshRef>
               </VMeshPart>
            </Level1>
            <Level2>
               <VMeshPart>
                  <VMeshRef type="VMeshRef">
                     <!-- header size  --> 60,
                     <!-- vmesh lib    --> data.ships.utility.mining.mining.lod2-112.vms,
                     <!-- start vert   --> 555,
                     <!-- num verts    --> 30,
                     <!-- start index  --> 597,
                     <!-- num indices  --> 30,
                     <!-- start mesh   --> 13,
                     <!-- num meshes   --> 2,
                     <!-- bounding box -->  9.0210667,   1.8983388,    8.0844326,
                                           -9.0210686,  -1.8983389,   -8.0844374,
                     <!-- center       --> -0.45991376,  0.031395789, -0.079857618,
                     <!-- radius       --> 12.655004
                  </VMeshRef>
               </VMeshPart>
            </Level2>
            <Switch2 type="float array" count="4">
               0,
               100,
               1000,
               1000000
            </Switch2>
         </MultiLevel>
      </cntrl_twr_lod1021110162601.3db>
      <Exporter_Version name="Exporter Version" type="text">Nov  5 2002 11:41:55</Exporter_Version>
      <mining_rear_lod1021110162601.3db>
         <Hardpoints>
            <Fixed>
               <HpBayDoor01>
                  <Orientation type="Matrix">
                       1.0000000000,   0.0000000000,   0.0000000000,
                       0.0000000000,   1.0000000000,   0.0000000000,
                       0.0000000000,   0.0000000000,   1.0000000000
                  </Orientation>
                  <Position type="Vector">0.15429699, -13, 30.560074</Position>
               </HpBayDoor01>
               <HpBayDoor02>
                  <Orientation type="Matrix">
                       1.0000000000,   0.0000000000,   0.0000000000,
                       0.0000000000,   1.0000000000,   0.0000000000,
                       0.0000000000,   0.0000000000,   1.0000000000
                  </Orientation>
                  <Position type="Vector">0.15429901, -13, 45.960175</Position>
               </HpBayDoor02>
               <HpExhaust09>
                  <Orientation type="Matrix">
                       1.0000000000,  -0.0000000000,  238.41858e-09,
                       0.0000000000,   1.0000000000,   0.0000000000,
                     -238.41858e-09,   0.0000000000,   1.0000000000
                  </Orientation>
                  <Position type="Vector">18.366938, -25.540611, -0.8457914</Position>
               </HpExhaust09>
               <HpExhaust10>
                  <Orientation type="Matrix">
                       1.0000000000,  -0.0000000000,  238.41858e-09,
                       0.0000000000,   1.0000000000,   0.0000000000,
                     -238.41858e-09,   0.0000000000,   1.0000000000
                  </Orientation>
                  <Position type="Vector">-18.343227, -25.540615, -0.84578264</Position>
               </HpExhaust10>
               <HpRunningLight05>
                  <Orientation type="Matrix">
                      -0.9998475900,   0.0174497980, -304.58829e-06,
                       0.0174524580,   0.9996954200,  -0.0174497980,
                       0.0000000000,  -0.0174524580,  -0.9998475900
                  </Orientation>
                  <Position type="Vector">26.786583, 19.40321, 37.167496</Position>
               </HpRunningLight05>
               <HpRunningLight06>
                  <Orientation type="Matrix">
                      -0.9998475900,   0.0174497980, -304.58829e-06,
                       0.0174524580,   0.9996954200,  -0.0174497980,
                       0.0000000000,  -0.0174524580,  -0.9998475900
                  </Orientation>
                  <Position type="Vector">-26.798845, 19.395075, 37.179798</Position>
               </HpRunningLight06>
            </Fixed>
            <Revolute>
               <HpTurret_U2_03>
                  <Axis type="Vector">0, 1, 0</Axis>
                  <Max type="float">1.5707799</Max>
                  <Min type="float">-1.5707999</Min>
                  <Orientation type="Matrix">
                      -1.0000000000, -8.1916696e-09, -89.406981e-09,
                     -8.1916722e-09,   1.0000000000,  29.802321e-09,
                      89.406981e-09,  29.802321e-09,  -1.0000000000
                  </Orientation>
                  <Position type="Vector">876.99632e-6, 19.402668, 28.330521</Position>
               </HpTurret_U2_03>
               <HpTurret_U2_04>
                  <Axis type="Vector">0, 1, 0</Axis>
                  <Max type="float">0.87264997</Max>
                  <Min type="float">-0.87266999</Min>
                  <Orientation type="Matrix">
                       1.0000000000,  175.33070e-09, -87.059519e-09,
                      175.33070e-09,  -1.0000000000, -3.8764520e-09,
                     -87.059519e-09,  3.8764369e-09,  -1.0000000000
                  </Orientation>
                  <Position type="Vector">876.99632e-6, 2.542407, 28.330521</Position>
               </HpTurret_U2_04>
            </Revolute>
         </Hardpoints>
         <VMeshWire include="mining_cmp\mining_rear_lod1.vwd.xml"/>
         <MultiLevel>
            <Level0>
               <VMeshPart>
                  <VMeshRef type="VMeshRef">
                     <!-- header size  --> 60,
                     <!-- vmesh lib    --> data.ships.utility.mining.mining.lod0-112.vms,
                     <!-- start vert   --> 5554,
                     <!-- num verts    --> 639,
                     <!-- start index  --> 6423,
                     <!-- num indices  --> 1086,
                     <!-- start mesh   --> 59,
                     <!-- num meshes   --> 9,
                     <!-- bounding box -->  45.293148,   26.709351,      37.188763,
                                           -45.293156,  -26.709349,     -37.188759,
                     <!-- center       -->  -1.1992618,   0.0011848651,   5.1476126,
                     <!-- radius       --> 54.57856
                  </VMeshRef>
               </VMeshPart>
            </Level0>
            <Level1>
               <VMeshPart>
                  <VMeshRef type="VMeshRef">
                     <!-- header size  --> 60,
                     <!-- vmesh lib    --> data.ships.utility.mining.mining.lod1-112.vms,
                     <!-- start vert   --> 2848,
                     <!-- num verts    --> 488,
                     <!-- start index  --> 3240,
                     <!-- num indices  --> 546,
                     <!-- start mesh   --> 47,
                     <!-- num meshes   --> 6,
                     <!-- bounding box -->  45.293148,   26.709351,      37.188763,
                                           -45.293156,  -26.709349,     -37.188759,
                     <!-- center       -->  -1.1992618,   0.0011848651,   5.1476126,
                     <!-- radius       --> 54.57856
                  </VMeshRef>
               </VMeshPart>
            </Level1>
            <Level2>
               <VMeshPart>
                  <VMeshRef type="VMeshRef">
                     <!-- header size  --> 60,
                     <!-- vmesh lib    --> data.ships.utility.mining.mining.lod2-112.vms,
                     <!-- start vert   --> 1318,
                     <!-- num verts    --> 342,
                     <!-- start index  --> 1362,
                     <!-- num indices  --> 342,
                     <!-- start mesh   --> 23,
                     <!-- num meshes   --> 2,
                     <!-- bounding box -->  45.293148,   26.709351,      37.188763,
                                           -45.293156,  -26.709349,     -37.188759,
                     <!-- center       -->  -1.1992618,   0.0011848651,   5.1476126,
                     <!-- radius       --> 54.57856
                  </VMeshRef>
               </VMeshPart>
            </Level2>
            <Switch2 type="float array" count="4">
               0,
               100,
               1000,
               1000000
            </Switch2>
         </MultiLevel>
      </mining_rear_lod1021110162601.3db>
      <mining_ship_lod1021110162601.3db>
         <Hardpoints>
            <Fixed>
               <HpBlow01>
                  <Orientation type="Matrix">
                       1.0000000000, -238.41861e-09, -43.711378e-09,
                      43.711420e-09,  178.81393e-09,   1.0000000000,
                     -238.41861e-09,  -1.0000000000,  178.81395e-09
                  </Orientation>
                  <Position type="Vector">0.24331017, -29.985897, -128.1071</Position>
               </HpBlow01>
               <HpBlow02>
                  <Orientation type="Matrix">
                       1.0000000000, -238.41861e-09, -43.711378e-09,
                      43.711420e-09,  178.81393e-09,   1.0000000000,
                     -238.41861e-09,  -1.0000000000,  178.81395e-09
                  </Orientation>
                  <Position type="Vector">0.24331076, -43.782917, -128.1071</Position>
               </HpBlow02>
               <HpDockMountA>
                  <Orientation type="Matrix">
                       1.0000000000,  10.350399e-15,  14.210855e-15,
                     -10.350399e-15,   1.0000000000, -6.0033525e-09,
                     -14.210855e-15,  6.0033525e-09,   1.0000000000
                  </Orientation>
                  <Position type="Vector">0.15432762, 0.57853699, 115.85271</Position>
               </HpDockMountA>
               <HpDockMountB>
                  <Orientation type="Matrix">
                       1.0000000000,  12.165534e-15,  28.421709e-15,
                     -12.165534e-15,   1.0000000000, -11.766371e-09,
                     -28.421709e-15,  11.766371e-09,   1.0000000000
                  </Orientation>
                  <Position type="Vector">0.1543328, 130.88495, 115.85271</Position>
               </HpDockMountB>
               <HpDockPointA01>
                  <Orientation type="Matrix">
                       1.0000000000,  12.165534e-15,  28.421709e-15,
                     -12.165534e-15,   1.0000000000, -11.766371e-09,
                     -28.421709e-15,  11.766371e-09,   1.0000000000
                  </Orientation>
                  <Position type="Vector">0.15433291, 0.57856178, 416.88748</Position>
               </HpDockPointA01>
               <HpDockPointA02>
                  <Orientation type="Matrix">
                       1.0000000000,  12.165534e-15,  28.421709e-15,
                     -12.165534e-15,   1.0000000000, -11.766371e-09,
                     -28.421709e-15,  11.766371e-09,   1.0000000000
                  </Orientation>
                  <Position type="Vector">0.15433384, 0.5785656, 469.37796</Position>
               </HpDockPointA02>
               <HpDockPointB01>
                  <Orientation type="Matrix">
                       1.0000000000,  12.165534e-15,  28.421709e-15,
                     -12.165534e-15,   1.0000000000, -11.766371e-09,
                     -28.421709e-15,  11.766371e-09,   1.0000000000
                  </Orientation>
                  <Position type="Vector">0.15433815, 130.88498, 419.5275</Position>
               </HpDockPointB01>
               <HpDockPointB02>
                  <Orientation type="Matrix">
                       1.0000000000,  12.165534e-15,  28.421709e-15,
                     -12.165534e-15,   1.0000000000, -11.766371e-09,
                     -28.421709e-15,  11.766371e-09,   1.0000000000
                  </Orientation>
                  <Position type="Vector">0.15433908, 130.88498, 472.29691</Position>
               </HpDockPointB02>
               <HpMount>
                  <Orientation type="Matrix">
                       1.0000000000,   0.0000000000,   0.0000000000,
                       0.0000000000,   1.0000000000,   0.0000000000,
                       0.0000000000,   0.0000000000,   1.0000000000
                  </Orientation>
                  <Position type="Vector">0.24330699, -60.410622, -41.130203</Position>
               </HpMount>
               <HpRunningLight09>
                  <Orientation type="Matrix">
                       1.0000000000,   0.0000000000,   0.0000000000,
                       0.0000000000,   1.0000000000,   0.0000000000,
                       0.0000000000,   0.0000000000,   1.0000000000
                  </Orientation>
