<?xml version="1.0" encoding="ISO-8859-1"?>
<!-- XML generated by UTFXML Version 2.2 built 19-Aug-2010 -->
<UTFXML filename="drone.cmp" path="SHIPS\new\other\drone">
   <UTF_ROOT>
      <VMeshLibrary>
         <ai_shf1_root.lod0.vms include="drone_cmp\lod0.vms.xml"/>
      </VMeshLibrary>
      <Cmpnd>
         <Cons>
            <Fix type="Fix" count="2">
               <part>
                  <!-- parent      --> "Root",
                  <!-- child       --> "ai_shf1_nose_lod1",
                  <!-- position    --> 0, 0, 0,
                  <!-- orientation -->   1.0000000000,   0.0000000000,   0.0000000000,
                                         0.0000000000,   1.0000000000,   0.0000000000,
                                         0.0000000000,   0.0000000000,   1.0000000000
               </part>
               <part>
                  <!-- parent      --> "Root",
                  <!-- child       --> "ai_shf1_aft_lod1",
                  <!-- position    --> 0, 0, 0,
                  <!-- orientation -->   1.0000000000,   0.0000000000,   0.0000000000,
                                         0.0000000000,   1.0000000000,   0.0000000000,
                                         0.0000000000,   0.0000000000,   1.0000000000
               </part>
            </Fix>
         </Cons>
         <Root>
            <File_name name="File name" type="text">ai_shf1_root_lod1.3db</File_name>
            <Index type="int">0</Index>
            <Object_name name="Object name" type="text">Root</Object_name>
         </Root>
         <Part_ai_shf1_nose_lod1>
            <File_name name="File name" type="text">ai_shf1_nose_lod1.3db</File_name>
            <Index type="int">1</Index>
            <Object_name name="Object name" type="text">ai_shf1_nose_lod1</Object_name>
         </Part_ai_shf1_nose_lod1>
         <Part_ai_shf1_aft_lod1>
            <File_name name="File name" type="text">ai_shf1_aft_lod1.3db</File_name>
            <Index type="int">2</Index>
            <Object_name name="Object name" type="text">ai_shf1_aft_lod1</Object_name>
         </Part_ai_shf1_aft_lod1>
      </Cmpnd>
      <ai_shf1_root_lod1.3db>
         <Hardpoints>
            <Fixed>
               <HpBayDoor02>
                  <Orientation type="Matrix">
                       1.0000000000,   0.0000000000,   0.0000000000,
                       0.0000000000,   1.0000000000,   0.0000000000,
                       0.0000000000,   0.0000000000,   1.0000000000
                  </Orientation>
                  <Position type="Vector">-0, 6, -0</Position>
               </HpBayDoor02>
               <HpBayDoor01>
                  <Orientation type="Matrix">
                       1.0000000000,   0.0000000000,   0.0000000000,
                       0.0000000000,   1.0000000000,   0.0000000000,
                       0.0000000000,   0.0000000000,   1.0000000000
                  </Orientation>
                  <Position type="Vector">0, 5, -0</Position>
               </HpBayDoor01>
               <HpRunningLight30>
                  <Orientation type="Matrix">
                      -1.0000000000,  -0.0000000000,  87.427907e-09,
                       0.0000000000,   1.0000000000,   0.0000000000,
                     -87.427907e-09,   0.0000000000,  -1.0000000000
                  </Orientation>
                  <Position type="Vector">0, 0.1, 17.342073</Position>
               </HpRunningLight30>
               <HpMount>
                  <Orientation type="Matrix">
                       1.0000000000,   0.0000000000,   0.0000000000,
                       0.0000000000,   1.0000000000,   0.0000000000,
                       0.0000000000,   0.0000000000,   1.0000000000
                  </Orientation>
                  <Position type="Vector">-0, -3, -0.70382398</Position>
               </HpMount>
               <HpRunningLight25>
                  <Orientation type="Matrix">
                       0.8660254500,  14.901161e-09,   0.4999997900,
                       0.4999997600, -119.20929e-09,  -0.8660249700,
                      268.22090e-09,   0.9999995200,   0.0000000000
                  </Orientation>
                  <Position type="Vector">-0.216346, 0.51087701, 5.6718459</Position>
               </HpRunningLight25>
               <HpRunningLight24>
                  <Orientation type="Matrix">
                       0.8660254500,  14.901161e-09,   0.4999997900,
                       0.4999997600, -119.20929e-09,  -0.8660249700,
                      268.22090e-09,   0.9999995200,   0.0000000000
                  </Orientation>
                  <Position type="Vector">-0.21702699, 0.54442298, 5.0170932</Position>
               </HpRunningLight24>
               <HpRunningLight22>
                  <Orientation type="Matrix">
                       0.8660254500, -14.901161e-09,   0.4999997900,
                      -0.4999997600, -119.20929e-09,   0.8660249700,
                      268.22090e-09,  -0.9999995200,   0.0000000000
                  </Orientation>
                  <Position type="Vector">-0.203301, -0.392378, 4.1967239</Position>
               </HpRunningLight22>
               <HpRunningLight21>
                  <Orientation type="Matrix">
                       0.8660254500, -14.901161e-09,   0.4999997900,
                      -0.4999997600, -119.20929e-09,   0.8660249700,
                      268.22090e-09,  -0.9999995200,   0.0000000000
                  </Orientation>
                  <Position type="Vector">-0.2033, -0.206578, 4.8370152</Position>
               </HpRunningLight21>
               <HpRunningLight20>
                  <Orientation type="Matrix">
                       0.8660254500, -14.901161e-09,   0.4999997900,
                      -0.4999997600, -119.20929e-09,   0.8660249700,
                      268.22090e-09,  -0.9999995200,   0.0000000000
                  </Orientation>
                  <Position type="Vector">-0.185826, -0.308853, 5.6407189</Position>
               </HpRunningLight20>
               <HpRunningLight01>
                  <Orientation type="Matrix">
                       0.8660254500,  14.901161e-09,   0.4999997900,
                       0.4999997600, -119.20929e-09,  -0.8660249700,
                      268.22090e-09,   0.9999995200,   0.0000000000
                  </Orientation>
                  <Position type="Vector">-0.30603501, 0.99045098, 8.0214767</Position>
               </HpRunningLight01>
               <HpRunningLight02>
                  <Orientation type="Matrix">
                       0.8660254500,  14.901161e-09,   0.4999997900,
                       0.4999997600, -119.20929e-09,  -0.8660249700,
                      268.22090e-09,   0.9999995200,   0.0000000000
                  </Orientation>
                  <Position type="Vector">-0.618285, 0.82802498, 8.0347576</Position>
               </HpRunningLight02>
               <HpRunningLight03>
                  <Orientation type="Matrix">
                       0.7071068900,  59.604645e-09,   0.7071064700,
                       0.7071064700, -119.20929e-09,  -0.7071064700,
                      357.62787e-09,   0.9999995200,  59.604645e-09
                  </Orientation>
                  <Position type="Vector">-0.85783899, 0.60734701, 8.0353088</Position>
               </HpRunningLight03>
               <HpRunningLight04>
                  <Orientation type="Matrix">
                      238.41858e-09,  29.802322e-09,   0.9999992800,
                       0.9999992800,  238.41858e-09,  506.63948e-09,
                      506.63948e-09,   0.9999992800,  715.25574e-09
                  </Orientation>
                  <Position type="Vector">-1.014938, 0.25685799, 8.0317402</Position>
               </HpRunningLight04>
               <HpRunningLight05>
                  <Orientation type="Matrix">
                      238.41858e-09,  29.802322e-09,   0.9999992800,
                       0.9999992800,  238.41858e-09,  506.63948e-09,
                      506.63948e-09,   0.9999992800,  715.25574e-09
                  </Orientation>
                  <Position type="Vector">-0.98029298, -0.093631998, 8.0374193</Position>
               </HpRunningLight05>
               <HpRunningLight06>
                  <Orientation type="Matrix">
                      -0.5735757400,  29.802322e-09,   0.8191517000,
                       0.8191517600, -119.20929e-09,   0.5735761500,
                      417.23251e-09,   0.9999995800,  655.65109e-09
                  </Orientation>
                  <Position type="Vector">-0.82074797, -0.379215, 8.044755</Position>
               </HpRunningLight06>
               <HpRunningLight07>
                  <Orientation type="Matrix">
                      -0.5735757400,  29.802322e-09,   0.8191517000,
                       0.8191517600, -119.20929e-09,   0.5735761500,
                      417.23251e-09,   0.9999995800,  655.65109e-09
                  </Orientation>
                  <Position type="Vector">-0.588682, -0.58691299, 8.04459</Position>
               </HpRunningLight07>
               <HpRunningLight08>
                  <Orientation type="Matrix">
                      -0.9999992800,   0.0000000000, -87.427878e-09,
                     -87.427878e-09, -119.20929e-09,   0.9999996400,
                     -42.632564e-15,   0.9999996400,  894.06967e-09
                  </Orientation>
                  <Position type="Vector">-0.308999, -0.67128998, 8.0462465</Position>
               </HpRunningLight08>
               <HpRunningLight09>
                  <Orientation type="Matrix">
                      -0.9999992800,   0.0000000000, -87.427878e-09,
                     -87.427878e-09, -119.20929e-09,   0.9999996400,
                     -42.632564e-15,   0.9999996400,  894.06967e-09
                  </Orientation>
                  <Position type="Vector">0.038323998, -0.66479897, 8.0448055</Position>
               </HpRunningLight09>
               <HpRunningLight10>
                  <Orientation type="Matrix">
                      -0.9999992800,   0.0000000000, -87.427878e-09,
                     -87.427878e-09, -119.20929e-09,   0.9999996400,
                     -42.632564e-15,   0.9999996400,  894.06967e-09
                  </Orientation>
                  <Position type="Vector">0.33219901, -0.53498799, 8.0444803</Position>
               </HpRunningLight10>
               <HpRunningLight11>
                  <Orientation type="Matrix">
                      -0.7071063500,   0.0000000000,  -0.7071064700,
                      -0.7071064700, -238.41858e-09,   0.7071066500,
                     -387.43019e-09,   0.9999997000,  715.25574e-09
                  </Orientation>
                  <Position type="Vector">0.49044001, -0.34476399, 8.0481167</Position>
               </HpRunningLight11>
               <HpRunningLight12>
                  <Orientation type="Matrix">
                      -0.4999990500, -29.802322e-09,  -0.8660250900,
                      -0.8660250900,   0.0000000000,   0.4999995800,
                     -447.03484e-09,   0.9999994600,  715.25574e-09
                  </Orientation>
                  <Position type="Vector">0.61391097, -0.072907999, 8.0451946</Position>
               </HpRunningLight12>
               <HpRunningLight13>
                  <Orientation type="Matrix">
                      238.41858e-09, -29.802322e-09,  -0.9999992800,
                      -0.9999992800,  238.41858e-09,  506.63948e-09,
                     -506.63948e-09,   0.9999992800,  715.25574e-09
                  </Orientation>
                  <Position type="Vector">0.62004602, 0.277107, 8.0440588</Position>
               </HpRunningLight13>
               <HpRunningLight14>
                  <Orientation type="Matrix">
                       0.7071068900, -59.604645e-09,  -0.7071064700,
                      -0.7071064700, -119.20929e-09,  -0.7071064700,
                     -357.62787e-09,   0.9999995200,  59.604645e-09
                  </Orientation>
                  <Position type="Vector">0.50936502, 0.56087899, 8.0436707</Position>
               </HpRunningLight14>
               <HpRunningLight15>
                  <Orientation type="Matrix">
                       0.7071068900, -59.604645e-09,  -0.7071064700,
                      -0.7071064700, -119.20929e-09,  -0.7071064700,
                     -357.62787e-09,   0.9999995200,  59.604645e-09
                  </Orientation>
                  <Position type="Vector">0.28723499, 0.78136599, 8.0431213</Position>
               </HpRunningLight15>
               <HpRunningLight16>
                  <Orientation type="Matrix">
                       1.0000000000,   0.0000000000,  -0.0000000000,
                      -0.0000000000, -119.20929e-09,  -0.9999996400,
                       0.0000000000,   0.9999996400, -119.20929e-09
                  </Orientation>
                  <Position type="Vector">-0.015081, 0.92575502, 8.035512</Position>
               </HpRunningLight16>
               <HpDocklight02>
                  <Orientation type="Matrix">
                       1.0000000000,   0.0000000000,  -0.0000000000,
                      -0.0000000000,  -0.7071069500,  -0.7071067100,
                       0.0000000000,   0.7071067100,  -0.7071069500
                  </Orientation>
                  <Position type="Vector">0, 0.50569397, 11.569714</Position>
               </HpDocklight02>
               <HpContrail02>
                  <Orientation type="Matrix">
                       1.0000000000,   0.0000000000,   0.0000000000,
                       0.0000000000,   1.0000000000,   0.0000000000,
                       0.0000000000,   0.0000000000,   1.0000000000
                  </Orientation>
                  <Position type="Vector">-0, 0.1, 17.032047</Position>
               </HpContrail02>
               <HpContrail01>
                  <Orientation type="Matrix">
                       1.0000000000,   0.0000000000,   0.0000000000,
                       0.0000000000,   1.0000000000,   0.0000000000,
                       0.0000000000,   0.0000000000,   1.0000000000
                  </Orientation>
                  <Position type="Vector">-0, 0.1, 17.032047</Position>
               </HpContrail01>
               <HpTractor_Source>
                  <Orientation type="Matrix">
                       1.0000000000,   0.0000000000,   0.0000000000,
                       0.0000000000,   1.0000000000,   0.0000000000,
                       0.0000000000,   0.0000000000,   1.0000000000
                  </Orientation>
                  <Position type="Vector">-0, 0.1, -8.862175</Position>
               </HpTractor_Source>
               <HpEngine01>
                  <Orientation type="Matrix">
                       1.0000000000,   0.0000000000,   0.0000000000,
                       0.0000000000,   1.0000000000,   0.0000000000,
                       0.0000000000,   0.0000000000,   1.0000000000
                  </Orientation>
                  <Position type="Vector">-0, 0.2, -5.7261271</Position>
               </HpEngine01>
               <HpThruster01>
                  <Orientation type="Matrix">
                       1.0000000000,   0.0000000000,   0.0000000000,
                       0.0000000000,   1.0000000000,   0.0000000000,
                       0.0000000000,   0.0000000000,   1.0000000000
                  </Orientation>
                  <Position type="Vector">-0, 0.1, -6.2656498</Position>
               </HpThruster01>
               <HpCM01>
                  <Orientation type="Matrix">
                      -0.5621777800,  -0.8270164100,   0.0000000000,
                       0.8270164100,  -0.5621777800,  -0.0000000000,
                       0.0000000000,   0.0000000000,   1.0000000000
                  </Orientation>
                  <Position type="Vector">-1.5219727, -1.1256783, 3.5459728</Position>
               </HpCM01>
               <HpMine01>
                  <Orientation type="Matrix">
                       1.0000000000,   0.0000000000,   0.0000000000,
                       0.0000000000,   1.0000000000,   0.0000000000,
                       0.0000000000,   0.0000000000,   1.0000000000
                  </Orientation>
                  <Position type="Vector">0, 1.7785341, 3.6539969</Position>
               </HpMine01>
               <HpShield01>
                  <Orientation type="Matrix">
                       1.0000000000,   0.0000000000,   0.0000000000,
                       0.0000000000, -119.20929e-09,   0.9999996400,
                       0.0000000000,  -0.9999996400, -119.20929e-09
                  </Orientation>
                  <Position type="Vector">0, 0, -8.7288418</Position>
               </HpShield01>
               <HpRunningLight17>
                  <Orientation type="Matrix">
                       0.8660254500,  14.901161e-09,   0.4999997900,
                       0.4999997600, -119.20929e-09,  -0.8660249700,
                      268.22090e-09,   0.9999995200,   0.0000000000
                  </Orientation>
                  <Position type="Vector">-0.23768701, 0.77137399, -0.26416501</Position>
               </HpRunningLight17>
               <HpRunningLight18>
                  <Orientation type="Matrix">
                       0.8660254500,  14.901161e-09,   0.4999997900,
                       0.4999997600, -119.20929e-09,  -0.8660249700,
                      268.22090e-09,   0.9999995200,   0.0000000000
                  </Orientation>
                  <Position type="Vector">-0.20756701, 0.77725601, 0.41705301</Position>
               </HpRunningLight18>
               <HpRunningLight19>
                  <Orientation type="Matrix">
                       1.0000000000,   0.0000000000,  -0.0000000000,
                      -0.0000000000, -119.20929e-09,  -0.9999996400,
                       0.0000000000,   0.9999996400, -119.20929e-09
                  </Orientation>
                  <Position type="Vector">0, 0.47949401, 0.94866002</Position>
               </HpRunningLight19>
               <HpRunningLight23>
                  <Orientation type="Matrix">
                       0.8660254500,  14.901161e-09,   0.4999997900,
                       0.4999997600, -119.20929e-09,  -0.8660249700,
                      268.22090e-09,   0.9999995200,   0.0000000000
                  </Orientation>
                  <Position type="Vector">-0.20397399, 0.73084998, 4.3405218</Position>
               </HpRunningLight23>
               <HpRunningLight26>
                  <Orientation type="Matrix">
                       1.0000000000,   0.0000000000,   0.0000000000,
                       0.0000000000, -119.20929e-09,   0.9999996400,
                       0.0000000000,  -0.9999996400, -119.20929e-09
                  </Orientation>
                  <Position type="Vector">0.21923301, 0.240632, -8.8226976</Position>
               </HpRunningLight26>
               <HpRunningLight27>
                  <Orientation type="Matrix">
                       1.0000000000,   0.0000000000,   0.0000000000,
                       0.0000000000, -119.20929e-09,   0.9999996400,
                       0.0000000000,  -0.9999996400, -119.20929e-09
                  </Orientation>
                  <Position type="Vector">-0.54938, 0.22063901, -8.8226976</Position>
               </HpRunningLight27>
               <HpRunningLight28>
                  <Orientation type="Matrix">
                       1.0000000000,   0.0000000000,   0.0000000000,
                       0.0000000000, -119.20929e-09,   0.9999996400,
                       0.0000000000,  -0.9999996400, -119.20929e-09
                  </Orientation>
                  <Position type="Vector">-0.16507401, -0.558204, -8.8226976</Position>
               </HpRunningLight28>
               <HpRunningLight29>
                  <Orientation type="Matrix">
                       1.0000000000,   0.0000000000,   0.0000000000,
                       0.0000000000, -119.20929e-09,   0.9999996400,
                       0.0000000000,  -0.9999996400, -119.20929e-09
                  </Orientation>
                  <Position type="Vector">-0.17449801, 0.088362999, -8.862175</Position>
               </HpRunningLight29>
               <HpRunningLight31>
                  <Orientation type="Matrix">
                       0.8660254500, -14.901161e-09,   0.4999997900,
                      -0.4999997600, -119.20929e-09,   0.8660249700,
                      268.22090e-09,  -0.9999995200,   0.0000000000
                  </Orientation>
                  <Position type="Vector">-1.724751, -0.97608602, 3.8344419</Position>
               </HpRunningLight31>
               <HpRunningLight32>
                  <Orientation type="Matrix">
                       0.8660254500,  14.901161e-09,  -0.4999997900,
                       0.4999997600, -119.20929e-09,   0.8660249700,
                     -268.22090e-09,  -0.9999995200,   0.0000000000
                  </Orientation>
                  <Position type="Vector">1.719522, -0.97991002, 3.516088</Position>
               </HpRunningLight32>
               <HpDocklight01>
                  <Orientation type="Matrix">
                       1.0000000000,   0.0000000000,  -0.0000000000,
                      -0.0000000000, -119.20929e-09,  -0.9999996400,
                       0.0000000000,   0.9999996400, -119.20929e-09
                  </Orientation>
                  <Position type="Vector">-0.166667, 1.7785341, 3.50826</Position>
               </HpDocklight01>
               <HpPilot>
                  <Orientation type="Matrix">
                       1.0000000000,   0.0000000000,   0.0000000000,
                       0.0000000000,   1.0000000000,   0.0000000000,
                       0.0000000000,   0.0000000000,   1.0000000000
                  </Orientation>
                  <Position type="Vector">0, 0.165224, -5.7843628</Position>
               </HpPilot>
               <HpCM02>
                  <Orientation type="Matrix">
                      -0.5735763300,   0.8191520000,   0.0000000000,
                      -0.8191520000,  -0.5735763300,   0.0000000000,
                       0.0000000000,   0.0000000000,   1.0000000000
                  </Orientation>
                  <Position type="Vector">1.590862, -0.97303402, 3.6693411</Position>
               </HpCM02>
            </Fixed>
            <Revolute>
               <HpTurret01>
                  <Axis type="Vector">0, 1, 0</Axis>
                  <Max type="float">0.78539819</Max>
                  <Min type="float">-0.78539819</Min>
                  <Orientation type="Matrix">
                      -1.0000000000, -87.427907e-09,   0.0000000000,
                      87.427907e-09,  -1.0000000000,  -0.0000000000,
                       0.0000000000,   0.0000000000,   1.0000000000
                  </Orientation>
                  <Position type="Vector">0, 0, -5.848444</Position>
               </HpTurret01>
               <HpTurret02>
                  <Axis type="Vector">0, 1, 0</Axis>
                  <Max type="float">0.78539819</Max>
                  <Min type="float">-0.78539819</Min>
                  <Orientation type="Matrix">
                       1.0000000000,   0.0000000000,  -0.0000000000,
                       0.0000000000,   1.0000000000,   0.0000000000,
                       0.0000000000,  -0.0000000000,   1.0000000000
                  </Orientation>
                  <Position type="Vector">-0, 0, -5.4647279</Position>
               </HpTurret02>
               <HpWeapon01>
                  <Axis type="Vector">0, 1, 0</Axis>
                  <Max type="float">0.76794487</Max>
                  <Min type="float">-0.78539819</Min>
                  <Orientation type="Matrix">
                       1.0000000000,   0.0000000000,  -0.0000000000,
                       0.0000000000,   1.0000000000,   0.0000000000,
                       0.0000000000,  -0.0000000000,   1.0000000000
                  </Orientation>
                  <Position type="Vector">-0, 0, -6.3116908</Position>
               </HpWeapon01>
               <HpWeapon02>
                  <Axis type="Vector">0, 1, 0</Axis>
                  <Max type="float">0.76794487</Max>
                  <Min type="float">-0.78539819</Min>
                  <Orientation type="Matrix">
                       1.0000000000,   0.0000000000,  -0.0000000000,
                      -0.0000000000,   1.0000000000,   0.0000000000,
                       0.0000000000,   0.0000000000,   1.0000000000
                  </Orientation>
                  <Position type="Vector">-0, 0, -6.647006</Position>
               </HpWeapon02>
               <HpWeapon03>
                  <Axis type="Vector">0, 1, 0</Axis>
                  <Max type="float">0.76794487</Max>
                  <Min type="float">-0.78539819</Min>
                  <Orientation type="Matrix">
                      -0.5000000000,   0.8660253900,   0.0000000000,
                      -0.8660253900,  -0.5000000000,   0.0000000000,
                       0.0000000000,   0.0000000000,   1.0000000000
                  </Orientation>
                  <Position type="Vector">0, 0, -6.710866</Position>
               </HpWeapon03>
               <HpWeapon04>
                  <Axis type="Vector">0, 1, 0</Axis>
                  <Max type="float">0.76794487</Max>
                  <Min type="float">-0.78539819</Min>
                  <Orientation type="Matrix">
                      -0.5000000000,  -0.8660253900,  -0.0000000000,
                       0.8660253900,  -0.5000000000,   0.0000000000,
                       0.0000000000,  -0.0000000000,   1.0000000000
                  </Orientation>
                  <Position type="Vector">-0, 0, -6.7428141</Position>
               </HpWeapon04>
               <HpTorpedo01>
                  <Axis type="Vector">0, 1, 0</Axis>
                  <Max type="float">0.76794487</Max>
                  <Min type="float">-0.78539819</Min>
                  <Orientation type="Matrix">
                       1.0000000000,   0.0000000000,   0.0000000000,
                       0.0000000000,   1.0000000000,   0.0000000000,
                       0.0000000000,   0.0000000000,   1.0000000000
                  </Orientation>
                  <Position type="Vector">0, 0, -6.4074869</Position>
               </HpTorpedo01>
            </Revolute>
         </Hardpoints>
         <MultiLevel>
            <Level0>
               <VMeshPart>
                  <VMeshRef type="VMeshRef">
                     <!-- header size  --> 60,
                     <!-- vmesh lib    --> ai_shf1_root.lod0.vms,
                     <!-- start vert   --> 0,
                     <!-- num verts    --> 2328,
                     <!-- start index  --> 0,
                     <!-- num indices  --> 7656,
                     <!-- start mesh   --> 0,
                     <!-- num meshes   --> 2,
                     <!-- bounding box -->  2.8349669,    2.794277, 17.473169,
                                           -2.8375969,   -2.508163, -9.6851501,
                     <!-- center       --> -0.001314998,  0.143057,  3.8940091,
                     <!-- radius       --> 15.40157
                  </VMeshRef>
               </VMeshPart>
            </Level0>
         </MultiLevel>
      </ai_shf1_root_lod1.3db>
      <ai_shf1_nose_lod1.3db>
         <MultiLevel>
            <Level0>
               <VMeshPart>
                  <VMeshRef type="VMeshRef">
                     <!-- header size  --> 60,
                     <!-- vmesh lib    --> ai_shf1_root.lod0.vms,
                     <!-- start vert   --> 2328,
                     <!-- num verts    --> 1399,
                     <!-- start index  --> 7656,
                     <!-- num indices  --> 4368,
                     <!-- start mesh   --> 2,
                     <!-- num meshes   --> 1,
                     <!-- bounding box -->  2.8349669,    2.794277, 17.473169,
                                           -2.8375969,   -2.508163, -9.6851501,
                     <!-- center       --> -0.001314998,  0.143057,  3.8940091,
                     <!-- radius       --> 15.40157
                  </VMeshRef>
               </VMeshPart>
            </Level0>
         </MultiLevel>
      </ai_shf1_nose_lod1.3db>
      <ai_shf1_aft_lod1.3db>
         <MultiLevel>
            <Level0>
               <VMeshPart>
                  <VMeshRef type="VMeshRef">
                     <!-- header size  --> 60,
                     <!-- vmesh lib    --> ai_shf1_root.lod0.vms,
                     <!-- start vert   --> 3727,
                     <!-- num verts    --> 128,
                     <!-- start index  --> 12024,
                     <!-- num indices  --> 288,
                     <!-- start mesh   --> 3,
                     <!-- num meshes   --> 1,
                     <!-- bounding box -->  2.8349669,    2.794277, 17.473169,
                                           -2.8375969,   -2.508163, -9.6851501,
                     <!-- center       --> -0.001314998,  0.143057,  3.8940091,
                     <!-- radius       --> 15.40157
                  </VMeshRef>
               </VMeshPart>
            </Level0>
         </MultiLevel>
         <Hardpoints>
            <Fixed>
               <HpThruster02>
                  <Orientation type="Matrix">
                       1.0000000000,   0.0000000000,   0.0000000000,
                       0.0000000000,   1.0000000000,   0.0000000000,
                       0.0000000000,   0.0000000000,   1.0000000000
                  </Orientation>
                  <Position type="Vector">0, 0, -6.2656498</Position>
               </HpThruster02>
               <HpNew01>
                  <Orientation type="Matrix">
                       1.0000000000,   0.0000000000,   0.0000000000,
                       0.0000000000,   1.0000000000,   0.0000000000,
                       0.0000000000,   0.0000000000,   1.0000000000
                  </Orientation>
                  <Position type="Vector">0, 0, -5</Position>
               </HpNew01>
               <HpNew02>
                  <Orientation type="Matrix">
                       1.0000000000,   0.0000000000,   0.0000000000,
                       0.0000000000,   1.0000000000,   0.0000000000,
                       0.0000000000,   0.0000000000,   1.0000000000
                  </Orientation>
                  <Position type="Vector">0, 0, -5</Position>
               </HpNew02>
               <HpNew03>
                  <Orientation type="Matrix">
                       1.0000000000,   0.0000000000,   0.0000000000,
                       0.0000000000,   1.0000000000,   0.0000000000,
                       0.0000000000,   0.0000000000,   1.0000000000
                  </Orientation>
                  <Position type="Vector">0, 0, -5</Position>
               </HpNew03>
            </Fixed>
         </Hardpoints>
      </ai_shf1_aft_lod1.3db>
   </UTF_ROOT>
</UTFXML>
