<?xml version="1.0" encoding="ISO-8859-1"?>
<!-- XML generated by UTFXML Version 2.2 built 19-Aug-2010 -->
<UTFXML filename="Aegis.cmp" path="SHIPS\new\private">
   <UTF_ROOT>
      <VMeshLibrary>
         <SilvrFighter_Riot-Fus_sf-15.lod0.vms include="Aegis_cmp\lod0.vms.xml"/>
      </VMeshLibrary>
      <Cmpnd>
         <Root>
            <File_name name="File name" type="text">SilvrFighter_Riot-Fus_sf-15.3db</File_name>
            <Index type="int">0</Index>
            <Object_name name="Object name" type="text">Root</Object_name>
         </Root>
      </Cmpnd>
      <SilvrFighter_Riot-Fus_sf-15.3db>
         <Hardpoints>
            <Fixed>
               <HpEngine01>
                  <Orientation type="Matrix">
                       1.0000000000,   0.0000000000,   0.0000000000,
                       0.0000000000,   1.0000000000,   0.0000000000,
                       0.0000000000,   0.0000000000,   1.0000000000
                  </Orientation>
                  <Position type="Vector">-6.6041207, -1.0450171, 7.9819989</Position>
               </HpEngine01>
               <HpEngine02>
                  <Orientation type="Matrix">
                       1.0000000000,   0.0000000000,   0.0000000000,
                       0.0000000000,   1.0000000000,   0.0000000000,
                       0.0000000000,   0.0000000000,   1.0000000000
                  </Orientation>
                  <Position type="Vector">-6.9491024, -2.1754715, 8.2520695</Position>
               </HpEngine02>
               <HpEngine03>
                  <Orientation type="Matrix">
                       1.0000000000,   0.0000000000,   0.0000000000,
                       0.0000000000,   1.0000000000,   0.0000000000,
                       0.0000000000,   0.0000000000,   1.0000000000
                  </Orientation>
                  <Position type="Vector">5.868186, -1.0520053, 7.9820228</Position>
               </HpEngine03>
               <HpEngine04>
                  <Orientation type="Matrix">
                       1.0000000000,   0.0000000000,   0.0000000000,
                       0.0000000000,   1.0000000000,   0.0000000000,
                       0.0000000000,   0.0000000000,   1.0000000000
                  </Orientation>
                  <Position type="Vector">6.2272439, -2.1803539, 8.252367</Position>
               </HpEngine04>
               <HpEngine05>
                  <Orientation type="Matrix">
                       1.0000000000,   0.0000000000,   0.0000000000,
                       0.0000000000,   1.0000000000,   0.0000000000,
                       0.0000000000,   0.0000000000,   1.0000000000
                  </Orientation>
                  <Position type="Vector">-1.033892, 0.558954, 6.4527192</Position>
               </HpEngine05>
               <HpEngine06>
                  <Orientation type="Matrix">
                       1.0000000000,   0.0000000000,   0.0000000000,
                       0.0000000000,   1.0000000000,   0.0000000000,
                       0.0000000000,   0.0000000000,   1.0000000000
                  </Orientation>
                  <Position type="Vector">0.293414, 0.61808598, 6.3642988</Position>
               </HpEngine06>
               <HpTractor_Source>
                  <Orientation type="Matrix">
                       1.0000000000,   0.0000000000,   0.0000000000,
                       0.0000000000,   1.0000000000,   0.0000000000,
                       0.0000000000,   0.0000000000,   1.0000000000
                  </Orientation>
                  <Position type="Vector">-0.37397501, -2.027003, -11.364092</Position>
               </HpTractor_Source>
               <HpScanner01>
                  <Orientation type="Matrix">
                       0.9688310000,  -0.0030124863,   0.0000000000,
                       0.0030124863,   0.9688310000,  -0.2477043700,
                      746.20603e-06,   0.2399836800,   0.9386425600
                  </Orientation>
                  <Position type="Vector">-0.36949846, -1.5976574, -9.964756</Position>
               </HpScanner01>
               <HpMount>
                  <Orientation type="Matrix">
                       1.0000000000,   0.0000000000,   0.0000000000,
                       0.0000000000,   1.0000000000,   0.0000000000,
                       0.0000000000,   0.0000000000,   1.0000000000
                  </Orientation>
                  <Position type="Vector">-0.37188599, -4, -2.856272</Position>
               </HpMount>
               <HpShield01>
                  <Orientation type="Matrix">
                      -0.9971640700,   0.0138069540,   0.0000000000,
                      -0.0138069540,  -0.9971640700,   0.0739807860,
                       0.0010214493,   0.0737709850,   0.9945268000
                  </Orientation>
                  <Position type="Vector">-0.36678275, -0.57900906, 0.66916019</Position>
               </HpShield01>
               <HpThruster01>
                  <Orientation type="Matrix">
                      -1.0000000000, -87.422777e-09,   0.0000000000,
                      87.422777e-09,  -1.0000000000,  -0.0000000000,
                       0.0000000000,   0.0000000000,   1.0000000000
                  </Orientation>
                  <Position type="Vector">-0.374834, -0.72193998, 6.989531</Position>
               </HpThruster01>
               <HpCM01>
                  <Orientation type="Matrix">
                      -1.0000000000, -87.422777e-09,   0.0000000000,
                      87.422777e-09,  -1.0000000000,  -0.0000000000,
                       0.0000000000,   0.0000000000,   1.0000000000
                  </Orientation>
                  <Position type="Vector">-0.86281401, -0.67475301, 6.4968181</Position>
               </HpCM01>
               <HpMine01>
                  <Orientation type="Matrix">
                      -1.0000000000, -87.422777e-09,   0.0000000000,
                      87.422777e-09,  -1.0000000000,  -0.0000000000,
                       0.0000000000,   0.0000000000,   1.0000000000
                  </Orientation>
                  <Position type="Vector">0.160485, -0.67364502, 6.4965</Position>
               </HpMine01>
               <HpCockpit>
                  <Orientation type="Matrix">
                       1.0000000000,   0.0000000000,   0.0000000000,
                       0.0000000000,   1.0000000000,   0.0000000000,
                       0.0000000000,   0.0000000000,   1.0000000000
                  </Orientation>
                  <Position type="Vector">-0.356181, -0.45, -6.8251662</Position>
               </HpCockpit>
               <HpShield02>
                  <Orientation type="Matrix">
                       1.0000000000,   0.0000000000,   0.0000000000,
                       0.0000000000,   1.0000000000,   0.0000000000,
                       0.0000000000,   0.0000000000,   1.0000000000
                  </Orientation>
                  <Position type="Vector">0, 0, 0</Position>
               </HpShield02>
               <Hpnew01>
                  <Orientation type="Matrix">
                       1.0000000000,   0.0000000000,   0.0000000000,
                       0.0000000000,   1.0000000000,   0.0000000000,
                       0.0000000000,   0.0000000000,   1.0000000000
                  </Orientation>
                  <Position type="Vector">0, 0, 0</Position>
               </Hpnew01>
               <Hpnew02>
                  <Orientation type="Matrix">
                       1.0000000000,   0.0000000000,   0.0000000000,
                       0.0000000000,   1.0000000000,   0.0000000000,
                       0.0000000000,   0.0000000000,   1.0000000000
                  </Orientation>
                  <Position type="Vector">0, 0, 0</Position>
               </Hpnew02>
               <Hpnew03>
                  <Orientation type="Matrix">
                       1.0000000000,   0.0000000000,   0.0000000000,
                       0.0000000000,   1.0000000000,   0.0000000000,
                       0.0000000000,   0.0000000000,   1.0000000000
                  </Orientation>
                  <Position type="Vector">0, 0, 0</Position>
               </Hpnew03>
               <Hpnew04>
                  <Orientation type="Matrix">
                       1.0000000000,   0.0000000000,   0.0000000000,
                       0.0000000000,   1.0000000000,   0.0000000000,
                       0.0000000000,   0.0000000000,   1.0000000000
                  </Orientation>
                  <Position type="Vector">0, 0, 0</Position>
               </Hpnew04>
               <Hpnew05>
                  <Orientation type="Matrix">
                       1.0000000000,   0.0000000000,   0.0000000000,
                       0.0000000000,   1.0000000000,   0.0000000000,
                       0.0000000000,   0.0000000000,   1.0000000000
                  </Orientation>
                  <Position type="Vector">0, 0, 0</Position>
               </Hpnew05>
               <HpCloak01>
                  <Orientation type="Matrix">
                       1.0000000000,   0.0000000000,   0.0000000000,
                       0.0000000000,   1.0000000000,   0.0000000000,
                       0.0000000000,   0.0000000000,   1.0000000000
                  </Orientation>
                  <Position type="Vector">0, -0.5, 0</Position>
               </HpCloak01>
               <HpHeadLight01>
                  <Orientation type="Matrix">
                       1.0000000000,   0.0000000000,   0.0000000000,
                       0.0000000000,   1.0000000000,   0.0000000000,
                       0.0000000000,   0.0000000000,   1.0000000000
                  </Orientation>
                  <Position type="Vector">-0.37468299, -2.0438581, -11.389555</Position>
               </HpHeadLight01>
               <HpRunningLight01>
                  <Orientation type="Matrix">
                       1.0000000000,   0.0000000000,   0.0000000000,
                       0.0000000000,   1.0000000000,   0.0000000000,
                       0.0000000000,   0.0000000000,   1.0000000000
                  </Orientation>
                  <Position type="Vector">-9.8891077, -1.03996, 3.268466</Position>
               </HpRunningLight01>
               <HpRunningLight02>
                  <Orientation type="Matrix">
                       1.0000000000,   0.0000000000,   0.0000000000,
                       0.0000000000,   1.0000000000,   0.0000000000,
                       0.0000000000,   0.0000000000,   1.0000000000
                  </Orientation>
                  <Position type="Vector">9.1536798, -1.035161, 3.262887</Position>
               </HpRunningLight02>
               <HpDocklight01>
                  <Orientation type="Matrix">
                       1.0000000000,   0.0000000000,   0.0000000000,
                       0.0000000000,   1.0000000000,   0.0000000000,
                       0.0000000000,   0.0000000000,   1.0000000000
                  </Orientation>
                  <Position type="Vector">-9.6748438, 0.012032, 7.883019</Position>
               </HpDocklight01>
               <HpDocklight02>
                  <Orientation type="Matrix">
                       1.0000000000,   0.0000000000,   0.0000000000,
                       0.0000000000,   1.0000000000,   0.0000000000,
                       0.0000000000,   0.0000000000,   1.0000000000
                  </Orientation>
                  <Position type="Vector">8.9334459, 0.014533, 7.8818898</Position>
               </HpDocklight02>
               <HpContrail01>
                  <Orientation type="Matrix">
                       1.0000000000,   0.0000000000,   0.0000000000,
                       0.0000000000,   1.0000000000,   0.0000000000,
                       0.0000000000,   0.0000000000,   1.0000000000
                  </Orientation>
                  <Position type="Vector">-13.151147, -2.251812, 8.7867746</Position>
               </HpContrail01>
               <HpContrail02>
                  <Orientation type="Matrix">
                       1.0000000000,   0.0000000000,   0.0000000000,
                       0.0000000000,   1.0000000000,   0.0000000000,
                       0.0000000000,   0.0000000000,   1.0000000000
                  </Orientation>
                  <Position type="Vector">12.412058, -2.2512159, 8.7850666</Position>
               </HpContrail02>
            </Fixed>
            <Revolute>
               <HpWeapon01>
                  <Axis type="Vector">0, 1, 0</Axis>
                  <Max type="float">0.78539819</Max>
                  <Min type="float">-0.78539819</Min>
                  <Orientation type="Matrix">
                      -0.9999998200, -86.346461e-09,  13.675936e-09,
                      87.422777e-09,  -0.9876881800,   0.1564344600,
                       0.0000000000,   0.1564344600,   0.9876883600
                  </Orientation>
                  <Position type="Vector">0.405101, -1.719882, -3.3479071</Position>
               </HpWeapon01>
               <HpWeapon02>
                  <Axis type="Vector">0, 1, 0</Axis>
                  <Max type="float">0.78539819</Max>
                  <Min type="float">-0.78539819</Min>
                  <Orientation type="Matrix">
                      -0.9999998200, -86.346461e-09,  13.675936e-09,
                      87.422777e-09,  -0.9876881800,   0.1564344600,
                       0.0000000000,   0.1564344600,   0.9876883600
                  </Orientation>
                  <Position type="Vector">-0.36507899, -1.7286119, -3.332653</Position>
               </HpWeapon02>
               <HpWeapon03>
                  <Axis type="Vector">0, 1, 0</Axis>
                  <Max type="float">0.78539819</Max>
                  <Min type="float">-0.78539819</Min>
                  <Orientation type="Matrix">
                      -0.9999998200, -86.346461e-09,  13.675936e-09,
                      87.422777e-09,  -0.9876881800,   0.1564344600,
                       0.0000000000,   0.1564344600,   0.9876883600
                  </Orientation>
                  <Position type="Vector">-1.284121, -1.717747, -3.3279281</Position>
               </HpWeapon03>
               <HpWeapon04>
                  <Axis type="Vector">0, 1, 0</Axis>
                  <Max type="float">0.78539819</Max>
                  <Min type="float">-0.78539819</Min>
                  <Orientation type="Matrix">
                      -0.9999998200, -86.346461e-09,  13.675936e-09,
                      87.422777e-09,  -0.9876881800,   0.1564344600,
                       0.0000000000,   0.1564344600,   0.9876883600
                  </Orientation>
                  <Position type="Vector">1.884169, -2.2546461, -3.3597119</Position>
               </HpWeapon04>
               <HpWeapon05>
                  <Axis type="Vector">0, 1, 0</Axis>
                  <Max type="float">0.78539819</Max>
                  <Min type="float">-0.78539819</Min>
                  <Orientation type="Matrix">
                      -0.9999998200, -86.346461e-09,  13.675936e-09,
                      87.422777e-09,  -0.9876881800,   0.1564344600,
                       0.0000000000,   0.1564344600,   0.9876883600
                  </Orientation>
                  <Position type="Vector">-2.6572349, -2.24313, -3.3340981</Position>
               </HpWeapon05>
               <HpWeapon06>
                  <Axis type="Vector">0, 1, 0</Axis>
                  <Max type="float">0.78539819</Max>
                  <Min type="float">-0.78539819</Min>
                  <Orientation type="Matrix">
                      -1.0000000000, -87.422777e-09,   0.0000000000,
                      87.422777e-09,  -1.0000000000,  -0.0000000000,
                       0.0000000000,   0.0000000000,   1.0000000000
                  </Orientation>
                  <Position type="Vector">-4.691175, -2.0626769, 1.695684</Position>
               </HpWeapon06>
               <HpWeapon07>
                  <Axis type="Vector">0, 1, 0</Axis>
                  <Max type="float">0.78539819</Max>
                  <Min type="float">-0.78539819</Min>
                  <Orientation type="Matrix">
                      -1.0000000000, -87.422777e-09,   0.0000000000,
                      87.422777e-09,  -1.0000000000,  -0.0000000000,
                       0.0000000000,   0.0000000000,   1.0000000000
                  </Orientation>
                  <Position type="Vector">3.958271, -2.0671861, 1.704421</Position>
               </HpWeapon07>
               <HpWeapon08>
                  <Axis type="Vector">0, 1, 0</Axis>
                  <Max type="float">0.78539819</Max>
                  <Min type="float">-0.78539819</Min>
                  <Orientation type="Matrix">
                       0.7660445000,  -0.6427875800,  -0.0000000000,
                       0.6427875800,   0.7660445000,   0.0000000000,
                       0.0000000000,  -0.0000000000,   1.0000000000
                  </Orientation>
                  <Position type="Vector">-2.7925079, -2.108042, -3.35377</Position>
               </HpWeapon08>
               <HpWeapon09>
                  <Axis type="Vector">0, 1, 0</Axis>
                  <Max type="float">0.78539819</Max>
                  <Min type="float">-0.78539819</Min>
                  <Orientation type="Matrix">
                       0.7660445000,   0.6427875800,   0.0000000000,
                      -0.6427875800,   0.7660445000,   0.0000000000,
                       0.0000000000,   0.0000000000,   1.0000000000
                  </Orientation>
                  <Position type="Vector">2.0597651, -2.116734, -3.3667319</Position>
               </HpWeapon09>
               <HpWeapon10>
                  <Axis type="Vector">0, 1, 0</Axis>
                  <Max type="float">0.78539819</Max>
                  <Min type="float">-0.78539819</Min>
                  <Orientation type="Matrix">
                      -1.0000000000, -86.571987e-09,  12.166899e-09,
                      87.422777e-09,  -0.9902682300,   0.1391731100,
                      444.08921e-18,   0.1391731100,   0.9902680500
                  </Orientation>
                  <Position type="Vector">-0.37770501, -1.871648, -1.031161</Position>
               </HpWeapon10>
               <HpTorpedo01>
                  <Axis type="Vector">0, 1, 0</Axis>
                  <Max type="float">0.78539819</Max>
                  <Min type="float">-0.78539819</Min>
                  <Orientation type="Matrix">
                      -1.0000000000, -87.090108e-09,  7.6193967e-09,
                      87.422784e-09,  -0.9961947200,   0.0871557440,
                     -444.08921e-18,   0.0871557440,   0.9961947200
                  </Orientation>
                  <Position type="Vector">-0.371499, -2.1584289, -9.447051</Position>
               </HpTorpedo01>
               <HpTorpedo02>
                  <Axis type="Vector">0, 1, 0</Axis>
                  <Max type="float">0.78539819</Max>
                  <Min type="float">-0.78539819</Min>
                  <Orientation type="Matrix">
                      -0.9396925000,   0.3420201800,   0.0000000000,
                      -0.3420201800,  -0.9396925000,   0.0000000000,
                       0.0000000000,   0.0000000000,   1.0000000000
                  </Orientation>
                  <Position type="Vector">-11.256473, -1.546459, 5.5770402</Position>
               </HpTorpedo02>
               <HpTorpedo03>
                  <Axis type="Vector">0, 1, 0</Axis>
                  <Max type="float">0.78539819</Max>
                  <Min type="float">-0.78539819</Min>
                  <Orientation type="Matrix">
                      -0.9396925000,  -0.3420201800,  -0.0000000000,
                       0.3420201800,  -0.9396925000,   0.0000000000,
                       0.0000000000,  -0.0000000000,   1.0000000000
                  </Orientation>
                  <Position type="Vector">10.302267, -1.472695, 5.382966</Position>
               </HpTorpedo03>
            </Revolute>
         </Hardpoints>
         <MultiLevel>
            <Level0>
               <VMeshPart>
                  <VMeshRef type="VMeshRef">
                     <!-- header size  --> 60,
                     <!-- vmesh lib    --> SilvrFighter_Riot-Fus_sf-15.lod0.vms,
                     <!-- start vert   --> 0,
                     <!-- num verts    --> 0,
                     <!-- start index  --> 0,
                     <!-- num indices  --> 0,
                     <!-- start mesh   --> 0,
                     <!-- num meshes   --> 1,
                     <!-- bounding box --> 0, 0, 0,
                                           0, 0, 0,
                     <!-- center       --> 0, 0, 0,
                     <!-- radius       --> 18
                  </VMeshRef>
               </VMeshPart>
            </Level0>
         </MultiLevel>
      </SilvrFighter_Riot-Fus_sf-15.3db>
   </UTF_ROOT>
</UTFXML>
