<?xml version="1.0" encoding="ISO-8859-1"?>
<!-- XML generated by UTFXML Version 2.2 built 19-Aug-2010 -->
<UTFXML filename="armageddon_bomber.cmp" path="SHIPS\new\private">
   <UTF_ROOT>
      <VMeshLibrary>
         <mesh_sw_li_patriot_cockpit_000.lod0.vms include="armageddon_bomber_cmp\lod0.vms.xml"/>
         <mesh_sw_li_patriot_cockpit_000.lod1.vms include="armageddon_bomber_cmp\lod1.vms.xml"/>
         <mesh_sw_li_patriot_cockpit_000.lod2.vms include="armageddon_bomber_cmp\lod2.vms.xml"/>
         <mesh_sw_li_patriot_cockpit_000.lod3.vms include="armageddon_bomber_cmp\lod3.vms.xml"/>
      </VMeshLibrary>
      <Cmpnd>
         <Root>
            <File_name name="File name" type="text">mesh_sw_li_patriot_cockpit_000.3db</File_name>
            <Index type="int">0</Index>
            <Object_name name="Object name" type="text">Root</Object_name>
         </Root>
      </Cmpnd>
      <mesh_sw_li_patriot_cockpit_000.3db>
         <Hardpoints>
            <Fixed>
               <HpEngine01>
                  <Orientation type="Matrix">
                       1.0000000000,   0.0000000000,   0.0000000000,
                       0.0000000000,   1.0000000000,   0.0000000000,
                       0.0000000000,   0.0000000000,   1.0000000000
                  </Orientation>
                  <Position type="Vector">0.00511932, 0.78684443, 12.751935</Position>
               </HpEngine01>
               <HpPilot>
                  <Orientation type="Matrix">
                       1.0000000000,   0.0000000000,   0.0000000000,
                       0.0000000000,   1.0000000000,   0.0000000000,
                       0.0000000000,   0.0000000000,   1.0000000000
                  </Orientation>
                  <Position type="Vector">0.00511932, 0.70675755, -0.38232619</Position>
               </HpPilot>
               <HpCockpit01>
                  <Orientation type="Matrix">
                       1.0000000000,   0.0000000000,   0.0000000000,
                       0.0000000000,   1.0000000000,   0.0000000000,
                       0.0000000000,   0.0000000000,   1.0000000000
                  </Orientation>
                  <Position type="Vector">0.00511932, 0.38640967, -0.38232619</Position>
               </HpCockpit01>
               <HpShield01>
                  <Orientation type="Matrix">
                       0.9989849300,   0.0000000000,   0.0000000000,
                      -0.0000000000,   0.9989849300,  -0.0450457150,
                      -0.0000000000,   0.0450000000,   0.9979708800
                  </Orientation>
                  <Position type="Vector">0.00511932, 2.4686706, 7.1458483</Position>
               </HpShield01>
               <HpTractor_Source01>
                  <Orientation type="Matrix">
                      -0.9795828500,   0.2003692700,   0.0000000000,
                      -0.2003692700,  -0.9795828500,  -0.0164209250,
                      -0.0032902488,  -0.0160856560,   0.9997304100
                  </Orientation>
                  <Position type="Vector">0.00511932, -1.0551556, -6.4689364</Position>
               </HpTractor_Source01>
               <HpMount>
                  <Orientation type="Matrix">
                       1.0000000000,   0.0000000000,   0.0000000000,
                       0.0000000000,   1.0000000000,   0.0000000000,
                       0.0000000000,   0.0000000000,   1.0000000000
                  </Orientation>
                  <Position type="Vector">0.005119, -5.5, 0</Position>
               </HpMount>
               <HpThruster01>
                  <Orientation type="Matrix">
                       1.0000000000,   0.0000000000,   0.0000000000,
                       0.0000000000,   1.0000000000,   0.0000000000,
                       0.0000000000,   0.0000000000,   1.0000000000
                  </Orientation>
                  <Position type="Vector">0, 0.72519201, 12</Position>
               </HpThruster01>
               <HpRunningLight01>
                  <Orientation type="Matrix">
                       0.5299192700,   0.8480481500,   0.0000000000,
                      -0.8480481500,   0.5299192700,   0.0000000000,
                       0.0000000000,   0.0000000000,   1.0000000000
                  </Orientation>
                  <Position type="Vector">10.84291, -3.393224, 3.7243719</Position>
               </HpRunningLight01>
               <HpRunningLight02>
                  <Orientation type="Matrix">
                       0.5299192700,  -0.8480481500,  -0.0000000000,
                       0.8480481500,   0.5299192700,   0.0000000000,
                       0.0000000000,  -0.0000000000,   1.0000000000
                  </Orientation>
                  <Position type="Vector">-10.784739, -3.316504, 3.763253</Position>
               </HpRunningLight02>
               <HpDocklight01>
                  <Orientation type="Matrix">
                      -0.3757593600,   0.9267172800,   0.0000000000,
                      -0.9267172800,  -0.3757593600,   0.0000000000,
                       0.0000000000,   0.0000000000,   1.0000000000
                  </Orientation>
                  <Position type="Vector">10.896945, -3.4577644, 7.6263704</Position>
               </HpDocklight01>
               <HpDocklight02>
                  <Orientation type="Matrix">
                      -0.3757676800,  -0.9267138800,   0.0000000000,
                       0.9267138800,  -0.3757676800,   0.0000000000,
                       0.0000000000,   0.0000000000,   1.0000000000
                  </Orientation>
                  <Position type="Vector">-10.886707, -3.4577644, 7.6263704</Position>
               </HpDocklight02>
               <HpContrail01>
                  <Orientation type="Matrix">
                       0.8040510400,   0.0671131830,   0.0000000000,
                      -0.0671131830,   0.8040510400,  -0.5907603500,
                      -0.0396478060,   0.4750014800,   0.6510022300
                  </Orientation>
                  <Position type="Vector">10.896945, -3.4577644, 7.9467177</Position>
               </HpContrail01>
               <HpContrail02>
                  <Orientation type="Matrix">
                       0.8040513400,  -0.0671134000,   0.0000000000,
                       0.0671134000,   0.8040513400,  -0.5907598700,
                       0.0396479030,   0.4750012800,   0.6510027600
                  </Orientation>
                  <Position type="Vector">-10.886707, -3.4577644, 7.9467177</Position>
               </HpContrail02>
               <HpCM01>
                  <Orientation type="Matrix">
                      -1.0000000000, -87.422777e-09,   0.0000000000,
                      87.422777e-09,  -1.0000000000,  -0.0000000000,
                       0.0000000000,   0.0000000000,   1.0000000000
                  </Orientation>
                  <Position type="Vector">0, -1.975153, 9.8217001</Position>
               </HpCM01>
               <HpMine01>
                  <Orientation type="Matrix">
                       1.0000000000,   0.0000000000,   0.0000000000,
                       0.0000000000,   1.0000000000,   0.0000000000,
                       0.0000000000,   0.0000000000,   1.0000000000
                  </Orientation>
                  <Position type="Vector">-0.005206, 2.0291891, 11.175991</Position>
               </HpMine01>
               <HpCloak01>
                  <Orientation type="Matrix">
                       1.0000000000,   0.0000000000,   0.0000000000,
                       0.0000000000,   1.0000000000,   0.0000000000,
                       0.0000000000,   0.0000000000,   1.0000000000
                  </Orientation>
                  <Position type="Vector">0, 0.5, 1.5</Position>
               </HpCloak01>
               <HpNew01>
                  <Orientation type="Matrix">
                       1.0000000000,   0.0000000000,   0.0000000000,
                       0.0000000000,   1.0000000000,   0.0000000000,
                       0.0000000000,   0.0000000000,   1.0000000000
                  </Orientation>
                  <Position type="Vector">0, 0.5, 1.2</Position>
               </HpNew01>
               <HpNew02>
                  <Orientation type="Matrix">
                       1.0000000000,   0.0000000000,   0.0000000000,
                       0.0000000000,   1.0000000000,   0.0000000000,
                       0.0000000000,   0.0000000000,   1.0000000000
                  </Orientation>
                  <Position type="Vector">0, 0.5, 1.2</Position>
               </HpNew02>
               <HpNew03>
                  <Orientation type="Matrix">
                       1.0000000000,   0.0000000000,   0.0000000000,
                       0.0000000000,   1.0000000000,   0.0000000000,
                       0.0000000000,   0.0000000000,   1.0000000000
                  </Orientation>
                  <Position type="Vector">0, 0.5, 1.2</Position>
               </HpNew03>
               <HpNew04>
                  <Orientation type="Matrix">
                       1.0000000000,   0.0000000000,   0.0000000000,
                       0.0000000000,   1.0000000000,   0.0000000000,
                       0.0000000000,   0.0000000000,   1.0000000000
                  </Orientation>
                  <Position type="Vector">0, 0.5, 1.2</Position>
               </HpNew04>
               <HpFX01>
                  <Orientation type="Matrix">
                       1.0000000000,   0.0000000000,   0.0000000000,
                       0.0000000000,   1.0000000000,   0.0000000000,
                       0.0000000000,   0.0000000000,   1.0000000000
                  </Orientation>
                  <Position type="Vector">0, 0.5, 1.2</Position>
               </HpFX01>
               <HpHeadLight01>
                  <Orientation type="Matrix">
                       1.0000000000,   0.0000000000,   0.0000000000,
                       0.0000000000,   1.0000000000,   0.0000000000,
                       0.0000000000,   0.0000000000,   1.0000000000
                  </Orientation>
                  <Position type="Vector">0, -0.54757702, -15.959718</Position>
               </HpHeadLight01>
               <HpRunningLight03>
                  <Orientation type="Matrix">
                       1.0000000000,   0.0000000000,   0.0000000000,
                       0.0000000000,   1.0000000000,   0.0000000000,
                       0.0000000000,   0.0000000000,   1.0000000000
                  </Orientation>
                  <Position type="Vector">-1.412483, 4.3847599, 11.173666</Position>
               </HpRunningLight03>
               <HpRunningLight04>
                  <Orientation type="Matrix">
                       1.0000000000,   0.0000000000,   0.0000000000,
                       0.0000000000,   1.0000000000,   0.0000000000,
                       0.0000000000,   0.0000000000,   1.0000000000
                  </Orientation>
                  <Position type="Vector">1.422295, 4.3869052, 11.174963</Position>
               </HpRunningLight04>
               <HpRunningLight05>
                  <Orientation type="Matrix">
                       1.0000000000,   0.0000000000,   0.0000000000,
                       0.0000000000,   1.0000000000,   0.0000000000,
                       0.0000000000,   0.0000000000,   1.0000000000
                  </Orientation>
                  <Position type="Vector">-2.617768, 4.8626828, 14.007816</Position>
               </HpRunningLight05>
               <HpRunningLight06>
                  <Orientation type="Matrix">
                       1.0000000000,   0.0000000000,   0.0000000000,
                       0.0000000000,   1.0000000000,   0.0000000000,
                       0.0000000000,   0.0000000000,   1.0000000000
                  </Orientation>
                  <Position type="Vector">2.6219821, 4.8553219, 14.003363</Position>
               </HpRunningLight06>
               <HpRunningLight07>
                  <Orientation type="Matrix">
                      -1.0000000000, -87.422777e-09,   0.0000000000,
                      87.422777e-09,  -1.0000000000,  -0.0000000000,
                       0.0000000000,   0.0000000000,   1.0000000000
                  </Orientation>
                  <Position type="Vector">-2.61621, -4.8346248, 16.09898</Position>
               </HpRunningLight07>
               <HpRunningLight08>
                  <Orientation type="Matrix">
                      -1.0000000000, -87.422777e-09,   0.0000000000,
                      87.422777e-09,  -1.0000000000,  -0.0000000000,
                       0.0000000000,   0.0000000000,   1.0000000000
                  </Orientation>
                  <Position type="Vector">2.6229551, -4.8348379, 16.099113</Position>
               </HpRunningLight08>
               <HpRunningLight09>
                  <Orientation type="Matrix">
                      -1.0000000000,   0.0000000000,  87.422777e-09,
                       0.0000000000,   1.0000000000,  -0.0000000000,
                     -87.422777e-09,   0.0000000000,  -1.0000000000
                  </Orientation>
                  <Position type="Vector">-4.4747381, -0.24600799, 11.839347</Position>
               </HpRunningLight09>
               <HpRunningLight10>
                  <Orientation type="Matrix">
                      -1.0000000000,   0.0000000000,  87.422777e-09,
                       0.0000000000,   1.0000000000,  -0.0000000000,
                     -87.422777e-09,   0.0000000000,  -1.0000000000
                  </Orientation>
                  <Position type="Vector">4.4758801, -0.2458, 11.83825</Position>
               </HpRunningLight10>
               <HpBayDoor01>
                  <Orientation type="Matrix">
                       1.0000000000,   0.0000000000,   0.0000000000,
                       0.0000000000,   1.0000000000,   0.0000000000,
                       0.0000000000,   0.0000000000,   1.0000000000
                  </Orientation>
                  <Position type="Vector">0, 4.5, 7</Position>
               </HpBayDoor01>
               <HpBayDoor02>
                  <Orientation type="Matrix">
                       1.0000000000,   0.0000000000,   0.0000000000,
                       0.0000000000,   1.0000000000,   0.0000000000,
                       0.0000000000,   0.0000000000,   1.0000000000
                  </Orientation>
                  <Position type="Vector">0, 6, 7</Position>
               </HpBayDoor02>
            </Fixed>
            <Revolute>
               <HpTurret01>
                  <Axis type="Vector">0, 1, 0</Axis>
                  <Max type="float">0.78539819</Max>
                  <Min type="float">-0.78539819</Min>
                  <Orientation type="Matrix">
                       0.9205048700,   0.3907311000,   0.0000000000,
                      -0.3907311000,   0.9205048700,   0.0000000000,
                       0.0000000000,   0.0000000000,   1.0000000000
                  </Orientation>
                  <Position type="Vector">4.4918518, -0.64428902, 2.8540361</Position>
               </HpTurret01>
               <HpTurret02>
                  <Axis type="Vector">0, 1, 0</Axis>
                  <Max type="float">0.78539819</Max>
                  <Min type="float">-0.78539819</Min>
                  <Orientation type="Matrix">
                       0.9205048700,  -0.3907311000,  -0.0000000000,
                       0.3907311000,   0.9205048700,   0.0000000000,
                       0.0000000000,  -0.0000000000,   1.0000000000
                  </Orientation>
                  <Position type="Vector">-4.4938798, -0.645634, 2.8705521</Position>
               </HpTurret02>
               <HpTurret03>
                  <Axis type="Vector">0, 1, 0</Axis>
                  <Max type="float">0.78539819</Max>
                  <Min type="float">-0.78539819</Min>
                  <Orientation type="Matrix">
                      -0.9271837500,  -0.3746067000,  -0.0000000000,
                       0.3746067000,  -0.9271837500,   0.0000000000,
                       0.0000000000,  -0.0000000000,   1.0000000000
                  </Orientation>
                  <Position type="Vector">4.2772298, -1.125384, 2.872463</Position>
               </HpTurret03>
               <HpTurret04>
                  <Axis type="Vector">0, 1, 0</Axis>
                  <Max type="float">0.78539819</Max>
                  <Min type="float">-0.78539819</Min>
                  <Orientation type="Matrix">
                      -0.9271837500,   0.3746067000,   0.0000000000,
                      -0.3746067000,  -0.9271837500,   0.0000000000,
                       0.0000000000,   0.0000000000,   1.0000000000
                  </Orientation>
                  <Position type="Vector">-4.2822042, -1.12792, 2.8773711</Position>
               </HpTurret04>
               <HpTurret05>
                  <Axis type="Vector">0, 1, 0</Axis>
                  <Max type="float">0.78539819</Max>
                  <Min type="float">-0.78539819</Min>
                  <Orientation type="Matrix">
                      59.604645e-09,  -0.9999998800,  -0.0000000000,
                       0.9999998800,  59.604645e-09,   0.0000000000,
                       0.0000000000,  -0.0000000000,   1.0000000000
                  </Orientation>
                  <Position type="Vector">-1.237348, -0.344767, -2.8682301</Position>
               </HpTurret05>
               <HpTurret06>
                  <Axis type="Vector">0, 1, 0</Axis>
                  <Max type="float">0.78539819</Max>
                  <Min type="float">-0.78539819</Min>
                  <Orientation type="Matrix">
                      59.604645e-09,   0.9999998800,   0.0000000000,
                      -0.9999998800,  59.604645e-09,   0.0000000000,
                       0.0000000000,   0.0000000000,   1.0000000000
                  </Orientation>
                  <Position type="Vector">1.239717, -0.362645, -2.8465979</Position>
               </HpTurret06>
               <HpTurret07>
                  <Axis type="Vector">0, 1, 0</Axis>
                  <Max type="float">0.78539819</Max>
                  <Min type="float">-0.78539819</Min>
                  <Orientation type="Matrix">
                      -0.3420202700,  -0.9384049200,   0.0491797180,
                       0.9396927400,  -0.3415515400,   0.0178999530,
                     -1.8626451e-09,   0.0523359630,   0.9986295700
                  </Orientation>
                  <Position type="Vector">-1.231969, -0.298253, 0.957398</Position>
               </HpTurret07>
               <HpTurret08>
                  <Axis type="Vector">0, 1, 0</Axis>
                  <Max type="float">0.78539819</Max>
                  <Min type="float">-0.78539819</Min>
                  <Orientation type="Matrix">
                      -0.3420202700,   0.9384049200,  -0.0491797180,
                      -0.9396927400,  -0.3415515400,   0.0178999530,
                      1.8626451e-09,   0.0523359630,   0.9986295700
                  </Orientation>
                  <Position type="Vector">1.240625, -0.283081, 0.97134602</Position>
               </HpTurret08>
               <HpTorpedo01>
                  <Axis type="Vector">0, 1, 0</Axis>
                  <Max type="float">0.78539819</Max>
                  <Min type="float">-0.78539819</Min>
                  <Orientation type="Matrix">
                      -0.9271839300,   0.3740933200,  -0.0196054020,
                      -0.3746067000,  -0.9259132700,   0.0485250580,
                       0.0000000000,   0.0523359630,   0.9986295700
                  </Orientation>
                  <Position type="Vector">-6.1276412, -1.674708, 3.8578279</Position>
               </HpTorpedo01>
               <HpTorpedo02>
                  <Axis type="Vector">0, 1, 0</Axis>
                  <Max type="float">0.78539819</Max>
                  <Min type="float">-0.78539819</Min>
                  <Orientation type="Matrix">
                      -0.9271839300,  -0.3740933200,   0.0196054020,
                       0.3746067000,  -0.9259132700,   0.0485250580,
                       0.0000000000,   0.0523359630,   0.9986295700
                  </Orientation>
                  <Position type="Vector">6.1388159, -1.678706, 3.7723579</Position>
               </HpTorpedo02>
               <HpTorpedo03>
                  <Axis type="Vector">0, 1, 0</Axis>
                  <Max type="float">0.78539819</Max>
                  <Min type="float">-0.78539819</Min>
                  <Orientation type="Matrix">
                      -1.0000000000, -87.422777e-09,   0.0000000000,
                      87.422777e-09,  -1.0000000000,  -0.0000000000,
                       0.0000000000,   0.0000000000,   1.0000000000
                  </Orientation>
                  <Position type="Vector">0, -1.08838, 1.959797</Position>
               </HpTorpedo03>
            </Revolute>
         </Hardpoints>
         <MultiLevel>
            <Level0>
               <VMeshPart>
                  <VMeshRef type="VMeshRef">
                     <!-- header size  --> 60,
                     <!-- vmesh lib    --> mesh_sw_li_patriot_cockpit_000.lod0.vms,
                     <!-- start vert   --> 0,
                     <!-- num verts    --> 1940,
                     <!-- start index  --> 0,
                     <!-- num indices  --> 6246,
                     <!-- start mesh   --> 0,
                     <!-- num meshes   --> 10,
                     <!-- bounding box -->  10.856837,    4.8714805,    16.25878,
                                           -10.855538,   -4.8430681,   -15.965011,
                     <!-- center       --> 649.45221e-6,  0.014206171,   0.14688444,
                     <!-- radius       --> 25.185257
                  </VMeshRef>
               </VMeshPart>
            </Level0>
            <Level1>
               <VMeshPart>
                  <VMeshRef type="VMeshRef">
                     <!-- header size  --> 60,
                     <!-- vmesh lib    --> mesh_sw_li_patriot_cockpit_000.lod1.vms,
                     <!-- start vert   --> 0,
                     <!-- num verts    --> 1940,
                     <!-- start index  --> 0,
                     <!-- num indices  --> 6246,
                     <!-- start mesh   --> 0,
                     <!-- num meshes   --> 10,
                     <!-- bounding box -->  10.856837,    4.8714805,    16.25878,
                                           -10.855538,   -4.8430681,   -15.965011,
                     <!-- center       --> 649.45221e-6,  0.014206171,   0.14688444,
                     <!-- radius       --> 25.185257
                  </VMeshRef>
               </VMeshPart>
            </Level1>
            <Level2>
               <VMeshPart>
                  <VMeshRef type="VMeshRef">
                     <!-- header size  --> 60,
                     <!-- vmesh lib    --> mesh_sw_li_patriot_cockpit_000.lod2.vms,
                     <!-- start vert   --> 0,
                     <!-- num verts    --> 1940,
                     <!-- start index  --> 0,
                     <!-- num indices  --> 6246,
                     <!-- start mesh   --> 0,
                     <!-- num meshes   --> 10,
                     <!-- bounding box -->  10.856837,    4.8714805,    16.25878,
                                           -10.855538,   -4.8430681,   -15.965011,
                     <!-- center       --> 649.45221e-6,  0.014206171,   0.14688444,
                     <!-- radius       --> 25.185257
                  </VMeshRef>
               </VMeshPart>
            </Level2>
            <Level3>
               <VMeshPart>
                  <VMeshRef type="VMeshRef">
                     <!-- header size  --> 60,
                     <!-- vmesh lib    --> mesh_sw_li_patriot_cockpit_000.lod3.vms,
                     <!-- start vert   --> 0,
                     <!-- num verts    --> 1940,
                     <!-- start index  --> 0,
                     <!-- num indices  --> 6246,
                     <!-- start mesh   --> 0,
                     <!-- num meshes   --> 10,
                     <!-- bounding box -->  10.856837,    4.8714805,    16.25878,
                                           -10.855538,   -4.8430681,   -15.965011,
                     <!-- center       --> 649.45221e-6,  0.014206171,   0.14688444,
                     <!-- radius       --> 25.185257
                  </VMeshRef>
               </VMeshPart>
            </Level3>
            <Switch2 type="float array" count="5">
               0,
               100,
               1000,
               10000,
               1000000
            </Switch2>
         </MultiLevel>
      </mesh_sw_li_patriot_cockpit_000.3db>
   </UTF_ROOT>
</UTFXML>
