<?xml version="1.0" encoding="ISO-8859-1"?>
<!-- XML generated by UTFXML Version 2.2 built 19-Aug-2010 -->
<UTFXML filename="atlantis.cmp" path="SHIPS\new\private">
   <UTF_ROOT>
      <VMeshLibrary>
         <atlantis_1.3db.lod0.vms name="atlantis 1.3db.lod0.vms" include="atlantis_cmp\lod0.vms.xml"/>
      </VMeshLibrary>
      <Cmpnd>
         <Root>
            <File_name name="File name" type="text">atlantis 1.3db.3db</File_name>
            <Index type="int">0</Index>
            <Object_name name="Object name" type="text">Root</Object_name>
         </Root>
      </Cmpnd>
      <atlantis_1.3db.3db name="atlantis 1.3db.3db">
         <Hardpoints>
            <Fixed>
               <HpMount>
                  <Orientation type="Matrix">
                       1.0000000000,   0.0000000000,   0.0000000000,
                       0.0000000000,   1.0000000000,   0.0000000000,
                       0.0000000000,   0.0000000000,   1.0000000000
                  </Orientation>
                  <Position type="Vector">-0.166667, -180, -100</Position>
               </HpMount>
               <HpCockpit>
                  <Orientation type="Matrix">
                       1.0000000000,   0.0000000000,   0.0000000000,
                       0.0000000000,   1.0000000000,   0.0000000000,
                       0.0000000000,   0.0000000000,   1.0000000000
                  </Orientation>
                  <Position type="Vector">0, 102.43951, -104.53601</Position>
               </HpCockpit>
               <HpTractor_Source>
                  <Orientation type="Matrix">
                       1.0000000000,   0.0000000000,   0.0000000000,
                       0.0000000000,   1.0000000000,   0.0000000000,
                       0.0000000000,   0.0000000000,   1.0000000000
                  </Orientation>
                  <Position type="Vector">-3.4736371, -160, 0</Position>
               </HpTractor_Source>
               <HpShield01>
                  <Orientation type="Matrix">
                       1.0000000000,   0.0000000000,   0.0000000000,
                       0.0000000000,   1.0000000000,   0.0000000000,
                       0.0000000000,   0.0000000000,   1.0000000000
                  </Orientation>
                  <Position type="Vector">0, 0, 0</Position>
               </HpShield01>
               <HpCM01>
                  <Orientation type="Matrix">
                      -1.0000000000, -87.422777e-09,   0.0000000000,
                      87.422777e-09,  -1.0000000000,  -0.0000000000,
                       0.0000000000,   0.0000000000,   1.0000000000
                  </Orientation>
                  <Position type="Vector">6.399662, -2.710824, 618.64471</Position>
               </HpCM01>
               <HpEngine01>
                  <Orientation type="Matrix">
                       1.0000000000,   0.0000000000,   0.0000000000,
                       0.0000000000,   1.0000000000,   0.0000000000,
                       0.0000000000,   0.0000000000,   1.0000000000
                  </Orientation>
                  <Position type="Vector">-16.615614, -57.870285, 452.82712</Position>
               </HpEngine01>
               <HpEngine02>
                  <Orientation type="Matrix">
                       1.0000000000,   0.0000000000,   0.0000000000,
                       0.0000000000,   1.0000000000,   0.0000000000,
                       0.0000000000,   0.0000000000,   1.0000000000
                  </Orientation>
                  <Position type="Vector">29.612698, -57.720085, 452.7265</Position>
               </HpEngine02>
               <HpEngine03>
                  <Orientation type="Matrix">
                       1.0000000000,   0.0000000000,   0.0000000000,
                       0.0000000000,   1.0000000000,   0.0000000000,
                       0.0000000000,   0.0000000000,   1.0000000000
                  </Orientation>
                  <Position type="Vector">-17.157944, -64.475403, 421.75729</Position>
               </HpEngine03>
               <HpEngine04>
                  <Orientation type="Matrix">
                       1.0000000000,   0.0000000000,   0.0000000000,
                       0.0000000000,   1.0000000000,   0.0000000000,
                       0.0000000000,   0.0000000000,   1.0000000000
                  </Orientation>
                  <Position type="Vector">30.132841, -64.475319, 420.93182</Position>
               </HpEngine04>
               <HpEngine05>
                  <Orientation type="Matrix">
                       1.0000000000,   0.0000000000,   0.0000000000,
                       0.0000000000,   1.0000000000,   0.0000000000,
                       0.0000000000,   0.0000000000,   1.0000000000
                  </Orientation>
                  <Position type="Vector">-17.298874, -70.555107, 393.15265</Position>
               </HpEngine05>
               <HpEngine06>
                  <Orientation type="Matrix">
                       1.0000000000,   0.0000000000,   0.0000000000,
                       0.0000000000,   1.0000000000,   0.0000000000,
                       0.0000000000,   0.0000000000,   1.0000000000
                  </Orientation>
                  <Position type="Vector">29.275381, -70.555023, 392.33969</Position>
               </HpEngine06>
               <HpEngine07>
                  <Orientation type="Matrix">
                       1.0000000000,   0.0000000000,   0.0000000000,
                       0.0000000000,   1.0000000000,   0.0000000000,
                       0.0000000000,   0.0000000000,   1.0000000000
                  </Orientation>
                  <Position type="Vector">-17.439796, -76.634819, 364.548</Position>
               </HpEngine07>
               <HpEngine08>
                  <Orientation type="Matrix">
                       1.0000000000,   0.0000000000,   0.0000000000,
                       0.0000000000,   1.0000000000,   0.0000000000,
                       0.0000000000,   0.0000000000,   1.0000000000
                  </Orientation>
                  <Position type="Vector">29.505047, -76.484634, 364.43497</Position>
               </HpEngine08>
               <HpEngine09>
                  <Orientation type="Matrix">
                       1.0000000000,   0.0000000000,   0.0000000000,
                       0.0000000000,   1.0000000000,   0.0000000000,
                       0.0000000000,   0.0000000000,   1.0000000000
                  </Orientation>
                  <Position type="Vector">-17.611538, -83.089821, 334.17801</Position>
               </HpEngine09>
               <HpEngine010>
                  <Orientation type="Matrix">
                       1.0000000000,   0.0000000000,   0.0000000000,
                       0.0000000000,   1.0000000000,   0.0000000000,
                       0.0000000000,   0.0000000000,   1.0000000000
                  </Orientation>
                  <Position type="Vector">28.968885, -83.014725, 333.71814</Position>
               </HpEngine010>
               <HpCloak01>
                  <Orientation type="Matrix">
                       1.0000000000,   0.0000000000,   0.0000000000,
                       0.0000000000,   1.0000000000,   0.0000000000,
                       0.0000000000,   0.0000000000,   1.0000000000
                  </Orientation>
                  <Position type="Vector">0, 0, 0</Position>
               </HpCloak01>
            </Fixed>
            <Revolute>
               <HpTurret01>
                  <Axis type="Vector">0, 1, 0</Axis>
                  <Max type="float">1.5707964</Max>
                  <Min type="float">-1.5707964</Min>
                  <Orientation type="Matrix">
                       1.0000000000,   0.0000000000,   0.0000000000,
                       0.0000000000,   1.0000000000,   0.0000000000,
                       0.0000000000,   0.0000000000,   1.0000000000
                  </Orientation>
                  <Position type="Vector">-12.384865, 3.7751451, -618.68121</Position>
               </HpTurret01>
               <HpTurret02>
                  <Axis type="Vector">0, 1, 0</Axis>
                  <Max type="float">1.5707964</Max>
                  <Min type="float">-1.5707964</Min>
                  <Orientation type="Matrix">
                      -1.0000000000, -87.422777e-09,   0.0000000000,
                      87.422777e-09,  -1.0000000000,  -0.0000000000,
                       0.0000000000,   0.0000000000,   1.0000000000
                  </Orientation>
                  <Position type="Vector">-12.114638, -5.7067099, -620.9942</Position>
               </HpTurret02>
               <HpTurret03>
                  <Axis type="Vector">0, 1, 0</Axis>
                  <Max type="float">1.5707964</Max>
                  <Min type="float">-1.5707964</Min>
                  <Orientation type="Matrix">
                       0.5000000000,   0.0000000000,   0.8660253900,
                      -0.0000000000,   1.0000000000,   0.0000000000,
                      -0.8660253900,  -0.0000000000,   0.5000000000
                  </Orientation>
                  <Position type="Vector">-519.7804, 6.5851812, -295.45932</Position>
               </HpTurret03>
               <HpTurret04>
                  <Axis type="Vector">0, 1, 0</Axis>
                  <Max type="float">1.5707964</Max>
                  <Min type="float">-1.5707964</Min>
                  <Orientation type="Matrix">
                      -0.5000000000, -87.422777e-09,   0.8660253900,
                      43.711385e-09,  -1.0000000000, -75.710346e-09,
                       0.8660253900,   0.0000000000,   0.5000000000
                  </Orientation>
                  <Position type="Vector">-517.98145, -4.7844481, -294.43692</Position>
               </HpTurret04>
               <HpTurret05>
                  <Axis type="Vector">0, 1, 0</Axis>
                  <Max type="float">1.5707964</Max>
                  <Min type="float">-1.5707964</Min>
                  <Orientation type="Matrix">
                      -0.6427874600,   0.0000000000,   0.7660444400,
                      -0.0000000000,   1.0000000000,   0.0000000000,
                      -0.7660444400,  -0.0000000000,  -0.6427874600
                  </Orientation>
                  <Position type="Vector">-450.69437, 6.6406512, 268.28275</Position>
               </HpTurret05>
               <HpTurret06>
                  <Axis type="Vector">0, 1, 0</Axis>
                  <Max type="float">1.5707964</Max>
                  <Min type="float">-1.5707964</Min>
                  <Orientation type="Matrix">
                       0.6427875800, -87.422777e-09,   0.7660444400,
                     -56.194271e-09,  -0.9999998800, -66.969733e-09,
                       0.7660444400,   0.0000000000,  -0.6427874600
                  </Orientation>
                  <Position type="Vector">-453.38538, -1.115803, 268.90295</Position>
               </HpTurret06>
               <HpTurret07>
                  <Axis type="Vector">0, 1, 0</Axis>
                  <Max type="float">1.5707964</Max>
                  <Min type="float">-1.5707964</Min>
                  <Orientation type="Matrix">
                      -1.0000000000,   0.0000000000,  87.422777e-09,
                       0.0000000000,   1.0000000000,  -0.0000000000,
                     -87.422777e-09,   0.0000000000,  -1.0000000000
                  </Orientation>
                  <Position type="Vector">6.1993718, 6.575779, 603.13629</Position>
               </HpTurret07>
               <HpTurret08>
                  <Axis type="Vector">0, 1, 0</Axis>
                  <Max type="float">1.5707964</Max>
                  <Min type="float">-1.5707964</Min>
                  <Orientation type="Matrix">
                       1.0000000000, -87.422777e-09, -87.422777e-09,
                     -87.422777e-09,  -1.0000000000,  7.6427419e-15,
                     -87.422777e-09,   0.0000000000,  -1.0000000000
                  </Orientation>
                  <Position type="Vector">6.9352789, -4.787807, 604.23383</Position>
               </HpTurret08>
               <HpTurret09>
                  <Axis type="Vector">0, 1, 0</Axis>
                  <Max type="float">1.5707964</Max>
                  <Min type="float">-1.5707964</Min>
                  <Orientation type="Matrix">
                      -0.4226183900,   0.0000000000,  -0.9063077600,
                       0.0000000000,   1.0000000000,   0.0000000000,
                       0.9063077600,   0.0000000000,  -0.4226183900
                  </Orientation>
                  <Position type="Vector">451.19659, 6.6283932, 269.55719</Position>
               </HpTurret09>
               <HpTurret10>
                  <Axis type="Vector">0, 1, 0</Axis>
                  <Max type="float">1.5707964</Max>
                  <Min type="float">-1.5707964</Min>
                  <Orientation type="Matrix">
                       0.4226183300, -87.422777e-09,  -0.9063077600,
                     -36.946471e-09,  -1.0000000000,  79.231945e-09,
                      -0.9063077600,   0.0000000000,  -0.4226183900
                  </Orientation>
                  <Position type="Vector">451.70563, -1.982761, 270.49789</Position>
               </HpTurret10>
               <HpTurret11>
                  <Axis type="Vector">0, 1, 0</Axis>
                  <Max type="float">1.5707964</Max>
                  <Min type="float">-1.5707964</Min>
                  <Orientation type="Matrix">
                       0.5000000000,   0.0000000000,  -0.8660253900,
                       0.0000000000,   1.0000000000,   0.0000000000,
                       0.8660253900,   0.0000000000,   0.5000000000
                  </Orientation>
                  <Position type="Vector">516.70905, 6.5762339, -299.46625</Position>
               </HpTurret11>
               <HpTurret12>
                  <Axis type="Vector">0, 1, 0</Axis>
                  <Max type="float">1.5707964</Max>
                  <Min type="float">-1.5707964</Min>
                  <Orientation type="Matrix">
                      -0.5000000000, -87.422777e-09,  -0.8660253900,
                      43.711385e-09,  -1.0000000000,  75.710346e-09,
                      -0.8660253900,   0.0000000000,   0.5000000000
                  </Orientation>
                  <Position type="Vector">518.93988, -4.7917099, -300.89157</Position>
               </HpTurret12>
               <HpTurret13>
                  <Axis type="Vector">0, 1, 0</Axis>
                  <Max type="float">1.5707964</Max>
                  <Min type="float">-1.5707964</Min>
                  <Orientation type="Matrix">
                      59.604645e-09,  -0.9999998800,  -0.0000000000,
                       0.9999998800,  59.604645e-09,   0.0000000000,
                       0.0000000000,  -0.0000000000,   1.0000000000
                  </Orientation>
                  <Position type="Vector">-73.215149, 45.175583, -580.24664</Position>
               </HpTurret13>
               <HpTurret14>
                  <Axis type="Vector">0, 1, 0</Axis>
                  <Max type="float">1.5707964</Max>
                  <Min type="float">-1.5707964</Min>
                  <Orientation type="Matrix">
                      59.604645e-09,   0.9999998800,   0.0000000000,
                      -0.9999998800,  59.604645e-09,   0.0000000000,
                       0.0000000000,   0.0000000000,   1.0000000000
                  </Orientation>
                  <Position type="Vector">50.364616, 52.948048, -579.29309</Position>
               </HpTurret14>
               <HpTurret15>
                  <Axis type="Vector">0, 1, 0</Axis>
                  <Max type="float">2.4434609</Max>
                  <Min type="float">-2.4434609</Min>
                  <Orientation type="Matrix">
                       1.0000000000, -86.771138e-09, -76.768615e-09,
                     -76.768615e-09,  -0.9925460800,   0.1218693500,
                     -86.771138e-09,  -0.1218693500,  -0.9925460800
                  </Orientation>
                  <Position type="Vector">-2.3516901, -136.91772, -157.041</Position>
               </HpTurret15>
               <HpTurret16>
                  <Axis type="Vector">0, 1, 0</Axis>
                  <Max type="float">2.4434609</Max>
                  <Min type="float">-2.4434609</Min>
                  <Orientation type="Matrix">
                      -0.5000000000, -89.406967e-09,  -0.8660254500,
                      -0.1503837000,  -0.9848077300,   0.0868241710,
                      -0.8528685600,   0.1736481800,   0.4924038100
                  </Orientation>
                  <Position type="Vector">-114.45064, -141.04314, 70.943771</Position>
               </HpTurret16>
               <HpTurret17>
                  <Axis type="Vector">0, 1, 0</Axis>
                  <Max type="float">2.4434609</Max>
                  <Min type="float">-2.4434609</Min>
                  <Orientation type="Matrix">
                      -0.5000000000, -81.956387e-09,   0.8660254500,
                       0.1503837700,  -0.9848077300,   0.0868240220,
                       0.8528685600,   0.1736481800,   0.4924038400
                  </Orientation>
                  <Position type="Vector">117.88935, -140.62814, 65.18161</Position>
               </HpTurret17>
               <HpTurret18>
                  <Axis type="Vector">0, 1, 0</Axis>
                  <Max type="float">1.7453293</Max>
                  <Min type="float">-1.7453293</Min>
                  <Orientation type="Matrix">
                       1.0000000000,   0.0000000000,  -0.0000000000,
                      -0.0000000000,  59.604645e-09,  -0.9999998800,
                       0.0000000000,   0.9999998800,  59.604645e-09
                  </Orientation>
                  <Position type="Vector">0.73847198, 391.34247, 16.090778</Position>
               </HpTurret18>
               <HpTurret19>
                  <Axis type="Vector">0, 1, 0</Axis>
                  <Max type="float">1.5707964</Max>
                  <Min type="float">-1.5707964</Min>
                  <Orientation type="Matrix">
                      59.604645e-09,  -0.9999998800,  -0.0000000000,
                       0.9999998800,  59.604645e-09,   0.0000000000,
                       0.0000000000,  -0.0000000000,   1.0000000000
                  </Orientation>
                  <Position type="Vector">-287.60562, -0.161808, -428.19446</Position>
               </HpTurret19>
               <HpTurret20>
                  <Axis type="Vector">0, 1, 0</Axis>
                  <Max type="float">1.5707964</Max>
                  <Min type="float">-1.5707964</Min>
                  <Orientation type="Matrix">
                      59.604645e-09,   0.9396925000,   0.3420200600,
                      -0.9999998800,  59.604645e-09, -29.802322e-09,
                       0.0000000000,  -0.3420200600,   0.9396926200
                  </Orientation>
                  <Position type="Vector">124.37724, 0.68608898, -554.11511</Position>
               </HpTurret20>
               <HpTurret21>
                  <Axis type="Vector">0, 1, 0</Axis>
                  <Max type="float">1.5707964</Max>
                  <Min type="float">-1.5707964</Min>
                  <Orientation type="Matrix">
                       0.5000000000,   0.0000000000,   0.8660253900,
                      -0.0000000000,   1.0000000000,   0.0000000000,
                      -0.8660253900,  -0.0000000000,   0.5000000000
                  </Orientation>
                  <Position type="Vector">-472.25195, 8.8216677, -268.69946</Position>
               </HpTurret21>
               <HpTurret22>
                  <Axis type="Vector">0, 1, 0</Axis>
                  <Max type="float">1.5707964</Max>
                  <Min type="float">-1.5707964</Min>
                  <Orientation type="Matrix">
                      -0.5000000000, -87.422777e-09,   0.8660253900,
                      43.711385e-09,  -1.0000000000, -75.710346e-09,
                       0.8660253900,   0.0000000000,   0.5000000000
                  </Orientation>
                  <Position type="Vector">-472.30881, -6.4253969, -268.31729</Position>
               </HpTurret22>
               <HpTurret23>
                  <Axis type="Vector">0, 1, 0</Axis>
                  <Max type="float">1.5707964</Max>
                  <Min type="float">-1.5707964</Min>
                  <Orientation type="Matrix">
                      -1.0000000000,   0.0000000000,  87.422777e-09,
                       0.0000000000,   1.0000000000,  -0.0000000000,
                     -87.422777e-09,   0.0000000000,  -1.0000000000
                  </Orientation>
                  <Position type="Vector">6.3930869, 8.8215246, 545.85809</Position>
               </HpTurret23>
               <HpTurret24>
                  <Axis type="Vector">0, 1, 0</Axis>
                  <Max type="float">1.5707964</Max>
                  <Min type="float">-1.5707964</Min>
                  <Orientation type="Matrix">
                       1.0000000000, -87.422777e-09, -87.422777e-09,
                     -87.422777e-09,  -1.0000000000,  7.6427419e-15,
                     -87.422777e-09,   0.0000000000,  -1.0000000000
                  </Orientation>
                  <Position type="Vector">6.4671588, -6.4254532, 546.2702</Position>
               </HpTurret24>
               <HpTurret25>
                  <Axis type="Vector">0, 1, 0</Axis>
                  <Max type="float">1.5707964</Max>
                  <Min type="float">-1.5707964</Min>
                  <Orientation type="Matrix">
                       0.5000000000,   0.0000000000,  -0.8660253900,
                       0.0000000000,   1.0000000000,   0.0000000000,
                       0.8660253900,   0.0000000000,   0.5000000000
                  </Orientation>
                  <Position type="Vector">466.67786, 8.8216467, -271.21527</Position>
               </HpTurret25>
               <HpTurret26>
                  <Axis type="Vector">0, 1, 0</Axis>
                  <Max type="float">1.5707964</Max>
                  <Min type="float">-1.5707964</Min>
                  <Orientation type="Matrix">
                      -0.5000000000, -87.422777e-09,  -0.8660253900,
                      43.711385e-09,  -1.0000000000,  75.710346e-09,
                      -0.8660253900,   0.0000000000,   0.5000000000
                  </Orientation>
                  <Position type="Vector">466.69965, -6.4254031, -270.69229</Position>
               </HpTurret26>
               <HpTurret27>
                  <Axis type="Vector">0, 1, 0</Axis>
                  <Max type="float">1.5707964</Max>
                  <Min type="float">-1.5707964</Min>
                  <Orientation type="Matrix">
                       1.0000000000,   0.0000000000,   0.0000000000,
                       0.0000000000,   1.0000000000,   0.0000000000,
                       0.0000000000,   0.0000000000,   1.0000000000
                  </Orientation>
                  <Position type="Vector">-66.289474, 70.534653, -569.71564</Position>
               </HpTurret27>
               <HpTurret28>
                  <Axis type="Vector">0, 1, 0</Axis>
                  <Max type="float">1.5707964</Max>
                  <Min type="float">-1.5707964</Min>
                  <Orientation type="Matrix">
                       1.0000000000,   0.0000000000,   0.0000000000,
                       0.0000000000,   1.0000000000,   0.0000000000,
                       0.0000000000,   0.0000000000,   1.0000000000
                  </Orientation>
                  <Position type="Vector">41.889263, 70.534653, -569.37469</Position>
               </HpTurret28>
               <HpTurret29>
                  <Axis type="Vector">0, 1, 0</Axis>
                  <Max type="float">1.5707964</Max>
                  <Min type="float">-1.5707964</Min>
                  <Orientation type="Matrix">
                       1.0000000000,   0.0000000000,   0.0000000000,
                       0.0000000000,   1.0000000000,   0.0000000000,
                       0.0000000000,   0.0000000000,   1.0000000000
                  </Orientation>
                  <Position type="Vector">-324.04245, 13.265486, -354.97162</Position>
               </HpTurret29>
               <HpTurret30>
                  <Axis type="Vector">0, 1, 0</Axis>
                  <Max type="float">1.5707964</Max>
                  <Min type="float">-1.5707964</Min>
                  <Orientation type="Matrix">
                       1.0000000000,   0.0000000000,   0.0000000000,
                       0.0000000000,   1.0000000000,   0.0000000000,
                       0.0000000000,   0.0000000000,   1.0000000000
                  </Orientation>
                  <Position type="Vector">223.21045, 9.9873543, -408.21228</Position>
               </HpTurret30>
               <HpTurret31>
                  <Axis type="Vector">0, 1, 0</Axis>
                  <Max type="float">3.1415927</Max>
                  <Min type="float">-3.1415927</Min>
                  <Orientation type="Matrix">
                      -1.0000000000, -84.443919e-09, -22.626683e-09,
                      87.422784e-09,  -0.9659259300,  -0.2588190700,
                      888.17842e-18,  -0.2588190700,   0.9659258100
                  </Orientation>
                  <Position type="Vector">-7.5724831, -43.305779, -533.64075</Position>
               </HpTurret31>
               <HpTurret32>
                  <Axis type="Vector">0, 1, 0</Axis>
                  <Max type="float">3.1415927</Max>
                  <Min type="float">-3.1415927</Min>
                  <Orientation type="Matrix">
                      -0.5143059500,  -0.2395674300,   0.8234663000,
                       0.0040136352,  -0.9608528600,  -0.2770299300,
                       0.8575973500,  -0.1391730800,   0.4951339700
                  </Orientation>
                  <Position type="Vector">-419.80103, -54.772305, -235.69417</Position>
               </HpTurret32>
               <HpTurret33>
                  <Axis type="Vector">0, 1, 0</Axis>
                  <Max type="float">3.1415927</Max>
                  <Min type="float">-3.1415927</Min>
                  <Orientation type="Matrix">
                       0.5106809100,  -0.2401185300,   0.8255592000,
                      -0.0185540240,  -0.9630631800,  -0.2686350600,
                       0.8595700900,   0.1218693500,  -0.4962731000
                  </Orientation>
                  <Position type="Vector">-402.27625, -57.259846, 233.97255</Position>
               </HpTurret33>
               <HpTurret34>
                  <Axis type="Vector">0, 1, 0</Axis>
                  <Max type="float">3.1415927</Max>
                  <Min type="float">-3.1415927</Min>
                  <Orientation type="Matrix">
                       1.0000000000, -84.036159e-09, -111.51975e-09,
                     -111.51975e-09,  -0.9612616300,  -0.2756373600,
                     -84.036159e-09,   0.2756373600,  -0.9612616300
                  </Orientation>
                  <Position type="Vector">6.8563881, -50.623993, 491.18277</Position>
               </HpTurret34>
               <HpTurret35>
                  <Axis type="Vector">0, 1, 0</Axis>
                  <Max type="float">3.1415927</Max>
                  <Min type="float">-3.1415927</Min>
                  <Orientation type="Matrix">
                       0.5218852200,   0.2548871300,  -0.8140445400,
                      -0.0158498960,  -0.9512513300,  -0.3080096200,
                      -0.8528685000,   0.1736481900,  -0.4924041000
                  </Orientation>
                  <Position type="Vector">397.76242, -59.010643, 235.62666</Position>
               </HpTurret35>
               <HpTurret36>
                  <Axis type="Vector">0, 1, 0</Axis>
                  <Max type="float">3.1415927</Max>
                  <Min type="float">-3.1415927</Min>
                  <Orientation type="Matrix">
                      -0.5218851000,   0.2548871000,  -0.8140445400,
                       0.0158499630,  -0.9512512100,  -0.3080096200,
                      -0.8528685000,  -0.1736481900,   0.4924038600
                  </Orientation>
                  <Position type="Vector">419.36356, -55.245724, -239.55659</Position>
               </HpTurret36>
               <HpTurret37>
                  <Axis type="Vector">0, 1, 0</Axis>
                  <Max type="float">1.5707964</Max>
                  <Min type="float">-1.5707964</Min>
                  <Orientation type="Matrix">
                      -0.4980970000,  -0.8627297900,   0.0871559080,
                      -0.0435779990,  -0.0754790310,  -0.9961944800,
                       0.8660252100,  -0.4999998800,  178.81393e-09
                  </Orientation>
                  <Position type="Vector">-133.26659, 123.07668, -72.394241</Position>
               </HpTurret37>
               <HpTurret38>
                  <Axis type="Vector">0, 1, 0</Axis>
                  <Max type="float">1.5707964</Max>
                  <Min type="float">-1.5707964</Min>
                  <Orientation type="Matrix">
                      -0.4980970000,   0.8627297900,  -0.0871559080,
                       0.0435779990,  -0.0754790310,  -0.9961944800,
                      -0.8660252100,  -0.4999998800,  178.81393e-09
                  </Orientation>
                  <Position type="Vector">128.47081, 119.92442, -75.055511</Position>
               </HpTurret38>
               <HpTurret39>
                  <Axis type="Vector">0, 1, 0</Axis>
                  <Max type="float">1.5707964</Max>
                  <Min type="float">-1.5707964</Min>
                  <Orientation type="Matrix">
                       1.0000000000,   0.0000000000,  -0.0000000000,
                      -0.0000000000,  -0.0871559380,  -0.9961947200,
                       0.0000000000,   0.9961947200,  -0.0871559380
                  </Orientation>
                  <Position type="Vector">-0.448551, 121.68076, 155.45689</Position>
               </HpTurret39>
               <HpTurret40>
                  <Axis type="Vector">0, 1, 0</Axis>
                  <Max type="float">1.7453293</Max>
                  <Min type="float">-1.7453293</Min>
                  <Orientation type="Matrix">
                      -1.0000000000,   0.0000000000,  87.422784e-09,
                     -82.150542e-09,   0.3420200900,  -0.9396926800,
                     -29.900349e-09,  -0.9396926800,  -0.3420201500
                  </Orientation>
                  <Position type="Vector">0.20285501, 371.5318, 3.8962131</Position>
               </HpTurret40>
               <HpTorpedo01>
                  <Axis type="Vector">0, 1, 0</Axis>
                  <Max type="float">1.5707964</Max>
                  <Min type="float">-1.5707964</Min>
                  <Orientation type="Matrix">
                       1.0000000000,   0.0000000000,   0.0000000000,
                       0.0000000000,   1.0000000000,   0.0000000000,
                       0.0000000000,   0.0000000000,   1.0000000000
                  </Orientation>
                  <Position type="Vector">-12.077431, 3.77507, -626.39618</Position>
               </HpTorpedo01>
            </Revolute>
         </Hardpoints>
         <MultiLevel>
            <Level0>
               <VMeshPart>
                  <VMeshRef type="VMeshRef">
                     <!-- header size  --> 60,
                     <!-- vmesh lib    --> atlantis 1.3db.lod0.vms,
                     <!-- start vert   --> 0,
                     <!-- num verts    --> 11780,
                     <!-- start index  --> 0,
                     <!-- num indices  --> 27171,
                     <!-- start mesh   --> 0,
                     <!-- num meshes   --> 22,
                     <!-- bounding box -->  529.83447,  402.6442,  619.4201,
                                           -534.88428, -150.0172, -627.50122,
                     <!-- center       -->    0,          0,         0,
                     <!-- radius       --> 1100
                  </VMeshRef>
               </VMeshPart>
            </Level0>
         </MultiLevel>
      </atlantis_1.3db.3db>
   </UTF_ROOT>
</UTFXML>
