<?xml version="1.0" encoding="ISO-8859-1"?>
<!-- XML generated by UTFXML Version 2.2 built 19-Aug-2010 -->
<UTFXML filename="Dead_echo.cmp" path="SHIPS\new\private">
   <UTF_ROOT>
      <VMeshLibrary>
         <Dead_echo.lod0.vms include="Dead_echo_cmp\lod0.vms.xml"/>
      </VMeshLibrary>
      <Cmpnd>
         <Root>
            <File_name name="File name" type="text">Dead_echo.3db</File_name>
            <Index type="int">0</Index>
            <Object_name name="Object name" type="text">Root</Object_name>
         </Root>
      </Cmpnd>
      <Dead_echo.3db>
         <Hardpoints>
            <Fixed>
               <HpMount>
                  <Orientation type="Matrix">
                       1.0000000000,   0.0000000000,   0.0000000000,
                       0.0000000000,   1.0000000000,   0.0000000000,
                       0.0000000000,   0.0000000000,   1.0000000000
                  </Orientation>
                  <Position type="Vector">0, -4.2, 0</Position>
               </HpMount>
               <HpTractor_Source>
                  <Orientation type="Matrix">
                       1.0000000000,   0.0000000000,   0.0000000000,
                       0.0000000000,   1.0000000000,   0.0000000000,
                       0.0000000000,   0.0000000000,   1.0000000000
                  </Orientation>
                  <Position type="Vector">0, -2.1985068, -16.059345</Position>
               </HpTractor_Source>
               <HpEngine01>
                  <Orientation type="Matrix">
                       1.0000000000,   0.0000000000,   0.0000000000,
                       0.0000000000,   1.0000000000,   0.0000000000,
                       0.0000000000,   0.0000000000,   1.0000000000
                  </Orientation>
                  <Position type="Vector">0, 0.88323814, 12.588831</Position>
               </HpEngine01>
               <HpThruster01>
                  <Orientation type="Matrix">
                      -1.0000000000, -87.422777e-09,   0.0000000000,
                      87.422777e-09,  -1.0000000000,  -0.0000000000,
                       0.0000000000,   0.0000000000,   1.0000000000
                  </Orientation>
                  <Position type="Vector">0, -0.68379086, 5.4303355</Position>
               </HpThruster01>
               <HpShield01>
                  <Orientation type="Matrix">
                       0.9993908400,  -0.0338628290,   0.0084429523,
                       0.0348994960,   0.9697046900,  -0.2417745100,
                       0.0000000000,   0.2419218900,   0.9702957300
                  </Orientation>
                  <Position type="Vector">0, 1.12, -0.074666478</Position>
               </HpShield01>
               <HpHeadLight>
                  <Orientation type="Matrix">
                       1.0000000000,   0.0000000000,   0.0000000000,
                       0.0000000000,   1.0000000000,   0.0000000000,
                       0.0000000000,   0.0000000000,   1.0000000000
                  </Orientation>
                  <Position type="Vector">0, -1.3141543, -13.330162</Position>
               </HpHeadLight>
               <HpContrail01>
                  <Orientation type="Matrix">
                      59.604645e-09,  -0.9999998800,  -0.0000000000,
                       0.9999998800,  59.604645e-09,   0.0000000000,
                       0.0000000000,  -0.0000000000,   1.0000000000
                  </Orientation>
                  <Position type="Vector">-10.287435, -2.2237248, 9.3940287</Position>
               </HpContrail01>
               <HpContrail02>
                  <Orientation type="Matrix">
                       1.0000000000,   0.0000000000,   0.0000000000,
                       0.0000000000,   1.0000000000,   0.0000000000,
                       0.0000000000,   0.0000000000,   1.0000000000
                  </Orientation>
                  <Position type="Vector">10.313587, -2.2216594, 9.3662996</Position>
               </HpContrail02>
               <HpContrail03>
                  <Orientation type="Matrix">
                     -59.604645e-09,  -0.1218693000,  -0.9925460800,
                       0.9999998800,  59.604645e-09, -119.20929e-09,
                       0.0000000000,  -0.9925460800,   0.1218694400
                  </Orientation>
                  <Position type="Vector">-2.9799945, 0.48480937, 11.921885</Position>
               </HpContrail03>
               <HpContrail04>
                  <Orientation type="Matrix">
                       1.0000000000,   0.0000000000,   0.0000000000,
                       0.0000000000,   1.0000000000,   0.0000000000,
                       0.0000000000,   0.0000000000,   1.0000000000
                  </Orientation>
                  <Position type="Vector">3.0030897, 0.45674831, 11.920565</Position>
               </HpContrail04>
               <HpMine01>
                  <Orientation type="Matrix">
                      -1.0000000000, -87.422777e-09,   0.0000000000,
                      87.422777e-09,  -1.0000000000,  -0.0000000000,
                       0.0000000000,   0.0000000000,   1.0000000000
                  </Orientation>
                  <Position type="Vector">-0.41385847, -0.27760491, 11.035054</Position>
               </HpMine01>
               <HpMine02>
                  <Orientation type="Matrix">
                      -1.0000000000, -87.422777e-09,   0.0000000000,
                      87.422777e-09,  -1.0000000000,  -0.0000000000,
                       0.0000000000,   0.0000000000,   1.0000000000
                  </Orientation>
                  <Position type="Vector">0.40737256, -0.27760491, 11.02506</Position>
               </HpMine02>
               <HpCM01>
                  <Orientation type="Matrix">
                      -1.0000000000, -87.422777e-09,   0.0000000000,
                      87.422777e-09,  -1.0000000000,  -0.0000000000,
                       0.0000000000,   0.0000000000,   1.0000000000
                  </Orientation>
                  <Position type="Vector">-0.21954969, 0.02744448, 13.142642</Position>
               </HpCM01>
               <HpCM02>
                  <Orientation type="Matrix">
                      -1.0000000000, -87.422777e-09,   0.0000000000,
                      87.422777e-09,  -1.0000000000,  -0.0000000000,
                       0.0000000000,   0.0000000000,   1.0000000000
                  </Orientation>
                  <Position type="Vector">0.20137881, 0.025806481, 13.104815</Position>
               </HpCM02>
               <HpRunningLight01>
                  <Orientation type="Matrix">
                       1.0000000000,   0.0000000000,   0.0000000000,
                       0.0000000000,   1.0000000000,   0.0000000000,
                       0.0000000000,   0.0000000000,   1.0000000000
                  </Orientation>
                  <Position type="Vector">-11.619608, -1.9485552, 1.50164</Position>
               </HpRunningLight01>
               <HpRunningLight02>
                  <Orientation type="Matrix">
                       1.0000000000,   0.0000000000,   0.0000000000,
                       0.0000000000,   1.0000000000,   0.0000000000,
                       0.0000000000,   0.0000000000,   1.0000000000
                  </Orientation>
                  <Position type="Vector">11.650587, -1.9484612, 1.5000631</Position>
               </HpRunningLight02>
               <HpDocklight01>
                  <Orientation type="Matrix">
                       1.0000000000,   0.0000000000,   0.0000000000,
                       0.0000000000,   1.0000000000,   0.0000000000,
                       0.0000000000,   0.0000000000,   1.0000000000
                  </Orientation>
                  <Position type="Vector">-10.286244, -2.2245469, 9.3997831</Position>
               </HpDocklight01>
               <HpDocklight02>
                  <Orientation type="Matrix">
                       1.0000000000,   0.0000000000,   0.0000000000,
                       0.0000000000,   1.0000000000,   0.0000000000,
                       0.0000000000,   0.0000000000,   1.0000000000
                  </Orientation>
                  <Position type="Vector">10.305416, -2.2245839, 9.4104643</Position>
               </HpDocklight02>
               <HpNew01>
                  <Orientation type="Matrix">
                       0.2756373900,  -0.7363692500,  -0.6178870800,
                       0.9612617500,   0.2111504700,   0.1771763300,
                       0.0000000000,  -0.6427875800,   0.7660444400
                  </Orientation>
                  <Position type="Vector">0, 1.12, -0.074666478</Position>
               </HpNew01>
               <HpNew02>
                  <Orientation type="Matrix">
                       0.2756373900,  -0.7363692500,  -0.6178870800,
                       0.9612617500,   0.2111504700,   0.1771763300,
                       0.0000000000,  -0.6427875800,   0.7660444400
                  </Orientation>
                  <Position type="Vector">0, 1.12, -0.074666478</Position>
               </HpNew02>
               <HpNew03>
                  <Orientation type="Matrix">
                       0.2756373900,  -0.7363692500,  -0.6178870800,
                       0.9612617500,   0.2111504700,   0.1771763300,
                       0.0000000000,  -0.6427875800,   0.7660444400
                  </Orientation>
                  <Position type="Vector">0, 1.12, -0.074666478</Position>
               </HpNew03>
               <HpNew04>
                  <Orientation type="Matrix">
                       0.2756373900,  -0.7363692500,  -0.6178870800,
                       0.9612617500,   0.2111504700,   0.1771763300,
                       0.0000000000,  -0.6427875800,   0.7660444400
                  </Orientation>
                  <Position type="Vector">0, 1.12, -0.074666478</Position>
               </HpNew04>
               <HpNew05>
                  <Orientation type="Matrix">
                       0.2756373900,  -0.7363692500,  -0.6178870800,
                       0.9612617500,   0.2111504700,   0.1771763300,
                       0.0000000000,  -0.6427875800,   0.7660444400
                  </Orientation>
                  <Position type="Vector">0, 1.12, -0.074666478</Position>
               </HpNew05>
               <HpCloak01>
                  <Orientation type="Matrix">
                       0.2756373900,  -0.7363692500,  -0.6178870800,
                       0.9612617500,   0.2111504700,   0.1771763300,
                       0.0000000000,  -0.6427875800,   0.7660444400
                  </Orientation>
                  <Position type="Vector">0, 1.12, -0.074666478</Position>
               </HpCloak01>
               <HpFX01>
                  <Orientation type="Matrix">
                       0.2756373900,  -0.7363692500,  -0.6178870800,
                       0.9612617500,   0.2111504700,   0.1771763300,
                       0.0000000000,  -0.6427875800,   0.7660444400
                  </Orientation>
                  <Position type="Vector">0, 1.12, -0.074666478</Position>
               </HpFX01>
            </Fixed>
            <Revolute>
               <HpTorpedo01>
                  <Axis type="Vector">0, 1, 0</Axis>
                  <Max type="float">0.78539819</Max>
                  <Min type="float">-0.78539819</Min>
                  <Orientation type="Matrix">
                      -1.0000000000, -87.422777e-09,   0.0000000000,
                      87.422777e-09,  -1.0000000000,  -0.0000000000,
                       0.0000000000,   0.0000000000,   1.0000000000
                  </Orientation>
                  <Position type="Vector">0, -2.4758766, -13.641677</Position>
               </HpTorpedo01>
               <HpTorpedo02>
                  <Axis type="Vector">0, 1, 0</Axis>
                  <Max type="float">1.0471976</Max>
                  <Min type="float">-1.0471976</Min>
                  <Orientation type="Matrix">
                      -1.0000000000, -87.422777e-09,   0.0000000000,
                      87.422777e-09,  -1.0000000000,  -0.0000000000,
                       0.0000000000,   0.0000000000,   1.0000000000
                  </Orientation>
                  <Position type="Vector">0.39063975, -2.6616404, -13.247866</Position>
               </HpTorpedo02>
               <HpTorpedo03>
                  <Axis type="Vector">0, 1, 0</Axis>
                  <Max type="float">1.0471976</Max>
                  <Min type="float">-1.0471976</Min>
                  <Orientation type="Matrix">
                      -1.0000000000, -87.422777e-09,   0.0000000000,
                      87.422777e-09,  -1.0000000000,  -0.0000000000,
                       0.0000000000,   0.0000000000,   1.0000000000
                  </Orientation>
                  <Position type="Vector">-0.4018952, -2.6616409, -13.228523</Position>
               </HpTorpedo03>
               <HpTurret01>
                  <Axis type="Vector">0, 1, 0</Axis>
                  <Max type="float">3.1415927</Max>
                  <Min type="float">-3.1415927</Min>
                  <Orientation type="Matrix">
                       0.0000000000,  -0.9902680500,   0.1391730900,
                       1.0000000000,   0.0000000000,  7.4505806e-09,
                      7.4505806e-09,   0.1391730900,   0.9902681100
                  </Orientation>
                  <Position type="Vector">-11.27627, -2.0372162, 4.9117723</Position>
               </HpTurret01>
               <HpTurret02>
                  <Axis type="Vector">0, 1, 0</Axis>
                  <Max type="float">3.1415927</Max>
                  <Min type="float">-3.1415927</Min>
                  <Orientation type="Matrix">
                       0.0000000000,   0.9902680500,  -0.1391730900,
                      -1.0000000000,   0.0000000000,  7.4505806e-09,
                     -7.4505806e-09,   0.1391730900,   0.9902681100
                  </Orientation>
                  <Position type="Vector">11.307149, -2.0483348, 4.8618951</Position>
               </HpTurret02>
               <HpTurret03>
                  <Axis type="Vector">0, 1, 0</Axis>
                  <Max type="float">3.1415927</Max>
                  <Min type="float">-3.1415927</Min>
                  <Orientation type="Matrix">
                      -1.0000000000, -87.422777e-09,   0.0000000000,
                      87.422777e-09,  -1.0000000000,  -0.0000000000,
                       0.0000000000,   0.0000000000,   1.0000000000
                  </Orientation>
                  <Position type="Vector">-4.4935932, -2.3371565, -0.50534403</Position>
               </HpTurret03>
               <HpTurret04>
                  <Axis type="Vector">0, 1, 0</Axis>
                  <Max type="float">3.1415927</Max>
                  <Min type="float">-3.1415927</Min>
                  <Orientation type="Matrix">
                      -1.0000000000, -87.422777e-09,   0.0000000000,
                      87.422777e-09,  -1.0000000000,  -0.0000000000,
                       0.0000000000,   0.0000000000,   1.0000000000
                  </Orientation>
                  <Position type="Vector">4.4814734, -2.3372657, -0.49906024</Position>
               </HpTurret04>
               <HpTurret05>
                  <Axis type="Vector">0, 1, 0</Axis>
                  <Max type="float">1.0471976</Max>
                  <Min type="float">-1.0471976</Min>
                  <Orientation type="Matrix">
                       0.1736481200,  -0.9848078500,  -0.0000000000,
                       0.9848078500,   0.1736481200,   0.0000000000,
                       0.0000000000,  -0.0000000000,   1.0000000000
                  </Orientation>
                  <Position type="Vector">-1.9099337, -0.42927024, -8.3986998</Position>
               </HpTurret05>
               <HpTurret06>
                  <Axis type="Vector">0, 1, 0</Axis>
                  <Max type="float">1.0471976</Max>
                  <Min type="float">-1.0471976</Min>
                  <Orientation type="Matrix">
                       0.1736481200,   0.9848078500,   0.0000000000,
                      -0.9848078500,   0.1736481200,   0.0000000000,
                       0.0000000000,   0.0000000000,   1.0000000000
                  </Orientation>
                  <Position type="Vector">1.9358052, -0.41553792, -8.391427</Position>
               </HpTurret06>
               <HpTurret07>
                  <Axis type="Vector">0, 1, 0</Axis>
                  <Max type="float">0.78539819</Max>
                  <Min type="float">-0.78539819</Min>
                  <Orientation type="Matrix">
                      -0.9335804000,   0.3583679500,   0.0000000000,
                      -0.3583679500,  -0.9335804000,   0.0000000000,
                       0.0000000000,   0.0000000000,   1.0000000000
                  </Orientation>
                  <Position type="Vector">-9.2263765, -1.3046124, 3.5895939</Position>
               </HpTurret07>
               <HpTurret08>
                  <Axis type="Vector">0, 1, 0</Axis>
                  <Max type="float">0.78539819</Max>
                  <Min type="float">-0.78539819</Min>
                  <Orientation type="Matrix">
                      -0.9335804000,  -0.3583679500,  -0.0000000000,
                       0.3583679500,  -0.9335804000,   0.0000000000,
                       0.0000000000,  -0.0000000000,   1.0000000000
                  </Orientation>
                  <Position type="Vector">9.4017859, -1.3684558, 3.5895939</Position>
               </HpTurret08>
               <HpTurret09>
                  <Axis type="Vector">0, 1, 0</Axis>
                  <Max type="float">0.78539819</Max>
                  <Min type="float">-0.78539819</Min>
                  <Orientation type="Matrix">
                      -0.9335804000,   0.3583679500,   0.0000000000,
                      -0.3583679500,  -0.9335804000,   0.0000000000,
                       0.0000000000,   0.0000000000,   1.0000000000
                  </Orientation>
                  <Position type="Vector">-7.699369, -0.72222751, 3.5483582</Position>
               </HpTurret09>
               <HpTurret10>
                  <Axis type="Vector">0, 1, 0</Axis>
                  <Max type="float">0.78539819</Max>
                  <Min type="float">-0.78539819</Min>
                  <Orientation type="Matrix">
                      -0.9335804000,  -0.3583679500,  -0.0000000000,
                       0.3583679500,  -0.9335804000,   0.0000000000,
                       0.0000000000,  -0.0000000000,   1.0000000000
                  </Orientation>
                  <Position type="Vector">7.8747783, -0.78607088, 3.5483582</Position>
               </HpTurret10>
               <HpTurret11>
                  <Axis type="Vector">0, 1, 0</Axis>
                  <Max type="float">3.1415927</Max>
                  <Min type="float">-3.1415927</Min>
                  <Orientation type="Matrix">
                      -1.0000000000, -87.422777e-09,   0.0000000000,
                      87.422777e-09,  -1.0000000000,  -0.0000000000,
                       0.0000000000,   0.0000000000,   1.0000000000
                  </Orientation>
                  <Position type="Vector">-6.8692422, -2.3318217, 8.1718845</Position>
               </HpTurret11>
               <HpTurret12>
                  <Axis type="Vector">0, 1, 0</Axis>
                  <Max type="float">3.1415927</Max>
                  <Min type="float">-3.1415927</Min>
                  <Orientation type="Matrix">
                      -1.0000000000, -87.422777e-09,   0.0000000000,
                      87.422777e-09,  -1.0000000000,  -0.0000000000,
                       0.0000000000,   0.0000000000,   1.0000000000
                  </Orientation>
                  <Position type="Vector">6.8496566, -2.3369443, 8.2038126</Position>
               </HpTurret12>
               <HpTurret13>
                  <Axis type="Vector">0, 1, 0</Axis>
                  <Max type="float">1.0471976</Max>
                  <Min type="float">-1.0471976</Min>
                  <Orientation type="Matrix">
                      -0.9993908400,   0.0348994510,   0.0000000000,
                      -0.0348994510,  -0.9993908400,   0.0000000000,
                       0.0000000000,   0.0000000000,   1.0000000000
                  </Orientation>
                  <Position type="Vector">0.67990607, -2.7842293, -9.9828672</Position>
               </HpTurret13>
               <HpTurret14>
                  <Axis type="Vector">0, 1, 0</Axis>
                  <Max type="float">1.0471976</Max>
                  <Min type="float">-1.0471976</Min>
                  <Orientation type="Matrix">
                      -0.9993908400,  -0.0348994510,  -0.0000000000,
                       0.0348994510,  -0.9993908400,   0.0000000000,
                       0.0000000000,  -0.0000000000,   1.0000000000
                  </Orientation>
                  <Position type="Vector">-0.67990607, -2.7842293, -9.9828672</Position>
               </HpTurret14>
            </Revolute>
         </Hardpoints>
         <MultiLevel>
            <Level0>
               <VMeshPart>
                  <VMeshRef type="VMeshRef">
                     <!-- header size  --> 60,
                     <!-- vmesh lib    --> Dead_echo.lod0.vms,
                     <!-- start vert   --> 0,
                     <!-- num verts    --> 49932,
                     <!-- start index  --> 0,
                     <!-- num indices  --> 54312,
                     <!-- start mesh   --> 0,
                     <!-- num meshes   --> 5,
                     <!-- bounding box -->  11.651514,     2.9451969,   14.128322,
                                           -11.620752,    -2.7969916,  -16.420116,
                     <!-- center       -->   0.015380859,  0.07410264,  -1.1458974,
                     <!-- radius       --> 25.435341
                  </VMeshRef>
               </VMeshPart>
            </Level0>
         </MultiLevel>
      </Dead_echo.3db>
   </UTF_ROOT>
</UTFXML>
