<?xml version="1.0" encoding="ISO-8859-1"?>
<!-- XML generated by UTFXML Version 2.2 built 19-Aug-2010 -->
<UTFXML filename="dzena.cmp" path="SHIPS\new\private">
   <UTF_ROOT>
      <VMeshLibrary>
         <dzena.lod0.vms include="dzena_cmp\lod0.vms.xml"/>
      </VMeshLibrary>
      <Cmpnd>
         <Root>
            <File_name name="File name" type="text">dzena.3db</File_name>
            <Index type="int">0</Index>
            <Object_name name="Object name" type="text">Root</Object_name>
         </Root>
      </Cmpnd>
      <dzena.3db>
         <Hardpoints>
            <Fixed>
               <HpMount>
                  <Orientation type="Matrix">
                       1.0000000000,   0.0000000000,   0.0000000000,
                       0.0000000000,   1.0000000000,   0.0000000000,
                       0.0000000000,   0.0000000000,   1.0000000000
                  </Orientation>
                  <Position type="Vector">0, -4, -2</Position>
               </HpMount>
               <HpRadar01>
                  <Orientation type="Matrix">
                       0.8660253900,   0.5000000000,   0.0000000000,
                      -0.5000000000,   0.8660253900,   0.0000000000,
                       0.0000000000,   0.0000000000,   1.0000000000
                  </Orientation>
                  <Position type="Vector">2, -0.6, -4</Position>
               </HpRadar01>
               <HpTractor_source01>
                  <Orientation type="Matrix">
                       0.5000000000,   0.8660253900,   0.0000000000,
                      -0.8660253900,   0.5000000000,   0.0000000000,
                       0.0000000000,   0.0000000000,   1.0000000000
                  </Orientation>
                  <Position type="Vector">0.125559, -0.7758, -10.648967</Position>
               </HpTractor_source01>
               <HpCM01>
                  <Orientation type="Matrix">
                       0.9063077600,   0.4226182700,   0.0000000000,
                      -0.4226182700,   0.9063077600,   0.0000000000,
                       0.0000000000,   0.0000000000,   1.0000000000
                  </Orientation>
                  <Position type="Vector">4.8325281, 0.029656, 2.50369</Position>
               </HpCM01>
               <HpMine01>
                  <Orientation type="Matrix">
                       0.9063077600,  -0.4226182700,  -0.0000000000,
                       0.4226182700,   0.9063077600,   0.0000000000,
                       0.0000000000,  -0.0000000000,   1.0000000000
                  </Orientation>
                  <Position type="Vector">-4.8303819, -0.038272001, 2.527076</Position>
               </HpMine01>
               <HpEngine01>
                  <Orientation type="Matrix">
                       1.0000000000,   0.0000000000,   0.0000000000,
                       0.0000000000,   1.0000000000,   0.0000000000,
                       0.0000000000,   0.0000000000,   1.0000000000
                  </Orientation>
                  <Position type="Vector">1.5, -0.3, 3.2</Position>
               </HpEngine01>
               <HpEngine02>
                  <Orientation type="Matrix">
                       1.0000000000,   0.0000000000,   0.0000000000,
                       0.0000000000,   1.0000000000,   0.0000000000,
                       0.0000000000,   0.0000000000,   1.0000000000
                  </Orientation>
                  <Position type="Vector">-1.5, -0.3, 3.2</Position>
               </HpEngine02>
               <HpThruster01>
                  <Orientation type="Matrix">
                       1.0000000000,   0.0000000000,   0.0000000000,
                       0.0000000000,   1.0000000000,   0.0000000000,
                       0.0000000000,   0.0000000000,   1.0000000000
                  </Orientation>
                  <Position type="Vector">0.80482697, -1.052421, 1.496321</Position>
               </HpThruster01>
               <HpShield01>
                  <Orientation type="Matrix">
                       0.9396926200,   0.3420201200,   0.0000000000,
                      -0.3420201200,   0.9396926200,   0.0000000000,
                       0.0000000000,   0.0000000000,   1.0000000000
                  </Orientation>
                  <Position type="Vector">1.5, -0.5, 0</Position>
               </HpShield01>
               <HpContrail01>
                  <Orientation type="Matrix">
                       1.0000000000,   0.0000000000,   0.0000000000,
                       0.0000000000,   1.0000000000,   0.0000000000,
                       0.0000000000,   0.0000000000,   1.0000000000
                  </Orientation>
                  <Position type="Vector">2, 1.5, 4</Position>
               </HpContrail01>
               <HpContrail02>
                  <Orientation type="Matrix">
                       1.0000000000,   0.0000000000,   0.0000000000,
                       0.0000000000,   1.0000000000,   0.0000000000,
                       0.0000000000,   0.0000000000,   1.0000000000
                  </Orientation>
                  <Position type="Vector">-2, 1.5, 4</Position>
               </HpContrail02>
               <HpContrail03>
                  <Orientation type="Matrix">
                       1.0000000000,   0.0000000000,   0.0000000000,
                       0.0000000000,   1.0000000000,   0.0000000000,
                       0.0000000000,   0.0000000000,   1.0000000000
                  </Orientation>
                  <Position type="Vector">5.5, -0.5, 5</Position>
               </HpContrail03>
               <HpContrail04>
                  <Orientation type="Matrix">
                       1.0000000000,   0.0000000000,   0.0000000000,
                       0.0000000000,   1.0000000000,   0.0000000000,
                       0.0000000000,   0.0000000000,   1.0000000000
                  </Orientation>
                  <Position type="Vector">-5.5, -0.5, 5</Position>
               </HpContrail04>
               <Hpnew01>
                  <Orientation type="Matrix">
                       1.0000000000,   0.0000000000,   0.0000000000,
                       0.0000000000,   1.0000000000,   0.0000000000,
                       0.0000000000,   0.0000000000,   1.0000000000
                  </Orientation>
                  <Position type="Vector">-24.999999e-6, -0.193133, 0.75417602</Position>
               </Hpnew01>
               <Hpnew02>
                  <Orientation type="Matrix">
                       1.0000000000,   0.0000000000,   0.0000000000,
                       0.0000000000,   1.0000000000,   0.0000000000,
                       0.0000000000,   0.0000000000,   1.0000000000
                  </Orientation>
                  <Position type="Vector">-0.011216, -0.17724299, -1.2302361</Position>
               </Hpnew02>
               <Hpnew03>
                  <Orientation type="Matrix">
                       1.0000000000,   0.0000000000,   0.0000000000,
                       0.0000000000,   1.0000000000,   0.0000000000,
                       0.0000000000,   0.0000000000,   1.0000000000
                  </Orientation>
                  <Position type="Vector">-0.033649001, -0.14369, -3.256331</Position>
               </Hpnew03>
               <HpCloak01>
                  <Orientation type="Matrix">
                       1.0000000000,   0.0000000000,   0.0000000000,
                       0.0000000000,   1.0000000000,   0.0000000000,
                       0.0000000000,   0.0000000000,   1.0000000000
                  </Orientation>
                  <Position type="Vector">0, -0.7, -1</Position>
               </HpCloak01>
               <HpThruster02>
                  <Orientation type="Matrix">
                       1.0000000000,   0.0000000000,   0.0000000000,
                       0.0000000000,   1.0000000000,   0.0000000000,
                       0.0000000000,   0.0000000000,   1.0000000000
                  </Orientation>
                  <Position type="Vector">-0.80524099, -1.046734, 1.49</Position>
               </HpThruster02>
               <HpDocklight01>
                  <Orientation type="Matrix">
                       1.0000000000,   0.0000000000,   0.0000000000,
                       0.0000000000,   1.0000000000,   0.0000000000,
                       0.0000000000,   0.0000000000,   1.0000000000
                  </Orientation>
                  <Position type="Vector">-5.6840019, -0.33227, 5.6345448</Position>
               </HpDocklight01>
               <HpDocklight02>
                  <Orientation type="Matrix">
                       1.0000000000,   0.0000000000,   0.0000000000,
                       0.0000000000,   1.0000000000,   0.0000000000,
                       0.0000000000,   0.0000000000,   1.0000000000
                  </Orientation>
                  <Position type="Vector">5.7725792, -0.29954201, 5.6363592</Position>
               </HpDocklight02>
               <HpRunningLight01>
                  <Orientation type="Matrix">
                       1.0000000000,   0.0000000000,   0.0000000000,
                       0.0000000000,   1.0000000000,   0.0000000000,
                       0.0000000000,   0.0000000000,   1.0000000000
                  </Orientation>
                  <Position type="Vector">-9.5828991, -2.0921409, -8.680891</Position>
               </HpRunningLight01>
               <HpRunningLight02>
                  <Orientation type="Matrix">
                       1.0000000000,   0.0000000000,   0.0000000000,
                       0.0000000000,   1.0000000000,   0.0000000000,
                       0.0000000000,   0.0000000000,   1.0000000000
                  </Orientation>
                  <Position type="Vector">9.5905752, -2.0914919, -8.6810532</Position>
               </HpRunningLight02>
               <HpFX01>
                  <Orientation type="Matrix">
                       1.0000000000,   0.0000000000,   0.0000000000,
                       0.0000000000,   1.0000000000,   0.0000000000,
                       0.0000000000,   0.0000000000,   1.0000000000
                  </Orientation>
                  <Position type="Vector">0, 0, 0</Position>
               </HpFX01>
               <HpFX02>
                  <Orientation type="Matrix">
                      59.604645e-09,   0.9999998800,   0.0000000000,
                      -0.9999998800,  59.604645e-09,   0.0000000000,
                       0.0000000000,   0.0000000000,   1.0000000000
                  </Orientation>
                  <Position type="Vector">0, 0, 0</Position>
               </HpFX02>
               <HpFX03>
                  <Orientation type="Matrix">
                       1.0000000000,   0.0000000000,   0.0000000000,
                       0.0000000000,  59.604645e-09,   0.9999998800,
                       0.0000000000,  -0.9999998800,  59.604645e-09
                  </Orientation>
                  <Position type="Vector">0, 0, 0</Position>
               </HpFX03>
            </Fixed>
            <Revolute>
               <HpTorpedo01>
                  <Axis type="Vector">0, 1, 0</Axis>
                  <Max type="float">0.78539819</Max>
                  <Min type="float">-0.78539819</Min>
                  <Orientation type="Matrix">
                      59.604645e-09,  -0.9999998800,  -0.0000000000,
                       0.9999998800,  59.604645e-09,   0.0000000000,
                       0.0000000000,  -0.0000000000,   1.0000000000
                  </Orientation>
                  <Position type="Vector">-2.0093391, -1.068926, -7.957593</Position>
               </HpTorpedo01>
               <HpTorpedo02>
                  <Axis type="Vector">0, 1, 0</Axis>
                  <Max type="float">0.78539819</Max>
                  <Min type="float">-0.78539819</Min>
                  <Orientation type="Matrix">
                      59.604645e-09,   0.9999998800,   0.0000000000,
                      -0.9999998800,  59.604645e-09,   0.0000000000,
                       0.0000000000,   0.0000000000,   1.0000000000
                  </Orientation>
                  <Position type="Vector">2.133996, -1.0632319, -7.9542551</Position>
               </HpTorpedo02>
               <HpWeapon01>
                  <Axis type="Vector">0, 1, 0</Axis>
                  <Max type="float">0.78539819</Max>
                  <Min type="float">-0.78539819</Min>
                  <Orientation type="Matrix">
                      -1.0000000000, -87.422777e-09,   0.0000000000,
                      87.422777e-09,  -1.0000000000,  -0.0000000000,
                       0.0000000000,   0.0000000000,   1.0000000000
                  </Orientation>
                  <Position type="Vector">0, -2.6177571, -9.2956429</Position>
               </HpWeapon01>
               <HpWeapon02>
                  <Axis type="Vector">0, 1, 0</Axis>
                  <Max type="float">0.78539819</Max>
                  <Min type="float">-0.78539819</Min>
                  <Orientation type="Matrix">
                      -0.9063077600,  -0.4220391500,   0.0221181360,
                       0.4226183300,  -0.9050657200,   0.0474324900,
                     -931.32257e-12,   0.0523359630,   0.9986295700
                  </Orientation>
                  <Position type="Vector">-2.791054, -1.45426, -4.3813791</Position>
               </HpWeapon02>
               <HpWeapon03>
                  <Axis type="Vector">0, 1, 0</Axis>
                  <Max type="float">0.78539819</Max>
                  <Min type="float">-0.78539819</Min>
                  <Orientation type="Matrix">
                      -0.9063077600,   0.4220391500,   0.0221181360,
                      -0.4226183300,  -0.9050657200,  -0.0474324900,
                     -931.32257e-12,  -0.0523359630,   0.9986295700
                  </Orientation>
                  <Position type="Vector">2.7663901, -1.567296, -4.414865</Position>
               </HpWeapon03>
               <HpWeapon04>
                  <Axis type="Vector">0, 1, 0</Axis>
                  <Max type="float">0.78539819</Max>
                  <Min type="float">-0.78539819</Min>
                  <Orientation type="Matrix">
                       1.0000000000,   0.0000000000,  -0.0000000000,
                      -0.0000000000,   0.9961947200,  -0.0871557440,
                       0.0000000000,   0.0871557440,   0.9961947200
                  </Orientation>
                  <Position type="Vector">0, 0.139779, -6.180109</Position>
               </HpWeapon04>
               <HpWeapon05>
                  <Axis type="Vector">0, 1, 0</Axis>
                  <Max type="float">0.78539819</Max>
                  <Min type="float">-0.78539819</Min>
                  <Orientation type="Matrix">
                       0.8191520600,  -0.5727903200,   0.0300186720,
                       0.5735763900,   0.8180294000,  -0.0428711060,
                     -931.32257e-12,   0.0523359590,   0.9986295100
                  </Orientation>
                  <Position type="Vector">-2.514225, 0.05176, -4.3885078</Position>
               </HpWeapon05>
               <HpWeapon06>
                  <Axis type="Vector">0, 1, 0</Axis>
                  <Max type="float">0.78539819</Max>
                  <Min type="float">-0.78539819</Min>
                  <Orientation type="Matrix">
                       0.8191520600,   0.5727903200,  -0.0300186720,
                      -0.5735763900,   0.8180294000,  -0.0428711060,
                      931.32257e-12,   0.0523359590,   0.9986295100
                  </Orientation>
                  <Position type="Vector">2.47031, -0.082887001, -4.3727622</Position>
               </HpWeapon06>
            </Revolute>
         </Hardpoints>
         <MultiLevel>
            <Level0>
               <VMeshPart>
                  <VMeshRef type="VMeshRef">
                     <!-- header size  --> 60,
                     <!-- vmesh lib    --> dzena.lod0.vms,
                     <!-- start vert   --> 0,
                     <!-- num verts    --> 580,
                     <!-- start index  --> 0,
                     <!-- num indices  --> 915,
                     <!-- start mesh   --> 0,
                     <!-- num meshes   --> 4,
                     <!-- bounding box -->  9.5905762,  1.574863,   5.6366491,
                                           -9.5828991, -2.621103, -10.7126,
                     <!-- center       -->  0,          0,          0,
                     <!-- radius       --> 17.101351
                  </VMeshRef>
               </VMeshPart>
            </Level0>
         </MultiLevel>
      </dzena.3db>
   </UTF_ROOT>
</UTFXML>
