<?xml version="1.0" encoding="ISO-8859-1"?>
<!-- XML generated by UTFXML Version 2.2 built 19-Aug-2010 -->
<UTFXML filename="ecliptssd.cmp" path="SHIPS\new\private">
   <UTF_ROOT>
      <VMeshLibrary>
         <sd_eclipt05.lod0.vms include="ecliptssd_cmp\lod0.vms.xml"/>
      </VMeshLibrary>
      <Cmpnd>
         <Root>
            <File_name name="File name" type="text">sd_eclipt05.3db</File_name>
            <Index type="int">0</Index>
            <Object_name name="Object name" type="text">Root</Object_name>
         </Root>
      </Cmpnd>
      <sd_eclipt05.3db>
         <Hardpoints>
            <Fixed>
               <HpMount>
                  <Orientation type="Matrix">
                       1.0000000000,   0.0000000000,   0.0000000000,
                       0.0000000000,   1.0000000000,   0.0000000000,
                       0.0000000000,   0.0000000000,   1.0000000000
                  </Orientation>
                  <Position type="Vector">0, -55, -150</Position>
               </HpMount>
               <HpTractor_Source>
                  <Orientation type="Matrix">
                       1.0000000000,   0.0000000000,   0.0000000000,
                       0.0000000000,   1.0000000000,   0.0000000000,
                       0.0000000000,   0.0000000000,   1.0000000000
                  </Orientation>
                  <Position type="Vector">0.31112599, 21.291876, -351.96222</Position>
               </HpTractor_Source>
               <HpShield01>
                  <Orientation type="Matrix">
                       1.0000000000,   0.0000000000,   0.0000000000,
                       0.0000000000,   1.0000000000,   0.0000000000,
                       0.0000000000,   0.0000000000,   1.0000000000
                  </Orientation>
                  <Position type="Vector">0, 0, 0</Position>
               </HpShield01>
               <HpShield02>
                  <Orientation type="Matrix">
                       1.0000000000,   0.0000000000,   0.0000000000,
                       0.0000000000,   1.0000000000,   0.0000000000,
                       0.0000000000,   0.0000000000,   1.0000000000
                  </Orientation>
                  <Position type="Vector">0, 0, 0</Position>
               </HpShield02>
               <HpPilot>
                  <Orientation type="Matrix">
                       1.0000000000,   0.0000000000,   0.0000000000,
                       0.0000000000,   1.0000000000,   0.0000000000,
                       0.0000000000,   0.0000000000,   1.0000000000
                  </Orientation>
                  <Position type="Vector">0, 50.354549, 80</Position>
               </HpPilot>
               <HpCockpit>
                  <Orientation type="Matrix">
                       1.0000000000,   0.0000000000,   0.0000000000,
                       0.0000000000,   1.0000000000,   0.0000000000,
                       0.0000000000,   0.0000000000,   1.0000000000
                  </Orientation>
                  <Position type="Vector">0, 50.354553, 79.2</Position>
               </HpCockpit>
               <HpEngine01>
                  <Orientation type="Matrix">
                       1.0000000000,   0.0000000000,   0.0000000000,
                       0.0000000000,   1.0000000000,   0.0000000000,
                       0.0000000000,   0.0000000000,   1.0000000000
                  </Orientation>
                  <Position type="Vector">-48.464851, -7.6242061, 277.60001</Position>
               </HpEngine01>
               <HpEngine02>
                  <Orientation type="Matrix">
                       1.0000000000,   0.0000000000,   0.0000000000,
                       0.0000000000,   1.0000000000,   0.0000000000,
                       0.0000000000,   0.0000000000,   1.0000000000
                  </Orientation>
                  <Position type="Vector">48.723858, -7.6538119, 277.60001</Position>
               </HpEngine02>
               <HpEngine03>
                  <Orientation type="Matrix">
                       1.0000000000,   0.0000000000,   0.0000000000,
                       0.0000000000,   1.0000000000,   0.0000000000,
                       0.0000000000,   0.0000000000,   1.0000000000
                  </Orientation>
                  <Position type="Vector">-93.849373, 7.5116591, 230.40001</Position>
               </HpEngine03>
               <HpEngine04>
                  <Orientation type="Matrix">
                       1.0000000000,   0.0000000000,   0.0000000000,
                       0.0000000000,   1.0000000000,   0.0000000000,
                       0.0000000000,   0.0000000000,   1.0000000000
                  </Orientation>
                  <Position type="Vector">94.690674, 7.5844588, 230.40001</Position>
               </HpEngine04>
               <HpEngine05>
                  <Orientation type="Matrix">
                       1.0000000000,   0.0000000000,   0.0000000000,
                       0.0000000000,   1.0000000000,   0.0000000000,
                       0.0000000000,   0.0000000000,   1.0000000000
                  </Orientation>
                  <Position type="Vector">-58.345379, 28.328939, 240.8</Position>
               </HpEngine05>
               <HpEngine06>
                  <Orientation type="Matrix">
                       1.0000000000,   0.0000000000,   0.0000000000,
                       0.0000000000,   1.0000000000,   0.0000000000,
                       0.0000000000,   0.0000000000,   1.0000000000
                  </Orientation>
                  <Position type="Vector">59.056049, 28.085096, 240.8</Position>
               </HpEngine06>
               <HpShield03>
                  <Orientation type="Matrix">
                       1.0000000000,   0.0000000000,   0.0000000000,
                       0.0000000000,   1.0000000000,   0.0000000000,
                       0.0000000000,   0.0000000000,   1.0000000000
                  </Orientation>
                  <Position type="Vector">0, 0, 0</Position>
               </HpShield03>
               <HpCloak01>
                  <Orientation type="Matrix">
                       1.0000000000,   0.0000000000,   0.0000000000,
                       0.0000000000,   1.0000000000,   0.0000000000,
                       0.0000000000,   0.0000000000,   1.0000000000
                  </Orientation>
                  <Position type="Vector">0, 0, 0</Position>
               </HpCloak01>
               <HpRunningLight01>
                  <Orientation type="Matrix">
                       1.0000000000,   0.0000000000,   0.0000000000,
                       0.0000000000,   1.0000000000,   0.0000000000,
                       0.0000000000,   0.0000000000,   1.0000000000
                  </Orientation>
                  <Position type="Vector">-72.504227, 90.94001, 193.05075</Position>
               </HpRunningLight01>
               <HpRunningLight02>
                  <Orientation type="Matrix">
                       1.0000000000,   0.0000000000,   0.0000000000,
                       0.0000000000,   1.0000000000,   0.0000000000,
                       0.0000000000,   0.0000000000,   1.0000000000
                  </Orientation>
                  <Position type="Vector">73.148361, 90.932678, 193.08614</Position>
               </HpRunningLight02>
               <HpCM01>
                  <Orientation type="Matrix">
                      59.604645e-09,  -0.9999998800,  -0.0000000000,
                       0.9999998800,  59.604645e-09,   0.0000000000,
                       0.0000000000,  -0.0000000000,   1.0000000000
                  </Orientation>
                  <Position type="Vector">-9.8859196, 16.97814, 386.57202</Position>
               </HpCM01>
               <HpFX01>
                  <Orientation type="Matrix">
                       1.0000000000,   0.0000000000,   0.0000000000,
                       0.0000000000,   1.0000000000,   0.0000000000,
                       0.0000000000,   0.0000000000,   1.0000000000
                  </Orientation>
                  <Position type="Vector">0, 0, 0</Position>
               </HpFX01>
               <HpFX02>
                  <Orientation type="Matrix">
                      59.604645e-09,   0.9999998800,   0.0000000000,
                      -0.9999998800,  59.604645e-09,   0.0000000000,
                       0.0000000000,   0.0000000000,   1.0000000000
                  </Orientation>
                  <Position type="Vector">0, 0, 0</Position>
               </HpFX02>
               <HpFX03>
                  <Orientation type="Matrix">
                       1.0000000000,   0.0000000000,   0.0000000000,
                       0.0000000000,  59.604645e-09,   0.9999998800,
                       0.0000000000,  -0.9999998800,  59.604645e-09
                  </Orientation>
                  <Position type="Vector">0, 0, 0</Position>
               </HpFX03>
               <HpFX04>
                  <Orientation type="Matrix">
                       1.0000000000,   0.0000000000,   0.0000000000,
                       0.0000000000,   1.0000000000,   0.0000000000,
                       0.0000000000,   0.0000000000,   1.0000000000
                  </Orientation>
                  <Position type="Vector">0, 0, 0</Position>
               </HpFX04>
               <HpFX05>
                  <Orientation type="Matrix">
                       1.0000000000,   0.0000000000,   0.0000000000,
                       0.0000000000,   1.0000000000,   0.0000000000,
                       0.0000000000,   0.0000000000,   1.0000000000
                  </Orientation>
                  <Position type="Vector">0, 0, 0</Position>
               </HpFX05>
               <HpFX06>
                  <Orientation type="Matrix">
                       1.0000000000,   0.0000000000,   0.0000000000,
                       0.0000000000,   1.0000000000,   0.0000000000,
                       0.0000000000,   0.0000000000,   1.0000000000
                  </Orientation>
                  <Position type="Vector">0, 0, 0</Position>
               </HpFX06>
               <HpFX07>
                  <Orientation type="Matrix">
                       1.0000000000,   0.0000000000,   0.0000000000,
                       0.0000000000,   1.0000000000,   0.0000000000,
                       0.0000000000,   0.0000000000,   1.0000000000
                  </Orientation>
                  <Position type="Vector">0, 0, 0</Position>
               </HpFX07>
               <HpBayDoor01>
                  <Orientation type="Matrix">
                       1.0000000000,   0.0000000000,   0.0000000000,
                       0.0000000000,   1.0000000000,   0.0000000000,
                       0.0000000000,   0.0000000000,   1.0000000000
                  </Orientation>
                  <Position type="Vector">0, -60, 0</Position>
               </HpBayDoor01>
               <HpBayDoor02>
                  <Orientation type="Matrix">
                       1.0000000000,   0.0000000000,   0.0000000000,
                       0.0000000000,   1.0000000000,   0.0000000000,
                       0.0000000000,   0.0000000000,   1.0000000000
                  </Orientation>
                  <Position type="Vector">0, -75, 0</Position>
               </HpBayDoor02>
            </Fixed>
            <Revolute>
               <HpTorpedo01>
                  <Axis type="Vector">0, 1, 0</Axis>
                  <Max type="float">0.78539819</Max>
                  <Min type="float">-0.78539819</Min>
                  <Orientation type="Matrix">
                       1.0000000000,   0.0000000000,   0.0000000000,
                       0.0000000000,   1.0000000000,   0.0000000000,
                       0.0000000000,   0.0000000000,   1.0000000000
                  </Orientation>
                  <Position type="Vector">0.32836401, 15.84023, -352.11295</Position>
               </HpTorpedo01>
               <HpTurret01>
                  <Axis type="Vector">0, 1, 0</Axis>
                  <Max type="float">3.1415927</Max>
                  <Min type="float">-3.1415927</Min>
                  <Orientation type="Matrix">
                       1.0000000000,   0.0000000000,   0.0000000000,
                       0.0000000000,   0.9975640800,   0.0697564710,
                       0.0000000000,  -0.0697564710,   0.9975640800
                  </Orientation>
                  <Position type="Vector">0.267364, 105.54817, 220.65427</Position>
               </HpTurret01>
               <HpTurret02>
                  <Axis type="Vector">0, 1, 0</Axis>
                  <Max type="float">3.1415927</Max>
                  <Min type="float">-3.1415927</Min>
                  <Orientation type="Matrix">
                       1.0000000000,   0.0000000000,  -0.0000000000,
                      -0.0000000000,   0.9816271700,  -0.1908090000,
                       0.0000000000,   0.1908090000,   0.9816271700
                  </Orientation>
                  <Position type="Vector">-39.098915, 90.146652, 196.87578</Position>
               </HpTurret02>
               <HpTurret03>
                  <Axis type="Vector">0, 1, 0</Axis>
                  <Max type="float">3.1415927</Max>
                  <Min type="float">-3.1415927</Min>
                  <Orientation type="Matrix">
                       1.0000000000,   0.0000000000,  -0.0000000000,
                      -0.0000000000,   0.9816271700,  -0.1908090000,
                       0.0000000000,   0.1908090000,   0.9816271700
                  </Orientation>
                  <Position type="Vector">39.560722, 90.1362, 196.92641</Position>
               </HpTurret03>
               <HpTurret04>
                  <Axis type="Vector">0, 1, 0</Axis>
                  <Max type="float">3.1415927</Max>
                  <Min type="float">-3.1415927</Min>
                  <Orientation type="Matrix">
                      -0.9999998200, -86.346461e-09, -13.675936e-09,
                      87.422777e-09,  -0.9876881800,  -0.1564344600,
                       0.0000000000,  -0.1564344600,   0.9876883600
                  </Orientation>
                  <Position type="Vector">0.213027, -2.9468729, -254.13846</Position>
               </HpTurret04>
               <HpTurret05>
                  <Axis type="Vector">0, 1, 0</Axis>
                  <Max type="float">3.1415927</Max>
                  <Min type="float">-3.1415927</Min>
                  <Orientation type="Matrix">
                      -0.9999998200, -86.346461e-09, -13.675936e-09,
                      87.422777e-09,  -0.9876881800,  -0.1564344600,
                       0.0000000000,  -0.1564344600,   0.9876883600
                  </Orientation>
                  <Position type="Vector">0.31736499, -7.215251, -218.65018</Position>
               </HpTurret05>
               <HpTurret06>
                  <Axis type="Vector">0, 1, 0</Axis>
                  <Max type="float">3.1415927</Max>
                  <Min type="float">-3.1415927</Min>
                  <Orientation type="Matrix">
                      -0.9999998200, -86.346461e-09, -13.675936e-09,
                      87.422777e-09,  -0.9876881800,  -0.1564344600,
                       0.0000000000,  -0.1564344600,   0.9876883600
                  </Orientation>
                  <Position type="Vector">0.34636199, -24.204102, -74.616364</Position>
               </HpTurret06>
               <HpTurret07>
                  <Axis type="Vector">0, 1, 0</Axis>
                  <Max type="float">3.1415927</Max>
                  <Min type="float">-3.1415927</Min>
                  <Orientation type="Matrix">
                      -0.9396926800,  -0.3407187500,  -0.0298090240,
                       0.3420202100,  -0.9361168700,  -0.0818996060,
                      931.32257e-12,  -0.0871557370,   0.9961947200
                  </Orientation>
                  <Position type="Vector">-13.235799, -18.906193, -73.203178</Position>
               </HpTurret07>
               <HpTurret08>
                  <Axis type="Vector">0, 1, 0</Axis>
                  <Max type="float">3.1415927</Max>
                  <Min type="float">-3.1415927</Min>
                  <Orientation type="Matrix">
                      -0.9396926800,   0.3407187500,   0.0298090240,
                      -0.3420202100,  -0.9361168700,  -0.0818996060,
                     -931.32257e-12,  -0.0871557370,   0.9961947200
                  </Orientation>
                  <Position type="Vector">13.62544, -18.962841, -73.574722</Position>
               </HpTurret08>
               <HpTurret09>
                  <Axis type="Vector">0, 1, 0</Axis>
                  <Max type="float">3.1415927</Max>
                  <Min type="float">-3.1415927</Min>
                  <Orientation type="Matrix">
                      -1.0000000000, -87.090108e-09, -7.6193967e-09,
                      87.422784e-09,  -0.9961947200,  -0.0871557440,
                      444.08921e-18,  -0.0871557440,   0.9961947200
                  </Orientation>
                  <Position type="Vector">0.337935, -38.698273, 47.065922</Position>
               </HpTurret09>
               <HpTurret10>
                  <Axis type="Vector">0, 1, 0</Axis>
                  <Max type="float">3.1415927</Max>
                  <Min type="float">-3.1415927</Min>
                  <Orientation type="Matrix">
                      -0.9396926800,  -0.3407187500,  -0.0298090240,
                       0.3420202100,  -0.9361168700,  -0.0818996060,
                      931.32257e-12,  -0.0871557370,   0.9961947200
                  </Orientation>
                  <Position type="Vector">-23.531643, -28.851122, 45.23843</Position>
               </HpTurret10>
               <HpTurret11>
                  <Axis type="Vector">0, 1, 0</Axis>
                  <Max type="float">3.1415927</Max>
                  <Min type="float">-3.1415927</Min>
                  <Orientation type="Matrix">
                      -0.9396926800,   0.3407187500,   0.0298090240,
                      -0.3420202100,  -0.9361168700,  -0.0818996060,
                     -931.32257e-12,  -0.0871557370,   0.9961947200
                  </Orientation>
                  <Position type="Vector">23.748188, -29.082371, 45.746002</Position>
               </HpTurret11>
               <HpTurret12>
                  <Axis type="Vector">0, 1, 0</Axis>
                  <Max type="float">3.1415927</Max>
                  <Min type="float">-3.1415927</Min>
                  <Orientation type="Matrix">
                      -1.0000000000, -87.090108e-09, -7.6193967e-09,
                      87.422784e-09,  -0.9961947200,  -0.0871557440,
                      444.08921e-18,  -0.0871557440,   0.9961947200
                  </Orientation>
                  <Position type="Vector">0.29135001, -52.001053, 157.51437</Position>
               </HpTurret12>
               <HpTurret13>
                  <Axis type="Vector">0, 1, 0</Axis>
                  <Max type="float">3.1415927</Max>
                  <Min type="float">-3.1415927</Min>
                  <Orientation type="Matrix">
                      -0.9396926800,  -0.3407187500,  -0.0298090240,
                       0.3420202100,  -0.9361168700,  -0.0818996060,
                      931.32257e-12,  -0.0871557370,   0.9961947200
                  </Orientation>
                  <Position type="Vector">-16.18951, -48.42767, 183.42455</Position>
               </HpTurret13>
               <HpTurret14>
                  <Axis type="Vector">0, 1, 0</Axis>
                  <Max type="float">3.1415927</Max>
                  <Min type="float">-3.1415927</Min>
                  <Orientation type="Matrix">
                      -0.9396926800,   0.3407187500,   0.0298090240,
                      -0.3420202100,  -0.9361168700,  -0.0818996060,
                     -931.32257e-12,  -0.0871557370,   0.9961947200
                  </Orientation>
                  <Position type="Vector">17.456303, -48.162331, 183.32529</Position>
               </HpTurret14>
               <HpTurret15>
                  <Axis type="Vector">0, 1, 0</Axis>
                  <Max type="float">2.0943952</Max>
                  <Min type="float">-1.7453293</Min>
                  <Orientation type="Matrix">
                       0.9848077300,  -0.1734102200,  -0.0090880450,
                       0.1736481900,   0.9834581000,   0.0515408590,
                       0.0000000000,  -0.0523359630,   0.9986295100
                  </Orientation>
                  <Position type="Vector">-43.456318, 38.74966, 28.86096</Position>
               </HpTurret15>
               <HpTurret16>
                  <Axis type="Vector">0, 1, 0</Axis>
                  <Max type="float">1.7453293</Max>
                  <Min type="float">-2.0943952</Min>
                  <Orientation type="Matrix">
                       0.9848077300,   0.1734102200,   0.0090880450,
                      -0.1736481900,   0.9834581000,   0.0515408590,
                       0.0000000000,  -0.0523359630,   0.9986295100
                  </Orientation>
                  <Position type="Vector">42.504761, 39.002914, 28.171965</Position>
               </HpTurret16>
               <HpTurret17>
                  <Axis type="Vector">0, 1, 0</Axis>
                  <Max type="float">2.4434609</Max>
                  <Min type="float">-1.7453293</Min>
                  <Orientation type="Matrix">
                       0.9848077300,  -0.1734102200,  -0.0090880450,
                       0.1736481900,   0.9834581000,   0.0515408590,
                       0.0000000000,  -0.0523359630,   0.9986295100
                  </Orientation>
                  <Position type="Vector">-67.909134, 34.253551, 28.43095</Position>
               </HpTurret17>
               <HpTurret18>
                  <Axis type="Vector">0, 1, 0</Axis>
                  <Max type="float">1.7453293</Max>
                  <Min type="float">-2.4434609</Min>
                  <Orientation type="Matrix">
                       0.9848077300,   0.1734102200,   0.0090880450,
                      -0.1736481900,   0.9834581000,   0.0515408590,
                       0.0000000000,  -0.0523359630,   0.9986295100
                  </Orientation>
                  <Position type="Vector">68.629715, 34.208496, 27.879471</Position>
               </HpTurret18>
               <HpTurret19>
                  <Axis type="Vector">0, 1, 0</Axis>
                  <Max type="float">2.4434609</Max>
                  <Min type="float">-1.7453293</Min>
                  <Orientation type="Matrix">
                       0.9848077300,  -0.1734102200,  -0.0090880450,
                       0.1736481900,   0.9834581000,   0.0515408590,
                       0.0000000000,  -0.0523359630,   0.9986295100
                  </Orientation>
                  <Position type="Vector">-54.082672, 33.246651, -7.721632</Position>
               </HpTurret19>
               <HpTurret20>
                  <Axis type="Vector">0, 1, 0</Axis>
                  <Max type="float">1.7453293</Max>
                  <Min type="float">-2.4434609</Min>
                  <Orientation type="Matrix">
                       0.9848077300,   0.1734102200,   0.0090880450,
                      -0.1736481900,   0.9834581000,   0.0515408590,
                       0.0000000000,  -0.0523359630,   0.9986295100
                  </Orientation>
                  <Position type="Vector">54.853149, 33.211372, -7.9278698</Position>
               </HpTurret20>
               <HpTurret21>
                  <Axis type="Vector">0, 1, 0</Axis>
                  <Max type="float">2.4434609</Max>
                  <Min type="float">-2.0943952</Min>
                  <Orientation type="Matrix">
                       0.9848077300,  -0.1734102200,  -0.0090880450,
                       0.1736481900,   0.9834581000,   0.0515408590,
                       0.0000000000,  -0.0523359630,   0.9986295100
                  </Orientation>
                  <Position type="Vector">-37.607201, 33.151176, -64.498329</Position>
               </HpTurret21>
               <HpTurret22>
                  <Axis type="Vector">0, 1, 0</Axis>
                  <Max type="float">2.0943952</Max>
                  <Min type="float">-2.4434609</Min>
                  <Orientation type="Matrix">
                       0.9848077300,   0.1734102200,   0.0090880450,
                      -0.1736481900,   0.9834581000,   0.0515408590,
                       0.0000000000,  -0.0523359630,   0.9986295100
                  </Orientation>
                  <Position type="Vector">38.278099, 33.120342, -64.956223</Position>
               </HpTurret22>
               <HpTurret23>
                  <Axis type="Vector">0, 1, 0</Axis>
                  <Max type="float">0.78539819</Max>
                  <Min type="float">-0.78539819</Min>
                  <Orientation type="Matrix">
                       0.0054594628,  -0.1563391500,   0.9876881800,
                      -0.0344698280,   0.9870867100,   0.1564344500,
                      -0.9993907200,  -0.0348994730,   0.0000000000
                  </Orientation>
                  <Position type="Vector">-35.618217, 30.666271, -116.52289</Position>
               </HpTurret23>
               <HpTurret24>
                  <Axis type="Vector">0, 1, 0</Axis>
                  <Max type="float">0.78539819</Max>
                  <Min type="float">-0.78539819</Min>
                  <Orientation type="Matrix">
                       0.0054594628,   0.1563391500,  -0.9876881800,
                       0.0344698280,   0.9870867100,   0.1564344500,
                       0.9993907200,  -0.0348994730,   0.0000000000
                  </Orientation>
                  <Position type="Vector">36.447449, 30.622049, -116.69669</Position>
               </HpTurret24>
               <HpTurret25>
                  <Axis type="Vector">0, 1, 0</Axis>
                  <Max type="float">2.0943952</Max>
                  <Min type="float">-2.0943952</Min>
                  <Orientation type="Matrix">
                       1.0000000000,   0.0000000000,   0.0000000000,
                       0.0000000000,   0.9986295100,   0.0523359590,
                       0.0000000000,  -0.0523359590,   0.9986295100
                  </Orientation>
                  <Position type="Vector">0.28143099, 32.660221, -171.6039</Position>
               </HpTurret25>
               <HpTurret26>
                  <Axis type="Vector">0, 1, 0</Axis>
                  <Max type="float">2.2689281</Max>
                  <Min type="float">-2.2689281</Min>
                  <Orientation type="Matrix">
                       1.0000000000,   0.0000000000,   0.0000000000,
                       0.0000000000,   0.9986295100,   0.0523359590,
                       0.0000000000,  -0.0523359590,   0.9986295100
                  </Orientation>
                  <Position type="Vector">0.240159, 28.049, -255.67854</Position>
               </HpTurret26>
               <HpTurret27>
                  <Axis type="Vector">0, 1, 0</Axis>
                  <Max type="float">0.78539819</Max>
                  <Min type="float">-0.78539819</Min>
                  <Orientation type="Matrix">
                       0.0054594628,  -0.1563391500,   0.9876881800,
                      -0.0344698280,   0.9870867100,   0.1564344500,
                      -0.9993907200,  -0.0348994730,   0.0000000000
                  </Orientation>
                  <Position type="Vector">-19.027386, 29.041786, -173.18829</Position>
               </HpTurret27>
               <HpTurret28>
                  <Axis type="Vector">0, 1, 0</Axis>
                  <Max type="float">0.78539819</Max>
                  <Min type="float">-0.78539819</Min>
                  <Orientation type="Matrix">
                       0.0054594628,   0.1563391500,  -0.9876881800,
                       0.0344698280,   0.9870867100,   0.1564344500,
                       0.9993907200,  -0.0348994730,   0.0000000000
                  </Orientation>
                  <Position type="Vector">18.971529, 29.152662, -173.4855</Position>
               </HpTurret28>
               <HpTurret29>
                  <Axis type="Vector">0, 1, 0</Axis>
                  <Max type="float">0.78539819</Max>
                  <Min type="float">-0.78539819</Min>
                  <Orientation type="Matrix">
                       0.0054594628,  -0.1563391500,   0.9876881800,
                      -0.0344698280,   0.9870867100,   0.1564344500,
                      -0.9993907200,  -0.0348994730,   0.0000000000
                  </Orientation>
                  <Position type="Vector">-19.535137, 27.375776, -201.91759</Position>
               </HpTurret29>
               <HpTurret30>
                  <Axis type="Vector">0, 1, 0</Axis>
                  <Max type="float">0.78539819</Max>
                  <Min type="float">-0.78539819</Min>
                  <Orientation type="Matrix">
                       0.0054594628,   0.1563391500,  -0.9876881800,
                       0.0344698280,   0.9870867100,   0.1564344500,
                       0.9993907200,  -0.0348994730,   0.0000000000
                  </Orientation>
                  <Position type="Vector">19.789282, 27.437017, -202.08589</Position>
               </HpTurret30>
               <HpTurret31>
                  <Axis type="Vector">0, 1, 0</Axis>
                  <Max type="float">0.78539819</Max>
                  <Min type="float">-0.78539819</Min>
                  <Orientation type="Matrix">
                       0.0054594628,  -0.1563391500,   0.9876881800,
                      -0.0344698280,   0.9870867100,   0.1564344500,
                      -0.9993907200,  -0.0348994730,   0.0000000000
                  </Orientation>
                  <Position type="Vector">-15.651401, 24.162449, -273.57349</Position>
               </HpTurret31>
               <HpTurret32>
                  <Axis type="Vector">0, 1, 0</Axis>
                  <Max type="float">0.78539819</Max>
                  <Min type="float">-0.78539819</Min>
                  <Orientation type="Matrix">
                       0.0054594628,   0.1563391500,  -0.9876881800,
                       0.0344698280,   0.9870867100,   0.1564344500,
                       0.9993907200,  -0.0348994730,   0.0000000000
                  </Orientation>
                  <Position type="Vector">15.911417, 24.235783, -273.5018</Position>
               </HpTurret32>
               <HpTurret33>
                  <Axis type="Vector">0, 1, 0</Axis>
                  <Max type="float">0.78539819</Max>
                  <Min type="float">-0.78539819</Min>
                  <Orientation type="Matrix">
                       0.0117731240,  -0.2246427200,   0.9743699400,
                      -0.0509946050,   0.9730347400,   0.2249510100,
                      -0.9986293900,  -0.0523359630,  119.20929e-09
                  </Orientation>
                  <Position type="Vector">-102.24896, 36.784111, 177.91721</Position>
               </HpTurret33>
               <HpTurret34>
                  <Axis type="Vector">0, 1, 0</Axis>
                  <Max type="float">0.78539819</Max>
                  <Min type="float">-0.78539819</Min>
                  <Orientation type="Matrix">
                       0.0117731240,   0.2246427200,  -0.9743699400,
                       0.0509946050,   0.9730347400,   0.2249510100,
                       0.9986293900,  -0.0523359630,  119.20929e-09
                  </Orientation>
                  <Position type="Vector">103.23817, 36.700401, 177.98274</Position>
               </HpTurret34>
               <HpTurret35>
                  <Axis type="Vector">0, 1, 0</Axis>
                  <Max type="float">3.1415927</Max>
                  <Min type="float">-3.1415927</Min>
                  <Orientation type="Matrix">
                      -0.9396923800,  -0.3401465400,  -0.0357508440,
                       0.3420201500,  -0.9345446200,  -0.0982246180,
                     -1.8626451e-09,  -0.1045284600,   0.9945219200
                  </Orientation>
                  <Position type="Vector">-107.05657, -3.597111, 129.13264</Position>
               </HpTurret35>
               <HpTurret36>
                  <Axis type="Vector">0, 1, 0</Axis>
                  <Max type="float">3.1415927</Max>
                  <Min type="float">-3.1415927</Min>
                  <Orientation type="Matrix">
                      -0.9396923800,   0.3401465400,   0.0357508440,
                      -0.3420201500,  -0.9345446200,  -0.0982246180,
                      1.8626451e-09,  -0.1045284600,   0.9945219200
                  </Orientation>
                  <Position type="Vector">107.77518, -3.6443751, 129.79848</Position>
               </HpTurret36>
               <HpTurret37>
                  <Axis type="Vector">0, 1, 0</Axis>
                  <Max type="float">3.1415927</Max>
                  <Min type="float">-3.1415927</Min>
                  <Orientation type="Matrix">
                      -0.9063079400,  -0.4210101700,  -0.0368336140,
                       0.4226183600,  -0.9028591500,  -0.0789899230,
                     -1.8626451e-09,  -0.0871557440,   0.9961946600
                  </Orientation>
                  <Position type="Vector">-61.075069, -10.93283, 34.725372</Position>
               </HpTurret37>
               <HpTurret38>
                  <Axis type="Vector">0, 1, 0</Axis>
                  <Max type="float">3.1415927</Max>
                  <Min type="float">-3.1415927</Min>
                  <Orientation type="Matrix">
                      -0.9063077000,   0.4203031700,   0.0441756470,
                      -0.4226183300,  -0.9013428700,  -0.0947349670,
                       0.0000000000,  -0.1045284700,   0.9945218600
                  </Orientation>
                  <Position type="Vector">61.965946, -10.857327, 34.944817</Position>
               </HpTurret38>
               <HpTurret39>
                  <Axis type="Vector">0, 1, 0</Axis>
                  <Max type="float">3.1415927</Max>
                  <Min type="float">-3.1415927</Min>
                  <Orientation type="Matrix">
                      -0.9063079400,  -0.4210101700,  -0.0368336140,
                       0.4226183600,  -0.9028591500,  -0.0789899230,
                     -1.8626451e-09,  -0.0871557440,   0.9961946600
                  </Orientation>
                  <Position type="Vector">-34.511066, -9.3466949, -68.720482</Position>
               </HpTurret39>
               <HpTurret40>
                  <Axis type="Vector">0, 1, 0</Axis>
                  <Max type="float">3.1415927</Max>
                  <Min type="float">-3.1415927</Min>
                  <Orientation type="Matrix">
                      -0.9063079400,   0.4210101700,   0.0368336140,
                      -0.4226183600,  -0.9028591500,  -0.0789899230,
                      1.8626451e-09,  -0.0871557440,   0.9961946600
                  </Orientation>
                  <Position type="Vector">33.965767, -9.8273983, -68.703125</Position>
               </HpTurret40>
               <HpTurret41>
                  <Axis type="Vector">0, 1, 0</Axis>
                  <Max type="float">3.1415927</Max>
                  <Min type="float">-3.1415927</Min>
                  <Orientation type="Matrix">
                      -0.9063079400,  -0.4210101700,  -0.0368336140,
                       0.4226183600,  -0.9028591500,  -0.0789899230,
                     -1.8626451e-09,  -0.0871557440,   0.9961946600
                  </Orientation>
                  <Position type="Vector">-21.383873, -3.5387759, -162.02908</Position>
               </HpTurret41>
               <HpTurret42>
                  <Axis type="Vector">0, 1, 0</Axis>
                  <Max type="float">3.1415927</Max>
                  <Min type="float">-3.1415927</Min>
                  <Orientation type="Matrix">
                      -0.9063079400,   0.4210101700,   0.0368336140,
                      -0.4226183600,  -0.9028591500,  -0.0789899230,
                      1.8626451e-09,  -0.0871557440,   0.9961946600
                  </Orientation>
                  <Position type="Vector">22.433764, -3.3623149, -162.1179</Position>
               </HpTurret42>
               <HpTurret43>
                  <Axis type="Vector">0, 1, 0</Axis>
                  <Max type="float">3.1415927</Max>
                  <Min type="float">-3.1415927</Min>
                  <Orientation type="Matrix">
                      -0.9999997600,   0.0000000000,  87.422769e-09,
                      87.422769e-09,  59.604645e-09,   0.9999998800,
                      7.1054274e-15,   0.9999998800,  178.81393e-09
                  </Orientation>
                  <Position type="Vector">0.57062602, 17.543518, 392.75769</Position>
               </HpTurret43>
            </Revolute>
         </Hardpoints>
         <MultiLevel>
            <Level0>
               <VMeshPart>
                  <VMeshRef type="VMeshRef">
                     <!-- header size  --> 60,
                     <!-- vmesh lib    --> sd_eclipt05.lod0.vms,
                     <!-- start vert   --> 0,
                     <!-- num verts    --> 4777,
                     <!-- start index  --> 0,
                     <!-- num indices  --> 12786,
                     <!-- start mesh   --> 0,
                     <!-- num meshes   --> 8,
                     <!-- bounding box -->  164.92191,    105.8552,    392.7579,
                                           -164.2827,     -60.743481, -352.3183,
                     <!-- center       -->    0.31958771,  22.55587,    20.219801,
                     <!-- radius       --> 500
                  </VMeshRef>
               </VMeshPart>
            </Level0>
         </MultiLevel>
      </sd_eclipt05.3db>
   </UTF_ROOT>
</UTFXML>
