<?xml version="1.0" encoding="ISO-8859-1"?>
<!-- XML generated by UTFXML Version 2.2 built 19-Aug-2010 -->
<UTFXML filename="fulgurating_py26.cmp" path="SHIPS\new\private">
   <UTF_ROOT>
      <VMeshLibrary>
         <fulgurating_py26.lod0.vms include="fulgurating_py26_cmp\lod0.vms.xml"/>
      </VMeshLibrary>
      <Cmpnd>
         <Root>
            <File_name name="File name" type="text">fulgurating_py26.3db</File_name>
            <Index type="int">0</Index>
            <Object_name name="Object name" type="text">Root</Object_name>
         </Root>
      </Cmpnd>
      <fulgurating_py26.3db>
         <Hardpoints>
            <Fixed>
               <HpCockpit>
                  <Orientation type="Matrix">
                       1.0000000000,   0.0000000000,   0.0000000000,
                       0.0000000000,   1.0000000000,   0.0000000000,
                       0.0000000000,   0.0000000000,   1.0000000000
                  </Orientation>
                  <Position type="Vector">0, 7.5607581, 36.996262</Position>
               </HpCockpit>
               <HpMount>
                  <Orientation type="Matrix">
                       1.0000000000,   0.0000000000,   0.0000000000,
                       0.0000000000,   1.0000000000,   0.0000000000,
                       0.0000000000,   0.0000000000,   1.0000000000
                  </Orientation>
                  <Position type="Vector">0, -20, -90</Position>
               </HpMount>
               <HpEngine01>
                  <Orientation type="Matrix">
                       1.0000000000,   0.0000000000,   0.0000000000,
                       0.0000000000,   1.0000000000,   0.0000000000,
                       0.0000000000,   0.0000000000,   1.0000000000
                  </Orientation>
                  <Position type="Vector">-18.578707, -1.637269, 133.54211</Position>
               </HpEngine01>
               <HpEngine02>
                  <Orientation type="Matrix">
                       1.0000000000,   0.0000000000,   0.0000000000,
                       0.0000000000,   1.0000000000,   0.0000000000,
                       0.0000000000,   0.0000000000,   1.0000000000
                  </Orientation>
                  <Position type="Vector">-31.531889, -1.45963, 140.76868</Position>
               </HpEngine02>
               <HpEngine03>
                  <Orientation type="Matrix">
                       1.0000000000,   0.0000000000,   0.0000000000,
                       0.0000000000,   1.0000000000,   0.0000000000,
                       0.0000000000,   0.0000000000,   1.0000000000
                  </Orientation>
                  <Position type="Vector">-39.042469, -1.621852, 144.87024</Position>
               </HpEngine03>
               <HpEngine04>
                  <Orientation type="Matrix">
                       1.0000000000,   0.0000000000,   0.0000000000,
                       0.0000000000,   1.0000000000,   0.0000000000,
                       0.0000000000,   0.0000000000,   1.0000000000
                  </Orientation>
                  <Position type="Vector">18.581083, -1.628364, 133.54211</Position>
               </HpEngine04>
               <HpEngine05>
                  <Orientation type="Matrix">
                       1.0000000000,   0.0000000000,   0.0000000000,
                       0.0000000000,   1.0000000000,   0.0000000000,
                       0.0000000000,   0.0000000000,   1.0000000000
                  </Orientation>
                  <Position type="Vector">31.49852, -1.614067, 140.76868</Position>
               </HpEngine05>
               <HpEngine06>
                  <Orientation type="Matrix">
                       1.0000000000,   0.0000000000,   0.0000000000,
                       0.0000000000,   1.0000000000,   0.0000000000,
                       0.0000000000,   0.0000000000,   1.0000000000
                  </Orientation>
                  <Position type="Vector">38.978649, -1.598087, 144.87024</Position>
               </HpEngine06>
               <HpTractor_Source>
                  <Orientation type="Matrix">
                       1.0000000000,   0.0000000000,   0.0000000000,
                       0.0000000000,   1.0000000000,   0.0000000000,
                       0.0000000000,   0.0000000000,   1.0000000000
                  </Orientation>
                  <Position type="Vector">0, -9.413661, 7.2293129</Position>
               </HpTractor_Source>
               <HpCM01>
                  <Orientation type="Matrix">
                      -0.9999998800, -61.817232e-09, -61.817232e-09,
                      87.422777e-09,  -0.7071067100,  -0.7071067700,
                       0.0000000000,  -0.7071067700,   0.7071068300
                  </Orientation>
                  <Position type="Vector">0, -16.518387, 100.4575</Position>
               </HpCM01>
               <HpThruster01>
                  <Orientation type="Matrix">
                       1.0000000000,   0.0000000000,   0.0000000000,
                       0.0000000000,   1.0000000000,   0.0000000000,
                       0.0000000000,   0.0000000000,   1.0000000000
                  </Orientation>
                  <Position type="Vector">0, 13.444389, 100.19807</Position>
               </HpThruster01>
               <HpShield01>
                  <Orientation type="Matrix">
                      59.604645e-09,  -0.9999998800,  -0.0000000000,
                       0.9999998800,  59.604645e-09,   0.0000000000,
                       0.0000000000,  -0.0000000000,   1.0000000000
                  </Orientation>
                  <Position type="Vector">8.5719061, 0.362537, -72.849037</Position>
               </HpShield01>
               <HpCloak01>
                  <Orientation type="Matrix">
                       1.0000000000,   0.0000000000,   0.0000000000,
                       0.0000000000,   1.0000000000,   0.0000000000,
                       0.0000000000,   0.0000000000,   1.0000000000
                  </Orientation>
                  <Position type="Vector">0, 0, -30</Position>
               </HpCloak01>
               <HpRunningLight01>
                  <Orientation type="Matrix">
                       1.0000000000,   0.0000000000,   0.0000000000,
                       0.0000000000,   1.0000000000,   0.0000000000,
                       0.0000000000,   0.0000000000,   1.0000000000
                  </Orientation>
                  <Position type="Vector">0, -9.4409151, 7.2579122</Position>
               </HpRunningLight01>
               <HpShield02>
                  <Orientation type="Matrix">
                      59.604645e-09,   0.9999998800,   0.0000000000,
                      -0.9999998800,  59.604645e-09,   0.0000000000,
                       0.0000000000,   0.0000000000,   1.0000000000
                  </Orientation>
                  <Position type="Vector">-8.5789728, 0.13065501, -73.301292</Position>
               </HpShield02>
               <HpNew01>
                  <Orientation type="Matrix">
                       1.0000000000,   0.0000000000,   0.0000000000,
                       0.0000000000,   1.0000000000,   0.0000000000,
                       0.0000000000,   0.0000000000,   1.0000000000
                  </Orientation>
                  <Position type="Vector">0, 0, 90</Position>
               </HpNew01>
               <HpNew02>
                  <Orientation type="Matrix">
                       1.0000000000,   0.0000000000,   0.0000000000,
                       0.0000000000,   1.0000000000,   0.0000000000,
                       0.0000000000,   0.0000000000,   1.0000000000
                  </Orientation>
                  <Position type="Vector">0, 0, 90</Position>
               </HpNew02>
               <HpNew03>
                  <Orientation type="Matrix">
                       1.0000000000,   0.0000000000,   0.0000000000,
                       0.0000000000,   1.0000000000,   0.0000000000,
                       0.0000000000,   0.0000000000,   1.0000000000
                  </Orientation>
                  <Position type="Vector">0, 0, 90</Position>
               </HpNew03>
               <HpShield03>
                  <Orientation type="Matrix">
                       1.0000000000,   0.0000000000,   0.0000000000,
                       0.0000000000,   1.0000000000,   0.0000000000,
                       0.0000000000,   0.0000000000,   1.0000000000
                  </Orientation>
                  <Position type="Vector">0, 0, 70</Position>
               </HpShield03>
               <HpShield04>
                  <Orientation type="Matrix">
                       1.0000000000,   0.0000000000,   0.0000000000,
                       0.0000000000,   1.0000000000,   0.0000000000,
                       0.0000000000,   0.0000000000,   1.0000000000
                  </Orientation>
                  <Position type="Vector">0, 0, 70</Position>
               </HpShield04>
               <HpNew04>
                  <Orientation type="Matrix">
                       1.0000000000,   0.0000000000,   0.0000000000,
                       0.0000000000,   1.0000000000,   0.0000000000,
                       0.0000000000,   0.0000000000,   1.0000000000
                  </Orientation>
                  <Position type="Vector">0, 0, 70</Position>
               </HpNew04>
               <HpNew05>
                  <Orientation type="Matrix">
                       1.0000000000,   0.0000000000,   0.0000000000,
                       0.0000000000,   1.0000000000,   0.0000000000,
                       0.0000000000,   0.0000000000,   1.0000000000
                  </Orientation>
                  <Position type="Vector">0, 0, 70</Position>
               </HpNew05>
               <HpFX01>
                  <Orientation type="Matrix">
                       1.0000000000,   0.0000000000,   0.0000000000,
                       0.0000000000,   1.0000000000,   0.0000000000,
                       0.0000000000,   0.0000000000,   1.0000000000
                  </Orientation>
                  <Position type="Vector">0, 0, 0</Position>
               </HpFX01>
               <HpFX02>
                  <Orientation type="Matrix">
                      59.604645e-09,   0.9999998800,   0.0000000000,
                      -0.9999998800,  59.604645e-09,   0.0000000000,
                       0.0000000000,   0.0000000000,   1.0000000000
                  </Orientation>
                  <Position type="Vector">0, 0, 0</Position>
               </HpFX02>
               <HpFX03>
                  <Orientation type="Matrix">
                       1.0000000000,   0.0000000000,   0.0000000000,
                       0.0000000000,  59.604645e-09,   0.9999998800,
                       0.0000000000,  -0.9999998800,  59.604645e-09
                  </Orientation>
                  <Position type="Vector">0, 0, 0</Position>
               </HpFX03>
               <HpBayDoor01>
                  <Orientation type="Matrix">
                       1.0000000000,   0.0000000000,   0.0000000000,
                       0.0000000000,   1.0000000000,   0.0000000000,
                       0.0000000000,   0.0000000000,   1.0000000000
                  </Orientation>
                  <Position type="Vector">0, -35, 0</Position>
               </HpBayDoor01>
               <HpBayDoor02>
                  <Orientation type="Matrix">
                       1.0000000000,   0.0000000000,   0.0000000000,
                       0.0000000000,   1.0000000000,   0.0000000000,
                       0.0000000000,   0.0000000000,   1.0000000000
                  </Orientation>
                  <Position type="Vector">0, -45, 0</Position>
               </HpBayDoor02>
               <HpShield05>
                  <Orientation type="Matrix">
                       1.0000000000,   0.0000000000,   0.0000000000,
                       0.0000000000,   1.0000000000,   0.0000000000,
                       0.0000000000,   0.0000000000,   1.0000000000
                  </Orientation>
                  <Position type="Vector">0, 0, 70</Position>
               </HpShield05>
               <HpFX04>
                  <Orientation type="Matrix">
                       1.0000000000,   0.0000000000,   0.0000000000,
                       0.0000000000,   1.0000000000,   0.0000000000,
                       0.0000000000,   0.0000000000,   1.0000000000
                  </Orientation>
                  <Position type="Vector">0, 0, 70</Position>
               </HpFX04>
               <HpFX05>
                  <Orientation type="Matrix">
                       1.0000000000,   0.0000000000,   0.0000000000,
                       0.0000000000,   1.0000000000,   0.0000000000,
                       0.0000000000,   0.0000000000,   1.0000000000
                  </Orientation>
                  <Position type="Vector">0, 0, 70</Position>
               </HpFX05>
               <HpFX06>
                  <Orientation type="Matrix">
                       1.0000000000,   0.0000000000,   0.0000000000,
                       0.0000000000,   1.0000000000,   0.0000000000,
                       0.0000000000,   0.0000000000,   1.0000000000
                  </Orientation>
                  <Position type="Vector">0, 0, 70</Position>
               </HpFX06>
               <HpFX07>
                  <Orientation type="Matrix">
                       1.0000000000,   0.0000000000,   0.0000000000,
                       0.0000000000,   1.0000000000,   0.0000000000,
                       0.0000000000,   0.0000000000,   1.0000000000
                  </Orientation>
                  <Position type="Vector">0, 0, 70</Position>
               </HpFX07>
            </Fixed>
            <Revolute>
               <HpTorpedo01>
                  <Axis type="Vector">0, 1, 0</Axis>
                  <Max type="float">0.78539819</Max>
                  <Min type="float">-0.78539819</Min>
                  <Orientation type="Matrix">
                      -1.0000000000, -87.422777e-09,   0.0000000000,
                      87.422777e-09,  -1.0000000000,  -0.0000000000,
                       0.0000000000,   0.0000000000,   1.0000000000
                  </Orientation>
                  <Position type="Vector">0, -9.6846027, 9.7271042</Position>
               </HpTorpedo01>
               <HpTurret01>
                  <Axis type="Vector">0, 1, 0</Axis>
                  <Max type="float">3.1415927</Max>
                  <Min type="float">-3.1415927</Min>
                  <Orientation type="Matrix">
                       1.0000000000,   0.0000000000,   0.0000000000,
                       0.0000000000,   1.0000000000,   0.0000000000,
                       0.0000000000,   0.0000000000,   1.0000000000
                  </Orientation>
                  <Position type="Vector">0, 12.938362, 84.83477</Position>
               </HpTurret01>
               <HpTurret02>
                  <Axis type="Vector">0, 1, 0</Axis>
                  <Max type="float">3.1415927</Max>
                  <Min type="float">-3.1415927</Min>
                  <Orientation type="Matrix">
                      -1.0000000000, -87.422777e-09,   0.0000000000,
                      87.422777e-09,  -1.0000000000,  -0.0000000000,
                       0.0000000000,   0.0000000000,   1.0000000000
                  </Orientation>
                  <Position type="Vector">0, -16.019524, 84.16259</Position>
               </HpTurret02>
               <HpTurret03>
                  <Axis type="Vector">0, 1, 0</Axis>
                  <Max type="float">3.1415927</Max>
                  <Min type="float">-3.1415927</Min>
                  <Orientation type="Matrix">
                       0.9563047300,  -0.2923271400,  -0.0051025893,
                       0.2923716600,   0.9561591100,   0.0166898200,
                       0.0000000000,  -0.0174524060,   0.9998477100
                  </Orientation>
                  <Position type="Vector">-27.409164, 3.306504, 40.943703</Position>
               </HpTurret03>
               <HpTurret04>
                  <Axis type="Vector">0, 1, 0</Axis>
                  <Max type="float">3.1415927</Max>
                  <Min type="float">-3.1415927</Min>
                  <Orientation type="Matrix">
                       0.9563047300,   0.2923271400,   0.0051025893,
                      -0.2923716600,   0.9561591100,   0.0166898200,
                       0.0000000000,  -0.0174524060,   0.9998477100
                  </Orientation>
                  <Position type="Vector">27.575859, 3.262512, 41.142998</Position>
               </HpTurret04>
               <HpTurret05>
                  <Axis type="Vector">0, 1, 0</Axis>
                  <Max type="float">3.1415927</Max>
                  <Min type="float">-3.1415927</Min>
                  <Orientation type="Matrix">
                      -0.9563048500,  -0.2921937400,  -0.0102036300,
                       0.2923718400,  -0.9557222700,  -0.0333745550,
                     -465.66129e-12,  -0.0348994960,   0.9993908400
                  </Orientation>
                  <Position type="Vector">-30.414398, -5.4425588, 41.096935</Position>
               </HpTurret05>
               <HpTurret06>
                  <Axis type="Vector">0, 1, 0</Axis>
                  <Max type="float">3.1415927</Max>
                  <Min type="float">-3.1415927</Min>
                  <Orientation type="Matrix">
                      -0.9563048500,   0.2921937400,   0.0102036300,
                      -0.2923718400,  -0.9557222700,  -0.0333745550,
                      465.66129e-12,  -0.0348994960,   0.9993908400
                  </Orientation>
                  <Position type="Vector">30.429003, -5.435318, 40.998165</Position>
               </HpTurret06>
               <HpTurret07>
                  <Axis type="Vector">0, 1, 0</Axis>
                  <Max type="float">3.1415927</Max>
                  <Min type="float">-3.1415927</Min>
                  <Orientation type="Matrix">
                       0.9563047900,  -0.2921935900,  -0.0102036240,
                       0.2923716900,   0.9557222100,   0.0333745550,
                       0.0000000000,  -0.0348994960,   0.9993908400
                  </Orientation>
                  <Position type="Vector">-29.833544, 5.0312328, 118.59097</Position>
               </HpTurret07>
               <HpTurret08>
                  <Axis type="Vector">0, 1, 0</Axis>
                  <Max type="float">3.1415927</Max>
                  <Min type="float">-3.1415927</Min>
                  <Orientation type="Matrix">
                       0.9563047900,   0.2921935900,   0.0102036240,
                      -0.2923716900,   0.9557222100,   0.0333745550,
                       0.0000000000,  -0.0348994960,   0.9993908400
                  </Orientation>
                  <Position type="Vector">29.812119, 5.037621, 118.716</Position>
               </HpTurret08>
               <HpTurret09>
                  <Axis type="Vector">0, 1, 0</Axis>
                  <Max type="float">3.1415927</Max>
                  <Min type="float">-3.1415927</Min>
                  <Orientation type="Matrix">
                      -0.9563048500,  -0.2921937400,  -0.0102036300,
                       0.2923718400,  -0.9557222700,  -0.0333745550,
                     -465.66129e-12,  -0.0348994960,   0.9993908400
                  </Orientation>
                  <Position type="Vector">-34.500259, -6.866828, 121.48689</Position>
               </HpTurret09>
               <HpTurret10>
                  <Axis type="Vector">0, 1, 0</Axis>
                  <Max type="float">3.1415927</Max>
                  <Min type="float">-3.1415927</Min>
                  <Orientation type="Matrix">
                      -0.9563048500,   0.2921937400,   0.0102036300,
                      -0.2923718400,  -0.9557222700,  -0.0333745550,
                      465.66129e-12,  -0.0348994960,   0.9993908400
                  </Orientation>
                  <Position type="Vector">28.136133, -8.682518, 118.66286</Position>
               </HpTurret10>
               <HpTurret11>
                  <Axis type="Vector">0, 1, 0</Axis>
                  <Max type="float">3.1415927</Max>
                  <Min type="float">-3.1415927</Min>
                  <Orientation type="Matrix">
                      -0.9702956700,  -0.2417744800,  -0.0084429504,
                       0.2419218600,  -0.9697046300,  -0.0338628290,
                       0.0000000000,  -0.0348994960,   0.9993908400
                  </Orientation>
                  <Position type="Vector">-28.170967, -4.7414799, 2.6871929</Position>
               </HpTurret11>
               <HpTurret12>
                  <Axis type="Vector">0, 1, 0</Axis>
                  <Max type="float">3.1415927</Max>
                  <Min type="float">-3.1415927</Min>
                  <Orientation type="Matrix">
                      -0.9702956700,   0.2417744800,   0.0084429504,
                      -0.2419218600,  -0.9697046300,  -0.0338628290,
                       0.0000000000,  -0.0348994960,   0.9993908400
                  </Orientation>
                  <Position type="Vector">28.171482, -4.7365928, 2.701057</Position>
               </HpTurret12>
               <HpTurret13>
                  <Axis type="Vector">0, 1, 0</Axis>
                  <Max type="float">3.1415927</Max>
                  <Min type="float">-3.1415927</Min>
                  <Orientation type="Matrix">
                       0.9672677500,  -0.2536710200,  -0.0066426089,
                       0.2537579800,   0.9669362900,   0.0253201200,
                     -232.83064e-12,  -0.0261769520,   0.9996573300
                  </Orientation>
                  <Position type="Vector">-29.163759, 1.667206, 8.6999626</Position>
               </HpTurret13>
               <HpTurret14>
                  <Axis type="Vector">0, 1, 0</Axis>
                  <Max type="float">3.1415927</Max>
                  <Min type="float">-3.1415927</Min>
                  <Orientation type="Matrix">
                       0.9672677500,   0.2536710200,   0.0066426089,
                      -0.2537579800,   0.9669362900,   0.0253201200,
                      232.83064e-12,  -0.0261769520,   0.9996573300
                  </Orientation>
                  <Position type="Vector">29.097923, 1.675806, 8.5648613</Position>
               </HpTurret14>
               <HpTurret15>
                  <Axis type="Vector">0, 1, 0</Axis>
                  <Max type="float">3.1415927</Max>
                  <Min type="float">-3.1415927</Min>
                  <Orientation type="Matrix">
                       0.9573195000,  -0.2888891400,  -0.0090787075,
                       0.2890317700,   0.9568471300,   0.0300701300,
                      465.66129e-12,  -0.0314107570,   0.9995065300
                  </Orientation>
                  <Position type="Vector">-38.557045, 2.7925711, 130.63643</Position>
               </HpTurret15>
               <HpTurret16>
                  <Axis type="Vector">0, 1, 0</Axis>
                  <Max type="float">3.1415927</Max>
                  <Min type="float">-3.1415927</Min>
                  <Orientation type="Matrix">
                       0.9573195000,   0.2888891400,   0.0090787075,
                      -0.2890317700,   0.9568471300,   0.0300701300,
                     -465.66129e-12,  -0.0314107570,   0.9995065300
                  </Orientation>
                  <Position type="Vector">38.147099, 2.909, 130.57753</Position>
               </HpTurret16>
               <HpTurret17>
                  <Axis type="Vector">0, 1, 0</Axis>
                  <Max type="float">3.1415927</Max>
                  <Min type="float">-3.1415927</Min>
                  <Orientation type="Matrix">
                      -0.9659258100,  -0.2586614800,  -0.0090326574,
                       0.2588191300,  -0.9653374000,  -0.0337103230,
                     -465.66129e-12,  -0.0348994960,   0.9993908400
                  </Orientation>
                  <Position type="Vector">-37.969345, -6.1713638, 132.02448</Position>
               </HpTurret17>
               <HpTurret18>
                  <Axis type="Vector">0, 1, 0</Axis>
                  <Max type="float">3.1415927</Max>
                  <Min type="float">-3.1415927</Min>
                  <Orientation type="Matrix">
                      -0.9659258100,   0.2586614800,   0.0090326574,
                      -0.2588191300,  -0.9653374000,  -0.0337103230,
                      465.66129e-12,  -0.0348994960,   0.9993908400
                  </Orientation>
                  <Position type="Vector">37.41362, -6.3372412, 132.13631</Position>
               </HpTurret18>
            </Revolute>
         </Hardpoints>
         <MultiLevel>
            <Level0>
               <VMeshPart>
                  <VMeshRef type="VMeshRef">
                     <!-- header size  --> 60,
                     <!-- vmesh lib    --> fulgurating_py26.lod0.vms,
                     <!-- start vert   --> 0,
                     <!-- num verts    --> 28244,
                     <!-- start index  --> 0,
                     <!-- num indices  --> 65094,
                     <!-- start mesh   --> 0,
                     <!-- num meshes   --> 19,
                     <!-- bounding box -->  54.726692,      13.450979,   160.5929,
                                           -54.745964,     -16.553904,  -239.4071,
                     <!-- center       -->  -0.0096359253,  -1.5514622,  -39.407104,
                     <!-- radius       --> 307.68011
                  </VMeshRef>
               </VMeshPart>
            </Level0>
         </MultiLevel>
      </fulgurating_py26.3db>
   </UTF_ROOT>
</UTFXML>
