<?xml version="1.0" encoding="ISO-8859-1"?>
<!-- XML generated by UTFXML Version 2.2 built 19-Aug-2010 -->
<UTFXML filename="fulgurating_destroyer.cmp" path="SHIPS\new\private">
   <UTF_ROOT>
      <VMeshLibrary>
         <fulgurating.lod0.vms include="fulgurating_destroyer_cmp\lod0.vms.xml"/>
      </VMeshLibrary>
      <Cmpnd>
         <Root>
            <File_name name="File name" type="text">fulgurating.3db</File_name>
            <Index type="int">0</Index>
            <Object_name name="Object name" type="text">Root</Object_name>
         </Root>
      </Cmpnd>
      <fulgurating.3db>
         <Hardpoints>
            <Fixed>
               <HpCockpit>
                  <Orientation type="Matrix">
                       1.0000000000,   0.0000000000,   0.0000000000,
                       0.0000000000,   1.0000000000,   0.0000000000,
                       0.0000000000,   0.0000000000,   1.0000000000
                  </Orientation>
                  <Position type="Vector">0, 3.3284593, 16.2868</Position>
               </HpCockpit>
               <HpMount>
                  <Orientation type="Matrix">
                       1.0000000000,   0.0000000000,   0.0000000000,
                       0.0000000000,   1.0000000000,   0.0000000000,
                       0.0000000000,   0.0000000000,   1.0000000000
                  </Orientation>
                  <Position type="Vector">0, -8.8045654, -39.620544</Position>
               </HpMount>
               <HpEngine01>
                  <Orientation type="Matrix">
                       1.0000000000,   0.0000000000,   0.0000000000,
                       0.0000000000,   1.0000000000,   0.0000000000,
                       0.0000000000,   0.0000000000,   1.0000000000
                  </Orientation>
                  <Position type="Vector">-8.1788721, -0.72077209, 58.789009</Position>
               </HpEngine01>
               <HpEngine02>
                  <Orientation type="Matrix">
                       1.0000000000,   0.0000000000,   0.0000000000,
                       0.0000000000,   1.0000000000,   0.0000000000,
                       0.0000000000,   0.0000000000,   1.0000000000
                  </Orientation>
                  <Position type="Vector">-13.881227, -0.64257044, 61.970348</Position>
               </HpEngine02>
               <HpEngine03>
                  <Orientation type="Matrix">
                       1.0000000000,   0.0000000000,   0.0000000000,
                       0.0000000000,   1.0000000000,   0.0000000000,
                       0.0000000000,   0.0000000000,   1.0000000000
                  </Orientation>
                  <Position type="Vector">-17.187599, -0.71398509, 63.775974</Position>
               </HpEngine03>
               <HpEngine04>
                  <Orientation type="Matrix">
                       1.0000000000,   0.0000000000,   0.0000000000,
                       0.0000000000,   1.0000000000,   0.0000000000,
                       0.0000000000,   0.0000000000,   1.0000000000
                  </Orientation>
                  <Position type="Vector">8.1799173, -0.71685183, 58.789009</Position>
               </HpEngine04>
               <HpEngine05>
                  <Orientation type="Matrix">
                       1.0000000000,   0.0000000000,   0.0000000000,
                       0.0000000000,   1.0000000000,   0.0000000000,
                       0.0000000000,   0.0000000000,   1.0000000000
                  </Orientation>
                  <Position type="Vector">13.866539, -0.71055788, 61.970348</Position>
               </HpEngine05>
               <HpEngine06>
                  <Orientation type="Matrix">
                       1.0000000000,   0.0000000000,   0.0000000000,
                       0.0000000000,   1.0000000000,   0.0000000000,
                       0.0000000000,   0.0000000000,   1.0000000000
                  </Orientation>
                  <Position type="Vector">17.159502, -0.7035231, 63.775974</Position>
               </HpEngine06>
               <HpTractor_Source>
                  <Orientation type="Matrix">
                       1.0000000000,   0.0000000000,   0.0000000000,
                       0.0000000000,   1.0000000000,   0.0000000000,
                       0.0000000000,   0.0000000000,   1.0000000000
                  </Orientation>
                  <Position type="Vector">0, -4.1441593, 3.1825478</Position>
               </HpTractor_Source>
               <HpCM01>
                  <Orientation type="Matrix">
                      -0.9999998800, -61.817232e-09, -61.817232e-09,
                      87.422777e-09,  -0.7071067100,  -0.7071067700,
                       0.0000000000,  -0.7071067700,   0.7071068300
                  </Orientation>
                  <Position type="Vector">0, -7.2718611, 44.224228</Position>
               </HpCM01>
               <HpThruster01>
                  <Orientation type="Matrix">
                       1.0000000000,   0.0000000000,   0.0000000000,
                       0.0000000000,   1.0000000000,   0.0000000000,
                       0.0000000000,   0.0000000000,   1.0000000000
                  </Orientation>
                  <Position type="Vector">0, 5.9186006, 44.110023</Position>
               </HpThruster01>
               <HpShield01>
                  <Orientation type="Matrix">
                      59.604645e-09,  -0.9999998800,  -0.0000000000,
                       0.9999998800,  59.604645e-09,   0.0000000000,
                       0.0000000000,  -0.0000000000,   1.0000000000
                  </Orientation>
                  <Position type="Vector">3.7735956, 0.15959904, -32.070206</Position>
               </HpShield01>
               <HpCloak01>
                  <Orientation type="Matrix">
                       1.0000000000,   0.0000000000,   0.0000000000,
                       0.0000000000,   1.0000000000,   0.0000000000,
                       0.0000000000,   0.0000000000,   1.0000000000
                  </Orientation>
                  <Position type="Vector">0, 0, -13.206846</Position>
               </HpCloak01>
               <HpRunningLight01>
                  <Orientation type="Matrix">
                       1.0000000000,   0.0000000000,   0.0000000000,
                       0.0000000000,   1.0000000000,   0.0000000000,
                       0.0000000000,   0.0000000000,   1.0000000000
                  </Orientation>
                  <Position type="Vector">0, -4.1561575, 3.1951382</Position>
               </HpRunningLight01>
               <HpShield02>
                  <Orientation type="Matrix">
                      59.604645e-09,   0.9999998800,   0.0000000000,
                      -0.9999998800,  59.604645e-09,   0.0000000000,
                       0.0000000000,   0.0000000000,   1.0000000000
                  </Orientation>
                  <Position type="Vector">-3.7767062, 0.057518028, -32.269302</Position>
               </HpShield02>
               <HpNew01>
                  <Orientation type="Matrix">
                       1.0000000000,   0.0000000000,   0.0000000000,
                       0.0000000000,   1.0000000000,   0.0000000000,
                       0.0000000000,   0.0000000000,   1.0000000000
                  </Orientation>
                  <Position type="Vector">0, 0, 39.620544</Position>
               </HpNew01>
               <HpNew02>
                  <Orientation type="Matrix">
                       1.0000000000,   0.0000000000,   0.0000000000,
                       0.0000000000,   1.0000000000,   0.0000000000,
                       0.0000000000,   0.0000000000,   1.0000000000
                  </Orientation>
                  <Position type="Vector">0, 0, 39.620544</Position>
               </HpNew02>
               <HpNew03>
                  <Orientation type="Matrix">
                       1.0000000000,   0.0000000000,   0.0000000000,
                       0.0000000000,   1.0000000000,   0.0000000000,
                       0.0000000000,   0.0000000000,   1.0000000000
                  </Orientation>
                  <Position type="Vector">0, 0, 39.620544</Position>
               </HpNew03>
               <HpDocklight01>
                  <Orientation type="Matrix">
                       1.0000000000,   0.0000000000,   0.0000000000,
                       0.0000000000,   1.0000000000,   0.0000000000,
                       0.0000000000,   0.0000000000,   1.0000000000
                  </Orientation>
                  <Position type="Vector">-24.081818, -0.69985598, 70.670647</Position>
               </HpDocklight01>
               <HpDocklight02>
                  <Orientation type="Matrix">
                       1.0000000000,   0.0000000000,   0.0000000000,
                       0.0000000000,   1.0000000000,   0.0000000000,
                       0.0000000000,   0.0000000000,   1.0000000000
                  </Orientation>
                  <Position type="Vector">24.076504, -0.70052302, 70.678215</Position>
               </HpDocklight02>
               <HpBayDoor01>
                  <Orientation type="Matrix">
                       1.0000000000,   0.0000000000,   0.0000000000,
                       0.0000000000,   1.0000000000,   0.0000000000,
                       0.0000000000,   0.0000000000,   1.0000000000
                  </Orientation>
                  <Position type="Vector">0, -15, 0</Position>
               </HpBayDoor01>
               <HpBayDoor02>
                  <Orientation type="Matrix">
                       1.0000000000,   0.0000000000,   0.0000000000,
                       0.0000000000,   1.0000000000,   0.0000000000,
                       0.0000000000,   0.0000000000,   1.0000000000
                  </Orientation>
                  <Position type="Vector">0, -19, 0</Position>
               </HpBayDoor02>
               <HpFX01>
                  <Orientation type="Matrix">
                       1.0000000000,   0.0000000000,   0.0000000000,
                       0.0000000000,   1.0000000000,   0.0000000000,
                       0.0000000000,   0.0000000000,   1.0000000000
                  </Orientation>
                  <Position type="Vector">0, 0, 0</Position>
               </HpFX01>
               <HpFX02>
                  <Orientation type="Matrix">
                      59.604645e-09,   0.9999998800,   0.0000000000,
                      -0.9999998800,  59.604645e-09,   0.0000000000,
                       0.0000000000,   0.0000000000,   1.0000000000
                  </Orientation>
                  <Position type="Vector">0, 0, 0</Position>
               </HpFX02>
               <HpFX03>
                  <Orientation type="Matrix">
                       1.0000000000,   0.0000000000,   0.0000000000,
                       0.0000000000,  59.604645e-09,   0.9999998800,
                       0.0000000000,  -0.9999998800,  59.604645e-09
                  </Orientation>
                  <Position type="Vector">0, 0, 0</Position>
               </HpFX03>
            </Fixed>
            <Revolute>
               <HpTorpedo01>
                  <Axis type="Vector">0, 1, 0</Axis>
                  <Max type="float">0.78539819</Max>
                  <Min type="float">-0.78539819</Min>
                  <Orientation type="Matrix">
                      -1.0000000000, -87.422777e-09,   0.0000000000,
                      87.422777e-09,  -1.0000000000,  -0.0000000000,
                       0.0000000000,   0.0000000000,   1.0000000000
                  </Orientation>
                  <Position type="Vector">0, -4.2634358, 4.282146</Position>
               </HpTorpedo01>
               <HpTurret01>
                  <Axis type="Vector">0, 1, 0</Axis>
                  <Max type="float">3.1415927</Max>
                  <Min type="float">-3.1415927</Min>
                  <Orientation type="Matrix">
                       1.0000000000,   0.0000000000,   0.0000000000,
                       0.0000000000,   0.9993908400,   0.0348994960,
                       0.0000000000,  -0.0348994960,   0.9993908400
                  </Orientation>
                  <Position type="Vector">0, 5.6864986, 36.818722</Position>
               </HpTurret01>
               <HpTurret02>
                  <Axis type="Vector">0, 1, 0</Axis>
                  <Max type="float">3.1415927</Max>
                  <Min type="float">-3.1415927</Min>
                  <Orientation type="Matrix">
                      -1.0000000000, -87.369521e-09, -3.0510108e-09,
                      87.422784e-09,  -0.9993908400,  -0.0348994960,
                       0.0000000000,  -0.0348994960,   0.9993908400
                  </Orientation>
                  <Position type="Vector">0, -7.043345, 36.83083</Position>
               </HpTurret02>
               <HpTurret03>
                  <Axis type="Vector">0, 1, 0</Axis>
                  <Max type="float">3.1415927</Max>
                  <Min type="float">-3.1415927</Min>
                  <Orientation type="Matrix">
                       0.9612616900,  -0.2754694800,  -0.0096196048,
                       0.2756373900,   0.9606761300,   0.0335475500,
                     -465.66129e-12,  -0.0348994960,   0.9993908400
                  </Orientation>
                  <Position type="Vector">-12.088526, 1.450448, 18.072748</Position>
               </HpTurret03>
               <HpTurret04>
                  <Axis type="Vector">0, 1, 0</Axis>
                  <Max type="float">3.1415927</Max>
                  <Min type="float">-3.1415927</Min>
                  <Orientation type="Matrix">
                       0.9612616900,   0.2754694800,   0.0096196048,
                      -0.2756373900,   0.9606761300,   0.0335475500,
                      465.66129e-12,  -0.0348994960,   0.9993908400
                  </Orientation>
                  <Position type="Vector">12.068988, 1.456705, 18.088963</Position>
               </HpTurret04>
               <HpTurret05>
                  <Axis type="Vector">0, 1, 0</Axis>
                  <Max type="float">3.1415927</Max>
                  <Min type="float">-3.1415927</Min>
                  <Orientation type="Matrix">
                      -0.9563048500,  -0.2921937400,  -0.0102036300,
                       0.2923718400,  -0.9557222700,  -0.0333745550,
                     -465.66129e-12,  -0.0348994960,   0.9993908400
                  </Orientation>
                  <Position type="Vector">-13.426888, -2.3864491, 18.145496</Position>
               </HpTurret05>
               <HpTurret06>
                  <Axis type="Vector">0, 1, 0</Axis>
                  <Max type="float">3.1415927</Max>
                  <Min type="float">-3.1415927</Min>
                  <Orientation type="Matrix">
                      -0.9563048500,   0.2921937400,   0.0102036300,
                      -0.2923718400,  -0.9557222700,  -0.0333745550,
                      465.66129e-12,  -0.0348994960,   0.9993908400
                  </Orientation>
                  <Position type="Vector">13.400802, -2.392458, 18.085051</Position>
               </HpTurret06>
               <HpTurret07>
                  <Axis type="Vector">0, 1, 0</Axis>
                  <Max type="float">3.1415927</Max>
                  <Min type="float">-3.1415927</Min>
                  <Orientation type="Matrix">
                       0.9612616900,  -0.2754694800,  -0.0096196048,
                       0.2756373900,   0.9606761300,   0.0335475500,
                     -465.66129e-12,  -0.0348994960,   0.9993908400
                  </Orientation>
                  <Position type="Vector">-12.949093, 0.62661201, 1.011476</Position>
               </HpTurret07>
               <HpTurret08>
                  <Axis type="Vector">0, 1, 0</Axis>
                  <Max type="float">3.1415927</Max>
                  <Min type="float">-3.1415927</Min>
                  <Orientation type="Matrix">
                       0.9612616900,   0.2754694800,   0.0096196048,
                      -0.2756373900,   0.9606761300,   0.0335475500,
                      465.66129e-12,  -0.0348994960,   0.9993908400
                  </Orientation>
                  <Position type="Vector">12.91346, 0.63358301, 1.003373</Position>
               </HpTurret08>
               <HpTurret09>
                  <Axis type="Vector">0, 1, 0</Axis>
                  <Max type="float">3.1415927</Max>
                  <Min type="float">-3.1415927</Min>
                  <Orientation type="Matrix">
                      -0.9563048500,  -0.2921937400,  -0.0102036300,
                       0.2923718400,  -0.9557222700,  -0.0333745550,
                     -465.66129e-12,  -0.0348994960,   0.9993908400
                  </Orientation>
                  <Position type="Vector">-13.415935, -1.937273, 5.342165</Position>
               </HpTurret09>
               <HpTurret10>
                  <Axis type="Vector">0, 1, 0</Axis>
                  <Max type="float">3.1415927</Max>
                  <Min type="float">-3.1415927</Min>
                  <Orientation type="Matrix">
                      -0.9563048500,   0.2921937400,   0.0102036300,
                      -0.2923718400,  -0.9557222700,  -0.0333745550,
                      465.66129e-12,  -0.0348994960,   0.9993908400
                  </Orientation>
                  <Position type="Vector">13.441278, -1.927536, 5.3177228</Position>
               </HpTurret10>
               <HpTurret11>
                  <Axis type="Vector">0, 1, 0</Axis>
                  <Max type="float">3.1415927</Max>
                  <Min type="float">-3.1415927</Min>
                  <Orientation type="Matrix">
                       0.9612616900,  -0.2754694800,  -0.0096196048,
                       0.2756373900,   0.9606761300,   0.0335475500,
                     -465.66129e-12,  -0.0348994960,   0.9993908400
                  </Orientation>
                  <Position type="Vector">-9.2294693, 1.2288409, -16.051159</Position>
               </HpTurret11>
               <HpTurret12>
                  <Axis type="Vector">0, 1, 0</Axis>
                  <Max type="float">3.1415927</Max>
                  <Min type="float">-3.1415927</Min>
                  <Orientation type="Matrix">
                       0.9612616900,   0.2754694800,   0.0096196048,
                      -0.2756373900,   0.9606761300,   0.0335475500,
                      465.66129e-12,  -0.0348994960,   0.9993908400
                  </Orientation>
                  <Position type="Vector">9.2489853, 1.220402, -16.077971</Position>
               </HpTurret12>
               <HpTurret13>
                  <Axis type="Vector">0, 1, 0</Axis>
                  <Max type="float">3.1415927</Max>
                  <Min type="float">-3.1415927</Min>
                  <Orientation type="Matrix">
                      -0.9563048500,  -0.2921937400,  -0.0102036300,
                       0.2923718400,  -0.9557222700,  -0.0333745550,
                     -465.66129e-12,  -0.0348994960,   0.9993908400
                  </Orientation>
                  <Position type="Vector">-9.8571424, -2.3052361, -16.672308</Position>
               </HpTurret13>
               <HpTurret14>
                  <Axis type="Vector">0, 1, 0</Axis>
                  <Max type="float">3.1415927</Max>
                  <Min type="float">-3.1415927</Min>
                  <Orientation type="Matrix">
                      -0.9563048500,   0.2921937400,   0.0102036300,
                      -0.2923718400,  -0.9557222700,  -0.0333745550,
                      465.66129e-12,  -0.0348994960,   0.9993908400
                  </Orientation>
                  <Position type="Vector">9.8425856, -2.3069251, -16.693008</Position>
               </HpTurret14>
            </Revolute>
         </Hardpoints>
         <MultiLevel>
            <Level0>
               <VMeshPart>
                  <VMeshRef type="VMeshRef">
                     <!-- header size  --> 60,
                     <!-- vmesh lib    --> fulgurating.lod0.vms,
                     <!-- start vert   --> 0,
                     <!-- num verts    --> 28244,
                     <!-- start index  --> 0,
                     <!-- num indices  --> 65094,
                     <!-- start mesh   --> 0,
                     <!-- num meshes   --> 19,
                     <!-- bounding box -->  24.092237,      5.9215016,    70.697533,
                                           -24.100719,     -7.2874961,  -105.39376,
                     <!-- center       -->  -0.0042409897, -0.68299723,  -17.348114,
                     <!-- radius       --> 135.44946
                  </VMeshRef>
               </VMeshPart>
            </Level0>
         </MultiLevel>
      </fulgurating.3db>
   </UTF_ROOT>
</UTFXML>
