<?xml version="1.0" encoding="ISO-8859-1"?>
<!-- XML generated by UTFXML Version 2.2 built 19-Aug-2010 -->
<UTFXML filename="HF02.cmp" path="SHIPS\new\private">
   <UTF_ROOT>
      <VMeshLibrary>
         <HF02.lod0.vms include="HF02_cmp\lod0.vms.xml"/>
         <HF02.3db.lod0.vms include="HF02_cmp\lod0.vms.xml"/>
      </VMeshLibrary>
      <Cmpnd>
         <Root>
            <File_name name="File name" type="text">HF02.3db.3db</File_name>
            <Index type="int">0</Index>
            <Object_name name="Object name" type="text">Root</Object_name>
         </Root>
      </Cmpnd>
      <HF02.3db>
         <MultiLevel>
            <Level0>
               <VMeshPart>
                  <VMeshRef type="VMeshRef">
                     <!-- header size  --> 60,
                     <!-- vmesh lib    --> HF02.lod0.vms,
                     <!-- start vert   --> 0,
                     <!-- num verts    --> 3226,
                     <!-- start index  --> 0,
                     <!-- num indices  --> 14022,
                     <!-- start mesh   --> 0,
                     <!-- num meshes   --> 2,
                     <!-- bounding box -->  7.8510633,  6.5114403,  12.164339,
                                           -7.8510633, -6.5114403, -12.164339,
                     <!-- center       -->  0,          0,           0,
                     <!-- radius       --> 12.164339
                  </VMeshRef>
               </VMeshPart>
            </Level0>
         </MultiLevel>
         <VMeshWire include="HF02_cmp\HF02.vwd.xml"/>
         <Hardpoints>
            <Fixed>
               <HpCockpit>
                  <Orientation type="Matrix">
                       1.0000000000,   0.0000000000,   0.0000000000,
                       0.0000000000,   1.0000000000,   0.0000000000,
                       0.0000000000,   0.0000000000,   1.0000000000
                  </Orientation>
                  <Position type="Vector">0, 1.371357, -6.2473302</Position>
               </HpCockpit>
               <HpMount>
                  <Orientation type="Matrix">
                       1.0000000000,   0.0000000000,   0.0000000000,
                       0.0000000000,   1.0000000000,   0.0000000000,
                       0.0000000000,   0.0000000000,   1.0000000000
                  </Orientation>
                  <Position type="Vector">0, -6, 0</Position>
               </HpMount>
               <HpTractor_Source>
                  <Orientation type="Matrix">
                       1.0000000000,   0.0000000000,   0.0000000000,
                       0.0000000000,   1.0000000000,   0.0000000000,
                       0.0000000000,   0.0000000000,   1.0000000000
                  </Orientation>
                  <Position type="Vector">0, -1.057008, -12.132284</Position>
               </HpTractor_Source>
               <HpEngine01>
                  <Orientation type="Matrix">
                       1.0000000000,   0.0000000000,   0.0000000000,
                       0.0000000000,   1.0000000000,   0.0000000000,
                       0.0000000000,   0.0000000000,   1.0000000000
                  </Orientation>
                  <Position type="Vector">-1.380185, -0.40141201, 10.519852</Position>
               </HpEngine01>
               <HpEngine02>
                  <Orientation type="Matrix">
                       1.0000000000,   0.0000000000,   0.0000000000,
                       0.0000000000,   1.0000000000,   0.0000000000,
                       0.0000000000,   0.0000000000,   1.0000000000
                  </Orientation>
                  <Position type="Vector">1.3458771, -0.41352499, 10.524311</Position>
               </HpEngine02>
               <HpCloak01>
                  <Orientation type="Matrix">
                       1.0000000000,   0.0000000000,   0.0000000000,
                       0.0000000000,   1.0000000000,   0.0000000000,
                       0.0000000000,   0.0000000000,   1.0000000000
                  </Orientation>
                  <Position type="Vector">0, 0, 0</Position>
               </HpCloak01>
               <HpCM01>
                  <Orientation type="Matrix">
                      59.604645e-09,  -0.9999998800,  -0.0000000000,
                       0.9999998800,  59.604645e-09,   0.0000000000,
                       0.0000000000,  -0.0000000000,   1.0000000000
                  </Orientation>
                  <Position type="Vector">-0.032979, 3.2649939, 10.569183</Position>
               </HpCM01>
               <HpMine01>
                  <Orientation type="Matrix">
                      59.604645e-09,   0.9999998800,   0.0000000000,
                      -0.9999998800,  59.604645e-09,   0.0000000000,
                       0.0000000000,   0.0000000000,   1.0000000000
                  </Orientation>
                  <Position type="Vector">0.032423999, 3.2707541, 10.576682</Position>
               </HpMine01>
               <HpShield01>
                  <Orientation type="Matrix">
                       1.0000000000,   0.0000000000,   0.0000000000,
                       0.0000000000,   1.0000000000,   0.0000000000,
                       0.0000000000,   0.0000000000,   1.0000000000
                  </Orientation>
                  <Position type="Vector">0, 0, 0</Position>
               </HpShield01>
               <HpShield02>
                  <Orientation type="Matrix">
                       1.0000000000,   0.0000000000,   0.0000000000,
                       0.0000000000,   1.0000000000,   0.0000000000,
                       0.0000000000,   0.0000000000,   1.0000000000
                  </Orientation>
                  <Position type="Vector">0, 0, 0</Position>
               </HpShield02>
               <HpShield03>
                  <Orientation type="Matrix">
                       1.0000000000,   0.0000000000,   0.0000000000,
                       0.0000000000,   1.0000000000,   0.0000000000,
                       0.0000000000,   0.0000000000,   1.0000000000
                  </Orientation>
                  <Position type="Vector">0, 0, 0</Position>
               </HpShield03>
               <HpNew01>
                  <Orientation type="Matrix">
                       1.0000000000,   0.0000000000,   0.0000000000,
                       0.0000000000,   1.0000000000,   0.0000000000,
                       0.0000000000,   0.0000000000,   1.0000000000
                  </Orientation>
                  <Position type="Vector">0, 0, 0</Position>
               </HpNew01>
               <HpNew02>
                  <Orientation type="Matrix">
                       1.0000000000,   0.0000000000,   0.0000000000,
                       0.0000000000,   1.0000000000,   0.0000000000,
                       0.0000000000,   0.0000000000,   1.0000000000
                  </Orientation>
                  <Position type="Vector">0, 0, 0</Position>
               </HpNew02>
               <HpNew03>
                  <Orientation type="Matrix">
                       1.0000000000,   0.0000000000,   0.0000000000,
                       0.0000000000,   1.0000000000,   0.0000000000,
                       0.0000000000,   0.0000000000,   1.0000000000
                  </Orientation>
                  <Position type="Vector">0, 0, 0</Position>
               </HpNew03>
               <HpNew04>
                  <Orientation type="Matrix">
                       1.0000000000,   0.0000000000,   0.0000000000,
                       0.0000000000,   1.0000000000,   0.0000000000,
                       0.0000000000,   0.0000000000,   1.0000000000
                  </Orientation>
                  <Position type="Vector">0, 0, 0</Position>
               </HpNew04>
               <HpNew05>
                  <Orientation type="Matrix">
                       1.0000000000,   0.0000000000,   0.0000000000,
                       0.0000000000,   1.0000000000,   0.0000000000,
                       0.0000000000,   0.0000000000,   1.0000000000
                  </Orientation>
                  <Position type="Vector">0, 0, 0</Position>
               </HpNew05>
               <HpThruster01>
                  <Orientation type="Matrix">
                      -1.0000000000, -87.422777e-09,   0.0000000000,
                      87.422777e-09,  -1.0000000000,  -0.0000000000,
                       0.0000000000,   0.0000000000,   1.0000000000
                  </Orientation>
                  <Position type="Vector">0, 0.29047301, 11.802742</Position>
               </HpThruster01>
               <HpHeadLight01>
                  <Orientation type="Matrix">
                       1.0000000000,   0.0000000000,   0.0000000000,
                       0.0000000000,   1.0000000000,   0.0000000000,
                       0.0000000000,   0.0000000000,   1.0000000000
                  </Orientation>
                  <Position type="Vector">0, -1.051046, -12.134711</Position>
               </HpHeadLight01>
               <HpDocklight01>
                  <Orientation type="Matrix">
                       1.0000000000,   0.0000000000,   0.0000000000,
                       0.0000000000,   1.0000000000,   0.0000000000,
                       0.0000000000,   0.0000000000,   1.0000000000
                  </Orientation>
                  <Position type="Vector">0, 6.498189, 10.352221</Position>
               </HpDocklight01>
               <HpRunningLight01>
                  <Orientation type="Matrix">
                       1.0000000000,   0.0000000000,   0.0000000000,
                       0.0000000000,   1.0000000000,   0.0000000000,
                       0.0000000000,   0.0000000000,   1.0000000000
                  </Orientation>
                  <Position type="Vector">-4.1026831, 3.2082281, 1.910296</Position>
               </HpRunningLight01>
               <HpRunningLight02>
                  <Orientation type="Matrix">
                       1.0000000000,   0.0000000000,   0.0000000000,
                       0.0000000000,   1.0000000000,   0.0000000000,
                       0.0000000000,   0.0000000000,   1.0000000000
                  </Orientation>
                  <Position type="Vector">4.1024408, 3.2075889, 1.907292</Position>
               </HpRunningLight02>
               <HpContrail01>
                  <Orientation type="Matrix">
                       1.0000000000,   0.0000000000,   0.0000000000,
                       0.0000000000,   1.0000000000,   0.0000000000,
                       0.0000000000,   0.0000000000,   1.0000000000
                  </Orientation>
                  <Position type="Vector">-7.4447141, -3.563201, 6.6163559</Position>
               </HpContrail01>
               <HpContrail02>
                  <Orientation type="Matrix">
                       1.0000000000,   0.0000000000,   0.0000000000,
                       0.0000000000,   1.0000000000,   0.0000000000,
                       0.0000000000,   0.0000000000,   1.0000000000
                  </Orientation>
                  <Position type="Vector">7.4585929, -3.5731709, 6.627481</Position>
               </HpContrail02>
               <HpContrail03>
                  <Orientation type="Matrix">
                       1.0000000000,   0.0000000000,   0.0000000000,
                       0.0000000000,   1.0000000000,   0.0000000000,
                       0.0000000000,   0.0000000000,   1.0000000000
                  </Orientation>
                  <Position type="Vector">-4.1003628, 3.204881, 1.913541</Position>
               </HpContrail03>
               <HpContrail04>
                  <Orientation type="Matrix">
                       1.0000000000,   0.0000000000,   0.0000000000,
                       0.0000000000,   1.0000000000,   0.0000000000,
                       0.0000000000,   0.0000000000,   1.0000000000
                  </Orientation>
                  <Position type="Vector">4.1028771, 3.2085359, 1.909022</Position>
               </HpContrail04>
               <HpContrail05>
                  <Orientation type="Matrix">
                       1.0000000000,   0.0000000000,   0.0000000000,
                       0.0000000000,   1.0000000000,   0.0000000000,
                       0.0000000000,   0.0000000000,   1.0000000000
                  </Orientation>
                  <Position type="Vector">-3.3388419, -2.8429639, 1.081069</Position>
               </HpContrail05>
               <HpContrail06>
                  <Orientation type="Matrix">
                       1.0000000000,   0.0000000000,   0.0000000000,
                       0.0000000000,   1.0000000000,   0.0000000000,
                       0.0000000000,   0.0000000000,   1.0000000000
                  </Orientation>
                  <Position type="Vector">3.341244, -2.8505299, 1.080379</Position>
               </HpContrail06>
            </Fixed>
            <Revolute>
               <HpTorpedo01>
                  <Axis type="Vector">0, 1, 0</Axis>
                  <Max type="float">0.78539819</Max>
                  <Min type="float">-0.78539819</Min>
                  <Orientation type="Matrix">
                      -0.9998476500,  -0.0174524580,  -0.0000000000,
                       0.0174524580,  -0.9998476500,   0.0000000000,
                       0.0000000000,  -0.0000000000,   1.0000000000
                  </Orientation>
                  <Position type="Vector">0, -1.189267, -11.295793</Position>
               </HpTorpedo01>
               <HpTorpedo02>
                  <Axis type="Vector">0, 1, 0</Axis>
                  <Max type="float">0.78539819</Max>
                  <Min type="float">-0.78539819</Min>
                  <Orientation type="Matrix">
                       1.0000000000,   0.0000000000,   0.0000000000,
                       0.0000000000,   1.0000000000,   0.0000000000,
                       0.0000000000,   0.0000000000,   1.0000000000
                  </Orientation>
                  <Position type="Vector">-7.0387521, -5.2095628, 3</Position>
               </HpTorpedo02>
               <HpTorpedo03>
                  <Axis type="Vector">0, 1, 0</Axis>
                  <Max type="float">0.78539819</Max>
                  <Min type="float">-0.78539819</Min>
                  <Orientation type="Matrix">
                       1.0000000000,   0.0000000000,   0.0000000000,
                       0.0000000000,   1.0000000000,   0.0000000000,
                       0.0000000000,   0.0000000000,   1.0000000000
                  </Orientation>
                  <Position type="Vector">7.0417099, -5.2112279, 3</Position>
               </HpTorpedo03>
               <HpWeapon01>
                  <Axis type="Vector">0, 1, 0</Axis>
                  <Max type="float">1.5707964</Max>
                  <Min type="float">-1.5707964</Min>
                  <Orientation type="Matrix">
                      -1.0000000000, -87.422777e-09,   0.0000000000,
                      87.422777e-09,  -1.0000000000,  -0.0000000000,
                       0.0000000000,   0.0000000000,   1.0000000000
                  </Orientation>
                  <Position type="Vector">0, -1.96682, -7.9331479</Position>
               </HpWeapon01>
               <HpWeapon02>
                  <Axis type="Vector">0, 1, 0</Axis>
                  <Max type="float">0.78539819</Max>
                  <Min type="float">-0.78539819</Min>
                  <Orientation type="Matrix">
                      -0.5000001200,   0.8660253300,   0.0000000000,
                      -0.8660253300,  -0.5000001200,   0.0000000000,
                       0.0000000000,   0.0000000000,   1.0000000000
                  </Orientation>
                  <Position type="Vector">-3.0945401, -2.4482231, 1.107754</Position>
               </HpWeapon02>
               <HpWeapon03>
                  <Axis type="Vector">0, 1, 0</Axis>
                  <Max type="float">0.78539819</Max>
                  <Min type="float">-0.78539819</Min>
                  <Orientation type="Matrix">
                      -0.5000001200,  -0.8660253300,  -0.0000000000,
                       0.8660253300,  -0.5000001200,   0.0000000000,
                       0.0000000000,  -0.0000000000,   1.0000000000
                  </Orientation>
                  <Position type="Vector">3.1018729, -2.459975, 1.104762</Position>
               </HpWeapon03>
               <HpWeapon04>
                  <Axis type="Vector">0, 1, 0</Axis>
                  <Max type="float">0.78539819</Max>
                  <Min type="float">-0.78539819</Min>
                  <Orientation type="Matrix">
                       0.5000000000,  -0.8660253900,  -0.0000000000,
                       0.8660253900,   0.5000000000,   0.0000000000,
                       0.0000000000,  -0.0000000000,   1.0000000000
                  </Orientation>
                  <Position type="Vector">-3.0847631, -2.334554, 1.121807</Position>
               </HpWeapon04>
               <HpWeapon05>
                  <Axis type="Vector">0, 1, 0</Axis>
                  <Max type="float">0.78539819</Max>
                  <Min type="float">-0.78539819</Min>
                  <Orientation type="Matrix">
                       0.5000000000,   0.8660253900,   0.0000000000,
                      -0.8660253900,   0.5000000000,   0.0000000000,
                       0.0000000000,   0.0000000000,   1.0000000000
                  </Orientation>
                  <Position type="Vector">3.083472, -2.33109, 1.129836</Position>
               </HpWeapon05>
               <HpWeapon06>
                  <Axis type="Vector">0, 1, 0</Axis>
                  <Max type="float">0.78539819</Max>
                  <Min type="float">-0.78539819</Min>
                  <Orientation type="Matrix">
                       0.6427875800,   0.7660444400,   0.0000000000,
                      -0.7660444400,   0.6427875800,   0.0000000000,
                       0.0000000000,   0.0000000000,   1.0000000000
                  </Orientation>
                  <Position type="Vector">-3.1747911, 1.9368809, 1.851138</Position>
               </HpWeapon06>
               <HpWeapon07>
                  <Axis type="Vector">0, 1, 0</Axis>
                  <Max type="float">0.78539819</Max>
                  <Min type="float">-0.78539819</Min>
                  <Orientation type="Matrix">
                       0.6427875800,  -0.7660444400,  -0.0000000000,
                       0.7660444400,   0.6427875800,   0.0000000000,
                       0.0000000000,  -0.0000000000,   1.0000000000
                  </Orientation>
                  <Position type="Vector">3.1683159, 1.928328, 1.848089</Position>
               </HpWeapon07>
               <HpWeapon08>
                  <Axis type="Vector">0, 1, 0</Axis>
                  <Max type="float">0.78539819</Max>
                  <Min type="float">-1.5707964</Min>
                  <Orientation type="Matrix">
                      59.604645e-09,  -0.9999998800,  -0.0000000000,
                       0.9999998800,  59.604645e-09,   0.0000000000,
                       0.0000000000,  -0.0000000000,   1.0000000000
                  </Orientation>
                  <Position type="Vector">-0.100479, 5.4975772, 10.209891</Position>
               </HpWeapon08>
               <HpWeapon09>
                  <Axis type="Vector">0, 1, 0</Axis>
                  <Max type="float">1.5707964</Max>
                  <Min type="float">-0.78539819</Min>
                  <Orientation type="Matrix">
                      59.604645e-09,   0.9999998800,   0.0000000000,
                      -0.9999998800,  59.604645e-09,   0.0000000000,
                       0.0000000000,   0.0000000000,   1.0000000000
                  </Orientation>
                  <Position type="Vector">0.096201003, 5.551435, 10.214693</Position>
               </HpWeapon09>
               <HpWeapon10>
                  <Axis type="Vector">0, 1, 0</Axis>
                  <Max type="float">1.5707964</Max>
                  <Min type="float">-1.5707964</Min>
                  <Orientation type="Matrix">
                       1.0000000000,   0.0000000000,   0.0000000000,
                       0.0000000000,   1.0000000000,   0.0000000000,
                       0.0000000000,   0.0000000000,   1.0000000000
                  </Orientation>
                  <Position type="Vector">0, 2.088105, -3.3162129</Position>
               </HpWeapon10>
            </Revolute>
         </Hardpoints>
      </HF02.3db>
      <Material_library name="Material library">
         <cf18sfship22>
            <Dt_flags type="int">0x40</Dt_flags>
            <Dt_name type="text">cf18sfship22.tga</Dt_name>
            <Type type="text">DcDtEt</Type>
            <Et_flags type="int">0x40</Et_flags>
            <Et_name type="text">cf18sfship22et.tga</Et_name>
         </cf18sfship22>
         <Material_count name="Material count" type="int">1</Material_count>
      </Material_library>
      <Texture_library name="Texture library">
         <cf18sfship22.tga>
            <MIPS type="file" filename="HF02_cmp\cf18sfship22.dds"/>
         </cf18sfship22.tga>
         <cf18sfship22et.tga>
            <MIPS type="file" filename="HF02_cmp\cf18sfship22et.dds"/>
         </cf18sfship22et.tga>
      </Texture_library>
      <HF02.3db.3db>
         <Hardpoints>
            <Fixed>
               <HpCockpit>
                  <Orientation type="Matrix">
                       1.0000000000,   0.0000000000,   0.0000000000,
                       0.0000000000,   1.0000000000,   0.0000000000,
                       0.0000000000,   0.0000000000,   1.0000000000
                  </Orientation>
                  <Position type="Vector">-0.0018115942, -0.014906054, 0.069355041</Position>
               </HpCockpit>
               <HpMount>
                  <Orientation type="Matrix">
                       1.0000000000,   0.0000000000,   0.0000000000,
                       0.0000000000,   1.0000000000,   0.0000000000,
                       0.0000000000,   0.0000000000,   1.0000000000
                  </Orientation>
                  <Position type="Vector">-0.0018115942, 0.065217391, 0.0014492753</Position>
               </HpMount>
               <HpTractor_Source>
                  <Orientation type="Matrix">
                      -0.7225357900,  -0.5928762000,   0.0000000000,
                       0.5928762000,  -0.7225357900,   0.3555838200,
                      -0.2108171900,   0.2569220400,   0.8735601300
                  </Orientation>
                  <Position type="Vector">-0.0018115942, 0.011489218, 0.13332193</Position>
               </HpTractor_Source>
               <HpEngine01>
                  <Orientation type="Matrix">
                       1.0000000000,   0.0000000000,   0.0000000000,
                       0.0000000000,   1.0000000000,   0.0000000000,
                       0.0000000000,   0.0000000000,   1.0000000000
                  </Orientation>
                  <Position type="Vector">-0.016813606, 0.0043631741, -0.11289694</Position>
               </HpEngine01>
               <HpEngine02>
                  <Orientation type="Matrix">
                       1.0000000000,   0.0000000000,   0.0000000000,
                       0.0000000000,   1.0000000000,   0.0000000000,
                       0.0000000000,   0.0000000000,   1.0000000000
                  </Orientation>
                  <Position type="Vector">0.012817505, 0.004494837, -0.11294542</Position>
               </HpEngine02>
               <HpCloak01>
                  <Orientation type="Matrix">
                       0.8256610000,   0.5517826100,   0.0000000000,
                      -0.5517826100,   0.8256610000,   0.1175578800,
                       0.0648663940,  -0.0970629530,   0.9861801300
                  </Orientation>
                  <Position type="Vector">-0.0018115942, -0, 0.0014492753</Position>
               </HpCloak01>
               <HpCM01>
                  <Orientation type="Matrix">
                       0.0023639011,  -0.9945830700,   0.0000000000,
                       0.9945830700,   0.0023639011,  -0.1039178600,
                       0.1033549500,  245.65155e-06,   0.9892010700
                  </Orientation>
                  <Position type="Vector">-358.46751e-6, -0.03367747, -0.11343316</Position>
               </HpCM01>
               <HpMine01>
                  <Orientation type="Matrix">
                       0.0139788040,   0.9959428300,   0.0000000000,
                      -0.9959428300,   0.0139788040,  -0.0888959910,
                      -0.0885353240,   0.0012426596,   0.9920975600
                  </Orientation>
                  <Position type="Vector">352.4347e-6, -0.037363272, -0.11351467</Position>
               </HpMine01>
               <HpShield01>
                  <Orientation type="Matrix">
                       0.8256610000,   0.5517826100,   0.0000000000,
                      -0.5517826100,   0.8256610000,   0.1175578800,
                       0.0648663940,  -0.0970629530,   0.9861801300
                  </Orientation>
                  <Position type="Vector">-0.0018115942, -0, 0.0014492753</Position>
               </HpShield01>
               <HpShield02>
                  <Orientation type="Matrix">
                       0.8256610000,   0.5517826100,   0.0000000000,
                      -0.5517826100,   0.8256610000,   0.1175578800,
                       0.0648663940,  -0.0970629530,   0.9861801300
                  </Orientation>
                  <Position type="Vector">-0.0018115942, -0, 0.0014492753</Position>
               </HpShield02>
               <HpShield03>
                  <Orientation type="Matrix">
                       0.8256610000,   0.5517826100,   0.0000000000,
                      -0.5517826100,   0.8256610000,   0.1175578800,
                       0.0648663940,  -0.0970629530,   0.9861801300
                  </Orientation>
                  <Position type="Vector">-0.0018115942, -0, 0.0014492753</Position>
               </HpShield03>
               <HpNew01>
                  <Orientation type="Matrix">
                       0.8256610000,   0.5517826100,   0.0000000000,
                      -0.5517826100,   0.8256610000,   0.1175578800,
                       0.0648663940,  -0.0970629530,   0.9861801300
                  </Orientation>
                  <Position type="Vector">-0.0018115942, -0, 0.0014492753</Position>
               </HpNew01>
               <HpNew02>
                  <Orientation type="Matrix">
                       0.8256610000,   0.5517826100,   0.0000000000,
                      -0.5517826100,   0.8256610000,   0.1175578800,
                       0.0648663940,  -0.0970629530,   0.9861801300
                  </Orientation>
                  <Position type="Vector">-0.0018115942, -0, 0.0014492753</Position>
               </HpNew02>
               <HpNew03>
                  <Orientation type="Matrix">
                       0.8256610000,   0.5517826100,   0.0000000000,
                      -0.5517826100,   0.8256610000,   0.1175578800,
                       0.0648663940,  -0.0970629530,   0.9861801300
                  </Orientation>
                  <Position type="Vector">-0.0018115942, -0, 0.0014492753</Position>
               </HpNew03>
               <HpNew04>
                  <Orientation type="Matrix">
                       0.8256610000,   0.5517826100,   0.0000000000,
                      -0.5517826100,   0.8256610000,   0.1175578800,
                       0.0648663940,  -0.0970629530,   0.9861801300
                  </Orientation>
                  <Position type="Vector">-0.0018115942, -0, 0.0014492753</Position>
               </HpNew04>
               <HpNew05>
                  <Orientation type="Matrix">
                       0.8256610000,   0.5517826100,   0.0000000000,
                      -0.5517826100,   0.8256610000,   0.1175578800,
                       0.0648663940,  -0.0970629530,   0.9861801300
                  </Orientation>
                  <Position type="Vector">-0.0018115942, -0, 0.0014492753</Position>
               </HpNew05>
               <HpThruster01>
                  <Orientation type="Matrix">
                       0.9998540900,   0.0000000000,   0.0000000000,
                      -0.0000000000,   0.9998540900,  -0.0170807300,
                      -0.0000000000,   0.0170782380,   0.9997081800
                  </Orientation>
                  <Position type="Vector">0.0018115942, -0.0031573155, -0.12684141</Position>
               </HpThruster01>
               <HpHeadLight01>
                  <Orientation type="Matrix">
                      -0.7225357900,  -0.5928762000,   0.0000000000,
                       0.5928762000,  -0.7225357900,   0.3555838200,
                      -0.2108171900,   0.2569220400,   0.8735601300
                  </Orientation>
                  <Position type="Vector">-0.0018115942, 0.011424413, 0.13334832</Position>
               </HpHeadLight01>
               <HpDocklight01>
                  <Orientation type="Matrix">
                      -0.1553171900,  -0.9705722900,   0.0000000000,
                       0.9705722900,  -0.1553171900,   0.1840271800,
                      -0.1786116800,   0.0285825840,   0.9661340100
                  </Orientation>
                  <Position type="Vector">-0.0018115942, -0.070632488, -0.11107486</Position>
               </HpDocklight01>
               <HpRunningLight01>
                  <Orientation type="Matrix">
                       0.5378219500,  -0.8421512800,   0.0000000000,
                       0.8421512800,   0.5378219500,   0.0390993240,
                      -0.0329275470,  -0.0210284740,   0.9984712600
                  </Orientation>
                  <Position type="Vector">-0.046405979, -0.034872044, -0.019314811</Position>
               </HpRunningLight01>
               <HpRunningLight02>
                  <Orientation type="Matrix">
                      -0.5892486600,  -0.8070038000,   0.0000000000,
                       0.8070038000,  -0.5892486600,   0.0391272190,
                      -0.0315758140,   0.0230556610,   0.9984691100
                  </Orientation>
                  <Position type="Vector">0.042780153, -0.034865096, -0.01928216</Position>
               </HpRunningLight02>
               <HpContrail01>
                  <Orientation type="Matrix">
                       0.0256556610,   0.9992178700,   0.0000000000,
                      -0.9992178700,   0.0256556610,  -0.0300904940,
                      -0.0300669600,  771.99150e-06,   0.9990945500
                  </Orientation>
                  <Position type="Vector">-0.082732402, 0.038730446, -0.070467636</Position>
               </HpContrail01>
               <HpContrail02>
                  <Orientation type="Matrix">
                       0.0256556270,  -0.9992178700,   0.0000000000,
                       0.9992178700,   0.0256556270,  -0.0300904940,
                       0.0300669600,  771.99051e-06,   0.9990945500
                  </Orientation>
                  <Position type="Vector">0.079260066, 0.038838815, -0.070588566</Position>
               </HpContrail02>
               <HpContrail03>
                  <Orientation type="Matrix">
                       0.5378219500,  -0.8421512800,   0.0000000000,
                       0.8421512800,   0.5378219500,   0.0390993240,
                      -0.0329275470,  -0.0210284740,   0.9984712600
                  </Orientation>
                  <Position type="Vector">-0.046380758, -0.034835663, -0.019350084</Position>
               </HpContrail03>
               <HpContrail04>
                  <Orientation type="Matrix">
                      -0.5892486600,  -0.8070038000,   0.0000000000,
                       0.8070038000,  -0.5892486600,   0.0391272190,
                      -0.0315758140,   0.0230556610,   0.9984691100
                  </Orientation>
                  <Position type="Vector">0.042784899, -0.034875389, -0.019300964</Position>
               </HpContrail04>
               <HpContrail05>
                  <Orientation type="Matrix">
                      -0.4498471300,  -0.8916576500,   0.0000000000,
                       0.8916576500,  -0.4498471300,   0.0508350770,
                      -0.0453274850,   0.0228680130,   0.9974157800
                  </Orientation>
                  <Position type="Vector">-0.038103357, 0.030901782, -0.010301475</Position>
               </HpContrail05>
               <HpContrail06>
                  <Orientation type="Matrix">
                       0.5194087000,  -0.8530085700,   0.0000000000,
                       0.8530085700,   0.5194087000,   0.0509013420,
                      -0.0434192790,  -0.0264385990,   0.9974090500
                  </Orientation>
                  <Position type="Vector">0.034506276, 0.030984022, -0.010293975</Position>
               </HpContrail06>
            </Fixed>
            <Revolute>
               <HpTorpedo01>
                  <Axis type="Vector">0, 1, 0</Axis>
                  <Max type="float">0.78538001</Max>
                  <Min type="float">-0.7854</Min>
                  <Orientation type="Matrix">
                       0.8884719000,   0.4303262200,   0.0000000000,
                      -0.4303262200,   0.8884719000,   0.1594898600,
                       0.0686326700,  -0.1417022500,   0.9745630000
                  </Orientation>
                  <Position type="Vector">0.0018113183, 0.012958433, 0.12422963</Position>
               </HpTorpedo01>
               <HpTorpedo02>
                  <Axis type="Vector">0, 1, 0</Axis>
                  <Max type="float">0.78538001</Max>
                  <Min type="float">-0.7854</Min>
                  <Orientation type="Matrix">
                      -0.3770258100,  -0.9102190700,   0.0000000000,
                       0.9102190700,  -0.3770258100,   0.1713264600,
                      -0.1559446200,   0.0645945000,   0.9706472200
                  </Orientation>
                  <Position type="Vector">-0.078319773, 0.056625683, -0.031159421</Position>
               </HpTorpedo02>
               <HpTorpedo03>
                  <Axis type="Vector">0, 1, 0</Axis>
                  <Max type="float">0.78538001</Max>
                  <Min type="float">-0.7854</Min>
                  <Orientation type="Matrix">
                       0.3770299900,  -0.9102169900,   0.0000000000,
                       0.9102169900,   0.3770299900,   0.1713283100,
                      -0.1559459400,  -0.0645959080,   0.9706465600
                  </Orientation>
                  <Position type="Vector">0.074728735, 0.056643784, -0.031159421</Position>
               </HpTorpedo03>
               <HpWeapon01>
                  <Axis type="Vector">0, 1, 0</Axis>
                  <Max type="float">0.78538001</Max>
                  <Min type="float">-0.7854</Min>
                  <Orientation type="Matrix">
                       0.5840731900,   0.8117010000,   0.0000000000,
                      -0.8117010000,   0.5840731900,  740.62456e-09,
                      601.16571e-09, -432.57896e-09,   1.0000000000
                  </Orientation>
                  <Position type="Vector">0.0018115942, 0.021378478, 0.087679148</Position>
               </HpWeapon01>
               <HpWeapon02>
                  <Axis type="Vector">0, 1, 0</Axis>
                  <Max type="float">0.78538001</Max>
                  <Min type="float">-0.7854</Min>
                  <Orientation type="Matrix">
                       0.5194088800,   0.8530083900,   0.0000000000,
                      -0.8530083900,   0.5194088800,   0.0509024490,
                       0.0434202140,  -0.0264391840,   0.9974089300
                  </Orientation>
                  <Position type="Vector">-0.032730509, 0.025042236, -0.010591529</Position>
               </HpWeapon02>
               <HpWeapon03>
                  <Axis type="Vector">0, 1, 0</Axis>
                  <Max type="float">0.78538001</Max>
                  <Min type="float">-0.7854</Min>
                  <Orientation type="Matrix">
                       0.5194087000,  -0.8530085700,   0.0000000000,
                       0.8530085700,   0.5194087000,   0.0509013420,
                      -0.0434192790,  -0.0264385990,   0.9974090500
                  </Orientation>
                  <Position type="Vector">0.034621809, 0.028307747, -0.010559008</Position>
               </HpWeapon03>
               <HpWeapon04>
                  <Axis type="Vector">0, 1, 0</Axis>
                  <Max type="float">0.78538001</Max>
                  <Min type="float">-0.7854</Min>
                  <Orientation type="Matrix">
                      -0.4498471300,  -0.8916576500,   0.0000000000,
                       0.8916576500,  -0.4498471300,   0.0508350770,
                      -0.0453274850,   0.0228680130,   0.9974157800
                  </Orientation>
                  <Position type="Vector">-0.034435831, 0.026944475, -0.010744279</Position>
               </HpWeapon04>
               <HpWeapon05>
                  <Axis type="Vector">0, 1, 0</Axis>
                  <Max type="float">0.78538001</Max>
                  <Min type="float">-0.7854</Min>
                  <Orientation type="Matrix">
                      -0.4498471900,   0.8916575900,   0.0000000000,
                      -0.8916575900,  -0.4498471900,   0.0508358550,
                       0.0453281780,   0.0228683670,   0.9974157800
                  </Orientation>
                  <Position type="Vector">0.032610204, 0.023769049, -0.010831551</Position>
               </HpWeapon05>
               <HpWeapon06>
                  <Axis type="Vector">0, 1, 0</Axis>
                  <Max type="float">0.78538001</Max>
                  <Min type="float">-0.7854</Min>
                  <Orientation type="Matrix">
                      -0.5892484200,   0.8070039200,   0.0000000000,
                      -0.8070039200,  -0.5892484200,   0.0391278380,
                       0.0315763170,   0.0230560170,   0.9984690000
                  </Orientation>
                  <Position type="Vector">-0.035673071, -0.022440815, -0.01867179</Position>
               </HpWeapon06>
               <HpWeapon07>
                  <Axis type="Vector">0, 1, 0</Axis>
                  <Max type="float">0.78538001</Max>
                  <Min type="float">-0.7854</Min>
                  <Orientation type="Matrix">
                      -0.6118743400,  -0.7899885200,   0.0000000000,
                       0.7899885200,  -0.6118743400,   0.0390896240,
                      -0.0308803540,   0.0239179380,   0.9984720900
                  </Orientation>
                  <Position type="Vector">0.033273745, -0.019572327, -0.018638648</Position>
               </HpWeapon07>
               <HpWeapon08>
                  <Axis type="Vector">0, 1, 0</Axis>
                  <Max type="float">0.78538001</Max>
                  <Min type="float">-0.7854</Min>
                  <Orientation type="Matrix">
                      -0.0664568170,  -0.9960231800,   0.0000000000,
                       0.9960231800,  -0.0664568170,   0.0593410210,
                      -0.0591050310,   0.0039436156,   0.9964786800
                  </Orientation>
                  <Position type="Vector">-0.0010921631, -0.057944681, -0.10952781</Position>
               </HpWeapon08>
               <HpWeapon09>
                  <Axis type="Vector">0, 1, 0</Axis>
                  <Max type="float">0.78538001</Max>
                  <Min type="float">-0.7854</Min>
                  <Orientation type="Matrix">
                      -0.0856669400,   0.9945603000,   0.0000000000,
