<?xml version="1.0" encoding="ISO-8859-1"?>
<!-- XML generated by UTFXML Version 2.2 built 19-Aug-2010 -->
<UTFXML filename="NORMANDRY.cmp" path="SHIPS\new\private">
   <UTF_ROOT>
      <VMeshLibrary>
         <NORMANDRY1.lod0.vms include="NORMANDRY_cmp\lod0.vms.xml"/>
      </VMeshLibrary>
      <Cmpnd>
         <Root>
            <File_name name="File name" type="text">NORMANDRY1.3db</File_name>
            <Index type="int">0</Index>
            <Object_name name="Object name" type="text">Root</Object_name>
         </Root>
      </Cmpnd>
      <NORMANDRY1.3db>
         <Hardpoints>
            <Fixed>
               <HpMount>
                  <Orientation type="Matrix">
                       1.0000000000,   0.0000000000,   0.0000000000,
                       0.0000000000,   1.0000000000,   0.0000000000,
                       0.0000000000,   0.0000000000,   1.0000000000
                  </Orientation>
                  <Position type="Vector">0, -70, -150</Position>
               </HpMount>
               <HpBayDoor01>
                  <Orientation type="Matrix">
                       1.0000000000,   0.0000000000,   0.0000000000,
                       0.0000000000,   1.0000000000,   0.0000000000,
                       0.0000000000,   0.0000000000,   1.0000000000
                  </Orientation>
                  <Position type="Vector">0, -75, 0</Position>
               </HpBayDoor01>
               <HpBayDoor02>
                  <Orientation type="Matrix">
                       1.0000000000,   0.0000000000,   0.0000000000,
                       0.0000000000,   1.0000000000,   0.0000000000,
                       0.0000000000,   0.0000000000,   1.0000000000
                  </Orientation>
                  <Position type="Vector">0, -80, 0</Position>
               </HpBayDoor02>
               <HpCloak01>
                  <Orientation type="Matrix">
                       1.0000000000,   0.0000000000,   0.0000000000,
                       0.0000000000,   1.0000000000,   0.0000000000,
                       0.0000000000,   0.0000000000,   1.0000000000
                  </Orientation>
                  <Position type="Vector">0, 0, 0</Position>
               </HpCloak01>
               <HpFX01>
                  <Orientation type="Matrix">
                       1.0000000000,   0.0000000000,   0.0000000000,
                       0.0000000000,   1.0000000000,   0.0000000000,
                       0.0000000000,   0.0000000000,   1.0000000000
                  </Orientation>
                  <Position type="Vector">0, 0, 0</Position>
               </HpFX01>
               <HpFX02>
                  <Orientation type="Matrix">
                       1.0000000000,   0.0000000000,   0.0000000000,
                       0.0000000000,   1.0000000000,   0.0000000000,
                       0.0000000000,   0.0000000000,   1.0000000000
                  </Orientation>
                  <Position type="Vector">0, 0, 0</Position>
               </HpFX02>
               <HpTractor_Source>
                  <Orientation type="Matrix">
                       1.0000000000,   0.0000000000,   0.0000000000,
                       0.0000000000,   1.0000000000,   0.0000000000,
                       0.0000000000,   0.0000000000,   1.0000000000
                  </Orientation>
                  <Position type="Vector">0, -15.621902, -287.21497</Position>
               </HpTractor_Source>
               <HpEngine01>
                  <Orientation type="Matrix">
                       1.0000000000,   0.0000000000,   0.0000000000,
                       0.0000000000,   1.0000000000,   0.0000000000,
                       0.0000000000,   0.0000000000,   1.0000000000
                  </Orientation>
                  <Position type="Vector">-94.523346, -49.309792, 169.60834</Position>
               </HpEngine01>
               <HpEngine02>
                  <Orientation type="Matrix">
                       1.0000000000,   0.0000000000,   0.0000000000,
                       0.0000000000,   1.0000000000,   0.0000000000,
                       0.0000000000,   0.0000000000,   1.0000000000
                  </Orientation>
                  <Position type="Vector">-50.940014, -28.529926, 152.03831</Position>
               </HpEngine02>
               <HpEngine03>
                  <Orientation type="Matrix">
                       1.0000000000,   0.0000000000,   0.0000000000,
                       0.0000000000,   1.0000000000,   0.0000000000,
                       0.0000000000,   0.0000000000,   1.0000000000
                  </Orientation>
                  <Position type="Vector">95.809052, -47.934982, 169.60681</Position>
               </HpEngine03>
               <HpEngine04>
                  <Orientation type="Matrix">
                       1.0000000000,   0.0000000000,   0.0000000000,
                       0.0000000000,   1.0000000000,   0.0000000000,
                       0.0000000000,   0.0000000000,   1.0000000000
                  </Orientation>
                  <Position type="Vector">51.546631, -28.427326, 152.03783</Position>
               </HpEngine04>
               <HpShield01>
                  <Orientation type="Matrix">
                       1.0000000000,   0.0000000000,   0.0000000000,
                       0.0000000000,   1.0000000000,   0.0000000000,
                       0.0000000000,   0.0000000000,   1.0000000000
                  </Orientation>
                  <Position type="Vector">0, 0, 0</Position>
               </HpShield01>
               <HpShield02>
                  <Orientation type="Matrix">
                       1.0000000000,   0.0000000000,   0.0000000000,
                       0.0000000000,   1.0000000000,   0.0000000000,
                       0.0000000000,   0.0000000000,   1.0000000000
                  </Orientation>
                  <Position type="Vector">0, 0, 0</Position>
               </HpShield02>
               <HpShield03>
                  <Orientation type="Matrix">
                       1.0000000000,   0.0000000000,   0.0000000000,
                       0.0000000000,   1.0000000000,   0.0000000000,
                       0.0000000000,   0.0000000000,   1.0000000000
                  </Orientation>
                  <Position type="Vector">0, 0, 0</Position>
               </HpShield03>
               <HpCM01>
                  <Orientation type="Matrix">
                       1.0000000000,   0.0000000000,   0.0000000000,
                       0.0000000000,   0.7660445000,   0.6427875800,
                       0.0000000000,  -0.6427875800,   0.7660445000
                  </Orientation>
                  <Position type="Vector">0, -5.5484118, 162.24353</Position>
               </HpCM01>
               <HpRunningLight01>
                  <Orientation type="Matrix">
                       1.0000000000,   0.0000000000,   0.0000000000,
                       0.0000000000,   1.0000000000,   0.0000000000,
                       0.0000000000,   0.0000000000,   1.0000000000
                  </Orientation>
                  <Position type="Vector">-12.067088, -19.670139, -303.66794</Position>
               </HpRunningLight01>
               <HpRunningLight02>
                  <Orientation type="Matrix">
                       1.0000000000,   0.0000000000,   0.0000000000,
                       0.0000000000,   1.0000000000,   0.0000000000,
                       0.0000000000,   0.0000000000,   1.0000000000
                  </Orientation>
                  <Position type="Vector">11.914357, -19.685007, -303.64981</Position>
               </HpRunningLight02>
            </Fixed>
            <Revolute>
               <HpTorpedo01>
                  <Axis type="Vector">0, 1, 0</Axis>
                  <Max type="float">0.78539819</Max>
                  <Min type="float">-0.78539819</Min>
                  <Orientation type="Matrix">
                      -1.0000000000, -87.302965e-09,  4.5753548e-09,
                      87.422777e-09,  -0.9986295700,   0.0523359590,
                       0.0000000000,   0.0523359590,   0.9986295100
                  </Orientation>
                  <Position type="Vector">0, -16.36487, -284.66782</Position>
               </HpTorpedo01>
               <HpTurret01>
                  <Axis type="Vector">0, 1, 0</Axis>
                  <Max type="float">3.1415927</Max>
                  <Min type="float">-3.1415927</Min>
                  <Orientation type="Matrix">
                       1.0000000000,   0.0000000000,   0.0000000000,
                       0.0000000000,   1.0000000000,   0.0000000000,
                       0.0000000000,   0.0000000000,   1.0000000000
                  </Orientation>
                  <Position type="Vector">0, 15.768395, -8.9605331</Position>
               </HpTurret01>
               <HpTurret02>
                  <Axis type="Vector">0, 1, 0</Axis>
                  <Max type="float">1.5707964</Max>
                  <Min type="float">-1.6580628</Min>
                  <Orientation type="Matrix">
                     -7.4505806e-09,  -0.4226182100,   0.9063077000,
                     -44.703484e-09,   0.9063078200,   0.4226182400,
                      -0.9999998800,   0.0000000000,   0.0000000000
                  </Orientation>
                  <Position type="Vector">-97.613037, -41.305626, 131.34073</Position>
               </HpTurret02>
               <HpTurret03>
                  <Axis type="Vector">0, 1, 0</Axis>
                  <Max type="float">1.6580628</Max>
                  <Min type="float">-1.6580628</Min>
                  <Orientation type="Matrix">
                     -7.4505806e-09,   0.4226182100,  -0.9063077000,
                      44.703484e-09,   0.9063078200,   0.4226182400,
                       0.9999998800,   0.0000000000,   0.0000000000
                  </Orientation>
                  <Position type="Vector">97.729591, -41.305859, 131.23582</Position>
               </HpTurret03>
               <HpTurret04>
                  <Axis type="Vector">0, 1, 0</Axis>
                  <Max type="float">3.1415927</Max>
                  <Min type="float">-3.1415927</Min>
                  <Orientation type="Matrix">
                      -0.8987939400,   0.4383043300,   0.0076506305,
                      -0.4383710900,  -0.8986570200,  -0.0156861170,
                      232.83064e-12,  -0.0174524040,   0.9998477100
                  </Orientation>
                  <Position type="Vector">-87.819946, -52.38245, 102.39165</Position>
               </HpTurret04>
               <HpTurret05>
                  <Axis type="Vector">0, 1, 0</Axis>
                  <Max type="float">3.1415927</Max>
                  <Min type="float">-3.1415927</Min>
                  <Orientation type="Matrix">
                       1.0000000000,   0.0000000000,   0.0000000000,
                       0.0000000000,   0.9998477100,   0.0174524060,
                       0.0000000000,  -0.0174524060,   0.9998477100
                  </Orientation>
                  <Position type="Vector">0, 15.32834, -51.602406</Position>
               </HpTurret05>
               <HpTurret06>
                  <Axis type="Vector">0, 1, 0</Axis>
                  <Max type="float">3.1415927</Max>
                  <Min type="float">-3.1415927</Min>
                  <Orientation type="Matrix">
                      -0.8987939400,  -0.4383043300,  -0.0076506305,
                       0.4383710900,  -0.8986570200,  -0.0156861170,
                     -232.83064e-12,  -0.0174524040,   0.9998477100
                  </Orientation>
                  <Position type="Vector">88.114166, -52.468254, 102.43528</Position>
               </HpTurret06>
               <HpTurret07>
                  <Axis type="Vector">0, 1, 0</Axis>
                  <Max type="float">3.1415927</Max>
                  <Min type="float">-3.1415927</Min>
                  <Orientation type="Matrix">
                       1.0000000000,   0.0000000000,   0.0000000000,
                       0.0000000000,   0.9981347900,   0.0610485410,
                       0.0000000000,  -0.0610485410,   0.9981347900
                  </Orientation>
                  <Position type="Vector">0, 12.417736, -118.22623</Position>
               </HpTurret07>
               <HpTurret08>
                  <Axis type="Vector">0, 1, 0</Axis>
                  <Max type="float">3.1415927</Max>
                  <Min type="float">-3.1415927</Min>
                  <Orientation type="Matrix">
                      -0.9135456100,   0.4067365800,   0.0000000000,
                      -0.4067365800,  -0.9135456100,   0.0000000000,
                       0.0000000000,   0.0000000000,   1.0000000000
                  </Orientation>
                  <Position type="Vector">-92.237617, -55.131657, 154.60718</Position>
               </HpTurret08>
               <HpTurret09>
                  <Axis type="Vector">0, 1, 0</Axis>
                  <Max type="float">3.1415927</Max>
                  <Min type="float">-3.1415927</Min>
                  <Orientation type="Matrix">
                      -0.9063078200,  -0.4226183300,  -0.0000000000,
                       0.4226183300,  -0.9063078200,   0.0000000000,
                       0.0000000000,  -0.0000000000,   1.0000000000
                  </Orientation>
                  <Position type="Vector">92.063728, -54.526432, 117.85637</Position>
               </HpTurret09>
               <HpTurret10>
                  <Axis type="Vector">0, 1, 0</Axis>
                  <Max type="float">3.1415927</Max>
                  <Min type="float">-3.1415927</Min>
                  <Orientation type="Matrix">
                      -0.9063078200,   0.4226183300,   0.0000000000,
                      -0.4226183300,  -0.9063078200,   0.0000000000,
                       0.0000000000,   0.0000000000,   1.0000000000
                  </Orientation>
                  <Position type="Vector">-91.978203, -54.540485, 117.98398</Position>
               </HpTurret10>
               <HpTurret17>
                  <Axis type="Vector">0, 1, 0</Axis>
                  <Max type="float">1.6580628</Max>
                  <Min type="float">-1.6580628</Min>
                  <Orientation type="Matrix">
                     -7.4505806e-09,  -0.4226182100,   0.9063077000,
                     -44.703484e-09,   0.9063078200,   0.4226182400,
                      -0.9999998800,   0.0000000000,   0.0000000000
                  </Orientation>
                  <Position type="Vector">-98.795952, -41.30106, 152.10933</Position>
               </HpTurret17>
               <HpTurret18>
                  <Axis type="Vector">0, 1, 0</Axis>
                  <Max type="float">1.6580628</Max>
                  <Min type="float">-1.6580628</Min>
                  <Orientation type="Matrix">
                     -7.4505806e-09,   0.4226182100,  -0.9063077000,
                      44.703484e-09,   0.9063078200,   0.4226182400,
                       0.9999998800,   0.0000000000,   0.0000000000
                  </Orientation>
                  <Position type="Vector">98.858208, -41.275768, 152.18442</Position>
               </HpTurret18>
               <HpTurret11>
                  <Axis type="Vector">0, 1, 0</Axis>
                  <Max type="float">3.1415927</Max>
                  <Min type="float">-3.1415927</Min>
                  <Orientation type="Matrix">
                      -0.9135456100,  -0.4067365800,  -0.0000000000,
                       0.4067365800,  -0.9135456100,   0.0000000000,
                       0.0000000000,  -0.0000000000,   1.0000000000
                  </Orientation>
                  <Position type="Vector">92.303207, -55.108448, 154.64809</Position>
               </HpTurret11>
               <HpTurret12>
                  <Axis type="Vector">0, 1, 0</Axis>
                  <Max type="float">3.1415927</Max>
                  <Min type="float">-3.1415927</Min>
                  <Orientation type="Matrix">
                       1.0000000000,   0.0000000000,   0.0000000000,
                       0.0000000000,   0.9998157000,   0.0191974420,
                       0.0000000000,  -0.0191974420,   0.9998157000
                  </Orientation>
                  <Position type="Vector">0.088734001, 15.686565, -31.014662</Position>
               </HpTurret12>
               <HpTurret13>
                  <Axis type="Vector">0, 1, 0</Axis>
                  <Max type="float">1.6580628</Max>
                  <Min type="float">-1.6580628</Min>
                  <Orientation type="Matrix">
                      178.81393e-09,   0.4226182700,   0.9063077000,
                      29.802322e-09,  -0.9063076400,   0.4226182700,
                       0.9999998800,   0.0000000000, -26.077032e-09
                  </Orientation>
                  <Position type="Vector">-45.064816, -33.261322, 105.19119</Position>
               </HpTurret13>
               <HpTurret14>
                  <Axis type="Vector">0, 1, 0</Axis>
                  <Max type="float">1.6580628</Max>
                  <Min type="float">-1.6580628</Min>
                  <Orientation type="Matrix">
                      178.81393e-09,  -0.4226182700,  -0.9063077000,
                     -29.802322e-09,  -0.9063076400,   0.4226182700,
                      -0.9999998800,   0.0000000000, -26.077032e-09
                  </Orientation>
                  <Position type="Vector">45.29303, -33.311607, 105.19123</Position>
               </HpTurret14>
               <HpTurret15>
                  <Axis type="Vector">0, 1, 0</Axis>
                  <Max type="float">3.1415927</Max>
                  <Min type="float">-3.1415927</Min>
                  <Orientation type="Matrix">
                       0.9792228300,  -0.2027872800,  -0.0000000000,
                       0.2027872800,   0.9792228300,   0.0000000000,
                       0.0000000000,  -0.0000000000,   1.0000000000
                  </Orientation>
                  <Position type="Vector">-9.0684462, 14.649484, -23.383474</Position>
               </HpTurret15>
               <HpTurret16>
                  <Axis type="Vector">0, 1, 0</Axis>
                  <Max type="float">3.1415927</Max>
                  <Min type="float">-3.1415927</Min>
                  <Orientation type="Matrix">
                       0.9792228300,   0.2027872800,   0.0000000000,
                      -0.2027872800,   0.9792228300,   0.0000000000,
                       0.0000000000,   0.0000000000,   1.0000000000
                  </Orientation>
                  <Position type="Vector">9.0050259, 14.686321, -23.424034</Position>
               </HpTurret16>
            </Revolute>
         </Hardpoints>
         <MultiLevel>
            <Level0>
               <VMeshPart>
                  <VMeshRef type="VMeshRef">
                     <!-- header size  --> 60,
                     <!-- vmesh lib    --> NORMANDRY1.lod0.vms,
                     <!-- start vert   --> 0,
                     <!-- num verts    --> 17373,
                     <!-- start index  --> 0,
                     <!-- num indices  --> 32004,
                     <!-- start mesh   --> 0,
                     <!-- num meshes   --> 2,
                     <!-- bounding box -->  112.0099,      15.82084,   196.7531,
                                           -111.8934,     -61.493328, -303.74741,
                     <!-- center       -->    0.05827713, -22.836241,  -53.49712,
                     <!-- radius       --> 350
                  </VMeshRef>
               </VMeshPart>
            </Level0>
         </MultiLevel>
      </NORMANDRY1.3db>
   </UTF_ROOT>
</UTFXML>
