<?xml version="1.0" encoding="ISO-8859-1"?>
<!-- XML generated by UTFXML Version 2.2 built 19-Aug-2010 -->
<UTFXML filename="reman_b.cmp" path="SHIPS\new\private">
   <UTF_ROOT>
      <VMeshLibrary>
         <reman_fgter.lod0.vms include="reman_b_cmp\lod0.vms.xml"/>
      </VMeshLibrary>
      <Cmpnd>
         <Root>
            <File_name name="File name" type="text">reman_fgter.3db</File_name>
            <Index type="int">0</Index>
            <Object_name name="Object name" type="text">Root</Object_name>
         </Root>
      </Cmpnd>
      <reman_fgter.3db>
         <Hardpoints>
            <Fixed>
               <HpMount>
                  <Orientation type="Matrix">
                       1.0000000000,   0.0000000000,   0.0000000000,
                       0.0000000000,   1.0000000000,   0.0000000000,
                       0.0000000000,   0.0000000000,   1.0000000000
                  </Orientation>
                  <Position type="Vector">0, -60, -90</Position>
               </HpMount>
               <HpTractor_Source>
                  <Orientation type="Matrix">
                       1.0000000000,   0.0000000000,   0.0000000000,
                       0.0000000000,   1.0000000000,   0.0000000000,
                       0.0000000000,   0.0000000000,   1.0000000000
                  </Orientation>
                  <Position type="Vector">-1.4179339, -3.2014639, -118.73934</Position>
               </HpTractor_Source>
               <HpEngine01>
                  <Orientation type="Matrix">
                       1.0000000000,   0.0000000000,   0.0000000000,
                       0.0000000000,   1.0000000000,   0.0000000000,
                       0.0000000000,   0.0000000000,   1.0000000000
                  </Orientation>
                  <Position type="Vector">-8.0848379, 4.1027451, 45.572178</Position>
               </HpEngine01>
               <HpEngine02>
                  <Orientation type="Matrix">
                       1.0000000000,   0.0000000000,   0.0000000000,
                       0.0000000000,   1.0000000000,   0.0000000000,
                       0.0000000000,   0.0000000000,   1.0000000000
                  </Orientation>
                  <Position type="Vector">10.995609, 4.019454, 45.239082</Position>
               </HpEngine02>
               <HpEngine03>
                  <Orientation type="Matrix">
                       1.0000000000,   0.0000000000,   0.0000000000,
                       0.0000000000,   1.0000000000,   0.0000000000,
                       0.0000000000,   0.0000000000,   1.0000000000
                  </Orientation>
                  <Position type="Vector">-139.56667, -22.927067, 23.565304</Position>
               </HpEngine03>
               <HpEngine04>
                  <Orientation type="Matrix">
                       1.0000000000,   0.0000000000,   0.0000000000,
                       0.0000000000,   1.0000000000,   0.0000000000,
                       0.0000000000,   0.0000000000,   1.0000000000
                  </Orientation>
                  <Position type="Vector">141.55565, -22.860533, 18.665415</Position>
               </HpEngine04>
               <HpShield01>
                  <Orientation type="Matrix">
                       1.0000000000,   0.0000000000,   0.0000000000,
                       0.0000000000,   1.0000000000,   0.0000000000,
                       0.0000000000,   0.0000000000,   1.0000000000
                  </Orientation>
                  <Position type="Vector">0, 0, 0</Position>
               </HpShield01>
               <HpShield02>
                  <Orientation type="Matrix">
                       1.0000000000,   0.0000000000,   0.0000000000,
                       0.0000000000,   1.0000000000,   0.0000000000,
                       0.0000000000,   0.0000000000,   1.0000000000
                  </Orientation>
                  <Position type="Vector">0, 0, 0</Position>
               </HpShield02>
               <HpShield03>
                  <Orientation type="Matrix">
                       1.0000000000,   0.0000000000,   0.0000000000,
                       0.0000000000,   1.0000000000,   0.0000000000,
                       0.0000000000,   0.0000000000,   1.0000000000
                  </Orientation>
                  <Position type="Vector">0, 0, 0</Position>
               </HpShield03>
               <HpCM01>
                  <Orientation type="Matrix">
                      -1.0000000000, -86.094630e-09,  15.180806e-09,
                      87.422777e-09,  -0.9848078500,   0.1736481800,
                      888.17842e-18,   0.1736481800,   0.9848077300
                  </Orientation>
                  <Position type="Vector">1.663898, -10.325274, 55.799961</Position>
               </HpCM01>
               <HpRunningLight01>
                  <Orientation type="Matrix">
                       1.0000000000,   0.0000000000,   0.0000000000,
                       0.0000000000,   1.0000000000,   0.0000000000,
                       0.0000000000,   0.0000000000,   1.0000000000
                  </Orientation>
                  <Position type="Vector">-1.436321, -3.050246, -118.78574</Position>
               </HpRunningLight01>
               <HpRunningLight02>
                  <Orientation type="Matrix">
                       1.0000000000,   0.0000000000,   0.0000000000,
                       0.0000000000,   1.0000000000,   0.0000000000,
                       0.0000000000,   0.0000000000,   1.0000000000
                  </Orientation>
                  <Position type="Vector">-207.01668, -26.032276, -223.84631</Position>
               </HpRunningLight02>
               <HpRunningLight03>
                  <Orientation type="Matrix">
                       1.0000000000,   0.0000000000,   0.0000000000,
                       0.0000000000,   1.0000000000,   0.0000000000,
                       0.0000000000,   0.0000000000,   1.0000000000
                  </Orientation>
                  <Position type="Vector">200.36588, -26.007931, -230.97105</Position>
               </HpRunningLight03>
               <HpRunningLight04>
                  <Orientation type="Matrix">
                       1.0000000000,   0.0000000000,   0.0000000000,
                       0.0000000000,   1.0000000000,   0.0000000000,
                       0.0000000000,   0.0000000000,   1.0000000000
                  </Orientation>
                  <Position type="Vector">-107.71071, -3.9201169, -105.37485</Position>
               </HpRunningLight04>
               <HpRunningLight05>
                  <Orientation type="Matrix">
                       1.0000000000,   0.0000000000,   0.0000000000,
                       0.0000000000,   1.0000000000,   0.0000000000,
                       0.0000000000,   0.0000000000,   1.0000000000
                  </Orientation>
                  <Position type="Vector">105.27381, -4.0124769, -109.08984</Position>
               </HpRunningLight05>
               <HpCloak01>
                  <Orientation type="Matrix">
                       1.0000000000,   0.0000000000,   0.0000000000,
                       0.0000000000,   1.0000000000,   0.0000000000,
                       0.0000000000,   0.0000000000,   1.0000000000
                  </Orientation>
                  <Position type="Vector">0, 0, -30</Position>
               </HpCloak01>
               <HpFX01>
                  <Orientation type="Matrix">
                       1.0000000000,   0.0000000000,   0.0000000000,
                       0.0000000000,   1.0000000000,   0.0000000000,
                       0.0000000000,   0.0000000000,   1.0000000000
                  </Orientation>
                  <Position type="Vector">0, 0, 0</Position>
               </HpFX01>
               <HpFX02>
                  <Orientation type="Matrix">
                      59.604645e-09,   0.9999998800,   0.0000000000,
                      -0.9999998800,  59.604645e-09,   0.0000000000,
                       0.0000000000,   0.0000000000,   1.0000000000
                  </Orientation>
                  <Position type="Vector">0, 0, 0</Position>
               </HpFX02>
               <HpFX03>
                  <Orientation type="Matrix">
                       1.0000000000,   0.0000000000,   0.0000000000,
                       0.0000000000,  59.604645e-09,   0.9999998800,
                       0.0000000000,  -0.9999998800,  59.604645e-09
                  </Orientation>
                  <Position type="Vector">0, 0, 0</Position>
               </HpFX03>
               <HpFX04>
                  <Orientation type="Matrix">
                       1.0000000000,   0.0000000000,   0.0000000000,
                       0.0000000000,   1.0000000000,   0.0000000000,
                       0.0000000000,   0.0000000000,   1.0000000000
                  </Orientation>
                  <Position type="Vector">0, 0, 0</Position>
               </HpFX04>
               <HpFX05>
                  <Orientation type="Matrix">
                       1.0000000000,   0.0000000000,   0.0000000000,
                       0.0000000000,   1.0000000000,   0.0000000000,
                       0.0000000000,   0.0000000000,   1.0000000000
                  </Orientation>
                  <Position type="Vector">0, 0, 0</Position>
               </HpFX05>
               <HpFX06>
                  <Orientation type="Matrix">
                       1.0000000000,   0.0000000000,   0.0000000000,
                       0.0000000000,   1.0000000000,   0.0000000000,
                       0.0000000000,   0.0000000000,   1.0000000000
                  </Orientation>
                  <Position type="Vector">0, 0, 0</Position>
               </HpFX06>
               <HpFX07>
                  <Orientation type="Matrix">
                       1.0000000000,   0.0000000000,   0.0000000000,
                       0.0000000000,   1.0000000000,   0.0000000000,
                       0.0000000000,   0.0000000000,   1.0000000000
                  </Orientation>
                  <Position type="Vector">0, 0, 0</Position>
               </HpFX07>
               <HpBayDoor01>
                  <Orientation type="Matrix">
                       1.0000000000,   0.0000000000,   0.0000000000,
                       0.0000000000,   1.0000000000,   0.0000000000,
                       0.0000000000,   0.0000000000,   1.0000000000
                  </Orientation>
                  <Position type="Vector">0, -50, 0</Position>
               </HpBayDoor01>
               <HpBayDoor02>
                  <Orientation type="Matrix">
                       1.0000000000,   0.0000000000,   0.0000000000,
                       0.0000000000,   1.0000000000,   0.0000000000,
                       0.0000000000,   0.0000000000,   1.0000000000
                  </Orientation>
                  <Position type="Vector">0, -65, 0</Position>
               </HpBayDoor02>
            </Fixed>
            <Revolute>
               <HpTorpedo01>
                  <Axis type="Vector">0, 1, 0</Axis>
                  <Max type="float">0.78539819</Max>
                  <Min type="float">-0.78539819</Min>
                  <Orientation type="Matrix">
                      -1.0000000000, -87.422777e-09,   0.0000000000,
                      87.422777e-09,  -1.0000000000,  -0.0000000000,
                       0.0000000000,   0.0000000000,   1.0000000000
                  </Orientation>
                  <Position type="Vector">-1.429104, -3.1935661, -118.68836</Position>
               </HpTorpedo01>
               <HpTurret01>
                  <Axis type="Vector">0, 1, 0</Axis>
                  <Max type="float">3.1415927</Max>
                  <Min type="float">-3.1415927</Min>
                  <Orientation type="Matrix">
                       1.0000000000,   0.0000000000,   0.0000000000,
                       0.0000000000,   1.0000000000,   0.0000000000,
                       0.0000000000,   0.0000000000,   1.0000000000
                  </Orientation>
                  <Position type="Vector">0.27393201, 31.738533, -24.157825</Position>
               </HpTurret01>
               <HpTurret02>
                  <Axis type="Vector">0, 1, 0</Axis>
                  <Max type="float">3.1415927</Max>
                  <Min type="float">-3.1415927</Min>
                  <Orientation type="Matrix">
                       1.0000000000,   0.0000000000,   0.0000000000,
                       0.0000000000,   0.9975640800,   0.0697564710,
                       0.0000000000,  -0.0697564710,   0.9975640800
                  </Orientation>
                  <Position type="Vector">-0.123162, 31.174639, -46.445</Position>
               </HpTurret02>
               <HpTurret03>
                  <Axis type="Vector">0, 1, 0</Axis>
                  <Max type="float">3.1415927</Max>
                  <Min type="float">-3.1415927</Min>
                  <Orientation type="Matrix">
                       1.0000000000,   0.0000000000,   0.0000000000,
                       0.0000000000,   0.9998477100,   0.0174524060,
                       0.0000000000,  -0.0174524060,   0.9998477100
                  </Orientation>
                  <Position type="Vector">0.50418198, 31.801342, -6.310946</Position>
               </HpTurret03>
               <HpTurret04>
                  <Axis type="Vector">0, 1, 0</Axis>
                  <Max type="float">3.1415927</Max>
                  <Min type="float">-3.1415927</Min>
                  <Orientation type="Matrix">
                       1.0000000000,   0.0000000000,   0.0000000000,
                       0.0000000000,   0.9902680500,   0.1391731100,
                       0.0000000000,  -0.1391731100,   0.9902680500
                  </Orientation>
                  <Position type="Vector">-0.51459098, 29.413782, -66.66877</Position>
               </HpTurret04>
               <HpTurret05>
                  <Axis type="Vector">0, 1, 0</Axis>
                  <Max type="float">3.1415927</Max>
                  <Min type="float">-3.1415927</Min>
                  <Orientation type="Matrix">
                      -1.0000000000, -87.422777e-09,   0.0000000000,
                      87.422777e-09,  -1.0000000000,  -0.0000000000,
                       0.0000000000,   0.0000000000,   1.0000000000
                  </Orientation>
                  <Position type="Vector">0.46932799, -17.526423, -8.5834084</Position>
               </HpTurret05>
               <HpTurret06>
                  <Axis type="Vector">0, 1, 0</Axis>
                  <Max type="float">3.1415927</Max>
                  <Min type="float">-3.1415927</Min>
                  <Orientation type="Matrix">
                      -1.0000000000, -87.422777e-09,   0.0000000000,
                      87.422777e-09,  -1.0000000000,  -0.0000000000,
                       0.0000000000,   0.0000000000,   1.0000000000
                  </Orientation>
                  <Position type="Vector">0.216244, -17.543301, -24.620893</Position>
               </HpTurret06>
               <HpTurret07>
                  <Axis type="Vector">0, 1, 0</Axis>
                  <Max type="float">3.1415927</Max>
                  <Min type="float">-3.1415927</Min>
                  <Orientation type="Matrix">
                      -1.0000000000, -87.302965e-09,  4.5753548e-09,
                      87.422777e-09,  -0.9986295700,   0.0523359590,
                       0.0000000000,   0.0523359590,   0.9986295100
                  </Orientation>
                  <Position type="Vector">0.71800703, -17.091444, 5.472683</Position>
               </HpTurret07>
               <HpTurret08>
                  <Axis type="Vector">0, 1, 0</Axis>
                  <Max type="float">3.1415927</Max>
                  <Min type="float">-3.1415927</Min>
                  <Orientation type="Matrix">
                      -1.0000000000, -86.094630e-09, -15.180806e-09,
                      87.422777e-09,  -0.9848078500,  -0.1736481800,
                     -888.17842e-18,  -0.1736481800,   0.9848077300
                  </Orientation>
                  <Position type="Vector">-0.165226, -15.806035, -43.277481</Position>
               </HpTurret08>
               <HpTurret09>
                  <Axis type="Vector">0, 1, 0</Axis>
                  <Max type="float">3.8397243</Max>
                  <Min type="float">-1.5707964</Min>
                  <Orientation type="Matrix">
                       0.9961947200,  -0.0871557440,  -0.0000000000,
                       0.0871557440,   0.9961947200,   0.0000000000,
                       0.0000000000,  -0.0000000000,   1.0000000000
                  </Orientation>
                  <Position type="Vector">-108.43861, -2.4036679, -87.045059</Position>
               </HpTurret09>
               <HpTurret10>
                  <Axis type="Vector">0, 1, 0</Axis>
                  <Max type="float">1.5707964</Max>
                  <Min type="float">-3.8397243</Min>
                  <Orientation type="Matrix">
                       0.9961947200,   0.0871557440,   0.0000000000,
                      -0.0871557440,   0.9961947200,   0.0000000000,
                       0.0000000000,   0.0000000000,   1.0000000000
                  </Orientation>
                  <Position type="Vector">106.25307, -2.368345, -90.982475</Position>
               </HpTurret10>
               <HpTurret11>
                  <Axis type="Vector">0, 1, 0</Axis>
                  <Max type="float">1.5707964</Max>
                  <Min type="float">-3.8397243</Min>
                  <Orientation type="Matrix">
                      -0.9961947200,   0.0871558190,   0.0000000000,
                      -0.0871558190,  -0.9961947200,   0.0000000000,
                       0.0000000000,  -0.0000000000,   1.0000000000
                  </Orientation>
                  <Position type="Vector">-108.26646, -5.8982658, -86.255669</Position>
               </HpTurret11>
               <HpTurret12>
                  <Axis type="Vector">0, 1, 0</Axis>
                  <Max type="float">3.8397243</Max>
                  <Min type="float">-1.5707964</Min>
                  <Orientation type="Matrix">
                      -0.9961947200,  -0.0871558190,   0.0000000000,
                       0.0871558190,  -0.9961947200,  -0.0000000000,
                       0.0000000000,   0.0000000000,   1.0000000000
                  </Orientation>
                  <Position type="Vector">106.01171, -5.8519182, -90.500595</Position>
               </HpTurret12>
               <HpTurret13>
                  <Axis type="Vector">0, 1, 0</Axis>
                  <Max type="float">3.8397243</Max>
                  <Min type="float">-1.5707964</Min>
                  <Orientation type="Matrix">
                       0.9961947200,  -0.0871557440,  -0.0000000000,
                       0.0871557440,   0.9961947200,   0.0000000000,
                       0.0000000000,  -0.0000000000,   1.0000000000
                  </Orientation>
                  <Position type="Vector">-141.70383, -6.8397551, -69.668167</Position>
               </HpTurret13>
               <HpTurret14>
                  <Axis type="Vector">0, 1, 0</Axis>
                  <Max type="float">1.5707964</Max>
                  <Min type="float">-3.8397243</Min>
                  <Orientation type="Matrix">
                       1.0000000000,   0.0000000000,   0.0000000000,
                       0.0000000000,   1.0000000000,   0.0000000000,
                       0.0000000000,   0.0000000000,   1.0000000000
                  </Orientation>
                  <Position type="Vector">140.38194, -6.829165, -74.649803</Position>
               </HpTurret14>
               <HpTurret15>
                  <Axis type="Vector">0, 1, 0</Axis>
                  <Max type="float">2.0943952</Max>
                  <Min type="float">-3.1415927</Min>
                  <Orientation type="Matrix">
                      32.596290e-09,  -0.2419218700,   0.9702956700,
                     -22.351742e-09,   0.9702957300,   0.2419218700,
                      -0.9999998800,   0.0000000000,   0.0000000000
                  </Orientation>
                  <Position type="Vector">-178.29031, -14.882667, -141.18665</Position>
               </HpTurret15>
               <HpTurret16>
                  <Axis type="Vector">0, 1, 0</Axis>
                  <Max type="float">3.1415927</Max>
                  <Min type="float">-2.0943952</Min>
                  <Orientation type="Matrix">
                      32.596290e-09,   0.2419218700,  -0.9702956700,
                      22.351742e-09,   0.9702957300,   0.2419218700,
                       0.9999998800,   0.0000000000,   0.0000000000
                  </Orientation>
                  <Position type="Vector">174.10977, -14.772469, -147.21228</Position>
               </HpTurret16>
               <HpTurret17>
                  <Axis type="Vector">0, 1, 0</Axis>
                  <Max type="float">2.0943952</Max>
                  <Min type="float">-3.1415927</Min>
                  <Orientation type="Matrix">
                      59.604645e-09,  -0.3746065500,   0.9271837500,
                     -44.703484e-09,   0.9271838700,   0.3746065500,
                      -0.9999998800, -14.901161e-09,  59.604645e-09
                  </Orientation>
                  <Position type="Vector">-199.62344, -22.905973, -148.79868</Position>
               </HpTurret17>
               <HpTurret18>
                  <Axis type="Vector">0, 1, 0</Axis>
                  <Max type="float">3.1415927</Max>
                  <Min type="float">-2.0943952</Min>
                  <Orientation type="Matrix">
                      59.604645e-09,   0.3746065500,  -0.9271837500,
                      44.703484e-09,   0.9271838700,   0.3746065500,
                       0.9999998800, -14.901161e-09,  59.604645e-09
                  </Orientation>
                  <Position type="Vector">195.34673, -22.802404, -155.67068</Position>
               </HpTurret18>
               <HpTurret19>
                  <Axis type="Vector">0, 1, 0</Axis>
                  <Max type="float">2.0943952</Max>
                  <Min type="float">-2.0943952</Min>
                  <Orientation type="Matrix">
                      178.81393e-09,   0.4226182700,   0.9063077000,
                      29.802322e-09,  -0.9063076400,   0.4226182700,
                       0.9999998800,   0.0000000000, -26.077032e-09
                  </Orientation>
                  <Position type="Vector">-198.49091, -25.236393, -148.81471</Position>
               </HpTurret19>
               <HpTurret20>
                  <Axis type="Vector">0, 1, 0</Axis>
                  <Max type="float">2.0943952</Max>
                  <Min type="float">-2.0943952</Min>
                  <Orientation type="Matrix">
                      178.81393e-09,  -0.4226182700,  -0.9063077000,
                     -29.802322e-09,  -0.9063076400,   0.4226182700,
                      -0.9999998800,   0.0000000000, -26.077032e-09
                  </Orientation>
                  <Position type="Vector">194.92722, -25.41374, -155.43355</Position>
               </HpTurret20>
               <HpTurret21>
                  <Axis type="Vector">0, 1, 0</Axis>
                  <Max type="float">2.0943952</Max>
                  <Min type="float">-2.7925267</Min>
                  <Orientation type="Matrix">
                      59.604645e-09,  -0.3746065500,   0.9271837500,
                     -44.703484e-09,   0.9271838700,   0.3746065500,
                      -0.9999998800, -14.901161e-09,  59.604645e-09
                  </Orientation>
                  <Position type="Vector">-191.37502, -19.312868, -118.1195</Position>
               </HpTurret21>
               <HpTurret22>
                  <Axis type="Vector">0, 1, 0</Axis>
                  <Max type="float">2.7925267</Max>
                  <Min type="float">-2.0943952</Min>
                  <Orientation type="Matrix">
                      59.604645e-09,   0.3746065500,  -0.9271837500,
                      44.703484e-09,   0.9271838700,   0.3746065500,
                       0.9999998800, -14.901161e-09,  59.604645e-09
                  </Orientation>
                  <Position type="Vector">187.57887, -18.968636, -125.2298</Position>
               </HpTurret22>
               <HpTurret23>
                  <Axis type="Vector">0, 1, 0</Axis>
                  <Max type="float">0.78539819</Max>
                  <Min type="float">-0.78539819</Min>
                  <Orientation type="Matrix">
                      238.41858e-09,   0.3420201500,   0.9396925000,
                      29.802322e-09,  -0.9396923200,   0.3420201500,
                       0.9999998800,   0.0000000000,  50.291419e-09
                  </Orientation>
                  <Position type="Vector">-202.35854, -26.616444, -117.05251</Position>
               </HpTurret23>
               <HpTurret24>
                  <Axis type="Vector">0, 1, 0</Axis>
                  <Max type="float">0.78539819</Max>
                  <Min type="float">-0.78539819</Min>
                  <Orientation type="Matrix">
                      238.41858e-09,  -0.3420201500,  -0.9396925000,
                     -29.802322e-09,  -0.9396923200,   0.3420201500,
                      -0.9999998800,   0.0000000000,  50.291419e-09
                  </Orientation>
                  <Position type="Vector">199.24542, -26.545677, -124.14156</Position>
               </HpTurret24>
               <HpTurret25>
                  <Axis type="Vector">0, 1, 0</Axis>
                  <Max type="float">0.78539819</Max>
                  <Min type="float">-0.78539819</Min>
                  <Orientation type="Matrix">
                      7.4505806e-09,  -0.2588190400,   0.9659256900,
                     -14.901161e-09,   0.9659258100,   0.2588190400,
                      -0.9999998800,   0.0000000000,   0.0000000000
                  </Orientation>
                  <Position type="Vector">-177.04303, -14.064571, -84.476578</Position>
               </HpTurret25>
               <HpTurret26>
                  <Axis type="Vector">0, 1, 0</Axis>
                  <Max type="float">0.78539819</Max>
                  <Min type="float">-0.78539819</Min>
                  <Orientation type="Matrix">
                      7.4505806e-09,   0.2588190400,  -0.9659256900,
                      14.901161e-09,   0.9659258100,   0.2588190400,
                       0.9999998800,   0.0000000000,   0.0000000000
                  </Orientation>
                  <Position type="Vector">175.42075, -14.106589, -91.746628</Position>
               </HpTurret26>
               <HpTurret27>
                  <Axis type="Vector">0, 1, 0</Axis>
                  <Max type="float">0.78539819</Max>
                  <Min type="float">-0.78539819</Min>
                  <Orientation type="Matrix">
                      238.41858e-09,   0.3420201500,   0.9396925000,
                      29.802322e-09,  -0.9396923200,   0.3420201500,
                       0.9999998800,   0.0000000000,  50.291419e-09
                  </Orientation>
                  <Position type="Vector">-192.29683, -23.484758, -74.72551</Position>
               </HpTurret27>
               <HpTurret28>
                  <Axis type="Vector">0, 1, 0</Axis>
                  <Max type="float">0.78539819</Max>
                  <Min type="float">-0.78539819</Min>
                  <Orientation type="Matrix">
                      238.41858e-09,  -0.3420201500,  -0.9396925000,
                     -29.802322e-09,  -0.9396923200,   0.3420201500,
                      -0.9999998800,   0.0000000000,  50.291419e-09
                  </Orientation>
                  <Position type="Vector">189.14769, -22.89975, -83.564987</Position>
               </HpTurret28>
               <HpTurret29>
                  <Axis type="Vector">0, 1, 0</Axis>
                  <Max type="float">0.78539819</Max>
                  <Min type="float">-0.78539819</Min>
                  <Orientation type="Matrix">
                     -10.710210e-09,  -0.0871557300,   0.9961946000,
                     -3.7252903e-09,   0.9961947200,   0.0871557300,
                      -0.9999998800,  3.7252903e-09,   0.0000000000
                  </Orientation>
                  <Position type="Vector">-99.317284, -0.76871198, -3.6005549</Position>
               </HpTurret29>
               <HpTurret30>
                  <Axis type="Vector">0, 1, 0</Axis>
                  <Max type="float">0.78539819</Max>
                  <Min type="float">-0.78539819</Min>
                  <Orientation type="Matrix">
                     -10.710210e-09,   0.0871557300,  -0.9961946000,
                      3.7252903e-09,   0.9961947200,   0.0871557300,
                       0.9999998800,  3.7252903e-09,   0.0000000000
                  </Orientation>
                  <Position type="Vector">98.726814, -0.63873303, -10.567266</Position>
               </HpTurret30>
               <HpTurret31>
                  <Axis type="Vector">0, 1, 0</Axis>
                  <Max type="float">0.78539819</Max>
                  <Min type="float">-0.78539819</Min>
                  <Orientation type="Matrix">
                     -10.710210e-09,  -0.0871557300,   0.9961946000,
                     -3.7252903e-09,   0.9961947200,   0.0871557300,
                      -0.9999998800,  3.7252903e-09,   0.0000000000
                  </Orientation>
                  <Position type="Vector">-135.44995, -5.488905, -21.887386</Position>
               </HpTurret31>
               <HpTurret32>
                  <Axis type="Vector">0, 1, 0</Axis>
                  <Max type="float">0.78539819</Max>
                  <Min type="float">-0.78539819</Min>
                  <Orientation type="Matrix">
                     -10.710210e-09,   0.0871557300,  -0.9961946000,
                      3.7252903e-09,   0.9961947200,   0.0871557300,
                       0.9999998800,  3.7252903e-09,   0.0000000000
                  </Orientation>
                  <Position type="Vector">134.6611, -5.3053908, -28.148487</Position>
               </HpTurret32>
               <HpTurret33>
                  <Axis type="Vector">0, 1, 0</Axis>
                  <Max type="float">0.78539819</Max>
                  <Min type="float">-0.78539819</Min>
                  <Orientation type="Matrix">
                     -10.710210e-09,  -0.0871557300,   0.9961946000,
                     -3.7252903e-09,   0.9961947200,   0.0871557300,
                      -0.9999998800,  3.7252903e-09,   0.0000000000
                  </Orientation>
                  <Position type="Vector">-94.462616, -0.69025701, -56.93219</Position>
               </HpTurret33>
               <HpTurret34>
                  <Axis type="Vector">0, 1, 0</Axis>
                  <Max type="float">0.78539819</Max>
                  <Min type="float">-0.78539819</Min>
                  <Orientation type="Matrix">
                     -10.710210e-09,   0.0871557300,  -0.9961946000,
                      3.7252903e-09,   0.9961947200,   0.0871557300,
                       0.9999998800,  3.7252903e-09,   0.0000000000
                  </Orientation>
                  <Position type="Vector">93.910629, -0.71547502, -60.496346</Position>
               </HpTurret34>
               <HpTurret35>
                  <Axis type="Vector">0, 1, 0</Axis>
                  <Max type="float">1.5707964</Max>
                  <Min type="float">-1.5707964</Min>
                  <Orientation type="Matrix">
                      138.99989e-09,  -0.1045284600,   0.9945216200,
                     -11.175871e-09,   0.9945218600,   0.1045284500,
                      -0.9999997600,   0.0000000000,  119.20929e-09
                  </Orientation>
                  <Position type="Vector">-113.56312, -2.3358879, -18.776875</Position>
               </HpTurret35>
               <HpTurret36>
                  <Axis type="Vector">0, 1, 0</Axis>
                  <Max type="float">1.5707964</Max>
                  <Min type="float">-1.5707964</Min>
                  <Orientation type="Matrix">
                      138.99989e-09,   0.1045284600,  -0.9945216200,
                      11.175871e-09,   0.9945218600,   0.1045284500,
                       0.9999997600,   0.0000000000,  119.20929e-09
                  </Orientation>
                  <Position type="Vector">115.36614, -2.391366, -16.820732</Position>
               </HpTurret36>
               <HpTurret37>
                  <Axis type="Vector">0, 1, 0</Axis>
                  <Max type="float">0.78539819</Max>
                  <Min type="float">-3.1415927</Min>
                  <Orientation type="Matrix">
                      -0.9986293900,  -0.0523279870,  913.47576e-06,
                      -0.0523359590,   0.9984774600,  -0.0174284840,
                     -87.398803e-09,  -0.0174524080,  -0.9998475900
                  </Orientation>
                  <Position type="Vector">-70.060722, 1.493187, 30.032059</Position>
               </HpTurret37>
               <HpTurret38>
                  <Axis type="Vector">0, 1, 0</Axis>
                  <Max type="float">3.1415927</Max>
                  <Min type="float">-0.78539819</Min>
                  <Orientation type="Matrix">
                      -0.9986294500,   0.0523279870, -913.30108e-06,
                       0.0523359590,   0.9984774000,  -0.0174284930,
                     -87.427907e-09,  -0.0174524060,  -0.9998475900
                  </Orientation>
                  <Position type="Vector">71.902679, 1.515008, 27.605959</Position>
               </HpTurret38>
               <HpTurret39>
                  <Axis type="Vector">0, 1, 0</Axis>
                  <Max type="float">1.5707964</Max>
                  <Min type="float">-0.78539819</Min>
                  <Orientation type="Matrix">
                       0.9961946600,   0.0871426020,  -0.0015211669,
                       0.0871558790,  -0.9960430300,   0.0173859880,
                     -87.369699e-09,  -0.0174524060,  -0.9998477700
                  </Orientation>
                  <Position type="Vector">-100.5928, -6.5816889, 31.889004</Position>
               </HpTurret39>
               <HpTurret40>
                  <Axis type="Vector">0, 1, 0</Axis>
                  <Max type="float">0.78539819</Max>
                  <Min type="float">-1.5707964</Min>
                  <Orientation type="Matrix">
                       0.9961946600,  -0.0871425420,   0.0015209916,
                      -0.0871558190,  -0.9960430300,   0.0173860020,
                     -87.369699e-09,  -0.0174524060,  -0.9998477700
                  </Orientation>
                  <Position type="Vector">102.03468, -6.4661031, 25.893963</Position>
               </HpTurret40>
               <HpTurret41>
                  <Axis type="Vector">0, 1, 0</Axis>
                  <Max type="float">3.1415927</Max>
                  <Min type="float">-3.1415927</Min>
                  <Orientation type="Matrix">
                      -1.0000000000, -87.422777e-09,   0.0000000000,
                      87.422777e-09,  -1.0000000000,  -0.0000000000,
                       0.0000000000,   0.0000000000,   1.0000000000
                  </Orientation>
                  <Position type="Vector">-140.39796, -29.358185, -29.484566</Position>
               </HpTurret41>
               <HpTurret42>
                  <Axis type="Vector">0, 1, 0</Axis>
                  <Max type="float">3.1415927</Max>
                  <Min type="float">-3.1415927</Min>
                  <Orientation type="Matrix">
                      -1.0000000000, -87.422777e-09,   0.0000000000,
                      87.422777e-09,  -1.0000000000,  -0.0000000000,
                       0.0000000000,   0.0000000000,   1.0000000000
                  </Orientation>
                  <Position type="Vector">140.55087, -29.353395, -34.17</Position>
               </HpTurret42>
               <HpTurret43>
                  <Axis type="Vector">0, 1, 0</Axis>
                  <Max type="float">2.0943952</Max>
                  <Min type="float">-2.0943952</Min>
                  <Orientation type="Matrix">
                       0.0238582490,   0.3411870300,   0.9396925000,
                      -0.0655496120,  -0.9374033200,   0.3420201800,
                       0.9975639600,  -0.0697564480,  81.956387e-09
                  </Orientation>
                  <Position type="Vector">11.342255, -14.457542, -15.58437</Position>
               </HpTurret43>
               <HpTurret44>
                  <Axis type="Vector">0, 1, 0</Axis>
                  <Max type="float">2.0943952</Max>
                  <Min type="float">-2.0943952</Min>
                  <Orientation type="Matrix">
                       0.0238582490,  -0.3411870300,  -0.9396925000,
                       0.0655496120,  -0.9374033200,   0.3420201800,
                      -0.9975639600,  -0.0697564480,  81.956387e-09
                  </Orientation>
                  <Position type="Vector">-10.825891, -14.42268, -14.531094</Position>
               </HpTurret44>
            </Revolute>
         </Hardpoints>
         <MultiLevel>
            <Level0>
               <VMeshPart>
                  <VMeshRef type="VMeshRef">
                     <!-- header size  --> 60,
                     <!-- vmesh lib    --> reman_fgter.lod0.vms,
                     <!-- start vert   --> 0,
                     <!-- num verts    --> 1863,
                     <!-- start index  --> 0,
                     <!-- num indices  --> 4314,
                     <!-- start mesh   --> 0,
                     <!-- num meshes   --> 1,
                     <!-- bounding box -->  210.30389,    31.807465,     100.64175,
                                           -215.07669,   -31.734381,    -230.9772,
                     <!-- center       -->   -2.3863983,   0.036541939,  -65.167725,
                     <!-- radius       --> 396.50851
                  </VMeshRef>
               </VMeshPart>
            </Level0>
         </MultiLevel>
      </reman_fgter.3db>
   </UTF_ROOT>
</UTFXML>
