<?xml version="1.0" encoding="ISO-8859-1"?>
<!-- XML generated by UTFXML Version 2.2 built 19-Aug-2010 -->
<UTFXML filename="Rudy_cruiser.cmp" path="SHIPS\new\private">
   <UTF_ROOT>
      <VMeshLibrary>
         <__wing-1.lod0.vms name="0_wing-1.lod0.vms" include="Rudy_cruiser_cmp\lod0.vms.xml"/>
         <aelhathamwire.lod0.vms include="Rudy_cruiser_cmp\lod0.vms.xml"/>
      </VMeshLibrary>
      <Cmpnd>
         <Root>
            <File_name name="File name" type="text">0_wing-1.3db</File_name>
            <Index type="int">0</Index>
            <Object_name name="Object name" type="text">Root</Object_name>
         </Root>
      </Cmpnd>
      <__wing-1.3db name="0_wing-1.3db">
         <Hardpoints>
            <Fixed>
               <HpMount>
                  <Orientation type="Matrix">
                       1.0000000000,   0.0000000000,   0.0000000000,
                       0.0000000000,   1.0000000000,   0.0000000000,
                       0.0000000000,   0.0000000000,   1.0000000000
                  </Orientation>
                  <Position type="Vector">0, -17, -50</Position>
               </HpMount>
               <HpShield01>
                  <Orientation type="Matrix">
                       1.0000000000,   0.0000000000,   0.0000000000,
                       0.0000000000,   1.0000000000,   0.0000000000,
                       0.0000000000,   0.0000000000,   1.0000000000
                  </Orientation>
                  <Position type="Vector">0, 9, 0</Position>
               </HpShield01>
               <HpEngine01>
                  <Orientation type="Matrix">
                       1.0000000000,   0.0000000000,   0.0000000000,
                       0.0000000000,   1.0000000000,   0.0000000000,
                       0.0000000000,   0.0000000000,   1.0000000000
                  </Orientation>
                  <Position type="Vector">71.234749, 21.324167, 48.842583</Position>
               </HpEngine01>
               <HpEngine02>
                  <Orientation type="Matrix">
                       1.0000000000,   0.0000000000,   0.0000000000,
                       0.0000000000,   1.0000000000,   0.0000000000,
                       0.0000000000,   0.0000000000,   1.0000000000
                  </Orientation>
                  <Position type="Vector">-70.033279, 20.837818, 48.842579</Position>
               </HpEngine02>
               <HpTractor_Source>
                  <Orientation type="Matrix">
                       1.0000000000,   0.0000000000,   0.0000000000,
                       0.0000000000,   1.0000000000,   0.0000000000,
                       0.0000000000,   0.0000000000,   1.0000000000
                  </Orientation>
                  <Position type="Vector">0.346407, -8.0699902, -97.220406</Position>
               </HpTractor_Source>
               <HpPilot>
                  <Orientation type="Matrix">
                       1.0000000000,   0.0000000000,   0.0000000000,
                       0.0000000000,   1.0000000000,   0.0000000000,
                       0.0000000000,   0.0000000000,   1.0000000000
                  </Orientation>
                  <Position type="Vector">0, 2.3, -80.5</Position>
               </HpPilot>
               <HpCloak01>
                  <Orientation type="Matrix">
                       1.0000000000,   0.0000000000,   0.0000000000,
                       0.0000000000,   1.0000000000,   0.0000000000,
                       0.0000000000,   0.0000000000,   1.0000000000
                  </Orientation>
                  <Position type="Vector">0, 6.9, 0</Position>
               </HpCloak01>
               <HpShield02>
                  <Orientation type="Matrix">
                       1.0000000000,   0.0000000000,   0.0000000000,
                       0.0000000000,   1.0000000000,   0.0000000000,
                       0.0000000000,   0.0000000000,   1.0000000000
                  </Orientation>
                  <Position type="Vector">0, 9, 0</Position>
               </HpShield02>
               <HpShield03>
                  <Orientation type="Matrix">
                       1.0000000000,   0.0000000000,   0.0000000000,
                       0.0000000000,   1.0000000000,   0.0000000000,
                       0.0000000000,   0.0000000000,   1.0000000000
                  </Orientation>
                  <Position type="Vector">0, 9, 0</Position>
               </HpShield03>
               <HpFX01>
                  <Orientation type="Matrix">
                       1.0000000000,   0.0000000000,   0.0000000000,
                       0.0000000000,   1.0000000000,   0.0000000000,
                       0.0000000000,   0.0000000000,   1.0000000000
                  </Orientation>
                  <Position type="Vector">0, 10, 0</Position>
               </HpFX01>
               <HpNew01>
                  <Orientation type="Matrix">
                       1.0000000000,   0.0000000000,   0.0000000000,
                       0.0000000000,   1.0000000000,   0.0000000000,
                       0.0000000000,   0.0000000000,   1.0000000000
                  </Orientation>
                  <Position type="Vector">0, 10, 0</Position>
               </HpNew01>
               <HpNew02>
                  <Orientation type="Matrix">
                       1.0000000000,   0.0000000000,   0.0000000000,
                       0.0000000000,   1.0000000000,   0.0000000000,
                       0.0000000000,   0.0000000000,   1.0000000000
                  </Orientation>
                  <Position type="Vector">0, 10, 0</Position>
               </HpNew02>
               <HpNew03>
                  <Orientation type="Matrix">
                       1.0000000000,   0.0000000000,   0.0000000000,
                       0.0000000000,   1.0000000000,   0.0000000000,
                       0.0000000000,   0.0000000000,   1.0000000000
                  </Orientation>
                  <Position type="Vector">0, 10, 0</Position>
               </HpNew03>
               <HpCM01>
                  <Orientation type="Matrix">
                      -1.0000000000, -87.422777e-09,   0.0000000000,
                      87.422777e-09,  -1.0000000000,  -0.0000000000,
                       0.0000000000,   0.0000000000,   1.0000000000
                  </Orientation>
                  <Position type="Vector">0.66076201, 11.25407, 84.892525</Position>
               </HpCM01>
               <HpRunningLight01>
                  <Orientation type="Matrix">
                       1.0000000000,   0.0000000000,   0.0000000000,
                       0.0000000000,   1.0000000000,   0.0000000000,
                       0.0000000000,   0.0000000000,   1.0000000000
                  </Orientation>
                  <Position type="Vector">-70.103989, 18.126175, -44.970291</Position>
               </HpRunningLight01>
               <HpRunningLight02>
                  <Orientation type="Matrix">
                       1.0000000000,   0.0000000000,   0.0000000000,
                       0.0000000000,   1.0000000000,   0.0000000000,
                       0.0000000000,   0.0000000000,   1.0000000000
                  </Orientation>
                  <Position type="Vector">71.055191, 18.119772, -44.974854</Position>
               </HpRunningLight02>
               <HpDocklight01>
                  <Orientation type="Matrix">
                       1.0000000000,   0.0000000000,   0.0000000000,
                       0.0000000000,   1.0000000000,   0.0000000000,
                       0.0000000000,   0.0000000000,   1.0000000000
                  </Orientation>
                  <Position type="Vector">0.52978998, 15.537485, 89.736557</Position>
               </HpDocklight01>
               <HpThruster01>
                  <Orientation type="Matrix">
                      -1.0000000000, -87.422777e-09,   0.0000000000,
                      87.422777e-09,  -1.0000000000,  -0.0000000000,
                       0.0000000000,   0.0000000000,   1.0000000000
                  </Orientation>
                  <Position type="Vector">0.50588399, -9.183012, 63.752602</Position>
               </HpThruster01>
               <HpBayDoor01>
                  <Orientation type="Matrix">
                       1.0000000000,   0.0000000000,   0.0000000000,
                       0.0000000000,   1.0000000000,   0.0000000000,
                       0.0000000000,   0.0000000000,   1.0000000000
                  </Orientation>
                  <Position type="Vector">0, -20, 0</Position>
               </HpBayDoor01>
               <HpBayDoor02>
                  <Orientation type="Matrix">
                       1.0000000000,   0.0000000000,   0.0000000000,
                       0.0000000000,   1.0000000000,   0.0000000000,
                       0.0000000000,   0.0000000000,   1.0000000000
                  </Orientation>
                  <Position type="Vector">0, -25, 0</Position>
               </HpBayDoor02>
               <HpShield04>
                  <Orientation type="Matrix">
                       1.0000000000,   0.0000000000,   0.0000000000,
                       0.0000000000,   1.0000000000,   0.0000000000,
                       0.0000000000,   0.0000000000,   1.0000000000
                  </Orientation>
                  <Position type="Vector">0, 9, 0</Position>
               </HpShield04>
               <HpNew04>
                  <Orientation type="Matrix">
                       1.0000000000,   0.0000000000,   0.0000000000,
                       0.0000000000,   1.0000000000,   0.0000000000,
                       0.0000000000,   0.0000000000,   1.0000000000
                  </Orientation>
                  <Position type="Vector">0, 10, 0</Position>
               </HpNew04>
               <HpNew05>
                  <Orientation type="Matrix">
                       1.0000000000,   0.0000000000,   0.0000000000,
                       0.0000000000,   1.0000000000,   0.0000000000,
                       0.0000000000,   0.0000000000,   1.0000000000
                  </Orientation>
                  <Position type="Vector">0, 10, 0</Position>
               </HpNew05>
               <HpFX02>
                  <Orientation type="Matrix">
                       1.0000000000,   0.0000000000,   0.0000000000,
                       0.0000000000,   1.0000000000,   0.0000000000,
                       0.0000000000,   0.0000000000,   1.0000000000
                  </Orientation>
                  <Position type="Vector">71.060318, 21.062529, 48.842579</Position>
               </HpFX02>
               <HpFX03>
                  <Orientation type="Matrix">
                       1.0000000000,   0.0000000000,   0.0000000000,
                       0.0000000000,   1.0000000000,   0.0000000000,
                       0.0000000000,   0.0000000000,   1.0000000000
                  </Orientation>
                  <Position type="Vector">-70.066147, 21.062292, 48.842575</Position>
               </HpFX03>
            </Fixed>
            <Revolute>
               <HpTorpedo01>
                  <Axis type="Vector">0, 1, 0</Axis>
                  <Max type="float">0.78539819</Max>
                  <Min type="float">-0.78539819</Min>
                  <Orientation type="Matrix">
                      -1.0000000000, -87.422777e-09,   0.0000000000,
                      87.422777e-09,  -1.0000000000,  -0.0000000000,
                       0.0000000000,   0.0000000000,   1.0000000000
                  </Orientation>
                  <Position type="Vector">0.49719599, -7.9676981, -96.440987</Position>
               </HpTorpedo01>
               <HpTurret01>
                  <Axis type="Vector">0, 1, 0</Axis>
                  <Max type="float">3.1415927</Max>
                  <Min type="float">-3.1415927</Min>
                  <Orientation type="Matrix">
                      -1.0000000000, -87.302965e-09, -4.5753548e-09,
                      87.422777e-09,  -0.9986295700,  -0.0523359590,
                       0.0000000000,  -0.0523359590,   0.9986295100
                  </Orientation>
                  <Position type="Vector">0.480194, -11.834695, -7.5083852</Position>
               </HpTurret01>
               <HpTurret02>
                  <Axis type="Vector">0, 1, 0</Axis>
                  <Max type="float">3.1415927</Max>
                  <Min type="float">-3.1415927</Min>
                  <Orientation type="Matrix">
                      -1.0000000000, -87.369521e-09, -3.0510108e-09,
                      87.422784e-09,  -0.9993908400,  -0.0348994960,
                       0.0000000000,  -0.0348994960,   0.9993908400
                  </Orientation>
                  <Position type="Vector">0.46009699, -7.942903, -59.264149</Position>
               </HpTurret02>
               <HpTurret03>
                  <Axis type="Vector">0, 1, 0</Axis>
                  <Max type="float">3.1415927</Max>
                  <Min type="float">-3.1415927</Min>
                  <Orientation type="Matrix">
                       0.9659258100,  -0.2588190700,  -0.0000000000,
                       0.2588190700,   0.9659258100,   0.0000000000,
                       0.0000000000,  -0.0000000000,   1.0000000000
                  </Orientation>
                  <Position type="Vector">-79.249596, 28.588505, -26.040424</Position>
               </HpTurret03>
               <HpTurret04>
                  <Axis type="Vector">0, 1, 0</Axis>
                  <Max type="float">3.1415927</Max>
                  <Min type="float">-3.1415927</Min>
                  <Orientation type="Matrix">
                       0.9702957300,   0.2419218900,   0.0000000000,
                      -0.2419218900,   0.9702957300,   0.0000000000,
                       0.0000000000,   0.0000000000,   1.0000000000
                  </Orientation>
                  <Position type="Vector">80.316322, 28.519943, -26.485752</Position>
               </HpTurret04>
               <HpTurret05>
                  <Axis type="Vector">0, 1, 0</Axis>
                  <Max type="float">3.1415927</Max>
                  <Min type="float">-3.1415927</Min>
                  <Orientation type="Matrix">
                      59.604645e-09,  -0.9981347300,  -0.0610485340,
                       0.9999998800,  59.604645e-09, -3.7252903e-09,
                       0.0000000000,  -0.0610485340,   0.9981348500
                  </Orientation>
                  <Position type="Vector">-73.065376, 21.042709, -25.75939</Position>
               </HpTurret05>
               <HpTurret06>
                  <Axis type="Vector">0, 1, 0</Axis>
                  <Max type="float">3.1415927</Max>
                  <Min type="float">-3.1415927</Min>
                  <Orientation type="Matrix">
                      59.604645e-09,   0.9981347300,   0.0610485340,
                      -0.9999998800,  59.604645e-09, -3.7252903e-09,
                       0.0000000000,  -0.0610485340,   0.9981348500
                  </Orientation>
                  <Position type="Vector">74.095284, 21.05592, -25.700659</Position>
               </HpTurret06>
               <HpTurret07>
                  <Axis type="Vector">0, 1, 0</Axis>
                  <Max type="float">3.1415927</Max>
                  <Min type="float">-3.1415927</Min>
                  <Orientation type="Matrix">
                      59.604645e-09,  -0.9981347300,  -0.0610485340,
                       0.9999998800,  59.604645e-09, -3.7252903e-09,
                       0.0000000000,  -0.0610485340,   0.9981348500
                  </Orientation>
                  <Position type="Vector">-74.154099, 21.187622, -8.3521366</Position>
               </HpTurret07>
               <HpTurret08>
                  <Axis type="Vector">0, 1, 0</Axis>
                  <Max type="float">3.1415927</Max>
                  <Min type="float">-3.1415927</Min>
                  <Orientation type="Matrix">
                      59.604645e-09,   0.9981347300,   0.0610485340,
                      -0.9999998800,  59.604645e-09, -3.7252903e-09,
                       0.0000000000,  -0.0610485340,   0.9981348500
                  </Orientation>
                  <Position type="Vector">75.236473, 21.210264, -7.4554329</Position>
               </HpTurret08>
               <HpTurret09>
                  <Axis type="Vector">0, 1, 0</Axis>
                  <Max type="float">1.7453293</Max>
                  <Min type="float">-1.7453293</Min>
                  <Orientation type="Matrix">
                     -17.695129e-09, -1.8626451e-09,   0.9999998800,
                       0.0523359550,   0.9986295700,  5.5879354e-09,
                      -0.9986294500,   0.0523359550,   0.0000000000
                  </Orientation>
                  <Position type="Vector">-69.945351, 13.65395, -6.2865911</Position>
               </HpTurret09>
               <HpTurret10>
                  <Axis type="Vector">0, 1, 0</Axis>
                  <Max type="float">1.7453293</Max>
                  <Min type="float">-1.7453293</Min>
                  <Orientation type="Matrix">
                     -17.695129e-09,  1.8626451e-09,  -0.9999998800,
                      -0.0523359550,   0.9986295700,  5.5879354e-09,
                       0.9986294500,   0.0523359550,   0.0000000000
                  </Orientation>
                  <Position type="Vector">70.783989, 13.647444, -6.1696181</Position>
               </HpTurret10>
               <HpTurret11>
                  <Axis type="Vector">0, 1, 0</Axis>
                  <Max type="float">3.1415927</Max>
                  <Min type="float">-3.1415927</Min>
                  <Orientation type="Matrix">
                      178.81393e-09,  -0.5735764500,   0.8191518800,
                     -29.802322e-09,  -0.8191518200,  -0.5735763900,
                       0.9999998800,   0.0000000000,  14.901161e-09
                  </Orientation>
                  <Position type="Vector">-22.585896, 0.64628601, 18.825699</Position>
               </HpTurret11>
               <HpTurret12>
                  <Axis type="Vector">0, 1, 0</Axis>
                  <Max type="float">3.1415927</Max>
                  <Min type="float">-3.1415927</Min>
                  <Orientation type="Matrix">
                      178.81393e-09,   0.5735764500,  -0.8191518800,
                      29.802322e-09,  -0.8191518200,  -0.5735763900,
                      -0.9999998800,   0.0000000000,  14.901161e-09
                  </Orientation>
                  <Position type="Vector">23.6052, 0.640921, 18.8106</Position>
               </HpTurret12>
               <HpTurret13>
                  <Axis type="Vector">0, 1, 0</Axis>
                  <Max type="float">2.0943952</Max>
                  <Min type="float">-2.0943952</Min>
                  <Orientation type="Matrix">
                       1.0000000000,   0.0000000000,   0.0000000000,
                       0.0000000000,   0.9781476300,   0.2079117000,
                       0.0000000000,  -0.2079117000,   0.9781476300
                  </Orientation>
                  <Position type="Vector">0.63435203, -5.9814739, -87.139496</Position>
               </HpTurret13>
               <HpTurret14>
                  <Axis type="Vector">0, 1, 0</Axis>
                  <Max type="float">3.1415927</Max>
                  <Min type="float">-3.1415927</Min>
                  <Orientation type="Matrix">
                      -1.0000000000, -87.422777e-09,   0.0000000000,
                      87.422777e-09,  -1.0000000000,  -0.0000000000,
                       0.0000000000,   0.0000000000,   1.0000000000
                  </Orientation>
                  <Position type="Vector">0.59651297, -9.183012, 44.390812</Position>
               </HpTurret14>
               <HpTurret15>
                  <Axis type="Vector">0, 1, 0</Axis>
                  <Max type="float">2.0943952</Max>
                  <Min type="float">-2.0943952</Min>
                  <Orientation type="Matrix">
                      238.41858e-09,  -0.1564344200,   0.9876881200,
                     -14.901161e-09,  -0.9876879500,  -0.1564344200,
                       0.9999998200,   0.0000000000,  140.16405e-09
                  </Orientation>
                  <Position type="Vector">-53.879936, 12.199217, -0.333455</Position>
               </HpTurret15>
               <HpTurret16>
                  <Axis type="Vector">0, 1, 0</Axis>
                  <Max type="float">2.0943952</Max>
                  <Min type="float">-2.0943952</Min>
                  <Orientation type="Matrix">
                      238.41858e-09,   0.1564344200,  -0.9876881200,
                      14.901161e-09,  -0.9876879500,  -0.1564344200,
                      -0.9999998200,   0.0000000000,  140.16405e-09
                  </Orientation>
                  <Position type="Vector">54.959755, 12.208145, 0.25353801</Position>
               </HpTurret16>
               <HpTurret17>
                  <Axis type="Vector">0, 1, 0</Axis>
                  <Max type="float">2.0943952</Max>
                  <Min type="float">-2.0943952</Min>
                  <Orientation type="Matrix">
                      238.41858e-09,  -0.1564344200,   0.9876881200,
                     -14.901161e-09,  -0.9876879500,  -0.1564344200,
                       0.9999998200,   0.0000000000,  140.16405e-09
                  </Orientation>
                  <Position type="Vector">-52.199657, 11.919581, 5.1703548</Position>
               </HpTurret17>
               <HpTurret18>
                  <Axis type="Vector">0, 1, 0</Axis>
                  <Max type="float">2.0943952</Max>
                  <Min type="float">-2.0943952</Min>
                  <Orientation type="Matrix">
                      238.41858e-09,   0.1564344200,  -0.9876881200,
                      14.901161e-09,  -0.9876879500,  -0.1564344200,
                      -0.9999998200,   0.0000000000,  140.16405e-09
                  </Orientation>
                  <Position type="Vector">53.413902, 11.950882, 5.0909572</Position>
               </HpTurret18>
               <HpTurret19>
                  <Axis type="Vector">0, 1, 0</Axis>
                  <Max type="float">2.0943952</Max>
                  <Min type="float">-2.0943952</Min>
                  <Orientation type="Matrix">
                      238.41858e-09,  -0.1564344200,   0.9876881200,
                     -14.901161e-09,  -0.9876879500,  -0.1564344200,
                       0.9999998200,   0.0000000000,  140.16405e-09
                  </Orientation>
                  <Position type="Vector">-50.297146, 11.602964, 10.137304</Position>
               </HpTurret19>
               <HpTurret20>
                  <Axis type="Vector">0, 1, 0</Axis>
                  <Max type="float">2.0943952</Max>
                  <Min type="float">-2.0943952</Min>
                  <Orientation type="Matrix">
                      238.41858e-09,   0.1564344200,  -0.9876881200,
                      14.901161e-09,  -0.9876879500,  -0.1564344200,
                      -0.9999998200,   0.0000000000,  140.16405e-09
                  </Orientation>
                  <Position type="Vector">50.998882, 11.548971, 10.204211</Position>
               </HpTurret20>
               <HpTurret21>
                  <Axis type="Vector">0, 1, 0</Axis>
                  <Max type="float">2.0943952</Max>
                  <Min type="float">-2.0943952</Min>
                  <Orientation type="Matrix">
                      238.41858e-09,  -0.1564344200,   0.9876881200,
                     -14.901161e-09,  -0.9876879500,  -0.1564344200,
                       0.9999998200,   0.0000000000,  140.16405e-09
                  </Orientation>
                  <Position type="Vector">-47.228603, 11.092296, 15.486215</Position>
               </HpTurret21>
               <HpTurret22>
                  <Axis type="Vector">0, 1, 0</Axis>
                  <Max type="float">2.0943952</Max>
                  <Min type="float">-2.0943952</Min>
                  <Orientation type="Matrix">
                      238.41858e-09,   0.1564344200,  -0.9876881200,
                      14.901161e-09,  -0.9876879500,  -0.1564344200,
                      -0.9999998200,   0.0000000000,  140.16405e-09
                  </Orientation>
                  <Position type="Vector">48.439907, 11.123103, 15.321226</Position>
               </HpTurret22>
               <HpTurret23>
                  <Axis type="Vector">0, 1, 0</Axis>
                  <Max type="float">2.0943952</Max>
                  <Min type="float">-2.0943952</Min>
                  <Orientation type="Matrix">
                      238.41858e-09,   0.1564344200,   0.9876881200,
                      14.901161e-09,  -0.9876879500,   0.1564344200,
                       0.9999998200,   0.0000000000,  140.16405e-09
                  </Orientation>
                  <Position type="Vector">-44.195274, 10.587487, 19.826662</Position>
               </HpTurret23>
               <HpTurret24>
                  <Axis type="Vector">0, 1, 0</Axis>
                  <Max type="float">2.0943952</Max>
                  <Min type="float">-2.0943952</Min>
                  <Orientation type="Matrix">
                      238.41858e-09,   0.1564344200,  -0.9876881200,
                      14.901161e-09,  -0.9876879500,  -0.1564344200,
                      -0.9999998200,   0.0000000000,  140.16405e-09
                  </Orientation>
                  <Position type="Vector">45.184212, 10.581287, 19.656176</Position>
               </HpTurret24>
               <HpTurret25>
                  <Axis type="Vector">0, 1, 0</Axis>
                  <Max type="float">2.0943952</Max>
                  <Min type="float">-2.0943952</Min>
                  <Orientation type="Matrix">
                      59.604645e-09,  -0.3255680800,   0.9455186100,
                     -14.901161e-09,  -0.9455186100,  -0.3255680800,
                       1.0000000000,  14.901161e-09, -65.192580e-09
                  </Orientation>
                  <Position type="Vector">-40.878723, 9.5014601, 23.217192</Position>
               </HpTurret25>
               <HpTurret26>
                  <Axis type="Vector">0, 1, 0</Axis>
                  <Max type="float">2.0943952</Max>
                  <Min type="float">-2.0943952</Min>
                  <Orientation type="Matrix">
                      59.604645e-09,   0.3255680800,  -0.9455186100,
                      14.901161e-09,  -0.9455186100,  -0.3255680800,
                      -1.0000000000,  14.901161e-09, -65.192580e-09
                  </Orientation>
                  <Position type="Vector">41.928875, 9.509819, 22.931116</Position>
               </HpTurret26>
               <HpTurret27>
                  <Axis type="Vector">0, 1, 0</Axis>
                  <Max type="float">2.0943952</Max>
                  <Min type="float">-2.0943952</Min>
                  <Orientation type="Matrix">
                      59.604645e-09,  -0.3255680800,   0.9455186100,
                     -14.901161e-09,  -0.9455186100,  -0.3255680800,
                       1.0000000000,  14.901161e-09, -65.192580e-09
                  </Orientation>
                  <Position type="Vector">-36.352592, 7.922791, 26.737419</Position>
               </HpTurret27>
               <HpTurret28>
                  <Axis type="Vector">0, 1, 0</Axis>
                  <Max type="float">2.0943952</Max>
                  <Min type="float">-2.0943952</Min>
                  <Orientation type="Matrix">
                      59.604645e-09,   0.3255680800,  -0.9455186100,
                      14.901161e-09,  -0.9455186100,  -0.3255680800,
                      -1.0000000000,  14.901161e-09, -65.192580e-09
                  </Orientation>
                  <Position type="Vector">37.91272, 8.1090231, 26.31045</Position>
               </HpTurret28>
               <HpTurret29>
                  <Axis type="Vector">0, 1, 0</Axis>
                  <Max type="float">2.0943952</Max>
                  <Min type="float">-2.0943952</Min>
                  <Orientation type="Matrix">
                      59.604645e-09,  -0.3255680800,   0.9455186100,
                     -14.901161e-09,  -0.9455186100,  -0.3255680800,
                       1.0000000000,  14.901161e-09, -65.192580e-09
                  </Orientation>
                  <Position type="Vector">-30.655846, 5.9358201, 30.871904</Position>
               </HpTurret29>
               <HpTurret30>
                  <Axis type="Vector">0, 1, 0</Axis>
                  <Max type="float">2.0943952</Max>
                  <Min type="float">-2.0943952</Min>
                  <Orientation type="Matrix">
                      59.604645e-09,   0.3255680800,  -0.9455186100,
                      14.901161e-09,  -0.9455186100,  -0.3255680800,
                      -1.0000000000,  14.901161e-09, -65.192580e-09
                  </Orientation>
                  <Position type="Vector">31.986216, 6.0419192, 30.309883</Position>
               </HpTurret30>
            </Revolute>
         </Hardpoints>
         <MultiLevel>
            <Level0>
               <VMeshPart>
                  <VMeshRef type="VMeshRef">
                     <!-- header size  --> 60,
                     <!-- vmesh lib    --> 0_wing-1.lod0.vms,
                     <!-- start vert   --> 0,
                     <!-- num verts    --> 1408,
                     <!-- start index  --> 0,
                     <!-- num indices  --> 6936,
                     <!-- start mesh   --> 0,
                     <!-- num meshes   --> 3,
                     <!-- bounding box -->  86.797012,    30.71372,   89.796097,
                                           -85.99807,    -12.09481,  -97.307266,
                     <!-- center       -->   0.39947131,   9.309454,  -3.755589,
                     <!-- radius       --> 150
                  </VMeshRef>
               </VMeshPart>
            </Level0>
         </MultiLevel>
         <VMeshWire include="Rudy_cruiser_cmp\0_wing-1.vwd.xml"/>
      </__wing-1.3db>
   </UTF_ROOT>
</UTFXML>
