<?xml version="1.0" encoding="ISO-8859-1"?>
<!-- XML generated by UTFXML Version 2.2 built 19-Aug-2010 -->
<UTFXML filename="ruler_b.cmp" path="SHIPS\new\private">
   <UTF_ROOT>
      <VMeshLibrary>
         <CruiserE1_model.lod0.vms include="ruler_b_cmp\lod0.vms.xml"/>
      </VMeshLibrary>
      <Cmpnd>
         <Root>
            <File_name name="File name" type="text">CruiserE1_model.3db</File_name>
            <Index type="int">0</Index>
            <Object_name name="Object name" type="text">Root</Object_name>
         </Root>
      </Cmpnd>
      <CruiserE1_model.3db>
         <Hardpoints>
            <Fixed>
               <HpMount>
                  <Orientation type="Matrix">
                       1.0000000000,   0.0000000000,   0.0000000000,
                       0.0000000000,   1.0000000000,   0.0000000000,
                       0.0000000000,   0.0000000000,   1.0000000000
                  </Orientation>
                  <Position type="Vector">0, -100, -200</Position>
               </HpMount>
               <HpTractor_Source>
                  <Orientation type="Matrix">
                       1.0000000000,   0.0000000000,   0.0000000000,
                       0.0000000000,   1.0000000000,   0.0000000000,
                       0.0000000000,   0.0000000000,   1.0000000000
                  </Orientation>
                  <Position type="Vector">0, -34.94841, -381.84427</Position>
               </HpTractor_Source>
               <HpShield01>
                  <Orientation type="Matrix">
                       1.0000000000,   0.0000000000,   0.0000000000,
                       0.0000000000,   1.0000000000,   0.0000000000,
                       0.0000000000,   0.0000000000,   1.0000000000
                  </Orientation>
                  <Position type="Vector">0, 0, 0</Position>
               </HpShield01>
               <HpCockpit>
                  <Orientation type="Matrix">
                       1.0000000000,   0.0000000000,   0.0000000000,
                       0.0000000000,   1.0000000000,   0.0000000000,
                       0.0000000000,   0.0000000000,   1.0000000000
                  </Orientation>
                  <Position type="Vector">0, 82.65229, -57.693485</Position>
               </HpCockpit>
               <HpEngine01>
                  <Orientation type="Matrix">
                       1.0000000000,   0.0000000000,   0.0000000000,
                       0.0000000000,   1.0000000000,   0.0000000000,
                       0.0000000000,   0.0000000000,   1.0000000000
                  </Orientation>
                  <Position type="Vector">-91.954071, -33.222496, 165.91922</Position>
               </HpEngine01>
               <HpEngine02>
                  <Orientation type="Matrix">
                       1.0000000000,   0.0000000000,   0.0000000000,
                       0.0000000000,   1.0000000000,   0.0000000000,
                       0.0000000000,   0.0000000000,   1.0000000000
                  </Orientation>
                  <Position type="Vector">92.210854, -32.780647, 165.99011</Position>
               </HpEngine02>
               <HpEngine03>
                  <Orientation type="Matrix">
                       1.0000000000,   0.0000000000,   0.0000000000,
                       0.0000000000,   1.0000000000,   0.0000000000,
                       0.0000000000,   0.0000000000,   1.0000000000
                  </Orientation>
                  <Position type="Vector">0, 23.443264, 308.52121</Position>
               </HpEngine03>
               <HpCloak01>
                  <Orientation type="Matrix">
                       1.0000000000,   0.0000000000,   0.0000000000,
                       0.0000000000,   1.0000000000,   0.0000000000,
                       0.0000000000,   0.0000000000,   1.0000000000
                  </Orientation>
                  <Position type="Vector">0, 0, 0</Position>
               </HpCloak01>
               <HpShield02>
                  <Orientation type="Matrix">
                       1.0000000000,   0.0000000000,   0.0000000000,
                       0.0000000000,   1.0000000000,   0.0000000000,
                       0.0000000000,   0.0000000000,   1.0000000000
                  </Orientation>
                  <Position type="Vector">0, 0, 0</Position>
               </HpShield02>
               <HpShield03>
                  <Orientation type="Matrix">
                       1.0000000000,   0.0000000000,   0.0000000000,
                       0.0000000000,   1.0000000000,   0.0000000000,
                       0.0000000000,   0.0000000000,   1.0000000000
                  </Orientation>
                  <Position type="Vector">0, 0, 0</Position>
               </HpShield03>
               <HpCM01>
                  <Orientation type="Matrix">
                      -1.0000000000, -87.422777e-09,   0.0000000000,
                      87.422777e-09,  -1.0000000000,  -0.0000000000,
                       0.0000000000,   0.0000000000,   1.0000000000
                  </Orientation>
                  <Position type="Vector">0, -82.104897, 265.73743</Position>
               </HpCM01>
               <HpFX01>
                  <Orientation type="Matrix">
                       1.0000000000,   0.0000000000,   0.0000000000,
                       0.0000000000,   1.0000000000,   0.0000000000,
                       0.0000000000,   0.0000000000,   1.0000000000
                  </Orientation>
                  <Position type="Vector">0, 0, 0</Position>
               </HpFX01>
               <HpFX02>
                  <Orientation type="Matrix">
                      59.604645e-09,   0.9999998800,   0.0000000000,
                      -0.9999998800,  59.604645e-09,   0.0000000000,
                       0.0000000000,   0.0000000000,   1.0000000000
                  </Orientation>
                  <Position type="Vector">0, 0, 0</Position>
               </HpFX02>
               <HpFX03>
                  <Orientation type="Matrix">
                       1.0000000000,   0.0000000000,   0.0000000000,
                       0.0000000000,  59.604645e-09,   0.9999998800,
                       0.0000000000,  -0.9999998800,  59.604645e-09
                  </Orientation>
                  <Position type="Vector">0, 0, 0</Position>
               </HpFX03>
               <HpFX04>
                  <Orientation type="Matrix">
                       1.0000000000,   0.0000000000,   0.0000000000,
                       0.0000000000,   1.0000000000,   0.0000000000,
                       0.0000000000,   0.0000000000,   1.0000000000
                  </Orientation>
                  <Position type="Vector">0, 0, 0</Position>
               </HpFX04>
               <HpFX05>
                  <Orientation type="Matrix">
                       1.0000000000,   0.0000000000,   0.0000000000,
                       0.0000000000,   1.0000000000,   0.0000000000,
                       0.0000000000,   0.0000000000,   1.0000000000
                  </Orientation>
                  <Position type="Vector">0, 0, 0</Position>
               </HpFX05>
               <HpFX06>
                  <Orientation type="Matrix">
                       1.0000000000,   0.0000000000,   0.0000000000,
                       0.0000000000,   1.0000000000,   0.0000000000,
                       0.0000000000,   0.0000000000,   1.0000000000
                  </Orientation>
                  <Position type="Vector">0, 0, 0</Position>
               </HpFX06>
               <HpFX07>
                  <Orientation type="Matrix">
                       1.0000000000,   0.0000000000,   0.0000000000,
                       0.0000000000,   1.0000000000,   0.0000000000,
                       0.0000000000,   0.0000000000,   1.0000000000
                  </Orientation>
                  <Position type="Vector">0, 0, 0</Position>
               </HpFX07>
               <HpBayDoor01>
                  <Orientation type="Matrix">
                       1.0000000000,   0.0000000000,   0.0000000000,
                       0.0000000000,   1.0000000000,   0.0000000000,
                       0.0000000000,   0.0000000000,   1.0000000000
                  </Orientation>
                  <Position type="Vector">0, -120, 0</Position>
               </HpBayDoor01>
               <HpBayDoor02>
                  <Orientation type="Matrix">
                       1.0000000000,   0.0000000000,   0.0000000000,
                       0.0000000000,   1.0000000000,   0.0000000000,
                       0.0000000000,   0.0000000000,   1.0000000000
                  </Orientation>
                  <Position type="Vector">0, -130, 0</Position>
               </HpBayDoor02>
            </Fixed>
            <Revolute>
               <HpTorpedo01>
                  <Axis type="Vector">0, 1, 0</Axis>
                  <Max type="float">0.78539819</Max>
                  <Min type="float">-0.78539819</Min>
                  <Orientation type="Matrix">
                      -1.0000000000, -87.422777e-09,   0.0000000000,
                      87.422777e-09,  -1.0000000000,  -0.0000000000,
                       0.0000000000,   0.0000000000,   1.0000000000
                  </Orientation>
                  <Position type="Vector">0, -37.334129, -382.57446</Position>
               </HpTorpedo01>
               <HpTurret01>
                  <Axis type="Vector">0, 1, 0</Axis>
                  <Max type="float">3.1415927</Max>
                  <Min type="float">-3.1415927</Min>
                  <Orientation type="Matrix">
                       1.0000000000,   0.0000000000,   0.0000000000,
                       0.0000000000,   1.0000000000,   0.0000000000,
                       0.0000000000,   0.0000000000,   1.0000000000
                  </Orientation>
                  <Position type="Vector">0, 96.697105, -13.803728</Position>
               </HpTurret01>
               <HpTurret02>
                  <Axis type="Vector">0, 1, 0</Axis>
                  <Max type="float">3.1415927</Max>
                  <Min type="float">-3.1415927</Min>
                  <Orientation type="Matrix">
                      -1.0000000000, -87.422777e-09,   0.0000000000,
                      87.422777e-09,  -1.0000000000,  -0.0000000000,
                       0.0000000000,   0.0000000000,   1.0000000000
                  </Orientation>
                  <Position type="Vector">0, -80.309509, -13.161662</Position>
               </HpTurret02>
               <HpTurret03>
                  <Axis type="Vector">0, 1, 0</Axis>
                  <Max type="float">1.7453293</Max>
                  <Min type="float">-1.5707964</Min>
                  <Orientation type="Matrix">
                       0.9993907800,  -0.0343692970,  -0.0060602343,
                       0.0348994960,   0.9842078100,   0.1735424300,
                     -232.83064e-12,  -0.1736481900,   0.9848077300
                  </Orientation>
                  <Position type="Vector">-18.411465, 23.716852, -255.28754</Position>
               </HpTurret03>
               <HpTurret04>
                  <Axis type="Vector">0, 1, 0</Axis>
                  <Max type="float">1.5707964</Max>
                  <Min type="float">-1.7453293</Min>
                  <Orientation type="Matrix">
                       0.9993907800,   0.0343692970,   0.0060602343,
                      -0.0348994960,   0.9842078100,   0.1735424300,
                      232.83064e-12,  -0.1736481900,   0.9848077300
                  </Orientation>
                  <Position type="Vector">18.592842, 23.662983, -255.5302</Position>
               </HpTurret04>
               <HpTurret05>
                  <Axis type="Vector">0, 1, 0</Axis>
                  <Max type="float">3.1415927</Max>
                  <Min type="float">-3.1415927</Min>
                  <Orientation type="Matrix">
                      -1.0000000000, -87.422777e-09,   0.0000000000,
                      87.422777e-09,  -1.0000000000,  -0.0000000000,
                       0.0000000000,   0.0000000000,   1.0000000000
                  </Orientation>
                  <Position type="Vector">-45.71146, -71.085503, -258.37872</Position>
               </HpTurret05>
               <HpTurret06>
                  <Axis type="Vector">0, 1, 0</Axis>
                  <Max type="float">3.1415927</Max>
                  <Min type="float">-3.1415927</Min>
                  <Orientation type="Matrix">
                      -1.0000000000, -87.422777e-09,   0.0000000000,
                      87.422777e-09,  -1.0000000000,  -0.0000000000,
                       0.0000000000,   0.0000000000,   1.0000000000
                  </Orientation>
                  <Position type="Vector">45.771828, -71.085503, -258.42703</Position>
               </HpTurret06>
               <HpTurret07>
                  <Axis type="Vector">0, 1, 0</Axis>
                  <Max type="float">3.1415927</Max>
                  <Min type="float">-3.1415927</Min>
                  <Orientation type="Matrix">
                      -1.0000000000, -87.422777e-09,   0.0000000000,
                      87.422777e-09,  -1.0000000000,  -0.0000000000,
                       0.0000000000,   0.0000000000,   1.0000000000
                  </Orientation>
                  <Position type="Vector">-85.467712, -74.607658, 99.760864</Position>
               </HpTurret07>
               <HpTurret08>
                  <Axis type="Vector">0, 1, 0</Axis>
                  <Max type="float">3.1415927</Max>
                  <Min type="float">-3.1415927</Min>
                  <Orientation type="Matrix">
                      -1.0000000000, -87.422777e-09,   0.0000000000,
                      87.422777e-09,  -1.0000000000,  -0.0000000000,
                       0.0000000000,   0.0000000000,   1.0000000000
                  </Orientation>
                  <Position type="Vector">85.455147, -74.607658, 99.89257</Position>
               </HpTurret08>
               <HpTurret09>
                  <Axis type="Vector">0, 1, 0</Axis>
                  <Max type="float">1.5707964</Max>
                  <Min type="float">-0.78539819</Min>
                  <Orientation type="Matrix">
                       0.0245702270,  -0.4688280800,   0.8829476200,
                      -0.0462099160,   0.8817375900,   0.4694715100,
                      -0.9986295100,  -0.0523359780,   0.0000000000
                  </Orientation>
                  <Position type="Vector">-41.340019, 49.931591, 163.27553</Position>
               </HpTurret09>
               <HpTurret10>
                  <Axis type="Vector">0, 1, 0</Axis>
                  <Max type="float">0.78539819</Max>
                  <Min type="float">-1.5707964</Min>
                  <Orientation type="Matrix">
                       0.0245702270,   0.4688280800,  -0.8829476200,
                       0.0462099160,   0.8817375900,   0.4694715100,
                       0.9986295100,  -0.0523359780,   0.0000000000
                  </Orientation>
                  <Position type="Vector">41.158562, 50.027809, 163.27606</Position>
               </HpTurret10>
               <HpTurret11>
                  <Axis type="Vector">0, 1, 0</Axis>
                  <Max type="float">1.7453293</Max>
                  <Min type="float">-1.7453293</Min>
                  <Orientation type="Matrix">
                      -1.0000000000, -888.17842e-18,  87.422784e-09,
                      22.626683e-09,   0.9659258100,   0.2588190700,
                     -84.443919e-09,   0.2588190700,  -0.9659259300
                  </Orientation>
                  <Position type="Vector">0.068801001, 72.152115, 352.38641</Position>
               </HpTurret11>
               <HpTurret12>
                  <Axis type="Vector">0, 1, 0</Axis>
                  <Max type="float">3.1415927</Max>
                  <Min type="float">-3.1415927</Min>
                  <Orientation type="Matrix">
                       1.0000000000, -87.422777e-09, -87.422777e-09,
                     -87.422777e-09,  -1.0000000000,  7.6427419e-15,
                     -87.422777e-09,   0.0000000000,  -1.0000000000
                  </Orientation>
                  <Position type="Vector">-0.043364, -83.606453, 236.94327</Position>
               </HpTurret12>
               <HpTurret13>
                  <Axis type="Vector">0, 1, 0</Axis>
                  <Max type="float">1.5707964</Max>
                  <Min type="float">-1.5707964</Min>
                  <Orientation type="Matrix">
                       1.0000000000,   0.0000000000,   0.0000000000,
                       0.0000000000,   0.9612616900,   0.2756373600,
                       0.0000000000,  -0.2756373600,   0.9612616900
                  </Orientation>
                  <Position type="Vector">0, 13.474997, -290.33115</Position>
               </HpTurret13>
               <HpTurret14>
                  <Axis type="Vector">0, 1, 0</Axis>
                  <Max type="float">2.0943952</Max>
                  <Min type="float">-2.0943952</Min>
                  <Orientation type="Matrix">
                      -1.0000000000, -83.144009e-09, -27.015126e-09,
                      87.422784e-09,  -0.9510566000,  -0.3090170300,
                       0.0000000000,  -0.3090170300,   0.9510564800
                  </Orientation>
                  <Position type="Vector">0, -46.184086, -367.12961</Position>
               </HpTurret14>
               <HpTurret15>
                  <Axis type="Vector">0, 1, 0</Axis>
                  <Max type="float">2.0943952</Max>
                  <Min type="float">-0.78539819</Min>
                  <Orientation type="Matrix">
                       0.8987940500,  -0.4359696800,  -0.0458222630,
                       0.4383711500,   0.8938703500,   0.0939495560,
                       0.0000000000,  -0.1045284600,   0.9945218600
                  </Orientation>
                  <Position type="Vector">-90.60778, -65.010201, -230.59351</Position>
               </HpTurret15>
               <HpTurret16>
                  <Axis type="Vector">0, 1, 0</Axis>
                  <Max type="float">0.78539819</Max>
                  <Min type="float">-2.0943952</Min>
                  <Orientation type="Matrix">
                       0.8987940500,   0.4359696800,   0.0458222630,
                      -0.4383711500,   0.8938703500,   0.0939495560,
                       0.0000000000,  -0.1045284600,   0.9945218600
                  </Orientation>
                  <Position type="Vector">90.60778, -65.010201, -230.59351</Position>
               </HpTurret16>
               <HpTurret17>
                  <Axis type="Vector">0, 1, 0</Axis>
                  <Max type="float">2.0943952</Max>
                  <Min type="float">-0.78539819</Min>
                  <Orientation type="Matrix">
                       0.9063077600,  -0.4210101100,  -0.0368336100,
                       0.4226183000,   0.9028589700,   0.0789899230,
                       0.0000000000,  -0.0871557440,   0.9961946600
                  </Orientation>
                  <Position type="Vector">-123.11961, -72.625427, -181.30553</Position>
               </HpTurret17>
               <HpTurret18>
                  <Axis type="Vector">0, 1, 0</Axis>
                  <Max type="float">0.78539819</Max>
                  <Min type="float">-2.0943952</Min>
                  <Orientation type="Matrix">
                       0.9063077600,   0.4210101100,   0.0368336100,
                      -0.4226183000,   0.9028589700,   0.0789899230,
                       0.0000000000,  -0.0871557440,   0.9961946600
                  </Orientation>
                  <Position type="Vector">123.11961, -72.625427, -181.30553</Position>
               </HpTurret18>
               <HpTurret19>
                  <Axis type="Vector">0, 1, 0</Axis>
                  <Max type="float">2.0943952</Max>
                  <Min type="float">-0.78539819</Min>
                  <Orientation type="Matrix">
                       0.9396926200,  -0.3418117500,  -0.0119363290,
                       0.3420201200,   0.9391201700,   0.0327947960,
                      465.66129e-12,  -0.0348994960,   0.9993908400
                  </Orientation>
                  <Position type="Vector">-158.75035, -81.673927, -110.91321</Position>
               </HpTurret19>
               <HpTurret20>
                  <Axis type="Vector">0, 1, 0</Axis>
                  <Max type="float">0.78539819</Max>
                  <Min type="float">-2.0943952</Min>
                  <Orientation type="Matrix">
                       0.9396926200,   0.3418117500,   0.0119363290,
                      -0.3420201200,   0.9391201700,   0.0327947960,
                     -465.66129e-12,  -0.0348994960,   0.9993908400
                  </Orientation>
                  <Position type="Vector">158.75035, -81.673927, -110.91321</Position>
               </HpTurret20>
               <HpTurret21>
                  <Axis type="Vector">0, 1, 0</Axis>
                  <Max type="float">1.5707964</Max>
                  <Min type="float">-1.5707964</Min>
                  <Orientation type="Matrix">
                       0.0409171880,  -0.4676850100,   0.8829475000,
                      -0.0769539770,   0.8795877700,   0.4694715100,
                      -0.9961945400,  -0.0871557150,  59.604645e-09
                  </Orientation>
                  <Position type="Vector">-179.81126, -83.385056, -46.009445</Position>
               </HpTurret21>
               <HpTurret22>
                  <Axis type="Vector">0, 1, 0</Axis>
                  <Max type="float">1.5707964</Max>
                  <Min type="float">-1.5707964</Min>
                  <Orientation type="Matrix">
                       0.0409171880,   0.4676850100,  -0.8829475000,
                       0.0769539770,   0.8795877700,   0.4694715100,
                       0.9961945400,  -0.0871557150,  59.604645e-09
                  </Orientation>
                  <Position type="Vector">179.81126, -83.385056, -46.009445</Position>
               </HpTurret22>
               <HpTurret23>
                  <Axis type="Vector">0, 1, 0</Axis>
                  <Max type="float">1.5707964</Max>
                  <Min type="float">-1.5707964</Min>
                  <Orientation type="Matrix">
                       0.0474683750,  -0.5425665400,   0.8386705500,
                      -0.0730949940,   0.8354791400,   0.5446390500,
                      -0.9961946600,  -0.0871557150, -59.604645e-09
                  </Orientation>
                  <Position type="Vector">-185.02728, -81.297531, -6.5355239</Position>
               </HpTurret23>
               <HpTurret24>
                  <Axis type="Vector">0, 1, 0</Axis>
                  <Max type="float">1.5707964</Max>
                  <Min type="float">-1.5707964</Min>
                  <Orientation type="Matrix">
                       0.0474683750,   0.5425665400,  -0.8386705500,
                       0.0730949940,   0.8354791400,   0.5446390500,
                       0.9961946600,  -0.0871557150, -59.604645e-09
                  </Orientation>
                  <Position type="Vector">183.90625, -80.40432, -5.0533071</Position>
               </HpTurret24>
               <HpTurret25>
                  <Axis type="Vector">0, 1, 0</Axis>
                  <Max type="float">1.5707964</Max>
                  <Min type="float">-0.78539819</Min>
                  <Orientation type="Matrix">
                      44.703484e-09,  -0.5446389900,   0.8386704900,
                     -59.604645e-09,   0.8386706100,   0.5446389900,
                      -0.9999998800,   0.0000000000,  59.604645e-09
                  </Orientation>
                  <Position type="Vector">-187.21428, -79.900673, 24.7188</Position>
               </HpTurret25>
               <HpTurret26>
                  <Axis type="Vector">0, 1, 0</Axis>
                  <Max type="float">0.78539819</Max>
                  <Min type="float">-1.5707964</Min>
                  <Orientation type="Matrix">
                      44.703484e-09,   0.5446389900,  -0.8386704900,
                      59.604645e-09,   0.8386706100,   0.5446389900,
                       0.9999998800,   0.0000000000,  59.604645e-09
                  </Orientation>
                  <Position type="Vector">186.85324, -79.621582, 25.031414</Position>
               </HpTurret26>
               <HpTurret27>
                  <Axis type="Vector">0, 1, 0</Axis>
                  <Max type="float">1.5707964</Max>
                  <Min type="float">-0.78539819</Min>
                  <Orientation type="Matrix">
                      44.703484e-09,  -0.5446389900,   0.8386704900,
                     -59.604645e-09,   0.8386706100,   0.5446389900,
                      -0.9999998800,   0.0000000000,  59.604645e-09
                  </Orientation>
                  <Position type="Vector">-188.38382, -78.517845, 58.031815</Position>
               </HpTurret27>
               <HpTurret28>
                  <Axis type="Vector">0, 1, 0</Axis>
                  <Max type="float">0.78539819</Max>
                  <Min type="float">-1.5707964</Min>
                  <Orientation type="Matrix">
                      44.703484e-09,   0.5446389900,  -0.8386704900,
                      59.604645e-09,   0.8386706100,   0.5446389900,
                       0.9999998800,   0.0000000000,  59.604645e-09
                  </Orientation>
                  <Position type="Vector">188.89694, -78.871605, 58.79092</Position>
               </HpTurret28>
               <HpTurret29>
                  <Axis type="Vector">0, 1, 0</Axis>
                  <Max type="float">1.5707964</Max>
                  <Min type="float">-0.78539819</Min>
                  <Orientation type="Matrix">
                      44.703484e-09,  -0.5446389900,   0.8386704900,
                     -59.604645e-09,   0.8386706100,   0.5446389900,
                      -0.9999998800,   0.0000000000,  59.604645e-09
                  </Orientation>
                  <Position type="Vector">-186.48727, -77.383369, 97.289139</Position>
               </HpTurret29>
               <HpTurret30>
                  <Axis type="Vector">0, 1, 0</Axis>
                  <Max type="float">0.78539819</Max>
                  <Min type="float">-1.5707964</Min>
                  <Orientation type="Matrix">
                      44.703484e-09,   0.5446389900,  -0.8386704900,
                      59.604645e-09,   0.8386706100,   0.5446389900,
                       0.9999998800,   0.0000000000,  59.604645e-09
                  </Orientation>
                  <Position type="Vector">185.34604, -76.512428, 97.858955</Position>
               </HpTurret30>
               <HpTurret31>
                  <Axis type="Vector">0, 1, 0</Axis>
                  <Max type="float">0.78539819</Max>
                  <Min type="float">-0.78539819</Min>
                  <Orientation type="Matrix">
                       0.1050353100,  -0.7473647600,   0.6560590300,
                      -0.0913057630,   0.6496743600,   0.7547094800,
                      -0.9902679900,  -0.1391730900,  59.604645e-09
                  </Orientation>
                  <Position type="Vector">-34.311184, 88.56665, -24.658846</Position>
               </HpTurret31>
               <HpTurret32>
                  <Axis type="Vector">0, 1, 0</Axis>
                  <Max type="float">0.78539819</Max>
                  <Min type="float">-0.78539819</Min>
                  <Orientation type="Matrix">
                       0.1050353100,   0.7473647600,  -0.6560590300,
                       0.0913057630,   0.6496743600,   0.7547094800,
                       0.9902679900,  -0.1391730900,  59.604645e-09
                  </Orientation>
                  <Position type="Vector">34.11644, 89.049644, -23.597385</Position>
               </HpTurret32>
               <HpTurret33>
                  <Axis type="Vector">0, 1, 0</Axis>
                  <Max type="float">1.5707964</Max>
                  <Min type="float">-1.5707964</Min>
                  <Orientation type="Matrix">
                      -1.0000000000,   0.0000000000,  87.422777e-09,
                       0.0000000000,   1.0000000000,  -0.0000000000,
                     -87.422777e-09,   0.0000000000,  -1.0000000000
                  </Orientation>
                  <Position type="Vector">0, 88.598885, 218.41811</Position>
               </HpTurret33>
               <HpTurret34>
                  <Axis type="Vector">0, 1, 0</Axis>
                  <Max type="float">1.5707964</Max>
                  <Min type="float">-1.5707964</Min>
                  <Orientation type="Matrix">
                       1.0000000000, -87.422777e-09, -87.422777e-09,
                     -87.422777e-09,  -1.0000000000,  7.6427419e-15,
                     -87.422777e-09,   0.0000000000,  -1.0000000000
                  </Orientation>
                  <Position type="Vector">0, -81.994133, 253.62199</Position>
               </HpTurret34>
               <HpTurret35>
                  <Axis type="Vector">0, 1, 0</Axis>
                  <Max type="float">2.0943952</Max>
                  <Min type="float">-2.0943952</Min>
                  <Orientation type="Matrix">
                       1.0000000000, -87.422777e-09, -87.422777e-09,
                     -87.422777e-09,  -1.0000000000,  7.6427419e-15,
                     -87.422777e-09,   0.0000000000,  -1.0000000000
                  </Orientation>
                  <Position type="Vector">-17.387569, -82.290405, 253.70944</Position>
               </HpTurret35>
               <HpTurret36>
                  <Axis type="Vector">0, 1, 0</Axis>
                  <Max type="float">2.0943952</Max>
                  <Min type="float">-2.0943952</Min>
                  <Orientation type="Matrix">
                       1.0000000000, -87.422777e-09, -87.422777e-09,
                     -87.422777e-09,  -1.0000000000,  7.6427419e-15,
                     -87.422777e-09,   0.0000000000,  -1.0000000000
                  </Orientation>
                  <Position type="Vector">16.508413, -82.252625, 253.11023</Position>
               </HpTurret36>
               <HpTurret37>
                  <Axis type="Vector">0, 1, 0</Axis>
                  <Max type="float">1.5707964</Max>
                  <Min type="float">-1.5707964</Min>
                  <Orientation type="Matrix">
                      -0.6427875800,  -0.7631294100,  -0.0667651150,
                      -0.7660444400,   0.6403415800,   0.0560226890,
                     -85.681677e-09,   0.0871557300,  -0.9961946600
                  </Orientation>
                  <Position type="Vector">-24.262444, 47.035316, 358.64853</Position>
               </HpTurret37>
               <HpTurret38>
                  <Axis type="Vector">0, 1, 0</Axis>
                  <Max type="float">1.5707964</Max>
                  <Min type="float">-1.5707964</Min>
                  <Orientation type="Matrix">
                      -0.6427875800,   0.7631294100,   0.0667652190,
                       0.7660444400,   0.6403415800,   0.0560225550,
                     -85.681677e-09,   0.0871557300,  -0.9961946600
                  </Orientation>
                  <Position type="Vector">24.336624, 46.893738, 358.88629</Position>
               </HpTurret38>
               <HpTurret39>
                  <Axis type="Vector">0, 1, 0</Axis>
                  <Max type="float">0.52359879</Max>
                  <Min type="float">-1.5707964</Min>
                  <Orientation type="Matrix">
                      -0.7660444400,  -0.6423959700,  -0.0224328950,
                      -0.6427875800,   0.7655777900,   0.0267346220,
                     -87.544322e-09,   0.0348994960,  -0.9993907800
                  </Orientation>
                  <Position type="Vector">-127.98831, -40.618645, 177.1989</Position>
               </HpTurret39>
               <HpTurret40>
                  <Axis type="Vector">0, 1, 0</Axis>
                  <Max type="float">1.5707964</Max>
                  <Min type="float">-0.52359879</Min>
                  <Orientation type="Matrix">
                      -0.7660444400,   0.6423959700,  -0.0224328950,
                       0.6427875800,   0.7655777900,  -0.0267346220,
                     -87.544322e-09,  -0.0348994960,  -0.9993907800
                  </Orientation>
                  <Position type="Vector">127.02351, -39.790115, 176.72202</Position>
               </HpTurret40>
               <HpTurret41>
                  <Axis type="Vector">0, 1, 0</Axis>
                  <Max type="float">1.5707964</Max>
                  <Min type="float">-1.5707964</Min>
                  <Orientation type="Matrix">
                       0.0557871680,  -0.2870000000,   0.9563046700,
                      -0.1824715400,   0.9387347100,   0.2923716600,
                      -0.9816271100,  -0.1908089700,   0.0000000000
                  </Orientation>
                  <Position type="Vector">-150.21323, -26.724361, -73.75193</Position>
               </HpTurret41>
               <HpTurret42>
                  <Axis type="Vector">0, 1, 0</Axis>
                  <Max type="float">1.5707964</Max>
                  <Min type="float">-1.5707964</Min>
                  <Orientation type="Matrix">
                       0.0557871680,   0.2870000000,  -0.9563046700,
                       0.1824715400,   0.9387347100,   0.2923716600,
                       0.9816271100,  -0.1908089700,   0.0000000000
                  </Orientation>
                  <Position type="Vector">150.80807, -26.660049, -72.496948</Position>
               </HpTurret42>
               <HpTurret43>
                  <Axis type="Vector">0, 1, 0</Axis>
                  <Max type="float">1.5707964</Max>
                  <Min type="float">-1.5707964</Min>
                  <Orientation type="Matrix">
                      -0.0368335840,   0.4210101400,   0.9063078200,
                       0.0789899380,  -0.9028590300,   0.4226183000,
                       0.9961947200,   0.0871557300, -96.857548e-09
                  </Orientation>
                  <Position type="Vector">-188.94539, -90.746559, 58.27684</Position>
               </HpTurret43>
               <HpTurret44>
                  <Axis type="Vector">0, 1, 0</Axis>
                  <Max type="float">1.5707964</Max>
                  <Min type="float">-1.5707964</Min>
                  <Orientation type="Matrix">
                      -0.0368335840,  -0.4210101400,  -0.9063078200,
                      -0.0789899380,  -0.9028590300,   0.4226183000,
                      -0.9961947200,   0.0871557300, -96.857548e-09
                  </Orientation>
                  <Position type="Vector">188.94539, -90.746559, 58.27684</Position>
               </HpTurret44>
               <HpTurret45>
                  <Axis type="Vector">0, 1, 0</Axis>
                  <Max type="float">3.1415927</Max>
                  <Min type="float">-3.1415927</Min>
                  <Orientation type="Matrix">
                      -0.0441755800,  -0.4203030800,   0.9063077000,
                       0.0947349370,   0.9013429900,   0.4226182100,
                      -0.9945217400,   0.1045284300,  59.604645e-09
                  </Orientation>
                  <Position type="Vector">-28.557194, 91.285835, -1.787913</Position>
               </HpTurret45>
               <HpTurret46>
                  <Axis type="Vector">0, 1, 0</Axis>
                  <Max type="float">3.1415927</Max>
                  <Min type="float">-3.1415927</Min>
                  <Orientation type="Matrix">
                      -0.0441755800,   0.4203030800,  -0.9063077000,
                      -0.0947349370,   0.9013429900,   0.4226182100,
                       0.9945217400,   0.1045284300,  59.604645e-09
                  </Orientation>
                  <Position type="Vector">28.260612, 91.415756, -1.6080739</Position>
               </HpTurret46>
            </Revolute>
         </Hardpoints>
         <MultiLevel>
            <Level0>
               <VMeshPart>
                  <VMeshRef type="VMeshRef">
                     <!-- header size  --> 60,
                     <!-- vmesh lib    --> CruiserE1_model.lod0.vms,
                     <!-- start vert   --> 0,
                     <!-- num verts    --> 6918,
                     <!-- start index  --> 0,
                     <!-- num indices  --> 31266,
                     <!-- start mesh   --> 0,
                     <!-- num meshes   --> 4,
                     <!-- bounding box -->  202.13206,  96.697105,  382.90622,
                                           -202.13206, -96.697105, -382.90622,
                     <!-- center       -->    0,         0,           0,
                     <!-- radius       --> 554.56189
                  </VMeshRef>
               </VMeshPart>
            </Level0>
         </MultiLevel>
      </CruiserE1_model.3db>
   </UTF_ROOT>
</UTFXML>
