<?xml version="1.0" encoding="ISO-8859-1"?>
<!-- XML generated by UTFXML Version 2.2 built 19-Aug-2010 -->
<UTFXML filename="Uroboros.cmp" path="SHIPS\new\private">
   <UTF_ROOT>
      <VMeshLibrary>
         <Uroboros.lod0.vms include="Uroboros_cmp\lod0.vms.xml"/>
      </VMeshLibrary>
      <Cmpnd>
         <Root>
            <File_name name="File name" type="text">Uroboros.3db</File_name>
            <Index type="int">0</Index>
            <Object_name name="Object name" type="text">Root</Object_name>
         </Root>
      </Cmpnd>
      <Uroboros.3db>
         <Hardpoints>
            <Fixed>
               <HpCockpit>
                  <Orientation type="Matrix">
                       1.0000000000,   0.0000000000,   0.0000000000,
                       0.0000000000,   1.0000000000,   0.0000000000,
                       0.0000000000,   0.0000000000,   1.0000000000
                  </Orientation>
                  <Position type="Vector">-0.46877998, 24.468582, 9.6884079</Position>
               </HpCockpit>
               <HpMount>
                  <Orientation type="Matrix">
                       1.0000000000,   0.0000000000,   0.0000000000,
                       0.0000000000,   1.0000000000,   0.0000000000,
                       0.0000000000,   0.0000000000,   1.0000000000
                  </Orientation>
                  <Position type="Vector">0, -39, -123.49999</Position>
               </HpMount>
               <HpEngine01>
                  <Orientation type="Matrix">
                       1.0000000000,   0.0000000000,   0.0000000000,
                       0.0000000000,   1.0000000000,   0.0000000000,
                       0.0000000000,   0.0000000000,   1.0000000000
                  </Orientation>
                  <Position type="Vector">-64.455872, -0.06197815, 177.42661</Position>
               </HpEngine01>
               <HpEngine02>
                  <Orientation type="Matrix">
                       1.0000000000,   0.0000000000,   0.0000000000,
                       0.0000000000,   1.0000000000,   0.0000000000,
                       0.0000000000,   0.0000000000,   1.0000000000
                  </Orientation>
                  <Position type="Vector">-29.61754, -0.37879011, 189.86801</Position>
               </HpEngine02>
               <HpEngine03>
                  <Orientation type="Matrix">
                       1.0000000000,   0.0000000000,   0.0000000000,
                       0.0000000000,   1.0000000000,   0.0000000000,
                       0.0000000000,   0.0000000000,   1.0000000000
                  </Orientation>
                  <Position type="Vector">63.711601, 0.0116688, 177.42661</Position>
               </HpEngine03>
               <HpEngine04>
                  <Orientation type="Matrix">
                       1.0000000000,   0.0000000000,   0.0000000000,
                       0.0000000000,   1.0000000000,   0.0000000000,
                       0.0000000000,   0.0000000000,   1.0000000000
                  </Orientation>
                  <Position type="Vector">28.857162, -0.26913249, 189.86801</Position>
               </HpEngine04>
               <HpTractor_Source>
                  <Orientation type="Matrix">
                       1.0000000000,   0.0000000000,   0.0000000000,
                       0.0000000000,   1.0000000000,   0.0000000000,
                       0.0000000000,   0.0000000000,   1.0000000000
                  </Orientation>
                  <Position type="Vector">-0.47763884, -5.2459774, -326.81015</Position>
               </HpTractor_Source>
               <HpCM01>
                  <Orientation type="Matrix">
                       1.0000000000,   0.0000000000,   0.0000000000,
                       0.0000000000,  59.604645e-09,   0.9999998800,
                       0.0000000000,  -0.9999998800,  59.604645e-09
                  </Orientation>
                  <Position type="Vector">-0.55785501, 10.643883, 277.5011</Position>
               </HpCM01>
               <HpShield01>
                  <Orientation type="Matrix">
                       1.0000000000,   0.0000000000,   0.0000000000,
                       0.0000000000,   1.0000000000,   0.0000000000,
                       0.0000000000,   0.0000000000,   1.0000000000
                  </Orientation>
                  <Position type="Vector">0, 0, 0</Position>
               </HpShield01>
               <HpCloak01>
                  <Orientation type="Matrix">
                       1.0000000000,   0.0000000000,   0.0000000000,
                       0.0000000000,   1.0000000000,   0.0000000000,
                       0.0000000000,   0.0000000000,   1.0000000000
                  </Orientation>
                  <Position type="Vector">0, 0, 0</Position>
               </HpCloak01>
               <HpRunningLight01>
                  <Orientation type="Matrix">
                       1.0000000000,   0.0000000000,   0.0000000000,
                       0.0000000000,   1.0000000000,   0.0000000000,
                       0.0000000000,   0.0000000000,   1.0000000000
                  </Orientation>
                  <Position type="Vector">-39.951519, 26.939415, 38.469719</Position>
               </HpRunningLight01>
               <HpRunningLight02>
                  <Orientation type="Matrix">
                       1.0000000000,   0.0000000000,   0.0000000000,
                       0.0000000000,   1.0000000000,   0.0000000000,
                       0.0000000000,   0.0000000000,   1.0000000000
                  </Orientation>
                  <Position type="Vector">-29.550035, 29.348282, 38.279335</Position>
               </HpRunningLight02>
               <HpRunningLight03>
                  <Orientation type="Matrix">
                       1.0000000000,   0.0000000000,   0.0000000000,
                       0.0000000000,   1.0000000000,   0.0000000000,
                       0.0000000000,   0.0000000000,   1.0000000000
                  </Orientation>
                  <Position type="Vector">38.996727, 26.903839, 38.478027</Position>
               </HpRunningLight03>
               <HpRunningLight04>
                  <Orientation type="Matrix">
                       1.0000000000,   0.0000000000,   0.0000000000,
                       0.0000000000,   1.0000000000,   0.0000000000,
                       0.0000000000,   0.0000000000,   1.0000000000
                  </Orientation>
                  <Position type="Vector">28.575672, 29.318611, 38.238018</Position>
               </HpRunningLight04>
               <HpRunningLight05>
                  <Orientation type="Matrix">
                      -1.0000000000, -87.422777e-09,   0.0000000000,
                      87.422777e-09,  -1.0000000000,  -0.0000000000,
                       0.0000000000,   0.0000000000,   1.0000000000
                  </Orientation>
                  <Position type="Vector">-4.0260062, -31.160841, -2.2287016</Position>
               </HpRunningLight05>
               <HpRunningLight06>
                  <Orientation type="Matrix">
                      -1.0000000000, -87.422777e-09,   0.0000000000,
                      87.422777e-09,  -1.0000000000,  -0.0000000000,
                       0.0000000000,   0.0000000000,   1.0000000000
                  </Orientation>
                  <Position type="Vector">6.8517251, -31.534113, -2.3286197</Position>
               </HpRunningLight06>
               <HpShield02>
                  <Orientation type="Matrix">
                       1.0000000000,   0.0000000000,   0.0000000000,
                       0.0000000000,   1.0000000000,   0.0000000000,
                       0.0000000000,   0.0000000000,   1.0000000000
                  </Orientation>
                  <Position type="Vector">0, 0, 0</Position>
               </HpShield02>
               <HpShield03>
                  <Orientation type="Matrix">
                       1.0000000000,   0.0000000000,   0.0000000000,
                       0.0000000000,   1.0000000000,   0.0000000000,
                       0.0000000000,   0.0000000000,   1.0000000000
                  </Orientation>
                  <Position type="Vector">0, 0, 0</Position>
               </HpShield03>
               <HpFX01>
                  <Orientation type="Matrix">
                       1.0000000000,   0.0000000000,   0.0000000000,
                       0.0000000000,   1.0000000000,   0.0000000000,
                       0.0000000000,   0.0000000000,   1.0000000000
                  </Orientation>
                  <Position type="Vector">0, 0, 0</Position>
               </HpFX01>
               <HpFX02>
                  <Orientation type="Matrix">
                       1.0000000000,   0.0000000000,   0.0000000000,
                       0.0000000000,   1.0000000000,   0.0000000000,
                       0.0000000000,   0.0000000000,   1.0000000000
                  </Orientation>
                  <Position type="Vector">0, 0, 0</Position>
               </HpFX02>
               <HpBayDoor01>
                  <Orientation type="Matrix">
                       1.0000000000,   0.0000000000,   0.0000000000,
                       0.0000000000,   1.0000000000,   0.0000000000,
                       0.0000000000,   0.0000000000,   1.0000000000
                  </Orientation>
                  <Position type="Vector">0, -58.5, 0</Position>
               </HpBayDoor01>
               <HpBayDoor02>
                  <Orientation type="Matrix">
                       1.0000000000,   0.0000000000,   0.0000000000,
                       0.0000000000,   1.0000000000,   0.0000000000,
                       0.0000000000,   0.0000000000,   1.0000000000
                  </Orientation>
                  <Position type="Vector">0, -64.35, 0</Position>
               </HpBayDoor02>
               <HpDocklight01>
                  <Orientation type="Matrix">
                       1.0000000000,   0.0000000000,   0.0000000000,
                       0.0000000000,   1.0000000000,   0.0000000000,
                       0.0000000000,   0.0000000000,   1.0000000000
                  </Orientation>
                  <Position type="Vector">-6.6681828, 37.708038, 202.14723</Position>
               </HpDocklight01>
               <HpDocklight02>
                  <Orientation type="Matrix">
                       1.0000000000,   0.0000000000,   0.0000000000,
                       0.0000000000,   1.0000000000,   0.0000000000,
                       0.0000000000,   0.0000000000,   1.0000000000
                  </Orientation>
                  <Position type="Vector">5.7105923, 37.717373, 202.15375</Position>
               </HpDocklight02>
               <HpFX03>
                  <Orientation type="Matrix">
                      59.604645e-09,   0.9999998800,   0.0000000000,
                      -0.9999998800,  59.604645e-09,   0.0000000000,
                       0.0000000000,   0.0000000000,   1.0000000000
                  </Orientation>
                  <Position type="Vector">0, 0, 0</Position>
               </HpFX03>
               <HpFX04>
                  <Orientation type="Matrix">
                       1.0000000000,   0.0000000000,   0.0000000000,
                       0.0000000000,  59.604645e-09,   0.9999998800,
                       0.0000000000,  -0.9999998800,  59.604645e-09
                  </Orientation>
                  <Position type="Vector">0, 0, 0</Position>
               </HpFX04>
               <HpFX05>
                  <Orientation type="Matrix">
                       1.0000000000,   0.0000000000,   0.0000000000,
                       0.0000000000,   1.0000000000,   0.0000000000,
                       0.0000000000,   0.0000000000,   1.0000000000
                  </Orientation>
                  <Position type="Vector">0, 0, 0</Position>
               </HpFX05>
               <HpFX06>
                  <Orientation type="Matrix">
                       1.0000000000,   0.0000000000,   0.0000000000,
                       0.0000000000,   1.0000000000,   0.0000000000,
                       0.0000000000,   0.0000000000,   1.0000000000
                  </Orientation>
                  <Position type="Vector">0, 0, 0</Position>
               </HpFX06>
               <HpFX07>
                  <Orientation type="Matrix">
                       1.0000000000,   0.0000000000,   0.0000000000,
                       0.0000000000,   1.0000000000,   0.0000000000,
                       0.0000000000,   0.0000000000,   1.0000000000
                  </Orientation>
                  <Position type="Vector">0, 0, 0</Position>
               </HpFX07>
            </Fixed>
            <Revolute>
               <HpTorpedo01>
                  <Axis type="Vector">0, 1, 0</Axis>
                  <Max type="float">0.78539819</Max>
                  <Min type="float">-0.78539819</Min>
                  <Orientation type="Matrix">
                       1.0000000000,   0.0000000000,   0.0000000000,
                       0.0000000000,   1.0000000000,   0.0000000000,
                       0.0000000000,   0.0000000000,   1.0000000000
                  </Orientation>
                  <Position type="Vector">-0.455, -4.1474276, -321.06342</Position>
               </HpTorpedo01>
               <HpTurret01>
                  <Axis type="Vector">0, 1, 0</Axis>
                  <Max type="float">3.1415927</Max>
                  <Min type="float">-3.1415927</Min>
                  <Orientation type="Matrix">
                       1.0000000000, -87.264340e-09, -82.161890e-09,
                     -82.161890e-09,  -0.9981876600,   0.0601774830,
                     -87.264340e-09,  -0.0601774830,  -0.9981876600
                  </Orientation>
                  <Position type="Vector">0.27303186, -43.811466, 123.1916</Position>
               </HpTurret01>
               <HpTurret02>
                  <Axis type="Vector">0, 1, 0</Axis>
                  <Max type="float">3.1415927</Max>
                  <Min type="float">-3.1415927</Min>
                  <Orientation type="Matrix">
                       0.9659258100,  -0.2585526700,  -0.0117408060,
                       0.2588191000,   0.9649314300,   0.0438172820,
                     -465.66129e-12,  -0.0453629870,   0.9989705700
                  </Orientation>
                  <Position type="Vector">-36.034073, 38.843895, 163.41611</Position>
               </HpTurret02>
               <HpTurret03>
                  <Axis type="Vector">0, 1, 0</Axis>
                  <Max type="float">3.1415927</Max>
                  <Min type="float">-3.1415927</Min>
                  <Orientation type="Matrix">
                       0.9659258100,   0.2585526700,   0.0117408060,
                      -0.2588191000,   0.9649314300,   0.0438172820,
                      465.66129e-12,  -0.0453629870,   0.9989705700
                  </Orientation>
                  <Position type="Vector">34.540279, 38.99551, 163.66615</Position>
               </HpTurret03>
               <HpTurret04>
                  <Axis type="Vector">0, 1, 0</Axis>
                  <Max type="float">1.5707964</Max>
                  <Min type="float">-3.1415927</Min>
                  <Orientation type="Matrix">
                       0.0099860243,  -0.1905474800,   0.9816271700,
                      -0.0513744210,   0.9802818900,   0.1908089800,
                      -0.9986295100,  -0.0523359550, -178.81393e-09
                  </Orientation>
                  <Position type="Vector">-73.792885, 6.8891578, -46.896935</Position>
               </HpTurret04>
               <HpTurret05>
                  <Axis type="Vector">0, 1, 0</Axis>
                  <Max type="float">3.1415927</Max>
                  <Min type="float">-1.5707964</Min>
                  <Orientation type="Matrix">
                       0.0099860243,   0.1905474800,  -0.9816271700,
                       0.0513744210,   0.9802818900,   0.1908089800,
                       0.9986295100,  -0.0523359550, -178.81393e-09
                  </Orientation>
                  <Position type="Vector">72.944862, 6.9126744, -46.382938</Position>
               </HpTurret05>
               <HpTurret06>
                  <Axis type="Vector">0, 1, 0</Axis>
                  <Max type="float">3.1415927</Max>
                  <Min type="float">-1.5707964</Min>
                  <Orientation type="Matrix">
                      -0.0108811260,  -0.2076266600,   0.9781475100,
                      -0.0511922990,  -0.9768069400,  -0.2079116000,
                       0.9986294500,  -0.0523359630,  16.763806e-09
                  </Orientation>
                  <Position type="Vector">-73.202065, -6.6358232, -47.392284</Position>
               </HpTurret06>
               <HpTurret07>
                  <Axis type="Vector">0, 1, 0</Axis>
                  <Max type="float">1.5707964</Max>
                  <Min type="float">-3.1415927</Min>
                  <Orientation type="Matrix">
                      -0.0108811260,   0.2076266600,  -0.9781475100,
                       0.0511922990,  -0.9768069400,  -0.2079116000,
                      -0.9986294500,  -0.0523359630,  16.763806e-09
                  </Orientation>
                  <Position type="Vector">72.407799, -6.6393909, -47.066536</Position>
               </HpTurret07>
               <HpTurret08>
                  <Axis type="Vector">0, 1, 0</Axis>
                  <Max type="float">2.0943952</Max>
                  <Min type="float">-1.5707964</Min>
                  <Orientation type="Matrix">
                       0.9781475700,  -0.2075875100,  -0.0116059440,
                       0.2079117000,   0.9766224000,   0.0546016770,
                       0.0000000000,  -0.0558215080,   0.9984407400
                  </Orientation>
                  <Position type="Vector">-52.033138, 10.537347, -60.674015</Position>
               </HpTurret08>
               <HpTurret09>
                  <Axis type="Vector">0, 1, 0</Axis>
                  <Max type="float">1.5707964</Max>
                  <Min type="float">-2.0943952</Min>
                  <Orientation type="Matrix">
                       0.9781475700,   0.2075875100,   0.0116059440,
                      -0.2079117000,   0.9766224000,   0.0546016770,
                       0.0000000000,  -0.0558215080,   0.9984407400
                  </Orientation>
                  <Position type="Vector">49.142639, 10.951569, -60.634209</Position>
               </HpTurret09>
               <HpTurret10>
                  <Axis type="Vector">0, 1, 0</Axis>
                  <Max type="float">3.1415927</Max>
                  <Min type="float">-3.1415927</Min>
                  <Orientation type="Matrix">
                      -0.9781475700,  -0.2076266700,   0.0108812540,
                       0.2079116100,  -0.9768070600,   0.0511922950,
                     -465.66129e-12,   0.0523359590,   0.9986295700
                  </Orientation>
                  <Position type="Vector">-49.407627, -10.837592, -60.725384</Position>
               </HpTurret10>
               <HpTurret11>
                  <Axis type="Vector">0, 1, 0</Axis>
                  <Max type="float">3.1415927</Max>
                  <Min type="float">-3.1415927</Min>
                  <Orientation type="Matrix">
                      -0.9781475700,   0.2076266700,  -0.0108812540,
                      -0.2079116100,  -0.9768070600,   0.0511922950,
                      465.66129e-12,   0.0523359590,   0.9986295700
                  </Orientation>
                  <Position type="Vector">51.844582, -10.104867, -60.756847</Position>
               </HpTurret11>
               <HpTurret12>
                  <Axis type="Vector">0, 1, 0</Axis>
                  <Max type="float">1.9198622</Max>
                  <Min type="float">-1.5707964</Min>
                  <Orientation type="Matrix">
                       0.9816272300,  -0.1905475000,  -0.0099861715,
                       0.1908089800,   0.9802819500,   0.0513744020,
                     -465.66129e-12,  -0.0523359590,   0.9986295700
                  </Orientation>
                  <Position type="Vector">-21.383503, 17.378885, -57.518349</Position>
               </HpTurret12>
               <HpTurret13>
                  <Axis type="Vector">0, 1, 0</Axis>
                  <Max type="float">1.5707964</Max>
                  <Min type="float">-1.9198622</Min>
                  <Orientation type="Matrix">
                       0.9816272300,   0.1905475000,   0.0099861715,
                      -0.1908089800,   0.9802819500,   0.0513744020,
                      465.66129e-12,  -0.0523359590,   0.9986295700
                  </Orientation>
                  <Position type="Vector">21.290361, 17.20788, -57.53791</Position>
               </HpTurret13>
               <HpTurret14>
                  <Axis type="Vector">0, 1, 0</Axis>
                  <Max type="float">3.1415927</Max>
                  <Min type="float">-3.1415927</Min>
                  <Orientation type="Matrix">
                      -0.9781478000,  -0.2077849500,   0.0072560105,
                       0.2079116100,  -0.9775519400,   0.0341368620,
                      232.83064e-12,   0.0348994960,   0.9993907800
                  </Orientation>
                  <Position type="Vector">-24.04862, -16.526985, -60.782566</Position>
               </HpTurret14>
               <HpTurret15>
                  <Axis type="Vector">0, 1, 0</Axis>
                  <Max type="float">3.1415927</Max>
                  <Min type="float">-3.1415927</Min>
                  <Orientation type="Matrix">
                      -0.9781478000,   0.2077849500,  -0.0072560105,
                      -0.2079116100,  -0.9775519400,   0.0341368620,
                     -232.83064e-12,   0.0348994960,   0.9993907800
                  </Orientation>
                  <Position type="Vector">24.663847, -16.185181, -60.749443</Position>
               </HpTurret15>
               <HpTurret16>
                  <Axis type="Vector">0, 1, 0</Axis>
                  <Max type="float">3.1415927</Max>
                  <Min type="float">-3.1415927</Min>
                  <Orientation type="Matrix">
                      -1.0000000000, -87.209820e-09, -6.0983045e-09,
                      87.422784e-09,  -0.9975640800,  -0.0697564710,
                       0.0000000000,  -0.0697564710,   0.9975640800
                  </Orientation>
                  <Position type="Vector">-0.45557329, -18.611706, -97.817284</Position>
               </HpTurret16>
               <HpTurret17>
                  <Axis type="Vector">0, 1, 0</Axis>
                  <Max type="float">3.1415927</Max>
                  <Min type="float">-3.1415927</Min>
                  <Orientation type="Matrix">
                       0.0102036710,  -0.2921935300,   0.9563046100,
                      -0.0333745630,   0.9557222100,   0.2923716600,
                      -0.9993906600,  -0.0348995030,  59.604645e-09
                  </Orientation>
                  <Position type="Vector">-44.707432, 36.481262, 150.34682</Position>
               </HpTurret17>
               <HpTurret18>
                  <Axis type="Vector">0, 1, 0</Axis>
                  <Max type="float">3.1415927</Max>
                  <Min type="float">-3.1415927</Min>
                  <Orientation type="Matrix">
                       0.0102036710,   0.2921935300,  -0.9563046100,
                       0.0333745630,   0.9557222100,   0.2923716600,
                       0.9993906600,  -0.0348995030,  59.604645e-09
                  </Orientation>
                  <Position type="Vector">43.611839, 36.546097, 150.52872</Position>
               </HpTurret18>
               <HpTurret19>
                  <Axis type="Vector">0, 1, 0</Axis>
                  <Max type="float">1.5707964</Max>
                  <Min type="float">-0.78539819</Min>
                  <Orientation type="Matrix">
                       0.9848077300,  -0.1736481800,  -0.0000000000,
                       0.1736481800,   0.9848077300,   0.0000000000,
                       0.0000000000,  -0.0000000000,   1.0000000000
                  </Orientation>
                  <Position type="Vector">-19.562115, 20.613436, -5.4908872</Position>
               </HpTurret19>
               <HpTurret20>
                  <Axis type="Vector">0, 1, 0</Axis>
                  <Max type="float">0.78539819</Max>
                  <Min type="float">-1.5707964</Min>
                  <Orientation type="Matrix">
                       0.9848077300,   0.1736481800,   0.0000000000,
                      -0.1736481800,   0.9848077300,   0.0000000000,
                       0.0000000000,   0.0000000000,   1.0000000000
                  </Orientation>
                  <Position type="Vector">19.242531, 20.48361, -5.5201278</Position>
               </HpTurret20>
               <HpTurret21>
                  <Axis type="Vector">0, 1, 0</Axis>
                  <Max type="float">0.78539819</Max>
                  <Min type="float">-1.5707964</Min>
                  <Orientation type="Matrix">
                      -0.9848078500,  -0.1736483000,  -0.0000000000,
                       0.1736483000,  -0.9848078500,   0.0000000000,
                       0.0000000000,  -0.0000000000,   1.0000000000
                  </Orientation>
                  <Position type="Vector">-21.322132, -13.674908, -118.55614</Position>
               </HpTurret21>
               <HpTurret22>
                  <Axis type="Vector">0, 1, 0</Axis>
                  <Max type="float">1.5707964</Max>
                  <Min type="float">-0.78539819</Min>
                  <Orientation type="Matrix">
                      -0.9848078500,   0.1736483000,   0.0000000000,
                      -0.1736483000,  -0.9848078500,   0.0000000000,
                       0.0000000000,   0.0000000000,   1.0000000000
                  </Orientation>
                  <Position type="Vector">21.21895, -13.497405, -118.45924</Position>
               </HpTurret22>
               <HpTurret23>
                  <Axis type="Vector">0, 1, 0</Axis>
                  <Max type="float">1.5707964</Max>
                  <Min type="float">-0.78539819</Min>
                  <Orientation type="Matrix">
                     -10.244548e-09,  -0.2079116700,   0.9781475700,
                     -14.901161e-09,   0.9781476300,   0.2079116700,
                      -1.0000000000,   0.0000000000,   0.0000000000
                  </Orientation>
                  <Position type="Vector">-64.631584, 19.165672, 162.5542</Position>
               </HpTurret23>
               <HpTurret24>
                  <Axis type="Vector">0, 1, 0</Axis>
                  <Max type="float">0.78539819</Max>
                  <Min type="float">-1.5707964</Min>
                  <Orientation type="Matrix">
                     -10.244548e-09,   0.2079116700,  -0.9781475700,
                      14.901161e-09,   0.9781476300,   0.2079116700,
                       1.0000000000,   0.0000000000,   0.0000000000
                  </Orientation>
                  <Position type="Vector">64.542389, 18.961136, 162.96425</Position>
               </HpTurret24>
               <HpTurret25>
                  <Axis type="Vector">0, 1, 0</Axis>
                  <Max type="float">1.5707964</Max>
                  <Min type="float">-0.78539819</Min>
                  <Orientation type="Matrix">
                       0.9743700000,  -0.2246428400,   0.0117729470,
                      -0.2249511200,  -0.9730349200,   0.0509946120,
                     -87.078661e-09,  -0.0523359630,  -0.9986297500
                  </Orientation>
                  <Position type="Vector">-73.567825, -15.062548, 143.71475</Position>
               </HpTurret25>
               <HpTurret26>
                  <Axis type="Vector">0, 1, 0</Axis>
                  <Max type="float">0.78539819</Max>
                  <Min type="float">-1.5707964</Min>
                  <Orientation type="Matrix">
                       0.9743700000,   0.2246428300,  -0.0117731180,
                       0.2249511300,  -0.9730349200,   0.0509945710,
                     -87.544322e-09,  -0.0523359590,  -0.9986297500
                  </Orientation>
                  <Position type="Vector">73.300896, -14.825964, 143.91216</Position>
               </HpTurret26>
               <HpTurret27>
                  <Axis type="Vector">0, 1, 0</Axis>
                  <Max type="float">0.78539819</Max>
                  <Min type="float">-0.78539819</Min>
                  <Orientation type="Matrix">
                      178.81393e-09,  -0.2249510900,   0.9743698800,
                     -22.351742e-09,  -0.9743698200,  -0.2249510900,
                       0.9999998800,   0.0000000000,  24.214387e-09
                  </Orientation>
                  <Position type="Vector">-28.358818, -26.764608, 144.48268</Position>
               </HpTurret27>
               <HpTurret28>
                  <Axis type="Vector">0, 1, 0</Axis>
                  <Max type="float">0.78539819</Max>
                  <Min type="float">-0.78539819</Min>
                  <Orientation type="Matrix">
                      178.81393e-09,   0.2249510900,  -0.9743698800,
                      22.351742e-09,  -0.9743698200,  -0.2249510900,
                      -0.9999998800,   0.0000000000,  24.214387e-09
                  </Orientation>
                  <Position type="Vector">28.282249, -26.641827, 144.73788</Position>
               </HpTurret28>
               <HpTurret29>
                  <Axis type="Vector">0, 1, 0</Axis>
                  <Max type="float">0.78539819</Max>
                  <Min type="float">-0.78539819</Min>
                  <Orientation type="Matrix">
                       0.0523361860,  -0.9986293300,  59.604645e-09,
                     -59.604645e-09,  149.01161e-09,  -0.9999997600,
                       0.9986293300,   0.0523359480,  149.01161e-09
                  </Orientation>
                  <Position type="Vector">-9.3704824, 0.43041801, 250.14708</Position>
               </HpTurret29>
               <HpTurret30>
                  <Axis type="Vector">0, 1, 0</Axis>
                  <Max type="float">0.78539819</Max>
                  <Min type="float">-0.78539819</Min>
                  <Orientation type="Matrix">
                       0.0523361860,   0.9986293300, -59.604645e-09,
                      59.604645e-09,  149.01161e-09,  -0.9999997600,
                      -0.9986293300,   0.0523359480,  149.01161e-09
                  </Orientation>
                  <Position type="Vector">8.3744621, 0.44191, 250.53592</Position>
               </HpTurret30>
               <HpTurret31>
                  <Axis type="Vector">0, 1, 0</Axis>
                  <Max type="float">0.78539819</Max>
                  <Min type="float">-0.78539819</Min>
                  <Orientation type="Matrix">
                       0.0090880757,  -0.1734101800,   0.9848076700,
                      -0.0515408630,   0.9834581600,   0.1736481500,
                      -0.9986293900,  -0.0523359550,  59.604645e-09
                  </Orientation>
                  <Position type="Vector">-18.786474, 12.724444, -143.05746</Position>
               </HpTurret31>
               <HpTurret32>
                  <Axis type="Vector">0, 1, 0</Axis>
                  <Max type="float">0.78539819</Max>
                  <Min type="float">-0.78539819</Min>
                  <Orientation type="Matrix">
                       0.0090880757,   0.1734101800,  -0.9848076700,
                       0.0515408630,   0.9834581600,   0.1736481500,
                       0.9986293900,  -0.0523359550,  59.604645e-09
                  </Orientation>
                  <Position type="Vector">18.262741, 12.557327, -143.42743</Position>
               </HpTurret32>
               <HpTurret33>
                  <Axis type="Vector">0, 1, 0</Axis>
                  <Max type="float">0.78539819</Max>
                  <Min type="float">-0.78539819</Min>
                  <Orientation type="Matrix">
                      -0.0060600638,  -0.1735425100,   0.9848076700,
                      -0.0343693050,  -0.9842076900,  -0.1736483000,
                       0.9993907800,  -0.0348994960, -25.145710e-09
                  </Orientation>
                  <Position type="Vector">-17.666164, -12.978553, -143.13966</Position>
               </HpTurret33>
               <HpTurret34>
                  <Axis type="Vector">0, 1, 0</Axis>
                  <Max type="float">0.78539819</Max>
                  <Min type="float">-0.78539819</Min>
                  <Orientation type="Matrix">
                      -0.0090879202,   0.1734103000,  -0.9848076100,
                       0.0515408660,  -0.9834579200,  -0.1736482800,
                      -0.9986294500,  -0.0523359660,  17.695129e-09
                  </Orientation>
                  <Position type="Vector">17.124687, -12.881316, -143.29688</Position>
               </HpTurret34>
            </Revolute>
         </Hardpoints>
         <MultiLevel>
            <Level0>
               <VMeshPart>
                  <VMeshRef type="VMeshRef">
                     <!-- header size  --> 60,
                     <!-- vmesh lib    --> Uroboros.lod0.vms,
                     <!-- start vert   --> 0,
                     <!-- num verts    --> 30067,
                     <!-- start index  --> 0,
                     <!-- num indices  --> 64995,
                     <!-- start mesh   --> 0,
                     <!-- num meshes   --> 11,
                     <!-- bounding box -->  119.68458,     42.83997,     279.62384,
                                           -120.70116,    -44.249882,   -326.89468,
                     <!-- center       -->   -0.50828934,  -0.70495605,  -23.635422,
                     <!-- radius       --> 439.08099
                  </VMeshRef>
               </VMeshPart>
            </Level0>
         </MultiLevel>
      </Uroboros.3db>
   </UTF_ROOT>
</UTFXML>
