<?xml version="1.0" encoding="ISO-8859-1"?>
<!-- XML generated by UTFXML Version 2.2 built 19-Aug-2010 -->
<UTFXML filename="Valhalla_c.cmp" path="SHIPS\new\private">
   <UTF_ROOT>
      <VMeshLibrary>
         <Valhalla_c.lod0.vms include="Valhalla_c_cmp\lod0.vms.xml"/>
         <Valhalla_cwire.lod0.vms include="Valhalla_c_cmp\lod0.vms.xml"/>
      </VMeshLibrary>
      <Cmpnd>
         <Root>
            <File_name name="File name" type="text">Valhalla_c.3db</File_name>
            <Index type="int">0</Index>
            <Object_name name="Object name" type="text">Root</Object_name>
         </Root>
      </Cmpnd>
      <Valhalla_c.3db>
         <Hardpoints>
            <Fixed>
               <HpCockpit>
                  <Orientation type="Matrix">
                       1.0000000000,   0.0000000000,   0.0000000000,
                       0.0000000000,   1.0000000000,   0.0000000000,
                       0.0000000000,   0.0000000000,   1.0000000000
                  </Orientation>
                  <Position type="Vector">0, 27.880392, 4.5450802</Position>
               </HpCockpit>
               <HpMount>
                  <Orientation type="Matrix">
                       1.0000000000,   0.0000000000,   0.0000000000,
                       0.0000000000,   1.0000000000,   0.0000000000,
                       0.0000000000,   0.0000000000,   1.0000000000
                  </Orientation>
                  <Position type="Vector">0, -40, -70</Position>
               </HpMount>
               <HpTractor_Source>
                  <Orientation type="Matrix">
                       1.0000000000,   0.0000000000,   0.0000000000,
                       0.0000000000,   1.0000000000,   0.0000000000,
                       0.0000000000,   0.0000000000,   1.0000000000
                  </Orientation>
                  <Position type="Vector">-0.114309, -0.80207902, -226.11882</Position>
               </HpTractor_Source>
               <HpEngine01>
                  <Orientation type="Matrix">
                       1.0000000000,   0.0000000000,   0.0000000000,
                       0.0000000000,   1.0000000000,   0.0000000000,
                       0.0000000000,   0.0000000000,   1.0000000000
                  </Orientation>
                  <Position type="Vector">-54.99955, -0.073742002, 145.95038</Position>
               </HpEngine01>
               <HpEngine02>
                  <Orientation type="Matrix">
                       1.0000000000,   0.0000000000,   0.0000000000,
                       0.0000000000,   1.0000000000,   0.0000000000,
                       0.0000000000,   0.0000000000,   1.0000000000
                  </Orientation>
                  <Position type="Vector">-29.647789, -0.085387997, 153.97775</Position>
               </HpEngine02>
               <HpEngine03>
                  <Orientation type="Matrix">
                       1.0000000000,   0.0000000000,   0.0000000000,
                       0.0000000000,   1.0000000000,   0.0000000000,
                       0.0000000000,   0.0000000000,   1.0000000000
                  </Orientation>
                  <Position type="Vector">-0.053061999, -0.16465101, 158.20499</Position>
               </HpEngine03>
               <HpEngine04>
                  <Orientation type="Matrix">
                       1.0000000000,   0.0000000000,   0.0000000000,
                       0.0000000000,   1.0000000000,   0.0000000000,
                       0.0000000000,   0.0000000000,   1.0000000000
                  </Orientation>
                  <Position type="Vector">29.401171, -0.103346, 153.97958</Position>
               </HpEngine04>
               <HpEngine05>
                  <Orientation type="Matrix">
                       1.0000000000,   0.0000000000,   0.0000000000,
                       0.0000000000,   1.0000000000,   0.0000000000,
                       0.0000000000,   0.0000000000,   1.0000000000
                  </Orientation>
                  <Position type="Vector">54.789524, -0.239879, 145.96573</Position>
               </HpEngine05>
               <HpCM01>
                  <Orientation type="Matrix">
                       1.0000000000,   0.0000000000,   0.0000000000,
                       0.0000000000,   1.0000000000,   0.0000000000,
                       0.0000000000,   0.0000000000,   1.0000000000
                  </Orientation>
                  <Position type="Vector">-0.15, -24.986643, 177.81558</Position>
               </HpCM01>
               <HpShield01>
                  <Orientation type="Matrix">
                       1.0000000000,   0.0000000000,   0.0000000000,
                       0.0000000000,   1.0000000000,   0.0000000000,
                       0.0000000000,   0.0000000000,   1.0000000000
                  </Orientation>
                  <Position type="Vector">0, 0, 0</Position>
               </HpShield01>
               <HpShield02>
                  <Orientation type="Matrix">
                       1.0000000000,   0.0000000000,   0.0000000000,
                       0.0000000000,   1.0000000000,   0.0000000000,
                       0.0000000000,   0.0000000000,   1.0000000000
                  </Orientation>
                  <Position type="Vector">0, 0, 0</Position>
               </HpShield02>
               <HpCloak01>
                  <Orientation type="Matrix">
                       1.0000000000,   0.0000000000,   0.0000000000,
                       0.0000000000,   1.0000000000,   0.0000000000,
                       0.0000000000,   0.0000000000,   1.0000000000
                  </Orientation>
                  <Position type="Vector">0, 0, 0</Position>
               </HpCloak01>
               <HpNew01>
                  <Orientation type="Matrix">
                       1.0000000000,   0.0000000000,   0.0000000000,
                       0.0000000000,   1.0000000000,   0.0000000000,
                       0.0000000000,   0.0000000000,   1.0000000000
                  </Orientation>
                  <Position type="Vector">0, 0, 0</Position>
               </HpNew01>
               <HpNew02>
                  <Orientation type="Matrix">
                       1.0000000000,   0.0000000000,   0.0000000000,
                       0.0000000000,   1.0000000000,   0.0000000000,
                       0.0000000000,   0.0000000000,   1.0000000000
                  </Orientation>
                  <Position type="Vector">0, 0, 0</Position>
               </HpNew02>
               <HpNew03>
                  <Orientation type="Matrix">
                       1.0000000000,   0.0000000000,   0.0000000000,
                       0.0000000000,   1.0000000000,   0.0000000000,
                       0.0000000000,   0.0000000000,   1.0000000000
                  </Orientation>
                  <Position type="Vector">0, 0, 0</Position>
               </HpNew03>
               <HpThruster01>
                  <Orientation type="Matrix">
                      -1.0000000000, -87.422777e-09,   0.0000000000,
                      87.422777e-09,  -1.0000000000,  -0.0000000000,
                       0.0000000000,   0.0000000000,   1.0000000000
                  </Orientation>
                  <Position type="Vector">-0.14, 24.610352, 178.18469</Position>
               </HpThruster01>
               <HpRunningLight01>
                  <Orientation type="Matrix">
                       1.0000000000,   0.0000000000,   0.0000000000,
                       0.0000000000,   1.0000000000,   0.0000000000,
                       0.0000000000,   0.0000000000,   1.0000000000
                  </Orientation>
                  <Position type="Vector">-102.05639, -6.7916288, 136.79982</Position>
               </HpRunningLight01>
               <HpRunningLight02>
                  <Orientation type="Matrix">
                       1.0000000000,   0.0000000000,   0.0000000000,
                       0.0000000000,   1.0000000000,   0.0000000000,
                       0.0000000000,   0.0000000000,   1.0000000000
                  </Orientation>
                  <Position type="Vector">101.81739, -6.7874122, 136.79111</Position>
               </HpRunningLight02>
            </Fixed>
            <Revolute>
               <HpTorpedo01>
                  <Axis type="Vector">0, 1, 0</Axis>
                  <Max type="float">0.78539819</Max>
                  <Min type="float">-0.78539819</Min>
                  <Orientation type="Matrix">
                       1.0000000000,   0.0000000000,   0.0000000000,
                       0.0000000000,   1.0000000000,   0.0000000000,
                       0.0000000000,   0.0000000000,   1.0000000000
                  </Orientation>
                  <Position type="Vector">-1.534479, 4.8432522, -211.43767</Position>
               </HpTorpedo01>
               <HpTurret01>
                  <Axis type="Vector">0, 1, 0</Axis>
                  <Max type="float">3.1415927</Max>
                  <Min type="float">-3.1415927</Min>
                  <Orientation type="Matrix">
                       1.0000000000,   0.0000000000,   0.0000000000,
                       0.0000000000,   1.0000000000,   0.0000000000,
                       0.0000000000,   0.0000000000,   1.0000000000
                  </Orientation>
                  <Position type="Vector">-0.31574401, 54.84375, 96.882896</Position>
               </HpTurret01>
               <HpTurret02>
                  <Axis type="Vector">0, 1, 0</Axis>
                  <Max type="float">3.1415927</Max>
                  <Min type="float">-3.1415927</Min>
                  <Orientation type="Matrix">
                       1.0000000000,   0.0000000000,   0.0000000000,
                       0.0000000000,   1.0000000000,   0.0000000000,
                       0.0000000000,   0.0000000000,   1.0000000000
                  </Orientation>
                  <Position type="Vector">-0.016403001, -33.702785, 61.100292</Position>
               </HpTurret02>
               <HpTurret03>
                  <Axis type="Vector">0, 1, 0</Axis>
                  <Max type="float">3.1415927</Max>
                  <Min type="float">-3.1415927</Min>
                  <Orientation type="Matrix">
                       0.8660253900,  -0.5000000000,  -0.0000000000,
                       0.5000000000,   0.8660253900,   0.0000000000,
                       0.0000000000,  -0.0000000000,   1.0000000000
                  </Orientation>
                  <Position type="Vector">-60.175087, 18.751568, 56.516544</Position>
               </HpTurret03>
               <HpTurret04>
                  <Axis type="Vector">0, 1, 0</Axis>
                  <Max type="float">3.1415927</Max>
                  <Min type="float">-3.1415927</Min>
                  <Orientation type="Matrix">
                       0.8660253900,   0.5000000000,   0.0000000000,
                      -0.5000000000,   0.8660253900,   0.0000000000,
                       0.0000000000,   0.0000000000,   1.0000000000
                  </Orientation>
                  <Position type="Vector">60.101826, 18.696852, 56.768532</Position>
               </HpTurret04>
               <HpTurret05>
                  <Axis type="Vector">0, 1, 0</Axis>
                  <Max type="float">2.4434609</Max>
                  <Min type="float">-2.4434609</Min>
                  <Orientation type="Matrix">
                       0.1736481200,  -0.9848078500,  -0.0000000000,
                       0.9848078500,   0.1736481200,   0.0000000000,
                       0.0000000000,  -0.0000000000,   1.0000000000
                  </Orientation>
                  <Position type="Vector">-72.862083, 9.1642008, 60.606979</Position>
               </HpTurret05>
               <HpTurret06>
                  <Axis type="Vector">0, 1, 0</Axis>
                  <Max type="float">2.4434609</Max>
                  <Min type="float">-2.4434609</Min>
                  <Orientation type="Matrix">
                       0.1736481200,   0.9848078500,   0.0000000000,
                      -0.9848078500,   0.1736481200,   0.0000000000,
                       0.0000000000,   0.0000000000,   1.0000000000
                  </Orientation>
                  <Position type="Vector">72.666893, 9.1497536, 61.014816</Position>
               </HpTurret06>
               <HpTurret07>
                  <Axis type="Vector">0, 1, 0</Axis>
                  <Max type="float">2.4434609</Max>
                  <Min type="float">-2.4434609</Min>
                  <Orientation type="Matrix">
                      -0.5735763300,  -0.8160349100,  -0.0713938030,
                       0.8191520000,  -0.5713937300,  -0.0499904830,
                      3.7252903e-09,  -0.0871557370,   0.9961947200
                  </Orientation>
                  <Position type="Vector">-74.561226, -3.377378, 55.929913</Position>
               </HpTurret07>
               <HpTurret08>
                  <Axis type="Vector">0, 1, 0</Axis>
                  <Max type="float">2.4434609</Max>
                  <Min type="float">-2.4434609</Min>
                  <Orientation type="Matrix">
                      -0.5735763300,   0.8160349100,   0.0713938030,
                      -0.8191520000,  -0.5713937300,  -0.0499904830,
                     -3.7252903e-09,  -0.0871557370,   0.9961947200
                  </Orientation>
                  <Position type="Vector">74.439682, -3.2096341, 55.918686</Position>
               </HpTurret08>
               <HpTurret09>
                  <Axis type="Vector">0, 1, 0</Axis>
                  <Max type="float">3.1415927</Max>
                  <Min type="float">-3.1415927</Min>
                  <Orientation type="Matrix">
                      -0.1736483600,  -0.9810604500,  -0.0858316570,
                       0.9848079100,  -0.1729875800,  -0.0151344390,
                     -3.7252903e-09,  -0.0871557520,   0.9961947200
                  </Orientation>
                  <Position type="Vector">-70.713051, -13.083714, 56.482601</Position>
               </HpTurret09>
               <HpTurret10>
                  <Axis type="Vector">0, 1, 0</Axis>
                  <Max type="float">3.1415927</Max>
                  <Min type="float">-3.1415927</Min>
                  <Orientation type="Matrix">
                      -0.1736483600,   0.9810604500,   0.0858316570,
                      -0.9848079100,  -0.1729875800,  -0.0151344390,
                      3.7252903e-09,  -0.0871557520,   0.9961947200
                  </Orientation>
                  <Position type="Vector">70.36628, -13.101696, 55.377037</Position>
               </HpTurret10>
               <HpTurret11>
                  <Axis type="Vector">0, 1, 0</Axis>
                  <Max type="float">3.1415927</Max>
                  <Min type="float">-3.1415927</Min>
                  <Orientation type="Matrix">
                      -0.9063079400,  -0.4210101700,  -0.0368336140,
                       0.4226183600,  -0.9028591500,  -0.0789899230,
                     -1.8626451e-09,  -0.0871557440,   0.9961946600
                  </Orientation>
                  <Position type="Vector">-60.062222, -22.207018, 56.49585</Position>
               </HpTurret11>
               <HpTurret12>
                  <Axis type="Vector">0, 1, 0</Axis>
                  <Max type="float">3.1415927</Max>
                  <Min type="float">-3.1415927</Min>
                  <Orientation type="Matrix">
                      -0.9063079400,   0.4210101700,   0.0368336140,
                      -0.4226183600,  -0.9028591500,  -0.0789899230,
                      1.8626451e-09,  -0.0871557440,   0.9961946600
                  </Orientation>
                  <Position type="Vector">59.611023, -21.974667, 53.862133</Position>
               </HpTurret12>
               <HpTurret13>
                  <Axis type="Vector">0, 1, 0</Axis>
                  <Max type="float">1.7453293</Max>
                  <Min type="float">-1.7453293</Min>
                  <Orientation type="Matrix">
                       1.0000000000,   0.0000000000,   0.0000000000,
                       0.0000000000,   1.0000000000,   0.0000000000,
                       0.0000000000,   0.0000000000,   1.0000000000
                  </Orientation>
                  <Position type="Vector">-0.057487, 33.428616, 41.803905</Position>
               </HpTurret13>
               <HpTurret14>
                  <Axis type="Vector">0, 1, 0</Axis>
                  <Max type="float">3.1415927</Max>
                  <Min type="float">-1.5707964</Min>
                  <Orientation type="Matrix">
                     -20.023435e-09,  -0.1391730900,   0.9902680500,
                     -7.4505806e-09,   0.9902681100,   0.1391730900,
                      -1.0000000000,  7.4505806e-09,   0.0000000000
                  </Orientation>
                  <Position type="Vector">-33.458839, 25.2, 157.06117</Position>
               </HpTurret14>
               <HpTurret15>
                  <Axis type="Vector">0, 1, 0</Axis>
                  <Max type="float">1.5707964</Max>
                  <Min type="float">-3.1415927</Min>
                  <Orientation type="Matrix">
                     -20.023435e-09,   0.1391730900,  -0.9902680500,
                      7.4505806e-09,   0.9902681100,   0.1391730900,
                       1.0000000000,  7.4505806e-09,   0.0000000000
                  </Orientation>
                  <Position type="Vector">33.400803, 25.166704, 156.88689</Position>
               </HpTurret15>
               <HpTurret16>
                  <Axis type="Vector">0, 1, 0</Axis>
                  <Max type="float">1.9198622</Max>
                  <Min type="float">-1.5707964</Min>
                  <Orientation type="Matrix">
                       0.0294802970,  -0.4215887800,   0.9063077600,
                      -0.0632208440,   0.9041000000,   0.4226182100,
                      -0.9975640200,  -0.0697564630, -59.604645e-09
                  </Orientation>
                  <Position type="Vector">-68.236206, 10.786981, 107.8169</Position>
               </HpTurret16>
               <HpTurret17>
                  <Axis type="Vector">0, 1, 0</Axis>
                  <Max type="float">1.5707964</Max>
                  <Min type="float">-1.9198622</Min>
                  <Orientation type="Matrix">
                       0.0294802970,   0.4215887800,  -0.9063077600,
                       0.0632208440,   0.9041000000,   0.4226182100,
                       0.9975640200,  -0.0697564630, -59.604645e-09
                  </Orientation>
                  <Position type="Vector">68.077812, 10.726712, 107.546</Position>
               </HpTurret17>
               <HpTurret18>
                  <Axis type="Vector">0, 1, 0</Axis>
                  <Max type="float">1.9198622</Max>
                  <Min type="float">-1.5707964</Min>
                  <Orientation type="Matrix">
                       0.0238581090,  -0.3411869400,   0.9396925000,
                      -0.0655496720,   0.9374036200,   0.3420200600,
                      -0.9975639600,  -0.0697564480,   0.0000000000
                  </Orientation>
                  <Position type="Vector">-83.494461, 6.7874918, 130.01863</Position>
               </HpTurret18>
               <HpTurret19>
                  <Axis type="Vector">0, 1, 0</Axis>
                  <Max type="float">1.5707964</Max>
                  <Min type="float">-1.9198622</Min>
                  <Orientation type="Matrix">
                       0.0238581090,   0.3411869400,  -0.9396925000,
                       0.0655496720,   0.9374036200,   0.3420200600,
                       0.9975639600,  -0.0697564480,   0.0000000000
                  </Orientation>
                  <Position type="Vector">83.331345, 6.7601242, 129.9761</Position>
               </HpTurret19>
               <HpTurret20>
                  <Axis type="Vector">0, 1, 0</Axis>
                  <Max type="float">3.1415927</Max>
                  <Min type="float">-3.1415927</Min>
                  <Orientation type="Matrix">
                      -0.9659256300,  -0.2584644300,  -0.0135455480,
                       0.2588191300,  -0.9646018700,  -0.0505526510,
                       0.0000000000,  -0.0523359550,   0.9986295100
                  </Orientation>
                  <Position type="Vector">-75.824471, -12.608916, 116.05604</Position>
               </HpTurret20>
               <HpTurret21>
                  <Axis type="Vector">0, 1, 0</Axis>
                  <Max type="float">3.1415927</Max>
                  <Min type="float">-3.1415927</Min>
                  <Orientation type="Matrix">
                      -0.9659256300,   0.2584644300,   0.0135455480,
                      -0.2588191300,  -0.9646018700,  -0.0505526510,
                       0.0000000000,  -0.0523359550,   0.9986295100
                  </Orientation>
                  <Position type="Vector">76.41349, -12.438634, 116.32776</Position>
               </HpTurret21>
               <HpTurret22>
                  <Axis type="Vector">0, 1, 0</Axis>
                  <Max type="float">3.1415927</Max>
                  <Min type="float">-3.1415927</Min>
                  <Orientation type="Matrix">
                      -0.9396925000,  -0.3420201800,  -0.0000000000,
                       0.3420201800,  -0.9396925000,   0.0000000000,
                       0.0000000000,  -0.0000000000,   1.0000000000
                  </Orientation>
                  <Position type="Vector">-51.713806, -18.59198, 122.35332</Position>
               </HpTurret22>
               <HpTurret23>
                  <Axis type="Vector">0, 1, 0</Axis>
                  <Max type="float">3.1415927</Max>
                  <Min type="float">-3.1415927</Min>
                  <Orientation type="Matrix">
                      -0.9396925000,   0.3420201800,   0.0000000000,
                      -0.3420201800,  -0.9396925000,   0.0000000000,
                       0.0000000000,   0.0000000000,   1.0000000000
                  </Orientation>
                  <Position type="Vector">51.898781, -18.42005, 121.71229</Position>
               </HpTurret23>
               <HpTurret24>
                  <Axis type="Vector">0, 1, 0</Axis>
                  <Max type="float">2.6179938</Max>
                  <Min type="float">-2.6179938</Min>
                  <Orientation type="Matrix">
                       1.0000000000, -87.422777e-09, -87.422777e-09,
                     -87.422777e-09,  -1.0000000000,  7.6427419e-15,
                     -87.422777e-09,   0.0000000000,  -1.0000000000
                  </Orientation>
                  <Position type="Vector">-0.10746, -28.045179, 134.43628</Position>
               </HpTurret24>
               <HpTurret25>
                  <Axis type="Vector">0, 1, 0</Axis>
                  <Max type="float">3.1415927</Max>
                  <Min type="float">-1.5707964</Min>
                  <Orientation type="Matrix">
                       1.0000000000,   0.0000000000,   0.0000000000,
                       0.0000000000,   0.9961947200,   0.0871557440,
                       0.0000000000,  -0.0871557440,   0.9961947200
                  </Orientation>
                  <Position type="Vector">-25.527365, 23.090334, 4.9476171</Position>
               </HpTurret25>
               <HpTurret26>
                  <Axis type="Vector">0, 1, 0</Axis>
                  <Max type="float">1.5707964</Max>
                  <Min type="float">-3.1415927</Min>
                  <Orientation type="Matrix">
                       1.0000000000,   0.0000000000,   0.0000000000,
                       0.0000000000,   0.9961947200,   0.0871557440,
                       0.0000000000,  -0.0871557440,   0.9961947200
                  </Orientation>
                  <Position type="Vector">25.197128, 23.170622, 5.2923698</Position>
               </HpTurret26>
               <HpTurret27>
                  <Axis type="Vector">0, 1, 0</Axis>
                  <Max type="float">3.1415927</Max>
                  <Min type="float">-3.1415927</Min>
                  <Orientation type="Matrix">
                      -1.0000000000, -87.090108e-09, -7.6193967e-09,
                      87.422784e-09,  -0.9961947200,  -0.0871557440,
                      444.08921e-18,  -0.0871557440,   0.9961947200
                  </Orientation>
                  <Position type="Vector">-25.430592, -22.646631, 5.1341801</Position>
               </HpTurret27>
               <HpTurret28>
                  <Axis type="Vector">0, 1, 0</Axis>
                  <Max type="float">3.1415927</Max>
                  <Min type="float">-3.1415927</Min>
                  <Orientation type="Matrix">
                      -1.0000000000, -87.090108e-09, -7.6193967e-09,
                      87.422784e-09,  -0.9961947200,  -0.0871557440,
                      444.08921e-18,  -0.0871557440,   0.9961947200
                  </Orientation>
                  <Position type="Vector">25.22209, -22.636131, 5.2932849</Position>
               </HpTurret28>
               <HpTurret29>
                  <Axis type="Vector">0, 1, 0</Axis>
                  <Max type="float">1.7453293</Max>
                  <Min type="float">-1.7453293</Min>
                  <Orientation type="Matrix">
                      59.604645e-09,  -0.9999998800,  -0.0000000000,
                       0.9999998800,  59.604645e-09,   0.0000000000,
                       0.0000000000,  -0.0000000000,   1.0000000000
                  </Orientation>
                  <Position type="Vector">-39.761395, -0.020272, -44.515102</Position>
               </HpTurret29>
               <HpTurret30>
                  <Axis type="Vector">0, 1, 0</Axis>
                  <Max type="float">1.7453293</Max>
                  <Min type="float">-1.7453293</Min>
                  <Orientation type="Matrix">
                      59.604645e-09,   0.9999998800,   0.0000000000,
                      -0.9999998800,  59.604645e-09,   0.0000000000,
                       0.0000000000,   0.0000000000,   1.0000000000
                  </Orientation>
                  <Position type="Vector">39.665878, 0.014581, -44.785713</Position>
               </HpTurret30>
            </Revolute>
         </Hardpoints>
         <MultiLevel>
            <Level0>
               <VMeshPart>
                  <VMeshRef type="VMeshRef">
                     <!-- header size  --> 60,
                     <!-- vmesh lib    --> Valhalla_c.lod0.vms,
                     <!-- start vert   --> 0,
                     <!-- num verts    --> 2735,
                     <!-- start index  --> 0,
                     <!-- num indices  --> 9822,
                     <!-- start mesh   --> 0,
                     <!-- num meshes   --> 2,
                     <!-- bounding box -->  101.83253,     54.84375,   179.01068,
                                           -102.06745,    -33.75,     -226.20386,
                     <!-- center       -->   -0.11746216,  10.546879,  -23.596588,
                     <!-- radius       --> 317.69135
                  </VMeshRef>
               </VMeshPart>
            </Level0>
         </MultiLevel>
         <VMeshWire include="Valhalla_c_cmp\Valhalla_c.vwd.xml"/>
      </Valhalla_c.3db>
   </UTF_ROOT>
</UTFXML>
