<?xml version="1.0" encoding="ISO-8859-1"?>
<!-- XML generated by UTFXML Version 2.2 built 19-Aug-2010 -->
<UTFXML filename="VictorySD2.cmp" path="SHIPS\new\private">
   <UTF_ROOT>
      <VMeshLibrary>
         <victorysd2.lod0-112.vms include="VictorySD2_cmp\lod0-112.vms.xml"/>
      </VMeshLibrary>
      <Exporter_Version name="Exporter Version" type="text">Export</Exporter_Version>
      <Cmpnd>
         <Root>
            <Object_name name="Object name" type="text">Root</Object_name>
            <Index type="int">0</Index>
            <File_name name="File name" type="text">VictorySD2210822220621.3db</File_name>
         </Root>
      </Cmpnd>
      <VictorySD2210822220621.3db>
         <VMeshPart>
            <VMeshRef type="VMeshRef">
               <!-- header size  --> 60,
               <!-- vmesh lib    --> victorysd2.lod0-112.vms,
               <!-- start vert   --> 0,
               <!-- num verts    --> 5395,
               <!-- start index  --> 0,
               <!-- num indices  --> 15348,
               <!-- start mesh   --> 0,
               <!-- num meshes   --> 79,
               <!-- bounding box -->  161.66109, 137.44957,   316.72055,
                                     -161.66109, -47.171585, -306.04028,
               <!-- center       -->    0,        45.138988,    5.3401341,
               <!-- radius       --> 328.63004
            </VMeshRef>
         </VMeshPart>
         <VMeshWire include="VictorySD2_cmp\VictorySD2.vwd.xml"/>
         <Hardpoints>
            <Fixed>
               <HpCloak01>
                  <Position type="Vector">0, 0, 19.5</Position>
                  <Orientation type="Matrix">
                       1.0000000000,   0.0000000000,   0.0000000000,
                       0.0000000000,   1.0000000000,   0.0000000000,
                       0.0000000000,   0.0000000000,   1.0000000000
                  </Orientation>
               </HpCloak01>
               <HpShield01>
                  <Position type="Vector">0, 0, 0</Position>
                  <Orientation type="Matrix">
                       1.0000000000,   0.0000000000,   0.0000000000,
                       0.0000000000,   1.0000000000,   0.0000000000,
                       0.0000000000,   0.0000000000,   1.0000000000
                  </Orientation>
               </HpShield01>
               <HpShield02>
                  <Position type="Vector">0, 0, 0</Position>
                  <Orientation type="Matrix">
                       1.0000000000,   0.0000000000,   0.0000000000,
                       0.0000000000,   1.0000000000,   0.0000000000,
                       0.0000000000,   0.0000000000,   1.0000000000
                  </Orientation>
               </HpShield02>
               <HpShield03>
                  <Position type="Vector">0, 0, 0</Position>
                  <Orientation type="Matrix">
                       1.0000000000,   0.0000000000,   0.0000000000,
                       0.0000000000,   1.0000000000,   0.0000000000,
                       0.0000000000,   0.0000000000,   1.0000000000
                  </Orientation>
               </HpShield03>
               <HpEngine01>
                  <Position type="Vector">0, -2.4538012, 299.34842</Position>
                  <Orientation type="Matrix">
                       1.0000000000,   0.0000000000,   0.0000000000,
                       0.0000000000,   1.0000000000,   0.0000000000,
                       0.0000000000,   0.0000000000,   1.0000000000
                  </Orientation>
               </HpEngine01>
               <HpEngine02>
                  <Position type="Vector">-64.450676, -2.3610437, 299.34842</Position>
                  <Orientation type="Matrix">
                       1.0000000000,   0.0000000000,   0.0000000000,
                       0.0000000000,   1.0000000000,   0.0000000000,
                       0.0000000000,   0.0000000000,   1.0000000000
                  </Orientation>
               </HpEngine02>
               <HpEngine03>
                  <Position type="Vector">64.624603, -2.4059618, 299.34842</Position>
                  <Orientation type="Matrix">
                       1.0000000000,   0.0000000000,   0.0000000000,
                       0.0000000000,   1.0000000000,   0.0000000000,
                       0.0000000000,   0.0000000000,   1.0000000000
                  </Orientation>
               </HpEngine03>
               <HpCM01>
                  <Position type="Vector">0, -44.862022, 313.59952</Position>
                  <Orientation type="Matrix">
                      -1.0000000000,  28.398913e-09, -324.60144e-09,
                       0.0000000000,  -0.9961947200,  -0.0871556400,
                     -325.84137e-09,  -0.0871556400,   0.9961947200
                  </Orientation>
               </HpCM01>
               <HpMount>
                  <Position type="Vector">0, -52, -97.5</Position>
                  <Orientation type="Matrix">
                       1.0000000000,   0.0000000000,   0.0000000000,
                       0.0000000000,   1.0000000000,   0.0000000000,
                       0.0000000000,   0.0000000000,   1.0000000000
                  </Orientation>
               </HpMount>
               <HpCockpit>
                  <Position type="Vector">0.33854145, 23.591074, 23.953606</Position>
                  <Orientation type="Matrix">
                       1.0000000000,   0.0000000000,   0.0000000000,
                       0.0000000000,   1.0000000000,   0.0000000000,
                       0.0000000000,   0.0000000000,   1.0000000000
                  </Orientation>
               </HpCockpit>
               <HpTractor_Source>
                  <Position type="Vector">0, -0.10320505, -301.64566</Position>
                  <Orientation type="Matrix">
                       1.0000000000,   0.0000000000,   0.0000000000,
                       0.0000000000,   1.0000000000,   0.0000000000,
                       0.0000000000,   0.0000000000,   1.0000000000
                  </Orientation>
               </HpTractor_Source>
               <HpRunningLight01>
                  <Position type="Vector">-37.940903, 105.5636, 244.23709</Position>
                  <Orientation type="Matrix">
                       1.0000000000,   0.0000000000,   0.0000000000,
                       0.0000000000,   1.0000000000,   0.0000000000,
                       0.0000000000,   0.0000000000,   1.0000000000
                  </Orientation>
               </HpRunningLight01>
               <HpRunningLight02>
                  <Position type="Vector">38.085987, 105.56359, 244.2561</Position>
                  <Orientation type="Matrix">
                       1.0000000000,   0.0000000000,   0.0000000000,
                       0.0000000000,   1.0000000000,   0.0000000000,
                       0.0000000000,   0.0000000000,   1.0000000000
                  </Orientation>
               </HpRunningLight02>
               <HpRunningLight03>
                  <Position type="Vector">-0.0051291501, 99.338409, 286.05728</Position>
                  <Orientation type="Matrix">
                      -1.0000000000,   0.0000000000,  150.99580e-09,
                       0.0000000000,   1.0000000000,   0.0000000000,
                     -150.99580e-09,   0.0000000000,  -1.0000000000
                  </Orientation>
               </HpRunningLight03>
               <HpDocklight01>
                  <Position type="Vector">-5.5553861, 137.44957, 242.15956</Position>
                  <Orientation type="Matrix">
                       1.0000000000,   0.0000000000,   0.0000000000,
                       0.0000000000,   1.0000000000,   0.0000000000,
                       0.0000000000,   0.0000000000,   1.0000000000
                  </Orientation>
               </HpDocklight01>
               <HpFX01>
                  <Position type="Vector">0, 0, 0</Position>
                  <Orientation type="Matrix">
                       1.0000000000,   0.0000000000,   0.0000000000,
                       0.0000000000,   1.0000000000,   0.0000000000,
                       0.0000000000,   0.0000000000,   1.0000000000
                  </Orientation>
               </HpFX01>
               <HpFX02>
                  <Position type="Vector">0, 0, 0</Position>
                  <Orientation type="Matrix">
                      313.91644e-09,   0.9999998800,   0.0000000000,
                      -0.9999998800,  313.91644e-09,   0.0000000000,
                       0.0000000000,   0.0000000000,   1.0000000000
                  </Orientation>
               </HpFX02>
               <HpFX03>
                  <Position type="Vector">0, 0, 0</Position>
                  <Orientation type="Matrix">
                       1.0000000000,   0.0000000000,   0.0000000000,
                       0.0000000000,  313.91644e-09,   0.9999998800,
                       0.0000000000,  -0.9999998800,  313.91644e-09
                  </Orientation>
               </HpFX03>
               <HpFX04>
                  <Position type="Vector">0, 0, 0</Position>
                  <Orientation type="Matrix">
                       1.0000000000,   0.0000000000,   0.0000000000,
                       0.0000000000,   1.0000000000,   0.0000000000,
                       0.0000000000,   0.0000000000,   1.0000000000
                  </Orientation>
               </HpFX04>
               <HpFX05>
                  <Position type="Vector">0, 0, 0</Position>
                  <Orientation type="Matrix">
                       1.0000000000,   0.0000000000,   0.0000000000,
                       0.0000000000,   1.0000000000,   0.0000000000,
                       0.0000000000,   0.0000000000,   1.0000000000
                  </Orientation>
               </HpFX05>
               <HpFX06>
                  <Position type="Vector">0, 0, 0</Position>
                  <Orientation type="Matrix">
                       1.0000000000,   0.0000000000,   0.0000000000,
                       0.0000000000,   1.0000000000,   0.0000000000,
                       0.0000000000,   0.0000000000,   1.0000000000
                  </Orientation>
               </HpFX06>
               <HpFX07>
                  <Position type="Vector">0, 0, 0</Position>
                  <Orientation type="Matrix">
                       1.0000000000,   0.0000000000,   0.0000000000,
                       0.0000000000,   1.0000000000,   0.0000000000,
                       0.0000000000,   0.0000000000,   1.0000000000
                  </Orientation>
               </HpFX07>
               <HpBayDoor01>
                  <Position type="Vector">0, -70, 0</Position>
                  <Orientation type="Matrix">
                       1.0000000000,   0.0000000000,   0.0000000000,
                       0.0000000000,   1.0000000000,   0.0000000000,
                       0.0000000000,   0.0000000000,   1.0000000000
                  </Orientation>
               </HpBayDoor01>
               <HpBayDoor02>
                  <Position type="Vector">0, -85, 0</Position>
                  <Orientation type="Matrix">
                       1.0000000000,   0.0000000000,   0.0000000000,
                       0.0000000000,   1.0000000000,   0.0000000000,
                       0.0000000000,   0.0000000000,   1.0000000000
                  </Orientation>
               </HpBayDoor02>
            </Fixed>
            <Revolute>
               <HpTorpedo01>
                  <Position type="Vector">0, -7.1331344, -305.1582</Position>
                  <Orientation type="Matrix">
                      -1.0000000000,  28.398913e-09, -324.60144e-09,
                       0.0000000000,  -0.9961947200,  -0.0871556400,
                     -325.84137e-09,  -0.0871556400,   0.9961947200
                  </Orientation>
                  <Axis type="Vector">0, 1, 0</Axis>
                  <Min type="float">-0.78539819</Min>
                  <Max type="float">0.78539819</Max>
               </HpTorpedo01>
               <HpTurret01>
                  <Position type="Vector">0, -47.145241, 160.92685</Position>
                  <Orientation type="Matrix">
                      -1.0000000000,  106.17260e-15, -325.84137e-09,
                       0.0000000000,  -1.0000000000, -325.84137e-09,
                     -325.84137e-09, -325.84137e-09,   1.0000000000
                  </Orientation>
                  <Axis type="Vector">0, 1, 0</Axis>
                  <Min type="float">-3.1415927</Min>
                  <Max type="float">3.1415927</Max>
               </HpTurret01>
               <HpTurret02>
                  <Position type="Vector">-48.839424, 78.768433, 249.15482</Position>
                  <Orientation type="Matrix">
                     -29.802322e-09,  -0.9999997600,  238.41858e-09,
                     -29.802322e-09,  89.406967e-09,  -0.9999997000,
                       0.9999998800, -357.62787e-09,  163.91277e-09
                  </Orientation>
                  <Axis type="Vector">0, 1, 0</Axis>
                  <Min type="float">-1.5707964</Min>
                  <Max type="float">1.5707964</Max>
               </HpTurret02>
               <HpTurret03>
                  <Position type="Vector">48.839436, 78.634216, 249.12935</Position>
                  <Orientation type="Matrix">
                      29.802322e-09,   0.9999997600, -268.22090e-09,
                       0.0000000000, -89.406967e-09,  -0.9999997600,
                      -0.9999995800, -119.20929e-09,  208.61626e-09
                  </Orientation>
                  <Axis type="Vector">0, 1, 0</Axis>
                  <Min type="float">-1.5707964</Min>
                  <Max type="float">1.5707964</Max>
               </HpTurret03>
               <HpTurret04>
                  <Position type="Vector">0, -21.835495, -100.88927</Position>
                  <Orientation type="Matrix">
                      -1.0000000000,  19.892157e-09, -325.23357e-09,
                     -1.7763568e-15,  -0.9981348500,  -0.0610485750,
                     -325.84137e-09,  -0.0610485780,   0.9981346700
                  </Orientation>
                  <Axis type="Vector">0, 1, 0</Axis>
                  <Min type="float">-3.1415927</Min>
                  <Max type="float">3.1415927</Max>
               </HpTurret04>
               <HpTurret05>
                  <Position type="Vector">-63.500553, 35.331966, 250.11632</Position>
                  <Orientation type="Matrix">
                      75.497894e-09,   0.0000000000,   0.9999998800,
                       0.0000000000,   1.0000000000,   0.0000000000,
                      -0.9999998800,   0.0000000000,  75.497894e-09
                  </Orientation>
                  <Axis type="Vector">0, 1, 0</Axis>
                  <Min type="float">-1.5707964</Min>
                  <Max type="float">1.5707964</Max>
               </HpTurret05>
               <HpTurret06>
                  <Position type="Vector">62.847893, 35.359802, 250.1319</Position>
                  <Orientation type="Matrix">
                     -162.92067e-09,   0.0000000000,  -0.9999998800,
                       0.0000000000,   1.0000000000,   0.0000000000,
                       0.9999998800,   0.0000000000, -162.92067e-09
                  </Orientation>
                  <Axis type="Vector">0, 1, 0</Axis>
                  <Min type="float">-1.5707964</Min>
                  <Max type="float">1.5707964</Max>
               </HpTurret06>
               <HpTurret07>
                  <Position type="Vector">-97.163895, -17.007263, 200.02739</Position>
                  <Orientation type="Matrix">
                      -0.9702959100,  -0.2415896100,  -0.0126612210,
                       0.2419211600,  -0.9689661300,  -0.0507815480,
                      465.66129e-12,  -0.0523361380,   0.9986297500
                  </Orientation>
                  <Axis type="Vector">0, 1, 0</Axis>
                  <Min type="float">-3.1415927</Min>
                  <Max type="float">3.1415927</Max>
               </HpTurret07>
               <HpTurret08>
                  <Position type="Vector">99.071877, -17.321697, 213.00424</Position>
                  <Orientation type="Matrix">
                      -0.9702957900,   0.2415903200,   0.0126612600,
                      -0.2419218900,  -0.9689660700,  -0.0507815440,
                     -1.8735875e-09,  -0.0523361410,   0.9986297500
                  </Orientation>
                  <Axis type="Vector">0, 1, 0</Axis>
                  <Min type="float">-3.1415927</Min>
                  <Max type="float">3.1415927</Max>
               </HpTurret08>
               <HpTurret09>
                  <Position type="Vector">-75.076363, 28.776255, 237.71494</Position>
                  <Orientation type="Matrix">
                      75.497894e-09,   0.0000000000,   0.9999998800,
                       0.0000000000,   1.0000000000,   0.0000000000,
                      -0.9999998800,   0.0000000000,  75.497894e-09
                  </Orientation>
                  <Axis type="Vector">0, 1, 0</Axis>
                  <Min type="float">-1.5707964</Min>
                  <Max type="float">1.5707964</Max>
               </HpTurret09>
               <HpTurret10>
                  <Position type="Vector">74.260635, 28.846283, 237.39148</Position>
                  <Orientation type="Matrix">
                     -162.92067e-09,   0.0000000000,  -0.9999998800,
                       0.0000000000,   1.0000000000,   0.0000000000,
                       0.9999998800,   0.0000000000, -162.92067e-09
                  </Orientation>
                  <Axis type="Vector">0, 1, 0</Axis>
                  <Min type="float">-1.5707964</Min>
                  <Max type="float">1.5707964</Max>
               </HpTurret10>
               <HpTurret11>
                  <Position type="Vector">-33.739517, -10.855199, -151.09369</Position>
                  <Orientation type="Matrix">
                      -0.9848080300,  -0.1736473700,   0.0000000000,
                       0.1736473700,  -0.9848080300,   0.0000000000,
                       0.0000000000,   0.0000000000,   1.0000000000
                  </Orientation>
                  <Axis type="Vector">0, 1, 0</Axis>
                  <Min type="float">-3.1415927</Min>
                  <Max type="float">3.1415927</Max>
               </HpTurret11>
               <HpTurret12>
                  <Position type="Vector">33.716789, -10.858159, -151.13853</Position>
                  <Orientation type="Matrix">
                      -0.9848078500,   0.1736483100,   0.0000000000,
                      -0.1736483100,  -0.9848078500,   0.0000000000,
                       0.0000000000,   0.0000000000,   1.0000000000
                  </Orientation>
                  <Axis type="Vector">0, 1, 0</Axis>
                  <Min type="float">-3.1415927</Min>
                  <Max type="float">3.1415927</Max>
               </HpTurret12>
               <HpTurret13>
                  <Position type="Vector">-87.776268, 25.311134, 261.01938</Position>
                  <Orientation type="Matrix">
                      75.497894e-09,   0.0000000000,   0.9999998800,
                       0.0000000000,   1.0000000000,   0.0000000000,
                      -0.9999998800,   0.0000000000,  75.497894e-09
                  </Orientation>
                  <Axis type="Vector">0, 1, 0</Axis>
                  <Min type="float">-1.5707964</Min>
                  <Max type="float">1.5707964</Max>
               </HpTurret13>
               <HpTurret14>
                  <Position type="Vector">88.120789, 25.25349, 261.21677</Position>
                  <Orientation type="Matrix">
                     -162.92067e-09,   0.0000000000,  -0.9999998800,
                       0.0000000000,   1.0000000000,   0.0000000000,
                       0.9999998800,   0.0000000000, -162.92067e-09
                  </Orientation>
                  <Axis type="Vector">0, 1, 0</Axis>
                  <Min type="float">-1.5707964</Min>
                  <Max type="float">1.5707964</Max>
               </HpTurret14>
               <HpTurret15>
                  <Position type="Vector">-78.890694, -10.100434, 23.676331</Position>
                  <Orientation type="Matrix">
                      -0.9848080300,  -0.1736473700,   0.0000000000,
                       0.1736473700,  -0.9848080300,   0.0000000000,
                       0.0000000000,   0.0000000000,   1.0000000000
                  </Orientation>
                  <Axis type="Vector">0, 1, 0</Axis>
                  <Min type="float">-3.1415927</Min>
                  <Max type="float">3.1415927</Max>
               </HpTurret15>
               <HpTurret16>
                  <Position type="Vector">78.85849, -10.110694, 23.712133</Position>
                  <Orientation type="Matrix">
                      -0.9848078500,   0.1736483100,   0.0000000000,
                      -0.1736483100,  -0.9848078500,   0.0000000000,
                       0.0000000000,   0.0000000000,   1.0000000000
                  </Orientation>
                  <Axis type="Vector">0, 1, 0</Axis>
                  <Min type="float">-3.1415927</Min>
                  <Max type="float">3.1415927</Max>
               </HpTurret16>
               <HpTurret17>
                  <Position type="Vector">-82.344307, 8.0526466, 36.905506</Position>
                  <Orientation type="Matrix">
                     -163.49986e-09,  -0.1736481500,   0.9848076100,
                     -14.864781e-09,   0.9848076700,   0.1736481300,
                      -1.0000000000,  13.635145e-09, -162.83502e-09
                  </Orientation>
                  <Axis type="Vector">0, 1, 0</Axis>
                  <Min type="float">-2.0943952</Min>
                  <Max type="float">1.5707964</Max>
               </HpTurret17>
               <HpTurret18>
                  <Position type="Vector">82.247192, 8.0765972, 37.019798</Position>
                  <Orientation type="Matrix">
                     -162.69041e-09,   0.1736481300,  -0.9848076100,
                     -14.886609e-09,   0.9848076700,   0.1736481200,
                       1.0000000000,  43.059117e-09, -156.41581e-09
                  </Orientation>
                  <Axis type="Vector">0, 1, 0</Axis>
                  <Min type="float">-1.5707964</Min>
                  <Max type="float">2.0943952</Max>
               </HpTurret18>
               <HpTurret19>
                  <Position type="Vector">-90.122437, 14.041755, 176.63855</Position>
                  <Orientation type="Matrix">
                     -164.04010e-09, -5.5879354e-09,   1.0000000000,
                      -0.0523359510,   0.9986295100, -3.7252903e-09,
                      -0.9986295100,  -0.0523359550, -152.03841e-09
                  </Orientation>
                  <Axis type="Vector">0, 1, 0</Axis>
                  <Min type="float">-1.5707964</Min>
                  <Max type="float">1.5707964</Max>
               </HpTurret19>
               <HpTurret20>
                  <Position type="Vector">90.139236, 14.041552, 176.67274</Position>
                  <Orientation type="Matrix">
                     -192.70738e-09,  7.4505806e-09,  -0.9999998200,
                       0.0523361410,   0.9986295100, -5.5879354e-09,
                       0.9986295700,  -0.0523361410, -136.49696e-09
                  </Orientation>
                  <Axis type="Vector">0, 1, 0</Axis>
                  <Min type="float">-1.5707964</Min>
                  <Max type="float">1.5707964</Max>
               </HpTurret20>
               <HpTurret21>
                  <Position type="Vector">-90.364296, 15.612806, 219.40646</Position>
                  <Orientation type="Matrix">
                     -164.04010e-09, -5.5879354e-09,   1.0000000000,
                      -0.0523359510,   0.9986295100, -3.7252903e-09,
                      -0.9986295100,  -0.0523359550, -152.03841e-09
                  </Orientation>
                  <Axis type="Vector">0, 1, 0</Axis>
                  <Min type="float">-1.5707964</Min>
                  <Max type="float">1.5707964</Max>
               </HpTurret21>
               <HpTurret22>
                  <Position type="Vector">90.538269, 15.59571, 219.43478</Position>
                  <Orientation type="Matrix">
                     -192.70738e-09,  7.4505806e-09,  -0.9999998200,
                       0.0523361410,   0.9986295100, -5.5879354e-09,
                       0.9986295700,  -0.0523361410, -136.49696e-09
                  </Orientation>
                  <Axis type="Vector">0, 1, 0</Axis>
                  <Min type="float">-1.5707964</Min>
                  <Max type="float">1.5707964</Max>
               </HpTurret22>
               <HpTurret23>
                  <Position type="Vector">-90.250656, 14.487407, 190.90479</Position>
                  <Orientation type="Matrix">
                     -164.04010e-09, -5.5879354e-09,   1.0000000000,
                      -0.0523359510,   0.9986295100, -3.7252903e-09,
                      -0.9986295100,  -0.0523359550, -152.03841e-09
                  </Orientation>
                  <Axis type="Vector">0, 1, 0</Axis>
                  <Min type="float">-0.78539819</Min>
                  <Max type="float">0.78539819</Max>
               </HpTurret23>
               <HpTurret24>
                  <Position type="Vector">-90.340988, 14.957684, 205.25</Position>
                  <Orientation type="Matrix">
                     -164.04010e-09, -5.5879354e-09,   1.0000000000,
                      -0.0523359510,   0.9986295100, -3.7252903e-09,
                      -0.9986295100,  -0.0523359550, -152.03841e-09
                  </Orientation>
                  <Axis type="Vector">0, 1, 0</Axis>
                  <Min type="float">-0.78539819</Min>
                  <Max type="float">0.78539819</Max>
               </HpTurret24>
               <HpTurret25>
                  <Position type="Vector">90.311531, 14.47948, 190.87303</Position>
                  <Orientation type="Matrix">
                     -192.70738e-09,  7.4505806e-09,  -0.9999998200,
                       0.0523361410,   0.9986295100, -5.5879354e-09,
                       0.9986295700,  -0.0523361410, -136.49696e-09
                  </Orientation>
                  <Axis type="Vector">0, 1, 0</Axis>
                  <Min type="float">-0.78539819</Min>
                  <Max type="float">0.78539819</Max>
               </HpTurret25>
               <HpTurret26>
                  <Position type="Vector">90.302261, 14.962613, 205.26828</Position>
                  <Orientation type="Matrix">
                     -192.70738e-09,  7.4505806e-09,  -0.9999998200,
                       0.0523361410,   0.9986295100, -5.5879354e-09,
                       0.9986295700,  -0.0523361410, -136.49696e-09
                  </Orientation>
                  <Axis type="Vector">0, 1, 0</Axis>
                  <Min type="float">-0.78539819</Min>
                  <Max type="float">0.78539819</Max>
               </HpTurret26>
               <HpTurret27>
                  <Position type="Vector">-140.64633, -9.7729702, 259.8808</Position>
                  <Orientation type="Matrix">
                      -0.0181204680,  -0.2071205200,   0.9781477500,
                      -0.0852511670,  -0.9744253800,  -0.2079116900,
                       0.9961946600,  -0.0871557070, -216.93995e-09
                  </Orientation>
                  <Axis type="Vector">0, 1, 0</Axis>
                  <Min type="float">-0.78539819</Min>
                  <Max type="float">0.78539819</Max>
               </HpTurret27>
               <HpTurret28>
                  <Position type="Vector">140.72011, -9.7686806, 259.83505</Position>
                  <Orientation type="Matrix">
                      -0.0181204680,   0.2071205100,  -0.9781476900,
                       0.0852511750,  -0.9744252600,  -0.2079116900,
                      -0.9961947200,  -0.0871557590, -222.35326e-09
                  </Orientation>
                  <Axis type="Vector">0, 1, 0</Axis>
                  <Min type="float">-0.78539819</Min>
                  <Max type="float">0.78539819</Max>
               </HpTurret28>
               <HpTurret29>
                  <Position type="Vector">-83.854736, -14.68564, 145.92101</Position>
                  <Orientation type="Matrix">
                      -0.0099860951,  -0.1905474500,   0.9816270500,
                      -0.0513744060,  -0.9802817700,  -0.1908089800,
                       0.9986296300,  -0.0523359180, -121.07193e-09
                  </Orientation>
                  <Axis type="Vector">0, 1, 0</Axis>
                  <Min type="float">-0.78539819</Min>
                  <Max type="float">0.78539819</Max>
               </HpTurret29>
               <HpTurret30>
                  <Position type="Vector">83.81942, -14.805433, 145.90544</Position>
                  <Orientation type="Matrix">
                      -0.0099862069,   0.1905474400,  -0.9816270500,
                       0.0513742230,  -0.9802817700,  -0.1908089500,
                      -0.9986296900,  -0.0523357760,  40.046871e-09
                  </Orientation>
                  <Axis type="Vector">0, 1, 0</Axis>
                  <Min type="float">-0.78539819</Min>
                  <Max type="float">0.78539819</Max>
               </HpTurret30>
               <HpTurret31>
                  <Position type="Vector">-42.738125, 47.338264, 168.56189</Position>
                  <Orientation type="Matrix">
                     -65.076165e-09,  -0.1391733100,   0.9902682300,
                     -8.3819032e-09,   0.9902681700,   0.1391732800,
                      -1.0000000000,  8.3819032e-09, -32.130629e-09
                  </Orientation>
                  <Axis type="Vector">0, 1, 0</Axis>
                  <Min type="float">-0.78539819</Min>
                  <Max type="float">0.78539819</Max>
               </HpTurret31>
               <HpTurret32>
                  <Position type="Vector">42.150146, 47.59214, 171.10214</Position>
                  <Orientation type="Matrix">
                     -162.74862e-09,   0.1391732800,  -0.9902680500,
                     -13.038516e-09,   0.9902681700,   0.1391732800,
                       1.0000000000,  39.115548e-09, -159.13974e-09
                  </Orientation>
                  <Axis type="Vector">0, 1, 0</Axis>
                  <Min type="float">-0.78539819</Min>
                  <Max type="float">0.78539819</Max>
               </HpTurret32>
               <HpTurret33>
                  <Position type="Vector">-13.492691, 16.537113, -71.293381</Position>
                  <Orientation type="Matrix">
                       0.0054594642,  -0.1563390200,   0.9876883600,
                      -0.0344698170,   0.9870868900,   0.1564343300,
                      -0.9993907800,  -0.0348994880, -32.887328e-09
                  </Orientation>
                  <Axis type="Vector">0, 1, 0</Axis>
                  <Min type="float">-0.78539819</Min>
                  <Max type="float">0.78539819</Max>
               </HpTurret33>
               <HpTurret34>
                  <Position type="Vector">13.166616, 16.606167, -70.852966</Position>
                  <Orientation type="Matrix">
                       0.0054592551,   0.1563390300,  -0.9876884800,
                       0.0344699250,   0.9870868300,   0.1564343100,
                       0.9993907200,  -0.0348995590, -300.90450e-09
                  </Orientation>
                  <Axis type="Vector">0, 1, 0</Axis>
                  <Min type="float">-0.78539819</Min>
                  <Max type="float">0.78539819</Max>
               </HpTurret34>
            </Revolute>
         </Hardpoints>
      </VictorySD2210822220621.3db>
   </UTF_ROOT>
</UTFXML>
