<?xml version="1.0" encoding="ISO-8859-1"?>
<!-- XML generated by UTFXML Version 2.2 built 19-Aug-2010 -->
<UTFXML filename="Voodoo_b.cmp" path="SHIPS\new\private">
   <UTF_ROOT>
      <VMeshLibrary>
         <dombug2.lod0.vms include="Voodoo_b_cmp\lod0.vms.xml"/>
         <jemhadarfgtwire.lod0.vms include="Voodoo_b_cmp\lod0.vms.xml"/>
      </VMeshLibrary>
      <Cmpnd>
         <Root>
            <File_name name="File name" type="text">dombug2.3db</File_name>
            <Index type="int">0</Index>
            <Object_name name="Object name" type="text">Root</Object_name>
         </Root>
      </Cmpnd>
      <dombug2.3db>
         <Hardpoints>
            <Fixed>
               <HpMount>
                  <Orientation type="Matrix">
                       1.0000000000,   0.0000000000,   0.0000000000,
                       0.0000000000,   1.0000000000,   0.0000000000,
                       0.0000000000,   0.0000000000,   1.0000000000
                  </Orientation>
                  <Position type="Vector">0.2495376, -69.645042, -81.480797</Position>
               </HpMount>
               <HpTractor_source>
                  <Orientation type="Matrix">
                       1.0000000000,   0.0000000000,   0.0000000000,
                       0.0000000000,   1.0000000000,   0.0000000000,
                       0.0000000000,   0.0000000000,   1.0000000000
                  </Orientation>
                  <Position type="Vector">0, 9.6995659, -236.07309</Position>
               </HpTractor_source>
               <HpShield01>
                  <Orientation type="Matrix">
                       1.0000000000,   0.0000000000,   0.0000000000,
                       0.0000000000,   1.0000000000,   0.0000000000,
                       0.0000000000,   0.0000000000,   1.0000000000
                  </Orientation>
                  <Position type="Vector">0, 0, 0</Position>
               </HpShield01>
               <HpEngine01>
                  <Orientation type="Matrix">
                       1.0000000000,   0.0000000000,   0.0000000000,
                       0.0000000000,   1.0000000000,   0.0000000000,
                       0.0000000000,   0.0000000000,   1.0000000000
                  </Orientation>
                  <Position type="Vector">-245.55521, -50.335201, 28.44376</Position>
               </HpEngine01>
               <HpEngine02>
                  <Orientation type="Matrix">
                       1.0000000000,   0.0000000000,   0.0000000000,
                       0.0000000000,   1.0000000000,   0.0000000000,
                       0.0000000000,   0.0000000000,   1.0000000000
                  </Orientation>
                  <Position type="Vector">245.4976, -50.335201, 28.44376</Position>
               </HpEngine02>
               <HpEngine03>
                  <Orientation type="Matrix">
                       1.0000000000,   0.0000000000,   0.0000000000,
                       0.0000000000,   1.0000000000,   0.0000000000,
                       0.0000000000,   0.0000000000,   1.0000000000
                  </Orientation>
                  <Position type="Vector">-244.97121, -45.87664, 76.320084</Position>
               </HpEngine03>
               <HpEngine04>
                  <Orientation type="Matrix">
                       1.0000000000,   0.0000000000,   0.0000000000,
                       0.0000000000,   1.0000000000,   0.0000000000,
                       0.0000000000,   0.0000000000,   1.0000000000
                  </Orientation>
                  <Position type="Vector">244.9136, -45.87664, 76.320084</Position>
               </HpEngine04>
               <HpCM01>
                  <Orientation type="Matrix">
                      -1.0000000000, -84.443919e-09,  22.626683e-09,
                      87.422784e-09,  -0.9659259300,   0.2588190700,
                     -888.17842e-18,   0.2588190700,   0.9659258100
                  </Orientation>
                  <Position type="Vector">0, -2.0003841, 130.99921</Position>
               </HpCM01>
               <HpPilot>
                  <Orientation type="Matrix">
                       1.0000000000,   0.0000000000,   0.0000000000,
                       0.0000000000,   1.0000000000,   0.0000000000,
                       0.0000000000,   0.0000000000,   1.0000000000
                  </Orientation>
                  <Position type="Vector">0, 24, 0</Position>
               </HpPilot>
               <HpShield02>
                  <Orientation type="Matrix">
                       1.0000000000,   0.0000000000,   0.0000000000,
                       0.0000000000,   1.0000000000,   0.0000000000,
                       0.0000000000,   0.0000000000,   1.0000000000
                  </Orientation>
                  <Position type="Vector">0, 0, 0</Position>
               </HpShield02>
               <HpShield03>
                  <Orientation type="Matrix">
                       1.0000000000,   0.0000000000,   0.0000000000,
                       0.0000000000,   1.0000000000,   0.0000000000,
                       0.0000000000,   0.0000000000,   1.0000000000
                  </Orientation>
                  <Position type="Vector">0, 0, 0</Position>
               </HpShield03>
               <HpCloak01>
                  <Orientation type="Matrix">
                       1.0000000000,   0.0000000000,   0.0000000000,
                       0.0000000000,   1.0000000000,   0.0000000000,
                       0.0000000000,   0.0000000000,   1.0000000000
                  </Orientation>
                  <Position type="Vector">0, 0, 0</Position>
               </HpCloak01>
               <HpFX01>
                  <Orientation type="Matrix">
                       1.0000000000,   0.0000000000,   0.0000000000,
                       0.0000000000,   1.0000000000,   0.0000000000,
                       0.0000000000,   0.0000000000,   1.0000000000
                  </Orientation>
                  <Position type="Vector">0, 0, 0</Position>
               </HpFX01>
               <HpFX02>
                  <Orientation type="Matrix">
                      59.604645e-09,   0.9999998800,   0.0000000000,
                      -0.9999998800,  59.604645e-09,   0.0000000000,
                       0.0000000000,   0.0000000000,   1.0000000000
                  </Orientation>
                  <Position type="Vector">0, 0, 0</Position>
               </HpFX02>
               <HpFX03>
                  <Orientation type="Matrix">
                       1.0000000000,   0.0000000000,   0.0000000000,
                       0.0000000000,  59.604645e-09,   0.9999998800,
                       0.0000000000,  -0.9999998800,  59.604645e-09
                  </Orientation>
                  <Position type="Vector">0, 0, 0</Position>
               </HpFX03>
               <HpFX04>
                  <Orientation type="Matrix">
                       1.0000000000,   0.0000000000,   0.0000000000,
                       0.0000000000,   1.0000000000,   0.0000000000,
                       0.0000000000,   0.0000000000,   1.0000000000
                  </Orientation>
                  <Position type="Vector">0, 0, 0</Position>
               </HpFX04>
               <HpFX05>
                  <Orientation type="Matrix">
                       1.0000000000,   0.0000000000,   0.0000000000,
                       0.0000000000,   1.0000000000,   0.0000000000,
                       0.0000000000,   0.0000000000,   1.0000000000
                  </Orientation>
                  <Position type="Vector">0, 0, 0</Position>
               </HpFX05>
               <HpFX06>
                  <Orientation type="Matrix">
                       1.0000000000,   0.0000000000,   0.0000000000,
                       0.0000000000,   1.0000000000,   0.0000000000,
                       0.0000000000,   0.0000000000,   1.0000000000
                  </Orientation>
                  <Position type="Vector">0, 0, 0</Position>
               </HpFX06>
               <HpFX07>
                  <Orientation type="Matrix">
                       1.0000000000,   0.0000000000,   0.0000000000,
                       0.0000000000,   1.0000000000,   0.0000000000,
                       0.0000000000,   0.0000000000,   1.0000000000
                  </Orientation>
                  <Position type="Vector">0, 0, 0</Position>
               </HpFX07>
               <HpBayDoor01>
                  <Orientation type="Matrix">
                       1.0000000000,   0.0000000000,   0.0000000000,
                       0.0000000000,   1.0000000000,   0.0000000000,
                       0.0000000000,   0.0000000000,   1.0000000000
                  </Orientation>
                  <Position type="Vector">0, -90, 0</Position>
               </HpBayDoor01>
               <HpBayDoor02>
                  <Orientation type="Matrix">
                       1.0000000000,   0.0000000000,   0.0000000000,
                       0.0000000000,   1.0000000000,   0.0000000000,
                       0.0000000000,   0.0000000000,   1.0000000000
                  </Orientation>
                  <Position type="Vector">0, -100, 0</Position>
               </HpBayDoor02>
            </Fixed>
            <Revolute>
               <HpTorpedo01>
                  <Axis type="Vector">0, 1, 0</Axis>
                  <Max type="float">1.5707964</Max>
                  <Min type="float">-1.5707964</Min>
                  <Orientation type="Matrix">
                      -0.9998475900,  -0.0163999460,   0.0059690913,
                       0.0174524560,  -0.9395493900,   0.3419680000,
                      232.83064e-12,   0.3420200900,   0.9396926200
                  </Orientation>
                  <Position type="Vector">0, 8.2429514, -239.01375</Position>
               </HpTorpedo01>
               <HpTurret01>
                  <Axis type="Vector">0, 1, 0</Axis>
                  <Max type="float">3.1415927</Max>
                  <Min type="float">-3.1415927</Min>
                  <Orientation type="Matrix">
                       1.0000000000,   0.0000000000,  -0.0000000000,
                      -0.0000000000,   0.9993908400,  -0.0348994960,
                       0.0000000000,   0.0348994960,   0.9993908400
                  </Orientation>
                  <Position type="Vector">0, 64.056808, -24.253178</Position>
               </HpTurret01>
               <HpTurret02>
                  <Axis type="Vector">0, 1, 0</Axis>
                  <Max type="float">3.1415927</Max>
                  <Min type="float">-3.1415927</Min>
                  <Orientation type="Matrix">
                       1.0000000000,   0.0000000000,  -0.0000000000,
                      -0.0000000000,   0.9993908400,  -0.0348994960,
                       0.0000000000,   0.0348994960,   0.9993908400
                  </Orientation>
                  <Position type="Vector">50, 71.938644, -32.502121</Position>
               </HpTurret02>
               <HpTurret03>
                  <Axis type="Vector">0, 1, 0</Axis>
                  <Max type="float">3.1415927</Max>
                  <Min type="float">-3.1415927</Min>
                  <Orientation type="Matrix">
                       1.0000000000,   0.0000000000,  -0.0000000000,
                      -0.0000000000,   0.9993908400,  -0.0348994960,
                       0.0000000000,   0.0348994960,   0.9993908400
                  </Orientation>
                  <Position type="Vector">-50, 71.949837, -32.822735</Position>
               </HpTurret03>
               <HpTurret04>
                  <Axis type="Vector">0, 1, 0</Axis>
                  <Max type="float">3.1415927</Max>
                  <Min type="float">-3.1415927</Min>
                  <Orientation type="Matrix">
                       1.0000000000,   0.0000000000,  -0.0000000000,
                      -0.0000000000,   0.9993908400,  -0.0348994960,
                       0.0000000000,   0.0348994960,   0.9993908400
                  </Orientation>
                  <Position type="Vector">49.525505, 69.609673, 6.3078742</Position>
               </HpTurret04>
               <HpTurret05>
                  <Axis type="Vector">0, 1, 0</Axis>
                  <Max type="float">3.1415927</Max>
                  <Min type="float">-3.1415927</Min>
                  <Orientation type="Matrix">
                       1.0000000000,   0.0000000000,  -0.0000000000,
                      -0.0000000000,   0.9993908400,  -0.0348994960,
                       0.0000000000,   0.0348994960,   0.9993908400
                  </Orientation>
                  <Position type="Vector">-49.47448, 69.599174, 6.608408</Position>
               </HpTurret05>
               <HpTurret06>
                  <Axis type="Vector">0, 1, 0</Axis>
                  <Max type="float">3.1415927</Max>
                  <Min type="float">-3.1415927</Min>
                  <Orientation type="Matrix">
                       1.0000000000,   0.0000000000,  -0.0000000000,
                      -0.0000000000,   0.9993908400,  -0.0348994960,
                       0.0000000000,   0.0348994960,   0.9993908400
                  </Orientation>
                  <Position type="Vector">12.072014, 64.731194, -44.671551</Position>
               </HpTurret06>
               <HpTurret07>
                  <Axis type="Vector">0, 1, 0</Axis>
                  <Max type="float">3.1415927</Max>
                  <Min type="float">-3.1415927</Min>
                  <Orientation type="Matrix">
                       1.0000000000,   0.0000000000,  -0.0000000000,
                      -0.0000000000,   0.9993908400,  -0.0348994960,
                       0.0000000000,   0.0348994960,   0.9993908400
                  </Orientation>
                  <Position type="Vector">-12.170594, 64.729149, -44.609623</Position>
               </HpTurret07>
               <HpTurret08>
                  <Axis type="Vector">0, 1, 0</Axis>
                  <Max type="float">2.0943952</Max>
                  <Min type="float">-2.0943952</Min>
                  <Orientation type="Matrix">
                      -1.0000000000,   0.0000000000,  87.422784e-09,
                      3.0510108e-09,   0.9993908400,   0.0348994960,
                     -87.369521e-09,   0.0348994960,  -0.9993908400
                  </Orientation>
                  <Position type="Vector">48.422291, 61.955608, 39.262363</Position>
               </HpTurret08>
               <HpTurret09>
                  <Axis type="Vector">0, 1, 0</Axis>
                  <Max type="float">2.0943952</Max>
                  <Min type="float">-2.0943952</Min>
                  <Orientation type="Matrix">
                      -1.0000000000,   0.0000000000,  87.422784e-09,
                      3.0510108e-09,   0.9993908400,   0.0348994960,
                     -87.369521e-09,   0.0348994960,  -0.9993908400
                  </Orientation>
                  <Position type="Vector">-48.083786, 62.001625, 37.944527</Position>
               </HpTurret09>
               <HpTurret10>
                  <Axis type="Vector">0, 1, 0</Axis>
                  <Max type="float">1.5707964</Max>
                  <Min type="float">-1.5707964</Min>
                  <Orientation type="Matrix">
                      -1.0000000000,   0.0000000000,  87.422777e-09,
                       0.0000000000,   1.0000000000,  -0.0000000000,
                     -87.422777e-09,   0.0000000000,  -1.0000000000
                  </Orientation>
                  <Position type="Vector">0, 62.267239, 29.929893</Position>
               </HpTurret10>
               <HpTurret11>
                  <Axis type="Vector">0, 1, 0</Axis>
                  <Max type="float">3.1415927</Max>
                  <Min type="float">-3.1415927</Min>
                  <Orientation type="Matrix">
                       1.0000000000,   0.0000000000,   0.0000000000,
                       0.0000000000,   0.9816271700,   0.1908090000,
                       0.0000000000,  -0.1908090000,   0.9816271700
                  </Orientation>
                  <Position type="Vector">6.2516479, 61.697987, -84.404991</Position>
               </HpTurret11>
               <HpTurret12>
                  <Axis type="Vector">0, 1, 0</Axis>
                  <Max type="float">3.1415927</Max>
                  <Min type="float">-3.1415927</Min>
                  <Orientation type="Matrix">
                       1.0000000000,   0.0000000000,   0.0000000000,
                       0.0000000000,   0.9816271700,   0.1908090000,
                       0.0000000000,  -0.1908090000,   0.9816271700
                  </Orientation>
                  <Position type="Vector">-6.8906708, 61.701958, -84.38456</Position>
               </HpTurret12>
               <HpTurret13>
                  <Axis type="Vector">0, 1, 0</Axis>
                  <Max type="float">3.1415927</Max>
                  <Min type="float">-3.1415927</Min>
                  <Orientation type="Matrix">
                       1.0000000000,   0.0000000000,   0.0000000000,
                       0.0000000000,   0.9816271700,   0.1908090000,
                       0.0000000000,  -0.1908090000,   0.9816271700
                  </Orientation>
                  <Position type="Vector">44.399418, 62.152233, -82.068069</Position>
               </HpTurret13>
               <HpTurret14>
                  <Axis type="Vector">0, 1, 0</Axis>
                  <Max type="float">3.1415927</Max>
                  <Min type="float">-3.1415927</Min>
                  <Orientation type="Matrix">
                       1.0000000000,   0.0000000000,   0.0000000000,
                       0.0000000000,   0.9816271700,   0.1908090000,
                       0.0000000000,  -0.1908090000,   0.9816271700
                  </Orientation>
                  <Position type="Vector">-44.231308, 62.134377, -82.159966</Position>
               </HpTurret14>
               <HpTurret15>
                  <Axis type="Vector">0, 1, 0</Axis>
                  <Max type="float">1.7453293</Max>
                  <Min type="float">-1.5707964</Min>
                  <Orientation type="Matrix">
                       0.0315421630,   0.2568898200,  -0.9659257500,
                       0.1177167400,   0.9587259900,   0.2588190100,
                       0.9925460200,  -0.1218693300,  59.604645e-09
                  </Orientation>
                  <Position type="Vector">121.46167, 30.062044, -91.908508</Position>
               </HpTurret15>
               <HpTurret16>
                  <Axis type="Vector">0, 1, 0</Axis>
                  <Max type="float">1.5707964</Max>
                  <Min type="float">-1.7453293</Min>
                  <Orientation type="Matrix">
                       0.0315421630,  -0.2568898200,   0.9659257500,
                      -0.1177167400,   0.9587259900,   0.2588190100,
                      -0.9925460200,  -0.1218693300,  59.604645e-09
                  </Orientation>
                  <Position type="Vector">-121.38093, 30.04314, -92.054924</Position>
               </HpTurret16>
               <HpTurret17>
                  <Axis type="Vector">0, 1, 0</Axis>
                  <Max type="float">1.7453293</Max>
                  <Min type="float">-1.7453293</Min>
                  <Orientation type="Matrix">
                      -0.0158438680,   0.4537138900,  -0.8910063500,
                      -0.0310956390,   0.8904637700,   0.4539904600,
                       0.9993906000,   0.0348994880,  178.81393e-09
                  </Orientation>
                  <Position type="Vector">208.83546, 4.1691761, -50.326687</Position>
               </HpTurret17>
               <HpTurret18>
                  <Axis type="Vector">0, 1, 0</Axis>
                  <Max type="float">1.7453293</Max>
                  <Min type="float">-1.7453293</Min>
                  <Orientation type="Matrix">
                      -0.0158438680,  -0.4537138900,   0.8910063500,
                       0.0310956390,   0.8904637700,   0.4539904600,
                      -0.9993906000,   0.0348994880,  178.81393e-09
                  </Orientation>
                  <Position type="Vector">-209.0215, 4.0956969, -50.504742</Position>
               </HpTurret18>
               <HpTurret19>
                  <Axis type="Vector">0, 1, 0</Axis>
                  <Max type="float">1.7453293</Max>
                  <Min type="float">-1.7453293</Min>
                  <Orientation type="Matrix">
                     -7.4505806e-09,   0.4226182100,  -0.9063077000,
                      44.703484e-09,   0.9063078200,   0.4226182400,
                       0.9999998800,   0.0000000000,   0.0000000000
                  </Orientation>
                  <Position type="Vector">237.78888, -10.587788, -27.821663</Position>
               </HpTurret19>
               <HpTurret20>
                  <Axis type="Vector">0, 1, 0</Axis>
                  <Max type="float">1.7453293</Max>
                  <Min type="float">-1.7453293</Min>
                  <Orientation type="Matrix">
                     -7.4505806e-09,  -0.4226182100,   0.9063077000,
                     -44.703484e-09,   0.9063078200,   0.4226182400,
                      -0.9999998800,   0.0000000000,   0.0000000000
                  </Orientation>
                  <Position type="Vector">-238.2475, -10.789021, -28.329357</Position>
               </HpTurret20>
               <HpTurret21>
                  <Axis type="Vector">0, 1, 0</Axis>
                  <Max type="float">1.5707964</Max>
                  <Min type="float">-1.7453293</Min>
                  <Orientation type="Matrix">
                      81.920007e-09,   0.0000000000,  -0.9999998800,
                      -0.0174524040,   0.9998476500,  1.8626451e-09,
                       0.9998475300,   0.0174524040,  59.604645e-09
                  </Orientation>
                  <Position type="Vector">247.67348, -23.42787, 49.296585</Position>
               </HpTurret21>
               <HpTurret22>
                  <Axis type="Vector">0, 1, 0</Axis>
                  <Max type="float">1.7453293</Max>
                  <Min type="float">-1.5707964</Min>
                  <Orientation type="Matrix">
                      81.920007e-09,   0.0000000000,   0.9999998800,
                       0.0174524040,   0.9998476500,  1.8626451e-09,
                      -0.9998475300,   0.0174524040,  59.604645e-09
                  </Orientation>
                  <Position type="Vector">-247.86862, -23.426102, 49.2229</Position>
               </HpTurret22>
               <HpTurret23>
                  <Axis type="Vector">0, 1, 0</Axis>
                  <Max type="float">1.5707964</Max>
                  <Min type="float">-1.7453293</Min>
                  <Orientation type="Matrix">
                      81.920007e-09,   0.0000000000,  -0.9999998800,
                      -0.0174524040,   0.9998476500,  1.8626451e-09,
                       0.9998475300,   0.0174524040,  59.604645e-09
                  </Orientation>
                  <Position type="Vector">245.13034, -24.236675, 83.193123</Position>
               </HpTurret23>
               <HpTurret24>
                  <Axis type="Vector">0, 1, 0</Axis>
                  <Max type="float">1.7453293</Max>
                  <Min type="float">-1.5707964</Min>
                  <Orientation type="Matrix">
                      81.920007e-09,   0.0000000000,   0.9999998800,
                       0.0174524040,   0.9998476500,  1.8626451e-09,
                      -0.9998475300,   0.0174524040,  59.604645e-09
                  </Orientation>
                  <Position type="Vector">-245.80377, -24.235863, 83.158951</Position>
               </HpTurret24>
               <HpTurret25>
                  <Axis type="Vector">0, 1, 0</Axis>
                  <Max type="float">3.1415927</Max>
                  <Min type="float">-3.1415927</Min>
                  <Orientation type="Matrix">
                      50.291419e-09,   0.2923716300,  -0.9563046700,
                      14.901161e-09,   0.9563047900,   0.2923716600,
                       0.9999998800,   0.0000000000,  59.604645e-09
                  </Orientation>
                  <Position type="Vector">108.71152, 43.233204, 29.368654</Position>
               </HpTurret25>
               <HpTurret26>
                  <Axis type="Vector">0, 1, 0</Axis>
                  <Max type="float">3.1415927</Max>
                  <Min type="float">-3.1415927</Min>
                  <Orientation type="Matrix">
                      50.291419e-09,  -0.2923716300,   0.9563046700,
                     -14.901161e-09,   0.9563047900,   0.2923716600,
                      -0.9999998800,   0.0000000000,  59.604645e-09
                  </Orientation>
                  <Position type="Vector">-108.71152, 43.233204, 29.368654</Position>
               </HpTurret26>
               <HpTurret27>
                  <Axis type="Vector">0, 1, 0</Axis>
                  <Max type="float">0.78539819</Max>
                  <Min type="float">-0.78539819</Min>
                  <Orientation type="Matrix">
                      -0.0151344460,   0.0858316570,  -0.9961947200,
                      -0.1729873900,   0.9810602700,   0.0871557440,
                       0.9848077300,   0.1736481600,   0.0000000000
                  </Orientation>
                  <Position type="Vector">88.201843, 37.287849, 123.61081</Position>
               </HpTurret27>
               <HpTurret28>
                  <Axis type="Vector">0, 1, 0</Axis>
                  <Max type="float">0.78539819</Max>
                  <Min type="float">-0.78539819</Min>
                  <Orientation type="Matrix">
                      -0.0151344460,  -0.0858316570,   0.9961947200,
                       0.1729873900,   0.9810602700,   0.0871557440,
                      -0.9848077300,   0.1736481600,   0.0000000000
                  </Orientation>
                  <Position type="Vector">-87.020988, 37.677547, 123.18229</Position>
               </HpTurret28>
               <HpTurret29>
                  <Axis type="Vector">0, 1, 0</Axis>
                  <Max type="float">0.78539819</Max>
                  <Min type="float">-0.78539819</Min>
                  <Orientation type="Matrix">
                      149.01161e-09,   0.9998475300,  -0.0174523890,
                      119.20929e-09,   0.0174525680,   0.9998475300,
                       0.9999998800,   0.0000000000,  59.604645e-09
                  </Orientation>
                  <Position type="Vector">258.90344, -55.230824, -29.331785</Position>
               </HpTurret29>
               <HpTurret30>
                  <Axis type="Vector">0, 1, 0</Axis>
                  <Max type="float">0.78539819</Max>
                  <Min type="float">-0.78539819</Min>
                  <Orientation type="Matrix">
                      149.01161e-09,  -0.9998475300,   0.0174523890,
                     -119.20929e-09,   0.0174525680,   0.9998475300,
                      -0.9999998800,   0.0000000000,  59.604645e-09
                  </Orientation>
                  <Position type="Vector">-258.94855, -54.866928, -29.429808</Position>
               </HpTurret30>
               <HpTurret31>
                  <Axis type="Vector">0, 1, 0</Axis>
                  <Max type="float">0.78539819</Max>
                  <Min type="float">-0.78539819</Min>
                  <Orientation type="Matrix">
                      304.81815e-06,  -0.0174497960,  -0.9998474700,
                       0.0174497440,  -0.9996950000,   0.0174524540,
                      -0.9998474700,  -0.0174524020,  178.81393e-09
                  </Orientation>
                  <Position type="Vector">12.870022, -2.0361569, -198.30817</Position>
               </HpTurret31>
               <HpTurret32>
                  <Axis type="Vector">0, 1, 0</Axis>
                  <Max type="float">0.78539819</Max>
                  <Min type="float">-0.78539819</Min>
                  <Orientation type="Matrix">
                     -304.22211e-06,  -0.0174497960,   0.9998474700,
                      -0.0174497480,  -0.9996950000,  -0.0174524520,
                       0.9998474700,  -0.0174524040,  52.008545e-09
                  </Orientation>
                  <Position type="Vector">-12.234044, -2.0388131, -198.32301</Position>
               </HpTurret32>
               <HpTurret33>
                  <Axis type="Vector">0, 1, 0</Axis>
                  <Max type="float">1.7453293</Max>
                  <Min type="float">-1.7453293</Min>
                  <Orientation type="Matrix">
                      -1.0000000000, -87.369521e-09,  3.0510108e-09,
                      87.422784e-09,  -0.9993908400,   0.0348994960,
                       0.0000000000,   0.0348994960,   0.9993908400
                  </Orientation>
                  <Position type="Vector">0, -2.498491, -211.76353</Position>
               </HpTurret33>
               <HpTurret34>
                  <Axis type="Vector">0, 1, 0</Axis>
                  <Max type="float">1.5707964</Max>
                  <Min type="float">-1.5707964</Min>
                  <Orientation type="Matrix">
                      -1.0000000000, -87.422777e-09,   0.0000000000,
                      87.422777e-09,  -1.0000000000,  -0.0000000000,
                       0.0000000000,   0.0000000000,   1.0000000000
                  </Orientation>
                  <Position type="Vector">0, -8.0324345, -106.19754</Position>
               </HpTurret34>
               <HpTurret35>
                  <Axis type="Vector">0, 1, 0</Axis>
                  <Max type="float">1.5707964</Max>
                  <Min type="float">-1.5707964</Min>
                  <Orientation type="Matrix">
                      -0.9999998800, -82.150528e-09,  29.900345e-09,
                      87.422769e-09,  -0.9396925000,   0.3420200900,
                       0.0000000000,   0.3420200900,   0.9396926200
                  </Orientation>
                  <Position type="Vector">0, -7.7077661, 108.51378</Position>
               </HpTurret35>
               <HpTurret36>
                  <Axis type="Vector">0, 1, 0</Axis>
                  <Max type="float">0.78539819</Max>
                  <Min type="float">-0.78539819</Min>
                  <Orientation type="Matrix">
                       1.0000000000, -82.150535e-09, -57.522428e-09,
                     -57.522428e-09,  -0.9396925000,   0.3420200900,
                     -82.150535e-09,  -0.3420200900,  -0.9396925000
                  </Orientation>
                  <Position type="Vector">0, -18.792164, -7.1751938</Position>
               </HpTurret36>
               <HpTurret37>
                  <Axis type="Vector">0, 1, 0</Axis>
                  <Max type="float">0.78539819</Max>
                  <Min type="float">-0.78539819</Min>
                  <Orientation type="Matrix">
                      238.41858e-09, -87.544322e-09,  -0.9999998200,
                       0.0348994880,  -0.9993905400,  89.406967e-09,
                      -0.9993906600,  -0.0348994920,  54.453267e-09
                  </Orientation>
                  <Position type="Vector">99.793617, 10.4523, -136.75438</Position>
               </HpTurret37>
               <HpTurret38>
                  <Axis type="Vector">0, 1, 0</Axis>
                  <Max type="float">0.78539819</Max>
                  <Min type="float">-0.78539819</Min>
                  <Orientation type="Matrix">
                      238.41858e-09, -87.544322e-09,   0.9999998200,
                      -0.0348994880,  -0.9993905400, -83.819032e-09,
                       0.9993906600,  -0.0348994880,  51.426468e-09
                  </Orientation>
                  <Position type="Vector">-99.330803, 10.426298, -136.34991</Position>
               </HpTurret38>
               <HpTurret39>
                  <Axis type="Vector">0, 1, 0</Axis>
                  <Max type="float">1.5707964</Max>
                  <Min type="float">-0.78539819</Min>
                  <Orientation type="Matrix">
                      -0.9612616300,  -0.2756373600,  -0.0000000000,
                       0.2756373600,  -0.9612616300,   0.0000000000,
                       0.0000000000,  -0.0000000000,   1.0000000000
                  </Orientation>
                  <Position type="Vector">169.85138, 1.9897929, -63.41703</Position>
               </HpTurret39>
               <HpTurret40>
                  <Axis type="Vector">0, 1, 0</Axis>
                  <Max type="float">0.78539819</Max>
                  <Min type="float">-1.5707964</Min>
                  <Orientation type="Matrix">
                      -0.9612616300,   0.2756373600,   0.0000000000,
                      -0.2756373600,  -0.9612616300,   0.0000000000,
                       0.0000000000,   0.0000000000,   1.0000000000
                  </Orientation>
                  <Position type="Vector">-169.65771, 2.0839889, -63.467022</Position>
               </HpTurret40>
            </Revolute>
         </Hardpoints>
         <MultiLevel>
            <Level0>
               <VMeshPart>
                  <VMeshRef type="VMeshRef">
                     <!-- header size  --> 60,
                     <!-- vmesh lib    --> dombug2.lod0.vms,
                     <!-- start vert   --> 0,
                     <!-- num verts    --> 1396,
                     <!-- start index  --> 0,
                     <!-- num indices  --> 3552,
                     <!-- start mesh   --> 0,
                     <!-- num meshes   --> 3,
                     <!-- bounding box -->  261.09161,      72.211319,  247.0285,
                                           -261.1235,      -64.785583, -240.3062,
                     <!-- center       -->   -0.015945431,   3.712868,    3.3611979,
                     <!-- radius       --> 358.29691
                  </VMeshRef>
               </VMeshPart>
            </Level0>
         </MultiLevel>
         <VMeshWire include="Voodoo_b_cmp\dombug2.vwd.xml"/>
      </dombug2.3db>
   </UTF_ROOT>
</UTFXML>
