<?xml version="1.0" encoding="ISO-8859-1"?>
<!-- XML generated by UTFXML Version 2.2 built 19-Aug-2010 -->
<UTFXML filename="Yamato.cmp" path="SHIPS\new\private">
   <UTF_ROOT>
      <VMeshLibrary>
         <Yamamoto01.lod0.vms include="Yamato_cmp\lod0.vms.xml"/>
      </VMeshLibrary>
      <Cmpnd>
         <Root>
            <File_name name="File name" type="text">Yamamoto01.3db</File_name>
            <Index type="int">0</Index>
            <Object_name name="Object name" type="text">Root</Object_name>
         </Root>
      </Cmpnd>
      <Yamamoto01.3db>
         <Hardpoints>
            <Fixed>
               <HpMount01>
                  <Orientation type="Matrix">
                       1.0000000000,   0.0000000000,   0.0000000000,
                       0.0000000000,   1.0000000000,   0.0000000000,
                       0.0000000000,   0.0000000000,   1.0000000000
                  </Orientation>
                  <Position type="Vector">0, -54.6, -111.63</Position>
               </HpMount01>
               <HpEngine01>
                  <Orientation type="Matrix">
                       1.0000000000,   0.0000000000,   0.0000000000,
                       0.0000000000,   1.0000000000,   0.0000000000,
                       0.0000000000,   0.0000000000,   1.0000000000
                  </Orientation>
                  <Position type="Vector">0.1458165, 4.4202871, 193.65303</Position>
               </HpEngine01>
               <HpEngine02>
                  <Orientation type="Matrix">
                       1.0000000000,   0.0000000000,   0.0000000000,
                       0.0000000000,   1.0000000000,   0.0000000000,
                       0.0000000000,   0.0000000000,   1.0000000000
                  </Orientation>
                  <Position type="Vector">16.2, -14.769724, 158.08939</Position>
               </HpEngine02>
               <HpEngine03>
                  <Orientation type="Matrix">
                       1.0000000000,   0.0000000000,   0.0000000000,
                       0.0000000000,   1.0000000000,   0.0000000000,
                       0.0000000000,   0.0000000000,   1.0000000000
                  </Orientation>
                  <Position type="Vector">-16.012161, -14.842361, 158.33528</Position>
               </HpEngine03>
               <HpRadar01>
                  <Orientation type="Matrix">
                       1.0000000000,  -0.0000000000,   0.0000000000,
                       0.0000000000,   1.0000000000,   0.0000000000,
                      -0.0000000000,   0.0000000000,   1.0000000000
                  </Orientation>
                  <Position type="Vector">0, 77.4, 3.5699983</Position>
               </HpRadar01>
               <HpShield01>
                  <Orientation type="Matrix">
                      -1.0000000000,  519.98376e-09,   0.0000000000,
                     -519.98376e-09,  -1.0000000000,  4.5881188e-06,
                      2.3857472e-12,  4.5881188e-06,   1.0000000000
                  </Orientation>
                  <Position type="Vector">0, 5.4, -5.43</Position>
               </HpShield01>
               <HpTractor_source01>
                  <Orientation type="Matrix">
                       1.0000000000,   0.0000000000,   0.0000000000,
                       0.0000000000,   1.0000000000,   0.0000000000,
                       0.0000000000,   0.0000000000,   1.0000000000
                  </Orientation>
                  <Position type="Vector">0.096755996, -35.049015, -80.953247</Position>
               </HpTractor_source01>
               <HpRunningLight01>
                  <Orientation type="Matrix">
                      -0.9900934100,  5.0673525e-06,   0.0000000000,
                     -5.0673525e-06,  -0.9900934100,   0.1404100100,
                      711.50697e-09,   0.1390190300,   0.9802849900
                  </Orientation>
                  <Position type="Vector">0, -44.64, -5.43</Position>
               </HpRunningLight01>
               <HpRunningLight02>
                  <Orientation type="Matrix">
                       1.0000000000,   0.0000000000,   0.0000000000,
                       0.0000000000,   1.0000000000,   0.0000000000,
                       0.0000000000,   0.0000000000,   1.0000000000
                  </Orientation>
                  <Position type="Vector">0, 44.1, 185.37001</Position>
               </HpRunningLight02>
               <HpRunningLight03>
                  <Orientation type="Matrix">
                      59.604645e-09,   0.9999998800,   0.0000000000,
                      -0.9999998800,  59.604645e-09,   0.0000000000,
                       0.0000000000,   0.0000000000,   1.0000000000
                  </Orientation>
                  <Position type="Vector">45.9, -19.8, 187.17001</Position>
               </HpRunningLight03>
               <HpRunningLight04>
                  <Orientation type="Matrix">
                      59.604645e-09,  -0.9999998800,  -0.0000000000,
                       0.9999998800,  59.604645e-09,   0.0000000000,
                       0.0000000000,  -0.0000000000,   1.0000000000
                  </Orientation>
                  <Position type="Vector">-45.9, -19.8, 187.17001</Position>
               </HpRunningLight04>
               <HpRunningLight05>
                  <Orientation type="Matrix">
                     -36.769201e-06,   1.0000000000,   0.0000000000,
                      -1.0000000000, -36.769201e-06,  721.92569e-09,
                      721.92563e-09,  26.544631e-12,   0.9999998800
                  </Orientation>
                  <Position type="Vector">41.4, 64.26001, 23.37</Position>
               </HpRunningLight05>
               <HpRunningLight06>
                  <Orientation type="Matrix">
                      150.40027e-06,  -1.0000000000,   0.0000000000,
                       1.0000000000,  150.40027e-06,  1.5082267e-06,
                     -1.5082265e-06, -226.83770e-12,   0.9999998800
                  </Orientation>
                  <Position type="Vector">-41.4, 64.26001, 23.37</Position>
               </HpRunningLight06>
               <HpRunningLight07>
                  <Orientation type="Matrix">
                       1.0000000000,   0.0000000000,   0.0000000000,
                       0.0000000000,   1.0000000000,   0.0000000000,
                       0.0000000000,   0.0000000000,   1.0000000000
                  </Orientation>
                  <Position type="Vector">12.6, 72, 1.7699986</Position>
               </HpRunningLight07>
               <HpRunningLight08>
                  <Orientation type="Matrix">
                       1.0000000000,   0.0000000000,   0.0000000000,
                       0.0000000000,   1.0000000000,   0.0000000000,
                       0.0000000000,   0.0000000000,   1.0000000000
                  </Orientation>
                  <Position type="Vector">-12.6, 72, 1.7699986</Position>
               </HpRunningLight08>
               <HpCockpit>
                  <Orientation type="Matrix">
                       1.0000000000,   0.0000000000,   0.0000000000,
                       0.0000000000,   1.0000000000,   0.0000000000,
                       0.0000000000,   0.0000000000,   1.0000000000
                  </Orientation>
                  <Position type="Vector">-0.089625597, 51.522141, -12.959095</Position>
               </HpCockpit>
               <HpPilot>
                  <Orientation type="Matrix">
                       1.0000000000,   0.0000000000,   0.0000000000,
                       0.0000000000,   1.0000000000,   0.0000000000,
                       0.0000000000,   0.0000000000,   1.0000000000
                  </Orientation>
                  <Position type="Vector">-4.5, 54.72, -11.877214</Position>
               </HpPilot>
               <HpMount>
                  <Orientation type="Matrix">
                       1.0000000000,   0.0000000000,   0.0000000000,
                       0.0000000000,   1.0000000000,   0.0000000000,
                       0.0000000000,   0.0000000000,   1.0000000000
                  </Orientation>
                  <Position type="Vector">0, -36, -95.4</Position>
               </HpMount>
               <HpShield02>
                  <Orientation type="Matrix">
                       1.0000000000,   0.0000000000,   0.0000000000,
                       0.0000000000,   1.0000000000,   0.0000000000,
                       0.0000000000,   0.0000000000,   1.0000000000
                  </Orientation>
                  <Position type="Vector">0, 0, 0</Position>
               </HpShield02>
               <HpShield03>
                  <Orientation type="Matrix">
                       1.0000000000,   0.0000000000,   0.0000000000,
                       0.0000000000,   1.0000000000,   0.0000000000,
                       0.0000000000,   0.0000000000,   1.0000000000
                  </Orientation>
                  <Position type="Vector">0, 0, 0</Position>
               </HpShield03>
               <HpFX01>
                  <Orientation type="Matrix">
                       1.0000000000,   0.0000000000,   0.0000000000,
                       0.0000000000,   1.0000000000,   0.0000000000,
                       0.0000000000,   0.0000000000,   1.0000000000
                  </Orientation>
                  <Position type="Vector">-4.2799683, 60.842438, 27.049961</Position>
               </HpFX01>
               <HpFX02>
                  <Orientation type="Matrix">
                       1.0000000000,   0.0000000000,   0.0000000000,
                       0.0000000000,   1.0000000000,   0.0000000000,
                       0.0000000000,   0.0000000000,   1.0000000000
                  </Orientation>
                  <Position type="Vector">3.3758841, 60.767681, 27.217896</Position>
               </HpFX02>
               <HpFX03>
                  <Orientation type="Matrix">
                       1.0000000000,   0.0000000000,   0.0000000000,
                       0.0000000000,   1.0000000000,   0.0000000000,
                       0.0000000000,   0.0000000000,   1.0000000000
                  </Orientation>
                  <Position type="Vector">-3.9015775, 58.594379, 32.099197</Position>
               </HpFX03>
               <HpFX04>
                  <Orientation type="Matrix">
                       1.0000000000,   0.0000000000,   0.0000000000,
                       0.0000000000,   1.0000000000,   0.0000000000,
                       0.0000000000,   0.0000000000,   1.0000000000
                  </Orientation>
                  <Position type="Vector">3.7818775, 58.849434, 31.526333</Position>
               </HpFX04>
               <HpFX05>
                  <Orientation type="Matrix">
                       1.0000000000,   0.0000000000,   0.0000000000,
                       0.0000000000,   1.0000000000,   0.0000000000,
                       0.0000000000,   0.0000000000,   1.0000000000
                  </Orientation>
                  <Position type="Vector">-3.7417793, 56.629108, 36.513229</Position>
               </HpFX05>
               <HpFX06>
                  <Orientation type="Matrix">
                       1.0000000000,   0.0000000000,   0.0000000000,
                       0.0000000000,   1.0000000000,   0.0000000000,
                       0.0000000000,   0.0000000000,   1.0000000000
                  </Orientation>
                  <Position type="Vector">4.1929383, 56.55114, 36.68837</Position>
               </HpFX06>
               <HpBayDoor01>
                  <Orientation type="Matrix">
                       1.0000000000,   0.0000000000,   0.0000000000,
                       0.0000000000,   1.0000000000,   0.0000000000,
                       0.0000000000,   0.0000000000,   1.0000000000
                  </Orientation>
                  <Position type="Vector">0, -44.114784, -8.3258476</Position>
               </HpBayDoor01>
               <HpBayDoor02>
                  <Orientation type="Matrix">
                       1.0000000000,   0.0000000000,   0.0000000000,
                       0.0000000000,   1.0000000000,   0.0000000000,
                       0.0000000000,   0.0000000000,   1.0000000000
                  </Orientation>
                  <Position type="Vector">0, -55.5, -8.3227234</Position>
               </HpBayDoor02>
               <HpCM01>
                  <Orientation type="Matrix">
                      -1.0000000000, -87.422777e-09,   0.0000000000,
                      87.422777e-09,  -1.0000000000,  -0.0000000000,
                       0.0000000000,   0.0000000000,   1.0000000000
                  </Orientation>
                  <Position type="Vector">0.071764499, 42.053493, 191.64052</Position>
               </HpCM01>
               <HpCloak01>
                  <Orientation type="Matrix">
                       1.0000000000,   0.0000000000,   0.0000000000,
                       0.0000000000,   1.0000000000,   0.0000000000,
                       0.0000000000,   0.0000000000,   1.0000000000
                  </Orientation>
                  <Position type="Vector">0, 0, -15</Position>
               </HpCloak01>
               <HpDocklight01>
                  <Orientation type="Matrix">
                       1.0000000000,   0.0000000000,   0.0000000000,
                       0.0000000000,   1.0000000000,   0.0000000000,
                       0.0000000000,   0.0000000000,   1.0000000000
                  </Orientation>
                  <Position type="Vector">-40.639538, 64.364258, 17.695198</Position>
               </HpDocklight01>
               <HpDocklight02>
                  <Orientation type="Matrix">
                       1.0000000000,   0.0000000000,   0.0000000000,
                       0.0000000000,   1.0000000000,   0.0000000000,
                       0.0000000000,   0.0000000000,   1.0000000000
                  </Orientation>
                  <Position type="Vector">40.839066, 64.368546, 17.727757</Position>
               </HpDocklight02>
               <HpShield04>
                  <Orientation type="Matrix">
                       1.0000000000,   0.0000000000,   0.0000000000,
                       0.0000000000,   1.0000000000,   0.0000000000,
                       0.0000000000,   0.0000000000,   1.0000000000
                  </Orientation>
                  <Position type="Vector">0, 0, 0</Position>
               </HpShield04>
            </Fixed>
            <Revolute>
               <HpTorpedo01>
                  <Axis type="Vector">0, 1, 0</Axis>
                  <Max type="float">0.78539819</Max>
                  <Min type="float">-0.78539819</Min>
                  <Orientation type="Matrix">
                      -1.0000000000, -87.422777e-09,   0.0000000000,
                      87.422777e-09,  -1.0000000000,  -0.0000000000,
                       0.0000000000,   0.0000000000,   1.0000000000
                  </Orientation>
                  <Position type="Vector">0.099522002, 20.289627, -290.36713</Position>
               </HpTorpedo01>
               <HpTorpedoY01>
                  <Axis type="Vector">0, 1, 0</Axis>
                  <Max type="float">0</Max>
                  <Min type="float">0</Min>
                  <Orientation type="Matrix">
                       1.0000000000,   0.0000000000,  -0.0000000000,
                      -0.0000000000,  59.604645e-09,  -0.9999998800,
                       0.0000000000,   0.9999998800,  59.604645e-09
                  </Orientation>
                  <Position type="Vector">0, 17.627228, -123.95984</Position>
               </HpTorpedoY01>
               <HpTurret01>
                  <Axis type="Vector">0, 1, 0</Axis>
                  <Max type="float">3.1415927</Max>
                  <Min type="float">-3.1415927</Min>
                  <Orientation type="Matrix">
                      -1.0000000000, -87.422777e-09,   0.0000000000,
                      87.422777e-09,  -1.0000000000,  -0.0000000000,
                       0.0000000000,   0.0000000000,   1.0000000000
                  </Orientation>
                  <Position type="Vector">-6.6023383, -41.701828, -8.9033117</Position>
               </HpTurret01>
               <HpTurret02>
                  <Axis type="Vector">0, 1, 0</Axis>
                  <Max type="float">3.1415927</Max>
                  <Min type="float">-3.1415927</Min>
                  <Orientation type="Matrix">
                      -0.9998476500,  -0.0174524580,  -0.0000000000,
                       0.0174524580,  -0.9998476500,   0.0000000000,
                       0.0000000000,  -0.0000000000,   1.0000000000
                  </Orientation>
                  <Position type="Vector">6.6023383, -41.701828, -8.9033117</Position>
               </HpTurret02>
               <HpTurret03>
                  <Axis type="Vector">0, 1, 0</Axis>
                  <Max type="float">3.1415927</Max>
                  <Min type="float">-3.1415927</Min>
                  <Orientation type="Matrix">
                      59.604645e-09,  -0.9999998800,  -0.0000000000,
                       0.9999998800,  59.604645e-09,   0.0000000000,
                       0.0000000000,  -0.0000000000,   1.0000000000
                  </Orientation>
                  <Position type="Vector">-30.95854, -36.322418, 16.12648</Position>
               </HpTurret03>
               <HpTurret04>
                  <Axis type="Vector">0, 1, 0</Axis>
                  <Max type="float">3.1415927</Max>
                  <Min type="float">-3.1415927</Min>
                  <Orientation type="Matrix">
                      59.604645e-09,   0.9999998800,   0.0000000000,
                      -0.9999998800,  59.604645e-09,   0.0000000000,
                       0.0000000000,   0.0000000000,   1.0000000000
                  </Orientation>
                  <Position type="Vector">31.131886, -36.396591, 16.927013</Position>
               </HpTurret04>
               <HpTurret05>
                  <Axis type="Vector">0, 1, 0</Axis>
                  <Max type="float">1.9198622</Max>
                  <Min type="float">-1.9198622</Min>
                  <Orientation type="Matrix">
                       1.0000000000,   0.0000000000,   0.0000000000,
                       0.0000000000,   1.0000000000,   0.0000000000,
                       0.0000000000,   0.0000000000,   1.0000000000
                  </Orientation>
                  <Position type="Vector">0.140412, 33.526485, -23.996235</Position>
               </HpTurret05>
               <HpTurret06>
                  <Axis type="Vector">0, 1, 0</Axis>
                  <Max type="float">1.9198622</Max>
                  <Min type="float">-1.9198622</Min>
                  <Orientation type="Matrix">
                       1.0000000000,   0.0000000000,   0.0000000000,
                       0.0000000000,   1.0000000000,   0.0000000000,
                       0.0000000000,   0.0000000000,   1.0000000000
                  </Orientation>
                  <Position type="Vector">-0.019669501, 25.309082, -53.412148</Position>
               </HpTurret06>
               <HpTurret07>
                  <Axis type="Vector">0, 1, 0</Axis>
                  <Max type="float">1.7453293</Max>
                  <Min type="float">-1.7453293</Min>
                  <Orientation type="Matrix">
                       1.0000000000,   0.0000000000,  -0.0000000000,
                      -0.0000000000,   0.9961947200,  -0.0871557440,
                       0.0000000000,   0.0871557440,   0.9961947200
                  </Orientation>
                  <Position type="Vector">0.11371049, 18.363422, -90.00795</Position>
               </HpTurret07>
               <HpTurret08>
                  <Axis type="Vector">0, 1, 0</Axis>
                  <Max type="float">1.7453293</Max>
                  <Min type="float">-3.1415927</Min>
                  <Orientation type="Matrix">
                      163.91277e-09,  -0.8660252100,   0.4999998500,
                     -89.406967e-09,   0.5000000000,   0.8660252700,
                      -0.9999997600,   0.0000000000,  119.20929e-09
                  </Orientation>
                  <Position type="Vector">-27.67992, 8.9678917, -76.388893</Position>
               </HpTurret08>
               <HpTurret09>
                  <Axis type="Vector">0, 1, 0</Axis>
                  <Max type="float">3.1415927</Max>
                  <Min type="float">-1.7453293</Min>
                  <Orientation type="Matrix">
                      163.91277e-09,   0.8660252100,  -0.4999998500,
                      89.406967e-09,   0.5000000000,   0.8660252700,
                       0.9999997600,   0.0000000000,  119.20929e-09
                  </Orientation>
                  <Position type="Vector">27.924667, 8.8996201, -76.416672</Position>
               </HpTurret09>
               <HpTurret10>
                  <Axis type="Vector">0, 1, 0</Axis>
                  <Max type="float">1.7453293</Max>
                  <Min type="float">-1.7453293</Min>
                  <Orientation type="Matrix">
                       1.0000000000,   0.0000000000,  -0.0000000000,
                      -0.0000000000,   0.9961947200,  -0.0871557440,
                       0.0000000000,   0.0871557440,   0.9961947200
                  </Orientation>
                  <Position type="Vector">-0.2787855, 26.028194, -192.17398</Position>
               </HpTurret10>
               <HpTurret11>
                  <Axis type="Vector">0, 1, 0</Axis>
                  <Max type="float">1.7453293</Max>
                  <Min type="float">-3.1415927</Min>
                  <Orientation type="Matrix">
                       0.1710100800,  -0.9698463100,  -0.1736481200,
                       0.0301536320,  -0.1710100800,   0.9848077300,
                      -0.9848077300,  -0.1736482100, -89.406967e-09
                  </Orientation>
                  <Position type="Vector">-11.718863, 11.332085, -251.86967</Position>
               </HpTurret11>
               <HpTurret12>
                  <Axis type="Vector">0, 1, 0</Axis>
                  <Max type="float">3.1415927</Max>
                  <Min type="float">-1.7453293</Min>
                  <Orientation type="Matrix">
                       0.1710100800,   0.9698463100,   0.1736481200,
                      -0.0301536320,  -0.1710100800,   0.9848077300,
                       0.9848077300,  -0.1736482100, -89.406967e-09
                  </Orientation>
                  <Position type="Vector">11.914781, 11.337599, -251.86099</Position>
               </HpTurret12>
               <HpTurret13>
                  <Axis type="Vector">0, 1, 0</Axis>
                  <Max type="float">1.9198622</Max>
                  <Min type="float">-1.9198622</Min>
                  <Orientation type="Matrix">
                       1.0000000000,   0.0000000000,   0.0000000000,
                       0.0000000000,   1.0000000000,   0.0000000000,
                       0.0000000000,   0.0000000000,   1.0000000000
                  </Orientation>
                  <Position type="Vector">-5.7364202, 32.56794, -23.489851</Position>
               </HpTurret13>
               <HpTurret14>
                  <Axis type="Vector">0, 1, 0</Axis>
                  <Max type="float">1.9198622</Max>
                  <Min type="float">-1.9198622</Min>
                  <Orientation type="Matrix">
                       1.0000000000,   0.0000000000,   0.0000000000,
                       0.0000000000,   1.0000000000,   0.0000000000,
                       0.0000000000,   0.0000000000,   1.0000000000
                  </Orientation>
                  <Position type="Vector">5.7364202, 32.566048, -23.489851</Position>
               </HpTurret14>
               <HpTurret15>
                  <Axis type="Vector">0, 1, 0</Axis>
                  <Max type="float">1.9198622</Max>
                  <Min type="float">-1.9198622</Min>
                  <Orientation type="Matrix">
                       1.0000000000,   0.0000000000,   0.0000000000,
                       0.0000000000,   1.0000000000,   0.0000000000,
                       0.0000000000,   0.0000000000,   1.0000000000
                  </Orientation>
                  <Position type="Vector">-8.3128529, 23.530972, -53.343163</Position>
               </HpTurret15>
               <HpTurret16>
                  <Axis type="Vector">0, 1, 0</Axis>
                  <Max type="float">1.9198622</Max>
                  <Min type="float">-1.9198622</Min>
                  <Orientation type="Matrix">
                       1.0000000000,   0.0000000000,   0.0000000000,
                       0.0000000000,   1.0000000000,   0.0000000000,
                       0.0000000000,   0.0000000000,   1.0000000000
                  </Orientation>
                  <Position type="Vector">8.3128529, 23.530979, -53.343163</Position>
               </HpTurret16>
               <HpTurret17>
                  <Axis type="Vector">0, 1, 0</Axis>
                  <Max type="float">3.1415927</Max>
                  <Min type="float">-3.1415927</Min>
                  <Orientation type="Matrix">
                       0.2756374500,  -0.9576037500,   0.0837794690,
                       0.9612616900,   0.2745885800,  -0.0240233880,
                      3.7252903e-09,   0.0871557440,   0.9961946600
                  </Orientation>
                  <Position type="Vector">-25.091091, 14.172503, 41.378044</Position>
               </HpTurret17>
               <HpTurret18>
                  <Axis type="Vector">0, 1, 0</Axis>
                  <Max type="float">3.1415927</Max>
                  <Min type="float">-3.1415927</Min>
                  <Orientation type="Matrix">
                       0.2756374500,   0.9576037500,  -0.0837794690,
                      -0.9612616900,   0.2745885800,  -0.0240233880,
                     -3.7252903e-09,   0.0871557440,   0.9961946600
                  </Orientation>
                  <Position type="Vector">25.091091, 14.172503, 41.378044</Position>
               </HpTurret18>
               <HpTurret19>
                  <Axis type="Vector">0, 1, 0</Axis>
                  <Max type="float">3.1415927</Max>
                  <Min type="float">-3.1415927</Min>
                  <Orientation type="Matrix">
                       0.0000000000,  -0.9848077300,  -0.1736482400,
                     -89.406967e-09,  -0.1736482400,   0.9848077300,
                      -1.0000000000, -29.802322e-09, -89.406967e-09
                  </Orientation>
                  <Position type="Vector">-26.363132, -8.3895092, -13.272457</Position>
               </HpTurret19>
               <HpTurret20>
                  <Axis type="Vector">0, 1, 0</Axis>
                  <Max type="float">3.1415927</Max>
                  <Min type="float">-3.1415927</Min>
                  <Orientation type="Matrix">
                       0.0000000000,  -0.9848077300,  -0.1736482400,
                     -89.406967e-09,  -0.1736482400,   0.9848077300,
                      -1.0000000000, -29.802322e-09, -89.406967e-09
                  </Orientation>
                  <Position type="Vector">-26.412304, -8.4159031, -7.3389235</Position>
               </HpTurret20>
               <HpTurret21>
                  <Axis type="Vector">0, 1, 0</Axis>
                  <Max type="float">3.1415927</Max>
                  <Min type="float">-3.1415927</Min>
                  <Orientation type="Matrix">
                       0.0000000000,  -0.9848077300,  -0.1736482400,
                     -89.406967e-09,  -0.1736482400,   0.9848077300,
                      -1.0000000000, -29.802322e-09, -89.406967e-09
                  </Orientation>
                  <Position type="Vector">-26.476246, -8.357379, -1.3551345</Position>
               </HpTurret21>
               <HpTurret22>
                  <Axis type="Vector">0, 1, 0</Axis>
                  <Max type="float">3.1415927</Max>
                  <Min type="float">-3.1415927</Min>
                  <Orientation type="Matrix">
                       0.0000000000,  -0.9848077300,  -0.1736482400,
                     -89.406967e-09,  -0.1736482400,   0.9848077300,
                      -1.0000000000, -29.802322e-09, -89.406967e-09
                  </Orientation>
                  <Position type="Vector">-26.513931, -8.4464417, 4.476975</Position>
               </HpTurret22>
               <HpTurret23>
                  <Axis type="Vector">0, 1, 0</Axis>
                  <Max type="float">3.1415927</Max>
                  <Min type="float">-3.1415927</Min>
                  <Orientation type="Matrix">
                       0.0000000000,  -0.9848077300,  -0.1736482400,
                     -89.406967e-09,  -0.1736482400,   0.9848077300,
                      -1.0000000000, -29.802322e-09, -89.406967e-09
                  </Orientation>
                  <Position type="Vector">-26.581257, -8.3697758, 10.496087</Position>
               </HpTurret23>
               <HpTurret24>
                  <Axis type="Vector">0, 1, 0</Axis>
                  <Max type="float">3.1415927</Max>
                  <Min type="float">-3.1415927</Min>
                  <Orientation type="Matrix">
                       0.0000000000,  -0.9848077300,  -0.1736482400,
                     -89.406967e-09,  -0.1736482400,   0.9848077300,
                      -1.0000000000, -29.802322e-09, -89.406967e-09
                  </Orientation>
                  <Position type="Vector">-26.656603, -8.2443485, 16.492916</Position>
               </HpTurret24>
               <HpTurret25>
                  <Axis type="Vector">0, 1, 0</Axis>
                  <Max type="float">3.1415927</Max>
                  <Min type="float">-3.1415927</Min>
                  <Orientation type="Matrix">
                       0.0000000000,  -0.9848077300,  -0.1736482400,
                     -89.406967e-09,  -0.1736482400,   0.9848077300,
                      -1.0000000000, -29.802322e-09, -89.406967e-09
                  </Orientation>
                  <Position type="Vector">-27.024803, -8.3710814, 22.511896</Position>
               </HpTurret25>
               <HpTurret26>
                  <Axis type="Vector">0, 1, 0</Axis>
                  <Max type="float">3.1415927</Max>
                  <Min type="float">-3.1415927</Min>
                  <Orientation type="Matrix">
                      59.604645e-09,  -0.9396925600,  -0.3420200900,
                     -119.20929e-09,  -0.3420200900,   0.9396926200,
                      -1.0000000000,  29.802322e-09, -89.406967e-09
                  </Orientation>
                  <Position type="Vector">-27.947037, -8.4830637, 28.662327</Position>
               </HpTurret26>
               <HpTurret27>
                  <Axis type="Vector">0, 1, 0</Axis>
                  <Max type="float">3.1415927</Max>
                  <Min type="float">-3.1415927</Min>
                  <Orientation type="Matrix">
                       0.0000000000,   0.9848077300,   0.1736482400,
                      89.406967e-09,  -0.1736482400,   0.9848077300,
                       1.0000000000, -29.802322e-09, -89.406967e-09
                  </Orientation>
                  <Position type="Vector">26.542313, -8.4672298, -13.372673</Position>
               </HpTurret27>
               <HpTurret28>
                  <Axis type="Vector">0, 1, 0</Axis>
                  <Max type="float">3.1415927</Max>
                  <Min type="float">-3.1415927</Min>
                  <Orientation type="Matrix">
                       0.0000000000,   0.9848077300,   0.1736482400,
                      89.406967e-09,  -0.1736482400,   0.9848077300,
                       1.0000000000, -29.802322e-09, -89.406967e-09
                  </Orientation>
                  <Position type="Vector">26.620506, -8.3365965, -7.1579952</Position>
               </HpTurret28>
               <HpTurret29>
                  <Axis type="Vector">0, 1, 0</Axis>
                  <Max type="float">3.1415927</Max>
                  <Min type="float">-3.1415927</Min>
                  <Orientation type="Matrix">
                       0.0000000000,   0.9848077300,   0.1736482400,
                      89.406967e-09,  -0.1736482400,   0.9848077300,
                       1.0000000000, -29.802322e-09, -89.406967e-09
                  </Orientation>
                  <Position type="Vector">26.689362, -8.2515574, -1.1251605</Position>
               </HpTurret29>
               <HpTurret30>
                  <Axis type="Vector">0, 1, 0</Axis>
                  <Max type="float">3.1415927</Max>
                  <Min type="float">-3.1415927</Min>
                  <Orientation type="Matrix">
                       0.0000000000,   0.9848077300,   0.1736482400,
                      89.406967e-09,  -0.1736482400,   0.9848077300,
                       1.0000000000, -29.802322e-09, -89.406967e-09
                  </Orientation>
                  <Position type="Vector">26.744621, -8.2310238, 4.6065555</Position>
               </HpTurret30>
               <HpTurret31>
                  <Axis type="Vector">0, 1, 0</Axis>
                  <Max type="float">3.1415927</Max>
                  <Min type="float">-3.1415927</Min>
                  <Orientation type="Matrix">
                       0.0000000000,   0.9848077300,   0.1736482400,
                      89.406967e-09,  -0.1736482400,   0.9848077300,
                       1.0000000000, -29.802322e-09, -89.406967e-09
                  </Orientation>
                  <Position type="Vector">26.792477, -8.2673388, 10.580115</Position>
               </HpTurret31>
               <HpTurret32>
                  <Axis type="Vector">0, 1, 0</Axis>
                  <Max type="float">3.1415927</Max>
                  <Min type="float">-3.1415927</Min>
                  <Orientation type="Matrix">
                       0.0000000000,   0.9848077300,   0.1736482400,
                      89.406967e-09,  -0.1736482400,   0.9848077300,
                       1.0000000000, -29.802322e-09, -89.406967e-09
                  </Orientation>
                  <Position type="Vector">26.839645, -8.3045044, 16.493343</Position>
               </HpTurret32>
               <HpTurret33>
                  <Axis type="Vector">0, 1, 0</Axis>
                  <Max type="float">3.1415927</Max>
                  <Min type="float">-3.1415927</Min>
                  <Orientation type="Matrix">
                       0.0000000000,   0.9848077300,   0.1736482400,
                      89.406967e-09,  -0.1736482400,   0.9848077300,
                       1.0000000000, -29.802322e-09, -89.406967e-09
                  </Orientation>
                  <Position type="Vector">28.140959, -8.7708397, 22.521942</Position>
               </HpTurret33>
               <HpTurret34>
                  <Axis type="Vector">0, 1, 0</Axis>
                  <Max type="float">3.1415927</Max>
                  <Min type="float">-3.1415927</Min>
                  <Orientation type="Matrix">
                       0.0000000000,   0.9848077300,   0.1736482400,
                      89.406967e-09,  -0.1736482400,   0.9848077300,
                       1.0000000000, -29.802322e-09, -89.406967e-09
                  </Orientation>
                  <Position type="Vector">30.038067, -8.0314293, 28.754494</Position>
               </HpTurret34>
               <HpTurret35>
                  <Axis type="Vector">0, 1, 0</Axis>
                  <Max type="float">1.9198622</Max>
                  <Min type="float">-1.9198622</Min>
                  <Orientation type="Matrix">
                      -1.0000000000,   0.0000000000,  87.422777e-09,
                       0.0000000000,   1.0000000000,  -0.0000000000,
                     -87.422777e-09,   0.0000000000,  -1.0000000000
                  </Orientation>
                  <Position type="Vector">0.12928799, 29.711262, 58.043541</Position>
               </HpTurret35>
               <HpTurret36>
                  <Axis type="Vector">0, 1, 0</Axis>
                  <Max type="float">3.1415927</Max>
                  <Min type="float">-3.1415927</Min>
                  <Orientation type="Matrix">
                       0.0871558790,  -0.9924038600,   0.0868240890,
                       0.9961947200,   0.0868242380,  -0.0075961351,
                       0.0000000000,   0.0871557440,   0.9961947200
                  </Orientation>
                  <Position type="Vector">-24.779152, 3.1504393, 108.55318</Position>
               </HpTurret36>
               <HpTurret37>
                  <Axis type="Vector">0, 1, 0</Axis>
                  <Max type="float">3.1415927</Max>
                  <Min type="float">-3.1415927</Min>
                  <Orientation type="Matrix">
                       0.0871558790,   0.9924038600,  -0.0868240890,
                      -0.9961947200,   0.0868242380,  -0.0075961351,
                       0.0000000000,   0.0871557440,   0.9961947200
                  </Orientation>
                  <Position type="Vector">24.910961, 3.2507939, 109.20164</Position>
               </HpTurret37>
               <HpTurret38>
                  <Axis type="Vector">0, 1, 0</Axis>
                  <Max type="float">3.1415927</Max>
                  <Min type="float">-3.1415927</Min>
                  <Orientation type="Matrix">
                      -0.0871558790,  -0.9924038600,   0.0868240890,
                       0.9961947200,  -0.0868242380,   0.0075961351,
                       0.0000000000,   0.0871557440,   0.9961947200
                  </Orientation>
                  <Position type="Vector">-25.016172, -6.302887, 109.28259</Position>
               </HpTurret38>
               <HpTurret39>
                  <Axis type="Vector">0, 1, 0</Axis>
                  <Max type="float">3.1415927</Max>
                  <Min type="float">-3.1415927</Min>
                  <Orientation type="Matrix">
                      -0.0871558790,   0.9924038600,  -0.0868240890,
                      -0.9961947200,  -0.0868242380,   0.0075961351,
                       0.0000000000,   0.0871557440,   0.9961947200
                  </Orientation>
                  <Position type="Vector">25.165051, -6.5785398, 109.19895</Position>
               </HpTurret39>
               <HpTorpedoY02>
                  <Axis type="Vector">0, 1, 0</Axis>
                  <Max type="float">0</Max>
                  <Min type="float">0</Min>
                  <Orientation type="Matrix">
                       1.0000000000,   0.0000000000,  -0.0000000000,
                      -0.0000000000,  59.604645e-09,  -0.9999998800,
                       0.0000000000,   0.9999998800,  59.604645e-09
                  </Orientation>
                  <Position type="Vector">0, 18.018528, 108.16378</Position>
               </HpTorpedoY02>
            </Revolute>
         </Hardpoints>
         <MultiLevel>
            <Level0>
               <VMeshPart>
                  <VMeshRef type="VMeshRef">
                     <!-- header size  --> 60,
                     <!-- vmesh lib    --> Yamamoto01.lod0.vms,
                     <!-- start vert   --> 0,
                     <!-- num verts    --> 8589,
                     <!-- start index  --> 0,
                     <!-- num indices  --> 28761,
                     <!-- start mesh   --> 0,
                     <!-- num meshes   --> 77,
                     <!-- bounding box -->  45.946178,     86.801888,  198.59323,
                                           -45.752964,    -47.943295, -295.8013,
                     <!-- center       -->   0.096607208,  19.429296,  -48.604034,
                     <!-- radius       --> 389.59924
