<?xml version="1.0" encoding="ISO-8859-1"?>
<!-- XML generated by UTFXML Version 2.2 built 19-Aug-2010 -->
<UTFXML filename="GOF2_Gate3.cmp" path="SOLAR\new\GOF2">
   <UTF_ROOT>
      <VMeshLibrary>
         <GOF2_Gate3.lod0.vms include="GOF2_Gate3_cmp\lod0.vms.xml"/>
      </VMeshLibrary>
      <Cmpnd>
         <Root>
            <File_name name="File name" type="text">GOF2_Gate3.3db</File_name>
            <Index type="int">0</Index>
            <Object_name name="Object name" type="text">Root</Object_name>
         </Root>
      </Cmpnd>
      <GOF2_Gate3.3db>
         <Hardpoints>
            <Fixed>
               <HpDockMountA>
                  <Orientation type="Matrix">
                      -1.0000000000,  87.422777e-09, -7.6427419e-15,
                      87.422777e-09,   1.0000000000, -87.422777e-09,
                       0.0000000000, -87.422777e-09,  -1.0000000000
                  </Orientation>
                  <Position type="Vector">0, 0, -100</Position>
               </HpDockMountA>
               <HpDockPointA01>
                  <Orientation type="Matrix">
                      -0.9998475900,   0.0174497980, -304.58829e-06,
                       0.0174524580,   0.9996954200,  -0.0174497980,
                       0.0000000000,  -0.0174524580,  -0.9998475900
                  </Orientation>
                  <Position type="Vector">0, 0, -700</Position>
               </HpDockPointA01>
               <HpDockPointA02>
                  <Orientation type="Matrix">
                      -1.0000000000,  87.422777e-09, -7.6427419e-15,
                      87.422777e-09,   1.0000000000, -87.422777e-09,
                       0.0000000000, -87.422777e-09,  -1.0000000000
                  </Orientation>
                  <Position type="Vector">0, 0, -800</Position>
               </HpDockPointA02>
               <HpRunningLight01>
                  <Orientation type="Matrix">
                       1.0000000000,   0.0000000000,   0.0000000000,
                       0.0000000000,   1.0000000000,   0.0000000000,
                       0.0000000000,   0.0000000000,   1.0000000000
                  </Orientation>
                  <Position type="Vector">95.250404, 516.2807, -595.25012</Position>
               </HpRunningLight01>
               <HpRunningLight02>
                  <Orientation type="Matrix">
                       1.0000000000,   0.0000000000,   0.0000000000,
                       0.0000000000,   1.0000000000,   0.0000000000,
                       0.0000000000,   0.0000000000,   1.0000000000
                  </Orientation>
                  <Position type="Vector">-94.993126, 516.35291, -595.25012</Position>
               </HpRunningLight02>
               <HpRunningLight03>
                  <Orientation type="Matrix">
                       1.0000000000,   0.0000000000,   0.0000000000,
                       0.0000000000,   1.0000000000,   0.0000000000,
                       0.0000000000,   0.0000000000,   1.0000000000
                  </Orientation>
                  <Position type="Vector">94.926857, -439.50778, -595.25012</Position>
               </HpRunningLight03>
               <HpRunningLight04>
                  <Orientation type="Matrix">
                       1.0000000000,   0.0000000000,   0.0000000000,
                       0.0000000000,   1.0000000000,   0.0000000000,
                       0.0000000000,   0.0000000000,   1.0000000000
                  </Orientation>
                  <Position type="Vector">-95.211357, -439.36105, -595.25012</Position>
               </HpRunningLight04>
               <HpRunningLight05>
                  <Orientation type="Matrix">
                      -1.0000000000,   0.0000000000,  87.422777e-09,
                       0.0000000000,   1.0000000000,  -0.0000000000,
                     -87.422777e-09,   0.0000000000,  -1.0000000000
                  </Orientation>
                  <Position type="Vector">-95.137657, 516.23383, 595.25</Position>
               </HpRunningLight05>
               <HpRunningLight06>
                  <Orientation type="Matrix">
                      -1.0000000000,   0.0000000000,  87.422777e-09,
                       0.0000000000,   1.0000000000,  -0.0000000000,
                     -87.422777e-09,   0.0000000000,  -1.0000000000
                  </Orientation>
                  <Position type="Vector">94.939262, 516.31659, 595.25</Position>
               </HpRunningLight06>
               <HpRunningLight07>
                  <Orientation type="Matrix">
                      -1.0000000000,   0.0000000000,  87.422777e-09,
                       0.0000000000,   1.0000000000,  -0.0000000000,
                     -87.422777e-09,   0.0000000000,  -1.0000000000
                  </Orientation>
                  <Position type="Vector">-95.043831, -439.48697, 595.25</Position>
               </HpRunningLight07>
               <HpRunningLight08>
                  <Orientation type="Matrix">
                      -1.0000000000,   0.0000000000,  87.422777e-09,
                       0.0000000000,   1.0000000000,  -0.0000000000,
                     -87.422777e-09,   0.0000000000,  -1.0000000000
                  </Orientation>
                  <Position type="Vector">95.195915, -439.4606, 595.25</Position>
               </HpRunningLight08>
               <HpFX7>
                  <Orientation type="Matrix">
                      -1.0000000000,  87.422777e-09, -7.6427419e-15,
                      87.422777e-09,   1.0000000000, -87.422777e-09,
                       0.0000000000, -87.422777e-09,  -1.0000000000
                  </Orientation>
                  <Position type="Vector">0, 0, -100</Position>
               </HpFX7>
            </Fixed>
            <Revolute>
               <HpTurret01>
                  <Axis type="Vector">0, 1, 0</Axis>
                  <Max type="float">1.7453293</Max>
                  <Min type="float">-1.7453293</Min>
                  <Orientation type="Matrix">
                       0.1959460400,  -0.9806147200,  -0.0000000000,
                       0.9806147200,   0.1959460400,   0.0000000000,
                       0.0000000000,  -0.0000000000,   1.0000000000
                  </Orientation>
                  <Position type="Vector">-467.81491, 131.63731, -540.30554</Position>
               </HpTurret01>
               <HpTurret02>
                  <Axis type="Vector">0, 1, 0</Axis>
                  <Max type="float">1.7453293</Max>
                  <Min type="float">-1.7453293</Min>
                  <Orientation type="Matrix">
                       0.1959462200,   0.9806146000,   0.0000000000,
                      -0.9806146000,   0.1959462200,   0.0000000000,
                       0.0000000000,   0.0000000000,   1.0000000000
                  </Orientation>
                  <Position type="Vector">468.15244, 129.94023, -540.07935</Position>
               </HpTurret02>
               <HpTurret03>
                  <Axis type="Vector">0, 1, 0</Axis>
                  <Max type="float">1.7453293</Max>
                  <Min type="float">-1.7453293</Min>
                  <Orientation type="Matrix">
                      -0.1942343700,  -0.9809550600,  -0.0000000000,
                       0.9809550600,  -0.1942343700,   0.0000000000,
                       0.0000000000,  -0.0000000000,   1.0000000000
                  </Orientation>
                  <Position type="Vector">-467.75827, -55.121155, -540.20319</Position>
               </HpTurret03>
               <HpTurret04>
                  <Axis type="Vector">0, 1, 0</Axis>
                  <Max type="float">1.7453293</Max>
                  <Min type="float">-1.7453293</Min>
                  <Orientation type="Matrix">
                      -0.1942343700,   0.9809551800,   0.0000000000,
                      -0.9809551800,  -0.1942343700,   0.0000000000,
                       0.0000000000,   0.0000000000,   1.0000000000
                  </Orientation>
                  <Position type="Vector">467.52838, -56.278286, -540.61938</Position>
               </HpTurret04>
               <HpTurret05>
                  <Axis type="Vector">0, 1, 0</Axis>
                  <Max type="float">1.7453293</Max>
                  <Min type="float">-1.7453293</Min>
                  <Orientation type="Matrix">
                      -0.1959461000,  -0.9806147200,  17.130152e-09,
                      -0.9806147200,   0.1959460400,  85.728061e-09,
                     -87.422777e-09,   0.0000000000,  -1.0000000000
                  </Orientation>
                  <Position type="Vector">-468.16241, 129.89006, 540.86188</Position>
               </HpTurret05>
               <HpTurret06>
                  <Axis type="Vector">0, 1, 0</Axis>
                  <Max type="float">1.7453293</Max>
                  <Min type="float">-1.7453293</Min>
                  <Orientation type="Matrix">
                      -0.1959461000,   0.9806147200,  17.130152e-09,
                       0.9806147200,   0.1959460400, -85.728061e-09,
                     -87.422777e-09,   0.0000000000,  -1.0000000000
                  </Orientation>
                  <Position type="Vector">467.83072, 131.55589, 540.93304</Position>
               </HpTurret06>
               <HpTurret07>
                  <Axis type="Vector">0, 1, 0</Axis>
                  <Max type="float">1.7453293</Max>
                  <Min type="float">-1.7453293</Min>
                  <Orientation type="Matrix">
                       0.1942344900,  -0.9809550600, -16.980515e-09,
                      -0.9809550600,  -0.1942343700,  85.757819e-09,
                     -87.422769e-09,   0.0000000000,  -0.9999998800
                  </Orientation>
                  <Position type="Vector">-467.3143, -57.352993, 540.19855</Position>
               </HpTurret07>
               <HpTurret08>
                  <Axis type="Vector">0, 1, 0</Axis>
                  <Max type="float">1.7453293</Max>
                  <Min type="float">-1.7453293</Min>
                  <Orientation type="Matrix">
                       0.1942344900,   0.9809550600, -16.980515e-09,
                       0.9809550600,  -0.1942343700, -85.757819e-09,
                     -87.422769e-09,   0.0000000000,  -0.9999998800
                  </Orientation>
                  <Position type="Vector">467.42358, -56.803539, 540.82849</Position>
               </HpTurret08>
            </Revolute>
         </Hardpoints>
         <MultiLevel>
            <Level0>
               <VMeshPart>
                  <VMeshRef type="VMeshRef">
                     <!-- header size  --> 60,
                     <!-- vmesh lib    --> GOF2_Gate3.lod0.vms,
                     <!-- start vert   --> 0,
                     <!-- num verts    --> 6255,
                     <!-- start index  --> 0,
                     <!-- num indices  --> 9462,
                     <!-- start mesh   --> 0,
                     <!-- num meshes   --> 2,
                     <!-- bounding box -->  535.9704,  574.37048,   595.25,
                                           -535.9704, -497.57037,  -595.25012,
                     <!-- center       -->    0,        38.400055,  -61.035156e-6,
                     <!-- radius       --> 1232.0514
                  </VMeshRef>
               </VMeshPart>
            </Level0>
         </MultiLevel>
      </GOF2_Gate3.3db>
   </UTF_ROOT>
</UTFXML>
