<?xml version="1.0" encoding="ISO-8859-1"?>
<!-- XML generated by UTFXML Version 2.2 built 19-Aug-2010 -->
<UTFXML filename="GOF2_Pirate_Base.cmp" path="SOLAR\new\GOF2">
   <UTF_ROOT>
      <VMeshLibrary>
         <GOF2_Pirate_Base1.lod0.vms include="GOF2_Pirate_Base_cmp\lod0.vms.xml"/>
      </VMeshLibrary>
      <Cmpnd>
         <Root>
            <File_name name="File name" type="text">GOF2_Pirate_Base1.3db</File_name>
            <Index type="int">0</Index>
            <Object_name name="Object name" type="text">Root</Object_name>
         </Root>
      </Cmpnd>
      <GOF2_Pirate_Base1.3db>
         <Hardpoints>
            <Fixed>
               <HpDockMountA>
                  <Orientation type="Matrix">
                      -0.9659256900,   0.0000000000,   0.2588191300,
                      -0.0000000000,   1.0000000000,   0.0000000000,
                      -0.2588191300,  -0.0000000000,  -0.9659256900
                  </Orientation>
                  <Position type="Vector">300, 331, -1200</Position>
               </HpDockMountA>
               <HpDockPointA01>
                  <Orientation type="Matrix">
                      -0.9659256900,   0.0000000000,   0.2588191300,
                      -0.0000000000,   1.0000000000,   0.0000000000,
                      -0.2588191300,  -0.0000000000,  -0.9659256900
                  </Orientation>
                  <Position type="Vector">370, 331, -1500</Position>
               </HpDockPointA01>
               <HpDockPointA02>
                  <Orientation type="Matrix">
                      -0.9659256900,   0.0000000000,   0.2588191300,
                      -0.0000000000,   1.0000000000,   0.0000000000,
                      -0.2588191300,  -0.0000000000,  -0.9659256900
                  </Orientation>
                  <Position type="Vector">420, 331, -1700</Position>
               </HpDockPointA02>
               <HpLaunchCamA>
                  <Orientation type="Matrix">
                      -0.8191520000,   0.0000000000,   0.5735764500,
                      -0.0000000000,   1.0000000000,   0.0000000000,
                      -0.5735764500,  -0.0000000000,  -0.8191520000
                  </Orientation>
                  <Position type="Vector">600, 530, -1300</Position>
               </HpLaunchCamA>
               <HpDockMountB>
                  <Orientation type="Matrix">
                       0.2588191600,   0.0000000000,  -0.9659256900,
                       0.0000000000,   1.0000000000,   0.0000000000,
                       0.9659256900,   0.0000000000,   0.2588191600
                  </Orientation>
                  <Position type="Vector">-1200, 331, 330</Position>
               </HpDockMountB>
               <HpDockPointB01>
                  <Orientation type="Matrix">
                       0.2588191600,   0.0000000000,  -0.9659256900,
                       0.0000000000,   1.0000000000,   0.0000000000,
                       0.9659256900,   0.0000000000,   0.2588191600
                  </Orientation>
                  <Position type="Vector">-1300, 331, 355</Position>
               </HpDockPointB01>
               <HpDockPointB02>
                  <Orientation type="Matrix">
                       0.2588191600,   0.0000000000,  -0.9659256900,
                       0.0000000000,   1.0000000000,   0.0000000000,
                       0.9659256900,   0.0000000000,   0.2588191600
                  </Orientation>
                  <Position type="Vector">-1450, 331, 395</Position>
               </HpDockPointB02>
               <HpLaunchCamB>
                  <Orientation type="Matrix">
                       1.0000000000,   0.0000000000,   0.0000000000,
                       0.0000000000,   1.0000000000,   0.0000000000,
                       0.0000000000,   0.0000000000,   1.0000000000
                  </Orientation>
                  <Position type="Vector">-1450, 531, 700</Position>
               </HpLaunchCamB>
               <HpDockMountC>
                  <Orientation type="Matrix">
                      -0.9396925000,   0.0000000000,  -0.3420201800,
                       0.0000000000,   1.0000000000,   0.0000000000,
                       0.3420201800,   0.0000000000,  -0.9396925000
                  </Orientation>
                  <Position type="Vector">2300, -370, -600</Position>
               </HpDockMountC>
               <HpDockPointC01>
                  <Orientation type="Matrix">
                      -0.9396925000,   0.0000000000,  -0.3420201800,
                       0.0000000000,   1.0000000000,   0.0000000000,
                       0.3420201800,   0.0000000000,  -0.9396925000
                  </Orientation>
                  <Position type="Vector">2230, -370, -800</Position>
               </HpDockPointC01>
               <HpDockPointC02>
                  <Orientation type="Matrix">
                      -0.9396925000,   0.0000000000,  -0.3420201800,
                       0.0000000000,   1.0000000000,   0.0000000000,
                       0.3420201800,   0.0000000000,  -0.9396925000
                  </Orientation>
                  <Position type="Vector">2170, -370, -1000</Position>
               </HpDockPointC02>
               <HpRunningLight01>
                  <Orientation type="Matrix">
                       1.0000000000,   0.0000000000,   0.0000000000,
                       0.0000000000,   1.0000000000,   0.0000000000,
                       0.0000000000,   0.0000000000,   1.0000000000
                  </Orientation>
                  <Position type="Vector">-145.90334, 0, -150.5675</Position>
               </HpRunningLight01>
               <HpRunningLight02>
                  <Orientation type="Matrix">
                       1.0000000000,   0.0000000000,   0.0000000000,
                       0.0000000000,   1.0000000000,   0.0000000000,
                       0.0000000000,   0.0000000000,   1.0000000000
                  </Orientation>
                  <Position type="Vector">202.80573, 1722.2483, -51.056438</Position>
               </HpRunningLight02>
               <HpRunningLight03>
                  <Orientation type="Matrix">
                       1.0000000000,   0.0000000000,   0.0000000000,
                       0.0000000000,   1.0000000000,   0.0000000000,
                       0.0000000000,   0.0000000000,   1.0000000000
                  </Orientation>
                  <Position type="Vector">-57.49419, 1722.2485, 201.14742</Position>
               </HpRunningLight03>
               <HpRunningLight04>
                  <Orientation type="Matrix">
                       1.0000000000,   0.0000000000,   0.0000000000,
                       0.0000000000,   1.0000000000,   0.0000000000,
                       0.0000000000,   0.0000000000,   1.0000000000
                  </Orientation>
                  <Position type="Vector">-373.42148, 1061.1897, 1310.7427</Position>
               </HpRunningLight04>
               <HpRunningLight05>
                  <Orientation type="Matrix">
                      -1.0000000000, -87.422777e-09,   0.0000000000,
                      87.422777e-09,  -1.0000000000,  -0.0000000000,
                       0.0000000000,   0.0000000000,   1.0000000000
                  </Orientation>
                  <Position type="Vector">-381.68307, -1540.9556, 1354.0973</Position>
               </HpRunningLight05>
               <HpRunningLight06>
                  <Orientation type="Matrix">
                      -1.0000000000, -87.422777e-09,   0.0000000000,
                      87.422777e-09,  -1.0000000000,  -0.0000000000,
                       0.0000000000,   0.0000000000,   1.0000000000
                  </Orientation>
                  <Position type="Vector">-1054.8158, -1222.4307, -1093.4949</Position>
               </HpRunningLight06>
               <HpLaunchCamC>
                  <Orientation type="Matrix">
                       1.0000000000,   0.0000000000,   0.0000000000,
                       0.0000000000,   1.0000000000,   0.0000000000,
                       0.0000000000,   0.0000000000,   1.0000000000
                  </Orientation>
                  <Position type="Vector">2800, 500, -600</Position>
               </HpLaunchCamC>
               <HpRunningLight07>
                  <Orientation type="Matrix">
                       1.0000000000,   0.0000000000,   0.0000000000,
                       0.0000000000,   1.0000000000,   0.0000000000,
                       0.0000000000,   0.0000000000,   1.0000000000
                  </Orientation>
                  <Position type="Vector">-145.71553, 1722.2484, -150.37267</Position>
               </HpRunningLight07>
            </Fixed>
            <Revolute>
               <HpTurret01>
                  <Axis type="Vector">0, 1, 0</Axis>
                  <Max type="float">1.7453293</Max>
                  <Min type="float">-1.7453293</Min>
                  <Orientation type="Matrix">
                       0.8660253900,   0.0000000000,  -0.5000000000,
                       0.0000000000,   1.0000000000,   0.0000000000,
                       0.5000000000,   0.0000000000,   0.8660253900
                  </Orientation>
                  <Position type="Vector">313.86111, 387.67111, -543.40875</Position>
               </HpTurret01>
               <HpTurret02>
                  <Axis type="Vector">0, 1, 0</Axis>
                  <Max type="float">1.7453293</Max>
                  <Min type="float">-1.7453293</Min>
                  <Orientation type="Matrix">
                      -0.8660253300,   0.0000000000,  -0.5000000000,
                       0.0000000000,   1.0000000000,   0.0000000000,
                       0.5000000000,   0.0000000000,  -0.8660253300
                  </Orientation>
                  <Position type="Vector">313.83115, 387.67166, 543.77295</Position>
               </HpTurret02>
               <HpTurret03>
                  <Axis type="Vector">0, 1, 0</Axis>
                  <Max type="float">1.7453293</Max>
                  <Min type="float">-1.7453293</Min>
                  <Orientation type="Matrix">
                      59.604645e-09,   0.0000000000,   0.9999998800,
                      -0.0000000000,   1.0000000000,   0.0000000000,
                      -0.9999998800,  -0.0000000000,  59.604645e-09
                  </Orientation>
                  <Position type="Vector">-627.44946, 387.67105, -0.116805</Position>
               </HpTurret03>
               <HpTurret04>
                  <Axis type="Vector">0, 1, 0</Axis>
                  <Max type="float">1.5707964</Max>
                  <Min type="float">-1.5707964</Min>
                  <Orientation type="Matrix">
                      -1.0000000000, -87.422777e-09,   0.0000000000,
                      87.422777e-09,  -1.0000000000,  -0.0000000000,
                       0.0000000000,   0.0000000000,   1.0000000000
                  </Orientation>
                  <Position type="Vector">0.049362998, -570.74304, -513.90338</Position>
               </HpTurret04>
               <HpTurret05>
                  <Axis type="Vector">0, 1, 0</Axis>
                  <Max type="float">1.5707964</Max>
                  <Min type="float">-1.5707964</Min>
                  <Orientation type="Matrix">
                       0.2249511500, -87.422777e-09,   0.9743700000,
                     -19.665844e-09,  -0.9999998800, -85.182137e-09,
                       0.9743700000,  3.5527137e-15,  -0.2249510300
                  </Orientation>
                  <Position type="Vector">-496.69046, -570.74304, 133.16586</Position>
               </HpTurret05>
               <HpTurret06>
                  <Axis type="Vector">0, 1, 0</Axis>
                  <Max type="float">1.5707964</Max>
                  <Min type="float">-1.5707964</Min>
                  <Orientation type="Matrix">
                       0.7071068300, -87.422777e-09,  -0.7071067700,
                     -61.817232e-09,  -0.9999998800,  61.817232e-09,
                      -0.7071067700,   0.0000000000,  -0.7071067100
                  </Orientation>
                  <Position type="Vector">363.02359, -570.74292, 364.37341</Position>
               </HpTurret06>
            </Revolute>
         </Hardpoints>
         <MultiLevel>
            <Level0>
               <VMeshPart>
                  <VMeshRef type="VMeshRef">
                     <!-- header size  --> 60,
                     <!-- vmesh lib    --> GOF2_Pirate_Base1.lod0.vms,
                     <!-- start vert   --> 0,
                     <!-- num verts    --> 11237,
                     <!-- start index  --> 0,
                     <!-- num indices  --> 25212,
                     <!-- start mesh   --> 0,
                     <!-- num meshes   --> 2,
                     <!-- bounding box -->  1725.2535,   1722.2487,    1716.8746,
                                           -1534.191,   -1540.9558,   -1534.1908,
                     <!-- center       -->    95.53125,    90.646423,    91.341919,
                     <!-- radius       --> 3727.0754
                  </VMeshRef>
               </VMeshPart>
            </Level0>
         </MultiLevel>
      </GOF2_Pirate_Base1.3db>
   </UTF_ROOT>
</UTFXML>
