<?xml version="1.0" encoding="ISO-8859-1"?>
<!-- XML generated by UTFXML Version 2.2 built 19-Aug-2010 -->
<UTFXML filename="Lanchester.cmp" path="SHIPS\new\other\Russia">
   <UTF_ROOT>
      <VMeshLibrary>
         <usn_warhawk_AFF.lod0.vms include="Lanchester_cmp\lod0.vms.xml"/>
         <usn_warhawkwire.lod0.vms include="Lanchester_cmp\lod0.vms.xml"/>
      </VMeshLibrary>
      <Cmpnd>
         <Root>
            <File_name name="File name" type="text">usn_warhawk_AFF.3db</File_name>
            <Index type="int">0</Index>
            <Object_name name="Object name" type="text">Root</Object_name>
         </Root>
      </Cmpnd>
      <usn_warhawk_AFF.3db>
         <Hardpoints>
            <Fixed>
               <HpMount>
                  <Orientation type="Matrix">
                       1.0000000000,   0.0000000000,   0.0000000000,
                       0.0000000000,   1.0000000000,   0.0000000000,
                       0.0000000000,   0.0000000000,   1.0000000000
                  </Orientation>
                  <Position type="Vector">0, -20.25, 0</Position>
               </HpMount>
               <HpTractor_Source>
                  <Orientation type="Matrix">
                       1.0000000000,   0.0000000000,   0.0000000000,
                       0.0000000000,   1.0000000000,   0.0000000000,
                       0.0000000000,   0.0000000000,   1.0000000000
                  </Orientation>
                  <Position type="Vector">-0.064172998, -12.061958, -54.196014</Position>
               </HpTractor_Source>
               <HpShield01>
                  <Orientation type="Matrix">
                       1.0000000000,   0.0000000000,   0.0000000000,
                       0.0000000000,   1.0000000000,   0.0000000000,
                       0.0000000000,   0.0000000000,   1.0000000000
                  </Orientation>
                  <Position type="Vector">0, 0, 0</Position>
               </HpShield01>
               <HpEngine01>
                  <Orientation type="Matrix">
                       1.0000000000,   0.0000000000,   0.0000000000,
                       0.0000000000,   1.0000000000,   0.0000000000,
                       0.0000000000,   0.0000000000,   1.0000000000
                  </Orientation>
                  <Position type="Vector">-14.850735, -4.2620492, 39.004173</Position>
               </HpEngine01>
               <HpEngine02>
                  <Orientation type="Matrix">
                       1.0000000000,   0.0000000000,   0.0000000000,
                       0.0000000000,   1.0000000000,   0.0000000000,
                       0.0000000000,   0.0000000000,   1.0000000000
                  </Orientation>
                  <Position type="Vector">14.863842, -4.279839, 39.015869</Position>
               </HpEngine02>
               <HpThruster01>
                  <Orientation type="Matrix">
                      -1.0000000000, -87.427907e-09,   0.0000000000,
                      87.427907e-09,  -1.0000000000,  -0.0000000000,
                       0.0000000000,   0.0000000000,   1.0000000000
                  </Orientation>
                  <Position type="Vector">0.11907901, 10.289406, 10.630903</Position>
               </HpThruster01>
               <HpPilot>
                  <Orientation type="Matrix">
                       1.0000000000,   0.0000000000,   0.0000000000,
                       0.0000000000,   1.0000000000,   0.0000000000,
                       0.0000000000,   0.0000000000,   1.0000000000
                  </Orientation>
                  <Position type="Vector">0.2199555, -5.0625, -28.35335</Position>
               </HpPilot>
               <HpCM01>
                  <Orientation type="Matrix">
                       1.0000000000,   0.0000000000,   0.0000000000,
                       0.0000000000,   1.0000000000,   0.0000000000,
                       0.0000000000,   0.0000000000,   1.0000000000
                  </Orientation>
                  <Position type="Vector">0, 0, 22.336208</Position>
               </HpCM01>
               <HpBayDoor01>
                  <Orientation type="Matrix">
                       1.0000000000,   0.0000000000,   0.0000000000,
                       0.0000000000,   1.0000000000,   0.0000000000,
                       0.0000000000,   0.0000000000,   1.0000000000
                  </Orientation>
                  <Position type="Vector">0, -19.450268, 12.096579</Position>
               </HpBayDoor01>
               <HpBayDoor02>
                  <Orientation type="Matrix">
                       1.0000000000,   0.0000000000,   0.0000000000,
                       0.0000000000,   1.0000000000,   0.0000000000,
                       0.0000000000,   0.0000000000,   1.0000000000
                  </Orientation>
                  <Position type="Vector">0, -27.431351, 12.180325</Position>
               </HpBayDoor02>
               <HpCloak01>
                  <Orientation type="Matrix">
                       1.0000000000,   0.0000000000,   0.0000000000,
                       0.0000000000,   1.0000000000,   0.0000000000,
                       0.0000000000,   0.0000000000,   1.0000000000
                  </Orientation>
                  <Position type="Vector">0, 0, 0</Position>
               </HpCloak01>
               <HpNew01>
                  <Orientation type="Matrix">
                       1.0000000000,   0.0000000000,   0.0000000000,
                       0.0000000000,   1.0000000000,   0.0000000000,
                       0.0000000000,   0.0000000000,   1.0000000000
                  </Orientation>
                  <Position type="Vector">0, 0, 0</Position>
               </HpNew01>
               <HpNew02>
                  <Orientation type="Matrix">
                       1.0000000000,   0.0000000000,   0.0000000000,
                       0.0000000000,   1.0000000000,   0.0000000000,
                       0.0000000000,   0.0000000000,   1.0000000000
                  </Orientation>
                  <Position type="Vector">0, 0, 0</Position>
               </HpNew02>
               <HpNew03>
                  <Orientation type="Matrix">
                       1.0000000000,   0.0000000000,   0.0000000000,
                       0.0000000000,   1.0000000000,   0.0000000000,
                       0.0000000000,   0.0000000000,   1.0000000000
                  </Orientation>
                  <Position type="Vector">0, 0, 0</Position>
               </HpNew03>
            </Fixed>
            <Revolute>
               <HpWeapon01>
                  <Axis type="Vector">0, 1, 0</Axis>
                  <Max type="float">0</Max>
                  <Min type="float">0</Min>
                  <Orientation type="Matrix">
                       1.0000000000,   0.0000000000,   0.0000000000,
                       0.0000000000,   1.0000000000,   0.0000000000,
                       0.0000000000,   0.0000000000,   1.0000000000
                  </Orientation>
                  <Position type="Vector">-13.63977, 6.3209739, -16.875</Position>
               </HpWeapon01>
               <HpWeapon02>
                  <Axis type="Vector">0, 1, 0</Axis>
                  <Max type="float">0</Max>
                  <Min type="float">0</Min>
                  <Orientation type="Matrix">
                       1.0000000000,   0.0000000000,   0.0000000000,
                       0.0000000000,   1.0000000000,   0.0000000000,
                       0.0000000000,   0.0000000000,   1.0000000000
                  </Orientation>
                  <Position type="Vector">13.496095, 6.304, -16.875</Position>
               </HpWeapon02>
               <HpTorpedo01>
                  <Axis type="Vector">0, 1, 0</Axis>
                  <Max type="float">0</Max>
                  <Min type="float">0</Min>
                  <Orientation type="Matrix">
                       1.0000000000,   0.0000000000,   0.0000000000,
                       0.0000000000,   1.0000000000,   0.0000000000,
                       0.0000000000,   0.0000000000,   1.0000000000
                  </Orientation>
                  <Position type="Vector">-13.587662, 6.2303309, -16.875</Position>
               </HpTorpedo01>
               <HpTorpedo02>
                  <Axis type="Vector">0, 1, 0</Axis>
                  <Max type="float">0</Max>
                  <Min type="float">0</Min>
                  <Orientation type="Matrix">
                       1.0000000000,   0.0000000000,   0.0000000000,
                       0.0000000000,   1.0000000000,   0.0000000000,
                       0.0000000000,   0.0000000000,   1.0000000000
                  </Orientation>
                  <Position type="Vector">13.561512, 6.3040209, -16.875</Position>
               </HpTorpedo02>
               <HpTurret01>
                  <Axis type="Vector">0, 1, 0</Axis>
                  <Max type="float">6.2831855</Max>
                  <Min type="float">-6.2831855</Min>
                  <Orientation type="Matrix">
                       0.9973144500,  -0.0732381940,  -0.0000000000,
                       0.0732381940,   0.9973144500,   0.0000000000,
                       0.0000000000,  -0.0000000000,   1.0000000000
                  </Orientation>
                  <Position type="Vector">-3.8521338, 15.691803, -10.829667</Position>
               </HpTurret01>
               <HpTurret02>
                  <Axis type="Vector">0, 1, 0</Axis>
                  <Max type="float">6.2831855</Max>
                  <Min type="float">-6.2831855</Min>
                  <Orientation type="Matrix">
                       0.9973144500,   0.0732381940,   0.0000000000,
                      -0.0732381940,   0.9973144500,   0.0000000000,
                       0.0000000000,   0.0000000000,   1.0000000000
                  </Orientation>
                  <Position type="Vector">3.9482574, 15.684257, -10.943145</Position>
               </HpTurret02>
               <HpTurret03>
                  <Axis type="Vector">0, 1, 0</Axis>
                  <Max type="float">6.2831855</Max>
                  <Min type="float">-6.2831855</Min>
                  <Orientation type="Matrix">
                      -0.9993909600,   0.0348515590,  -0.0018264927,
                      -0.0348993840,  -0.9980213000,   0.0523040820,
                       0.0000000000,   0.0523359630,   0.9986295100
                  </Orientation>
                  <Position type="Vector">20.332588, -10.957518, 1.6137967</Position>
               </HpTurret03>
               <HpTurret04>
                  <Axis type="Vector">0, 1, 0</Axis>
                  <Max type="float">6.2831855</Max>
                  <Min type="float">-6.2831855</Min>
                  <Orientation type="Matrix">
                      -0.9975642600,  -0.0696608050,   0.0036507687,
                       0.0697564110,  -0.9961971000,   0.0522084760,
                      116.41532e-12,   0.0523359630,   0.9986295100
                  </Orientation>
                  <Position type="Vector">-21.303955, -10.856329, 3.0505414</Position>
               </HpTurret04>
               <HpTurret05>
                  <Axis type="Vector">0, 1, 0</Axis>
                  <Max type="float">6.2831855</Max>
                  <Min type="float">-6.2831855</Min>
                  <Orientation type="Matrix">
                      119.20929e-09,  -0.9876881200,   0.1564344500,
                       0.9999998200,  119.20929e-09,  14.901161e-09,
                       0.0000000000,   0.1564344500,   0.9876883000
                  </Orientation>
                  <Position type="Vector">-28.456642, -3.7408533, 0.65347087</Position>
               </HpTurret05>
               <HpTurret06>
                  <Axis type="Vector">0, 1, 0</Axis>
                  <Max type="float">6.2831855</Max>
                  <Min type="float">-6.2831855</Min>
                  <Orientation type="Matrix">
                      119.20929e-09,   0.9876881200,  -0.1564344500,
                      -0.9999998200,  119.20929e-09,  14.901161e-09,
                       0.0000000000,   0.1564344500,   0.9876883000
                  </Orientation>
                  <Position type="Vector">28.455906, -3.7408533, 0.65883374</Position>
               </HpTurret06>
               <HpTurret07>
                  <Axis type="Vector">0, 1, 0</Axis>
                  <Max type="float">0</Max>
                  <Min type="float">-3.4906585</Min>
                  <Orientation type="Matrix">
                       0.9396926200,   0.0000000000,  -0.3420200900,
                       0.0000000000,   1.0000000000,   0.0000000000,
                       0.3420200900,   0.0000000000,   0.9396926200
                  </Orientation>
                  <Position type="Vector">36.566509, -6.6916323, 34.410995</Position>
               </HpTurret07>
               <HpTurret08>
                  <Axis type="Vector">0, 1, 0</Axis>
                  <Max type="float">3.4906585</Max>
                  <Min type="float">0</Min>
                  <Orientation type="Matrix">
                      -0.9396925000, -87.427900e-09,  -0.3420200900,
                      82.155346e-09,  -0.9999998800,  29.902104e-09,
                      -0.3420200900,  1.7763568e-15,   0.9396926200
                  </Orientation>
                  <Position type="Vector">36.13269, -8.1294785, 34.566532</Position>
               </HpTurret08>
               <HpTurret09>
                  <Axis type="Vector">0, 1, 0</Axis>
                  <Max type="float">3.4906585</Max>
                  <Min type="float">0</Min>
                  <Orientation type="Matrix">
                       0.9396926200,   0.0000000000,   0.3420200900,
                      -0.0000000000,   1.0000000000,   0.0000000000,
                      -0.3420200900,  -0.0000000000,   0.9396926200
                  </Orientation>
                  <Position type="Vector">-36.168674, -6.6810393, 33.849125</Position>
               </HpTurret09>
               <HpTurret10>
                  <Axis type="Vector">0, 1, 0</Axis>
                  <Max type="float">0</Max>
                  <Min type="float">-3.4906585</Min>
                  <Orientation type="Matrix">
                      -0.9396925000, -87.427900e-09,   0.3420200900,
                      82.155346e-09,  -0.9999998800, -29.902104e-09,
                       0.3420200900, -1.7763568e-15,   0.9396926200
                  </Orientation>
                  <Position type="Vector">-36.108757, -8.142622, 33.892735</Position>
               </HpTurret10>
            </Revolute>
         </Hardpoints>
         <MultiLevel>
            <Level0>
               <VMeshPart>
                  <VMeshRef type="VMeshRef">
                     <!-- header size  --> 60,
                     <!-- vmesh lib    --> usn_warhawk_AFF.lod0.vms,
                     <!-- start vert   --> 0,
                     <!-- num verts    --> 1225,
                     <!-- start index  --> 0,
                     <!-- num indices  --> 4008,
                     <!-- start mesh   --> 0,
                     <!-- num meshes   --> 1,
                     <!-- bounding box -->  51.181458,      25.412186,   46.835899,
                                           -51.181469,     -14.515403,  -54.365486,
                     <!-- center       -->  -5.7220459e-6,   5.4483914,  -3.7647934,
                     <!-- radius       --> 98.591072
                  </VMeshRef>
               </VMeshPart>
            </Level0>
         </MultiLevel>
         <VMeshWire include="Lanchester_cmp\usn_warhawk_AFF.vwd.xml"/>
      </usn_warhawk_AFF.3db>
   </UTF_ROOT>
</UTFXML>
