<?xml version="1.0" encoding="ISO-8859-1"?>
<!-- XML generated by UTFXML Version 2.2 built 19-Aug-2010 -->
<UTFXML filename="vega_achor.cmp" path="SHIPS\new\private\Vega">
   <UTF_ROOT>
      <VMeshLibrary>
         <marine_fighter.lod0.vms include="vega_achor_cmp\lod0.vms.xml"/>
      </VMeshLibrary>
      <Cmpnd>
         <Root>
            <File_name name="File name" type="text">marine_fighter.3db</File_name>
            <Index type="int">0</Index>
            <Object_name name="Object name" type="text">Root</Object_name>
         </Root>
      </Cmpnd>
      <marine_fighter.3db>
         <Hardpoints>
            <Fixed>
               <HpMount>
                  <Orientation type="Matrix">
                       1.0000000000,   0.0000000000,   0.0000000000,
                       0.0000000000,   1.0000000000,   0.0000000000,
                       0.0000000000,   0.0000000000,   1.0000000000
                  </Orientation>
                  <Position type="Vector">0, -2, -2</Position>
               </HpMount>
               <HpShield01>
                  <Orientation type="Matrix">
                       1.0000000000,   0.0000000000,   0.0000000000,
                       0.0000000000,   1.0000000000,   0.0000000000,
                       0.0000000000,   0.0000000000,   1.0000000000
                  </Orientation>
                  <Position type="Vector">0, 2.688, 0</Position>
               </HpShield01>
               <HpEngine01>
                  <Orientation type="Matrix">
                       1.0000000000,   0.0000000000,   0.0000000000,
                       0.0000000000,   1.0000000000,   0.0000000000,
                       0.0000000000,   0.0000000000,   1.0000000000
                  </Orientation>
                  <Position type="Vector">0.008277, 2.9194341, 13.972676</Position>
               </HpEngine01>
               <HpThruster01>
                  <Orientation type="Matrix">
                       1.0000000000,   0.0000000000,   0.0000000000,
                       0.0000000000,   1.0000000000,   0.0000000000,
                       0.0000000000,   0.0000000000,   1.0000000000
                  </Orientation>
                  <Position type="Vector">0, 2.677901, 13</Position>
               </HpThruster01>
               <HpTractor_source>
                  <Orientation type="Matrix">
                       1.0000000000,   0.0000000000,   0.0000000000,
                       0.0000000000,   1.0000000000,   0.0000000000,
                       0.0000000000,   0.0000000000,   1.0000000000
                  </Orientation>
                  <Position type="Vector">0, 4.4862971, -21.732735</Position>
               </HpTractor_source>
               <HpCM01>
                  <Orientation type="Matrix">
                      -0.9961947200,  -0.0871558790,  -0.0000000000,
                       0.0871558790,  -0.9961947200,   0.0000000000,
                       0.0000000000,  -0.0000000000,   1.0000000000
                  </Orientation>
                  <Position type="Vector">-3.97612, 2.135309, 10.902803</Position>
               </HpCM01>
               <HpMine01>
                  <Orientation type="Matrix">
                      -0.9961947200,   0.0871558790,   0.0000000000,
                      -0.0871558790,  -0.9961947200,   0.0000000000,
                       0.0000000000,   0.0000000000,   1.0000000000
                  </Orientation>
                  <Position type="Vector">3.9898441, 2.137073, 10.906459</Position>
               </HpMine01>
               <HpContrail01>
                  <Orientation type="Matrix">
                       1.0000000000,   0.0000000000,   0.0000000000,
                       0.0000000000,   1.0000000000,   0.0000000000,
                       0.0000000000,   0.0000000000,   1.0000000000
                  </Orientation>
                  <Position type="Vector">10.072737, 3.9850559, 17.38768</Position>
               </HpContrail01>
               <HpContrail02>
                  <Orientation type="Matrix">
                       1.0000000000,   0.0000000000,   0.0000000000,
                       0.0000000000,   1.0000000000,   0.0000000000,
                       0.0000000000,   0.0000000000,   1.0000000000
                  </Orientation>
                  <Position type="Vector">-9.9618244, 3.9950721, 17.247839</Position>
               </HpContrail02>
               <HpContrail03>
                  <Orientation type="Matrix">
                       1.0000000000,   0.0000000000,   0.0000000000,
                       0.0000000000,   1.0000000000,   0.0000000000,
                       0.0000000000,   0.0000000000,   1.0000000000
                  </Orientation>
                  <Position type="Vector">-12.344096, 2.5133922, 16.703039</Position>
               </HpContrail03>
               <HpContrail04>
                  <Orientation type="Matrix">
                       1.0000000000,   0.0000000000,   0.0000000000,
                       0.0000000000,   1.0000000000,   0.0000000000,
                       0.0000000000,   0.0000000000,   1.0000000000
                  </Orientation>
                  <Position type="Vector">12.272864, 2.5259521, 16.635679</Position>
               </HpContrail04>
               <HpDocklight01>
                  <Orientation type="Matrix">
                       1.0000000000,   0.0000000000,   0.0000000000,
                       0.0000000000,   1.0000000000,   0.0000000000,
                       0.0000000000,   0.0000000000,   1.0000000000
                  </Orientation>
                  <Position type="Vector">-2.747999, 6.7871041, -3.259131</Position>
               </HpDocklight01>
               <HpDocklight02>
                  <Orientation type="Matrix">
                       1.0000000000,   0.0000000000,   0.0000000000,
                       0.0000000000,   1.0000000000,   0.0000000000,
                       0.0000000000,   0.0000000000,   1.0000000000
                  </Orientation>
                  <Position type="Vector">2.7151411, 6.7908449, -3.2287891</Position>
               </HpDocklight02>
               <HpRunningLight01>
                  <Orientation type="Matrix">
                       1.0000000000,   0.0000000000,   0.0000000000,
                       0.0000000000,   1.0000000000,   0.0000000000,
                       0.0000000000,   0.0000000000,   1.0000000000
                  </Orientation>
                  <Position type="Vector">-2.9494882, 6.3941121, -9.2903519</Position>
               </HpRunningLight01>
               <HpRunningLight02>
                  <Orientation type="Matrix">
                       1.0000000000,   0.0000000000,   0.0000000000,
                       0.0000000000,   1.0000000000,   0.0000000000,
                       0.0000000000,   0.0000000000,   1.0000000000
                  </Orientation>
                  <Position type="Vector">3.0617921, 6.367856, -9.1979847</Position>
               </HpRunningLight02>
               <HpRunningLight03>
                  <Orientation type="Matrix">
                       1.0000000000,   0.0000000000,   0.0000000000,
                       0.0000000000,   1.0000000000,   0.0000000000,
                       0.0000000000,   0.0000000000,   1.0000000000
                  </Orientation>
                  <Position type="Vector">-10.471144, 3.386507, 3.5301499</Position>
               </HpRunningLight03>
               <HpRunningLight04>
                  <Orientation type="Matrix">
                       1.0000000000,   0.0000000000,   0.0000000000,
                       0.0000000000,   1.0000000000,   0.0000000000,
                       0.0000000000,   0.0000000000,   1.0000000000
                  </Orientation>
                  <Position type="Vector">10.48, 3.3882771, 3.541312</Position>
               </HpRunningLight04>
               <HpCloak01>
                  <Orientation type="Matrix">
                       1.0000000000,   0.0000000000,   0.0000000000,
                       0.0000000000,   1.0000000000,   0.0000000000,
                       0.0000000000,   0.0000000000,   1.0000000000
                  </Orientation>
                  <Position type="Vector">0, 3.5, -2</Position>
               </HpCloak01>
               <HpShield02>
                  <Orientation type="Matrix">
                       1.0000000000,   0.0000000000,   0.0000000000,
                       0.0000000000,   1.0000000000,   0.0000000000,
                       0.0000000000,   0.0000000000,   1.0000000000
                  </Orientation>
                  <Position type="Vector">0, 3, 0</Position>
               </HpShield02>
               <HpFX01>
                  <Orientation type="Matrix">
                       1.0000000000,   0.0000000000,   0.0000000000,
                       0.0000000000,   1.0000000000,   0.0000000000,
                       0.0000000000,   0.0000000000,   1.0000000000
                  </Orientation>
                  <Position type="Vector">0, 3, 0</Position>
               </HpFX01>
               <HpShield03>
                  <Orientation type="Matrix">
                       1.0000000000,   0.0000000000,   0.0000000000,
                       0.0000000000,   1.0000000000,   0.0000000000,
                       0.0000000000,   0.0000000000,   1.0000000000
                  </Orientation>
                  <Position type="Vector">0, 3, 0</Position>
               </HpShield03>
               <HpNew01>
                  <Orientation type="Matrix">
                       1.0000000000,   0.0000000000,   0.0000000000,
                       0.0000000000,   1.0000000000,   0.0000000000,
                       0.0000000000,   0.0000000000,   1.0000000000
                  </Orientation>
                  <Position type="Vector">0, 3, 0</Position>
               </HpNew01>
               <HpNew02>
                  <Orientation type="Matrix">
                       1.0000000000,   0.0000000000,   0.0000000000,
                       0.0000000000,   1.0000000000,   0.0000000000,
                       0.0000000000,   0.0000000000,   1.0000000000
                  </Orientation>
                  <Position type="Vector">0, 3, 0</Position>
               </HpNew02>
               <HpNew03>
                  <Orientation type="Matrix">
                       1.0000000000,   0.0000000000,   0.0000000000,
                       0.0000000000,   1.0000000000,   0.0000000000,
                       0.0000000000,   0.0000000000,   1.0000000000
                  </Orientation>
                  <Position type="Vector">0, 3, 0</Position>
               </HpNew03>
               <HpNew04>
                  <Orientation type="Matrix">
                       1.0000000000,   0.0000000000,   0.0000000000,
                       0.0000000000,   1.0000000000,   0.0000000000,
                       0.0000000000,   0.0000000000,   1.0000000000
                  </Orientation>
                  <Position type="Vector">0, 3, 0</Position>
               </HpNew04>
               <HpNew05>
                  <Orientation type="Matrix">
                       1.0000000000,   0.0000000000,   0.0000000000,
                       0.0000000000,   1.0000000000,   0.0000000000,
                       0.0000000000,   0.0000000000,   1.0000000000
                  </Orientation>
                  <Position type="Vector">0, 3, 0</Position>
               </HpNew05>
            </Fixed>
            <Revolute>
               <HpWeapon01>
                  <Axis type="Vector">0, 1, 0</Axis>
                  <Max type="float">0.52359879</Max>
                  <Min type="float">-1.0471976</Min>
                  <Orientation type="Matrix">
                      -1.0000000000, -87.422777e-09,   0.0000000000,
                      87.422777e-09,  -1.0000000000,  -0.0000000000,
                       0.0000000000,   0.0000000000,   1.0000000000
                  </Orientation>
                  <Position type="Vector">-3.903513, 1.92925, -5.3833771</Position>
               </HpWeapon01>
               <HpWeapon02>
                  <Axis type="Vector">0, 1, 0</Axis>
                  <Max type="float">1.0471976</Max>
                  <Min type="float">-0.52359879</Min>
                  <Orientation type="Matrix">
                      -1.0000000000, -87.422777e-09,   0.0000000000,
                      87.422777e-09,  -1.0000000000,  -0.0000000000,
                       0.0000000000,   0.0000000000,   1.0000000000
                  </Orientation>
                  <Position type="Vector">3.9768031, 1.925145, -5.292573</Position>
               </HpWeapon02>
               <HpWeapon03>
                  <Axis type="Vector">0, 1, 0</Axis>
                  <Max type="float">0.78539819</Max>
                  <Min type="float">-1.0471976</Min>
                  <Orientation type="Matrix">
                      -0.9961947200,  -0.0871558790,  -0.0000000000,
                       0.0871558790,  -0.9961947200,   0.0000000000,
                       0.0000000000,  -0.0000000000,   1.0000000000
                  </Orientation>
                  <Position type="Vector">-4.767148, 1.8300509, -2.027621</Position>
               </HpWeapon03>
               <HpWeapon04>
                  <Axis type="Vector">0, 1, 0</Axis>
                  <Max type="float">1.0471976</Max>
                  <Min type="float">-0.78539819</Min>
                  <Orientation type="Matrix">
                      -0.9961947200,   0.0871558790,   0.0000000000,
                      -0.0871558790,  -0.9961947200,   0.0000000000,
                       0.0000000000,   0.0000000000,   1.0000000000
                  </Orientation>
                  <Position type="Vector">4.814765, 1.83472, -2.057858</Position>
               </HpWeapon04>
               <HpWeapon05>
                  <Axis type="Vector">0, 1, 0</Axis>
                  <Max type="float">0.78539819</Max>
                  <Min type="float">-1.0471976</Min>
                  <Orientation type="Matrix">
                      -0.9961947200,  -0.0871558790,  -0.0000000000,
                       0.0871558790,  -0.9961947200,   0.0000000000,
                       0.0000000000,  -0.0000000000,   1.0000000000
                  </Orientation>
                  <Position type="Vector">-5.9692149, 1.929875, -0.588045</Position>
               </HpWeapon05>
               <HpWeapon06>
                  <Axis type="Vector">0, 1, 0</Axis>
                  <Max type="float">1.0471976</Max>
                  <Min type="float">-0.78539819</Min>
                  <Orientation type="Matrix">
                      -0.9961947200,   0.0871558790,   0.0000000000,
                      -0.0871558790,  -0.9961947200,   0.0000000000,
                       0.0000000000,   0.0000000000,   1.0000000000
                  </Orientation>
                  <Position type="Vector">5.9796858, 1.930908, -0.59549201</Position>
               </HpWeapon06>
               <HpWeapon07>
                  <Axis type="Vector">0, 1, 0</Axis>
                  <Max type="float">0.87266463</Max>
                  <Min type="float">-0.87266463</Min>
                  <Orientation type="Matrix">
                      -1.0000000000, -87.422777e-09,   0.0000000000,
                      87.422777e-09,  -1.0000000000,  -0.0000000000,
                       0.0000000000,   0.0000000000,   1.0000000000
                  </Orientation>
                  <Position type="Vector">-1.868994, 0.53800702, -3.7778161</Position>
               </HpWeapon07>
               <HpWeapon08>
                  <Axis type="Vector">0, 1, 0</Axis>
                  <Max type="float">0.87266463</Max>
                  <Min type="float">-0.87266463</Min>
                  <Orientation type="Matrix">
                      -1.0000000000, -87.422777e-09,   0.0000000000,
                      87.422777e-09,  -1.0000000000,  -0.0000000000,
                       0.0000000000,   0.0000000000,   1.0000000000
                  </Orientation>
                  <Position type="Vector">1.867527, 0.53942299, -3.798661</Position>
               </HpWeapon08>
               <HpWeapon09>
                  <Axis type="Vector">0, 1, 0</Axis>
                  <Max type="float">0.87266463</Max>
                  <Min type="float">-0.87266463</Min>
                  <Orientation type="Matrix">
                      -1.0000000000, -87.422777e-09,   0.0000000000,
                      87.422777e-09,  -1.0000000000,  -0.0000000000,
                       0.0000000000,   0.0000000000,   1.0000000000
                  </Orientation>
                  <Position type="Vector">-1.878472, 0.99879003, -7.49231</Position>
               </HpWeapon09>
               <HpWeapon10>
                  <Axis type="Vector">0, 1, 0</Axis>
                  <Max type="float">0.87266463</Max>
                  <Min type="float">-0.87266463</Min>
                  <Orientation type="Matrix">
                      -1.0000000000, -87.422777e-09,   0.0000000000,
                      87.422777e-09,  -1.0000000000,  -0.0000000000,
                       0.0000000000,   0.0000000000,   1.0000000000
                  </Orientation>
                  <Position type="Vector">1.861338, 1.001559, -7.5109038</Position>
               </HpWeapon10>
               <HpWeapon11>
                  <Axis type="Vector">0, 1, 0</Axis>
                  <Max type="float">0.87266463</Max>
                  <Min type="float">-0.87266463</Min>
                  <Orientation type="Matrix">
                      -1.0000000000, -87.422777e-09,   0.0000000000,
                      87.422777e-09,  -1.0000000000,  -0.0000000000,
                       0.0000000000,   0.0000000000,   1.0000000000
                  </Orientation>
                  <Position type="Vector">-1.22447, 0.74250901, -5.7171459</Position>
               </HpWeapon11>
               <HpWeapon12>
                  <Axis type="Vector">0, 1, 0</Axis>
                  <Max type="float">0.87266463</Max>
                  <Min type="float">-0.87266463</Min>
                  <Orientation type="Matrix">
                      -1.0000000000, -87.422777e-09,   0.0000000000,
                      87.422777e-09,  -1.0000000000,  -0.0000000000,
                       0.0000000000,   0.0000000000,   1.0000000000
                  </Orientation>
                  <Position type="Vector">1.22447, 0.74250901, -5.7171459</Position>
               </HpWeapon12>
               <HpWeapon13>
                  <Axis type="Vector">0, 1, 0</Axis>
                  <Max type="float">0.95993108</Max>
                  <Min type="float">-0.95993108</Min>
                  <Orientation type="Matrix">
                      -0.8660253300,  -0.5000000000,  -0.0000000000,
                       0.5000000000,  -0.8660253300,   0.0000000000,
                       0.0000000000,  -0.0000000000,   1.0000000000
                  </Orientation>
                  <Position type="Vector">-1.9435199, 2.4564109, -13.443329</Position>
               </HpWeapon13>
               <HpWeapon14>
                  <Axis type="Vector">0, 1, 0</Axis>
                  <Max type="float">0.95993108</Max>
                  <Min type="float">-0.95993108</Min>
                  <Orientation type="Matrix">
                      -0.8660253300,   0.5000000000,   0.0000000000,
                      -0.5000000000,  -0.8660253300,   0.0000000000,
                       0.0000000000,   0.0000000000,   1.0000000000
                  </Orientation>
                  <Position type="Vector">1.965914, 2.4665589, -13.462546</Position>
               </HpWeapon14>
               <HpWeapon15>
                  <Axis type="Vector">0, 1, 0</Axis>
                  <Max type="float">0.78539819</Max>
                  <Min type="float">-0.95993108</Min>
                  <Orientation type="Matrix">
                      -0.9961947200,  -0.0871558790,  -0.0000000000,
                       0.0871558790,  -0.9961947200,   0.0000000000,
                       0.0000000000,  -0.0000000000,   1.0000000000
                  </Orientation>
                  <Position type="Vector">-4.85677, 0.99088198, 2.0297379</Position>
               </HpWeapon15>
               <HpWeapon16>
                  <Axis type="Vector">0, 1, 0</Axis>
                  <Max type="float">0.95993108</Max>
                  <Min type="float">-0.78539819</Min>
                  <Orientation type="Matrix">
                      -0.9961947200,   0.0871558790,   0.0000000000,
                      -0.0871558790,  -0.9961947200,   0.0000000000,
                       0.0000000000,   0.0000000000,   1.0000000000
                  </Orientation>
                  <Position type="Vector">4.841661, 0.99041301, 2.058892</Position>
               </HpWeapon16>
               <HpWeapon17>
                  <Axis type="Vector">0, 1, 0</Axis>
                  <Max type="float">0.95993108</Max>
                  <Min type="float">-0.95993108</Min>
                  <Orientation type="Matrix">
                      -1.0000000000, -87.422777e-09,   0.0000000000,
                      87.422777e-09,  -1.0000000000,  -0.0000000000,
                       0.0000000000,   0.0000000000,   1.0000000000
                  </Orientation>
                  <Position type="Vector">-0.93303901, 0.358298, -1.0762531</Position>
               </HpWeapon17>
               <HpWeapon18>
                  <Axis type="Vector">0, 1, 0</Axis>
                  <Max type="float">0.95993108</Max>
                  <Min type="float">-0.95993108</Min>
                  <Orientation type="Matrix">
                      -1.0000000000, -87.422777e-09,   0.0000000000,
                      87.422777e-09,  -1.0000000000,  -0.0000000000,
                       0.0000000000,   0.0000000000,   1.0000000000
                  </Orientation>
                  <Position type="Vector">0.96746701, 0.359092, -1.0877661</Position>
               </HpWeapon18>
               <HpWeapon19>
                  <Axis type="Vector">0, 1, 0</Axis>
                  <Max type="float">0.95993108</Max>
                  <Min type="float">-0.95993108</Min>
                  <Orientation type="Matrix">
                      -1.0000000000, -87.422777e-09,   0.0000000000,
                      87.422777e-09,  -1.0000000000,  -0.0000000000,
                       0.0000000000,   0.0000000000,   1.0000000000
                  </Orientation>
                  <Position type="Vector">-1.705321, 0.27546301, 0.115545</Position>
               </HpWeapon19>
               <HpWeapon20>
                  <Axis type="Vector">0, 1, 0</Axis>
                  <Max type="float">0.95993108</Max>
                  <Min type="float">-0.95993108</Min>
                  <Orientation type="Matrix">
                      -1.0000000000, -87.422777e-09,   0.0000000000,
                      87.422777e-09,  -1.0000000000,  -0.0000000000,
                       0.0000000000,   0.0000000000,   1.0000000000
                  </Orientation>
                  <Position type="Vector">1.705321, 0.27546301, 0.115545</Position>
               </HpWeapon20>
               <HpTorpedo01>
                  <Axis type="Vector">0, 1, 0</Axis>
                  <Max type="float">0.78539819</Max>
                  <Min type="float">-0.78539819</Min>
                  <Orientation type="Matrix">
                      -1.0000000000, -87.090108e-09, -7.6193967e-09,
                      87.422784e-09,  -0.9961947200,  -0.0871557440,
                      444.08921e-18,  -0.0871557440,   0.9961947200
                  </Orientation>
                  <Position type="Vector">0, 2.2232959, -15.273579</Position>
               </HpTorpedo01>
               <HpTorpedo02>
                  <Axis type="Vector">0, 1, 0</Axis>
                  <Max type="float">0.95993108</Max>
                  <Min type="float">-0.69813168</Min>
                  <Orientation type="Matrix">
                       1.0000000000,   0.0000000000,  -0.0000000000,
                      -0.0000000000,   0.9986295100,  -0.0523359590,
                       0.0000000000,   0.0523359590,   0.9986295100
                  </Orientation>
                  <Position type="Vector">-5.7757549, 4.3473282, -4.0203829</Position>
               </HpTorpedo02>
               <HpTorpedo03>
                  <Axis type="Vector">0, 1, 0</Axis>
                  <Max type="float">0.69813168</Max>
                  <Min type="float">-0.95993108</Min>
                  <Orientation type="Matrix">
                       1.0000000000,   0.0000000000,  -0.0000000000,
                      -0.0000000000,   0.9986295100,  -0.0523359590,
                       0.0000000000,   0.0523359590,   0.9986295100
                  </Orientation>
                  <Position type="Vector">5.7943811, 4.3460202, -4.0007372</Position>
               </HpTorpedo03>
            </Revolute>
         </Hardpoints>
         <MultiLevel>
            <Level0>
               <VMeshPart>
                  <VMeshRef type="VMeshRef">
                     <!-- header size  --> 60,
                     <!-- vmesh lib    --> marine_fighter.lod0.vms,
                     <!-- start vert   --> 0,
                     <!-- num verts    --> 751,
                     <!-- start index  --> 0,
                     <!-- num indices  --> 2118,
                     <!-- start mesh   --> 0,
                     <!-- num meshes   --> 1,
                     <!-- bounding box -->  14.31936, 7.0749989,  17.802311,
                                           -14.31936, 0,         -21.981319,
                     <!-- center       -->   0,       3.5374999,  -2.089505,
                     <!-- radius       --> 28
                  </VMeshRef>
               </VMeshPart>
            </Level0>
         </MultiLevel>
      </marine_fighter.3db>
   </UTF_ROOT>
</UTFXML>
