<?xml version="1.0" encoding="ISO-8859-1"?>
<!-- XML generated by UTFXML Version 2.2 built 19-Aug-2010 -->
<UTFXML filename="antaran_bs.cmp" path="SHIPS\new\Master_of_Orion\ANTARAN">
   <UTF_ROOT>
      <VMeshLibrary>
         <antaran_bs.lod0.vms include="antaran_bs_cmp\lod0.vms.xml"/>
      </VMeshLibrary>
      <Cmpnd>
         <Root>
            <File_name name="File name" type="text">antaran_bs.3db</File_name>
            <Index type="int">0</Index>
            <Object_name name="Object name" type="text">Root</Object_name>
         </Root>
      </Cmpnd>
      <antaran_bs.3db>
         <MultiLevel>
            <Level0>
               <VMeshPart>
                  <VMeshRef type="VMeshRef">
                     <!-- header size  --> 60,
                     <!-- vmesh lib    --> antaran_bs.lod0.vms,
                     <!-- start vert   --> 0,
                     <!-- num verts    --> 5902,
                     <!-- start index  --> 0,
                     <!-- num indices  --> 27708,
                     <!-- start mesh   --> 0,
                     <!-- num meshes   --> 1,
                     <!-- bounding box -->  245.32457,  209.4935,     401.26291,
                                           -245.32457, -220.87181,   -396.70728,
                     <!-- center       -->    0,         -5.6891556,    2.2778168,
                     <!-- radius       --> 649.49548
                  </VMeshRef>
               </VMeshPart>
            </Level0>
         </MultiLevel>
         <Hardpoints>
            <Fixed>
               <HpMount>
                  <Orientation type="Matrix">
                       1.0000000000,   0.0000000000,   0.0000000000,
                       0.0000000000,   1.0000000000,   0.0000000000,
                       0.0000000000,   0.0000000000,   1.0000000000
                  </Orientation>
                  <Position type="Vector">0, -235, -325</Position>
               </HpMount>
               <HpCloak01>
                  <Orientation type="Matrix">
                       1.0000000000,   0.0000000000,   0.0000000000,
                       0.0000000000,   0.8571673600,   0.5150380100,
                       0.0000000000,  -0.5150380100,   0.8571673600
                  </Orientation>
                  <Position type="Vector">0, 0, 0</Position>
               </HpCloak01>
               <HpFX01>
                  <Orientation type="Matrix">
                       1.0000000000,   0.0000000000,   0.0000000000,
                       0.0000000000,   1.0000000000,   0.0000000000,
                       0.0000000000,   0.0000000000,   1.0000000000
                  </Orientation>
                  <Position type="Vector">0, 0, 0</Position>
               </HpFX01>
               <HpFX02>
                  <Orientation type="Matrix">
                      59.604645e-09,   0.9999998800,   0.0000000000,
                      -0.9999998800,  59.604645e-09,   0.0000000000,
                       0.0000000000,   0.0000000000,   1.0000000000
                  </Orientation>
                  <Position type="Vector">0, 0, 0</Position>
               </HpFX02>
               <HpFX03>
                  <Orientation type="Matrix">
                       1.0000000000,   0.0000000000,   0.0000000000,
                       0.0000000000,  59.604645e-09,   0.9999998800,
                       0.0000000000,  -0.9999998800,  59.604645e-09
                  </Orientation>
                  <Position type="Vector">0, 0, 0</Position>
               </HpFX03>
               <HpTractor_Source>
                  <Orientation type="Matrix">
                       1.0000000000,   0.0000000000,   0.0000000000,
                       0.0000000000,   1.0000000000,   0.0000000000,
                       0.0000000000,   0.0000000000,   1.0000000000
                  </Orientation>
                  <Position type="Vector">0.016806999, -114.05897, -187.2984</Position>
               </HpTractor_Source>
               <HpRunningLight01>
                  <Orientation type="Matrix">
                       1.0000000000,   0.0000000000,   0.0000000000,
                       0.0000000000,   1.0000000000,   0.0000000000,
                       0.0000000000,   0.0000000000,   1.0000000000
                  </Orientation>
                  <Position type="Vector">-244.44212, 157.7459, 235.3174</Position>
               </HpRunningLight01>
               <HpRunningLight02>
                  <Orientation type="Matrix">
                       1.0000000000,   0.0000000000,   0.0000000000,
                       0.0000000000,   1.0000000000,   0.0000000000,
                       0.0000000000,   0.0000000000,   1.0000000000
                  </Orientation>
                  <Position type="Vector">244.4429, 157.74625, 235.3181</Position>
               </HpRunningLight02>
               <HpDocklight01>
                  <Orientation type="Matrix">
                       1.0000000000,   0.0000000000,   0.0000000000,
                       0.0000000000,   1.0000000000,   0.0000000000,
                       0.0000000000,   0.0000000000,   1.0000000000
                  </Orientation>
                  <Position type="Vector">-244.44212, 157.7459, 235.3174</Position>
               </HpDocklight01>
               <HpContrail01>
                  <Orientation type="Matrix">
                       1.0000000000,   0.0000000000,   0.0000000000,
                       0.0000000000,   1.0000000000,   0.0000000000,
                       0.0000000000,   0.0000000000,   1.0000000000
                  </Orientation>
                  <Position type="Vector">-244.46651, 157.72836, 235.30672</Position>
               </HpContrail01>
               <HpRunningLight03>
                  <Orientation type="Matrix">
                       1.0000000000,   0.0000000000,   0.0000000000,
                       0.0000000000,   1.0000000000,   0.0000000000,
                       0.0000000000,   0.0000000000,   1.0000000000
                  </Orientation>
                  <Position type="Vector">-92.486465, 209.48734, 399.86649</Position>
               </HpRunningLight03>
               <HpDocklight02>
                  <Orientation type="Matrix">
                       1.0000000000,   0.0000000000,   0.0000000000,
                       0.0000000000,   1.0000000000,   0.0000000000,
                       0.0000000000,   0.0000000000,   1.0000000000
                  </Orientation>
                  <Position type="Vector">244.4631, 157.72861, 235.30394</Position>
               </HpDocklight02>
               <HpContrail02>
                  <Orientation type="Matrix">
                       1.0000000000,   0.0000000000,   0.0000000000,
                       0.0000000000,   1.0000000000,   0.0000000000,
                       0.0000000000,   0.0000000000,   1.0000000000
                  </Orientation>
                  <Position type="Vector">244.47533, 157.73271, 235.31345</Position>
               </HpContrail02>
               <HpRunningLight04>
                  <Orientation type="Matrix">
                       1.0000000000,   0.0000000000,   0.0000000000,
                       0.0000000000,   1.0000000000,   0.0000000000,
                       0.0000000000,   0.0000000000,   1.0000000000
                  </Orientation>
                  <Position type="Vector">92.495056, 209.4884, 399.88208</Position>
               </HpRunningLight04>
               <HpRunningLight05>
                  <Orientation type="Matrix">
                       1.0000000000,   0.0000000000,   0.0000000000,
                       0.0000000000,   1.0000000000,   0.0000000000,
                       0.0000000000,   0.0000000000,   1.0000000000
                  </Orientation>
                  <Position type="Vector">-82.816963, -111.23791, -104.52592</Position>
               </HpRunningLight05>
               <HpRunningLight06>
                  <Orientation type="Matrix">
                       1.0000000000,   0.0000000000,   0.0000000000,
                       0.0000000000,   1.0000000000,   0.0000000000,
                       0.0000000000,   0.0000000000,   1.0000000000
                  </Orientation>
                  <Position type="Vector">82.892845, -111.1431, -104.5579</Position>
               </HpRunningLight06>
               <HpRunningLight07>
                  <Orientation type="Matrix">
                       1.0000000000,   0.0000000000,   0.0000000000,
                       0.0000000000,   1.0000000000,   0.0000000000,
                       0.0000000000,   0.0000000000,   1.0000000000
                  </Orientation>
                  <Position type="Vector">-74.063667, -90.489868, -81.290985</Position>
               </HpRunningLight07>
               <HpRunningLight08>
                  <Orientation type="Matrix">
                       1.0000000000,   0.0000000000,   0.0000000000,
                       0.0000000000,   1.0000000000,   0.0000000000,
                       0.0000000000,   0.0000000000,   1.0000000000
                  </Orientation>
                  <Position type="Vector">74.053726, -90.480766, -81.259613</Position>
               </HpRunningLight08>
               <HpEngine01>
                  <Orientation type="Matrix">
                       1.0000000000,   0.0000000000,   0.0000000000,
                       0.0000000000,   1.0000000000,   0.0000000000,
                       0.0000000000,   0.0000000000,   1.0000000000
                  </Orientation>
                  <Position type="Vector">-89.387299, 154.41528, 271.09329</Position>
               </HpEngine01>
               <HpEngine02>
                  <Orientation type="Matrix">
                       1.0000000000,   0.0000000000,   0.0000000000,
                       0.0000000000,   1.0000000000,   0.0000000000,
                       0.0000000000,   0.0000000000,   1.0000000000
                  </Orientation>
                  <Position type="Vector">89.52816, 154.41476, 271.16595</Position>
               </HpEngine02>
               <HpEngine03>
                  <Orientation type="Matrix">
                       1.0000000000,   0.0000000000,   0.0000000000,
                       0.0000000000,   0.8660253900,   0.5000000000,
                       0.0000000000,  -0.5000000000,   0.8660253900
                  </Orientation>
                  <Position type="Vector">-0.046192002, 95.546509, 158.45146</Position>
               </HpEngine03>
               <HpEngine04>
                  <Orientation type="Matrix">
                       0.8660253900,   0.0000000000,  -0.5000000000,
                       0.0000000000,   1.0000000000,   0.0000000000,
                       0.5000000000,   0.0000000000,   0.8660253900
                  </Orientation>
                  <Position type="Vector">-59.722637, 15.827164, 100.37637</Position>
               </HpEngine04>
               <HpEngine05>
                  <Orientation type="Matrix">
                       0.8660253900,   0.0000000000,   0.5000000000,
                      -0.0000000000,   1.0000000000,   0.0000000000,
                      -0.5000000000,  -0.0000000000,   0.8660253900
                  </Orientation>
                  <Position type="Vector">59.812897, 15.883968, 100.34481</Position>
               </HpEngine05>
               <HpBayDoor01>
                  <Orientation type="Matrix">
                       1.0000000000,   0.0000000000,   0.0000000000,
                       0.0000000000,   1.0000000000,   0.0000000000,
                       0.0000000000,   0.0000000000,   1.0000000000
                  </Orientation>
                  <Position type="Vector">0, 250, 0</Position>
               </HpBayDoor01>
               <HpBayDoor02>
                  <Orientation type="Matrix">
                       1.0000000000,   0.0000000000,   0.0000000000,
                       0.0000000000,   1.0000000000,   0.0000000000,
                       0.0000000000,   0.0000000000,   1.0000000000
                  </Orientation>
                  <Position type="Vector">0, 255, 0</Position>
               </HpBayDoor02>
               <HpCM01>
                  <Orientation type="Matrix">
                      -0.8191519400, -44.703484e-09,  -0.5735764500,
                       0.4055798100,  -0.7071067100,  -0.5792279200,
                      -0.4055797500,  -0.7071067100,   0.5792279800
                  </Orientation>
                  <Position type="Vector">-96.268768, 135.61708, 261.34973</Position>
               </HpCM01>
               <HpCM02>
                  <Orientation type="Matrix">
                      -0.8191519400, -29.802322e-09,   0.5735762700,
                      -0.4055796600,  -0.7071066500,  -0.5792279200,
                       0.4055797200,  -0.7071067100,   0.5792280400
                  </Orientation>
                  <Position type="Vector">95.590332, 135.60692, 261.52625</Position>
               </HpCM02>
               <HpCM03>
                  <Orientation type="Matrix">
                      -0.9998476500,  -0.0123407510,  -0.0123407510,
                       0.0174524560,  -0.7069990600,  -0.7069990600,
                     -465.66129e-12,  -0.7071067100,   0.7071068300
                  </Orientation>
                  <Position type="Vector">-0.168883, 60.128288, 188.44693</Position>
               </HpCM03>
               <HpEngine06>
                  <Orientation type="Matrix">
                       0.6427875800, -14.901161e-09,  -0.7660444400,
                      -0.3830221900,   0.8660253900,  -0.3213937600,
                       0.6634139400,   0.5000000000,   0.5566703700
                  </Orientation>
                  <Position type="Vector">-69.899696, -50.268116, 65.611313</Position>
               </HpEngine06>
               <HpEngine07>
                  <Orientation type="Matrix">
                       0.6427875800,  14.901161e-09,   0.7660444400,
                       0.3830221900,   0.8660253900,  -0.3213937600,
                      -0.6634139400,   0.5000000000,   0.5566703700
                  </Orientation>
                  <Position type="Vector">69.88195, -50.312759, 65.553055</Position>
               </HpEngine07>
            </Fixed>
            <Revolute>
               <HpTorpedo01>
                  <Axis type="Vector">0, 1, 0</Axis>
                  <Max type="float">3.1415927</Max>
                  <Min type="float">-3.1415927</Min>
                  <Orientation type="Matrix">
                      -0.9998476500,  -0.0174524580,  -0.0000000000,
                       0.0174524580,  -0.9998476500,   0.0000000000,
                       0.0000000000,  -0.0000000000,   1.0000000000
                  </Orientation>
                  <Position type="Vector">0.49570301, -86.768341, -1.323041</Position>
               </HpTorpedo01>
               <HpTorpedo02>
                  <Axis type="Vector">0, 1, 0</Axis>
                  <Max type="float">1.5707964</Max>
                  <Min type="float">-1.5707964</Min>
                  <Orientation type="Matrix">
                      178.81393e-09,  -0.9999998800, -7.1054274e-15,
                      -0.9999998800,  59.604641e-09,  87.422769e-09,
                     -87.422769e-09,   0.0000000000,  -0.9999997600
                  </Orientation>
                  <Position type="Vector">-245.30531, 154.65248, 236.26711</Position>
               </HpTorpedo02>
               <HpTorpedo03>
                  <Axis type="Vector">0, 1, 0</Axis>
                  <Max type="float">1.5707964</Max>
                  <Min type="float">-1.5707964</Min>
                  <Orientation type="Matrix">
                      178.81393e-09,   0.9999998800, -7.1054274e-15,
                       0.9999998800,  59.604641e-09, -87.422769e-09,
                     -87.422769e-09,   0.0000000000,  -0.9999997600
                  </Orientation>
                  <Position type="Vector">245.29437, 154.66258, 236.30394</Position>
               </HpTorpedo03>
               <HpTorpedo04>
                  <Axis type="Vector">0, 1, 0</Axis>
                  <Max type="float">1.5707964</Max>
                  <Min type="float">-1.5707964</Min>
                  <Orientation type="Matrix">
                      -1.0000000000,  87.422777e-09, -7.6427419e-15,
                      87.422777e-09,   1.0000000000, -87.422777e-09,
                       0.0000000000, -87.422777e-09,  -1.0000000000
                  </Orientation>
                  <Position type="Vector">0.104945, 167.35843, 291.15369</Position>
               </HpTorpedo04>
               <HpTurret01>
                  <Axis type="Vector">0, 1, 0</Axis>
                  <Max type="float">1.5707964</Max>
                  <Min type="float">-1.5707964</Min>
                  <Orientation type="Matrix">
                       0.9961946600,   0.0871558790, -87.090108e-09,
                       0.0871558790,  -0.9961947200, -7.6194091e-09,
                     -87.422784e-09, -444.08921e-18,  -1.0000000000
                  </Orientation>
                  <Position type="Vector">-21.810242, 151.70764, 290.52423</Position>
               </HpTurret01>
               <HpTurret02>
                  <Axis type="Vector">0, 1, 0</Axis>
                  <Max type="float">1.5707964</Max>
                  <Min type="float">-1.5707964</Min>
                  <Orientation type="Matrix">
                       0.9961946600,  -0.0871558790, -87.090108e-09,
                      -0.0871558790,  -0.9961947200,  7.6194091e-09,
                     -87.422784e-09,  444.08921e-18,  -1.0000000000
                  </Orientation>
                  <Position type="Vector">21.726189, 151.68773, 290.60474</Position>
               </HpTurret02>
               <HpTurret03>
                  <Axis type="Vector">0, 1, 0</Axis>
                  <Max type="float">1.5707964</Max>
                  <Min type="float">-1.5707964</Min>
                  <Orientation type="Matrix">
                      -0.9659259300,  -0.2588190700,  84.443919e-09,
                      -0.2588190700,   0.9659258100,  22.626683e-09,
                     -87.422784e-09, -888.17842e-18,  -1.0000000000
                  </Orientation>
                  <Position type="Vector">-57.701664, 164.81331, 269.14838</Position>
               </HpTurret03>
               <HpTurret04>
                  <Axis type="Vector">0, 1, 0</Axis>
                  <Max type="float">1.5707964</Max>
                  <Min type="float">-1.5707964</Min>
                  <Orientation type="Matrix">
                      -0.9659259300,   0.2588190700,  84.443919e-09,
                       0.2588190700,   0.9659258100, -22.626683e-09,
                     -87.422784e-09,  888.17842e-18,  -1.0000000000
                  </Orientation>
                  <Position type="Vector">57.786079, 164.77354, 269.06161</Position>
               </HpTurret04>
               <HpTurret05>
                  <Axis type="Vector">0, 1, 0</Axis>
                  <Max type="float">1.5707964</Max>
                  <Min type="float">-1.5707964</Min>
                  <Orientation type="Matrix">
                       0.9961946600,   0.0871558790, -87.090108e-09,
                       0.0871558790,  -0.9961947200, -7.6194091e-09,
                     -87.422784e-09, -444.08921e-18,  -1.0000000000
                  </Orientation>
                  <Position type="Vector">-53.770351, 143.14807, 274.02347</Position>
               </HpTurret05>
               <HpTurret06>
                  <Axis type="Vector">0, 1, 0</Axis>
                  <Max type="float">1.5707964</Max>
                  <Min type="float">-1.5707964</Min>
                  <Orientation type="Matrix">
                       0.9961946600,  -0.0871558790, -87.090108e-09,
                      -0.0871558790,  -0.9961947200,  7.6194091e-09,
                     -87.422784e-09,  444.08921e-18,  -1.0000000000
                  </Orientation>
                  <Position type="Vector">53.623039, 143.30438, 274.40976</Position>
               </HpTurret06>
               <HpTurret07>
                  <Axis type="Vector">0, 1, 0</Axis>
                  <Max type="float">1.5707964</Max>
                  <Min type="float">-1.5707964</Min>
                  <Orientation type="Matrix">
                      -0.9961947200,  -0.0871557440,  87.090108e-09,
                      -0.0871557440,   0.9961947200,  7.6193967e-09,
                     -87.422784e-09, -444.08921e-18,  -1.0000000000
                  </Orientation>
                  <Position type="Vector">-24.383194, 173.86334, 288.19083</Position>
               </HpTurret07>
               <HpTurret08>
                  <Axis type="Vector">0, 1, 0</Axis>
                  <Max type="float">1.5707964</Max>
                  <Min type="float">-1.5707964</Min>
                  <Orientation type="Matrix">
                      -0.9961947200,   0.0871557440,  87.090108e-09,
                       0.0871557440,   0.9961947200, -7.6193967e-09,
                     -87.422784e-09,  444.08921e-18,  -1.0000000000
                  </Orientation>
                  <Position type="Vector">24.456543, 173.90179, 288.30481</Position>
               </HpTurret08>
               <HpTurret09>
                  <Axis type="Vector">0, 1, 0</Axis>
                  <Max type="float">1.5707964</Max>
                  <Min type="float">-1.5707964</Min>
                  <Orientation type="Matrix">
                       0.3420200900,  -0.9396926800,  -0.0000000000,
                       0.9396926800,   0.3420200900,   0.0000000000,
                       0.0000000000,  -0.0000000000,   1.0000000000
                  </Orientation>
                  <Position type="Vector">-27.476072, -34.908936, -118.85963</Position>
               </HpTurret09>
               <HpTurret10>
                  <Axis type="Vector">0, 1, 0</Axis>
                  <Max type="float">1.5707964</Max>
                  <Min type="float">-1.5707964</Min>
                  <Orientation type="Matrix">
                       0.3420200900,   0.9396926800,   0.0000000000,
                      -0.9396926800,   0.3420200900,   0.0000000000,
                       0.0000000000,   0.0000000000,   1.0000000000
                  </Orientation>
                  <Position type="Vector">27.469675, -34.931805, -118.76145</Position>
               </HpTurret10>
               <HpTurret11>
                  <Axis type="Vector">0, 1, 0</Axis>
                  <Max type="float">1.5707964</Max>
                  <Min type="float">-1.5707964</Min>
                  <Orientation type="Matrix">
                       1.0000000000,   0.0000000000,   0.0000000000,
                       0.0000000000,   0.9063077600,   0.4226182700,
                       0.0000000000,  -0.4226182700,   0.9063077600
                  </Orientation>
                  <Position type="Vector">0.129912, 76.869522, -42.233147</Position>
               </HpTurret11>
               <HpTurret12>
                  <Axis type="Vector">0, 1, 0</Axis>
                  <Max type="float">1.5707964</Max>
                  <Min type="float">-1.5707964</Min>
                  <Orientation type="Matrix">
                      -1.0000000000, -87.090108e-09,  7.6193967e-09,
                      87.422784e-09,  -0.9961947200,   0.0871557440,
                     -444.08921e-18,   0.0871557440,   0.9961947200
                  </Orientation>
                  <Position type="Vector">0.21591599, -86.78862, -1.327636</Position>
               </HpTurret12>
            </Revolute>
         </Hardpoints>
      </antaran_bs.3db>
   </UTF_ROOT>
</UTFXML>
