<?xml version="1.0" encoding="ISO-8859-1"?>
<!-- XML generated by UTFXML Version 2.2 built 19-Aug-2010 -->
<UTFXML filename="argon_titanium.cmp" path="SHIPS\new\X2_The_Threat\capital">
   <UTF_ROOT>
      <VMeshLibrary>
         <argon_titanium.lod0.vms include="argon_titanium_cmp\lod0.vms.xml"/>
      </VMeshLibrary>
      <Cmpnd>
         <Root>
            <File_name name="File name" type="text">argon_titanium.3db</File_name>
            <Index type="int">0</Index>
            <Object_name name="Object name" type="text">Root</Object_name>
         </Root>
      </Cmpnd>
      <argon_titanium.3db>
         <Hardpoints>
            <Fixed>
               <HpCockpit>
                  <Orientation type="Matrix">
                       1.0000000000,   0.0000000000,   0.0000000000,
                       0.0000000000,   1.0000000000,   0.0000000000,
                       0.0000000000,   0.0000000000,   1.0000000000
                  </Orientation>
                  <Position type="Vector">0.58725798, 121.22978, 10.102848</Position>
               </HpCockpit>
               <HpMount>
                  <Orientation type="Matrix">
                       1.0000000000,   0.0000000000,   0.0000000000,
                       0.0000000000,   1.0000000000,   0.0000000000,
                       0.0000000000,   0.0000000000,   1.0000000000
                  </Orientation>
                  <Position type="Vector">0, -140, -100.13333</Position>
               </HpMount>
               <HpEngine01>
                  <Orientation type="Matrix">
                       1.0000000000,   0.0000000000,   0.0000000000,
                       0.0000000000,   1.0000000000,   0.0000000000,
                       0.0000000000,   0.0000000000,   1.0000000000
                  </Orientation>
                  <Position type="Vector">-135.21916, 62.232738, 406.5788</Position>
               </HpEngine01>
               <HpEngine02>
                  <Orientation type="Matrix">
                       1.0000000000,   0.0000000000,   0.0000000000,
                       0.0000000000,   1.0000000000,   0.0000000000,
                       0.0000000000,   0.0000000000,   1.0000000000
                  </Orientation>
                  <Position type="Vector">-135.10452, 34.035477, 406.99033</Position>
               </HpEngine02>
               <HpEngine03>
                  <Orientation type="Matrix">
                       1.0000000000,   0.0000000000,   0.0000000000,
                       0.0000000000,   1.0000000000,   0.0000000000,
                       0.0000000000,   0.0000000000,   1.0000000000
                  </Orientation>
                  <Position type="Vector">-134.72746, -37.501663, 407.52509</Position>
               </HpEngine03>
               <HpEngine04>
                  <Orientation type="Matrix">
                       1.0000000000,   0.0000000000,   0.0000000000,
                       0.0000000000,   1.0000000000,   0.0000000000,
                       0.0000000000,   0.0000000000,   1.0000000000
                  </Orientation>
                  <Position type="Vector">-134.84529, -65.964165, 408.02478</Position>
               </HpEngine04>
               <HpEngine05>
                  <Orientation type="Matrix">
                       1.0000000000,   0.0000000000,   0.0000000000,
                       0.0000000000,   1.0000000000,   0.0000000000,
                       0.0000000000,   0.0000000000,   1.0000000000
                  </Orientation>
                  <Position type="Vector">130.67143, 64.156746, 406.85397</Position>
               </HpEngine05>
               <HpEngine06>
                  <Orientation type="Matrix">
                       1.0000000000,   0.0000000000,   0.0000000000,
                       0.0000000000,   1.0000000000,   0.0000000000,
                       0.0000000000,   0.0000000000,   1.0000000000
                  </Orientation>
                  <Position type="Vector">130.73303, 35.604034, 407.2348</Position>
               </HpEngine06>
               <HpEngine07>
                  <Orientation type="Matrix">
                       1.0000000000,   0.0000000000,   0.0000000000,
                       0.0000000000,   1.0000000000,   0.0000000000,
                       0.0000000000,   0.0000000000,   1.0000000000
                  </Orientation>
                  <Position type="Vector">130.61571, -37.274391, 407.64328</Position>
               </HpEngine07>
               <HpEngine08>
                  <Orientation type="Matrix">
                       1.0000000000,   0.0000000000,   0.0000000000,
                       0.0000000000,   1.0000000000,   0.0000000000,
                       0.0000000000,   0.0000000000,   1.0000000000
                  </Orientation>
                  <Position type="Vector">131.01743, -65.679222, 408.28629</Position>
               </HpEngine08>
               <HpTractor_Source>
                  <Orientation type="Matrix">
                       1.0000000000,   0.0000000000,   0.0000000000,
                       0.0000000000,   1.0000000000,   0.0000000000,
                       0.0000000000,   0.0000000000,   1.0000000000
                  </Orientation>
                  <Position type="Vector">-29.147732, -135.31433, -237.82545</Position>
               </HpTractor_Source>
               <HpRunningLight01>
                  <Orientation type="Matrix">
                       1.0000000000,   0.0000000000,   0.0000000000,
                       0.0000000000,   1.0000000000,   0.0000000000,
                       0.0000000000,   0.0000000000,   1.0000000000
                  </Orientation>
                  <Position type="Vector">-29.305256, -135.45193, -237.76605</Position>
               </HpRunningLight01>
               <HpRunningLight02>
                  <Orientation type="Matrix">
                       1.0000000000,   0.0000000000,   0.0000000000,
                       0.0000000000,   1.0000000000,   0.0000000000,
                       0.0000000000,   0.0000000000,   1.0000000000
                  </Orientation>
                  <Position type="Vector">-29.532776, -81.649391, -59.212566</Position>
               </HpRunningLight02>
               <HpRunningLight03>
                  <Orientation type="Matrix">
                       1.0000000000,   0.0000000000,   0.0000000000,
                       0.0000000000,   1.0000000000,   0.0000000000,
                       0.0000000000,   0.0000000000,   1.0000000000
                  </Orientation>
                  <Position type="Vector">31.99341, -79.989578, 119.53793</Position>
               </HpRunningLight03>
               <HpRunningLight04>
                  <Orientation type="Matrix">
                       1.0000000000,   0.0000000000,   0.0000000000,
                       0.0000000000,   1.0000000000,   0.0000000000,
                       0.0000000000,   0.0000000000,   1.0000000000
                  </Orientation>
                  <Position type="Vector">-28.223629, -79.240143, 196.7787</Position>
               </HpRunningLight04>
               <HpRunningLight05>
                  <Orientation type="Matrix">
                       1.0000000000,   0.0000000000,   0.0000000000,
                       0.0000000000,   1.0000000000,   0.0000000000,
                       0.0000000000,   0.0000000000,   1.0000000000
                  </Orientation>
                  <Position type="Vector">-142.88159, -45.024857, 3.5837862</Position>
               </HpRunningLight05>
               <HpRunningLight06>
                  <Orientation type="Matrix">
                       1.0000000000,   0.0000000000,   0.0000000000,
                       0.0000000000,   1.0000000000,   0.0000000000,
                       0.0000000000,   0.0000000000,   1.0000000000
                  </Orientation>
                  <Position type="Vector">144.44571, -37.576656, 3.661624</Position>
               </HpRunningLight06>
               <HpShield01>
                  <Orientation type="Matrix">
                       0.9975640800,  -0.0012174435,  -0.0697458240,
                       0.0697564480,   0.0174105170,   0.9974118500,
                      3.7252903e-09,  -0.9998474100,   0.0174530150
                  </Orientation>
                  <Position type="Vector">0, 0, -0.133333</Position>
               </HpShield01>
               <HpBayDoor01>
                  <Orientation type="Matrix">
                       1.0000000000,   0.0000000000,   0.0000000000,
                       0.0000000000,   1.0000000000,   0.0000000000,
                       0.0000000000,   0.0000000000,   1.0000000000
                  </Orientation>
                  <Position type="Vector">1.460542, -154.60507, -264.56229</Position>
               </HpBayDoor01>
               <HpBayDoor02>
                  <Orientation type="Matrix">
                       1.0000000000,   0.0000000000,   0.0000000000,
                       0.0000000000,   1.0000000000,   0.0000000000,
                       0.0000000000,   0.0000000000,   1.0000000000
                  </Orientation>
                  <Position type="Vector">1.460542, -164.60507, -264.56229</Position>
               </HpBayDoor02>
               <HpRunningLight07>
                  <Orientation type="Matrix">
                       0.1736484200,   0.0000000000,   0.9848076700,
                      -0.0000000000,   1.0000000000,   0.0000000000,
                      -0.9848076700,  -0.0000000000,   0.1736484200
                  </Orientation>
                  <Position type="Vector">-31.986956, 81.321831, 152.87561</Position>
               </HpRunningLight07>
               <HpRunningLight08>
                  <Orientation type="Matrix">
                       0.1736484200,   0.0000000000,   0.9848076700,
                      -0.0000000000,   1.0000000000,   0.0000000000,
                      -0.9848076700,  -0.0000000000,   0.1736484200
                  </Orientation>
                  <Position type="Vector">-29.56035, 81.151161, 140.69005</Position>
               </HpRunningLight08>
               <HpCloak01>
                  <Orientation type="Matrix">
                       1.0000000000,   0.0000000000,   0.0000000000,
                       0.0000000000,   1.0000000000,   0.0000000000,
                       0.0000000000,   0.0000000000,   1.0000000000
                  </Orientation>
                  <Position type="Vector">0, 0, 0</Position>
               </HpCloak01>
               <HpCM01>
                  <Orientation type="Matrix">
                      -0.7071066500, -74.505806e-09,  -0.7071068300,
                       0.5000000000,  -0.7071067100,  -0.4999998800,
                      -0.5000000000,  -0.7071067100,   0.5000000000
                  </Orientation>
                  <Position type="Vector">-147.33533, -75.390129, 431.13745</Position>
               </HpCM01>
               <HpCM02>
                  <Orientation type="Matrix">
                      -0.7071067100, -89.406967e-09,   0.7071066500,
                      -0.4999998800,  -0.7071066500,  -0.5000000000,
                       0.5000000000,  -0.7071067700,   0.5000000000
                  </Orientation>
                  <Position type="Vector">142.0488, -74.956779, 431.07858</Position>
               </HpCM02>
               <HpFX01>
                  <Orientation type="Matrix">
                       1.0000000000,   0.0000000000,   0.0000000000,
                       0.0000000000,   1.0000000000,   0.0000000000,
                       0.0000000000,   0.0000000000,   1.0000000000
                  </Orientation>
                  <Position type="Vector">0, 0, 0</Position>
               </HpFX01>
               <HpFX02>
                  <Orientation type="Matrix">
                      59.604645e-09,   0.9999998800,   0.0000000000,
                      -0.9999998800,  59.604645e-09,   0.0000000000,
                       0.0000000000,   0.0000000000,   1.0000000000
                  </Orientation>
                  <Position type="Vector">0, 0, 0</Position>
               </HpFX02>
               <HpFX03>
                  <Orientation type="Matrix">
                       1.0000000000,   0.0000000000,   0.0000000000,
                       0.0000000000,  59.604645e-09,   0.9999998800,
                       0.0000000000,  -0.9999998800,  59.604645e-09
                  </Orientation>
                  <Position type="Vector">0, 0, 0</Position>
               </HpFX03>
               <HpFX04>
                  <Orientation type="Matrix">
                       1.0000000000,   0.0000000000,   0.0000000000,
                       0.0000000000,   1.0000000000,   0.0000000000,
                       0.0000000000,   0.0000000000,   1.0000000000
                  </Orientation>
                  <Position type="Vector">0, 0, 0</Position>
               </HpFX04>
               <HpFX05>
                  <Orientation type="Matrix">
                       1.0000000000,   0.0000000000,   0.0000000000,
                       0.0000000000,   1.0000000000,   0.0000000000,
                       0.0000000000,   0.0000000000,   1.0000000000
                  </Orientation>
                  <Position type="Vector">0, 0, 0</Position>
               </HpFX05>
               <HpFX06>
                  <Orientation type="Matrix">
                       1.0000000000,   0.0000000000,   0.0000000000,
                       0.0000000000,   1.0000000000,   0.0000000000,
                       0.0000000000,   0.0000000000,   1.0000000000
                  </Orientation>
                  <Position type="Vector">0, 0, 0</Position>
               </HpFX06>
               <HpFX07>
                  <Orientation type="Matrix">
                       1.0000000000,   0.0000000000,   0.0000000000,
                       0.0000000000,   1.0000000000,   0.0000000000,
                       0.0000000000,   0.0000000000,   1.0000000000
                  </Orientation>
                  <Position type="Vector">0, 0, 0</Position>
               </HpFX07>
            </Fixed>
            <Revolute>
               <HpTurret01>
                  <Axis type="Vector">0, 1, 0</Axis>
                  <Max type="float">3.1415927</Max>
                  <Min type="float">-3.1415927</Min>
                  <Orientation type="Matrix">
                       1.0000000000,   0.0000000000,   0.0000000000,
                       0.0000000000, -119.20929e-09,   0.9999996400,
                       0.0000000000,  -0.9999996400, -119.20929e-09
                  </Orientation>
                  <Position type="Vector">1.412734, -18.867882, -402.1312</Position>
               </HpTurret01>
               <HpTurret02>
                  <Axis type="Vector">0, 1, 0</Axis>
                  <Max type="float">1.7453293</Max>
                  <Min type="float">-1.7453293</Min>
                  <Orientation type="Matrix">
                     -119.20929e-09,  -0.9999996400,  -0.0000000000,
                       0.9999996400, -119.20929e-09,   0.0000000000,
                       0.0000000000,  -0.0000000000,   1.0000000000
                  </Orientation>
                  <Position type="Vector">-93.862823, -26.94721, -212.28494</Position>
               </HpTurret02>
               <HpTurret03>
                  <Axis type="Vector">0, 1, 0</Axis>
                  <Max type="float">1.7453293</Max>
                  <Min type="float">-1.7453293</Min>
                  <Orientation type="Matrix">
                     -119.20929e-09,   0.9999996400,   0.0000000000,
                      -0.9999996400, -119.20929e-09,   0.0000000000,
                       0.0000000000,   0.0000000000,   1.0000000000
                  </Orientation>
                  <Position type="Vector">96.93322, -26.253193, -212.26805</Position>
               </HpTurret03>
               <HpTurret04>
                  <Axis type="Vector">0, 1, 0</Axis>
                  <Max type="float">1.5707964</Max>
                  <Min type="float">-1.5707964</Min>
                  <Orientation type="Matrix">
                      -0.9999992800,   0.0000000000,  87.427878e-09,
                     -87.427878e-09, -119.20929e-09,  -0.9999996400,
                      42.632564e-15,  -0.9999996400,  894.06967e-09
                  </Orientation>
                  <Position type="Vector">1.0861911, 73.410797, -27.970673</Position>
               </HpTurret04>
               <HpTurret05>
                  <Axis type="Vector">0, 1, 0</Axis>
                  <Max type="float">0.69813168</Max>
                  <Min type="float">-1.7453293</Min>
                  <Orientation type="Matrix">
                       0.5735764500,   0.8191520000,   0.0000000000,
                      -0.8191520000,   0.5735764500,   0.0000000000,
                       0.0000000000,   0.0000000000,   1.0000000000
                  </Orientation>
                  <Position type="Vector">106.41122, 45.088356, 33.312851</Position>
               </HpTurret05>
               <HpTurret06>
                  <Axis type="Vector">0, 1, 0</Axis>
                  <Max type="float">1.7453293</Max>
                  <Min type="float">-0.69813168</Min>
                  <Orientation type="Matrix">
                       0.5591929000,  -0.8290374900,  -0.0000000000,
                       0.8290374900,   0.5591929000,   0.0000000000,
                       0.0000000000,  -0.0000000000,   1.0000000000
                  </Orientation>
                  <Position type="Vector">-104.10224, 44.496506, 33.52095</Position>
               </HpTurret06>
               <HpTurret07>
                  <Axis type="Vector">0, 1, 0</Axis>
                  <Max type="float">3.1415927</Max>
                  <Min type="float">0</Min>
                  <Orientation type="Matrix">
                       0.0174530740,   0.9998473500,   0.0000000000,
                      -0.9998473500,   0.0174530740,   0.0000000000,
                       0.0000000000,   0.0000000000,   1.0000000000
                  </Orientation>
                  <Position type="Vector">36.746475, 124.18239, 54.87439</Position>
               </HpTurret07>
               <HpTurret08>
                  <Axis type="Vector">0, 1, 0</Axis>
                  <Max type="float">0</Max>
                  <Min type="float">-3.1415927</Min>
                  <Orientation type="Matrix">
                     -119.20929e-09,  -0.9999996400,  -0.0000000000,
                       0.9999996400, -119.20929e-09,   0.0000000000,
                       0.0000000000,  -0.0000000000,   1.0000000000
                  </Orientation>
                  <Position type="Vector">-34.778023, 123.85555, 54.977604</Position>
               </HpTurret08>
               <HpTurret09>
                  <Axis type="Vector">0, 1, 0</Axis>
                  <Max type="float">1.7453293</Max>
                  <Min type="float">-1.7453293</Min>
                  <Orientation type="Matrix">
                       1.0000000000,   0.0000000000,   0.0000000000,
                       0.0000000000,   1.0000000000,   0.0000000000,
                       0.0000000000,   0.0000000000,   1.0000000000
                  </Orientation>
                  <Position type="Vector">1.334915, 65.976395, -176.28099</Position>
               </HpTurret09>
               <HpTurret10>
                  <Axis type="Vector">0, 1, 0</Axis>
                  <Max type="float">1.5707964</Max>
                  <Min type="float">-1.5707964</Min>
                  <Orientation type="Matrix">
                       0.5299192700,   0.8480481500,   0.0000000000,
                      -0.8480481500,   0.5299192700,   0.0000000000,
                       0.0000000000,   0.0000000000,   1.0000000000
                  </Orientation>
                  <Position type="Vector">82.806122, 27.31501, -177.27899</Position>
               </HpTurret10>
               <HpTurret11>
                  <Axis type="Vector">0, 1, 0</Axis>
                  <Max type="float">1.5707964</Max>
                  <Min type="float">-1.5707964</Min>
                  <Orientation type="Matrix">
                       0.5299192700,  -0.8480481500,  -0.0000000000,
                       0.8480481500,   0.5299192700,   0.0000000000,
                       0.0000000000,  -0.0000000000,   1.0000000000
                  </Orientation>
                  <Position type="Vector">-80.480789, 26.208952, -176.78969</Position>
               </HpTurret11>
               <HpTurret12>
                  <Axis type="Vector">0, 1, 0</Axis>
                  <Max type="float">1.5707964</Max>
                  <Min type="float">-1.5707964</Min>
                  <Orientation type="Matrix">
                       0.9455185500,   0.3255681400,   0.0000000000,
                      -0.3255681400,   0.9455185500,   0.0000000000,
                       0.0000000000,   0.0000000000,   1.0000000000
                  </Orientation>
                  <Position type="Vector">51.046524, 53.075844, -177.56305</Position>
               </HpTurret12>
               <HpTurret13>
                  <Axis type="Vector">0, 1, 0</Axis>
                  <Max type="float">1.5707964</Max>
                  <Min type="float">-1.5707964</Min>
                  <Orientation type="Matrix">
                       0.9396926200,  -0.3420200900,  -0.0000000000,
                       0.3420200900,   0.9396926200,   0.0000000000,
                       0.0000000000,  -0.0000000000,   1.0000000000
                  </Orientation>
                  <Position type="Vector">-48.528969, 52.799446, -177.77327</Position>
               </HpTurret13>
               <HpTurret14>
                  <Axis type="Vector">0, 1, 0</Axis>
                  <Max type="float">0.52359879</Max>
                  <Min type="float">-1.7453293</Min>
                  <Orientation type="Matrix">
                       0.9396926200,   0.3420200900,   0.0000000000,
                      -0.3420200900,   0.9396926200,   0.0000000000,
                       0.0000000000,   0.0000000000,   1.0000000000
                  </Orientation>
                  <Position type="Vector">63.334892, 76.919388, 32.927452</Position>
               </HpTurret14>
               <HpTurret15>
                  <Axis type="Vector">0, 1, 0</Axis>
                  <Max type="float">1.7453293</Max>
                  <Min type="float">-0.52359879</Min>
                  <Orientation type="Matrix">
                       0.9335804000,  -0.3583679800,  -0.0000000000,
                       0.3583679800,   0.9335804000,   0.0000000000,
                       0.0000000000,  -0.0000000000,   1.0000000000
                  </Orientation>
                  <Position type="Vector">-61.180191, 76.61898, 33.10817</Position>
               </HpTurret15>
               <HpTurret16>
                  <Axis type="Vector">0, 1, 0</Axis>
                  <Max type="float">1.7453293</Max>
                  <Min type="float">-1.7453293</Min>
                  <Orientation type="Matrix">
                      -1.0000000000,   0.0000000000,  87.427914e-09,
                     -22.628010e-09,   0.9659258100,  -0.2588190700,
                     -84.448878e-09,  -0.2588190700,  -0.9659259300
                  </Orientation>
                  <Position type="Vector">1.085909, 129.29877, 5.3970757</Position>
               </HpTurret16>
               <HpTurret17>
                  <Axis type="Vector">0, 1, 0</Axis>
                  <Max type="float">0.69813168</Max>
                  <Min type="float">-0.69813168</Min>
                  <Orientation type="Matrix">
                      894.06967e-09, -87.427878e-09,  -0.9999996400,
                     -42.632564e-15,  -0.9999992800,  87.427878e-09,
                      -0.9999996400,   0.0000000000, -119.20929e-09
                  </Orientation>
                  <Position type="Vector">73.650612, -61.613274, 32.714085</Position>
               </HpTurret17>
               <HpTurret18>
                  <Axis type="Vector">0, 1, 0</Axis>
                  <Max type="float">0.69813168</Max>
                  <Min type="float">-0.69813168</Min>
                  <Orientation type="Matrix">
                      894.06967e-09, -87.427878e-09,   0.9999996400,
                     -42.632564e-15,  -0.9999992800, -87.427878e-09,
                       0.9999996400,   0.0000000000, -119.20929e-09
                  </Orientation>
                  <Position type="Vector">-73.611977, -61.92662, 34.136028</Position>
               </HpTurret18>
               <HpTurret19>
                  <Axis type="Vector">0, 1, 0</Axis>
                  <Max type="float">3.1415927</Max>
                  <Min type="float">-3.1415927</Min>
                  <Orientation type="Matrix">
                     -119.20929e-09,   0.9999996400,   0.0000000000,
                      -0.9999996400, -119.20929e-09,   0.0000000000,
                       0.0000000000,   0.0000000000,   1.0000000000
                  </Orientation>
                  <Position type="Vector">156.97006, 48.923027, 321.83411</Position>
               </HpTurret19>
               <HpTurret20>
                  <Axis type="Vector">0, 1, 0</Axis>
                  <Max type="float">3.1415927</Max>
                  <Min type="float">-3.1415927</Min>
                  <Orientation type="Matrix">
                     -119.20929e-09,  -0.9999996400,  -0.0000000000,
                       0.9999996400, -119.20929e-09,   0.0000000000,
                       0.0000000000,  -0.0000000000,   1.0000000000
                  </Orientation>
                  <Position type="Vector">-155.19197, 47.851162, 316.64276</Position>
               </HpTurret20>
               <HpTurret21>
                  <Axis type="Vector">0, 1, 0</Axis>
                  <Max type="float">3.1415927</Max>
                  <Min type="float">-3.1415927</Min>
                  <Orientation type="Matrix">
                     -119.20929e-09,   0.9999996400,   0.0000000000,
                      -0.9999996400, -119.20929e-09,   0.0000000000,
                       0.0000000000,   0.0000000000,   1.0000000000
                  </Orientation>
                  <Position type="Vector">157.20013, -52.758347, 322.36252</Position>
               </HpTurret21>
               <HpTurret22>
                  <Axis type="Vector">0, 1, 0</Axis>
                  <Max type="float">3.1415927</Max>
                  <Min type="float">-3.1415927</Min>
                  <Orientation type="Matrix">
                     -119.20929e-09,  -0.9999996400,  -0.0000000000,
                       0.9999996400, -119.20929e-09,   0.0000000000,
                       0.0000000000,  -0.0000000000,   1.0000000000
                  </Orientation>
                  <Position type="Vector">-154.96265, -54.142044, 320.08832</Position>
               </HpTurret22>
               <HpTurret23>
                  <Axis type="Vector">0, 1, 0</Axis>
                  <Max type="float">0.69813168</Max>
                  <Min type="float">-0.69813168</Min>
                  <Orientation type="Matrix">
                      715.25574e-09,  -0.9999992800, -506.63948e-09,
                     -506.63948e-09,  238.41858e-09,   0.9999992800,
                      -0.9999992800,  29.802322e-09,  238.41858e-09
                  </Orientation>
                  <Position type="Vector">-45.002998, -2.9108169, 154.68427</Position>
               </HpTurret23>
               <HpTurret24>
                  <Axis type="Vector">0, 1, 0</Axis>
                  <Max type="float">0.69813168</Max>
                  <Min type="float">-0.69813168</Min>
                  <Orientation type="Matrix">
                      715.25574e-09,   0.9999992800,  506.63948e-09,
                      506.63948e-09,  238.41858e-09,   0.9999992800,
                       0.9999992800,  29.802322e-09,  238.41858e-09
                  </Orientation>
                  <Position type="Vector">47.390022, -2.04182, 154.06161</Position>
               </HpTurret24>
               <HpTurret25>
                  <Axis type="Vector">0, 1, 0</Axis>
                  <Max type="float">0.69813168</Max>
                  <Min type="float">-1.0471976</Min>
                  <Orientation type="Matrix">
                      834.46503e-09,   0.7071064700,  -0.7071064700,
                      357.62787e-09,  -0.7071059900,  -0.7071064700,
                      -0.9999995200,  59.604645e-09, -119.20929e-09
                  </Orientation>
                  <Position type="Vector">97.235901, -38.422661, -111.69357</Position>
               </HpTurret25>
               <HpTurret26>
                  <Axis type="Vector">0, 1, 0</Axis>
                  <Max type="float">1.0471976</Max>
                  <Min type="float">-0.78539819</Min>
                  <Orientation type="Matrix">
                      834.46503e-09,  -0.7071064700,   0.7071064700,
                     -357.62787e-09,  -0.7071059900,  -0.7071064700,
                       0.9999995200,  59.604645e-09, -119.20929e-09
                  </Orientation>
                  <Position type="Vector">-94.428703, -38.221287, -76.693527</Position>
               </HpTurret26>
               <HpTurret27>
                  <Axis type="Vector">0, 1, 0</Axis>
                  <Max type="float">0.78539819</Max>
                  <Min type="float">-0.78539819</Min>
                  <Orientation type="Matrix">
                      894.06967e-09, -87.427878e-09,   0.9999996400,
                     -42.632564e-15,  -0.9999992800, -87.427878e-09,
                       0.9999996400,   0.0000000000, -119.20929e-09
                  </Orientation>
                  <Position type="Vector">-58.675407, -61.175735, -94.24379</Position>
               </HpTurret27>
               <HpTurret28>
                  <Axis type="Vector">0, 1, 0</Axis>
                  <Max type="float">0.78539819</Max>
                  <Min type="float">-0.78539819</Min>
                  <Orientation type="Matrix">
                      894.06967e-09, -87.427878e-09,  -0.9999996400,
                     -42.632564e-15,  -0.9999992800,  87.427878e-09,
                      -0.9999996400,   0.0000000000, -119.20929e-09
                  </Orientation>
                  <Position type="Vector">62.032642, -60.821968, -90.255051</Position>
               </HpTurret28>
               <HpTurret29>
                  <Axis type="Vector">0, 1, 0</Axis>
                  <Max type="float">1.5707964</Max>
                  <Min type="float">-0.69813168</Min>
                  <Orientation type="Matrix">
                      119.20929e-09,   0.8191517000,  -0.5735761500,
                      417.23251e-09,   0.5735765700,   0.8191517600,
                       0.9999995800, -29.802322e-09, -119.20929e-09
                  </Orientation>
                  <Position type="Vector">101.25883, 16.432508, -82.781364</Position>
               </HpTurret29>
               <HpTurret30>
                  <Axis type="Vector">0, 1, 0</Axis>
                  <Max type="float">0.69813168</Max>
                  <Min type="float">-1.5707964</Min>
                  <Orientation type="Matrix">
                      119.20929e-09,  -0.8191517000,   0.5735761500,
                     -417.23251e-09,   0.5735765700,   0.8191517600,
                      -0.9999995800, -29.802322e-09, -119.20929e-09
                  </Orientation>
                  <Position type="Vector">-98.32225, 15.758382, -106.71777</Position>
               </HpTurret30>
               <HpTorpedo01>
                  <Axis type="Vector">0, 1, 0</Axis>
                  <Max type="float">1.5707964</Max>
                  <Min type="float">-1.5707964</Min>
                  <Orientation type="Matrix">
                      -1.0000000000, -87.427907e-09,   0.0000000000,
                      87.427907e-09,  -1.0000000000,  -0.0000000000,
                       0.0000000000,   0.0000000000,   1.0000000000
                  </Orientation>
                  <Position type="Vector">1.625265, -27.296862, -398.9046</Position>
               </HpTorpedo01>
               <HpTurret31>
                  <Axis type="Vector">0, 1, 0</Axis>
                  <Max type="float">1.5707964</Max>
                  <Min type="float">-1.5707964</Min>
                  <Orientation type="Matrix">
                      -1.0000000000, -58.497250e-09,  64.967786e-09,
                      87.422777e-09,  -0.6691305600,   0.7431448700,
                       0.0000000000,   0.7431448700,   0.6691305600
                  </Orientation>
                  <Position type="Vector">1.104955, -71.208603, -186.31078</Position>
               </HpTurret31>
            </Revolute>
         </Hardpoints>
         <MultiLevel>
            <Level0>
               <VMeshPart>
                  <VMeshRef type="VMeshRef">
                     <!-- header size  --> 60,
                     <!-- vmesh lib    --> argon_titanium.lod0.vms,
                     <!-- start vert   --> 0,
                     <!-- num verts    --> 35821,
                     <!-- start index  --> 0,
                     <!-- num indices  --> 62340,
                     <!-- start mesh   --> 0,
                     <!-- num meshes   --> 371,
                     <!-- bounding box -->  157.22331,     140.00511,    439.18896,
                                           -155.29015,    -135.49435,   -409.79181,
                     <!-- center       -->    0.96658325,    2.2553787,   14.698578,
                     <!-- radius       --> 608.7995
                  </VMeshRef>
               </VMeshPart>
            </Level0>
         </MultiLevel>
      </argon_titanium.3db>
   </UTF_ROOT>
</UTFXML>
