<?xml version="1.0" encoding="ISO-8859-1"?>
<!-- XML generated by UTFXML Version 2.2 built 19-Aug-2010 -->
<UTFXML filename="prison_liner.cmp" path="SHIPS\UTILITY\PRISON_LINER">
   <UTF_ROOT>
      <VMeshLibrary>
         <data.ships.utility.prison_liner.prison_liner.lod0-112.vms include="prison_liner_cmp\lod0-112.vms.xml"/>
         <data.ships.utility.prison_liner.prison_liner.lod1-112.vms include="prison_liner_cmp\lod1-112.vms.xml"/>
         <data.ships.utility.prison_liner.prison_liner.lod2-112.vms include="prison_liner_cmp\lod2-112.vms.xml"/>
         <data.ships.utility.prison_liner.prison_liner.lod3-112.vms include="prison_liner_cmp\lod3-112.vms.xml"/>
         <data.ships.utility.prison_liner.prison_liner.lod4-112.vms include="prison_liner_cmp\lod4-112.vms.xml"/>
         <data.ships.utility.prison_liner.prison_liner.lod5-112.vms include="prison_liner_cmp\lod5-112.vms.xml"/>
         <data.ships.utility.prison_liner.prison_liner.lod6-112.vms include="prison_liner_cmp\lod6-112.vms.xml"/>
      </VMeshLibrary>
      <Animation>
         <Script>
            <Sc_prison_liner>
               <Joint_map_0 name="Joint map 0">
                  <Channel>
                     <Header type="Header">
                        <!-- count    --> 2,
                        <!-- interval --> Explicit,
                        <!-- flags    --> 0x1
                     </Header>
                     <Frames type="Frames" count="2">
                          0.0000000000:     0.0000000000
                          3.3333335000:    15.7464640000
                     </Frames>
                  </Channel>
                  <Child_name name="Child name" type="text">baypoly_lod1</Child_name>
                  <Parent_name name="Parent name" type="text">prison_mid_lod1</Parent_name>
               </Joint_map_0>
               <Joint_map_1 name="Joint map 1">
                  <Channel>
                     <Header type="Header">
                        <!-- count    --> 2,
                        <!-- interval --> Explicit,
                        <!-- flags    --> 0x1
                     </Header>
                     <Frames type="Frames" count="2">
                          0.0000000000:   0.0000000000
                          3.3333335000:   1.5707899000
                     </Frames>
                  </Channel>
                  <Child_name name="Child name" type="text">baydoor01_lod1</Child_name>
                  <Parent_name name="Parent name" type="text">baypoly_lod1</Parent_name>
               </Joint_map_1>
               <Joint_map_2 name="Joint map 2">
                  <Channel>
                     <Header type="Header">
                        <!-- count    --> 2,
                        <!-- interval --> Explicit,
                        <!-- flags    --> 0x1
                     </Header>
                     <Frames type="Frames" count="2">
                          0.0000000000:   0.0000000000
                          3.3333335000:   1.5707899000
                     </Frames>
                  </Channel>
                  <Child_name name="Child name" type="text">baydoor02_lod1</Child_name>
                  <Parent_name name="Parent name" type="text">baypoly_lod1</Parent_name>
               </Joint_map_2>
            </Sc_prison_liner>
         </Script>
      </Animation>
      <baydoor01_lod1021108140501.3db>
         <VMeshWire include="prison_liner_cmp\baydoor01_lod1.vwd.xml"/>
         <MultiLevel>
            <Level0>
               <VMeshPart>
                  <VMeshRef type="VMeshRef">
                     <!-- header size  --> 60,
                     <!-- vmesh lib    --> data.ships.utility.prison_liner.prison_liner.lod0-112.vms,
                     <!-- start vert   --> 1724,
                     <!-- num verts    --> 84,
                     <!-- start index  --> 2688,
                     <!-- num indices  --> 84,
                     <!-- start mesh   --> 10,
                     <!-- num meshes   --> 2,
                     <!-- bounding box -->  -0.007004329,  5.3372078,    25.123428,
                                           -15.809023,    -0.016325781, -24.887911,
                     <!-- center       -->  -8.2429724,    2.6784208,     0.16833985,
                     <!-- radius       --> 26.374228
                  </VMeshRef>
               </VMeshPart>
            </Level0>
            <Level1>
               <VMeshPart>
                  <VMeshRef type="VMeshRef">
                     <!-- header size  --> 60,
                     <!-- vmesh lib    --> data.ships.utility.prison_liner.prison_liner.lod1-112.vms,
                     <!-- start vert   --> 1061,
                     <!-- num verts    --> 36,
                     <!-- start index  --> 1617,
                     <!-- num indices  --> 36,
                     <!-- start mesh   --> 10,
                     <!-- num meshes   --> 1,
                     <!-- bounding box -->  -0.007004329,  5.3372078,    25.123428,
                                           -15.809023,    -0.016325781, -24.887911,
                     <!-- center       -->  -8.2429724,    2.6784208,     0.16833985,
                     <!-- radius       --> 26.374228
                  </VMeshRef>
               </VMeshPart>
            </Level1>
            <Level2>
               <VMeshPart>
                  <VMeshRef type="VMeshRef">
                     <!-- header size  --> 60,
                     <!-- vmesh lib    --> data.ships.utility.prison_liner.prison_liner.lod2-112.vms,
                     <!-- start vert   --> 595,
                     <!-- num verts    --> 36,
                     <!-- start index  --> 870,
                     <!-- num indices  --> 36,
                     <!-- start mesh   --> 9,
                     <!-- num meshes   --> 1,
                     <!-- bounding box -->  -0.007004329,  5.3372078,    25.123428,
                                           -15.809023,    -0.016325781, -24.887911,
                     <!-- center       -->  -8.2429724,    2.6784208,     0.16833985,
                     <!-- radius       --> 26.374228
                  </VMeshRef>
               </VMeshPart>
            </Level2>
            <Level3>
               <VMeshPart>
                  <VMeshRef type="VMeshRef">
                     <!-- header size  --> 60,
                     <!-- vmesh lib    --> data.ships.utility.prison_liner.prison_liner.lod3-112.vms,
                     <!-- start vert   --> 308,
                     <!-- num verts    --> 36,
                     <!-- start index  --> 468,
                     <!-- num indices  --> 36,
                     <!-- start mesh   --> 6,
                     <!-- num meshes   --> 1,
                     <!-- bounding box -->  -0.007004329,  5.3372078,    25.123428,
                                           -15.809023,    -0.016325781, -24.887911,
                     <!-- center       -->  -8.2429724,    2.6784208,     0.16833985,
                     <!-- radius       --> 26.374228
                  </VMeshRef>
               </VMeshPart>
            </Level3>
            <Switch2 type="float array" count="5">
               0,
               100,
               1000,
               10000,
               1000000
            </Switch2>
         </MultiLevel>
      </baydoor01_lod1021108140501.3db>
      <baydoor02_lod1021108140501.3db>
         <VMeshWire include="prison_liner_cmp\baydoor02_lod1.vwd.xml"/>
         <MultiLevel>
            <Level0>
               <VMeshPart>
                  <VMeshRef type="VMeshRef">
                     <!-- header size  --> 60,
                     <!-- vmesh lib    --> data.ships.utility.prison_liner.prison_liner.lod0-112.vms,
                     <!-- start vert   --> 1808,
                     <!-- num verts    --> 82,
                     <!-- start index  --> 2772,
                     <!-- num indices  --> 84,
                     <!-- start mesh   --> 12,
                     <!-- num meshes   --> 2,
                     <!-- bounding box -->  -0.0072562662,  5.3372183,    24.887909,
                                           -15.808992,     -0.016323736, -25.123413,
                     <!-- center       -->  -8.2385664,     2.6350842,    -0.1824304,
                     <!-- radius       --> 26.355179
                  </VMeshRef>
               </VMeshPart>
            </Level0>
            <Level1>
               <VMeshPart>
                  <VMeshRef type="VMeshRef">
                     <!-- header size  --> 60,
                     <!-- vmesh lib    --> data.ships.utility.prison_liner.prison_liner.lod1-112.vms,
                     <!-- start vert   --> 1097,
                     <!-- num verts    --> 36,
                     <!-- start index  --> 1653,
                     <!-- num indices  --> 36,
                     <!-- start mesh   --> 11,
                     <!-- num meshes   --> 1,
                     <!-- bounding box -->  -0.0072562662,  5.3372183,    24.887909,
                                           -15.808992,     -0.016323736, -25.123413,
                     <!-- center       -->  -8.2385664,     2.6350842,    -0.1824304,
                     <!-- radius       --> 26.355179
                  </VMeshRef>
               </VMeshPart>
            </Level1>
            <Level2>
               <VMeshPart>
                  <VMeshRef type="VMeshRef">
                     <!-- header size  --> 60,
                     <!-- vmesh lib    --> data.ships.utility.prison_liner.prison_liner.lod2-112.vms,
                     <!-- start vert   --> 631,
                     <!-- num verts    --> 36,
                     <!-- start index  --> 906,
                     <!-- num indices  --> 36,
                     <!-- start mesh   --> 10,
                     <!-- num meshes   --> 1,
                     <!-- bounding box -->  -0.0072562662,  5.3372183,    24.887909,
                                           -15.808992,     -0.016323736, -25.123413,
                     <!-- center       -->  -8.2385664,     2.6350842,    -0.1824304,
                     <!-- radius       --> 26.355179
                  </VMeshRef>
               </VMeshPart>
            </Level2>
            <Level3>
               <VMeshPart>
                  <VMeshRef type="VMeshRef">
                     <!-- header size  --> 60,
                     <!-- vmesh lib    --> data.ships.utility.prison_liner.prison_liner.lod3-112.vms,
                     <!-- start vert   --> 344,
                     <!-- num verts    --> 36,
                     <!-- start index  --> 504,
                     <!-- num indices  --> 36,
                     <!-- start mesh   --> 7,
                     <!-- num meshes   --> 1,
                     <!-- bounding box -->  -0.0072562662,  5.3372183,    24.887909,
                                           -15.808992,     -0.016323736, -25.123413,
                     <!-- center       -->  -8.2385664,     2.6350842,    -0.1824304,
                     <!-- radius       --> 26.355179
                  </VMeshRef>
               </VMeshPart>
            </Level3>
            <Switch2 type="float array" count="5">
               0,
               100,
               1000,
               10000,
               1000000
            </Switch2>
         </MultiLevel>
      </baydoor02_lod1021108140501.3db>
      <baypoly_lod1021108140501.3db>
         <VMeshWire include="prison_liner_cmp\baypoly_lod1.vwd.xml"/>
         <MultiLevel>
            <Level0>
               <VMeshPart>
                  <VMeshRef type="VMeshRef">
                     <!-- header size  --> 60,
                     <!-- vmesh lib    --> data.ships.utility.prison_liner.prison_liner.lod0-112.vms,
                     <!-- start vert   --> 1890,
                     <!-- num verts    --> 3,
                     <!-- start index  --> 2856,
                     <!-- num indices  --> 3,
                     <!-- start mesh   --> 14,
                     <!-- num meshes   --> 1,
                     <!-- bounding box -->  0.24953312,   625.96198e-6,   0.28912601,
                                           -0.24953286,  -628.60484e-6,  -0.28912517,
                     <!-- center       --> -0.021567987,   38.251328e-6, -0.018242268,
                     <!-- radius       --> 0.38324106
                  </VMeshRef>
               </VMeshPart>
            </Level0>
            <Level1>
               <VMeshPart>
                  <VMeshRef type="VMeshRef">
                     <!-- header size  --> 60,
                     <!-- vmesh lib    --> data.ships.utility.prison_liner.prison_liner.lod1-112.vms,
                     <!-- start vert   --> 1133,
                     <!-- num verts    --> 3,
                     <!-- start index  --> 1689,
                     <!-- num indices  --> 3,
                     <!-- start mesh   --> 12,
                     <!-- num meshes   --> 1,
                     <!-- bounding box -->  0.24953312,   625.96198e-6,   0.28912601,
                                           -0.24953286,  -628.60484e-6,  -0.28912517,
                     <!-- center       --> -0.021567987,   38.251328e-6, -0.018242268,
                     <!-- radius       --> 0.38324106
                  </VMeshRef>
               </VMeshPart>
            </Level1>
            <Level2>
               <VMeshPart>
                  <VMeshRef type="VMeshRef">
                     <!-- header size  --> 60,
                     <!-- vmesh lib    --> data.ships.utility.prison_liner.prison_liner.lod2-112.vms,
                     <!-- start vert   --> 667,
                     <!-- num verts    --> 3,
                     <!-- start index  --> 942,
                     <!-- num indices  --> 3,
                     <!-- start mesh   --> 11,
                     <!-- num meshes   --> 1,
                     <!-- bounding box -->  0.24953312,   625.96198e-6,   0.28912601,
                                           -0.24953286,  -628.60484e-6,  -0.28912517,
                     <!-- center       --> -0.021567987,   38.251328e-6, -0.018242268,
                     <!-- radius       --> 0.38324106
                  </VMeshRef>
               </VMeshPart>
            </Level2>
            <Level3>
               <VMeshPart>
                  <VMeshRef type="VMeshRef">
                     <!-- header size  --> 60,
                     <!-- vmesh lib    --> data.ships.utility.prison_liner.prison_liner.lod3-112.vms,
                     <!-- start vert   --> 380,
                     <!-- num verts    --> 3,
                     <!-- start index  --> 540,
                     <!-- num indices  --> 3,
                     <!-- start mesh   --> 8,
                     <!-- num meshes   --> 1,
                     <!-- bounding box -->  0.24953312,   625.96198e-6,   0.28912601,
                                           -0.24953286,  -628.60484e-6,  -0.28912517,
                     <!-- center       --> -0.021567987,   38.251328e-6, -0.018242268,
                     <!-- radius       --> 0.38324106
                  </VMeshRef>
               </VMeshPart>
            </Level3>
            <Switch2 type="float array" count="5">
               0,
               100,
               1000,
               10000,
               1000000
            </Switch2>
         </MultiLevel>
      </baypoly_lod1021108140501.3db>
      <Cmpnd>
         <Cons>
            <Fix type="Fix" count="4">
               <part>
                  <!-- parent      --> "Root",
                  <!-- child       --> "prison_frnt_lod1",
                  <!-- position    --> 0.0079995804, -0.53901637, -161.68799,
                  <!-- orientation -->   1.0000000000, -9.9517505e-09,  11.301428e-09,
                                        9.9517479e-09,   1.0000000000,  200.88618e-09,
                                       -11.301430e-09, -200.88618e-09,   1.0000000000
               </part>
               <part>
                  <!-- parent      --> "Root",
                  <!-- child       --> "prison_mid_lod1",
                  <!-- position    --> -204.47946e-9, -2.1810069, -72.067001,
                  <!-- orientation -->   1.0000000000,  432.51119e-12,  14.594494e-09,
                                       -432.51117e-12,   1.0000000000, -2.7189131e-09,
                                       -14.594494e-09,  2.7189131e-09,   1.0000000000
               </part>
               <part>
                  <!-- parent      --> "Root",
                  <!-- child       --> "prison_rear_lod1",
                  <!-- position    --> -76.962468e-6, -2.3757541, 53.598999,
                  <!-- orientation -->   1.0000000000,  7.4409465e-09,  71.809112e-09,
                                       -7.4409532e-09,   1.0000000000,  93.310646e-09,
                                       -71.809112e-09, -93.310646e-09,   1.0000000000
               </part>
               <part>
                  <!-- parent      --> "Root",
                  <!-- child       --> "prison_reactor_lod1",
                  <!-- position    --> 210.53049e-9, -2.3759902, 90.638268,
                  <!-- orientation -->   1.0000000000,  202.69259e-09, -28.515460e-09,
                                       -202.69259e-09,   1.0000000000,  241.86028e-09,
                                        28.515510e-09, -241.86028e-09,   1.0000000000
               </part>
            </Fix>
            <Pris type="Rev" count="1">
               <part>
                  <!-- parent      --> "prison_mid_lod1",
                  <!-- child       --> "baypoly_lod1",
                  <!-- position    --> 4.3996139, -14.853535, 19.988024,
                  <!-- offset      --> 0, 0, 0,
                  <!-- orientation -->   1.0000000000, -2.5860123e-09, -8.7111935e-09,
                                        2.5860125e-09,   1.0000000000,  36.852036e-09,
                                        8.7111935e-09, -36.852036e-09,   1.0000000000,
                  <!-- axis        --> -8.6183221e-09,   1.0000000000, -83.932470e-09,
                  <!-- min, max    --> 0, 15.746464
               </part>
            </Pris>
            <Rev type="Rev" count="2">
               <part>
                  <!-- parent      --> "baypoly_lod1",
                  <!-- child       --> "baydoor01_lod1",
                  <!-- position    --> -20.140509, -7.6424069, -26.614843,
                  <!-- offset      --> 0, 0, 0,
                  <!-- orientation -->  -1.0000000000,  26.651561e-09, -88.629427e-09,
                                        22.760277e-09,   0.9990482300,   0.0436188950,
                                        89.707584e-09,   0.0436188950,  -0.9990482300,
                  <!-- axis        --> -100.29986e-09,   0.0436190810,  -0.9990482300,
                  <!-- min, max    --> 0, 1.5707899
               </part>
               <part>
                  <!-- parent      --> "baypoly_lod1",
                  <!-- child       --> "baydoor02_lod1",
                  <!-- position    --> 11.485083, -7.6424069, -26.614851,
                  <!-- offset      --> 0, 0, 0,
                  <!-- orientation -->   1.0000000000,  74.406145e-09, -122.34459e-09,
                                       -79.671935e-09,   0.9990482300,  -0.0436194840,
                                        118.98258e-09,   0.0436194840,   0.9990482300,
                  <!-- axis        -->  4.6613535e-09,  -0.0436194760,   0.9990482300,
                  <!-- min, max    --> 0, 1.5707899
               </part>
            </Rev>
         </Cons>
         <Part_baydoor01_lod1>
            <File_name name="File name" type="text">baydoor01_lod1021108140501.3db</File_name>
            <Index type="int">4</Index>
            <Object_name name="Object name" type="text">baydoor01_lod1</Object_name>
         </Part_baydoor01_lod1>
         <Part_baydoor02_lod1>
            <File_name name="File name" type="text">baydoor02_lod1021108140501.3db</File_name>
            <Index type="int">5</Index>
            <Object_name name="Object name" type="text">baydoor02_lod1</Object_name>
         </Part_baydoor02_lod1>
         <Part_baypoly_lod1>
            <File_name name="File name" type="text">baypoly_lod1021108140501.3db</File_name>
            <Index type="int">3</Index>
            <Object_name name="Object name" type="text">baypoly_lod1</Object_name>
         </Part_baypoly_lod1>
         <Part_prison_frnt_lod1>
            <File_name name="File name" type="text">prison_frnt_lod1021108140501.3db</File_name>
            <Index type="int">1</Index>
            <Object_name name="Object name" type="text">prison_frnt_lod1</Object_name>
         </Part_prison_frnt_lod1>
         <Part_prison_mid_lod1>
            <File_name name="File name" type="text">prison_mid_lod1021108140501.3db</File_name>
            <Index type="int">2</Index>
            <Object_name name="Object name" type="text">prison_mid_lod1</Object_name>
         </Part_prison_mid_lod1>
         <Part_prison_reactor_lod1>
            <File_name name="File name" type="text">prison_reactor_lod1021108140501.3db</File_name>
            <Index type="int">7</Index>
            <Object_name name="Object name" type="text">prison_reactor_lod1</Object_name>
         </Part_prison_reactor_lod1>
         <Part_prison_rear_lod1>
            <File_name name="File name" type="text">prison_rear_lod1021108140501.3db</File_name>
            <Index type="int">6</Index>
            <Object_name name="Object name" type="text">prison_rear_lod1</Object_name>
         </Part_prison_rear_lod1>
         <Root>
            <File_name name="File name" type="text">prison_lod1021108140501.3db</File_name>
            <Index type="int">0</Index>
            <Object_name name="Object name" type="text">Root</Object_name>
         </Root>
      </Cmpnd>
      <Exporter_Version name="Exporter Version" type="text">Nov  5 2002 11:41:55</Exporter_Version>
      <prison_frnt_lod1021108140501.3db>
         <Hardpoints>
            <Fixed>
               <DpFrnt>
                  <Orientation type="Matrix">
                      -1.0000000000, -510.51124e-12, -21.814271e-09,
                     -510.51463e-12,   1.0000000000,  155.86836e-09,
                      21.814271e-09,  155.86836e-09,  -1.0000000000
                  </Orientation>
                  <Position type="Vector">0.001994197, -0.71800691, 48.243774</Position>
               </DpFrnt>
               <HpRunningLight01>
                  <Orientation type="Matrix">
                       1.0000000000, -17.568826e-09,  30.348620e-09,
                      17.568823e-09,   1.0000000000,  123.96275e-09,
                     -30.348623e-09, -123.96275e-09,   1.0000000000
                  </Orientation>
                  <Position type="Vector">5.1197863, -16.152605, -55.737324</Position>
               </HpRunningLight01>
               <HpRunningLight02>
                  <Orientation type="Matrix">
                       1.0000000000, -17.568826e-09,  30.348620e-09,
                      17.568823e-09,   1.0000000000,  123.96275e-09,
                     -30.348623e-09, -123.96275e-09,   1.0000000000
                  </Orientation>
                  <Position type="Vector">-5.105063, -16.152605, -55.737324</Position>
               </HpRunningLight02>
               <HpRunningLight03>
                  <Orientation type="Matrix">
                       1.0000000000, -17.568826e-09,  30.348620e-09,
                      17.568823e-09,   1.0000000000,  123.96275e-09,
                     -30.348623e-09, -123.96275e-09,   1.0000000000
                  </Orientation>
                  <Position type="Vector">-4.9158258, -6.7341218, -52.311798</Position>
               </HpRunningLight03>
               <HpRunningLight04>
                  <Orientation type="Matrix">
                       1.0000000000, -17.568826e-09,  30.348620e-09,
                      17.568823e-09,   1.0000000000,  123.96275e-09,
                     -30.348623e-09, -123.96275e-09,   1.0000000000
                  </Orientation>
                  <Position type="Vector">4.8932343, -6.7341213, -52.311798</Position>
               </HpRunningLight04>
               <HpRunningLight05>
                  <Orientation type="Matrix">
                       1.0000000000, -17.568826e-09,  30.348620e-09,
                      17.568823e-09,   1.0000000000,  123.96275e-09,
                     -30.348623e-09, -123.96275e-09,   1.0000000000
                  </Orientation>
                  <Position type="Vector">4.8932343, 1.4502556, -44.500168</Position>
               </HpRunningLight05>
               <HpRunningLight06>
                  <Orientation type="Matrix">
                       1.0000000000, -17.568826e-09,  30.348620e-09,
                      17.568823e-09,   1.0000000000,  123.96275e-09,
                     -30.348623e-09, -123.96275e-09,   1.0000000000
                  </Orientation>
                  <Position type="Vector">-4.8752646, 1.4502559, -44.500168</Position>
               </HpRunningLight06>
               <HpRunningLight07>
                  <Orientation type="Matrix">
                       1.0000000000,  38.980701e-09, -5.6845599e-09,
                      1.1707351e-09,  -0.1736483300,  -0.9848077300,
                     -39.375610e-09,   0.9848077300,  -0.1736483300
                  </Orientation>
                  <Position type="Vector">0.0089374501, 22.093552, 31.170107</Position>
               </HpRunningLight07>
            </Fixed>
         </Hardpoints>
         <VMeshWire include="prison_liner_cmp\prison_frnt_lod1.vwd.xml"/>
         <MultiLevel>
            <Level0>
               <VMeshPart>
                  <VMeshRef type="VMeshRef">
                     <!-- header size  --> 60,
                     <!-- vmesh lib    --> data.ships.utility.prison_liner.prison_liner.lod0-112.vms,
                     <!-- start vert   --> 1893,
                     <!-- num verts    --> 1513,
                     <!-- start index  --> 2859,
                     <!-- num indices  --> 1842,
                     <!-- start mesh   --> 15,
                     <!-- num meshes   --> 8,
                     <!-- bounding box -->  16.145779,    21.292412,   55.407143,
                                           -16.145771,   -21.281519,  -55.407955,
                     <!-- center       -->  -0.70390189,  -1.0062194,   1.1152442,
                     <!-- radius       --> 59.091187
                  </VMeshRef>
               </VMeshPart>
            </Level0>
            <Level1>
               <VMeshPart>
                  <VMeshRef type="VMeshRef">
                     <!-- header size  --> 60,
                     <!-- vmesh lib    --> data.ships.utility.prison_liner.prison_liner.lod1-112.vms,
                     <!-- start vert   --> 1136,
                     <!-- num verts    --> 905,
                     <!-- start index  --> 1692,
                     <!-- num indices  --> 1179,
                     <!-- start mesh   --> 13,
                     <!-- num meshes   --> 7,
                     <!-- bounding box -->  16.145779,    21.292412,   55.407143,
                                           -16.145771,   -21.281519,  -55.407955,
                     <!-- center       -->  -0.70390189,  -1.0062194,   1.1152442,
                     <!-- radius       --> 59.091187
                  </VMeshRef>
               </VMeshPart>
            </Level1>
            <Level2>
               <VMeshPart>
                  <VMeshRef type="VMeshRef">
                     <!-- header size  --> 60,
                     <!-- vmesh lib    --> data.ships.utility.prison_liner.prison_liner.lod2-112.vms,
                     <!-- start vert   --> 670,
                     <!-- num verts    --> 648,
                     <!-- start index  --> 945,
                     <!-- num indices  --> 765,
                     <!-- start mesh   --> 12,
                     <!-- num meshes   --> 4,
                     <!-- bounding box -->  16.145779,    21.292412,   55.407143,
                                           -16.145771,   -21.281519,  -55.407955,
                     <!-- center       -->  -0.70390189,  -1.0062194,   1.1152442,
                     <!-- radius       --> 59.091187
                  </VMeshRef>
               </VMeshPart>
            </Level2>
            <Level3>
               <VMeshPart>
                  <VMeshRef type="VMeshRef">
                     <!-- header size  --> 60,
                     <!-- vmesh lib    --> data.ships.utility.prison_liner.prison_liner.lod3-112.vms,
                     <!-- start vert   --> 383,
                     <!-- num verts    --> 338,
                     <!-- start index  --> 543,
                     <!-- num indices  --> 405,
                     <!-- start mesh   --> 9,
                     <!-- num meshes   --> 2,
                     <!-- bounding box -->  16.145779,    21.292412,   55.407143,
                                           -16.145771,   -21.281519,  -55.407955,
                     <!-- center       -->  -0.70390189,  -1.0062194,   1.1152442,
                     <!-- radius       --> 59.091187
                  </VMeshRef>
               </VMeshPart>
            </Level3>
            <Level4>
               <VMeshPart>
                  <VMeshRef type="VMeshRef">
                     <!-- header size  --> 60,
                     <!-- vmesh lib    --> data.ships.utility.prison_liner.prison_liner.lod4-112.vms,
                     <!-- start vert   --> 213,
                     <!-- num verts    --> 94,
                     <!-- start index  --> 309,
                     <!-- num indices  --> 159,
                     <!-- start mesh   --> 6,
                     <!-- num meshes   --> 1,
                     <!-- bounding box -->  16.145779,    21.292412,   55.407143,
                                           -16.145771,   -21.281519,  -55.407955,
                     <!-- center       -->  -0.70390189,  -1.0062194,   1.1152442,
                     <!-- radius       --> 59.091187
                  </VMeshRef>
               </VMeshPart>
            </Level4>
            <Level5>
               <VMeshPart>
                  <VMeshRef type="VMeshRef">
                     <!-- header size  --> 60,
                     <!-- vmesh lib    --> data.ships.utility.prison_liner.prison_liner.lod5-112.vms,
                     <!-- start vert   --> 142,
                     <!-- num verts    --> 29,
                     <!-- start index  --> 201,
                     <!-- num indices  --> 57,
                     <!-- start mesh   --> 3,
                     <!-- num meshes   --> 1,
                     <!-- bounding box -->  16.145779,    21.292412,   55.407143,
                                           -16.145771,   -21.281519,  -55.407955,
                     <!-- center       -->  -0.70390189,  -1.0062194,   1.1152442,
                     <!-- radius       --> 59.091187
                  </VMeshRef>
               </VMeshPart>
            </Level5>
            <Level6>
               <VMeshPart>
                  <VMeshRef type="VMeshRef">
                     <!-- header size  --> 60,
                     <!-- vmesh lib    --> data.ships.utility.prison_liner.prison_liner.lod6-112.vms,
                     <!-- start vert   --> 81,
                     <!-- num verts    --> 21,
                     <!-- start index  --> 126,
                     <!-- num indices  --> 21,
                     <!-- start mesh   --> 3,
                     <!-- num meshes   --> 1,
                     <!-- bounding box -->  16.145779,    21.292412,   55.407143,
                                           -16.145771,   -21.281519,  -55.407955,
                     <!-- center       -->  -0.70390189,  -1.0062194,   1.1152442,
                     <!-- radius       --> 59.091187
                  </VMeshRef>
               </VMeshPart>
            </Level6>
            <Switch2 type="float array" count="8">
               0,
               100,
               1000,
               10000,
               100000,
               0x00000001,
               0x0013E7AC,
               1000000
            </Switch2>
         </MultiLevel>
      </prison_frnt_lod1021108140501.3db>
      <prison_lod1021108140501.3db>
         <Hardpoints>
            <Fixed>
               <DpMid>
                  <Orientation type="Matrix">
                      -1.0000000000, -8.3614227e-09, -35.264726e-09,
                     -8.3614218e-09,   1.0000000000, -36.977895e-09,
                      35.264726e-09, -36.977895e-09,  -1.0000000000
                  </Orientation>
                  <Position type="Vector">0.0099969096, -1.2570101, -35.535671</Position>
               </DpMid>
               <DpRear>
                  <Orientation type="Matrix">
                      -1.0000000000, -8.3270644e-09, -34.462406e-09,
                     -8.3270653e-09,   1.0000000000,  16.589198e-09,
                      34.462406e-09,  16.589198e-09,  -1.0000000000
                  </Orientation>
                  <Position type="Vector">0.009999048, -1.2570078, 25.080441</Position>
               </DpRear>
               <HpDockCamA>
                  <Orientation type="Matrix">
                      -0.5976344300,  -0.2414562000,  -0.7645468700,
                       0.2618267200,   0.8425219100,  -0.4707478600,
                       0.7578125000,  -0.4815139800,  -0.4403004600
                  </Orientation>
                  <Position type="Vector">-40.806919, -69.540993, -104.08674</Position>
               </HpDockCamA>
               <HpLaunchCamA>
                  <Orientation type="Matrix">
                      -0.9999930300,  -0.0037222109,  382.01071e-06,
                      -0.0013043660,   0.4424624700,   0.8967860300,
                      -0.0035070523,   0.8967793000,  -0.4424642300
                  </Orientation>
                  <Position type="Vector">-0.06388659, -0.65793294, -91.72702</Position>
               </HpLaunchCamA>
               <HpMount>
                  <Orientation type="Matrix">
                       1.0000000000, -24.420162e-09,  43.723581e-09,
                      24.420148e-09,   1.0000000000,  305.01030e-09,
                     -43.723588e-09, -305.01030e-09,   1.0000000000
                  </Orientation>
                  <Position type="Vector">-0.062288918, 0.59876937, -227.10178</Position>
               </HpMount>
               <HpRunningLight08>
                  <Orientation type="Matrix">
                       0.7071067100, -8.8802707e-09,   0.7071068900,
                      43.709800e-09,   1.0000000000, -31.151192e-09,
                      -0.7071068900,  52.934716e-09,   0.7071067100
                  </Orientation>
                  <Position type="Vector">-7.7943196, 23.823584, -53.063248</Position>
               </HpRunningLight08>
               <HpRunningLight09>
                  <Orientation type="Matrix">
                       0.7071068300,  46.968360e-09,  -0.7071067100,
                     -30.885207e-09,   1.0000000000,  35.538079e-09,
                       0.7071067100, -3.2900813e-09,   0.7071068300
                  </Orientation>
                  <Position type="Vector">-7.3686876, 23.856115, -30.114182</Position>
               </HpRunningLight09>
               <HpRunningLight15>
                  <Orientation type="Matrix">
                      -0.7071067700, -19.895316e-09,  -0.7071067700,
                     -45.346312e-09,   1.0000000000,  17.210088e-09,
                       0.7071067700,  44.234056e-09,  -0.7071067700
                  </Orientation>
                  <Position type="Vector">8.5337648, 23.856115, -30.114185</Position>
               </HpRunningLight15>
               <HpRunningLight16>
                  <Orientation type="Matrix">
                       0.7071068300,  46.968360e-09,  -0.7071067100,
                     -30.885207e-09,   1.0000000000,  35.538079e-09,
                       0.7071067100, -3.2900813e-09,   0.7071068300
                  </Orientation>
                  <Position type="Vector">8.1081324, 23.823584, -53.063248</Position>
               </HpRunningLight16>
               <HpTractor_Source>
                  <Orientation type="Matrix">
                       1.0000000000, -24.420162e-09,  43.723581e-09,
                      24.420148e-09,   1.0000000000,  305.01030e-09,
                     -43.723588e-09, -305.01030e-09,   1.0000000000
                  </Orientation>
                  <Position type="Vector">-0.062288918, 0.59876937, -227.10178</Position>
               </HpTractor_Source>
            </Fixed>
            <Revolute>
               <HpFx11>
                  <Axis type="Vector">0, 1, 0</Axis>
                  <Max type="float">3.0543098</Max>
                  <Min type="float">-1.5707999</Min>
                  <Orientation type="Matrix">
                       0.9999670400, -169.19648e-09,  -0.0081174718,
                      171.18687e-09,   1.0000000000,  244.50355e-09,
                       0.0081174718, -245.88510e-09,   0.9999670400
                  </Orientation>
                  <Position type="Vector">-0.12693964, 20.089321, -63.427956</Position>
               </HpFx11>
               <HpFx12>
                  <Axis type="Vector">0, 1, 0</Axis>
                  <Max type="float">3.0543098</Max>
                  <Min type="float">-1.5707999</Min>
                  <Orientation type="Matrix">
                       0.9999670400, -169.19648e-09,  -0.0081174718,
                      171.18687e-09,   1.0000000000,  244.50355e-09,
                       0.0081174718, -245.88510e-09,   0.9999670400
                  </Orientation>
                  <Position type="Vector">12.263547, 11.193093, -63.327366</Position>
               </HpFx12>
               <HpFx13>
                  <Axis type="Vector">0, 1, 0</Axis>
                  <Max type="float">3.0543098</Max>
                  <Min type="float">-1.5707999</Min>
                  <Orientation type="Matrix">
                       0.9999670400, -169.19648e-09,  -0.0081174718,
                      171.18687e-09,   1.0000000000,  244.50355e-09,
                       0.0081174718, -245.88510e-09,   0.9999670400
                  </Orientation>
                  <Position type="Vector">13.788651, -2.5546157, -63.314983</Position>
               </HpFx13>
               <HpFx14>
                  <Axis type="Vector">0, 1, 0</Axis>
                  <Max type="float">3.0543098</Max>
                  <Min type="float">-1.5707999</Min>
                  <Orientation type="Matrix">
                       0.9999670400, -169.19648e-09,  -0.0081174718,
                      171.18687e-09,   1.0000000000,  244.50355e-09,
                       0.0081174718, -245.88510e-09,   0.9999670400
                  </Orientation>
                  <Position type="Vector">15.418572, -20.433956, -53.262394</Position>
               </HpFx14>
               <HpFx15>
                  <Axis type="Vector">0, 1, 0</Axis>
                  <Max type="float">3.0543098</Max>
                  <Min type="float">-1.5707999</Min>
                  <Orientation type="Matrix">
                       0.9999670400, -169.19648e-09,  -0.0081174718,
                      171.18687e-09,   1.0000000000,  244.50355e-09,
                       0.0081174718, -245.88510e-09,   0.9999670400
                  </Orientation>
                  <Position type="Vector">-0.10679073, -22.159735, -53.388432</Position>
               </HpFx15>
               <HpFx16>
                  <Axis type="Vector">0, 1, 0</Axis>
                  <Max type="float">3.0543098</Max>
                  <Min type="float">-1.5707999</Min>
