<?xml version="1.0" encoding="ISO-8859-1"?>
<!-- XML generated by UTFXML Version 2.2 built 19-Aug-2010 -->
<UTFXML filename="dk_incubator01.cmp" path="SOLAR\new\DomKavash">
   <UTF_ROOT>
      <VMeshLibrary>
         <dk_incubator.lod0.vms include="dk_incubator01_cmp\lod0.vms.xml"/>
      </VMeshLibrary>
      <Cmpnd>
         <Root>
            <File_name name="File name" type="text">dk_incubator.3db</File_name>
            <Index type="int">0</Index>
            <Object_name name="Object name" type="text">Root</Object_name>
         </Root>
      </Cmpnd>
      <dk_incubator.3db>
         <Hardpoints>
            <Fixed type="hex" size="0">
               
            </Fixed>
            <Revolute>
               <HpTurret01>
                  <Axis type="Vector">0, 1, 0</Axis>
                  <Max type="float">3.1415927</Max>
                  <Min type="float">-3.1415927</Min>
                  <Orientation type="Matrix">
                       1.0000000000,   0.0000000000,   0.0000000000,
                       0.0000000000,  59.604645e-09,   0.9999998800,
                       0.0000000000,  -0.9999998800,  59.604645e-09
                  </Orientation>
                  <Position type="Vector">-0.211457, 121.6962, -372.22379</Position>
               </HpTurret01>
               <HpTurret02>
                  <Axis type="Vector">0, 1, 0</Axis>
                  <Max type="float">3.1415927</Max>
                  <Min type="float">-3.1415927</Min>
                  <Orientation type="Matrix">
                       1.0000000000,   0.0000000000,   0.0000000000,
                       0.0000000000,   1.0000000000,   0.0000000000,
                       0.0000000000,   0.0000000000,   1.0000000000
                  </Orientation>
                  <Position type="Vector">-0.29923201, 372.20981, -121.23046</Position>
               </HpTurret02>
               <HpTurret03>
                  <Axis type="Vector">0, 1, 0</Axis>
                  <Max type="float">3.1415927</Max>
                  <Min type="float">-3.1415927</Min>
                  <Orientation type="Matrix">
                      -0.7660445600,  -0.6208851900,  -0.1663656800,
                       0.6427876400,  -0.7399422500,  -0.1982669100,
                      7.4505806e-09,  -0.2588190700,   0.9659258100
                  </Orientation>
                  <Position type="Vector">-301.96109, -248.22501, -3.8445721</Position>
               </HpTurret03>
               <HpTurret04>
                  <Axis type="Vector">0, 1, 0</Axis>
                  <Max type="float">3.1415927</Max>
                  <Min type="float">-3.1415927</Min>
                  <Orientation type="Matrix">
                      -0.7660445600,   0.6208851900,   0.1663656800,
                      -0.6427876400,  -0.7399422500,  -0.1982669100,
                     -7.4505806e-09,  -0.2588190700,   0.9659258100
                  </Orientation>
                  <Position type="Vector">301.3316, -248.3627, -2.5018671</Position>
               </HpTurret04>
               <HpTurret05>
                  <Axis type="Vector">0, 1, 0</Axis>
                  <Max type="float">3.1415927</Max>
                  <Min type="float">-3.1415927</Min>
                  <Orientation type="Matrix">
                      -0.2192707100,  -0.6408563300,   0.7356787300,
                       0.8114851100,   0.2988362300,   0.5021838500,
                      -0.5416751500,   0.7071067700,   0.4545195100
                  </Orientation>
                  <Position type="Vector">-302.87619, 1.867977, 248.13737</Position>
               </HpTurret05>
               <HpTurret06>
                  <Axis type="Vector">0, 1, 0</Axis>
                  <Max type="float">3.1415927</Max>
                  <Min type="float">-3.1415927</Min>
                  <Orientation type="Matrix">
                      -0.2192707100,   0.6408563300,  -0.7356787300,
                      -0.8114851100,   0.2988362300,   0.5021838500,
                       0.5416751500,   0.7071067700,   0.4545195100
                  </Orientation>
                  <Position type="Vector">301.22031, 2.169384, 248.57733</Position>
               </HpTurret06>
            </Revolute>
         </Hardpoints>
         <MultiLevel>
            <Level0>
               <VMeshPart>
                  <VMeshRef type="VMeshRef">
                     <!-- header size  --> 60,
                     <!-- vmesh lib    --> dk_incubator.lod0.vms,
                     <!-- start vert   --> 0,
                     <!-- num verts    --> 14061,
                     <!-- start index  --> 0,
                     <!-- num indices  --> 34368,
                     <!-- start mesh   --> 0,
                     <!-- num meshes   --> 4,
                     <!-- bounding box -->  346.58902,     372.20981,   283.00082,
                                           -347.42953,    -283.0148,   -372.22379,
                     <!-- center       -->   -0.42025757,   44.597504,  -44.611481,
                     <!-- radius       --> 788.39038
                  </VMeshRef>
               </VMeshPart>
            </Level0>
         </MultiLevel>
      </dk_incubator.3db>
   </UTF_ROOT>
</UTFXML>
