<?xml version="1.0" encoding="ISO-8859-1"?>
<!-- XML generated by UTFXML Version 2.2 built 19-Aug-2010 -->
<UTFXML filename="domkavash_station02.cmp" path="SOLAR\new\DomKavash">
   <UTF_ROOT>
      <VMeshLibrary>
         <domkavash_station02.lod0.vms include="domkavash_station02_cmp\lod0.vms.xml"/>
      </VMeshLibrary>
      <Cmpnd>
         <Root>
            <File_name name="File name" type="text">domkavash_station02.3db</File_name>
            <Index type="int">0</Index>
            <Object_name name="Object name" type="text">Root</Object_name>
         </Root>
      </Cmpnd>
      <domkavash_station02.3db>
         <Hardpoints>
            <Fixed>
               <HpRunningLight01>
                  <Orientation type="Matrix">
                       1.0000000000,   0.0000000000,   0.0000000000,
                       0.0000000000,   1.0000000000,   0.0000000000,
                       0.0000000000,   0.0000000000,   1.0000000000
                  </Orientation>
                  <Position type="Vector">-583.84094, 1128.2412, -478.71124</Position>
               </HpRunningLight01>
               <HpRunningLight02>
                  <Orientation type="Matrix">
                       1.0000000000,   0.0000000000,   0.0000000000,
                       0.0000000000,   1.0000000000,   0.0000000000,
                       0.0000000000,   0.0000000000,   1.0000000000
                  </Orientation>
                  <Position type="Vector">569.7066, 1128.004, -479.8851</Position>
               </HpRunningLight02>
               <HpRunningLight03>
                  <Orientation type="Matrix">
                       1.0000000000,   0.0000000000,   0.0000000000,
                       0.0000000000,   1.0000000000,   0.0000000000,
                       0.0000000000,   0.0000000000,   1.0000000000
                  </Orientation>
                  <Position type="Vector">-6.3589478, 1127.8026, 520.11243</Position>
               </HpRunningLight03>
               <HpRunningLight04>
                  <Orientation type="Matrix">
                       1.0000000000,   0.0000000000,   0.0000000000,
                       0.0000000000,   1.0000000000,   0.0000000000,
                       0.0000000000,   0.0000000000,   1.0000000000
                  </Orientation>
                  <Position type="Vector">-158.09073, -1072.9019, -234.45926</Position>
               </HpRunningLight04>
               <HpRunningLight05>
                  <Orientation type="Matrix">
                       1.0000000000,   0.0000000000,   0.0000000000,
                       0.0000000000,   1.0000000000,   0.0000000000,
                       0.0000000000,   0.0000000000,   1.0000000000
                  </Orientation>
                  <Position type="Vector">-7.7728801, -1072.3719, 28.912254</Position>
               </HpRunningLight05>
               <HpRunningLight06>
                  <Orientation type="Matrix">
                       1.0000000000,   0.0000000000,   0.0000000000,
                       0.0000000000,   1.0000000000,   0.0000000000,
                       0.0000000000,   0.0000000000,   1.0000000000
                  </Orientation>
                  <Position type="Vector">145.19255, -1072.4265, -233.4471</Position>
               </HpRunningLight06>
            </Fixed>
            <Revolute>
               <HpTurret01>
                  <Axis type="Vector">0, 1, 0</Axis>
                  <Max type="float">1.5707964</Max>
                  <Min type="float">-1.5707964</Min>
                  <Orientation type="Matrix">
                      -1.0000000000, -87.422777e-09,   0.0000000000,
                      87.422777e-09,  -1.0000000000,  -0.0000000000,
                       0.0000000000,   0.0000000000,   1.0000000000
                  </Orientation>
                  <Position type="Vector">396.25735, -320.91412, -1557.6672</Position>
               </HpTurret01>
               <HpTurret02>
                  <Axis type="Vector">0, 1, 0</Axis>
                  <Max type="float">1.5707964</Max>
                  <Min type="float">-1.5707964</Min>
                  <Orientation type="Matrix">
                      -1.0000000000, -87.422777e-09,   0.0000000000,
                      87.422777e-09,  -1.0000000000,  -0.0000000000,
                       0.0000000000,   0.0000000000,   1.0000000000
                  </Orientation>
                  <Position type="Vector">-409.81296, -320.91425, -1557.6057</Position>
               </HpTurret02>
               <HpTurret03>
                  <Axis type="Vector">0, 1, 0</Axis>
                  <Max type="float">1.5707964</Max>
                  <Min type="float">-1.5707964</Min>
                  <Orientation type="Matrix">
                       0.5000001200, -87.422777e-09,   0.8660253300,
                     -43.711395e-09,  -1.0000000000, -75.710346e-09,
                       0.8660253300,  3.5527137e-15,  -0.5000001200
                  </Orientation>
                  <Position type="Vector">-1431.035, -320.91425, 210.22632</Position>
               </HpTurret03>
               <HpTurret04>
                  <Axis type="Vector">0, 1, 0</Axis>
                  <Max type="float">1.5707964</Max>
                  <Min type="float">-1.5707964</Min>
                  <Orientation type="Matrix">
                       0.5000001200, -87.422777e-09,   0.8660253300,
                     -43.711395e-09,  -1.0000000000, -75.710346e-09,
                       0.8660253300,  3.5527137e-15,  -0.5000001200
                  </Orientation>
                  <Position type="Vector">-1027.9198, -320.91412, 908.71228</Position>
               </HpTurret04>
               <HpTurret05>
                  <Axis type="Vector">0, 1, 0</Axis>
                  <Max type="float">1.5707964</Max>
                  <Min type="float">-1.5707964</Min>
                  <Orientation type="Matrix">
                       0.5000001200, -87.422777e-09,  -0.8660253300,
                     -43.711395e-09,  -1.0000000000,  75.710346e-09,
                      -0.8660253300, -3.5527137e-15,  -0.5000001200
                  </Orientation>
                  <Position type="Vector">1014.0292, -320.91376, 908.72827</Position>
               </HpTurret05>
               <HpTurret06>
                  <Axis type="Vector">0, 1, 0</Axis>
                  <Max type="float">1.5707964</Max>
                  <Min type="float">-1.5707964</Min>
                  <Orientation type="Matrix">
                       0.5000001200, -87.422777e-09,  -0.8660253300,
                     -43.711395e-09,  -1.0000000000,  75.710346e-09,
                      -0.8660253300, -3.5527137e-15,  -0.5000001200
                  </Orientation>
                  <Position type="Vector">1416.9641, -320.91376, 210.25179</Position>
               </HpTurret06>
               <HpTurret07>
                  <Axis type="Vector">0, 1, 0</Axis>
                  <Max type="float">1.5707964</Max>
                  <Min type="float">-1.5707964</Min>
                  <Orientation type="Matrix">
                       1.0000000000,   0.0000000000,   0.0000000000,
                       0.0000000000,   1.0000000000,   0.0000000000,
                       0.0000000000,   0.0000000000,   1.0000000000
                  </Orientation>
                  <Position type="Vector">-47.173992, 1140.2676, -430.74707</Position>
               </HpTurret07>
               <HpTurret08>
                  <Axis type="Vector">0, 1, 0</Axis>
                  <Max type="float">1.5707964</Max>
                  <Min type="float">-1.5707964</Min>
                  <Orientation type="Matrix">
                      -0.8660253300,   0.0000000000,  -0.5000000000,
                       0.0000000000,   1.0000000000,   0.0000000000,
                       0.5000000000,   0.0000000000,  -0.8660253300
                  </Orientation>
                  <Position type="Vector">-189.94839, 1141, 24.674303</Position>
               </HpTurret08>
               <HpTurret09>
                  <Axis type="Vector">0, 1, 0</Axis>
                  <Max type="float">1.5707964</Max>
                  <Min type="float">-1.5707964</Min>
                  <Orientation type="Matrix">
                       0.3420200900,   0.0000000000,  -0.9396926800,
                       0.0000000000,   1.0000000000,   0.0000000000,
                       0.9396926800,   0.0000000000,   0.3420200900
                  </Orientation>
                  <Position type="Vector">228.63553, 1141, -64.65493</Position>
               </HpTurret09>
            </Revolute>
         </Hardpoints>
         <MultiLevel>
            <Level0>
               <VMeshPart>
                  <VMeshRef type="VMeshRef">
                     <!-- header size  --> 60,
                     <!-- vmesh lib    --> domkavash_station02.lod0.vms,
                     <!-- start vert   --> 0,
                     <!-- num verts    --> 30558,
                     <!-- start index  --> 0,
                     <!-- num indices  --> 64470,
                     <!-- start mesh   --> 0,
                     <!-- num meshes   --> 9,
                     <!-- bounding box -->  1492.8517,     1365.8535,   1238.9941,
                                           -1507.1483,    -1073.1113,  -1615.2539,
                     <!-- center       -->    -7.1483154,   146.37109,  -188.12988,
                     <!-- radius       --> 3246.6563
                  </VMeshRef>
               </VMeshPart>
            </Level0>
         </MultiLevel>
      </domkavash_station02.3db>
   </UTF_ROOT>
</UTFXML>
