<?xml version="1.0" encoding="ISO-8859-1"?>
<!-- XML generated by UTFXML Version 2.2 built 19-Aug-2010 -->
<UTFXML filename="LISHIPS.cmp" path="SHIPS\LISHIPS">
   <UTF_ROOT>
      <VMeshLibrary>
         <Apophis.lod0.vms include="LISHIPS_cmp\lod0.vms.xml"/>
      </VMeshLibrary>
      <Cmpnd>
         <Root>
            <File_name name="File name" type="text">Apophis.3db</File_name>
            <Index type="int">0</Index>
            <Object_name name="Object name" type="text">Root</Object_name>
         </Root>
      </Cmpnd>
      <Apophis.3db>
         <Hardpoints>
            <Fixed>
               <HpMount>
                  <Orientation type="Matrix">
                       1.0000000000,   0.0000000000,   0.0000000000,
                       0.0000000000,   1.0000000000,   0.0000000000,
                       0.0000000000,   0.0000000000,   1.0000000000
                  </Orientation>
                  <Position type="Vector">-0.026655214, -4.0087309, 5.913702</Position>
               </HpMount>
               <HpCloak01>
                  <Orientation type="Matrix">
                       1.0000000000,   0.0000000000,   0.0000000000,
                       0.0000000000,   1.0000000000,   0.0000000000,
                       0.0000000000,   0.0000000000,   1.0000000000
                  </Orientation>
                  <Position type="Vector">-0.026655, 0.99126899, 1.913702</Position>
               </HpCloak01>
               <HpCockpit>
                  <Orientation type="Matrix">
                       1.0000000000,   0.0000000000,   0.0000000000,
                       0.0000000000,   1.0000000000,   0.0000000000,
                       0.0000000000,   0.0000000000,   1.0000000000
                  </Orientation>
                  <Position type="Vector">-0.026655214, -0.50873071, -5.5862989</Position>
               </HpCockpit>
               <HpHeadLight>
                  <Orientation type="Matrix">
                       1.0000000000,   0.0000000000,   0.0000000000,
                       0.0000000000,   0.1736481200,   0.9848078500,
                       0.0000000000,  -0.9848078500,   0.1736481200
                  </Orientation>
                  <Position type="Vector">-0.026655, -0.75873101, -6.8362989</Position>
               </HpHeadLight>
               <HpPilot>
                  <Orientation type="Matrix">
                       1.0000000000,   0.0000000000,   0.0000000000,
                       0.0000000000,   1.0000000000,   0.0000000000,
                       0.0000000000,   0.0000000000,   1.0000000000
                  </Orientation>
                  <Position type="Vector">-0.026655214, -0.67873067, -4.0862985</Position>
               </HpPilot>
               <HpShield01>
                  <Orientation type="Matrix">
                       1.0000000000,   0.0000000000,   0.0000000000,
                       0.0000000000,   1.0000000000,   0.0000000000,
                       0.0000000000,   0.0000000000,   1.0000000000
                  </Orientation>
                  <Position type="Vector">0, 2.7044549, 3.1798699</Position>
               </HpShield01>
               <HpThruster01>
                  <Orientation type="Matrix">
                      -1.0000000000, -2.3159031e-12,   0.0000000000,
                      2.3159031e-12,  -1.0000000000,  760.90413e-09,
                     -1.7621803e-18,  760.90413e-09,   1.0000000000
                  </Orientation>
                  <Position type="Vector">0.0066781207, -1.9725604, 9.3137026</Position>
               </HpThruster01>
               <HpTractor_source>
                  <Orientation type="Matrix">
                       1.0000000000,   0.0000000000,   0.0000000000,
                       0.0000000000,   1.0000000000,   0.0000000000,
                       0.0000000000,   0.0000000000,   1.0000000000
                  </Orientation>
                  <Position type="Vector">-0.026655, -0.75873101, -6.8362989</Position>
               </HpTractor_source>
               <HpEngine01>
                  <Orientation type="Matrix">
                       1.0000000000,   0.0000000000,   0.0000000000,
                       0.0000000000,   1.0000000000,   0.0000000000,
                       0.0000000000,   0.0000000000,   1.0000000000
                  </Orientation>
                  <Position type="Vector">-0.026655214, 1.2412694, 12.163703</Position>
               </HpEngine01>
               <HpEngine02>
                  <Orientation type="Matrix">
                       1.0000000000,   0.0000000000,   0.0000000000,
                       0.0000000000,   1.0000000000,   0.0000000000,
                       0.0000000000,   0.0000000000,   1.0000000000
                  </Orientation>
                  <Position type="Vector">-0.026655214, -0.88373071, 11.663703</Position>
               </HpEngine02>
               <HpEngine03>
                  <Orientation type="Matrix">
                       1.0000000000,   0.0000000000,   0.0000000000,
                       0.0000000000,   1.0000000000,   0.0000000000,
                       0.0000000000,   0.0000000000,   1.0000000000
                  </Orientation>
                  <Position type="Vector">1.9733449, 1.7412694, 11.663703</Position>
               </HpEngine03>
               <HpEngine04>
                  <Orientation type="Matrix">
                       1.0000000000,   0.0000000000,   0.0000000000,
                       0.0000000000,   1.0000000000,   0.0000000000,
                       0.0000000000,   0.0000000000,   1.0000000000
                  </Orientation>
                  <Position type="Vector">-2.0266552, 1.7412694, 11.663703</Position>
               </HpEngine04>
               <HpEngineGlow>
                  <Orientation type="Matrix">
                       1.0000000000,   0.0000000000,   0.0000000000,
                       0.0000000000,   1.0000000000,   0.0000000000,
                       0.0000000000,   0.0000000000,   1.0000000000
                  </Orientation>
                  <Position type="Vector">-0.026655214, 1.2412694, 17.413702</Position>
               </HpEngineGlow>
               <HpContrail01>
                  <Orientation type="Matrix">
                       1.0000000000,   0.0000000000,   0.0000000000,
                       0.0000000000,   1.0000000000,   0.0000000000,
                       0.0000000000,   0.0000000000,   1.0000000000
                  </Orientation>
                  <Position type="Vector">-8.2766562, -2.5087309, 7.913702</Position>
               </HpContrail01>
               <HpContrail02>
                  <Orientation type="Matrix">
                       1.0000000000,   0.0000000000,   0.0000000000,
                       0.0000000000,   1.0000000000,   0.0000000000,
                       0.0000000000,   0.0000000000,   1.0000000000
                  </Orientation>
                  <Position type="Vector">8.2233448, -2.5087309, 7.913702</Position>
               </HpContrail02>
               <HpDocklight01>
                  <Orientation type="Matrix">
                      -0.0348995920,  -0.8740869800,   0.4845143600,
                       0.9993909600,  -0.0305238960,   0.0169196280,
                     -29.802322e-09,   0.4848097000,   0.8746197200
                  </Orientation>
                  <Position type="Vector">-8.2766562, -2.5087309, 7.913702</Position>
               </HpDocklight01>
               <HpDocklight02>
                  <Orientation type="Matrix">
                      -0.0348995920,   0.8740869800,  -0.4845143600,
                      -0.9993909600,  -0.0305238960,   0.0169196280,
                      29.802322e-09,   0.4848097000,   0.8746197200
                  </Orientation>
                  <Position type="Vector">8.2233448, -2.5087309, 7.913702</Position>
               </HpDocklight02>
               <HpRunningLight01>
                  <Orientation type="Matrix">
                       1.0000000000,   0.0000000000,   0.0000000000,
                       0.0000000000,   0.9396926200,   0.3420200900,
                       0.0000000000,  -0.3420200900,   0.9396926200
                  </Orientation>
                  <Position type="Vector">-0.77665502, 2.7412691, 0.41370201</Position>
               </HpRunningLight01>
               <HpRunningLight02>
                  <Orientation type="Matrix">
                       1.0000000000,   0.0000000000,   0.0000000000,
                       0.0000000000,   0.9396926200,   0.3420200900,
                       0.0000000000,  -0.3420200900,   0.9396926200
                  </Orientation>
                  <Position type="Vector">0.72334498, 2.7412691, 0.41370201</Position>
               </HpRunningLight02>
               <HpRunningLight03>
                  <Orientation type="Matrix">
                      -0.9998475300,   0.0173568500,  -0.0018242786,
                      -0.0174524560,  -0.9943702800,   0.1045125500,
                     -58.207661e-12,   0.1045284600,   0.9945219200
                  </Orientation>
                  <Position type="Vector">-0.026655, -1.508731, -1.836298</Position>
               </HpRunningLight03>
               <HpRunningLight04>
                  <Orientation type="Matrix">
                      -0.0174523590,  -0.9779986700,  -0.2078800400,
                       0.9998477100,  -0.0170710090,  -0.0036285520,
                       0.0000000000,  -0.2079117000,   0.9781476300
                  </Orientation>
                  <Position type="Vector">-8.0266562, -2.2587309, 5.663702</Position>
               </HpRunningLight04>
               <HpRunningLight05>
                  <Orientation type="Matrix">
                      -0.0174523590,   0.9779986700,   0.2078800400,
                      -0.9998477100,  -0.0170710090,  -0.0036285520,
                       0.0000000000,  -0.2079117000,   0.9781476300
                  </Orientation>
                  <Position type="Vector">7.9733438, -2.2587309, 5.663702</Position>
               </HpRunningLight05>
               <HpRunningLight06>
                  <Orientation type="Matrix">
                      -1.0000000000, -1.5257378e-09,  87.409468e-09,
                      87.422777e-09,  -0.0174524780,   0.9998477100,
                       0.0000000000,   0.9998477100,   0.0174524190
                  </Orientation>
                  <Position type="Vector">-0.026655, 3.7412691, 15.163702</Position>
               </HpRunningLight06>
               <HpCM01>
                  <Orientation type="Matrix">
                      -0.8505408200,  -0.5259090100,   0.0000000000,
                       0.5259090100,  -0.8505408200, -723.75639e-09,
                      380.63001e-09, -615.58433e-09,   1.0000000000
                  </Orientation>
                  <Position type="Vector">-2.4955547, 0.98293602, 10.054791</Position>
               </HpCM01>
               <HpMine01>
                  <Orientation type="Matrix">
                      -0.8505407000,   0.5259091900,   0.0000000000,
                      -0.5259091900,  -0.8505407000, -723.75644e-09,
                     -380.63015e-09, -615.58433e-09,   1.0000000000
                  </Orientation>
                  <Position type="Vector">2.5044456, 0.99960268, 10.054791</Position>
               </HpMine01>
               <HpUpgrade01>
                  <Orientation type="Matrix">
                       1.0000000000,   0.0000000000,   0.0000000000,
                       0.0000000000,   1.0000000000,   0.0000000000,
                       0.0000000000,   0.0000000000,   1.0000000000
                  </Orientation>
                  <Position type="Vector">0, 1.050989, 4.9935951</Position>
               </HpUpgrade01>
               <HpBayDoor01>
                  <Orientation type="Matrix">
                       1.0000000000,   0.0000000000,   0.0000000000,
                       0.0000000000,   1.0000000000,   0.0000000000,
                       0.0000000000,   0.0000000000,   1.0000000000
                  </Orientation>
                  <Position type="Vector">0, 2.33, 4</Position>
               </HpBayDoor01>
               <HpBayDoor02>
                  <Orientation type="Matrix">
                       1.0000000000,   0.0000000000,   0.0000000000,
                       0.0000000000,   1.0000000000,   0.0000000000,
                       0.0000000000,   0.0000000000,   1.0000000000
                  </Orientation>
                  <Position type="Vector">0, 4.5, 4</Position>
               </HpBayDoor02>
               <HpPower01>
                  <Orientation type="Matrix">
                       1.0000000000,   0.0000000000,   0.0000000000,
                       0.0000000000,   1.0000000000,   0.0000000000,
                       0.0000000000,   0.0000000000,   1.0000000000
                  </Orientation>
                  <Position type="Vector">0, 1, 4</Position>
               </HpPower01>
               <Hpnew01>
                  <Orientation type="Matrix">
                       1.0000000000,   0.0000000000,   0.0000000000,
                       0.0000000000,   1.0000000000,   0.0000000000,
                       0.0000000000,   0.0000000000,   1.0000000000
                  </Orientation>
                  <Position type="Vector">0, 0, 0</Position>
               </Hpnew01>
               <Hpnew02>
                  <Orientation type="Matrix">
                       1.0000000000,   0.0000000000,   0.0000000000,
                       0.0000000000,   1.0000000000,   0.0000000000,
                       0.0000000000,   0.0000000000,   1.0000000000
                  </Orientation>
                  <Position type="Vector">0, 0, 0</Position>
               </Hpnew02>
               <Hpnew03>
                  <Orientation type="Matrix">
                       1.0000000000,   0.0000000000,   0.0000000000,
                       0.0000000000,   1.0000000000,   0.0000000000,
                       0.0000000000,   0.0000000000,   1.0000000000
                  </Orientation>
                  <Position type="Vector">0, 0, 0</Position>
               </Hpnew03>
            </Fixed>
            <Revolute>
               <HpTorpedo01>
                  <Axis type="Vector">0, 1, 0</Axis>
                  <Max type="float">0.78538001</Max>
                  <Min type="float">-0.7854</Min>
                  <Orientation type="Matrix">
                      -1.0000000000, -3.4738724e-12,   0.0000000000,
                      3.4738724e-12,  -1.0000000000,  570.68138e-09,
                     -1.9824744e-18,  570.68138e-09,   1.0000000000
                  </Orientation>
                  <Position type="Vector">0.0066781207, -1.7445463, -3.8292055</Position>
               </HpTorpedo01>
               <HpWeapon01>
                  <Axis type="Vector">0, 1, 0</Axis>
                  <Max type="float">0.78538001</Max>
                  <Min type="float">-0.7854</Min>
                  <Orientation type="Matrix">
                      -0.3826833100,  -0.9238795600,   0.0000000000,
                       0.9238795600,  -0.3826833100,  17.663620e-09,
                     -16.319058e-09,  6.7595725e-09,   1.0000000000
                  </Orientation>
                  <Position type="Vector">-1.1441648, -0.91177833, -2.7892668</Position>
               </HpWeapon01>
               <HpWeapon02>
                  <Axis type="Vector">0, 1, 0</Axis>
                  <Max type="float">0.78538001</Max>
                  <Min type="float">-0.7854</Min>
                  <Orientation type="Matrix">
                      -0.3826834900,   0.9238795000,   0.0000000000,
                      -0.9238795000,  -0.3826834900,  193.40985e-09,
                      178.68739e-09,  74.014757e-09,   1.0000000000
                  </Orientation>
                  <Position type="Vector">1.1734987, -0.88291079, -2.7892668</Position>
               </HpWeapon02>
               <HpWeapon03>
                  <Axis type="Vector">0, 1, 0</Axis>
                  <Max type="float">0.78538001</Max>
                  <Min type="float">-0.7854</Min>
                  <Orientation type="Matrix">
                       0.9999947500,  -0.0000000000,   0.0000000000,
                       0.0000000000,   0.9999947500,   0.0032419642,
                      -0.0000000000,  -0.0032419472,   0.9999895100
                  </Orientation>
                  <Position type="Vector">-0.026655214, 1.4178749, -2.8362982</Position>
               </HpWeapon03>
               <HpWeapon04>
                  <Axis type="Vector">0, 1, 0</Axis>
                  <Max type="float">0.78538001</Max>
                  <Min type="float">-0.7854</Min>
                  <Orientation type="Matrix">
                       0.9526600800,  -0.3040373600,   0.0000000000,
                       0.3040373600,   0.9526600800, -181.22034e-09,
                      55.097754e-09,  172.64139e-09,   1.0000000000
                  </Orientation>
                  <Position type="Vector">-7.5260882, -2.0130446, 6.9725251</Position>
               </HpWeapon04>
               <HpWeapon05>
                  <Axis type="Vector">0, 1, 0</Axis>
                  <Max type="float">0.78538001</Max>
                  <Min type="float">-0.7854</Min>
                  <Orientation type="Matrix">
                       0.9526600800,   0.3040373600,   0.0000000000,
                      -0.3040373600,   0.9526600800, -181.22034e-09,
                     -55.097754e-09,  172.64139e-09,   1.0000000000
                  </Orientation>
                  <Position type="Vector">7.4739122, -2.0044172, 6.9725251</Position>
               </HpWeapon05>
               <HpWeapon06>
                  <Axis type="Vector">0, 1, 0</Axis>
                  <Max type="float">0.78538001</Max>
                  <Min type="float">-0.7854</Min>
                  <Orientation type="Matrix">
                      -0.9580214000,   0.2866967000,   0.0000000000,
                      -0.2866967000,  -0.9580214000,   0.0000000000,
                       0.0000000000,   0.0000000000,   1.0000000000
                  </Orientation>
                  <Position type="Vector">-7.3449612, -2.5044174, 6.9725251</Position>
               </HpWeapon06>
               <HpWeapon07>
                  <Axis type="Vector">0, 1, 0</Axis>
                  <Max type="float">0.78538001</Max>
                  <Min type="float">-0.7854</Min>
                  <Orientation type="Matrix">
                      -0.9580214000,  -0.2866967000,   0.0000000000,
                       0.2866967000,  -0.9580214000,  -0.0000000000,
                       0.0000000000,   0.0000000000,   1.0000000000
                  </Orientation>
                  <Position type="Vector">7.3565397, -2.5130446, 6.9725251</Position>
               </HpWeapon07>
               <HpTurret01>
                  <Axis type="Vector">0, 1, 0</Axis>
                  <Max type="float">3.8397243</Max>
                  <Min type="float">-0.61086524</Min>
                  <Orientation type="Matrix">
                       0.9986295100,  -0.0523359590,  -0.0000000000,
                       0.0523359590,   0.9986295100,   0.0000000000,
                       0.0000000000,  -0.0000000000,   1.0000000000
                  </Orientation>
                  <Position type="Vector">-2.127465, 2.590956, 10.002811</Position>
               </HpTurret01>
               <HpTurret02>
                  <Axis type="Vector">0, 1, 0</Axis>
                  <Max type="float">0.61086524</Max>
                  <Min type="float">-3.8397243</Min>
                  <Orientation type="Matrix">
                       0.9986295100,   0.0523359590,   0.0000000000,
                      -0.0523359590,   0.9986295100,   0.0000000000,
                       0.0000000000,   0.0000000000,   1.0000000000
                  </Orientation>
                  <Position type="Vector">2.072536, 2.5927, 10.002811</Position>
               </HpTurret02>
               <HpTorpedo02>
                  <Axis type="Vector">0, 1, 0</Axis>
                  <Max type="float">0.78539819</Max>
                  <Min type="float">-0.78539819</Min>
                  <Orientation type="Matrix">
                       1.0000000000,   0.0000000000,   0.0000000000,
                       0.0000000000,   1.0000000000,   0.0000000000,
                       0.0000000000,   0.0000000000,   1.0000000000
                  </Orientation>
                  <Position type="Vector">0, 2.95, 1.3506089</Position>
               </HpTorpedo02>
            </Revolute>
         </Hardpoints>
         <MultiLevel>
            <Level0>
               <VMeshPart>
                  <VMeshRef type="VMeshRef">
                     <!-- header size  --> 60,
                     <!-- vmesh lib    --> Apophis.lod0.vms,
                     <!-- start vert   --> 0,
                     <!-- num verts    --> 3430,
                     <!-- start index  --> 0,
                     <!-- num indices  --> 7764,
                     <!-- start mesh   --> 0,
                     <!-- num meshes   --> 8,
                     <!-- bounding box -->  8.4552555,     3.6833401,  15.150044,
                                           -8.4752331,    -3.0765898,  -6.6491175,
                     <!-- center       --> -0.0099887848,  0.30337512,  4.2504635,
                     <!-- radius       --> 14.208638
                  </VMeshRef>
               </VMeshPart>
            </Level0>
         </MultiLevel>
      </Apophis.3db>
   </UTF_ROOT>
</UTFXML>
