<?xml version="1.0" encoding="ISO-8859-1"?>
<!-- XML generated by UTFXML Version 2.2 built 19-Aug-2010 -->
<UTFXML filename="Bloody dragon.cmp" path="SHIPS\KUSARI\Bloody dragon">
   <UTF_ROOT>
      <VMeshLibrary>
         <advdrake001.lod0.vms include="Bloody dragon_cmp\lod0.vms.xml"/>
      </VMeshLibrary>
      <Cmpnd>
         <Root>
            <File_name name="File name" type="text">advdrake001.3db</File_name>
            <Index type="int">0</Index>
            <Object_name name="Object name" type="text">Root</Object_name>
         </Root>
      </Cmpnd>
      <advdrake001.3db>
         <Hardpoints>
            <Fixed>
               <HpMount>
                  <Orientation type="Matrix">
                       1.0000000000,   0.0000000000,   0.0000000000,
                       0.0000000000,   1.0000000000,   0.0000000000,
                       0.0000000000,   0.0000000000,   1.0000000000
                  </Orientation>
                  <Position type="Vector">-715.10603e-6, -4.24966, -0.96896499</Position>
               </HpMount>
               <HpShield01>
                  <Orientation type="Matrix">
                      -0.9655870200,  72.665799e-09,   0.0000000000,
                     -72.665799e-09,  -0.9655870200,   0.2600809900,
                      18.899000e-09,   0.2511310000,   0.9323580300
                  </Orientation>
                  <Position type="Vector">-0.0261121, -0.38874501, 2.23333</Position>
               </HpShield01>
               <HpEngine01>
                  <Orientation type="Matrix">
                       1.0000000000,   0.0000000000,   0.0000000000,
                       0.0000000000,   1.0000000000,   0.0000000000,
                       0.0000000000,   0.0000000000,   1.0000000000
                  </Orientation>
                  <Position type="Vector">0.067009501, 0.49108201, 3.8310399</Position>
               </HpEngine01>
               <HpMine01>
                  <Orientation type="Matrix">
                      -0.9770309900,  113.69900e-09,   0.0000000000,
                     -113.69900e-09,  -0.9770309900,   0.2130959900,
                      24.228701e-09,   0.2082020000,   0.9545900200
                  </Orientation>
                  <Position type="Vector">-0.364737, -0.294626, 3.1812</Position>
               </HpMine01>
               <HpThruster01>
                  <Orientation type="Matrix">
                      -0.9998477700,   0.0173861350,   0.0015210897,
                      -0.0174525450,  -0.9960429700,  -0.0871424750,
                       0.0000000000,  -0.0871557520,   0.9961947200
                  </Orientation>
                  <Position type="Vector">0, 0.54071099, 3.8</Position>
               </HpThruster01>
               <HpTractor_Source>
                  <Orientation type="Matrix">
                      -0.9992030300, -100.45800e-09,   0.0000000000,
                      100.45800e-09,  -0.9992030300,  -0.0399184000,
                      4.0101100e-09,  -0.0398866010,   0.9984070100
                  </Orientation>
                  <Position type="Vector">-0.051509101, -0.83801901, -7.7245202</Position>
               </HpTractor_Source>
               <HpConTrail01>
                  <Orientation type="Matrix">
                       0.7876640000,   0.6153969800,   0.0000000000,
                      -0.6153969800,   0.7876640000,   0.0295183990,
                       0.0181655010,  -0.0232506000,   0.9991290000
                  </Orientation>
                  <Position type="Vector">5.69664, 0.83817101, 6.1421499</Position>
               </HpConTrail01>
               <HpRunningLight01>
                  <Orientation type="Matrix">
                       0.8855730300,   0.4284910000,   0.0000000000,
                      -0.4284910000,   0.8855730300,   0.1793180000,
                       0.0768364000,  -0.1588000000,   0.9678450200
                  </Orientation>
                  <Position type="Vector">-0.0091809696, 2.5312901, 1.28289</Position>
               </HpRunningLight01>
               <HpDockLight01>
                  <Orientation type="Matrix">
                       0.3115760100,   0.9487659900,   0.0000000000,
                      -0.9487659900,   0.3115760100,   0.0525625980,
                       0.0498696010,  -0.0163771990,   0.9972370300
                  </Orientation>
                  <Position type="Vector">1.15976, 1.08306, -0.13933501</Position>
               </HpDockLight01>
               <HpPilot>
                  <Orientation type="Matrix">
                       1.0000000000,   0.0000000000,   0.0000000000,
                       0.0000000000,   0.9563050300,  -0.2923719900,
                       0.0000000000,   0.2923719900,   0.9563050300
                  </Orientation>
                  <Position type="Vector">-0.0091816196, 0.8, -3.9</Position>
               </HpPilot>
               <HpCM01>
                  <Orientation type="Matrix">
                      -0.9770309900,  113.18400e-09,   0.0000000000,
                     -113.18400e-09,  -0.9770309900,   0.2130959900,
                      24.119100e-09,   0.2082020000,   0.9545900200
                  </Orientation>
                  <Position type="Vector">0.36330599, -0.294626, 3.1812</Position>
               </HpCM01>
               <HpConTrail02>
                  <Orientation type="Matrix">
                       0.7876679900,  -0.6153929800,   0.0000000000,
                       0.6153929800,   0.7876679900,   0.0295167010,
                      -0.0181644000,  -0.0232494010,   0.9991290000
                  </Orientation>
                  <Position type="Vector">-5.69807, 0.83817101, 6.1421499</Position>
               </HpConTrail02>
               <HpDockLight02>
                  <Orientation type="Matrix">
                       0.3115760100,  -0.9487659900,   0.0000000000,
                       0.9487659900,   0.3115760100,   0.0525624010,
                      -0.0498695000,  -0.0163771990,   0.9972370300
                  </Orientation>
                  <Position type="Vector">-1.16119, 1.08306, -0.13933501</Position>
               </HpDockLight02>
               <HpRunningLight02>
                  <Orientation type="Matrix">
                       0.3890200000,  -0.3039349900,   0.0000000000,
                       0.3039349900,   0.3890200000,   0.8696470300,
                      -0.2643170100,  -0.3383100000,   0.2437130100
                  </Orientation>
                  <Position type="Vector">-5.6811399, 0.90589601, 6.2014098</Position>
               </HpRunningLight02>
               <HpRunningLight03>
                  <Orientation type="Matrix">
                       0.3890200000,   0.3039390100,   0.0000000000,
                      -0.3039390100,   0.3890200000,   0.8696460100,
                       0.2643190000,  -0.3383100000,   0.2437150000
                  </Orientation>
                  <Position type="Vector">5.6797099, 0.90589601, 6.2014098</Position>
               </HpRunningLight03>
               <HpRunningLight04>
                  <Orientation type="Matrix">
                      -0.4936839900,   0.0000000000,   0.0000000000,
                       0.0000000000,  -0.4936839900,   0.8696410100,
                       0.0000000000,   0.4293279900,   0.2437240000
                  </Orientation>
                  <Position type="Vector">1.43844, -3.16606, 7.53474</Position>
               </HpRunningLight04>
               <HpRunningLight05>
                  <Orientation type="Matrix">
                      -0.4936730000,  6.4133101e-06,   0.0000000000,
                     -6.4133101e-06,  -0.4936730000,   0.8696479800,
                      5.5773198e-06,   0.4293209900,   0.2437130100
                  </Orientation>
                  <Position type="Vector">-1.43987, -3.16606, 7.53474</Position>
               </HpRunningLight05>
               <Hpxx01>
                  <Orientation type="Matrix">
                       1.0000000000,   0.0000000000,   0.0000000000,
                       0.0000000000,   1.0000000000,   0.0000000000,
                       0.0000000000,   0.0000000000,   1.0000000000
                  </Orientation>
                  <Position type="Vector">0, 0, 0</Position>
               </Hpxx01>
               <Hpxx02>
                  <Orientation type="Matrix">
                       1.0000000000,   0.0000000000,   0.0000000000,
                       0.0000000000,   1.0000000000,   0.0000000000,
                       0.0000000000,   0.0000000000,   1.0000000000
                  </Orientation>
                  <Position type="Vector">0, 0, 0</Position>
               </Hpxx02>
               <Hpxx03>
                  <Orientation type="Matrix">
                       1.0000000000,   0.0000000000,   0.0000000000,
                       0.0000000000,   1.0000000000,   0.0000000000,
                       0.0000000000,   0.0000000000,   1.0000000000
                  </Orientation>
                  <Position type="Vector">0, 0, 0</Position>
               </Hpxx03>
               <Hpxx04>
                  <Orientation type="Matrix">
                       1.0000000000,   0.0000000000,   0.0000000000,
                       0.0000000000,   1.0000000000,   0.0000000000,
                       0.0000000000,   0.0000000000,   1.0000000000
                  </Orientation>
                  <Position type="Vector">0, 0, 0</Position>
               </Hpxx04>
               <HpBayDoor01>
                  <Orientation type="Matrix">
                       1.0000000000,   0.0000000000,   0.0000000000,
                       0.0000000000,   1.0000000000,   0.0000000000,
                       0.0000000000,   0.0000000000,   1.0000000000
                  </Orientation>
                  <Position type="Vector">0, -0.1, -1.4</Position>
               </HpBayDoor01>
               <HpBayDoor02>
                  <Orientation type="Matrix">
                       1.0000000000,   0.0000000000,   0.0000000000,
                       0.0000000000,   1.0000000000,   0.0000000000,
                       0.0000000000,   0.0000000000,   1.0000000000
                  </Orientation>
                  <Position type="Vector">0, -2.1, -1.4</Position>
               </HpBayDoor02>
               <HpThruster02>
                  <Orientation type="Matrix">
                       1.0000000000,   0.0000000000,   0.0000000000,
                       0.0000000000,   1.0000000000,   0.0000000000,
                       0.0000000000,   0.0000000000,   1.0000000000
                  </Orientation>
                  <Position type="Vector">0, 0.56099898, 3.7</Position>
               </HpThruster02>
               <Hpxx05>
                  <Orientation type="Matrix">
                       1.0000000000,   0.0000000000,   0.0000000000,
                       0.0000000000,   1.0000000000,   0.0000000000,
                       0.0000000000,   0.0000000000,   1.0000000000
                  </Orientation>
                  <Position type="Vector">0, 0, 0</Position>
               </Hpxx05>
               <Hpxx06>
                  <Orientation type="Matrix">
                       1.0000000000,   0.0000000000,   0.0000000000,
                       0.0000000000,   1.0000000000,   0.0000000000,
                       0.0000000000,   0.0000000000,   1.0000000000
                  </Orientation>
                  <Position type="Vector">0, 0, 0</Position>
               </Hpxx06>
               <Hpxx07>
                  <Orientation type="Matrix">
                       1.0000000000,   0.0000000000,   0.0000000000,
                       0.0000000000,   1.0000000000,   0.0000000000,
                       0.0000000000,   0.0000000000,   1.0000000000
                  </Orientation>
                  <Position type="Vector">0, 0, 0</Position>
               </Hpxx07>
               <Hpnew01>
                  <Orientation type="Matrix">
                       1.0000000000,   0.0000000000,   0.0000000000,
                       0.0000000000,   1.0000000000,   0.0000000000,
                       0.0000000000,   0.0000000000,   1.0000000000
                  </Orientation>
                  <Position type="Vector">0, 0, 0</Position>
               </Hpnew01>
               <Hpnew02>
                  <Orientation type="Matrix">
                       1.0000000000,   0.0000000000,   0.0000000000,
                       0.0000000000,   1.0000000000,   0.0000000000,
                       0.0000000000,   0.0000000000,   1.0000000000
                  </Orientation>
                  <Position type="Vector">0, 0, 0</Position>
               </Hpnew02>
               <Hpnew03>
                  <Orientation type="Matrix">
                       1.0000000000,   0.0000000000,   0.0000000000,
                       0.0000000000,   1.0000000000,   0.0000000000,
                       0.0000000000,   0.0000000000,   1.0000000000
                  </Orientation>
                  <Position type="Vector">0, 0, 0</Position>
               </Hpnew03>
               <HpCloak01>
                  <Orientation type="Matrix">
                       1.0000000000,   0.0000000000,   0.0000000000,
                       0.0000000000,   1.0000000000,   0.0000000000,
                       0.0000000000,   0.0000000000,   1.0000000000
                  </Orientation>
                  <Position type="Vector">0, 0, 0</Position>
               </HpCloak01>
            </Fixed>
            <Revolute>
               <HpWeapon01>
                  <Axis type="Vector">0, 1, 0</Axis>
                  <Max type="float">0.76794487</Max>
                  <Min type="float">-0.78539819</Min>
                  <Orientation type="Matrix">
                      -1.0000000000, -87.427907e-09,   0.0000000000,
                      87.427907e-09,  -1.0000000000,  -0.0000000000,
                       0.0000000000,   0.0000000000,   1.0000000000
                  </Orientation>
                  <Position type="Vector">0.006869, -1.376701, -6.712821</Position>
               </HpWeapon01>
               <HpTurret01>
                  <Axis type="Vector">0, 1, 0</Axis>
                  <Max type="float">6.2657318</Max>
                  <Min type="float">-6.2657318</Min>
                  <Orientation type="Matrix">
                       1.0000000000,   0.0000000000,  -0.0000000000,
                      -0.0000000000,   0.9925461400,  -0.1218693500,
                       0.0000000000,   0.1218693500,   0.9925461400
                  </Orientation>
                  <Position type="Vector">0.005335, 1.612105, 1.93433</Position>
               </HpTurret01>
               <HpTorpedo01>
                  <Axis type="Vector">0, 1, 0</Axis>
                  <Max type="float">0.76794487</Max>
                  <Min type="float">-0.78539819</Min>
                  <Orientation type="Matrix">
                      -0.9998475900,  -0.0174285420, -913.39112e-06,
                       0.0174524580,  -0.9984773400,  -0.0523279870,
                       0.0000000000,  -0.0523359590,   0.9986295100
                  </Orientation>
                  <Position type="Vector">0.63750201, -0.96016401, -7.962502</Position>
               </HpTorpedo01>
               <HpTorpedo02>
                  <Axis type="Vector">0, 1, 0</Axis>
                  <Max type="float">0.76794487</Max>
                  <Min type="float">-0.78539819</Min>
                  <Orientation type="Matrix">
                      -0.9998475900,   0.0174285420,  913.39112e-06,
                      -0.0174524580,  -0.9984773400,  -0.0523279870,
                       0.0000000000,  -0.0523359590,   0.9986295100
                  </Orientation>
                  <Position type="Vector">-0.54394001, -0.95552403, -7.9915409</Position>
               </HpTorpedo02>
               <HpWeapon04>
                  <Axis type="Vector">0, 1, 0</Axis>
                  <Max type="float">0.76794487</Max>
                  <Min type="float">-0.78539819</Min>
                  <Orientation type="Matrix">
                       1.0000000000,   0.0000000000,   0.0000000000,
                       0.0000000000,   1.0000000000,   0.0000000000,
                       0.0000000000,   0.0000000000,   1.0000000000
                  </Orientation>
                  <Position type="Vector">-3.487932, -0.220476, -0.58553302</Position>
               </HpWeapon04>
               <HpWeapon05>
                  <Axis type="Vector">0, 1, 0</Axis>
                  <Max type="float">0.76794487</Max>
                  <Min type="float">-0.78539819</Min>
                  <Orientation type="Matrix">
                       1.0000000000,   0.0000000000,   0.0000000000,
                       0.0000000000,   1.0000000000,   0.0000000000,
                       0.0000000000,   0.0000000000,   1.0000000000
                  </Orientation>
                  <Position type="Vector">3.517657, -0.220476, -0.59658903</Position>
               </HpWeapon05>
               <HpWeapon02>
                  <Axis type="Vector">0, 1, 0</Axis>
                  <Max type="float">0.76794487</Max>
                  <Min type="float">-0.78539819</Min>
                  <Orientation type="Matrix">
                       0.3746067900,   0.9202727100,   0.1129952800,
                      -0.9271837500,   0.3718144900,   0.0456530750,
                     -3.7252903e-09,  -0.1218693400,   0.9925461400
                  </Orientation>
                  <Position type="Vector">1.707846, -0.55, -5.47</Position>
               </HpWeapon02>
               <HpWeapon03>
                  <Axis type="Vector">0, 1, 0</Axis>
                  <Max type="float">0.76794487</Max>
                  <Min type="float">-0.78539819</Min>
                  <Orientation type="Matrix">
                       0.3746067900,  -0.9202727100,  -0.1129952800,
                       0.9271837500,   0.3718144900,   0.0456530750,
                      3.7252903e-09,  -0.1218693400,   0.9925461400
                  </Orientation>
                  <Position type="Vector">-1.696527, -0.55, -5.47</Position>
               </HpWeapon03>
               <HpWeapon06>
                  <Axis type="Vector">0, 1, 0</Axis>
                  <Max type="float">0.78539819</Max>
                  <Min type="float">-0.78539819</Min>
                  <Orientation type="Matrix">
                      -1.0000000000, -87.422777e-09,   0.0000000000,
                      87.422777e-09,  -1.0000000000,  -0.0000000000,
                       0.0000000000,   0.0000000000,   1.0000000000
                  </Orientation>
                  <Position type="Vector">3.481365, -0.783912, -0.581918</Position>
               </HpWeapon06>
               <HpWeapon07>
                  <Axis type="Vector">0, 1, 0</Axis>
                  <Max type="float">0.78539819</Max>
                  <Min type="float">-0.78539819</Min>
                  <Orientation type="Matrix">
                      -1.0000000000, -87.422777e-09,   0.0000000000,
                      87.422777e-09,  -1.0000000000,  -0.0000000000,
                       0.0000000000,   0.0000000000,   1.0000000000
                  </Orientation>
                  <Position type="Vector">-3.482513, -0.783912, -0.587152</Position>
               </HpWeapon07>
            </Revolute>
         </Hardpoints>
         <MultiLevel>
            <Level0>
               <VMeshPart>
                  <VMeshRef type="VMeshRef">
                     <!-- header size  --> 60,
                     <!-- vmesh lib    --> advdrake001.lod0.vms,
                     <!-- start vert   --> 0,
                     <!-- num verts    --> 2524,
                     <!-- start index  --> 0,
                     <!-- num indices  --> 5013,
                     <!-- start mesh   --> 0,
                     <!-- num meshes   --> 12,
                     <!-- bounding box -->    7.5753531,  3.3134053,   7.7757668,
                                             -7.5763259, -3.755919,   -9.3173771,
                     <!-- center       --> -486.3739e-6, -0.22125685, -0.77080512,
                     <!-- radius       --> 15.728217
                  </VMeshRef>
               </VMeshPart>
            </Level0>
         </MultiLevel>
      </advdrake001.3db>
   </UTF_ROOT>
</UTFXML>
