<?xml version="1.0" encoding="ISO-8859-1"?>
<!-- XML generated by UTFXML Version 2.2 built 19-Aug-2010 -->
<UTFXML filename="transport_small.cmp" path="SHIPS\UTILITY\TRANSPORT_SMALL">
   <UTF_ROOT>
      <VMeshLibrary>
         <data.ships.utility.transport_small.transport_small.lod0-112.vms include="transport_small_cmp\lod0-112.vms.xml"/>
         <data.ships.utility.transport_small.transport_small.lod0-212.vms include="transport_small_cmp\lod0-212.vms.xml"/>
         <data.ships.utility.transport_small.transport_small.lod1-112.vms include="transport_small_cmp\lod1-112.vms.xml"/>
         <data.ships.utility.transport_small.transport_small.lod1-212.vms include="transport_small_cmp\lod1-212.vms.xml"/>
         <data.ships.utility.transport_small.transport_small.lod2-112.vms include="transport_small_cmp\lod2-112.vms.xml"/>
         <data.ships.utility.transport_small.transport_small.lod2-212.vms include="transport_small_cmp\lod2-212.vms.xml"/>
      </VMeshLibrary>
      <Cmpnd>
         <Cons>
            <Fix type="Fix" count="7">
               <part>
                  <!-- parent      --> "Root",
                  <!-- child       --> "trans_rear_lod1",
                  <!-- position    --> -13.573989e-6, -5.1781921, 38.181503,
                  <!-- orientation -->   1.0000000000,  26.434524e-09,  37.336214e-09,
                                       -26.434524e-09,   1.0000000000,  736.93496e-12,
                                       -37.336214e-09, -736.93596e-12,   1.0000000000
               </part>
               <part>
                  <!-- parent      --> "trans_rear_lod1",
                  <!-- child       --> "trans_eng_lod1",
                  <!-- position    --> -1.5836042e-6, -1.2907511, 10.38567,
                  <!-- orientation -->   1.0000000000,  4.4333285e-15, -2.4238960e-15,
                                       -4.4333285e-15,   1.0000000000, -2.6407995e-15,
                                        2.4238960e-15,  2.6407995e-15,   1.0000000000
               </part>
               <part>
                  <!-- parent      --> "trans_rear_lod1",
                  <!-- child       --> "trans_tail_fin_lod1",
                  <!-- position    --> 0.013938968, -19.220535, 15.557424,
                  <!-- orientation -->   1.0000000000,  59.604645e-09, -44.703487e-09,
                                       -59.604645e-09,   1.0000000000, -7.9873420e-15,
                                        44.703487e-09,  10.651877e-15,   1.0000000000
               </part>
               <part>
                  <!-- parent      --> "Root",
                  <!-- child       --> "trans_frnt_lod1",
                  <!-- position    --> -11.129585e-6, -1.8037554, -36.137299,
                  <!-- orientation -->   1.0000000000,  5.6818585e-09,  43.370015e-09,
                                       -5.6818585e-09,   1.0000000000, -311.77674e-12,
                                       -43.370015e-09,  311.77649e-12,   1.0000000000
               </part>
               <part>
                  <!-- parent      --> "trans_frnt_lod1",
                  <!-- child       --> "trans_star_eng_lod1",
                  <!-- position    --> 9.5539885, -3.4776783, 0.1891598,
                  <!-- orientation -->   1.0000000000,  1.5218309e-15, -17.666434e-18,
                                       -1.5218309e-15,   1.0000000000,  2.7091282e-15,
                                        17.666434e-18, -2.7091282e-15,   1.0000000000
               </part>
               <part>
                  <!-- parent      --> "trans_frnt_lod1",
                  <!-- child       --> "trans_cntrl_twr_lod1",
                  <!-- position    --> -1.7380399e-6, 6.0151014, -2.2496941,
                  <!-- orientation -->   1.0000000000, -59.604645e-09,  44.703476e-09,
                                        59.604645e-09,   1.0000000000,  7.1279550e-15,
                                       -44.703476e-09, -4.4634202e-15,   1.0000000000
               </part>
               <part>
                  <!-- parent      --> "trans_frnt_lod1",
                  <!-- child       --> "trans_port_eng_lod1",
                  <!-- position    --> -9.5539913, -3.4776745, 0.18916604,
                  <!-- orientation -->   1.0000000000,  8.6272584e-15, -17.666434e-18,
                                       -8.6272584e-15,   1.0000000000,  2.7091282e-15,
                                        17.666434e-18, -2.7091282e-15,   1.0000000000
               </part>
            </Fix>
         </Cons>
         <Part_trans_cntrl_twr_lod1>
            <File_name name="File name" type="text">trans_cntrl_twr_lod1020926171905.3db</File_name>
            <Index type="int">6</Index>
            <Object_name name="Object name" type="text">trans_cntrl_twr_lod1</Object_name>
         </Part_trans_cntrl_twr_lod1>
         <Part_trans_eng_lod1>
            <File_name name="File name" type="text">trans_eng_lod1020926171905.3db</File_name>
            <Index type="int">2</Index>
            <Object_name name="Object name" type="text">trans_eng_lod1</Object_name>
         </Part_trans_eng_lod1>
         <Part_trans_frnt_lod1>
            <File_name name="File name" type="text">trans_frnt_lod1020926171905.3db</File_name>
            <Index type="int">4</Index>
            <Object_name name="Object name" type="text">trans_frnt_lod1</Object_name>
         </Part_trans_frnt_lod1>
         <Part_trans_port_eng_lod1>
            <File_name name="File name" type="text">trans_port_eng_lod1020926171905.3db</File_name>
            <Index type="int">7</Index>
            <Object_name name="Object name" type="text">trans_port_eng_lod1</Object_name>
         </Part_trans_port_eng_lod1>
         <Part_trans_rear_lod1>
            <File_name name="File name" type="text">trans_rear_lod1020926171905.3db</File_name>
            <Index type="int">1</Index>
            <Object_name name="Object name" type="text">trans_rear_lod1</Object_name>
         </Part_trans_rear_lod1>
         <Part_trans_star_eng_lod1>
            <File_name name="File name" type="text">trans_star_eng_lod1020926171905.3db</File_name>
            <Index type="int">5</Index>
            <Object_name name="Object name" type="text">trans_star_eng_lod1</Object_name>
         </Part_trans_star_eng_lod1>
         <Part_trans_tail_fin_lod1>
            <File_name name="File name" type="text">trans_tail_fin_lod1020926171905.3db</File_name>
            <Index type="int">3</Index>
            <Object_name name="Object name" type="text">trans_tail_fin_lod1</Object_name>
         </Part_trans_tail_fin_lod1>
         <Root>
            <File_name name="File name" type="text">trans_lod1020926171905.3db</File_name>
            <Index type="int">0</Index>
            <Object_name name="Object name" type="text">Root</Object_name>
         </Root>
      </Cmpnd>
      <Exporter_Version name="Exporter Version" type="text">Aug 24 2002 12:33:14</Exporter_Version>
      <trans_cntrl_twr_lod1020926171905.3db>
         <Hardpoints>
            <Fixed>
               <HpFx01>
                  <Orientation type="Matrix">
                       1.0000000000, -193.27643e-09, -44.703491e-09,
                      193.27643e-09,   1.0000000000, -1.6510616e-15,
                      44.703491e-09, -6.9890696e-15,   1.0000000000
                  </Orientation>
                  <Position type="Vector">-0.03998271, 0.22245854, -11.75891</Position>
               </HpFx01>
               <HpFx02>
                  <Orientation type="Matrix">
                       1.0000000000, -193.27643e-09, -44.703491e-09,
                      193.27643e-09,   1.0000000000, -1.6510616e-15,
                      44.703491e-09, -6.9890696e-15,   1.0000000000
                  </Orientation>
                  <Position type="Vector">-0.039983869, 3.9269943, -1.8704211</Position>
               </HpFx02>
               <HpFx03>
                  <Orientation type="Matrix">
                       1.0000000000, -193.27643e-09, -44.703491e-09,
                      193.27643e-09,   1.0000000000, -1.6510616e-15,
                      44.703491e-09, -6.9890696e-15,   1.0000000000
                  </Orientation>
                  <Position type="Vector">-0.039981127, -11.998319, 5.6358294</Position>
               </HpFx03>
               <HpFx04>
                  <Orientation type="Matrix">
                       1.0000000000, -193.27643e-09, -44.703491e-09,
                      193.27643e-09,   1.0000000000, -1.6510616e-15,
                      44.703491e-09, -6.9890696e-15,   1.0000000000
                  </Orientation>
                  <Position type="Vector">-0.039984256, 2.5581782, 12.793094</Position>
               </HpFx04>
            </Fixed>
            <Revolute>
               <HpTurret_U1_04>
                  <Axis type="Vector">0, 1, 0</Axis>
                  <Max type="float">6.2831855</Max>
                  <Min type="float">-6.2831855</Min>
                  <Orientation type="Matrix">
                       1.0000000000, -193.27643e-09, -44.703491e-09,
                      193.27643e-09,   1.0000000000, -1.6510616e-15,
                      44.703491e-09, -6.9890696e-15,   1.0000000000
                  </Orientation>
                  <Position type="Vector">-0.039983932, 3.2906508, 2.376344</Position>
               </HpTurret_U1_04>
            </Revolute>
         </Hardpoints>
         <VMeshWire include="transport_small_cmp\trans_cntrl_twr_lod1.vwd.xml"/>
         <MultiLevel>
            <Level0>
               <VMeshPart>
                  <VMeshRef type="VMeshRef">
                     <!-- header size  --> 60,
                     <!-- vmesh lib    --> data.ships.utility.transport_small.transport_small.lod0-212.vms,
                     <!-- start vert   --> 2194,
                     <!-- num verts    --> 229,
                     <!-- start index  --> 3432,
                     <!-- num indices  --> 384,
                     <!-- start mesh   --> 17,
                     <!-- num meshes   --> 4,
                     <!-- bounding box -->  8.5961866,   3.5535598,   6.2721934,
                                           -8.5961876,  -3.5535593,  -6.2721944,
                     <!-- center       -->  0.34849015, -0.77044928,  0.26950762,
                     <!-- radius       --> 11.123734
                  </VMeshRef>
               </VMeshPart>
            </Level0>
            <Level1>
               <VMeshPart>
                  <VMeshRef type="VMeshRef">
                     <!-- header size  --> 60,
                     <!-- vmesh lib    --> data.ships.utility.transport_small.transport_small.lod1-212.vms,
                     <!-- start vert   --> 984,
                     <!-- num verts    --> 107,
                     <!-- start index  --> 1650,
                     <!-- num indices  --> 216,
                     <!-- start mesh   --> 13,
                     <!-- num meshes   --> 4,
                     <!-- bounding box -->  8.5961866,   3.5535598,   6.2721934,
                                           -8.5961876,  -3.5535593,  -6.2721944,
                     <!-- center       -->  0.34849015, -0.77044928,  0.26950762,
                     <!-- radius       --> 11.123734
                  </VMeshRef>
               </VMeshPart>
            </Level1>
            <Level2>
               <VMeshPart>
                  <VMeshRef type="VMeshRef">
                     <!-- header size  --> 60,
                     <!-- vmesh lib    --> data.ships.utility.transport_small.transport_small.lod2-212.vms,
                     <!-- start vert   --> 551,
                     <!-- num verts    --> 73,
                     <!-- start index  --> 747,
                     <!-- num indices  --> 132,
                     <!-- start mesh   --> 4,
                     <!-- num meshes   --> 1,
                     <!-- bounding box -->  8.5961866,   3.5535598,   6.2721934,
                                           -8.5961876,  -3.5535593,  -6.2721944,
                     <!-- center       -->  0.34849015, -0.77044928,  0.26950762,
                     <!-- radius       --> 11.123734
                  </VMeshRef>
               </VMeshPart>
            </Level2>
            <Switch2 type="float array" count="4">
               0,
               100,
               1000,
               1000000
            </Switch2>
         </MultiLevel>
      </trans_cntrl_twr_lod1020926171905.3db>
      <trans_eng_lod1020926171905.3db>
         <Hardpoints>
            <Fixed>
               <HpEngine01>
                  <Orientation type="Matrix">
                       1.0000000000,  7.1658119e-09,  80.958095e-09,
                     -7.1658137e-09,   1.0000000000,  24.497341e-09,
                     -80.958095e-09, -24.497341e-09,   1.0000000000
                  </Orientation>
                  <Position type="Vector">-2.2032536e-6, 3.7645345, -3.7982292</Position>
               </HpEngine01>
               <HpEngine02>
                  <Orientation type="Matrix">
                       1.0000000000,  7.1658119e-09,  80.958095e-09,
                     -7.1658137e-09,   1.0000000000,  24.497341e-09,
                     -80.958095e-09, -24.497341e-09,   1.0000000000
                  </Orientation>
                  <Position type="Vector">-8.7090597, -2.0510907, 1.2628046</Position>
               </HpEngine02>
               <HpEngine03>
                  <Orientation type="Matrix">
                       1.0000000000,  7.1658119e-09,  80.958095e-09,
                     -7.1658137e-09,   1.0000000000,  24.497341e-09,
                     -80.958095e-09, -24.497341e-09,   1.0000000000
                  </Orientation>
                  <Position type="Vector">8.5177202, -2.0510955, 1.2627982</Position>
               </HpEngine03>
               <HpRunningLight06>
                  <Orientation type="Matrix">
                       1.0000000000, -127.91395e-09,  127.95410e-09,
                     -127.91394e-09,  -1.0000000000, -59.287029e-09,
                      127.95411e-09,  59.287011e-09,  -1.0000000000
                  </Orientation>
                  <Position type="Vector">-5.6379409, -2.1466691, 8.2298765</Position>
               </HpRunningLight06>
               <HpRunningLight07>
                  <Orientation type="Matrix">
                       1.0000000000, -127.91395e-09,  127.95410e-09,
                     -127.91394e-09,  -1.0000000000, -59.287029e-09,
                      127.95411e-09,  59.287011e-09,  -1.0000000000
                  </Orientation>
                  <Position type="Vector">5.7098827, -2.146673, 8.2298698</Position>
               </HpRunningLight07>
            </Fixed>
         </Hardpoints>
         <VMeshWire include="transport_small_cmp\trans_eng_lod1.vwd.xml"/>
         <MultiLevel>
            <Level0>
               <VMeshPart>
                  <VMeshRef type="VMeshRef">
                     <!-- header size  --> 60,
                     <!-- vmesh lib    --> data.ships.utility.transport_small.transport_small.lod0-212.vms,
                     <!-- start vert   --> 1978,
                     <!-- num verts    --> 216,
                     <!-- start index  --> 3114,
                     <!-- num indices  --> 318,
                     <!-- start mesh   --> 13,
                     <!-- num meshes   --> 4,
                     <!-- bounding box -->  12.263815,   6.3394809,   7.9389157,
                                           -12.263815,  -6.3394809,  -9.6835041,
                     <!-- center       -->   0.1271635, -0.52676314, -0.73719573,
                     <!-- radius       --> 13.737077
                  </VMeshRef>
               </VMeshPart>
            </Level0>
            <Level1>
               <VMeshPart>
                  <VMeshRef type="VMeshRef">
                     <!-- header size  --> 60,
                     <!-- vmesh lib    --> data.ships.utility.transport_small.transport_small.lod1-212.vms,
                     <!-- start vert   --> 906,
                     <!-- num verts    --> 78,
                     <!-- start index  --> 1548,
                     <!-- num indices  --> 102,
                     <!-- start mesh   --> 11,
                     <!-- num meshes   --> 2,
                     <!-- bounding box -->  12.263815,   6.3394809,   7.9389157,
                                           -12.263815,  -6.3394809,  -9.6835041,
                     <!-- center       -->   0.1271635, -0.52676314, -0.73719573,
                     <!-- radius       --> 13.737077
                  </VMeshRef>
               </VMeshPart>
            </Level1>
            <Level2>
               <VMeshPart>
                  <VMeshRef type="VMeshRef">
                     <!-- header size  --> 60,
                     <!-- vmesh lib    --> data.ships.utility.transport_small.transport_small.lod2-212.vms,
                     <!-- start vert   --> 479,
                     <!-- num verts    --> 72,
                     <!-- start index  --> 651,
                     <!-- num indices  --> 96,
                     <!-- start mesh   --> 3,
                     <!-- num meshes   --> 1,
                     <!-- bounding box -->  12.263815,   6.3394809,   7.9389157,
                                           -12.263815,  -6.3394809,  -9.6835041,
                     <!-- center       -->   0.1271635, -0.52676314, -0.73719573,
                     <!-- radius       --> 13.737077
                  </VMeshRef>
               </VMeshPart>
            </Level2>
            <Switch2 type="float array" count="4">
               0,
               100,
               1000,
               1000000
            </Switch2>
         </MultiLevel>
      </trans_eng_lod1020926171905.3db>
      <trans_frnt_lod1020926171905.3db>
         <Hardpoints>
            <Fixed>
               <DpCntrl_twr>
                  <Orientation type="Matrix">
                       1.0000000000, -15.217429e-09, -186.19842e-09,
                      15.217411e-09,   1.0000000000, -92.705051e-09,
                      186.19842e-09,  92.705051e-09,   1.0000000000
                  </Orientation>
                  <Position type="Vector">-0.21205698, 2.4820948, -1.9714123</Position>
               </DpCntrl_twr>
               <DpFrnt>
                  <Orientation type="Matrix">
                       1.0000000000, -88.758320e-09, -140.50454e-09,
                     -140.50455e-09, -115.15075e-09,  -1.0000000000,
                      88.758306e-09,   1.0000000000, -115.15076e-09
                  </Orientation>
                  <Position type="Vector">-0.21206005, 6.3701982, 18.677126</Position>
               </DpFrnt>
               <DpPort_eng>
                  <Orientation type="Matrix">
                       0.4848093700,  -0.8746198400,  98.558573e-09,
                      -0.8746198400,  -0.4848093700,  145.78742e-09,
                     -79.726455e-09, -156.88039e-09,  -1.0000000000
                  </Orientation>
                  <Position type="Vector">-6.6233935, -2.3225932, 0.16754086</Position>
               </DpPort_eng>
               <DpStar_eng>
                  <Orientation type="Matrix">
                      -0.4848091900,   0.8746199600,  66.097428e-09,
                      -0.8746199600,  -0.4848091900, -145.65261e-09,
                     -95.346039e-09, -128.42385e-09,   1.0000000000
                  </Orientation>
                  <Position type="Vector">6.6091433, -2.3225925, 0.16754183</Position>
               </DpStar_eng>
               <HpHeadlight01>
                  <Orientation type="Matrix">
                       1.0000000000,  8.6272584e-15, -17.666434e-18,
                     -8.6272584e-15,   1.0000000000,  2.7091282e-15,
                      17.666434e-18, -2.7091282e-15,   1.0000000000
                  </Orientation>
                  <Position type="Vector">-2.906781, 1.0577191, -19.166958</Position>
               </HpHeadlight01>
               <HpHeadlight02>
                  <Orientation type="Matrix">
                       1.0000000000,  1.5218309e-15, -17.666434e-18,
                     -1.5218309e-15,   1.0000000000,  2.7091282e-15,
                      17.666434e-18, -2.7091282e-15,   1.0000000000
                  </Orientation>
                  <Position type="Vector">2.8625731, 1.0577154, -19.166962</Position>
               </HpHeadlight02>
               <HpTractor_Source>
                  <Orientation type="Matrix">
                       1.0000000000,  1.5218309e-15, -17.666434e-18,
                     -1.5218309e-15,   1.0000000000,  2.7091282e-15,
                      17.666434e-18, -2.7091282e-15,   1.0000000000
                  </Orientation>
                  <Position type="Vector">2.8625731, 1.0577154, -19.166962</Position>
               </HpTractor_Source>
            </Fixed>
            <Revolute>
               <HpTurret_U3_01>
                  <Axis type="Vector">0, 1, 0</Axis>
                  <Max type="float">2.61799</Max>
                  <Min type="float">-2.61801</Min>
                  <Orientation type="Matrix">
                      -1.0000000000,  3.1985135e-09, -186.09434e-09,
                     -3.1984961e-09,  -1.0000000000, -92.975355e-09,
                     -186.09434e-09, -92.975355e-09,   1.0000000000
                  </Orientation>
                  <Position type="Vector">-0.21205722, -8.0622101, 0.11547385</Position>
               </HpTurret_U3_01>
            </Revolute>
         </Hardpoints>
         <VMeshWire include="transport_small_cmp\trans_frnt_lod1.vwd.xml"/>
         <MultiLevel>
            <Level0>
               <VMeshPart>
                  <VMeshRef type="VMeshRef">
                     <!-- header size  --> 60,
                     <!-- vmesh lib    --> data.ships.utility.transport_small.transport_small.lod0-212.vms,
                     <!-- start vert   --> 1623,
                     <!-- num verts    --> 355,
                     <!-- start index  --> 2556,
                     <!-- num indices  --> 558,
                     <!-- start mesh   --> 8,
                     <!-- num meshes   --> 5,
                     <!-- bounding box -->  8.9956951,   8.0123367,  18.977505,
                                           -8.9956942,  -8.0123367, -18.977505,
                     <!-- center       -->  0.17960361,  0.421747,    0.73903346,
                     <!-- radius       --> 20.171413
                  </VMeshRef>
               </VMeshPart>
            </Level0>
            <Level1>
               <VMeshPart>
                  <VMeshRef type="VMeshRef">
                     <!-- header size  --> 60,
                     <!-- vmesh lib    --> data.ships.utility.transport_small.transport_small.lod1-212.vms,
                     <!-- start vert   --> 682,
                     <!-- num verts    --> 224,
                     <!-- start index  --> 1236,
                     <!-- num indices  --> 312,
                     <!-- start mesh   --> 6,
                     <!-- num meshes   --> 5,
                     <!-- bounding box -->  8.9956951,   8.0123367,  18.977505,
                                           -8.9956942,  -8.0123367, -18.977505,
                     <!-- center       -->  0.17960361,  0.421747,    0.73903346,
                     <!-- radius       --> 20.171413
                  </VMeshRef>
               </VMeshPart>
            </Level1>
            <Level2>
               <VMeshPart>
                  <VMeshRef type="VMeshRef">
                     <!-- header size  --> 60,
                     <!-- vmesh lib    --> data.ships.utility.transport_small.transport_small.lod2-212.vms,
                     <!-- start vert   --> 361,
                     <!-- num verts    --> 118,
                     <!-- start index  --> 495,
                     <!-- num indices  --> 156,
                     <!-- start mesh   --> 2,
                     <!-- num meshes   --> 1,
                     <!-- bounding box -->  8.9956951,   8.0123367,  18.977505,
                                           -8.9956942,  -8.0123367, -18.977505,
                     <!-- center       -->  0.17960361,  0.421747,    0.73903346,
                     <!-- radius       --> 20.171413
                  </VMeshRef>
               </VMeshPart>
            </Level2>
            <Switch2 type="float array" count="4">
               0,
               100,
               1000,
               1000000
            </Switch2>
         </MultiLevel>
      </trans_frnt_lod1020926171905.3db>
      <trans_lod1020926171905.3db>
         <Hardpoints>
            <Fixed>
               <HpBayDoor01>
                  <Orientation type="Matrix">
                      154.02948e-09,  18.080957e-09,   1.0000000000,
                      119.78562e-09,   1.0000000000, -18.080975e-09,
                      -1.0000000000,  119.78562e-09,  154.02948e-09
                  </Orientation>
                  <Position type="Vector">-14.368455e-6, -6.8142571, -0.36327365</Position>
               </HpBayDoor01>
               <HpBayDoor02>
                  <Orientation type="Matrix">
                      154.02948e-09,  18.080957e-09,   1.0000000000,
                      119.78562e-09,   1.0000000000, -18.080975e-09,
                      -1.0000000000,  119.78562e-09,  154.02948e-09
                  </Orientation>
                  <Position type="Vector">-14.91557e-6, -13.002316, -0.36327434</Position>
               </HpBayDoor02>
               <HpCargo01>
                  <Orientation type="Matrix">
                       1.0000000000,  59.604659e-09, -44.703480e-09,
                     -59.604659e-09,   1.0000000000, -6.1238818e-15,
                      44.703480e-09,  8.7884174e-15,   1.0000000000
                  </Orientation>
                  <Position type="Vector">-15.409778e-6, 1.8055364, 15.182829</Position>
               </HpCargo01>
               <HpCargo02>
                  <Orientation type="Matrix">
                       1.0000000000,  59.604659e-09, -44.703480e-09,
                     -59.604659e-09,   1.0000000000, -6.1238818e-15,
                      44.703480e-09,  8.7884174e-15,   1.0000000000
                  </Orientation>
                  <Position type="Vector">-12.130869e-6, 1.8055419, -15.49844</Position>
               </HpCargo02>
               <HpFx05>
                  <Orientation type="Matrix">
                       1.0000000000, -242.71009e-09,  53.605596e-09,
                      242.71009e-09,   1.0000000000,  53.576543e-12,
                     -53.605596e-09, -53.563532e-12,   1.0000000000
                  </Orientation>
                  <Position type="Vector">-0.039995488, 6.7476749, -9.312458</Position>
               </HpFx05>
               <HpFx06>
                  <Orientation type="Matrix">
                       1.0000000000, -242.71009e-09,  53.605596e-09,
                      242.71009e-09,   1.0000000000,  53.576543e-12,
                     -53.605596e-09, -53.563532e-12,   1.0000000000
                  </Orientation>
                  <Position type="Vector">-0.039994624, 6.725873, 6.6075125</Position>
               </HpFx06>
               <HpMount>
                  <Orientation type="Matrix">
                       1.0000000000,   0.0000000000,   0.0000000000,
                       0.0000000000,   1.0000000000,   0.0000000000,
                       0.0000000000,   0.0000000000,   1.0000000000
                  </Orientation>
                  <Position type="Vector">-8.9533696e-6, -10.001, -60.291698</Position>
               </HpMount>
               <HpShield01>
                  <Orientation type="Matrix">
                       1.0000000000,   0.0000000000,   0.0000000000,
                       0.0000000000,   1.0000000000,   0.0000000000,
                       0.0000000000,   0.0000000000,   1.0000000000
                  </Orientation>
                  <Position type="Vector">0, 0, 0</Position>
               </HpShield01>
               <HpPilot>
                  <Orientation type="Matrix">
                       1.0000000000,   0.0000000000,   0.0000000000,
                       0.0000000000,   1.0000000000,   0.0000000000,
                       0.0000000000,   0.0000000000,   1.0000000000
                  </Orientation>
                  <Position type="Vector">0, 3, -40</Position>
               </HpPilot>
               <HpCM01>
                  <Orientation type="Matrix">
                       1.0000000000,   0.0000000000,   0.0000000000,
                       0.0000000000,   1.0000000000,   0.0000000000,
                       0.0000000000,   0.0000000000,   1.0000000000
                  </Orientation>
                  <Position type="Vector">0, -8.55, 54</Position>
               </HpCM01>
               <HpBayDoor03>
                  <Orientation type="Matrix">
                       1.0000000000,   0.0000000000,   0.0000000000,
                       0.0000000000,   1.0000000000,   0.0000000000,
                       0.0000000000,   0.0000000000,   1.0000000000
                  </Orientation>
                  <Position type="Vector">0, 3, 45</Position>
               </HpBayDoor03>
               <HpBayDoor04>
                  <Orientation type="Matrix">
                       1.0000000000,   0.0000000000,   0.0000000000,
                       0.0000000000,   1.0000000000,   0.0000000000,
                       0.0000000000,   0.0000000000,   1.0000000000
                  </Orientation>
                  <Position type="Vector">0, 3, 47</Position>
               </HpBayDoor04>
               <Hpnew01>
                  <Orientation type="Matrix">
                       1.0000000000,   0.0000000000,   0.0000000000,
                       0.0000000000,   1.0000000000,   0.0000000000,
                       0.0000000000,   0.0000000000,   1.0000000000
                  </Orientation>
                  <Position type="Vector">0, 4, 0</Position>
               </Hpnew01>
               <Hpnew02>
                  <Orientation type="Matrix">
                       1.0000000000,   0.0000000000,   0.0000000000,
                       0.0000000000,   1.0000000000,   0.0000000000,
                       0.0000000000,   0.0000000000,   1.0000000000
                  </Orientation>
                  <Position type="Vector">0, 4, 0</Position>
               </Hpnew02>
               <Hpnew03>
                  <Orientation type="Matrix">
                       1.0000000000,   0.0000000000,   0.0000000000,
                       0.0000000000,   1.0000000000,   0.0000000000,
                       0.0000000000,   0.0000000000,   1.0000000000
                  </Orientation>
                  <Position type="Vector">0, 4, 0</Position>
               </Hpnew03>
            </Fixed>
         </Hardpoints>
         <VMeshWire include="transport_small_cmp\trans_lod1.vwd.xml"/>
         <MultiLevel>
            <Level0>
               <VMeshPart>
                  <VMeshRef type="VMeshRef">
                     <!-- header size  --> 60,
                     <!-- vmesh lib    --> data.ships.utility.transport_small.transport_small.lod0-212.vms,
                     <!-- start vert   --> 295,
                     <!-- num verts    --> 1328,
                     <!-- start index  --> 498,
                     <!-- num indices  --> 2058,
                     <!-- start mesh   --> 5,
                     <!-- num meshes   --> 3,
                     <!-- bounding box -->  7.1832967,   7.1861448,  20.284813,
                                           -7.1832967,  -7.1861448, -20.284813,
                     <!-- center       -->  0.26659057, -0.1923193,   0.041304465,
                     <!-- radius       --> 21.499063
                  </VMeshRef>
               </VMeshPart>
            </Level0>
            <Level1>
               <VMeshPart>
                  <VMeshRef type="VMeshRef">
                     <!-- header size  --> 60,
                     <!-- vmesh lib    --> data.ships.utility.transport_small.transport_small.lod1-212.vms,
                     <!-- start vert   --> 166,
                     <!-- num verts    --> 516,
                     <!-- start index  --> 282,
                     <!-- num indices  --> 954,
                     <!-- start mesh   --> 3,
                     <!-- num meshes   --> 3,
                     <!-- bounding box -->  7.1832967,   7.1861448,  20.284813,
                                           -7.1832967,  -7.1861448, -20.284813,
                     <!-- center       -->  0.26659057, -0.1923193,   0.041304465,
                     <!-- radius       --> 21.499063
                  </VMeshRef>
               </VMeshPart>
            </Level1>
            <Level2>
               <VMeshPart>
                  <VMeshRef type="VMeshRef">
                     <!-- header size  --> 60,
                     <!-- vmesh lib    --> data.ships.utility.transport_small.transport_small.lod2-212.vms,
                     <!-- start vert   --> 107,
                     <!-- num verts    --> 254,
                     <!-- start index  --> 147,
                     <!-- num indices  --> 348,
                     <!-- start mesh   --> 1,
                     <!-- num meshes   --> 1,
                     <!-- bounding box -->  7.1832967,   7.1861448,  20.284813,
                                           -7.1832967,  -7.1861448, -20.284813,
                     <!-- center       -->  0.26659057, -0.1923193,   0.041304465,
                     <!-- radius       --> 21.499063
                  </VMeshRef>
               </VMeshPart>
            </Level2>
            <Switch2 type="float array" count="4">
               0,
               100,
               1000,
               1000000
            </Switch2>
         </MultiLevel>
      </trans_lod1020926171905.3db>
      <trans_port_eng_lod1020926171905.3db>
         <Hardpoints>
            <Fixed>
               <HpDocklight02>
                  <Orientation type="Matrix">
                      -0.7071068300,  15.744069e-09,   0.7071067100,
                     -2.5690661e-09,   1.0000000000, -24.834542e-09,
                      -0.7071067100, -19.377280e-09,  -0.7071068300
                  </Orientation>
                  <Position type="Vector">-4.9537029, -5.441051, 3.1204624</Position>
               </HpDocklight02>
               <HpEngine05>
                  <Orientation type="Matrix">
                       1.0000000000,  1.5218330e-15,  174.84552e-09,
                     -1.5218391e-15,   1.0000000000,  34.833786e-15,
                     -174.84552e-09, -34.833786e-15,   1.0000000000
                  </Orientation>
                  <Position type="Vector">-0.5131231, -0.59706843, 1.7310208</Position>
               </HpEngine05>
               <HpRunningLight11>
                  <Orientation type="Matrix">
                       1.0000000000,  1.5218314e-15, -17.666844e-18,
                     -1.5218314e-15,   1.0000000000,  9.8145564e-15,
                      17.666844e-18, -9.8145564e-15,   1.0000000000
                  </Orientation>
                  <Position type="Vector">-4.9537024, -5.441051, -3.2536564</Position>
               </HpRunningLight11>
               <HpThruster02>
                  <Orientation type="Matrix">
                       1.0000000000,   0.0000000000,   0.0000000000,
                       0.0000000000,   1.0000000000,   0.0000000000,
                       0.0000000000,   0.0000000000,   1.0000000000
                  </Orientation>
                  <Position type="Vector">-0.43019801, -0.91248798, 1.323076</Position>
               </HpThruster02>
            </Fixed>
            <Revolute>
               <HpTurret_U1_03>
                  <Axis type="Vector">0, 1, 0</Axis>
                  <Max type="float">6.2831855</Max>
                  <Min type="float">-6.2831855</Min>
                  <Orientation type="Matrix">
                     -217.75973e-09,  -1.0000000000, -14.228522e-15,
                       1.0000000000, -217.75973e-09, -4.3962979e-15,
                      4.3962950e-15, -14.228524e-15,   1.0000000000
                  </Orientation>
                  <Position type="Vector">-5.0546508, -2.0653548, -0.17322701</Position>
               </HpTurret_U1_03>
            </Revolute>
         </Hardpoints>
         <VMeshWire include="transport_small_cmp\trans_port_eng_lod1.vwd.xml"/>
         <MultiLevel>
            <Level0>
               <VMeshPart>
                  <VMeshRef type="VMeshRef">
                     <!-- header size  --> 60,
                     <!-- vmesh lib    --> data.ships.utility.transport_small.transport_small.lod0-112.vms,
                     <!-- start vert   --> 122,
                     <!-- num verts    --> 122,
                     <!-- start index  --> 162,
                     <!-- num indices  --> 162,
                     <!-- start mesh   --> 2,
                     <!-- num meshes   --> 2,
                     <!-- bounding box -->  5.0561404,   5.2558417,  3.833328,
                                           -5.0561414,  -5.2558422, -3.8333409,
                     <!-- center       --> -0.71161789, -0.3767359,  0.31378666,
                     <!-- radius       --> 7.4244409
                  </VMeshRef>
               </VMeshPart>
            </Level0>
            <Level1>
               <VMeshPart>
                  <VMeshRef type="VMeshRef">
                     <!-- header size  --> 60,
                     <!-- vmesh lib    --> data.ships.utility.transport_small.transport_small.lod1-112.vms,
                     <!-- start vert   --> 70,
                     <!-- num verts    --> 70,
                     <!-- start index  --> 102,
                     <!-- num indices  --> 102,
                     <!-- start mesh   --> 2,
                     <!-- num meshes   --> 2,
                     <!-- bounding box -->  5.0561404,   5.2558417,  3.833328,
                                           -5.0561414,  -5.2558422, -3.8333409,
                     <!-- center       --> -0.71161789, -0.3767359,  0.31378666,
                     <!-- radius       --> 7.4244409
                  </VMeshRef>
               </VMeshPart>
            </Level1>
            <Level2>
               <VMeshPart>
                  <VMeshRef type="VMeshRef">
                     <!-- header size  --> 60,
                     <!-- vmesh lib    --> data.ships.utility.transport_small.transport_small.lod2-112.vms,
                     <!-- start vert   --> 30,
                     <!-- num verts    --> 30,
                     <!-- start index  --> 42,
                     <!-- num indices  --> 42,
                     <!-- start mesh   --> 1,
                     <!-- num meshes   --> 1,
                     <!-- bounding box -->  5.0561404,   5.2558417,  3.833328,
                                           -5.0561414,  -5.2558422, -3.8333409,
                     <!-- center       --> -0.71161789, -0.3767359,  0.31378666,
                     <!-- radius       --> 7.4244409
                  </VMeshRef>
               </VMeshPart>
            </Level2>
            <Switch2 type="float array" count="4">
               0,
               100,
               1000,
               1000000
            </Switch2>
         </MultiLevel>
      </trans_port_eng_lod1020926171905.3db>
      <trans_rear_lod1020926171905.3db>
         <Hardpoints>
            <Fixed>
               <DpEng>
                  <Orientation type="Matrix">
                      -1.0000000000,  140.77537e-09,  197.17396e-09,
                      197.17390e-09, -353.61026e-09,   1.0000000000,
                      140.77544e-09,   1.0000000000,  353.61023e-09
                  </Orientation>
