<?xml version="1.0" encoding="ISO-8859-1"?>
<!-- XML generated by UTFXML Version 2.2 built 19-Aug-2010 -->
<UTFXML filename="Megastructure.cmp" path="SOLAR\new\Stellaris">
   <UTF_ROOT>
      <VMeshLibrary>
         <megastructure.lod0-112.vms include="Megastructure_cmp\lod0-112.vms.xml"/>
      </VMeshLibrary>
      <Cmpnd>
         <Cons>
            <Fix type="Fix" count="1">
               <part>
                  <!-- parent      --> "Root",
                  <!-- child       --> "Megastructure_lod1",
                  <!-- position    --> 0, 0, -0,
                  <!-- orientation -->   1.0000000000,   0.0000000000,  -0.0000000000,
                                         0.0000000000,   1.0000000000,  -0.0000000000,
                                        -0.0000000000,  -0.0000000000,   1.0000000000
               </part>
            </Fix>
         </Cons>
         <Part_Megastructure_lod1>
            <Object_name name="Object name" type="text">Megastructure_lod1</Object_name>
            <Index type="int">0</Index>
            <File_name name="File name" type="text">Megastructure_lod1.3db</File_name>
         </Part_Megastructure_lod1>
         <Root>
            <Object_name name="Object name" type="text">Root</Object_name>
            <Index type="int">0</Index>
            <File_name name="File name" type="text">Megastructure.3db</File_name>
         </Root>
      </Cmpnd>
      <Megastructure.3db>
         <VMeshPart>
            <VMeshRef type="VMeshRef">
               <!-- header size  --> 60,
               <!-- vmesh lib    --> megastructure.lod0-112.vms,
               <!-- start vert   --> 0,
               <!-- num verts    --> 20,
               <!-- start index  --> 0,
               <!-- num indices  --> 36,
               <!-- start mesh   --> 0,
               <!-- num meshes   --> 1,
               <!-- bounding box --> 35121.516,  8326.416, 31.793478,
                                     35089.723,  8294.623, -0,
               <!-- center       -->  6578.1396,    0,     -0,
               <!-- radius       --> 29733.055
            </VMeshRef>
         </VMeshPart>
         <Hardpoints>
            <Fixed>
               <HpMount>
                  <Position type="Vector">0, 0, -0</Position>
                  <Orientation type="Matrix">
                       1.0000000000,   0.0000000000,  -0.0000000000,
                       0.0000000000,   1.0000000000,  -0.0000000000,
                      -0.0000000000,  -0.0000000000,   1.0000000000
                  </Orientation>
               </HpMount>
               <HpShield01>
                  <Position type="Vector">0, 0, -0</Position>
                  <Orientation type="Matrix">
                       1.0000000000,   0.0000000000,  -0.0000000000,
                       0.0000000000,   1.0000000000,  -0.0000000000,
                      -0.0000000000,  -0.0000000000,   1.0000000000
                  </Orientation>
               </HpShield01>
               <HpFX01>
                  <Position type="Vector">0, 0, -0</Position>
                  <Orientation type="Matrix">
                       1.0000000000,   0.0000000000,  -0.0000000000,
                       0.0000000000,   1.0000000000,  -0.0000000000,
                      -0.0000000000,  -0.0000000000,   1.0000000000
                  </Orientation>
               </HpFX01>
               <HpFX02>
                  <Position type="Vector">0, 40000, -0</Position>
                  <Orientation type="Matrix">
                      -1.0000000000,  106.17260e-15, -325.84137e-09,
                       0.0000000000,  -1.0000000000, -325.84137e-09,
                     -325.84137e-09, -325.84137e-09,   1.0000000000
                  </Orientation>
               </HpFX02>
               <HpFX03>
                  <Position type="Vector">0, -40000, -0</Position>
                  <Orientation type="Matrix">
                       1.0000000000,   0.0000000000,  -0.0000000000,
                       0.0000000000,   1.0000000000,  -0.0000000000,
                      -0.0000000000,  -0.0000000000,   1.0000000000
                  </Orientation>
               </HpFX03>
            </Fixed>
         </Hardpoints>
      </Megastructure.3db>
      <Megastructure_lod1.3db>
         <VMeshPart>
            <VMeshRef type="VMeshRef">
               <!-- header size  --> 60,
               <!-- vmesh lib    --> megastructure.lod0-112.vms,
               <!-- start vert   --> 20,
               <!-- num verts    --> 1570,
               <!-- start index  --> 36,
               <!-- num indices  --> 4452,
               <!-- start mesh   --> 1,
               <!-- num meshes   --> 1,
               <!-- bounding box -->  21965.246,   19022.451,  23215.354,
                                     -21965.236,  -19022.451, -23215.354,
               <!-- center       -->   6578.1396,      0,         -0,
               <!-- radius       --> 29751.41
            </VMeshRef>
         </VMeshPart>
         <VMeshWire include="Megastructure_cmp\Megastructure_lod1.vwd.xml"/>
         <Hardpoints>
            <Fixed>
               <HpFX04>
                  <Position type="Vector">0, -14000, -25700.443</Position>
                  <Orientation type="Matrix">
                       1.0000000000,   0.0000000000,  -0.0000000000,
                       0.0000000000,   0.5000000000,  -0.8660254500,
                      -0.0000000000,   0.8660254500,   0.5000000000
                  </Orientation>
               </HpFX04>
               <HpFX05>
                  <Position type="Vector">-26000, -14000, -8000</Position>
                  <Orientation type="Matrix">
                       0.4999998800,   0.8365163800,  -0.2241439200,
                      -0.8660255100,   0.4829627900,  -0.1294095100,
                      -0.0000000000,   0.2588190700,   0.9659258100
                  </Orientation>
               </HpFX05>
               <HpFX06>
                  <Position type="Vector">26000, -14000, -8000</Position>
                  <Orientation type="Matrix">
                       0.4999997600,  -0.8365164400,   0.2241439700,
                       0.8660255700,   0.4829626700,  -0.1294094900,
                      -0.0000000000,   0.2588191000,   0.9659258100
                  </Orientation>
               </HpFX06>
               <HpFX07>
                  <Position type="Vector">15000, 13000, -21000</Position>
                  <Orientation type="Matrix">
                      -0.7071072500,  -0.4999993700,   0.4999994600,
                       0.7071059900,  -0.5000003600,   0.5000006000,
                      -0.0000000000,   0.7071067700,   0.7071066500
                  </Orientation>
               </HpFX07>
               <HpFX08>
                  <Position type="Vector">-15000, 13000, -21000</Position>
                  <Orientation type="Matrix">
                      -0.7071068300,   0.4999994000,  -0.5000001200,
                      -0.7071064100,  -0.4999998800,   0.5000000000,
                     -312.92439e-09,   0.7071070700,   0.7071063500
                  </Orientation>
               </HpFX08>
               <HpFX09>
                  <Position type="Vector">0, 14000, 25700</Position>
                  <Orientation type="Matrix">
                       1.0000000000,   0.0000000000,  -0.0000000000,
                       0.0000000000,  -0.5000000000,   0.8660253900,
                      -0.0000000000,  -0.8660253900,  -0.5000000000
                  </Orientation>
               </HpFX09>
               <HpFX10>
                  <Position type="Vector">26000, 14000, 8000</Position>
                  <Orientation type="Matrix">
                      -0.5000014300,  -0.8365157200,  -0.2241436100,
                       0.8660248500,  -0.4829643100,  -0.1294098300,
                     -8.3382474e-09,  -0.2588190400,   0.9659257500
                  </Orientation>
               </HpFX10>
               <HpFX11>
                  <Position type="Vector">-26000, 14000, 8000</Position>
                  <Orientation type="Matrix">
                      -0.5000006000,   0.8365160800,   0.2241439500,
                      -0.8660253300,  -0.4829633800,  -0.1294095800,
                      113.50494e-09,  -0.2588191900,   0.9659255700
                  </Orientation>
               </HpFX11>
               <HpFX12>
                  <Position type="Vector">-16000, -14000, 24000</Position>
                  <Orientation type="Matrix">
                       0.6427874600,   0.5416752700,   0.5416750900,
                      -0.7660445600,   0.4545196300,   0.4545193600,
                      89.406967e-09,  -0.7071065900,   0.7071068300
                  </Orientation>
               </HpFX12>
               <HpFX13>
                  <Position type="Vector">16000, -14000, 24000</Position>
                  <Orientation type="Matrix">
                       0.6427877500,  -0.5416752100,  -0.5416749700,
                       0.7660445000,   0.4545197500,   0.4545194800,
                     -71.246177e-09,  -0.7071065900,   0.7071067700
                  </Orientation>
               </HpFX13>
            </Fixed>
         </Hardpoints>
      </Megastructure_lod1.3db>
   </UTF_ROOT>
</UTFXML>
