<?xml version="1.0" encoding="ISO-8859-1"?>
<!-- XML generated by UTFXML Version 2.2 built 19-Aug-2010 -->
<UTFXML filename="tie_advanced.cmp" path="SHIPS\new\other\tie_adv">
   <UTF_ROOT>
      <VMeshLibrary>
         <Tie_advanced.lod0.vms include="tie_advanced_cmp\lod0.vms.xml"/>
      </VMeshLibrary>
      <Cmpnd>
         <Root>
            <File_name name="File name" type="text">Tie_advanced.3db</File_name>
            <Index type="int">0</Index>
            <Object_name name="Object name" type="text">Root</Object_name>
         </Root>
      </Cmpnd>
      <Tie_advanced.3db>
         <Hardpoints>
            <Fixed>
               <HpMount>
                  <Orientation type="Matrix">
                       1.0000000000,   0.0000000000,   0.0000000000,
                       0.0000000000,   1.0000000000,   0.0000000000,
                       0.0000000000,   0.0000000000,   1.0000000000
                  </Orientation>
                  <Position type="Vector">0, -8.1843596, -1.4534588</Position>
               </HpMount>
               <HpShield01>
                  <Orientation type="Matrix">
                      -0.8773512200,   0.1745216100,   0.0000000000,
                      -0.1745216100,  -0.8773512200,   0.4469865900,
                       0.0780088160,   0.3921642300,   0.8002029700
                  </Orientation>
                  <Position type="Vector">0, -1.0382597, -0.18616162</Position>
               </HpShield01>
               <HpTractor_Source>
                  <Orientation type="Matrix">
                       1.0000000000,   0.0000000000,   0.0000000000,
                       0.0000000000,   1.0000000000,   0.0000000000,
                       0.0000000000,   0.0000000000,   1.0000000000
                  </Orientation>
                  <Position type="Vector">0.027533, -1.9852591, -4.4576249</Position>
               </HpTractor_Source>
               <HpEngine01>
                  <Orientation type="Matrix">
                       1.0000000000,   0.0000000000,   0.0000000000,
                       0.0000000000,   1.0000000000,   0.0000000000,
                       0.0000000000,   0.0000000000,   1.0000000000
                  </Orientation>
                  <Position type="Vector">0, 0, 1.3949431</Position>
               </HpEngine01>
               <HpThruster01>
                  <Orientation type="Matrix">
                       1.0000000000,   0.0000000000,   0.0000000000,
                       0.0000000000,   1.0000000000,   0.0000000000,
                       0.0000000000,   0.0000000000,   1.0000000000
                  </Orientation>
                  <Position type="Vector">0, -1.7368577, 0.9106679</Position>
               </HpThruster01>
               <HpRunningLight01>
                  <Orientation type="Matrix">
                       0.0000000000,   0.7706795300,   0.0000000000,
                      -0.7706795300,   0.0000000000,  -0.6372229500,
                      -0.4910946800,   0.0000000000,   0.5939469300
                  </Orientation>
                  <Position type="Vector">2.5925078, 0, -4.1674552</Position>
               </HpRunningLight01>
               <HpRunningLight02>
                  <Orientation type="Matrix">
                       0.0000000000,  -0.7706792400,   0.0000000000,
                       0.7706792400,   0.0000000000,  -0.6372233000,
                       0.4910947700,   0.0000000000,   0.5939464600
                  </Orientation>
                  <Position type="Vector">-2.5719912, 0, -4.1674552</Position>
               </HpRunningLight02>
               <HpRunningLight03>
                  <Orientation type="Matrix">
                       1.0000000000,   0.0000000000,  -1.0000000000,
                      -1.0000000000,   0.0000000000,   1.0000000000,
                       0.0000000000,   0.0000000000,   0.0000000000
                  </Orientation>
                  <Position type="Vector">6.6080971, 4.2927523, -1.8427923</Position>
               </HpRunningLight03>
               <HpRunningLight04>
                  <Orientation type="Matrix">
                      -1.0000000000,   0.0000000000,   1.0000000000,
                      -1.0000000000,   0.0000000000,   1.0000000000,
                       0.0000000000,   0.0000000000,   0.0000000000
                  </Orientation>
                  <Position type="Vector">-6.5875797, 4.2927523, -1.7584171</Position>
               </HpRunningLight04>
               <HpRunningLight05>
                  <Orientation type="Matrix">
                       1.0000000000,   0.0000000000,  -1.0000000000,
                      -1.0000000000,   0.0000000000,   1.0000000000,
                       0.0000000000,   0.0000000000,   0.0000000000
                  </Orientation>
                  <Position type="Vector">6.6080971, -4.3379583, -1.8427938</Position>
               </HpRunningLight05>
               <HpRunningLight06>
                  <Orientation type="Matrix">
                      -1.0000000000,   0.0000000000,   1.0000000000,
                      -1.0000000000,   0.0000000000,   1.0000000000,
                       0.0000000000,   0.0000000000,   0.0000000000
                  </Orientation>
                  <Position type="Vector">-6.5875797, -4.3379583, -1.758419</Position>
               </HpRunningLight06>
               <HpDockLight01>
                  <Orientation type="Matrix">
                       0.0000000000,   0.4998837700,   0.0000000000,
                      -0.4998837700,   0.0000000000,   0.8660925000,
                       0.4329455800,  -0.0000000000,   0.2498837900
                  </Orientation>
                  <Position type="Vector">4.566431, -0.050599687, 6.9812493</Position>
               </HpDockLight01>
               <HpDockLight02>
                  <Orientation type="Matrix">
                       0.0000000000,  -0.4998841300,   0.0000000000,
                       0.4998841300,   0.0000000000,   0.8660923200,
                      -0.4329458200,  -0.0000000000,   0.2498841400
                  </Orientation>
                  <Position type="Vector">-4.5459142, 0.0053932499, 6.9812493</Position>
               </HpDockLight02>
               <HpConTrail01>
                  <Orientation type="Matrix">
                       0.8290295000,  -0.5592048800,   0.0000000000,
                       0.5592048800,   0.8290295000,  26.343958e-09,
                     -14.731670e-09, -21.839918e-09,   1.0000000000
                  </Orientation>
                  <Position type="Vector">5.0094566, 5.5940084, 7.2877102</Position>
               </HpConTrail01>
               <HpConTrail02>
                  <Orientation type="Matrix">
                       0.8290295000,   0.5592048800,   0.0000000000,
                      -0.5592048800,   0.8290295000,  79.031878e-09,
                      44.195012e-09, -65.519757e-09,   1.0000000000
                  </Orientation>
                  <Position type="Vector">-4.9889388, 5.5940084, 7.2877102</Position>
               </HpConTrail02>
               <HpConTrail03>
                  <Orientation type="Matrix">
                      -0.8290306300,  -0.5592032100,   0.0000000000,
                       0.5592032100,  -0.8290306300, -26.343994e-09,
                      14.731646e-09, -21.839977e-09,   1.0000000000
                  </Orientation>
                  <Position type="Vector">5.0040245, -5.6478214, 7.2877102</Position>
               </HpConTrail03>
               <HpConTrail04>
                  <Orientation type="Matrix">
                      -0.8290328400,   0.5592000000,   0.0000000000,
                      -0.5592000000,  -0.8290328400, -79.032191e-09,
                     -44.194795e-09, -65.520283e-09,   1.0000000000
                  </Orientation>
                  <Position type="Vector">-4.9835086, -5.6478214, 7.2877102</Position>
               </HpConTrail04>
               <HpCM01>
                  <Orientation type="Matrix">
                      -0.9998476500,   0.0174525450,   0.0000000000,
                      -0.0174525450,  -0.9998476500,   0.0000000000,
                       0.0000000000,   0.0000000000,   1.0000000000
                  </Orientation>
                  <Position type="Vector">0, -0.8, 6.8522978</Position>
               </HpCM01>
               <HpPilot>
                  <Orientation type="Matrix">
                       1.0000000000,   0.0000000000,   0.0000000000,
                       0.0000000000,   1.0000000000,   0.0000000000,
                       0.0000000000,   0.0000000000,   1.0000000000
                  </Orientation>
                  <Position type="Vector">0, -0.5, 0</Position>
               </HpPilot>
               <HpMine01>
                  <Orientation type="Matrix">
                       1.0000000000,   0.0000000000,   0.0000000000,
                       0.0000000000,   1.0000000000,   0.0000000000,
                       0.0000000000,   0.0000000000,   1.0000000000
                  </Orientation>
                  <Position type="Vector">0, 0, 7.5</Position>
               </HpMine01>
               <HpMount01>
                  <Orientation type="Matrix">
                       1.0000000000,   0.0000000000,   0.0000000000,
                       0.0000000000,   1.0000000000,   0.0000000000,
                       0.0000000000,   0.0000000000,   1.0000000000
                  </Orientation>
                  <Position type="Vector">0, 0, 0</Position>
               </HpMount01>
               <Hpnew01>
                  <Orientation type="Matrix">
                       1.0000000000,   0.0000000000,   0.0000000000,
                       0.0000000000,   1.0000000000,   0.0000000000,
                       0.0000000000,   0.0000000000,   1.0000000000
                  </Orientation>
                  <Position type="Vector">0, 0, 0</Position>
               </Hpnew01>
               <Hpnew02>
                  <Orientation type="Matrix">
                       1.0000000000,   0.0000000000,   0.0000000000,
                       0.0000000000,   1.0000000000,   0.0000000000,
                       0.0000000000,   0.0000000000,   1.0000000000
                  </Orientation>
                  <Position type="Vector">0, 0, 0</Position>
               </Hpnew02>
               <Hpnew03>
                  <Orientation type="Matrix">
                       1.0000000000,   0.0000000000,   0.0000000000,
                       0.0000000000,   1.0000000000,   0.0000000000,
                       0.0000000000,   0.0000000000,   1.0000000000
                  </Orientation>
                  <Position type="Vector">0, 0, 0</Position>
               </Hpnew03>
               <HpCloak01>
                  <Orientation type="Matrix">
                       1.0000000000,   0.0000000000,   0.0000000000,
                       0.0000000000,   1.0000000000,   0.0000000000,
                       0.0000000000,   0.0000000000,   1.0000000000
                  </Orientation>
                  <Position type="Vector">0, 0, 0</Position>
               </HpCloak01>
            </Fixed>
            <Revolute>
               <HpWeapon05>
                  <Axis type="Vector">0, 1, 0</Axis>
                  <Max type="float">0</Max>
                  <Min type="float">0</Min>
                  <Orientation type="Matrix">
                       0.0000000000,  -1.0000000000,   0.0000000000,
                       1.0000000000,   0.0000000000,   0.0000000000,
                      -0.0000000000,  -0.0000000000,   1.0000000000
                  </Orientation>
                  <Position type="Vector">6.6768537, 0, -3.4228411</Position>
               </HpWeapon05>
               <HpWeapon06>
                  <Axis type="Vector">0, 1, 0</Axis>
                  <Max type="float">0</Max>
                  <Min type="float">0</Min>
                  <Orientation type="Matrix">
                       0.0000000000,   1.0000000000,   0.0000000000,
                      -1.0000000000,   0.0000000000,   0.0000000000,
                       0.0000000000,  -0.0000000000,   1.0000000000
                  </Orientation>
                  <Position type="Vector">-6.6563368, 0, -3.4228411</Position>
               </HpWeapon06>
               <HpTorpedo01>
                  <Axis type="Vector">0, 1, 0</Axis>
                  <Max type="float">0</Max>
                  <Min type="float">0</Min>
                  <Orientation type="Matrix">
                      -0.9785918000,   0.2058108000,   0.0000000000,
                      -0.2058108000,  -0.9785918000,  6.6059682e-09,
                      1.3595796e-09,  6.4645462e-09,   1.0000000000
                  </Orientation>
                  <Position type="Vector">3.965184, -1.3955083, -1.6463846</Position>
               </HpTorpedo01>
               <HpTorpedo02>
                  <Axis type="Vector">0, 1, 0</Axis>
                  <Max type="float">0</Max>
                  <Min type="float">0</Min>
                  <Orientation type="Matrix">
                      -0.9785917400,  -0.2058109900,   0.0000000000,
                       0.2058109900,  -0.9785917400,  35.007211e-09,
                     -7.2048691e-09,  34.257766e-09,   1.0000000000
                  </Orientation>
                  <Position type="Vector">-3.9446669, -1.3955075, -1.6463846</Position>
               </HpTorpedo02>
               <HpWeapon01>
                  <Axis type="Vector">0, 1, 0</Axis>
                  <Max type="float">0</Max>
                  <Min type="float">0</Min>
                  <Orientation type="Matrix">
                       0.9785918000,   0.2058108700,   0.0000000000,
                      -0.2058108700,   0.9785918000, -49.219043e-09,
                     -10.129814e-09,  48.165351e-09,   1.0000000000
                  </Orientation>
                  <Position type="Vector">5.3319983, 1.0626676, -1.589469</Position>
               </HpWeapon01>
               <HpWeapon02>
                  <Axis type="Vector">0, 1, 0</Axis>
                  <Max type="float">0</Max>
                  <Min type="float">0</Min>
                  <Orientation type="Matrix">
                       0.9785918000,  -0.2058107300,   0.0000000000,
                       0.2058107300,   0.9785918000,   0.0000000000,
                      -0.0000000000,  -0.0000000000,   1.0000000000
                  </Orientation>
                  <Position type="Vector">-5.311481, 1.0626687, -1.589469</Position>
               </HpWeapon02>
               <HpWeapon03>
                  <Axis type="Vector">0, 1, 0</Axis>
                  <Max type="float">0</Max>
                  <Min type="float">0</Min>
                  <Orientation type="Matrix">
                      -0.9785918000,   0.2058107700,   0.0000000000,
                      -0.2058107700,  -0.9785918000,   0.0000000000,
                       0.0000000000,   0.0000000000,   1.0000000000
                  </Orientation>
                  <Position type="Vector">5.3319983, -1.1080493, -1.9836936</Position>
               </HpWeapon03>
               <HpWeapon04>
                  <Axis type="Vector">0, 1, 0</Axis>
                  <Max type="float">0</Max>
                  <Min type="float">0</Min>
                  <Orientation type="Matrix">
                      -0.9785917400,  -0.2058109900,   0.0000000000,
                       0.2058109900,  -0.9785917400,  -0.0000000000,
                       0.0000000000,  -0.0000000000,   1.0000000000
                  </Orientation>
                  <Position type="Vector">-5.311481, -1.1080481, -1.9836936</Position>
               </HpWeapon04>
               <HpWeapon07>
                  <Axis type="Vector">0, 1, 0</Axis>
                  <Max type="float">0.78539819</Max>
                  <Min type="float">-0.78539819</Min>
                  <Orientation type="Matrix">
                       0.7660445000,   0.6427875800,   0.0000000000,
                      -0.6427875800,   0.7660445000,   0.0000000000,
                       0.0000000000,   0.0000000000,   1.0000000000
                  </Orientation>
                  <Position type="Vector">2.2, 2.3, -1.7</Position>
               </HpWeapon07>
               <HpWeapon08>
                  <Axis type="Vector">0, 1, 0</Axis>
                  <Max type="float">0.78539819</Max>
                  <Min type="float">-0.78539819</Min>
                  <Orientation type="Matrix">
                       0.7660445000,  -0.6427875800,  -0.0000000000,
                       0.6427875800,   0.7660445000,   0.0000000000,
                       0.0000000000,  -0.0000000000,   1.0000000000
                  </Orientation>
                  <Position type="Vector">-2.2, 2.3, -1.7</Position>
               </HpWeapon08>
            </Revolute>
         </Hardpoints>
         <MultiLevel>
            <Level0>
               <VMeshPart>
                  <VMeshRef type="VMeshRef">
                     <!-- header size  --> 60,
                     <!-- vmesh lib    --> Tie_advanced.lod0.vms,
                     <!-- start vert   --> 0,
                     <!-- num verts    --> 0,
                     <!-- start index  --> 0,
                     <!-- num indices  --> 0,
                     <!-- start mesh   --> 0,
                     <!-- num meshes   --> 24,
                     <!-- bounding box -->  7.9772768,    5.6569185,    8.768549,
                                           -7.9567595,   -5.7107306,   -8.3192234,
                     <!-- center       -->  0.010258675, -0.026906013,  0.22466278,
                     <!-- radius       --> 16.447683
                  </VMeshRef>
               </VMeshPart>
            </Level0>
         </MultiLevel>
      </Tie_advanced.3db>
   </UTF_ROOT>
</UTFXML>
