<?xml version="1.0" encoding="ISO-8859-1"?>
<!-- XML generated by UTFXML Version 2.2 built 19-Aug-2010 -->
<UTFXML filename="Megaxila.cmp" path="SHIPS\new\X3_terran_conflict_ships\Xaak\capital\Megaxila">
   <UTF_ROOT>
      <VMeshLibrary>
         <Megaxila.lod0.vms include="Megaxila_cmp\lod0.vms.xml"/>
      </VMeshLibrary>
      <Cmpnd>
         <Root>
            <File_name name="File name" type="text">Megaxila.3db</File_name>
            <Index type="int">0</Index>
            <Object_name name="Object name" type="text">Root</Object_name>
         </Root>
      </Cmpnd>
      <Megaxila.3db>
         <Hardpoints>
            <Fixed>
               <HpCockpit>
                  <Orientation type="Matrix">
                       1.0000000000,   0.0000000000,   0.0000000000,
                       0.0000000000,   1.0000000000,   0.0000000000,
                       0.0000000000,   0.0000000000,   1.0000000000
                  </Orientation>
                  <Position type="Vector">-0.018764, 11.668365, -84.020203</Position>
               </HpCockpit>
               <HpMount>
                  <Orientation type="Matrix">
                       1.0000000000,   0.0000000000,   0.0000000000,
                       0.0000000000,   1.0000000000,   0.0000000000,
                       0.0000000000,   0.0000000000,   1.0000000000
                  </Orientation>
                  <Position type="Vector">0, -70, -20</Position>
               </HpMount>
               <HpEngine01>
                  <Orientation type="Matrix">
                       1.0000000000,   0.0000000000,   0.0000000000,
                       0.0000000000,   1.0000000000,   0.0000000000,
                       0.0000000000,   0.0000000000,   1.0000000000
                  </Orientation>
                  <Position type="Vector">29.397495, 31.306599, -15.336103</Position>
               </HpEngine01>
               <HpEngine02>
                  <Orientation type="Matrix">
                       1.0000000000,   0.0000000000,   0.0000000000,
                       0.0000000000,   1.0000000000,   0.0000000000,
                       0.0000000000,   0.0000000000,   1.0000000000
                  </Orientation>
                  <Position type="Vector">-29.329828, 30.944635, -15.176495</Position>
               </HpEngine02>
               <HpCM01>
                  <Orientation type="Matrix">
                      -1.0000000000, -79.231938e-09, -36.946464e-09,
                      87.422777e-09,  -0.9063078200,  -0.4226182700,
                       0.0000000000,  -0.4226182700,   0.9063077600
                  </Orientation>
                  <Position type="Vector">0.020961, -19.464895, 73.522034</Position>
               </HpCM01>
               <HpBayDoor01>
                  <Orientation type="Matrix">
                       1.0000000000,   0.0000000000,   0.0000000000,
                       0.0000000000,   1.0000000000,   0.0000000000,
                       0.0000000000,   0.0000000000,   1.0000000000
                  </Orientation>
                  <Position type="Vector">0, -70, 0</Position>
               </HpBayDoor01>
               <HpBayDoor02>
                  <Orientation type="Matrix">
                       1.0000000000,   0.0000000000,   0.0000000000,
                       0.0000000000,   1.0000000000,   0.0000000000,
                       0.0000000000,   0.0000000000,   1.0000000000
                  </Orientation>
                  <Position type="Vector">0, -85, 0</Position>
               </HpBayDoor02>
               <HpTractor_Source>
                  <Orientation type="Matrix">
                       1.0000000000,   0.0000000000,   0.0000000000,
                       0.0000000000,   1.0000000000,   0.0000000000,
                       0.0000000000,   0.0000000000,   1.0000000000
                  </Orientation>
                  <Position type="Vector">-0.01251, -4.586267, -84.38633</Position>
               </HpTractor_Source>
               <HpShield01>
                  <Orientation type="Matrix">
                       1.0000000000,   0.0000000000,   0.0000000000,
                       0.0000000000,   1.0000000000,   0.0000000000,
                       0.0000000000,   0.0000000000,   1.0000000000
                  </Orientation>
                  <Position type="Vector">0, 20, 0</Position>
               </HpShield01>
               <HpShield02>
                  <Orientation type="Matrix">
                       1.0000000000,   0.0000000000,   0.0000000000,
                       0.0000000000,   1.0000000000,   0.0000000000,
                       0.0000000000,   0.0000000000,   1.0000000000
                  </Orientation>
                  <Position type="Vector">0, 20, 0</Position>
               </HpShield02>
               <HpThruster01>
                  <Orientation type="Matrix">
                      -1.0000000000, -86.099682e-09,  15.181698e-09,
                      87.427914e-09,  -0.9848078500,   0.1736481800,
                       0.0000000000,   0.1736481800,   0.9848077300
                  </Orientation>
                  <Position type="Vector">0.004236, -17.734579, 84.309486</Position>
               </HpThruster01>
               <HpCloak01>
                  <Orientation type="Matrix">
                       1.0000000000,   0.0000000000,   0.0000000000,
                       0.0000000000,   1.0000000000,   0.0000000000,
                       0.0000000000,   0.0000000000,   1.0000000000
                  </Orientation>
                  <Position type="Vector">0, 10, 0</Position>
               </HpCloak01>
               <HpNew01>
                  <Orientation type="Matrix">
                       1.0000000000,   0.0000000000,   0.0000000000,
                       0.0000000000,   1.0000000000,   0.0000000000,
                       0.0000000000,   0.0000000000,   1.0000000000
                  </Orientation>
                  <Position type="Vector">0, 20, 0</Position>
               </HpNew01>
               <HpNew02>
                  <Orientation type="Matrix">
                       1.0000000000,   0.0000000000,   0.0000000000,
                       0.0000000000,   1.0000000000,   0.0000000000,
                       0.0000000000,   0.0000000000,   1.0000000000
                  </Orientation>
                  <Position type="Vector">0, 20, 0</Position>
               </HpNew02>
               <HpNew03>
                  <Orientation type="Matrix">
                       1.0000000000,   0.0000000000,   0.0000000000,
                       0.0000000000,   1.0000000000,   0.0000000000,
                       0.0000000000,   0.0000000000,   1.0000000000
                  </Orientation>
                  <Position type="Vector">0, 20, 0</Position>
               </HpNew03>
               <HpFX01>
                  <Orientation type="Matrix">
                       1.0000000000,   0.0000000000,   0.0000000000,
                       0.0000000000,   1.0000000000,   0.0000000000,
                       0.0000000000,   0.0000000000,   1.0000000000
                  </Orientation>
                  <Position type="Vector">0, 0, 0</Position>
               </HpFX01>
               <HpFX02>
                  <Orientation type="Matrix">
                      59.604645e-09,   0.9999998800,   0.0000000000,
                      -0.9999998800,  59.604645e-09,   0.0000000000,
                       0.0000000000,   0.0000000000,   1.0000000000
                  </Orientation>
                  <Position type="Vector">0, 0, 0</Position>
               </HpFX02>
               <HpFX03>
                  <Orientation type="Matrix">
                       1.0000000000,   0.0000000000,   0.0000000000,
                       0.0000000000,  59.604645e-09,   0.9999998800,
                       0.0000000000,  -0.9999998800,  59.604645e-09
                  </Orientation>
                  <Position type="Vector">0, 0, 0</Position>
               </HpFX03>
               <HpFX04>
                  <Orientation type="Matrix">
                       1.0000000000,   0.0000000000,   0.0000000000,
                       0.0000000000,   1.0000000000,   0.0000000000,
                       0.0000000000,   0.0000000000,   1.0000000000
                  </Orientation>
                  <Position type="Vector">0, 0, 0</Position>
               </HpFX04>
               <HpFX05>
                  <Orientation type="Matrix">
                       1.0000000000,   0.0000000000,   0.0000000000,
                       0.0000000000,   1.0000000000,   0.0000000000,
                       0.0000000000,   0.0000000000,   1.0000000000
                  </Orientation>
                  <Position type="Vector">0, 0, 0</Position>
               </HpFX05>
               <HpFX06>
                  <Orientation type="Matrix">
                       1.0000000000,   0.0000000000,   0.0000000000,
                       0.0000000000,   1.0000000000,   0.0000000000,
                       0.0000000000,   0.0000000000,   1.0000000000
                  </Orientation>
                  <Position type="Vector">0, 0, 0</Position>
               </HpFX06>
               <HpFX07>
                  <Orientation type="Matrix">
                       1.0000000000,   0.0000000000,   0.0000000000,
                       0.0000000000,   1.0000000000,   0.0000000000,
                       0.0000000000,   0.0000000000,   1.0000000000
                  </Orientation>
                  <Position type="Vector">0, 0, 0</Position>
               </HpFX07>
            </Fixed>
            <Revolute>
               <HpTorpedo01>
                  <Axis type="Vector">0, 1, 0</Axis>
                  <Max type="float">0.52359879</Max>
                  <Min type="float">-0.52359879</Min>
                  <Orientation type="Matrix">
                      -1.0000000000, -87.427907e-09,   0.0000000000,
                      87.427907e-09,  -1.0000000000,  -0.0000000000,
                       0.0000000000,   0.0000000000,   1.0000000000
                  </Orientation>
                  <Position type="Vector">0.017351, -5.0109968, -83.467979</Position>
               </HpTorpedo01>
               <HpTurret01>
                  <Axis type="Vector">0, 1, 0</Axis>
                  <Max type="float">1.5707964</Max>
                  <Min type="float">-1.5707964</Min>
                  <Orientation type="Matrix">
                      -0.2588186300,  -0.9659255700,  59.604645e-09,
                     -59.604645e-09,  238.41858e-09,  -0.9999997000,
                       0.9659255700,  -0.2588189200,  238.41858e-09
                  </Orientation>
                  <Position type="Vector">-32.770363, 25.702641, -36.947151</Position>
               </HpTurret01>
               <HpTurret02>
                  <Axis type="Vector">0, 1, 0</Axis>
                  <Max type="float">1.5707964</Max>
                  <Min type="float">-1.5707964</Min>
                  <Orientation type="Matrix">
                      -0.2588186300,   0.9659255700, -59.604645e-09,
                      59.604645e-09,  238.41858e-09,  -0.9999997000,
                      -0.9659255700,  -0.2588189200,  238.41858e-09
                  </Orientation>
                  <Position type="Vector">32.691471, 25.651014, -37.224937</Position>
               </HpTurret02>
               <HpTurret03>
                  <Axis type="Vector">0, 1, 0</Axis>
                  <Max type="float">1.5707964</Max>
                  <Min type="float">-1.5707964</Min>
                  <Orientation type="Matrix">
                       0.0351903330,  -0.1524250400,   0.9876881200,
                      -0.2221814800,   0.9623739700,   0.1564344500,
                      -0.9743698200,  -0.2249510000,  238.41858e-09
                  </Orientation>
                  <Position type="Vector">-56.723774, 6.7273269, -27.829737</Position>
               </HpTurret03>
               <HpTurret04>
                  <Axis type="Vector">0, 1, 0</Axis>
                  <Max type="float">1.5707964</Max>
                  <Min type="float">-1.5707964</Min>
                  <Orientation type="Matrix">
                       0.0351903330,   0.1524250400,  -0.9876881200,
                       0.2221814800,   0.9623739700,   0.1564344500,
                       0.9743698200,  -0.2249510000,  238.41858e-09
                  </Orientation>
                  <Position type="Vector">56.730541, 6.6833072, -28.015596</Position>
               </HpTurret04>
               <HpTurret05>
                  <Axis type="Vector">0, 1, 0</Axis>
                  <Max type="float">1.5707964</Max>
                  <Min type="float">-1.5707964</Min>
                  <Orientation type="Matrix">
                       0.0351904630,   0.1524250100,   0.9876881200,
                      -0.2221814500,  -0.9623735500,   0.1564344500,
                       0.9743698200,  -0.2249510000,  46.682544e-09
                  </Orientation>
                  <Position type="Vector">-68.765015, -3.3090949, -25.49107</Position>
               </HpTurret05>
               <HpTurret06>
                  <Axis type="Vector">0, 1, 0</Axis>
                  <Max type="float">1.5707964</Max>
                  <Min type="float">-1.5707964</Min>
                  <Orientation type="Matrix">
                       0.0351904630,  -0.1524250100,  -0.9876881200,
                       0.2221814500,  -0.9623735500,   0.1564344500,
                      -0.9743698200,  -0.2249510000,  46.682544e-09
                  </Orientation>
                  <Position type="Vector">68.771149, -3.2852049, -25.603846</Position>
               </HpTurret06>
               <HpTurret07>
                  <Axis type="Vector">0, 1, 0</Axis>
                  <Max type="float">1.5707964</Max>
                  <Min type="float">-1.5707964</Min>
                  <Orientation type="Matrix">
                       0.0544205530,  -0.2357214400,   0.9702957300,
                      -0.2182690500,   0.9454271200,   0.2419218600,
                      -0.9743700600,  -0.2249510400,   0.0000000000
                  </Orientation>
                  <Position type="Vector">-69.902084, 4.8701472, -22.92351</Position>
               </HpTurret07>
               <HpTurret08>
                  <Axis type="Vector">0, 1, 0</Axis>
                  <Max type="float">1.5707964</Max>
                  <Min type="float">-1.5707964</Min>
                  <Orientation type="Matrix">
                       0.0544205530,   0.2357214400,  -0.9702957300,
                       0.2182690500,   0.9454271200,   0.2419218600,
                       0.9743700600,  -0.2249510400,   0.0000000000
                  </Orientation>
                  <Position type="Vector">69.72776, 4.9851542, -22.644314</Position>
               </HpTurret08>
               <HpTurret09>
                  <Axis type="Vector">0, 1, 0</Axis>
                  <Max type="float">1.5707964</Max>
                  <Min type="float">-1.5707964</Min>
                  <Orientation type="Matrix">
                       0.0269325110,  -0.3078410900,   0.9510566000,
                      -0.0828900640,   0.9474374700,   0.3090170000,
                      -0.9961947200,  -0.0871557440, -119.20929e-09
                  </Orientation>
                  <Position type="Vector">-89.341904, 0.373413, -8.8819799</Position>
               </HpTurret09>
               <HpTurret10>
                  <Axis type="Vector">0, 1, 0</Axis>
                  <Max type="float">1.5707964</Max>
                  <Min type="float">-1.5707964</Min>
                  <Orientation type="Matrix">
                       0.0269325110,   0.3078410900,  -0.9510566000,
                       0.0828900640,   0.9474374700,   0.3090170000,
                       0.9961947200,  -0.0871557440, -119.20929e-09
                  </Orientation>
                  <Position type="Vector">89.29351, 0.406746, -8.7048359</Position>
               </HpTurret10>
               <HpTurret11>
                  <Axis type="Vector">0, 1, 0</Axis>
                  <Max type="float">1.5707964</Max>
                  <Min type="float">-1.5707964</Min>
                  <Orientation type="Matrix">
                       0.0018245578,   0.0173568460,   0.9998474700,
                      -0.1045125300,  -0.9943699800,   0.0174524600,
                       0.9945216800,  -0.1045284400,  170.43203e-09
                  </Orientation>
                  <Position type="Vector">-88.174919, -6.2776918, -8.8580704</Position>
               </HpTurret11>
               <HpTurret12>
                  <Axis type="Vector">0, 1, 0</Axis>
                  <Max type="float">1.5707964</Max>
                  <Min type="float">-1.5707964</Min>
                  <Orientation type="Matrix">
                      -0.0018239021,   0.0173568500,  -0.9998474700,
                       0.1045125300,  -0.9943699200,  -0.0174524450,
                      -0.9945216800,  -0.1045284400,  151.57275e-09
                  </Orientation>
                  <Position type="Vector">88.277855, -6.277297, -8.806138</Position>
               </HpTurret12>
               <HpTurret13>
                  <Axis type="Vector">0, 1, 0</Axis>
                  <Max type="float">3.1415927</Max>
                  <Min type="float">-3.1415927</Min>
                  <Orientation type="Matrix">
                      -0.9999998800, -82.150528e-09,  29.900345e-09,
                      87.422769e-09,  -0.9396925000,   0.3420200900,
                       0.0000000000,   0.3420200900,   0.9396926200
                  </Orientation>
                  <Position type="Vector">0.004788, -63.570728, -8.7290888</Position>
               </HpTurret13>
               <HpTurret14>
                  <Axis type="Vector">0, 1, 0</Axis>
                  <Max type="float">1.5707964</Max>
                  <Min type="float">-1.5707964</Min>
                  <Orientation type="Matrix">
                       0.0361037250,   0.1698536400,   0.9848076700,
                      -0.2047530000,  -0.9632872300,   0.1736483100,
                       0.9781475700,  -0.2079116900, -123.48755e-09
                  </Orientation>
                  <Position type="Vector">-53.624023, -0.90101498, -27.526432</Position>
               </HpTurret14>
               <HpTurret15>
                  <Axis type="Vector">0, 1, 0</Axis>
                  <Max type="float">1.5707964</Max>
                  <Min type="float">-1.5707964</Min>
                  <Orientation type="Matrix">
                       0.0361037250,  -0.1698536400,  -0.9848076700,
                       0.2047530000,  -0.9632872300,   0.1736483100,
                      -0.9781475700,  -0.2079116900, -123.48755e-09
                  </Orientation>
                  <Position type="Vector">53.590023, -0.91939503, -27.43548</Position>
               </HpTurret15>
               <HpTurret16>
                  <Axis type="Vector">0, 1, 0</Axis>
                  <Max type="float">1.5707964</Max>
                  <Min type="float">-1.5707964</Min>
                  <Orientation type="Matrix">
                      -0.9396925000,  -0.3420200900,  82.150528e-09,
                      -0.3420200900,   0.9396926200,  29.900345e-09,
                     -87.422769e-09,   0.0000000000,  -0.9999998800
                  </Orientation>
                  <Position type="Vector">-59.239815, 6.2552629, 69.203423</Position>
               </HpTurret16>
               <HpTurret17>
                  <Axis type="Vector">0, 1, 0</Axis>
                  <Max type="float">1.5707964</Max>
                  <Min type="float">-1.5707964</Min>
                  <Orientation type="Matrix">
                      -0.9396925000,   0.3420200900,  82.150528e-09,
                       0.3420200900,   0.9396926200, -29.900345e-09,
                     -87.422769e-09,   0.0000000000,  -0.9999998800
                  </Orientation>
                  <Position type="Vector">59.061031, 6.3204031, 69.047462</Position>
               </HpTurret17>
               <HpTurret18>
                  <Axis type="Vector">0, 1, 0</Axis>
                  <Max type="float">1.5707964</Max>
                  <Min type="float">-1.5707964</Min>
                  <Orientation type="Matrix">
                       1.0000000000, -87.422777e-09, -87.422777e-09,
                     -87.422777e-09,  -1.0000000000,  7.6427419e-15,
                     -87.422777e-09,   0.0000000000,  -1.0000000000
                  </Orientation>
                  <Position type="Vector">-57.550735, -1.506515, 69.129143</Position>
               </HpTurret18>
               <HpTurret19>
                  <Axis type="Vector">0, 1, 0</Axis>
                  <Max type="float">1.5707964</Max>
                  <Min type="float">-1.5707964</Min>
                  <Orientation type="Matrix">
                       1.0000000000, -87.422777e-09, -87.422777e-09,
                     -87.422777e-09,  -1.0000000000,  7.6427419e-15,
                     -87.422777e-09,   0.0000000000,  -1.0000000000
                  </Orientation>
                  <Position type="Vector">57.750221, -1.5131741, 68.844231</Position>
               </HpTurret19>
               <HpTurret20>
                  <Axis type="Vector">0, 1, 0</Axis>
                  <Max type="float">0.78539819</Max>
                  <Min type="float">-1.5707964</Min>
                  <Orientation type="Matrix">
                       0.3995935300,  -0.8569307300,  -0.3255680800,
                       0.1375909700,  -0.2950648700,   0.9455184900,
                      -0.9063077000,  -0.4226182700, -14.901161e-09
                  </Orientation>
                  <Position type="Vector">-4.2540021, -37.626419, -25.017397</Position>
               </HpTurret20>
               <HpTurret21>
                  <Axis type="Vector">0, 1, 0</Axis>
                  <Max type="float">1.5707964</Max>
                  <Min type="float">-0.78539819</Min>
                  <Orientation type="Matrix">
                       0.3995935300,   0.8569307300,   0.3255680800,
                      -0.1375909700,  -0.2950648700,   0.9455184900,
                       0.9063077000,  -0.4226182700, -14.901161e-09
                  </Orientation>
                  <Position type="Vector">4.2228918, -37.786789, -24.952515</Position>
               </HpTurret21>
               <HpTurret22>
                  <Axis type="Vector">0, 1, 0</Axis>
                  <Max type="float">1.5707964</Max>
                  <Min type="float">-0.78539819</Min>
                  <Orientation type="Matrix">
                      -0.2419216600,  -0.9702955500,  89.406967e-09,
                     -89.406967e-09,  119.20929e-09,  -0.9999997600,
                       0.9702955500,  -0.2419218700,  119.20929e-09
                  </Orientation>
                  <Position type="Vector">-35.560509, 30.19322, -27.023804</Position>
               </HpTurret22>
               <HpTurret23>
                  <Axis type="Vector">0, 1, 0</Axis>
                  <Max type="float">0.78539819</Max>
                  <Min type="float">-1.5707964</Min>
                  <Orientation type="Matrix">
                      -0.2419216600,   0.9702955500, -89.406967e-09,
                      89.406967e-09,  119.20929e-09,  -0.9999997600,
                      -0.9702955500,  -0.2419218700,  119.20929e-09
                  </Orientation>
                  <Position type="Vector">35.566143, 30.26338, -26.997875</Position>
               </HpTurret23>
               <HpTurret24>
                  <Axis type="Vector">0, 1, 0</Axis>
                  <Max type="float">0.78539819</Max>
                  <Min type="float">-0.61086524</Min>
                  <Orientation type="Matrix">
                      -0.1540578300,  -0.9726830700,   0.1736482700,
                       0.0271645490,   0.1715103700,   0.9848076700,
                      -0.9876883000,   0.1564344800,   0.0000000000
                  </Orientation>
                  <Position type="Vector">-6.2003632, -15.611261, 74.681442</Position>
               </HpTurret24>
               <HpTurret25>
                  <Axis type="Vector">0, 1, 0</Axis>
                  <Max type="float">0.61086524</Max>
                  <Min type="float">-0.78539819</Min>
                  <Orientation type="Matrix">
                      -0.1540578300,   0.9726830700,  -0.1736482700,
                      -0.0271645490,   0.1715103700,   0.9848076700,
                       0.9876883000,   0.1564344800,   0.0000000000
                  </Orientation>
                  <Position type="Vector">6.2332392, -15.780459, 74.608688</Position>
               </HpTurret25>
            </Revolute>
         </Hardpoints>
         <MultiLevel>
            <Level0>
               <VMeshPart>
                  <VMeshRef type="VMeshRef">
                     <!-- header size  --> 60,
                     <!-- vmesh lib    --> Megaxila.lod0.vms,
                     <!-- start vert   --> 0,
                     <!-- num verts    --> 4191,
                     <!-- start index  --> 0,
                     <!-- num indices  --> 18090,
                     <!-- start mesh   --> 0,
                     <!-- num meshes   --> 3,
                     <!-- bounding box -->  98.411476,     67.828339,   85.243507,
                                           -98.411674,    -64.019638,  -84.421471,
                     <!-- center       --> -99.182129e-6,   1.9043503,   0.41101837,
                     <!-- radius       --> 183.50748
                  </VMeshRef>
               </VMeshPart>
            </Level0>
         </MultiLevel>
      </Megaxila.3db>
   </UTF_ROOT>
</UTFXML>
