<?xml version="1.0" encoding="ISO-8859-1"?>
<!-- XML generated by UTFXML Version 2.2 built 19-Aug-2010 -->
<UTFXML filename="bw_vheavy_fighter.cmp" path="SHIPS\BORDER_WORLD\BW_VHEAVY_FIGHTER">
   <UTF_ROOT>
      <VMeshLibrary>
         <data.ships.border_world.bw_vheavy_fighter.bw_vheavy_fighter.lod0-112.vms include="bw_vheavy_fighter_cmp\lod0-112.vms.xml"/>
         <data.ships.border_world.bw_vheavy_fighter.bw_vheavy_fighter.lod1-112.vms include="bw_vheavy_fighter_cmp\lod1-112.vms.xml"/>
         <data.ships.border_world.bw_vheavy_fighter.bw_vheavy_fighter.lod2-112.vms include="bw_vheavy_fighter_cmp\lod2-112.vms.xml"/>
      </VMeshLibrary>
      <bw_port_wing02_lod1020911031436.3db>
         <MultiLevel>
            <Level2 type="hex" size="0">
               
            </Level2>
         </MultiLevel>
         <Hardpoints>
            <Fixed>
               <HpContrail04>
                  <Orientation type="Matrix">
                       1.0000000000,  89.307811e-09, -95.249433e-09,
                     -89.307818e-09,   1.0000000000, -46.617586e-09,
                      95.249426e-09,  46.617593e-09,   1.0000000000
                  </Orientation>
               </HpContrail04>
            </Fixed>
         </Hardpoints>
      </bw_port_wing02_lod1020911031436.3db>
      <Exporter_Version name="Exporter Version" type="text">Aug 24 2002 12:33:14</Exporter_Version>
      <Cmpnd>
         <Root>
            <Object_name name="Object name" type="text">Root</Object_name>
            <File_name name="File name" type="text">bw_elite_lod1020912020823.3db</File_name>
            <Index type="int">0</Index>
         </Root>
         <Part_bw_glass_lod1>
            <Object_name name="Object name" type="text">bw_glass_lod1</Object_name>
            <File_name name="File name" type="text">bw_glass_lod1020912020823.3db</File_name>
            <Index type="int">1</Index>
         </Part_bw_glass_lod1>
         <Part_baydoor02_lod1>
            <Object_name name="Object name" type="text">baydoor02_lod1</Object_name>
            <File_name name="File name" type="text">baydoor02_lod1020912020823.3db</File_name>
            <Index type="int">2</Index>
         </Part_baydoor02_lod1>
         <Part_baydoor01_lod1>
            <Object_name name="Object name" type="text">baydoor01_lod1</Object_name>
            <File_name name="File name" type="text">baydoor01_lod1020912020823.3db</File_name>
            <Index type="int">3</Index>
         </Part_baydoor01_lod1>
         <Part_bw_eng01_lod1>
            <Object_name name="Object name" type="text">bw_eng01_lod1</Object_name>
            <File_name name="File name" type="text">bw_eng01_lod1020912020823.3db</File_name>
            <Index type="int">4</Index>
         </Part_bw_eng01_lod1>
         <Part_bw_eng02_lod1>
            <Object_name name="Object name" type="text">bw_eng02_lod1</Object_name>
            <File_name name="File name" type="text">bw_eng02_lod1020912020823.3db</File_name>
            <Index type="int">5</Index>
         </Part_bw_eng02_lod1>
         <Part_bw_port_wing01_lod1>
            <Object_name name="Object name" type="text">bw_port_wing01_lod1</Object_name>
            <File_name name="File name" type="text">bw_port_wing01_lod1020912020823.3db</File_name>
            <Index type="int">6</Index>
         </Part_bw_port_wing01_lod1>
         <Part_bw_port_wing02_lod1>
            <Object_name name="Object name" type="text">bw_port_wing02_lod1</Object_name>
            <File_name name="File name" type="text">bw_port_wing02_lod1020912020823.3db</File_name>
            <Index type="int">7</Index>
         </Part_bw_port_wing02_lod1>
         <Part_bw_star_wing01_lod1>
            <Object_name name="Object name" type="text">bw_star_wing01_lod1</Object_name>
            <File_name name="File name" type="text">bw_star_wing01_lod1020912020823.3db</File_name>
            <Index type="int">8</Index>
         </Part_bw_star_wing01_lod1>
         <Part_bw_star_wing02_lod1>
            <Object_name name="Object name" type="text">bw_star_wing02_lod1</Object_name>
            <File_name name="File name" type="text">bw_star_wing02_lod1020912020823.3db</File_name>
            <Index type="int">9</Index>
         </Part_bw_star_wing02_lod1>
         <Cons>
            <Fix type="Fix" count="7">
               <part>
                  <!-- parent      --> "Root",
                  <!-- child       --> "bw_glass_lod1",
                  <!-- position    --> -0.013376357, -0.85668206, 0.89471608,
                  <!-- orientation -->   1.0000000000, -6.2609899e-09, -37.252903e-09,
                                        6.2609913e-09,   1.0000000000,  34.560674e-09,
                                        37.252903e-09, -34.560674e-09,   1.0000000000
               </part>
               <part>
                  <!-- parent      --> "Root",
                  <!-- child       --> "bw_eng01_lod1",
                  <!-- position    --> -0.011821071, 0.028299684, 5.9986677,
                  <!-- orientation -->   1.0000000000, -48.445017e-09, -14.118151e-09,
                                        48.445017e-09,   1.0000000000, -6.3544343e-09,
                                        14.118151e-09,  6.3544334e-09,   1.0000000000
               </part>
               <part>
                  <!-- parent      --> "Root",
                  <!-- child       --> "bw_eng02_lod1",
                  <!-- position    --> -0.011820379, -5.7074509, 0.67101175,
                  <!-- orientation -->   1.0000000000, -48.445017e-09, -14.118151e-09,
                                        48.445017e-09,   1.0000000000, -6.3544343e-09,
                                        14.118151e-09,  6.3544334e-09,   1.0000000000
               </part>
               <part>
                  <!-- parent      --> "Root",
                  <!-- child       --> "bw_port_wing01_lod1",
                  <!-- position    --> -5.2866888, -0.551296, 1.2813797,
                  <!-- orientation -->   1.0000000000, -48.445017e-09, -14.118151e-09,
                                        48.445017e-09,   1.0000000000, -6.3544343e-09,
                                        14.118151e-09,  6.3544334e-09,   1.0000000000
               </part>
               <part>
                  <!-- parent      --> "Root",
                  <!-- child       --> "bw_port_wing02_lod1",
                  <!-- position    --> -2.6684303, -5.768261, -1.3608706,
                  <!-- orientation -->   1.0000000000, -48.445017e-09, -14.118151e-09,
                                        48.445017e-09,   1.0000000000, -6.3544343e-09,
                                        14.118151e-09,  6.3544334e-09,   1.0000000000
               </part>
               <part>
                  <!-- parent      --> "Root",
                  <!-- child       --> "bw_star_wing01_lod1",
                  <!-- position    --> 5.2993102, -0.55229348, 1.2818114,
                  <!-- orientation -->   1.0000000000, -48.445017e-09, -14.118151e-09,
                                        48.445017e-09,   1.0000000000, -6.3544343e-09,
                                        14.118151e-09,  6.3544334e-09,   1.0000000000
               </part>
               <part>
                  <!-- parent      --> "Root",
                  <!-- child       --> "bw_star_wing02_lod1",
                  <!-- position    --> 2.6424534, -5.7682786, -1.3608925,
                  <!-- orientation -->   1.0000000000, -48.445017e-09, -14.118151e-09,
                                        48.445017e-09,   1.0000000000, -6.3544343e-09,
                                        14.118151e-09,  6.3544334e-09,   1.0000000000
               </part>
            </Fix>
            <Rev type="Rev" count="2">
               <part>
                  <!-- parent      --> "Root",
                  <!-- child       --> "baydoor02_lod1",
                  <!-- position    --> -0.92252868, 1.4605576, 2.6306045,
                  <!-- offset      --> 0, 0, 0,
                  <!-- orientation -->  -1.0000000000, -298.02320e-09,  389.41440e-09,
                                       -298.02331e-09,   1.0000000000, -298.02314e-09,
                                       -389.41431e-09, -298.02325e-09,  -1.0000000000,
                  <!-- axis        --> -238.41855e-09,  119.20921e-09,   1.0000000000,
                  <!-- min, max    --> 0, 1.22173
               </part>
               <part>
                  <!-- parent      --> "Root",
                  <!-- child       --> "baydoor01_lod1",
                  <!-- position    --> 0.89306754, 1.4605579, 2.6306045,
                  <!-- offset      --> 0, 0, 0,
                  <!-- orientation -->   1.0000000000,   0.0000000000,   0.0000000000,
                                        -0.0000000000,   1.0000000000,  59.604645e-09,
                                         0.0000000000, -59.604645e-09,   1.0000000000,
                  <!-- axis        --> -150.99569e-09, -178.81372e-09,  -1.0000000000,
                  <!-- min, max    --> 0, 1.22173
               </part>
            </Rev>
         </Cons>
      </Cmpnd>
      <Animation>
         <Script>
            <Sc_open_baydoor name="Sc_open baydoor">
               <Joint_map_0 name="Joint map 0">
                  <Parent_name name="Parent name" type="text">Root</Parent_name>
                  <Child_name name="Child name" type="text">baydoor02_lod1</Child_name>
                  <Channel>
                     <Header type="Header">
                        <!-- count    --> 2,
                        <!-- interval --> Explicit,
                        <!-- flags    --> 0x1
                     </Header>
                     <Frames type="Frames" count="2">
                          0.0000000000:   0.0000000000
                          3.3333335000:   1.2217300000
                     </Frames>
                  </Channel>
               </Joint_map_0>
               <Joint_map_1 name="Joint map 1">
                  <Parent_name name="Parent name" type="text">Root</Parent_name>
                  <Child_name name="Child name" type="text">baydoor01_lod1</Child_name>
                  <Channel>
                     <Header type="Header">
                        <!-- count    --> 2,
                        <!-- interval --> Explicit,
                        <!-- flags    --> 0x1
                     </Header>
                     <Frames type="Frames" count="2">
                          0.0000000000:   0.0000000000
                          3.3333335000:   1.2217300000
                     </Frames>
                  </Channel>
               </Joint_map_1>
            </Sc_open_baydoor>
            <Sc_end_anim name="Sc_end anim">
               <Joint_map_0 name="Joint map 0">
                  <Parent_name name="Parent name" type="text">Root</Parent_name>
                  <Child_name name="Child name" type="text">baydoor02_lod1</Child_name>
                  <Channel>
                     <Header type="Header">
                        <!-- count    --> 1,
                        <!-- interval --> 0.033333335,
                        <!-- flags    --> 0x1
                     </Header>
                     <Frames type="Frames" count="2">
                          1.2217300000
                          0.0000000000
                     </Frames>
                  </Channel>
               </Joint_map_0>
               <Joint_map_1 name="Joint map 1">
                  <Parent_name name="Parent name" type="text">Root</Parent_name>
                  <Child_name name="Child name" type="text">baydoor01_lod1</Child_name>
                  <Channel>
                     <Header type="Header">
                        <!-- count    --> 1,
                        <!-- interval --> 0.033333335,
                        <!-- flags    --> 0x1
                     </Header>
                     <Frames type="Frames" count="2">
                          1.2217300000
                          0.0000000000
                     </Frames>
                  </Channel>
               </Joint_map_1>
            </Sc_end_anim>
         </Script>
      </Animation>
      <bw_elite_lod1020912020823.3db>
         <VMeshWire include="bw_vheavy_fighter_cmp\bw_elite_lod1.vwd.xml"/>
         <MultiLevel>
            <Switch2 type="float array" count="4">
               0,
               100,
               1000,
               1000000
            </Switch2>
            <Level0>
               <VMeshPart>
                  <VMeshRef type="VMeshRef">
                     <!-- header size  --> 60,
                     <!-- vmesh lib    --> data.ships.border_world.bw_vheavy_fighter.bw_vheavy_fighter.lod0-112.vms,
                     <!-- start vert   --> 1094,
                     <!-- num verts    --> 1633,
                     <!-- start index  --> 1176,
                     <!-- num indices  --> 1722,
                     <!-- start mesh   --> 17,
                     <!-- num meshes   --> 5,
                     <!-- bounding box -->  3.7780621,    2.2647548,   5.4034495,
                                           -3.7475634,   -6.7560644, -13.186357,
                     <!-- center       --> -0.024204122, -2.1353667,  -3.7089195,
                     <!-- radius       --> 9.6973734
                  </VMeshRef>
               </VMeshPart>
            </Level0>
            <Level1>
               <VMeshPart>
                  <VMeshRef type="VMeshRef">
                     <!-- header size  --> 60,
                     <!-- vmesh lib    --> data.ships.border_world.bw_vheavy_fighter.bw_vheavy_fighter.lod1-112.vms,
                     <!-- start vert   --> 594,
                     <!-- num verts    --> 894,
                     <!-- start index  --> 612,
                     <!-- num indices  --> 894,
                     <!-- start mesh   --> 13,
                     <!-- num meshes   --> 4,
                     <!-- bounding box -->  3.7780621,    2.2647548,   5.4034495,
                                           -3.7475634,   -6.7560644, -13.186357,
                     <!-- center       --> -0.024204122, -2.1353667,  -3.7089195,
                     <!-- radius       --> 9.6973734
                  </VMeshRef>
               </VMeshPart>
            </Level1>
            <Level2>
               <VMeshPart>
                  <VMeshRef type="VMeshRef">
                     <!-- header size  --> 60,
                     <!-- vmesh lib    --> data.ships.border_world.bw_vheavy_fighter.bw_vheavy_fighter.lod2-112.vms,
                     <!-- start vert   --> 364,
                     <!-- num verts    --> 576,
                     <!-- start index  --> 372,
                     <!-- num indices  --> 576,
                     <!-- start mesh   --> 11,
                     <!-- num meshes   --> 4,
                     <!-- bounding box -->  3.7780621,    2.2647548,   5.4034495,
                                           -3.7475634,   -6.7560644, -13.186357,
                     <!-- center       --> -0.024204122, -2.1353667,  -3.7089195,
                     <!-- radius       --> 9.6973734
                  </VMeshRef>
               </VMeshPart>
            </Level2>
         </MultiLevel>
         <Hardpoints>
            <Fixed>
               <DpEng01>
                  <Position type="Vector">-0.012313879, -0.077955402, 5.4006958</Position>
                  <Orientation type="Matrix">
                       1.0000000000, -44.703484e-09, -333.06691e-18,
                      44.703484e-09,   1.0000000000,  44.703484e-09,
                     -1.6653345e-15, -44.703484e-09,   1.0000000000
                  </Orientation>
               </DpEng01>
               <HpBayDoor01>
                  <Position type="Vector">-0.021645334, 0.67842805, 2.5550888</Position>
                  <Orientation type="Matrix">
                       1.0000000000, -44.703484e-09, -333.06691e-18,
                      44.703484e-09,   1.0000000000,  44.703484e-09,
                     -1.6653345e-15, -44.703484e-09,   1.0000000000
                  </Orientation>
               </HpBayDoor01>
               <HpBayDoor02>
                  <Position type="Vector">-0.021645647, 3.7080288, 2.5550885</Position>
                  <Orientation type="Matrix">
                       1.0000000000, -44.703484e-09, -333.06691e-18,
                      44.703484e-09,   1.0000000000,  44.703484e-09,
                     -1.6653345e-15, -44.703484e-09,   1.0000000000
                  </Orientation>
               </HpBayDoor02>
               <HpHeadLight>
                  <Position type="Vector">-0.021645108, -1.2897274, -5.0102654</Position>
                  <Orientation type="Matrix">
                       1.0000000000, -44.703484e-09, -333.06691e-18,
                      44.703484e-09,   1.0000000000,  44.703484e-09,
                     -1.6653345e-15, -44.703484e-09,   1.0000000000
                  </Orientation>
               </HpHeadLight>
               <HpMount>
                  <Position type="Vector">-0.02164438, -8.0410719, -0.82712889</Position>
                  <Orientation type="Matrix">
                       1.0000000000, -44.703484e-09, -333.06691e-18,
                      44.703484e-09,   1.0000000000,  44.703484e-09,
                     -1.6653345e-15, -44.703484e-09,   1.0000000000
                  </Orientation>
               </HpMount>
               <HpPilot>
                  <Position type="Vector">-0.016604923, 0.3593336, -2.3152065</Position>
                  <Orientation type="Matrix">
                       1.0000000000, -58.942714e-09, -7.9644043e-15,
                      58.942714e-09,   1.0000000000,  119.20930e-09,
                      937.88443e-18, -119.20930e-09,   1.0000000000
                  </Orientation>
               </HpPilot>
               <HpRunningLight01>
                  <Position type="Vector">-0.0077543478, -0.21576247, -13.452118</Position>
                  <Orientation type="Matrix">
                       1.0000000000, -44.703484e-09, -333.06691e-18,
                      44.703484e-09,   1.0000000000,  44.703484e-09,
                     -1.6653345e-15, -44.703484e-09,   1.0000000000
                  </Orientation>
               </HpRunningLight01>
               <HpTorpedo01>
                  <Position type="Vector">-0.021370649, -1.2254463, -4.108448</Position>
                  <Orientation type="Matrix">
                      -1.0000000000,  132.12626e-09, -333.06691e-18,
                     -132.12626e-09,  -1.0000000000,  44.703484e-09,
                      5.5734370e-15,  44.703484e-09,   1.0000000000
                  </Orientation>
               </HpTorpedo01>
               <HpMine01>
                  <Position type="Vector">-1.8069221, 1.3527104, 3.5015266</Position>
                  <Orientation type="Matrix">
                       0.9659258100,  -0.2588191000,  444.08921e-18,
                       0.2588191000,   0.9659258100,  44.703484e-09,
                     -11.570116e-09, -43.180247e-09,   1.0000000000
                  </Orientation>
               </HpMine01>
               <HpCM01>
                  <Position type="Vector">1.7608993, 1.3527106, 3.5015264</Position>
                  <Orientation type="Matrix">
                       0.9659258100,   0.2588190100,  1.3322678e-15,
                      -0.2588190100,   0.9659258100,  44.703480e-09,
                      11.570109e-09, -43.180247e-09,   1.0000000000
                  </Orientation>
               </HpCM01>
               <HpThruster01>
                  <Position type="Vector">-0.57274461, -2.6887608, 0.40099403</Position>
                  <Orientation type="Matrix">
                      -0.1132033900,  -0.9935718200,   0.0000000000,
                       0.9935718200,  -0.1132033900,  44.703484e-09,
                     -44.416122e-09,  5.0605857e-09,   1.0000000000
                  </Orientation>
               </HpThruster01>
               <HpShield01>
                  <Position type="Vector">0.53046405, -2.6887608, 0.40099409</Position>
                  <Orientation type="Matrix">
                      -0.1132030900,   0.9935718800, -1.7763568e-15,
                      -0.9935718800,  -0.1132030900,  44.703491e-09,
                      44.416129e-09,  5.0605751e-09,   1.0000000000
                  </Orientation>
               </HpShield01>
               <HpCockpit>
                  <Position type="Vector">-0.021912172, 0.53651786, -3.5089192</Position>
                  <Orientation type="Matrix">
                       1.0000000000, -297.65809e-09, -15.773985e-09,
                      297.65809e-09,   1.0000000000,  45.145089e-09,
                      15.773971e-09, -45.145093e-09,   1.0000000000
                  </Orientation>
               </HpCockpit>
               <DpPort_wing01>
                  <Position type="Vector">-3.7467561, -0.46794513, 1.2493395</Position>
                  <Orientation type="Matrix">
                      22.132552e-09,  -1.0000000000, -46.353858e-09,
                       1.0000000000,  22.132550e-09,  40.637193e-09,
                     -40.637193e-09, -46.353858e-09,   1.0000000000
                  </Orientation>
               </DpPort_wing01>
               <DpPort_wing02>
                  <Position type="Vector">-1.1784312, -5.7922254, -1.3716077</Position>
                  <Orientation type="Matrix">
                      22.132552e-09,  -1.0000000000, -46.353858e-09,
                       1.0000000000,  22.132550e-09,  40.637193e-09,
                     -40.637193e-09, -46.353858e-09,   1.0000000000
                  </Orientation>
               </DpPort_wing02>
               <DpStar_wing02>
                  <Position type="Vector">1.154453, -5.7922254, -1.3716072</Position>
                  <Orientation type="Matrix">
                     -205.15415e-09,   1.0000000000, -50.836711e-09,
                      -1.0000000000, -205.15415e-09,  58.124030e-09,
                      58.124019e-09,  50.836721e-09,   1.0000000000
                  </Orientation>
               </DpStar_wing02>
               <DpStar_wing01>
                  <Position type="Vector">3.7738111, -0.46794623, 1.2493395</Position>
                  <Orientation type="Matrix">
                     -205.15415e-09,   1.0000000000, -50.836711e-09,
                      -1.0000000000, -205.15415e-09,  58.124030e-09,
                      58.124019e-09,  50.836721e-09,   1.0000000000
                  </Orientation>
               </DpStar_wing01>
               <HpRunningLight02>
                  <Position type="Vector">-0.00775444, 1.8484279, -1.2823113</Position>
                  <Orientation type="Matrix">
                       1.0000000000, -44.703484e-09, -333.06691e-18,
                      44.703484e-09,   1.0000000000,  44.703484e-09,
                     -1.6653345e-15, -44.703484e-09,   1.0000000000
                  </Orientation>
               </HpRunningLight02>
               <HpRunningLight03>
                  <Position type="Vector">-0.0077544292, 1.6099164, 5.0445766</Position>
                  <Orientation type="Matrix">
                      -1.0000000000, -44.703491e-09,  150.99580e-09,
                     -44.703498e-09,   1.0000000000, -44.703473e-09,
                     -150.99580e-09, -44.703480e-09,  -1.0000000000
                  </Orientation>
               </HpRunningLight03>
               <HpRunningLight08>
                  <Position type="Vector">-0.0077532893, -6.9993606, 0.040976733</Position>
                  <Orientation type="Matrix">
                      -1.0000000000, -150.99579e-09, -44.703491e-09,
                     -44.703487e-09, -29.802315e-09,   1.0000000000,
                     -150.99579e-09,   1.0000000000,  29.802308e-09
                  </Orientation>
               </HpRunningLight08>
               <HpTractor_Source>
                  <Position type="Vector">-0.021645149, -0.35746345, -13.24183</Position>
                  <Orientation type="Matrix">
                       1.0000000000, -44.703484e-09, -333.06691e-18,
                      44.703484e-09,   1.0000000000,  44.703484e-09,
                     -1.6653345e-15, -44.703484e-09,   1.0000000000
                  </Orientation>
               </HpTractor_Source>
               <HpDocklight01>
                  <Position type="Vector">-2.3323283, 1.1966981, 0.72923803</Position>
                  <Orientation type="Matrix">
                       0.5000002400, -54.150426e-09,   0.8660252700,
                     -42.172157e-09,   1.0000000000,  86.875659e-09,
                      -0.8660252700, -79.960003e-09,   0.5000002400
                  </Orientation>
               </HpDocklight01>
               <HpDocklight02>
                  <Position type="Vector">2.373735, 1.1966984, 0.72923803</Position>
                  <Orientation type="Matrix">
                       0.8660252700, -65.058849e-09,  -0.5000002400,
                      75.967257e-09,   1.0000000000,  1.4614301e-09,
                       0.5000002400, -39.249283e-09,   0.8660252700
                  </Orientation>
               </HpDocklight02>
               <HpCloak01>
                  <Position type="Vector">0.027286287, -1.7372906, 0.092860326</Position>
                  <Orientation type="Matrix">
                      29.802317e-09,   1.0000000000, -29.802322e-09,
                      29.802322e-09,  29.802322e-09,   1.0000000000,
                       1.0000000000, -29.802319e-09, -29.802322e-09
                  </Orientation>
               </HpCloak01>
            </Fixed>
            <Revolute>
               <DpEng02>
                  <Position type="Vector">-0.012313281, -5.8145251, 0.074122064</Position>
                  <Orientation type="Matrix">
                       1.0000000000, -44.703484e-09, -333.06691e-18,
                      44.703484e-09,   1.0000000000,  44.703484e-09,
                     -1.6653345e-15, -44.703484e-09,   1.0000000000
                  </Orientation>
                  <Axis type="Vector">0, 0, 1</Axis>
                  <Min type="float">-6.2831855</Min>
                  <Max type="float">6.2831855</Max>
               </DpEng02>
               <HpTurret01>
                  <Position type="Vector">-0.021645458, 2.2645075, 0.19838323</Position>
                  <Orientation type="Matrix">
                       1.0000000000, -44.703484e-09, -333.06691e-18,
                      44.703484e-09,   1.0000000000,  44.703484e-09,
                     -1.6653345e-15, -44.703484e-09,   1.0000000000
                  </Orientation>
                  <Axis type="Vector">0, 1, 0</Axis>
                  <Min type="float">-6.2831855</Min>
                  <Max type="float">6.2831855</Max>
               </HpTurret01>
               <HpWeapon01>
                  <Position type="Vector">-1.6721443, -0.34431788, -3.7245941</Position>
                  <Orientation type="Matrix">
                      -0.4305112100,  -0.9025852700, -50.677585e-09,
                       0.9025852700,  -0.4305112100,  105.25770e-09,
                     -116.82131e-09, -426.22000e-12,   1.0000000000
                  </Orientation>
                  <Axis type="Vector">0, 1, 0</Axis>
                  <Min type="float">-0.7854</Min>
                  <Max type="float">0.78538001</Max>
               </HpWeapon01>
               <HpWeapon02>
                  <Position type="Vector">1.6382064, -0.34431756, -3.7245941</Position>
                  <Orientation type="Matrix">
                      -0.4226181800,   0.9063078200, -50.677571e-09,
                      -0.9063078200,  -0.4226181800,  105.25770e-09,
                      73.978619e-09,  90.413295e-09,   1.0000000000
                  </Orientation>
                  <Axis type="Vector">0, 1, 0</Axis>
                  <Min type="float">-0.7854</Min>
                  <Max type="float">0.78538001</Max>
               </HpWeapon02>
            </Revolute>
         </Hardpoints>
      </bw_elite_lod1020912020823.3db>
      <bw_glass_lod1020912020823.3db>
         <VMeshWire include="bw_vheavy_fighter_cmp\bw_glass_lod1.vwd.xml"/>
         <MultiLevel>
            <Switch2 type="float array" count="4">
               0,
               100,
               1000,
               1000000
            </Switch2>
            <Level0>
               <VMeshPart>
                  <VMeshRef type="VMeshRef">
                     <!-- header size  --> 60,
                     <!-- vmesh lib    --> data.ships.border_world.bw_vheavy_fighter.bw_vheavy_fighter.lod0-112.vms,
                     <!-- start vert   --> 342,
                     <!-- num verts    --> 32,
                     <!-- start index  --> 372,
                     <!-- num indices  --> 54,
                     <!-- start mesh   --> 4,
                     <!-- num meshes   --> 1,
                     <!-- bounding box -->  1.1966887,   2.4032011, -2.9832511,
                                           -1.1846808,   1.516224,  -5.1762638,
                     <!-- center       --> -0.024237303, 1.9081225, -4.1586757,
                     <!-- radius       --> 1.4144496
                  </VMeshRef>
               </VMeshPart>
            </Level0>
            <Level1>
               <VMeshPart>
                  <VMeshRef type="VMeshRef">
                     <!-- header size  --> 60,
                     <!-- vmesh lib    --> data.ships.border_world.bw_vheavy_fighter.bw_vheavy_fighter.lod1-112.vms,
                     <!-- start vert   --> 150,
                     <!-- num verts    --> 30,
                     <!-- start index  --> 150,
                     <!-- num indices  --> 48,
                     <!-- start mesh   --> 2,
                     <!-- num meshes   --> 1,
                     <!-- bounding box -->  1.1966887,   2.4032011, -2.9832511,
                                           -1.1846808,   1.516224,  -5.1762638,
                     <!-- center       --> -0.024237303, 1.9081225, -4.1586757,
                     <!-- radius       --> 1.4144496
                  </VMeshRef>
               </VMeshPart>
            </Level1>
            <Level2>
               <VMeshPart>
                  <VMeshRef type="VMeshRef">
                     <!-- header size  --> 60,
                     <!-- vmesh lib    --> data.ships.border_world.bw_vheavy_fighter.bw_vheavy_fighter.lod2-112.vms,
                     <!-- start vert   --> 123,
                     <!-- num verts    --> 22,
                     <!-- start index  --> 123,
                     <!-- num indices  --> 30,
                     <!-- start mesh   --> 2,
                     <!-- num meshes   --> 1,
                     <!-- bounding box -->  1.1966887,   2.4032011, -2.9832511,
                                           -1.1846808,   1.516224,  -5.1762638,
                     <!-- center       --> -0.024237303, 1.9081225, -4.1586757,
                     <!-- radius       --> 1.4144496
                  </VMeshRef>
               </VMeshPart>
            </Level2>
         </MultiLevel>
      </bw_glass_lod1020912020823.3db>
      <baydoor02_lod1020912020823.3db>
         <VMeshWire include="bw_vheavy_fighter_cmp\baydoor02_lod1.vwd.xml"/>
         <MultiLevel>
            <Switch2 type="float array" count="4">
               0,
               100,
               1000,
               1000000
            </Switch2>
            <Level0>
               <VMeshPart>
                  <VMeshRef type="VMeshRef">
                     <!-- header size  --> 60,
                     <!-- vmesh lib    --> data.ships.border_world.bw_vheavy_fighter.bw_vheavy_fighter.lod0-112.vms,
                     <!-- start vert   --> 401,
                     <!-- num verts    --> 27,
                     <!-- start index  --> 453,
                     <!-- num indices  --> 27,
                     <!-- start mesh   --> 6,
                     <!-- num meshes   --> 1,
                     <!-- bounding box --> 587.0891e-6,   0.90139204,     1.8704209,
                                            -0.90779883, -0.0011853627,  -1.8704214,
                     <!-- center       -->  -0.43333712,  0.42887402,   135.50851e-6,
                     <!-- radius       --> 1.9771308
                  </VMeshRef>
               </VMeshPart>
            </Level0>
            <Level1>
               <VMeshPart>
                  <VMeshRef type="VMeshRef">
                     <!-- header size  --> 60,
                     <!-- vmesh lib    --> data.ships.border_world.bw_vheavy_fighter.bw_vheavy_fighter.lod1-112.vms,
                     <!-- start vert   --> 198,
                     <!-- num verts    --> 18,
                     <!-- start index  --> 216,
                     <!-- num indices  --> 18,
                     <!-- start mesh   --> 4,
                     <!-- num meshes   --> 1,
                     <!-- bounding box --> 587.0891e-6,   0.90139204,     1.8704209,
                                            -0.90779883, -0.0011853627,  -1.8704214,
                     <!-- center       -->  -0.43333712,  0.42887402,   135.50851e-6,
                     <!-- radius       --> 1.9771308
                  </VMeshRef>
               </VMeshPart>
            </Level1>
            <Level2>
               <VMeshPart>
                  <VMeshRef type="VMeshRef">
                     <!-- header size  --> 60,
                     <!-- vmesh lib    --> data.ships.border_world.bw_vheavy_fighter.bw_vheavy_fighter.lod2-112.vms,
                     <!-- start vert   --> 163,
                     <!-- num verts    --> 18,
                     <!-- start index  --> 171,
                     <!-- num indices  --> 18,
                     <!-- start mesh   --> 4,
                     <!-- num meshes   --> 1,
                     <!-- bounding box --> 587.0891e-6,   0.90139204,     1.8704209,
                                            -0.90779883, -0.0011853627,  -1.8704214,
                     <!-- center       -->  -0.43333712,  0.42887402,   135.50851e-6,
                     <!-- radius       --> 1.9771308
                  </VMeshRef>
               </VMeshPart>
            </Level2>
         </MultiLevel>
      </baydoor02_lod1020912020823.3db>
      <baydoor01_lod1020912020823.3db>
         <VMeshWire include="bw_vheavy_fighter_cmp\baydoor01_lod1.vwd.xml"/>
         <MultiLevel>
            <Switch2 type="float array" count="4">
               0,
               100,
               1000,
               1000000
            </Switch2>
            <Level0>
               <VMeshPart>
                  <VMeshRef type="VMeshRef">
                     <!-- header size  --> 60,
                     <!-- vmesh lib    --> data.ships.border_world.bw_vheavy_fighter.bw_vheavy_fighter.lod0-112.vms,
                     <!-- start vert   --> 374,
                     <!-- num verts    --> 27,
                     <!-- start index  --> 426,
                     <!-- num indices  --> 27,
                     <!-- start mesh   --> 5,
                     <!-- num meshes   --> 1,
                     <!-- bounding box --> 587.91786e-6,  0.90139234,   1.8704212,
                                            -0.90779817, -0.00118477,  -1.8704213,
                     <!-- center       -->  -0.43220538,  0.42648584, 223.45384e-6,
                     <!-- radius       --> 1.9765445
                  </VMeshRef>
               </VMeshPart>
            </Level0>
            <Level1>
               <VMeshPart>
                  <VMeshRef type="VMeshRef">
                     <!-- header size  --> 60,
                     <!-- vmesh lib    --> data.ships.border_world.bw_vheavy_fighter.bw_vheavy_fighter.lod1-112.vms,
                     <!-- start vert   --> 180,
                     <!-- num verts    --> 18,
                     <!-- start index  --> 198,
                     <!-- num indices  --> 18,
                     <!-- start mesh   --> 3,
                     <!-- num meshes   --> 1,
                     <!-- bounding box --> 587.91786e-6,  0.90139234,   1.8704212,
                                            -0.90779817, -0.00118477,  -1.8704213,
                     <!-- center       -->  -0.43220538,  0.42648584, 223.45384e-6,
                     <!-- radius       --> 1.9765445
                  </VMeshRef>
               </VMeshPart>
            </Level1>
            <Level2>
               <VMeshPart>
                  <VMeshRef type="VMeshRef">
                     <!-- header size  --> 60,
                     <!-- vmesh lib    --> data.ships.border_world.bw_vheavy_fighter.bw_vheavy_fighter.lod2-112.vms,
                     <!-- start vert   --> 145,
                     <!-- num verts    --> 18,
                     <!-- start index  --> 153,
                     <!-- num indices  --> 18,
                     <!-- start mesh   --> 3,
                     <!-- num meshes   --> 1,
                     <!-- bounding box --> 587.91786e-6,  0.90139234,   1.8704212,
                                            -0.90779817, -0.00118477,  -1.8704213,
                     <!-- center       -->  -0.43220538,  0.42648584, 223.45384e-6,
                     <!-- radius       --> 1.9765445
                  </VMeshRef>
               </VMeshPart>
            </Level2>
         </MultiLevel>
         <Hardpoints>
            <Fixed>
               <Hpnew01>
                  <Orientation type="Matrix">
                       1.0000000000,   0.0000000000,   0.0000000000,
                       0.0000000000,   1.0000000000,   0.0000000000,
                       0.0000000000,   0.0000000000,   1.0000000000
                  </Orientation>
                  <Position type="Vector">0, -1, 0</Position>
               </Hpnew01>
               <Hpnew02>
                  <Orientation type="Matrix">
                       1.0000000000,   0.0000000000,   0.0000000000,
                       0.0000000000,   1.0000000000,   0.0000000000,
                       0.0000000000,   0.0000000000,   1.0000000000
                  </Orientation>
                  <Position type="Vector">0, -1, 0</Position>
               </Hpnew02>
               <Hpnew03>
                  <Orientation type="Matrix">
                       1.0000000000,   0.0000000000,   0.0000000000,
                       0.0000000000,   1.0000000000,   0.0000000000,
                       0.0000000000,   0.0000000000,   1.0000000000
                  </Orientation>
                  <Position type="Vector">0, -1, 0</Position>
               </Hpnew03>
            </Fixed>
         </Hardpoints>
      </baydoor01_lod1020912020823.3db>
      <bw_eng01_lod1020912020823.3db>
         <VMeshWire include="bw_vheavy_fighter_cmp\bw_eng01_lod1.vwd.xml"/>
         <MultiLevel>
            <Switch2 type="float array" count="4">
               0,
               100,
               1000,
               1000000
            </Switch2>
            <Level0>
               <VMeshPart>
                  <VMeshRef type="VMeshRef">
                     <!-- header size  --> 60,
                     <!-- vmesh lib    --> data.ships.border_world.bw_vheavy_fighter.bw_vheavy_fighter.lod0-112.vms,
                     <!-- start vert   --> 932,
                     <!-- num verts    --> 162,
                     <!-- start index  --> 1014,
                     <!-- num indices  --> 162,
                     <!-- start mesh   --> 14,
                     <!-- num meshes   --> 3,
                     <!-- bounding box -->  1.2689714,    1.0486821,    0.59615362,
                                           -1.2689717,   -1.048682,    -0.59615391,
                     <!-- center       --> -0.012924681,  0.060543865, -0.097893342,
                     <!-- radius       --> 1.5306429
