<?xml version="1.0" encoding="ISO-8859-1"?>
<!-- XML generated by UTFXML Version 2.2 built 19-Aug-2010 -->
<UTFXML filename="jph_harpy.cmp" path="SHIPS\new\pirates">
   <UTF_ROOT>
      <VMeshLibrary>
         <Harpy_Hull.lod0.vms include="jph_harpy_cmp\lod0.vms.xml"/>
         <Harpy_Hull.3db.lod1.vms include="jph_harpy_cmp\lod1.vms.xml"/>
      </VMeshLibrary>
      <Cmpnd>
         <Root>
            <File_name name="File name" type="text">Harpy_Hull.3db</File_name>
            <Index type="int">0</Index>
            <Object_name name="Object name" type="text">Root</Object_name>
         </Root>
      </Cmpnd>
      <Harpy_Hull.3db>
         <Hardpoints>
            <Fixed>
               <HpMount>
                  <Orientation type="Matrix">
                       1.0000000000,   0.0000000000,   0.0000000000,
                       0.0000000000,   1.0000000000,   0.0000000000,
                       0.0000000000,   0.0000000000,   1.0000000000
                  </Orientation>
                  <Position type="Vector">0, -4.641026, 3.3461311</Position>
               </HpMount>
               <HpPilot>
                  <Orientation type="Matrix">
                       1.0000000000,   0.0000000000,   0.0000000000,
                       0.0000000000,   1.0000000000,   0.0000000000,
                       0.0000000000,   0.0000000000,   1.0000000000
                  </Orientation>
                  <Position type="Vector">0, 0.37158501, 2.538749</Position>
               </HpPilot>
               <HpCockpit>
                  <Orientation type="Matrix">
                       1.0000000000,   0.0000000000,   0.0000000000,
                       0.0000000000,   1.0000000000,   0.0000000000,
                       0.0000000000,   0.0000000000,   1.0000000000
                  </Orientation>
                  <Position type="Vector">0, 1.370333, 2.531708</Position>
               </HpCockpit>
               <HpHeadlight>
                  <Orientation type="Matrix">
                       1.0000000000,   0.0000000000,  -0.0000000000,
                      -0.0000000000,   0.2079117300,  -0.9781476300,
                       0.0000000000,   0.9781476300,   0.2079117300
                  </Orientation>
                  <Position type="Vector">0, -0.64081502, -3.8587899</Position>
               </HpHeadlight>
               <HpThruster01>
                  <Orientation type="Matrix">
                      -0.9999998200, -86.346461e-09, -13.675936e-09,
                      87.422777e-09,  -0.9876881800,  -0.1564344600,
                       0.0000000000,  -0.1564344600,   0.9876883600
                  </Orientation>
                  <Position type="Vector">0, -0.613563, 8.7120991</Position>
               </HpThruster01>
               <HpTractor_Source>
                  <Orientation type="Matrix">
                       1.0000000000,   0.0000000000,  -0.0000000000,
                      -0.0000000000,   0.9271838700,  -0.3746065800,
                       0.0000000000,   0.3746065800,   0.9271838700
                  </Orientation>
                  <Position type="Vector">0, -0.79620802, -2.8275361</Position>
               </HpTractor_Source>
               <HpEngine01>
                  <Orientation type="Matrix">
                       1.0000000000,   0.0000000000,   0.0000000000,
                       0.0000000000,   1.0000000000,   0.0000000000,
                       0.0000000000,   0.0000000000,   1.0000000000
                  </Orientation>
                  <Position type="Vector">2.03, -0.58467603, 12.088787</Position>
               </HpEngine01>
               <HpShield01>
                  <Orientation type="Matrix">
                       1.0000000000,   0.0000000000,   0.0000000000,
                       0.0000000000,   1.0000000000,   0.0000000000,
                       0.0000000000,   0.0000000000,   1.0000000000
                  </Orientation>
                  <Position type="Vector">0, 1.364828, 6.3568182</Position>
               </HpShield01>
               <HpCM01>
                  <Orientation type="Matrix">
                      -0.9975639600,   0.0697458390,  -0.0012174181,
                      -0.0697564630,  -0.9974120300,   0.0174098930,
                       0.0000000000,   0.0174524060,   0.9998477100
                  </Orientation>
                  <Position type="Vector">2.5582571, -1.8163019, 6.210146</Position>
               </HpCM01>
               <HpMine01>
                  <Orientation type="Matrix">
                      -0.9975639600,  -0.0697458390,   0.0012174181,
                       0.0697564630,  -0.9974120300,   0.0174098930,
                       0.0000000000,   0.0174524060,   0.9998477100
                  </Orientation>
                  <Position type="Vector">-2.5582571, -1.8163019, 6.210146</Position>
               </HpMine01>
               <HpContrail01>
                  <Orientation type="Matrix">
                       0.7602219000,   0.6349374700,   0.0000000000,
                      -0.6349374700,   0.7602219000,   0.1375391600,
                       0.0873287690,  -0.1045602900,   0.9810829200
                  </Orientation>
                  <Position type="Vector">9.3022232, -1.0783556, 8.0549974</Position>
               </HpContrail01>
               <HpContrail02>
                  <Orientation type="Matrix">
                       0.7602219000,  -0.6349374700,   0.0000000000,
                       0.6349374700,   0.7602219000,   0.1375391600,
                      -0.0873287690,  -0.1045602900,   0.9810829200
                  </Orientation>
                  <Position type="Vector">-9.6194439, -1.0783556, 8.0549974</Position>
               </HpContrail02>
               <HpRunningLight01>
                  <Orientation type="Matrix">
                       0.8345282700,  -0.4437369400,   0.0000000000,
                       0.4437369400,   0.8345282700,   0.3265885100,
                      -0.1449193800,  -0.2725473300,   0.8933398700
                  </Orientation>
                  <Position type="Vector">-4.1975379, 4.4263959, 8.3127937</Position>
               </HpRunningLight01>
               <HpRunningLight02>
                  <Orientation type="Matrix">
                       0.8345282700,   0.4437369400,   0.0000000000,
                      -0.4437369400,   0.8345282700,   0.3265885100,
                       0.1449193800,  -0.2725473300,   0.8933398700
                  </Orientation>
                  <Position type="Vector">3.8894928, 4.5746136, 8.3121157</Position>
               </HpRunningLight02>
               <HpRunningLight03>
                  <Orientation type="Matrix">
                      -0.9986293300,  -0.0491798000,  -0.0178999830,
                       0.0523360520,  -0.9384046200,  -0.3415513900,
                       0.0000000000,  -0.3420201200,   0.9396926200
                  </Orientation>
                  <Position type="Vector">0, -4.6306, 8.6664944</Position>
               </HpRunningLight03>
               <HpRunningLight04>
                  <Orientation type="Matrix">
                      -0.1543467500,  -0.9880167200,   0.0000000000,
                       0.9880167200,  -0.1543467500,  -0.0000000000,
                       0.0000000000,   0.0000000000,   1.0000000000
                  </Orientation>
                  <Position type="Vector">-9.0462475, -2.4319935, 6.9582667</Position>
               </HpRunningLight04>
               <HpRunningLight05>
                  <Orientation type="Matrix">
                      -0.1543467500,   0.9880167200,   0.0000000000,
                      -0.9880167200,  -0.1543467500,   0.0000000000,
                       0.0000000000,   0.0000000000,   1.0000000000
                  </Orientation>
                  <Position type="Vector">9.0745926, -2.0873032, 6.9587846</Position>
               </HpRunningLight05>
               <HpRunningLight06>
                  <Orientation type="Matrix">
                      -0.9889767200,  -0.0765246080,   0.0000000000,
                       0.0765246080,  -0.9889767200,  -0.1267636700,
                       0.0097005405,  -0.1253663200,   0.9839309500
                  </Orientation>
                  <Position type="Vector">-0.1760426, -1.1663805, -2.5032859</Position>
               </HpRunningLight06>
               <HpDockLight01>
                  <Orientation type="Matrix">
                       0.8345282700,   0.4437369400,   0.0000000000,
                      -0.4437369400,   0.8345282700,   0.3265885100,
                       0.1449193800,  -0.2725473300,   0.8933398700
                  </Orientation>
                  <Position type="Vector">3.9161081, 4.5822468, 8.3169012</Position>
               </HpDockLight01>
               <HpDockLight02>
                  <Orientation type="Matrix">
                       0.8345282700,  -0.4437369400,   0.0000000000,
                       0.4437369400,   0.8345282700,   0.3265885100,
                      -0.1449193800,  -0.2725473300,   0.8933398700
                  </Orientation>
                  <Position type="Vector">-4.2078071, 4.4199276, 8.3409548</Position>
               </HpDockLight02>
               <HpDockLight03>
                  <Orientation type="Matrix">
                      -0.9986293300,  -0.0491798000,  -0.0178999830,
                       0.0523360520,  -0.9384046200,  -0.3415513900,
                       0.0000000000,  -0.3420201200,   0.9396926200
                  </Orientation>
                  <Position type="Vector">0, -4.633481, 8.6252785</Position>
               </HpDockLight03>
               <HpEngine02>
                  <Orientation type="Matrix">
                       1.0000000000,   0.0000000000,   0.0000000000,
                       0.0000000000,   1.0000000000,   0.0000000000,
                       0.0000000000,   0.0000000000,   1.0000000000
                  </Orientation>
                  <Position type="Vector">-2.03, -0.58467603, 12.088787</Position>
               </HpEngine02>
               <Hpnew01>
                  <Orientation type="Matrix">
                       1.0000000000,   0.0000000000,   0.0000000000,
                       0.0000000000,   1.0000000000,   0.0000000000,
                       0.0000000000,   0.0000000000,   1.0000000000
                  </Orientation>
                  <Position type="Vector">0, 0, 5</Position>
               </Hpnew01>
               <Hpnew02>
                  <Orientation type="Matrix">
                       1.0000000000,   0.0000000000,   0.0000000000,
                       0.0000000000,   1.0000000000,   0.0000000000,
                       0.0000000000,   0.0000000000,   1.0000000000
                  </Orientation>
                  <Position type="Vector">0, 0, 5</Position>
               </Hpnew02>
               <Hpnew03>
                  <Orientation type="Matrix">
                       1.0000000000,   0.0000000000,   0.0000000000,
                       0.0000000000,   1.0000000000,   0.0000000000,
                       0.0000000000,   0.0000000000,   1.0000000000
                  </Orientation>
                  <Position type="Vector">0, 0, 5</Position>
               </Hpnew03>
               <HpCloak01>
                  <Orientation type="Matrix">
                       1.0000000000,   0.0000000000,   0.0000000000,
                       0.0000000000,   1.0000000000,   0.0000000000,
                       0.0000000000,   0.0000000000,   1.0000000000
                  </Orientation>
                  <Position type="Vector">0, -0.5, 0</Position>
               </HpCloak01>
            </Fixed>
            <Revolute>
               <HpWeapon01>
                  <Axis type="Vector">0, 1, 0</Axis>
                  <Max type="float">0.76794487</Max>
                  <Min type="float">-0.78539819</Min>
                  <Orientation type="Matrix">
                       0.0174524190,   0.9998477100,   0.0000000000,
                      -0.9998477100,   0.0174524190,   0.0000000000,
                       0.0000000000,   0.0000000000,   1.0000000000
                  </Orientation>
                  <Position type="Vector">3.403075, -0.377942, -1.39112</Position>
               </HpWeapon01>
               <HpWeapon02>
                  <Axis type="Vector">0, 1, 0</Axis>
                  <Max type="float">0.76794487</Max>
                  <Min type="float">-0.78539819</Min>
                  <Orientation type="Matrix">
                       0.0174524190,  -0.9998477100,  -0.0000000000,
                       0.9998477100,   0.0174524190,   0.0000000000,
                       0.0000000000,  -0.0000000000,   1.0000000000
                  </Orientation>
                  <Position type="Vector">-3.403075, -0.377942, -1.39112</Position>
               </HpWeapon02>
               <HpWeapon03>
                  <Axis type="Vector">0, 1, 0</Axis>
                  <Max type="float">0.76794487</Max>
                  <Min type="float">-0.78539819</Min>
                  <Orientation type="Matrix">
                       0.9848077300,   0.1736481800,   0.0000000000,
                      -0.1736481800,   0.9848077300,   0.0000000000,
                       0.0000000000,   0.0000000000,   1.0000000000
                  </Orientation>
                  <Position type="Vector">5.5997882, -1.4788671, 5.4133091</Position>
               </HpWeapon03>
               <HpWeapon04>
                  <Axis type="Vector">0, 1, 0</Axis>
                  <Max type="float">0.76794487</Max>
                  <Min type="float">-0.78539819</Min>
                  <Orientation type="Matrix">
                       0.9848077300,  -0.1736481800,  -0.0000000000,
                       0.1736481800,   0.9848077300,   0.0000000000,
                       0.0000000000,  -0.0000000000,   1.0000000000
                  </Orientation>
                  <Position type="Vector">-5.5997882, -1.4788671, 5.4133091</Position>
               </HpWeapon04>
               <HpWeapon05>
                  <Axis type="Vector">0, 1, 0</Axis>
                  <Max type="float">0.76794487</Max>
                  <Min type="float">-0.78539819</Min>
                  <Orientation type="Matrix">
                      -0.9816272300,  -0.1908090100,  -0.0000000000,
                       0.1908090100,  -0.9816272300,   0.0000000000,
                       0.0000000000,  -0.0000000000,   1.0000000000
                  </Orientation>
                  <Position type="Vector">5.9075499, -1.847329, 5.409276</Position>
               </HpWeapon05>
               <HpWeapon06>
                  <Axis type="Vector">0, 1, 0</Axis>
                  <Max type="float">0.76794487</Max>
                  <Min type="float">-0.78539819</Min>
                  <Orientation type="Matrix">
                      -0.9781476300,   0.2079116100,   0.0000000000,
                      -0.2079116100,  -0.9781476300,   0.0000000000,
                       0.0000000000,   0.0000000000,   1.0000000000
                  </Orientation>
                  <Position type="Vector">-5.9075499, -1.847329, 5.409276</Position>
               </HpWeapon06>
               <HpTurret01>
                  <Axis type="Vector">1, 1, 1</Axis>
                  <Max type="float">3.1415927</Max>
                  <Min type="float">-3.1415927</Min>
                  <Orientation type="Matrix">
                      -0.9998476500,   0.0174498860,  304.59135e-06,
                       0.0174525450,   0.9996954200,   0.0174498860,
                       0.0000000000,   0.0174525450,  -0.9998476500
                  </Orientation>
                  <Position type="Vector">0, 1.51, 6.5</Position>
               </HpTurret01>
               <HpTorpedo01>
                  <Axis type="Vector">0, 1, 0</Axis>
                  <Max type="float">0.76794487</Max>
                  <Min type="float">-0.78539819</Min>
                  <Orientation type="Matrix">
                      -0.9961947200,   0.0871558190,   0.0000000000,
                      -0.0871558190,  -0.9961947200,   0.0000000000,
                       0.0000000000,  -0.0000000000,   1.0000000000
                  </Orientation>
                  <Position type="Vector">2.2890689, -1.854862, 6.0338268</Position>
               </HpTorpedo01>
               <HpWeapon07>
                  <Axis type="Vector">0, 1, 0</Axis>
                  <Max type="float">0.52359879</Max>
                  <Min type="float">-0.52359879</Min>
                  <Orientation type="Matrix">
                      59.604645e-09,   0.9999998800,   0.0000000000,
                      -0.9999998800,  59.604645e-09,   0.0000000000,
                       0.0000000000,   0.0000000000,   1.0000000000
                  </Orientation>
                  <Position type="Vector">8.8398085, -2.2615831, 6.697495</Position>
               </HpWeapon07>
               <HpWeapon08>
                  <Axis type="Vector">0, 1, 0</Axis>
                  <Max type="float">0.52359879</Max>
                  <Min type="float">-0.52359879</Min>
                  <Orientation type="Matrix">
                      59.604645e-09,  -0.9999998800,  -0.0000000000,
                       0.9999998800,  59.604645e-09,   0.0000000000,
                       0.0000000000,  -0.0000000000,   1.0000000000
                  </Orientation>
                  <Position type="Vector">-8.8423738, -2.245157, 6.6641068</Position>
               </HpWeapon08>
               <HpTorpedo02>
                  <Axis type="Vector">0, 1, 0</Axis>
                  <Max type="float">0.78539819</Max>
                  <Min type="float">-0.78539819</Min>
                  <Orientation type="Matrix">
                      -0.9961947200,  -0.0871558190,   0.0000000000,
                       0.0871558190,  -0.9961947200,  -0.0000000000,
                       0.0000000000,   0.0000000000,   1.0000000000
                  </Orientation>
                  <Position type="Vector">-2.2162869, -1.859286, 6.0164452</Position>
               </HpTorpedo02>
            </Revolute>
         </Hardpoints>
         <MultiLevel>
            <Level0>
               <VMeshPart>
                  <VMeshRef type="VMeshRef">
                     <!-- header size  --> 60,
                     <!-- vmesh lib    --> Harpy_Hull.lod0.vms,
                     <!-- start vert   --> 0,
                     <!-- num verts    --> 1493,
                     <!-- start index  --> 0,
                     <!-- num indices  --> 6300,
                     <!-- start mesh   --> 0,
                     <!-- num meshes   --> 2,
                     <!-- bounding box -->  9.5382862,  4.3919458,    12.265411,
                                           -9.5382862, -4.5069203,   -11.678048,
                     <!-- center       -->  0,         -0.057487249,   0.29368162,
                     <!-- radius       --> 15.940473
                  </VMeshRef>
               </VMeshPart>
            </Level0>
         </MultiLevel>
      </Harpy_Hull.3db>
   </UTF_ROOT>
</UTFXML>
