<?xml version="1.0" encoding="ISO-8859-1"?>
<!-- XML generated by UTFXML Version 2.2 built 19-Aug-2010 -->
<UTFXML filename="hornet_small.cmp" path="SHIPS\new\Admin">
   <UTF_ROOT>
      <VMeshLibrary>
         <HRNT01.lod0.vms include="hornet_small_cmp\lod0.vms.xml"/>
      </VMeshLibrary>
      <Cmpnd>
         <Root>
            <File_name name="File name" type="text">HRNT01.3db</File_name>
            <Index type="int">0</Index>
            <Object_name name="Object name" type="text">Root</Object_name>
         </Root>
      </Cmpnd>
      <HRNT01.3db>
         <Hardpoints>
            <Fixed>
               <HpShield01>
                  <Orientation type="Matrix">
                       1.0000000000,   0.0000000000,   0.0000000000,
                       0.0000000000,   1.0000000000,   0.0000000000,
                       0.0000000000,   0.0000000000,   1.0000000000
                  </Orientation>
                  <Position type="Vector">0, 0, 0</Position>
               </HpShield01>
               <HpTractor_Source>
                  <Orientation type="Matrix">
                     -119.20929e-09,   0.9999996400,   0.0000000000,
                      -0.9999996400, -119.20929e-09,   0.0000000000,
                       0.0000000000,   0.0000000000,   1.0000000000
                  </Orientation>
                  <Position type="Vector">-0.016153, -2.522341, -2.42152</Position>
               </HpTractor_Source>
               <HpMount>
                  <Orientation type="Matrix">
                       1.0000000000,   0.0000000000,   0.0000000000,
                       0.0000000000,   1.0000000000,   0.0000000000,
                       0.0000000000,   0.0000000000,   1.0000000000
                  </Orientation>
                  <Position type="Vector">-0.027243834, -4.0651546, 0.22307011</Position>
               </HpMount>
               <HpTorpedo02>
                  <Orientation type="Matrix">
                      -0.9945220900,  -0.1045265300,   0.0000000000,
                       0.1045265300,  -0.9945220900,   0.0000000000,
                      -0.0000000000,   0.0000000000,   1.0000000000
                  </Orientation>
                  <Position type="Vector">-2.2629325, -0.36092067, -0.36626959</Position>
               </HpTorpedo02>
               <HpEngine01>
                  <Orientation type="Matrix">
                       1.0000000000,   0.0000000000,   0.0000000000,
                       0.0000000000,   1.0000000000,   0.0000000000,
                       0.0000000000,   0.0000000000,   1.0000000000
                  </Orientation>
                  <Position type="Vector">4.1917782, -0.37916401, 3.0442059</Position>
               </HpEngine01>
               <HpEngine02>
                  <Orientation type="Matrix">
                       1.0000000000,   0.0000000000,   0.0000000000,
                       0.0000000000,   1.0000000000,   0.0000000000,
                       0.0000000000,   0.0000000000,   1.0000000000
                  </Orientation>
                  <Position type="Vector">-4.2395029, -0.37916401, 3.0442059</Position>
               </HpEngine02>
               <HpDockLight01>
                  <Orientation type="Matrix">
                       0.2588137100,   0.9659272400,   0.0000000000,
                      -0.9659272400,   0.2588137100,  -0.0000000000,
                      -0.0000000000,   0.0000000000,   1.0000000000
                  </Orientation>
                  <Position type="Vector">-2.5228961, 2.6969841, 0.40060687</Position>
               </HpDockLight01>
               <HpDockLight02>
                  <Orientation type="Matrix">
                       0.2588137100,  -0.9659272400,   0.0000000000,
                       0.9659272400,   0.2588137100,   0.0000000000,
                      -0.0000000000,  -0.0000000000,   1.0000000000
                  </Orientation>
                  <Position type="Vector">2.4751706, 2.6969841, 0.40060687</Position>
               </HpDockLight02>
               <Headlight01>
                  <Orientation type="Matrix">
                      -0.1052299400,  -0.3927266600,   0.0000000000,
                       0.3927266600,  -0.1052299400,  -0.9136150500,
                       0.3588009800,  -0.0961396550,   0.1653075700
                  </Orientation>
                  <Position type="Vector">5.2051177, -1.7191398, -0.99777943</Position>
               </Headlight01>
               <Headlight02>
                  <Orientation type="Matrix">
                      -0.1052298800,   0.3927264500,   0.0000000000,
                      -0.3927264500,  -0.1052298800,  -0.9136151100,
                      -0.3588008300,  -0.0961396100,   0.1653073900
                  </Orientation>
                  <Position type="Vector">-5.2528429, -1.7191398, -0.99777943</Position>
               </Headlight02>
               <HpRunningLight01>
                  <Orientation type="Matrix">
                       0.2588216400,  -0.9659251600,   0.0000000000,
                       0.9659251600,   0.2588216400,   0.0000000000,
                      -0.0000000000,  -0.0000000000,   1.0000000000
                  </Orientation>
                  <Position type="Vector">2.4629128, 2.6975272, 0.72035342</Position>
               </HpRunningLight01>
               <HpRunningLight02>
                  <Orientation type="Matrix">
                       0.2588216400,   0.9659251600,   0.0000000000,
                      -0.9659251600,   0.2588216400,   0.0000000000,
                       0.0000000000,  -0.0000000000,   1.0000000000
                  </Orientation>
                  <Position type="Vector">-2.510638, 2.6975272, 0.72035342</Position>
               </HpRunningLight02>
               <HpConTrail01>
                  <Orientation type="Matrix">
                      -0.3535553800,   0.6123709700,   0.0000000000,
                      -0.6123709700,  -0.3535553800,   0.7071070700,
                       0.4330118300,   0.2500015200,   0.4999996100
                  </Orientation>
                  <Position type="Vector">6.0326586, 0.36479774, 0.3033841</Position>
               </HpConTrail01>
               <HpConTrail02>
                  <Orientation type="Matrix">
                      -0.3535560400,  -0.6123707900,   0.0000000000,
                       0.6123707900,  -0.3535560400,   0.7071068900,
                      -0.4330115900,   0.2500019100,   0.4999998500
                  </Orientation>
                  <Position type="Vector">-6.0803838, 0.36479774, 0.3033841</Position>
               </HpConTrail02>
               <HpPilot>
                  <Orientation type="Matrix">
                       1.0000000000,   0.0000000000,   0.0000000000,
                      -0.0000000000,   1.0000000000,   0.0000000000,
                       0.0000000000,  -0.0000000000,   1.0000000000
                  </Orientation>
                  <Position type="Vector">-0.016374271, -0.58689344, -1.240698</Position>
               </HpPilot>
               <HpThruster01>
                  <Orientation type="Matrix">
                       1.0000000000,   0.0000000000,   0.0000000000,
                       0.0000000000,   1.0000000000,   0.0000000000,
                       0.0000000000,   0.0000000000,   1.0000000000
                  </Orientation>
                  <Position type="Vector">4.1917782, -0.37916401, 2.244206</Position>
               </HpThruster01>
               <HpThruster02>
                  <Orientation type="Matrix">
                       1.0000000000,   0.0000000000,   0.0000000000,
                       0.0000000000,   1.0000000000,   0.0000000000,
                       0.0000000000,   0.0000000000,   1.0000000000
                  </Orientation>
                  <Position type="Vector">-4.2395029, -0.37916401, 2.244206</Position>
               </HpThruster02>
               <HpBayDoor01>
                  <Orientation type="Matrix">
                       1.0000000000,   0.0000000000,   0.0000000000,
                       0.0000000000,   1.0000000000,   0.0000000000,
                       0.0000000000,   0.0000000000,   1.0000000000
                  </Orientation>
                  <Position type="Vector">0, 0, 0</Position>
               </HpBayDoor01>
               <HpRunningLight03>
                  <Orientation type="Matrix">
                       1.0000000000,   0.0000000000,   0.0000000000,
                       0.0000000000,   1.0000000000,   0.0000000000,
                       0.0000000000,   0.0000000000,   1.0000000000
                  </Orientation>
                  <Position type="Vector">-3.0548489, 2.722651, 0.45614201</Position>
               </HpRunningLight03>
               <HpRunningLight04>
                  <Orientation type="Matrix">
                       1.0000000000,   0.0000000000,   0.0000000000,
                       0.0000000000,   1.0000000000,   0.0000000000,
                       0.0000000000,   0.0000000000,   1.0000000000
                  </Orientation>
                  <Position type="Vector">3.2142179, 2.649406, 0.42320201</Position>
               </HpRunningLight04>
               <HpCloak01>
                  <Orientation type="Matrix">
                       1.0000000000,   0.0000000000,   0.0000000000,
                       0.0000000000,   1.0000000000,   0.0000000000,
                       0.0000000000,   0.0000000000,   1.0000000000
                  </Orientation>
                  <Position type="Vector">0, 0, 0</Position>
               </HpCloak01>
               <Hpnew01>
                  <Orientation type="Matrix">
                       1.0000000000,   0.0000000000,   0.0000000000,
                       0.0000000000,   1.0000000000,   0.0000000000,
                       0.0000000000,   0.0000000000,   1.0000000000
                  </Orientation>
                  <Position type="Vector">0, 0, 0</Position>
               </Hpnew01>
               <Hpnew02>
                  <Orientation type="Matrix">
                       1.0000000000,   0.0000000000,   0.0000000000,
                       0.0000000000,   1.0000000000,   0.0000000000,
                       0.0000000000,   0.0000000000,   1.0000000000
                  </Orientation>
                  <Position type="Vector">0, 0, 0</Position>
               </Hpnew02>
               <Hpnew03>
                  <Orientation type="Matrix">
                       1.0000000000,   0.0000000000,   0.0000000000,
                       0.0000000000,   1.0000000000,   0.0000000000,
                       0.0000000000,   0.0000000000,   1.0000000000
                  </Orientation>
                  <Position type="Vector">0, 0, 0</Position>
               </Hpnew03>
               <Hpnew04>
                  <Orientation type="Matrix">
                       1.0000000000,   0.0000000000,   0.0000000000,
                       0.0000000000,   1.0000000000,   0.0000000000,
                       0.0000000000,   0.0000000000,   1.0000000000
                  </Orientation>
                  <Position type="Vector">0, 0, 0</Position>
               </Hpnew04>
            </Fixed>
            <Revolute>
               <HpTorpedo01>
                  <Axis type="Vector">0, 1, 0</Axis>
                  <Max type="float">0.78538001</Max>
                  <Min type="float">-0.7854</Min>
                  <Orientation type="Matrix">
                      -0.9945220900,   0.1045266800,   0.0000000000,
                      -0.1045266800,  -0.9945220900,   0.0000000000,
                       0.0000000000,   0.0000000000,   1.0000000000
                  </Orientation>
                  <Position type="Vector">2.2305362, -0.36092067, -0.3649348</Position>
               </HpTorpedo01>
               <HpWeapon01>
                  <Axis type="Vector">0, 1, 0</Axis>
                  <Max type="float">0.78538001</Max>
                  <Min type="float">-0.7854</Min>
                  <Orientation type="Matrix">
                       0.9945220400,   0.1045268600,   0.0000000000,
                      -0.1045268600,   0.9945220400,  -0.0000000000,
                      -0.0000000000,   0.0000000000,   1.0000000000
                  </Orientation>
                  <Position type="Vector">2.2325387, 0.30984607, -0.36787182</Position>
               </HpWeapon01>
               <HpWeapon02>
                  <Axis type="Vector">0, 1, 0</Axis>
                  <Max type="float">0.78538001</Max>
                  <Min type="float">-0.7854</Min>
                  <Orientation type="Matrix">
                       0.9945220900,  -0.1045267100,   0.0000000000,
                       0.1045267100,   0.9945220900,   0.0000000000,
                      -0.0000000000,  -0.0000000000,   1.0000000000
                  </Orientation>
                  <Position type="Vector">-2.2802639, 0.30984607, -0.36787182</Position>
               </HpWeapon02>
               <HpWeapon03>
                  <Axis type="Vector">0, 1, 0</Axis>
                  <Max type="float">0.78538001</Max>
                  <Min type="float">-0.7854</Min>
                  <Orientation type="Matrix">
                      -1.0000000000, -1.4268022e-06,   0.0000000000,
                      1.4268022e-06,  -1.0000000000,   0.0000000000,
                      -0.0000000000,   0.0000000000,   1.0000000000
                  </Orientation>
                  <Position type="Vector">4.2419257, -1.5365309, -1.0056188</Position>
               </HpWeapon03>
               <HpWeapon04>
                  <Axis type="Vector">0, 1, 0</Axis>
                  <Max type="float">0.78538001</Max>
                  <Min type="float">-0.7854</Min>
                  <Orientation type="Matrix">
                      -1.0000000000, -1.4268022e-06,   0.0000000000,
                      1.4268022e-06,  -1.0000000000,   0.0000000000,
                      -0.0000000000,   0.0000000000,   1.0000000000
                  </Orientation>
                  <Position type="Vector">-4.2419262, -1.536531, -1.005619</Position>
               </HpWeapon04>
               <HpWeapon05>
                  <Axis type="Vector">0, 1, 0</Axis>
                  <Max type="float">0.78539819</Max>
                  <Min type="float">-0.78539819</Min>
                  <Orientation type="Matrix">
                      -0.6427874600,   0.7660444400,   0.0000000000,
                      -0.7660444400,  -0.6427874600,   0.0000000000,
                       0.0000000000,   0.0000000000,   1.0000000000
                  </Orientation>
                  <Position type="Vector">5.6706471, -1.396462, -0.44018701</Position>
               </HpWeapon05>
               <HpWeapon06>
                  <Axis type="Vector">0, 1, 0</Axis>
                  <Max type="float">0.78539819</Max>
                  <Min type="float">-0.78539819</Min>
                  <Orientation type="Matrix">
                       0.6427875800,   0.7660444400,   0.0000000000,
                      -0.7660444400,   0.6427875800,   0.0000000000,
                       0.0000000000,   0.0000000000,   1.0000000000
                  </Orientation>
                  <Position type="Vector">5.6831012, 0.80859399, -0.459032</Position>
               </HpWeapon06>
               <HpWeapon07>
                  <Axis type="Vector">0, 1, 0</Axis>
                  <Max type="float">0.78539819</Max>
                  <Min type="float">-0.78539819</Min>
                  <Orientation type="Matrix">
                      -0.6427874600,  -0.7660444400,  -0.0000000000,
                       0.7660444400,  -0.6427874600,   0.0000000000,
                       0.0000000000,  -0.0000000000,   1.0000000000
                  </Orientation>
                  <Position type="Vector">-5.6901102, -1.432198, -0.46158299</Position>
               </HpWeapon07>
               <HpWeapon08>
                  <Axis type="Vector">0, 1, 0</Axis>
                  <Max type="float">0.78539819</Max>
                  <Min type="float">-0.78539819</Min>
                  <Orientation type="Matrix">
                       0.6427875800,  -0.7660444400,  -0.0000000000,
                       0.7660444400,   0.6427875800,   0.0000000000,
                       0.0000000000,  -0.0000000000,   1.0000000000
                  </Orientation>
                  <Position type="Vector">-5.7310748, 0.80862802, -0.43803701</Position>
               </HpWeapon08>
            </Revolute>
         </Hardpoints>
         <MultiLevel>
            <Level0>
               <VMeshPart>
                  <VMeshRef type="VMeshRef">
                     <!-- header size  --> 60,
                     <!-- vmesh lib    --> HRNT01.lod0.vms,
                     <!-- start vert   --> 0,
                     <!-- num verts    --> 0,
                     <!-- start index  --> 0,
                     <!-- num indices  --> 0,
                     <!-- start mesh   --> 0,
                     <!-- num meshes   --> 9,
                     <!-- bounding box --> 0, 0, 0,
                                           0, 0, 0,
                     <!-- center       --> 0, 0, 0,
                     <!-- radius       --> 0
                  </VMeshRef>
               </VMeshPart>
            </Level0>
         </MultiLevel>
      </HRNT01.3db>
      <material_library name="material library">
         <material_count name="material count" type="int">2</material_count>
         <HNT01>
            <Dt_name type="text">HNT01.tga</Dt_name>
            <Type type="text">DcDt</Type>
         </HNT01>
         <HNT02>
            <Dt_name type="text">HNT02.tga</Dt_name>
            <Type type="text">DcDt</Type>
         </HNT02>
         <HNT03>
            <Dt_name type="text">HNT03.tga</Dt_name>
            <Type type="text">DcDt</Type>
         </HNT03>
         <HNT04>
            <Dt_name type="text">HNT04.tga</Dt_name>
            <Type type="text">DcDt</Type>
         </HNT04>
         <HNT05>
            <Dt_name type="text">HNT05.tga</Dt_name>
            <Type type="text">DcDt</Type>
         </HNT05>
         <HNT06>
            <Dt_name type="text">HNT06.tga</Dt_name>
            <Type type="text">DcDt</Type>
         </HNT06>
         <HNT07>
            <Dt_name type="text">HNT07.tga</Dt_name>
            <Type type="text">DcDt</Type>
         </HNT07>
         <HNTglass>
            <Dt_name type="text">HNTglass.tga</Dt_name>
            <Type type="text">DcDtOcOt</Type>
            <Dc type="RGB">0.14509805, 0.21960786, 0.30588236</Dc>
            <Oc type="float">0.8</Oc>
         </HNTglass>
      </material_library>
      <texture_library name="texture library">
         <HNT01.tga>
            <MIP0 type="file" filename="hornet_small_cmp\HNT01_mip0.tga"/>
         </HNT01.tga>
         <HNT02.tga>
            <MIP0 type="file" filename="hornet_small_cmp\HNT02_mip0.tga"/>
         </HNT02.tga>
         <HNT03.tga>
            <MIP0 type="file" filename="hornet_small_cmp\HNT03_mip0.tga"/>
         </HNT03.tga>
         <HNT04.tga>
            <MIP0 type="file" filename="hornet_small_cmp\HNT04_mip0.tga"/>
         </HNT04.tga>
         <HNT05.tga>
            <MIP0 type="file" filename="hornet_small_cmp\HNT05_mip0.tga"/>
         </HNT05.tga>
         <HNT06.tga>
            <MIP0 type="file" filename="hornet_small_cmp\HNT06_mip0.tga"/>
         </HNT06.tga>
         <HNT07.tga>
            <MIP0 type="file" filename="hornet_small_cmp\HNT07_mip0.tga"/>
         </HNT07.tga>
         <HNTglass.tga>
            <MIP0 type="file" filename="hornet_small_cmp\HNTglass_mip0.tga"/>
         </HNTglass.tga>
      </texture_library>
   </UTF_ROOT>
</UTFXML>
