<?xml version="1.0" encoding="ISO-8859-1"?>
<!-- XML generated by UTFXML Version 2.2 built 19-Aug-2010 -->
<UTFXML filename="rh_freighter.cmp" path="SHIPS\RHEINLAND\RH_FREIGHTER">
   <UTF_ROOT>
      <VMeshLibrary>
         <data.ships.rheinland.rh_freighter.rh_freighter.lod0-112.vms include="rh_freighter_cmp\lod0-112.vms.xml"/>
         <data.ships.rheinland.rh_freighter.rh_freighter.lod1-112.vms include="rh_freighter_cmp\lod1-112.vms.xml"/>
         <data.ships.rheinland.rh_freighter.rh_freighter.lod2-112.vms include="rh_freighter_cmp\lod2-112.vms.xml"/>
         <data.ships.rheinland.rh_freighter.rh_freighter.lod3-112.vms include="rh_freighter_cmp\lod3-112.vms.xml"/>
      </VMeshLibrary>
      <Animation>
         <Script>
            <Sc_rh_freighter>
               <Joint_map_0 name="Joint map 0">
                  <Channel>
                     <Header type="Header">
                        <!-- count    --> 2,
                        <!-- interval --> Explicit,
                        <!-- flags    --> 0x1
                     </Header>
                     <Frames type="Frames" count="2">
                          0.0000000000:   0.0000000000
                          2.1333334000:   2.0943899000
                     </Frames>
                  </Channel>
                  <Child_name name="Child name" type="text">Baydoor_lod1</Child_name>
                  <Parent_name name="Parent name" type="text">Root</Parent_name>
               </Joint_map_0>
            </Sc_rh_freighter>
         </Script>
      </Animation>
      <Baydoor_lod1020917142023.3db>
         <VMeshWire include="rh_freighter_cmp\Baydoor_lod1.vwd.xml"/>
         <MultiLevel>
            <Level0>
               <VMeshPart>
                  <VMeshRef type="VMeshRef">
                     <!-- header size  --> 60,
                     <!-- vmesh lib    --> data.ships.rheinland.rh_freighter.rh_freighter.lod0-112.vms,
                     <!-- start vert   --> 4904,
                     <!-- num verts    --> 40,
                     <!-- start index  --> 6390,
                     <!-- num indices  --> 60,
                     <!-- start mesh   --> 25,
                     <!-- num meshes   --> 1,
                     <!-- bounding box -->  2.1662929,   4.5038013,  4.350337,
                                           -2.166297,    1.1656696, -4.3503361,
                     <!-- center       -->  0.013301153, 2.6044073, -0.10127125,
                     <!-- radius       --> 5.1611457
                  </VMeshRef>
               </VMeshPart>
            </Level0>
            <Level1>
               <VMeshPart>
                  <VMeshRef type="VMeshRef">
                     <!-- header size  --> 60,
                     <!-- vmesh lib    --> data.ships.rheinland.rh_freighter.rh_freighter.lod1-112.vms,
                     <!-- start vert   --> 2849,
                     <!-- num verts    --> 12,
                     <!-- start index  --> 3603,
                     <!-- num indices  --> 30,
                     <!-- start mesh   --> 26,
                     <!-- num meshes   --> 1,
                     <!-- bounding box -->  2.1662929,   4.5038013,  4.350337,
                                           -2.166297,    1.1656696, -4.3503361,
                     <!-- center       -->  0.013301153, 2.6044073, -0.10127125,
                     <!-- radius       --> 5.1611457
                  </VMeshRef>
               </VMeshPart>
            </Level1>
            <Level2>
               <VMeshPart>
                  <VMeshRef type="VMeshRef">
                     <!-- header size  --> 60,
                     <!-- vmesh lib    --> data.ships.rheinland.rh_freighter.rh_freighter.lod2-112.vms,
                     <!-- start vert   --> 1874,
                     <!-- num verts    --> 12,
                     <!-- start index  --> 2169,
                     <!-- num indices  --> 30,
                     <!-- start mesh   --> 6,
                     <!-- num meshes   --> 1,
                     <!-- bounding box -->  2.1662929,   4.5038013,  4.350337,
                                           -2.166297,    1.1656696, -4.3503361,
                     <!-- center       -->  0.013301153, 2.6044073, -0.10127125,
                     <!-- radius       --> 5.1611457
                  </VMeshRef>
               </VMeshPart>
            </Level2>
            <Switch2 type="float array" count="4">
               0,
               100,
               1000,
               1000000
            </Switch2>
         </MultiLevel>
         <Hardpoints>
            <Fixed>
               <Hpnew01>
                  <Orientation type="Matrix">
                       1.0000000000,   0.0000000000,   0.0000000000,
                       0.0000000000,   1.0000000000,   0.0000000000,
                       0.0000000000,   0.0000000000,   1.0000000000
                  </Orientation>
                  <Position type="Vector">0, -2, 0</Position>
               </Hpnew01>
               <Hpnew02>
                  <Orientation type="Matrix">
                       1.0000000000,   0.0000000000,   0.0000000000,
                       0.0000000000,   1.0000000000,   0.0000000000,
                       0.0000000000,   0.0000000000,   1.0000000000
                  </Orientation>
                  <Position type="Vector">0, -2, 0</Position>
               </Hpnew02>
               <Hpnew03>
                  <Orientation type="Matrix">
                       1.0000000000,   0.0000000000,   0.0000000000,
                       0.0000000000,   1.0000000000,   0.0000000000,
                       0.0000000000,   0.0000000000,   1.0000000000
                  </Orientation>
                  <Position type="Vector">0, -2, 0</Position>
               </Hpnew03>
            </Fixed>
         </Hardpoints>
      </Baydoor_lod1020917142023.3db>
      <Cmpnd>
         <Cons>
            <Fix type="Fix" count="5">
               <part>
                  <!-- parent      --> "Root",
                  <!-- child       --> "port_engine_lod1",
                  <!-- position    --> -2.0227282, -0.30961084, 9.222127,
                  <!-- orientation -->   1.0000000000,  71.606279e-18, -312.07484e-18,
                                       -71.606279e-18,   1.0000000000, -724.87116e-18,
                                        312.07484e-18,  724.87116e-18,   1.0000000000
               </part>
               <part>
                  <!-- parent      --> "Root",
                  <!-- child       --> "starboard_engine_lod1",
                  <!-- position    --> 2.0227275, -0.30961081, 9.2221251,
                  <!-- orientation -->   1.0000000000,  71.606279e-18, -312.07484e-18,
                                       -71.606279e-18,   1.0000000000, -724.87116e-18,
                                        312.07484e-18,  724.87116e-18,   1.0000000000
               </part>
               <part>
                  <!-- parent      --> "Root",
                  <!-- child       --> "rh_port_side_lod1",
                  <!-- position    --> -48.568737e-18, 126.50039e-18, 978.14422e-18,
                  <!-- orientation -->   1.0000000000,  2.7294635e-09,  10.388269e-09,
                                       -2.7294640e-09,   1.0000000000,  50.507083e-09,
                                       -10.388269e-09, -50.507083e-09,   1.0000000000
               </part>
               <part>
                  <!-- parent      --> "Root",
                  <!-- child       --> "rh_star_side_lod1",
                  <!-- position    --> -48.568737e-18, 126.50039e-18, 978.14422e-18,
                  <!-- orientation -->   1.0000000000,  9.2090264e-09,  11.057899e-09,
                                       -9.2090273e-09,   1.0000000000,  79.385607e-09,
                                       -11.057898e-09, -79.385607e-09,   1.0000000000
               </part>
               <part>
                  <!-- parent      --> "Root",
                  <!-- child       --> "glass_lod1",
                  <!-- position    --> -48.568737e-18, 126.50039e-18, 978.14422e-18,
                  <!-- orientation -->   1.0000000000,  2.7294635e-09,  10.388269e-09,
                                       -2.7294640e-09,   1.0000000000,  50.507083e-09,
                                       -10.388269e-09, -50.507083e-09,   1.0000000000
               </part>
            </Fix>
            <Rev type="Rev" count="1">
               <part>
                  <!-- parent      --> "Root",
                  <!-- child       --> "Baydoor_lod1",
                  <!-- position    --> -0.005457826, 2.4349513, 0.93929219,
                  <!-- offset      --> 0, 0, 0,
                  <!-- orientation -->   1.0000000000,  71.606279e-18, -312.07484e-18,
                                       -71.606279e-18,   1.0000000000, -724.87116e-18,
                                        312.07484e-18,  724.87116e-18,   1.0000000000,
                  <!-- axis        -->   1.0000000000,  44.703466e-09, -45.695600e-09,
                  <!-- min, max    --> 0, 2.0943899
               </part>
            </Rev>
         </Cons>
         <Part_Baydoor_lod1>
            <File_name name="File name" type="text">Baydoor_lod1020917142023.3db</File_name>
            <Index type="int">6</Index>
            <Object_name name="Object name" type="text">Baydoor_lod1</Object_name>
         </Part_Baydoor_lod1>
         <Part_glass_lod1>
            <File_name name="File name" type="text">glass_lod1020917142023.3db</File_name>
            <Index type="int">5</Index>
            <Object_name name="Object name" type="text">glass_lod1</Object_name>
         </Part_glass_lod1>
         <Part_port_engine_lod1>
            <File_name name="File name" type="text">port_engine_lod1020917142023.3db</File_name>
            <Index type="int">1</Index>
            <Object_name name="Object name" type="text">port_engine_lod1</Object_name>
         </Part_port_engine_lod1>
         <Part_rh_port_side_lod1>
            <File_name name="File name" type="text">rh_port_side_lod1020917142023.3db</File_name>
            <Index type="int">3</Index>
            <Object_name name="Object name" type="text">rh_port_side_lod1</Object_name>
         </Part_rh_port_side_lod1>
         <Part_rh_star_side_lod1>
            <File_name name="File name" type="text">rh_star_side_lod1020917142023.3db</File_name>
            <Index type="int">4</Index>
            <Object_name name="Object name" type="text">rh_star_side_lod1</Object_name>
         </Part_rh_star_side_lod1>
         <Part_starboard_engine_lod1>
            <File_name name="File name" type="text">starboard_engine_lod1020917142023.3db</File_name>
            <Index type="int">2</Index>
            <Object_name name="Object name" type="text">starboard_engine_lod1</Object_name>
         </Part_starboard_engine_lod1>
         <Root>
            <File_name name="File name" type="text">Rh_freighter_lod1020917142023.3db</File_name>
            <Index type="int">0</Index>
            <Object_name name="Object name" type="text">Root</Object_name>
         </Root>
      </Cmpnd>
      <Exporter_Version name="Exporter Version" type="text">Aug 24 2002 12:33:14</Exporter_Version>
      <glass_lod1020917142023.3db>
         <VMeshWire include="rh_freighter_cmp\glass_lod1.vwd.xml"/>
         <MultiLevel>
            <Level0>
               <VMeshPart>
                  <VMeshRef type="VMeshRef">
                     <!-- header size  --> 60,
                     <!-- vmesh lib    --> data.ships.rheinland.rh_freighter.rh_freighter.lod0-112.vms,
                     <!-- start vert   --> 4834,
                     <!-- num verts    --> 70,
                     <!-- start index  --> 6234,
                     <!-- num indices  --> 156,
                     <!-- start mesh   --> 24,
                     <!-- num meshes   --> 1,
                     <!-- bounding box -->  1.797655,     0.57409763,  -8.4162903,
                                           -1.7976567,   -1.2012745,  -11.453853,
                     <!-- center       --> -0.074423946, -0.47922814,  -9.7376251,
                     <!-- radius       --> 2.3006892
                  </VMeshRef>
               </VMeshPart>
            </Level0>
            <Level1>
               <VMeshPart>
                  <VMeshRef type="VMeshRef">
                     <!-- header size  --> 60,
                     <!-- vmesh lib    --> data.ships.rheinland.rh_freighter.rh_freighter.lod1-112.vms,
                     <!-- start vert   --> 2786,
                     <!-- num verts    --> 63,
                     <!-- start index  --> 3483,
                     <!-- num indices  --> 120,
                     <!-- start mesh   --> 25,
                     <!-- num meshes   --> 1,
                     <!-- bounding box -->  1.797655,     0.57409763,  -8.4162903,
                                           -1.7976567,   -1.2012745,  -11.453853,
                     <!-- center       --> -0.074423946, -0.47922814,  -9.7376251,
                     <!-- radius       --> 2.3006892
                  </VMeshRef>
               </VMeshPart>
            </Level1>
            <Level2>
               <VMeshPart>
                  <VMeshRef type="VMeshRef">
                     <!-- header size  --> 60,
                     <!-- vmesh lib    --> data.ships.rheinland.rh_freighter.rh_freighter.lod2-112.vms,
                     <!-- start vert   --> 1826,
                     <!-- num verts    --> 48,
                     <!-- start index  --> 2094,
                     <!-- num indices  --> 75,
                     <!-- start mesh   --> 5,
                     <!-- num meshes   --> 1,
                     <!-- bounding box -->  1.797655,     0.57409763,  -8.4162903,
                                           -1.7976567,   -1.2012745,  -11.453853,
                     <!-- center       --> -0.074423946, -0.47922814,  -9.7376251,
                     <!-- radius       --> 2.3006892
                  </VMeshRef>
               </VMeshPart>
            </Level2>
            <Level3>
               <VMeshPart>
                  <VMeshRef type="VMeshRef">
                     <!-- header size  --> 60,
                     <!-- vmesh lib    --> data.ships.rheinland.rh_freighter.rh_freighter.lod3-112.vms,
                     <!-- start vert   --> 859,
                     <!-- num verts    --> 23,
                     <!-- start index  --> 891,
                     <!-- num indices  --> 30,
                     <!-- start mesh   --> 5,
                     <!-- num meshes   --> 1,
                     <!-- bounding box -->  1.797655,     0.57409763,  -8.4162903,
                                           -1.7976567,   -1.2012745,  -11.453853,
                     <!-- center       --> -0.074423946, -0.47922814,  -9.7376251,
                     <!-- radius       --> 2.3006892
                  </VMeshRef>
               </VMeshPart>
            </Level3>
            <Switch2 type="float array" count="5">
               0,
               100,
               1000,
               10000,
               1000000
            </Switch2>
         </MultiLevel>
      </glass_lod1020917142023.3db>
      <port_engine_lod1020917142023.3db>
         <Hardpoints>
            <Fixed>
               <HpEngine01>
                  <Orientation type="Matrix">
                       1.0000000000,  2.7294635e-09,  10.388269e-09,
                     -2.7294640e-09,   1.0000000000,  50.507083e-09,
                     -10.388269e-09, -50.507083e-09,   1.0000000000
                  </Orientation>
                  <Position type="Vector">-0.10597355, -0.13970463, 2.1781504</Position>
               </HpEngine01>
               <HpEngineGlow>
                  <Orientation type="Matrix">
                       1.0000000000,  2.7294635e-09,  10.388269e-09,
                     -2.7294640e-09,   1.0000000000,  50.507083e-09,
                     -10.388269e-09, -50.507083e-09,   1.0000000000
                  </Orientation>
                  <Position type="Vector">2.0537541, -0.13970447, 7.6166601</Position>
               </HpEngineGlow>
               <HpMine01>
                  <Orientation type="Matrix">
                      36.377386e-09,  -1.0000000000, -39.053539e-09,
                       1.0000000000,  36.377394e-09, -154.58448e-09,
                      154.58448e-09, -39.053532e-09,   1.0000000000
                  </Orientation>
                  <Position type="Vector">-1.7833281, -0.13614291, 0.28640011</Position>
               </HpMine01>
            </Fixed>
         </Hardpoints>
         <VMeshWire include="rh_freighter_cmp\port_engine_lod1.vwd.xml"/>
         <MultiLevel>
            <Level0>
               <VMeshPart>
                  <VMeshRef type="VMeshRef">
                     <!-- header size  --> 60,
                     <!-- vmesh lib    --> data.ships.rheinland.rh_freighter.rh_freighter.lod0-112.vms,
                     <!-- start vert   --> 703,
                     <!-- num verts    --> 691,
                     <!-- start index  --> 816,
                     <!-- num indices  --> 816,
                     <!-- start mesh   --> 4,
                     <!-- num meshes   --> 4,
                     <!-- bounding box -->  1.7837653,   1.8464272,  2.9360888,
                                           -1.7837658,  -1.8464271, -2.936089,
                     <!-- center       -->  0.15211576, -0.2425871, -0.22290473,
                     <!-- radius       --> 3.6321912
                  </VMeshRef>
               </VMeshPart>
            </Level0>
            <Level1>
               <VMeshPart>
                  <VMeshRef type="VMeshRef">
                     <!-- header size  --> 60,
                     <!-- vmesh lib    --> data.ships.rheinland.rh_freighter.rh_freighter.lod1-112.vms,
                     <!-- start vert   --> 408,
                     <!-- num verts    --> 407,
                     <!-- start index  --> 465,
                     <!-- num indices  --> 465,
                     <!-- start mesh   --> 4,
                     <!-- num meshes   --> 4,
                     <!-- bounding box -->  1.7837653,   1.8464272,  2.9360888,
                                           -1.7837658,  -1.8464271, -2.936089,
                     <!-- center       -->  0.15211576, -0.2425871, -0.22290473,
                     <!-- radius       --> 3.6321912
                  </VMeshRef>
               </VMeshPart>
            </Level1>
            <Level2>
               <VMeshPart>
                  <VMeshRef type="VMeshRef">
                     <!-- header size  --> 60,
                     <!-- vmesh lib    --> data.ships.rheinland.rh_freighter.rh_freighter.lod2-112.vms,
                     <!-- start vert   --> 228,
                     <!-- num verts    --> 226,
                     <!-- start index  --> 228,
                     <!-- num indices  --> 228,
                     <!-- start mesh   --> 1,
                     <!-- num meshes   --> 1,
                     <!-- bounding box -->  1.7837653,   1.8464272,  2.9360888,
                                           -1.7837658,  -1.8464271, -2.936089,
                     <!-- center       -->  0.15211576, -0.2425871, -0.22290473,
                     <!-- radius       --> 3.6321912
                  </VMeshRef>
               </VMeshPart>
            </Level2>
            <Level3>
               <VMeshPart>
                  <VMeshRef type="VMeshRef">
                     <!-- header size  --> 60,
                     <!-- vmesh lib    --> data.ships.rheinland.rh_freighter.rh_freighter.lod3-112.vms,
                     <!-- start vert   --> 126,
                     <!-- num verts    --> 126,
                     <!-- start index  --> 126,
                     <!-- num indices  --> 126,
                     <!-- start mesh   --> 1,
                     <!-- num meshes   --> 1,
                     <!-- bounding box -->  1.7837653,   1.8464272,  2.9360888,
                                           -1.7837658,  -1.8464271, -2.936089,
                     <!-- center       -->  0.15211576, -0.2425871, -0.22290473,
                     <!-- radius       --> 3.6321912
                  </VMeshRef>
               </VMeshPart>
            </Level3>
            <Switch2 type="float array" count="5">
               0,
               100,
               1000,
               10000,
               1000000
            </Switch2>
         </MultiLevel>
      </port_engine_lod1020917142023.3db>
      <Rh_freighter_lod1020917142023.3db>
         <Hardpoints>
            <Fixed>
               <DpPort_Engine>
                  <Orientation type="Matrix">
                       1.0000000000,  71.606279e-18, -312.07484e-18,
                     -71.606279e-18,   1.0000000000, -724.87116e-18,
                      312.07484e-18,  724.87116e-18,   1.0000000000
                  </Orientation>
                  <Position type="Vector">-1.5318331, -0.52800739, 7.0672002</Position>
               </DpPort_Engine>
               <DpPort_side_panel name="DpPort_side panel">
                  <Orientation type="Matrix">
                     -130.44686e-09,  47.395769e-09,  -1.0000000000,
                      333.12318e-09,   1.0000000000,  47.395726e-09,
                       1.0000000000, -333.12318e-09, -130.44688e-09
                  </Orientation>
                  <Position type="Vector">-2.5845346, 1.9973027, -0.58824551</Position>
               </DpPort_side_panel>
               <DpStarboard_Engine>
                  <Orientation type="Matrix">
                       1.0000000000,  71.606279e-18, -312.07484e-18,
                     -71.606279e-18,   1.0000000000, -724.87116e-18,
                      312.07484e-18,  724.87116e-18,   1.0000000000
                  </Orientation>
                  <Position type="Vector">1.5293829, -0.52800733, 7.0671997</Position>
               </DpStarboard_Engine>
               <DpStarboard_side_panel name="DpStarboard_side panel">
                  <Orientation type="Matrix">
                      71.282066e-09, -70.655034e-09,   1.0000000000,
                     -324.05802e-09,   1.0000000000,  70.655055e-09,
                      -1.0000000000, -324.05802e-09,  71.282045e-09
                  </Orientation>
                  <Position type="Vector">3.4889369, 1.9973028, -0.58824599</Position>
               </DpStarboard_side_panel>
               <HpBayDoor01>
                  <Orientation type="Matrix">
                       1.0000000000,  71.606279e-18, -312.07484e-18,
                     -71.606279e-18,   1.0000000000, -724.87116e-18,
                      312.07484e-18,  724.87116e-18,   1.0000000000
                  </Orientation>
                  <Position type="Vector">-4.5463024e-9, 4.1480298, 0.97685581</Position>
               </HpBayDoor01>
               <HpBayDoor02>
                  <Orientation type="Matrix">
                       1.0000000000,  71.606279e-18, -312.07484e-18,
                     -71.606279e-18,   1.0000000000, -724.87116e-18,
                      312.07484e-18,  724.87116e-18,   1.0000000000
                  </Orientation>
                  <Position type="Vector">-46.241656e-9, 8.6120214, 0.97685617</Position>
               </HpBayDoor02>
               <HpCloak01>
                  <Orientation type="Matrix">
                       1.0000000000, -80.969237e-09, -31.466115e-09,
                      31.466122e-09,  90.128566e-09,   1.0000000000,
                     -80.969237e-09,  -1.0000000000,  90.128566e-09
                  </Orientation>
                  <Position type="Vector">1.0875369e-9, -26.749735e-9, 110.42264e-9</Position>
               </HpCloak01>
               <HpCockpit>
                  <Orientation type="Matrix">
                       1.0000000000,  33.957964e-09,  120.17719e-09,
                     -33.957974e-09,   1.0000000000,  80.000362e-09,
                     -120.17719e-09, -80.000369e-09,   1.0000000000
                  </Orientation>
                  <Position type="Vector">-358.83693e-9, 293.41717e-9, -10</Position>
               </HpCockpit>
               <HpDocklight01>
                  <Orientation type="Matrix">
                      -0.7071069500, -18.584545e-09,   0.7071066500,
                      64.936543e-09,   1.0000000000,  91.219093e-09,
                      -0.7071066500,  110.41872e-09,  -0.7071069500
                  </Orientation>
                  <Position type="Vector">-3.1499236, 2.5684974, 7.3685594</Position>
               </HpDocklight01>
               <HpDocklight02>
                  <Orientation type="Matrix">
                      -0.7071066500,  25.107655e-09,  -0.7071069500,
                     -91.355147e-09,   1.0000000000,  126.86269e-09,
                       0.7071069500,  154.30331e-09,  -0.7071066500
                  </Orientation>
                  <Position type="Vector">3.1486728, 2.5691779, 7.3706565</Position>
               </HpDocklight02>
               <HpHeadlight>
                  <Orientation type="Matrix">
                       1.0000000000, -34.381799e-09,  58.976113e-09,
                      34.381792e-09,   1.0000000000,  142.67653e-09,
                     -58.976116e-09, -142.67653e-09,   1.0000000000
                  </Orientation>
                  <Position type="Vector">-368.66646e-9, -2.5722132, -11.641346</Position>
               </HpHeadlight>
               <HpMount>
                  <Orientation type="Matrix">
                       1.0000000000,  71.606279e-18, -312.07484e-18,
                     -71.606279e-18,   1.0000000000, -724.87116e-18,
                      312.07484e-18,  724.87116e-18,   1.0000000000
                  </Orientation>
                  <Position type="Vector">35.066289e-9, -5.5132937, -0.51681924</Position>
               </HpMount>
               <HpPilot>
                  <Orientation type="Matrix">
                       1.0000000000, -6.9474382e-09,  77.947917e-09,
                      6.9474271e-09,   1.0000000000,  142.28878e-09,
                     -77.947917e-09, -142.28878e-09,   1.0000000000
                  </Orientation>
                  <Position type="Vector">-306.20487e-9, -1.1160157, -9.3723869</Position>
               </HpPilot>
               <HpRunningLight01>
                  <Orientation type="Matrix">
                       1.0000000000,  2.7294635e-09,  10.388269e-09,
                     -2.7294640e-09,   1.0000000000,  50.507083e-09,
                     -10.388269e-09, -50.507083e-09,   1.0000000000
                  </Orientation>
                  <Position type="Vector">-2.2467444, 4.8877778, -4.5975471</Position>
               </HpRunningLight01>
               <HpRunningLight02>
                  <Orientation type="Matrix">
                       1.0000000000,  2.7294635e-09,  10.388269e-09,
                     -2.7294640e-09,   1.0000000000,  50.507083e-09,
                     -10.388269e-09, -50.507083e-09,   1.0000000000
                  </Orientation>
                  <Position type="Vector">2.2165644, 4.8877778, -4.5975475</Position>
               </HpRunningLight02>
               <HpRunningLight03>
                  <Orientation type="Matrix">
                      -1.0000000000, -18.680744e-09, -87.422791e-09,
                     -18.680758e-09,   1.0000000000,  154.20711e-09,
                      87.422791e-09,  154.20711e-09,  -1.0000000000
                  </Orientation>
                  <Position type="Vector">3.1486728, 4.1481037, 7.3308711</Position>
               </HpRunningLight03>
               <HpRunningLight04>
                  <Orientation type="Matrix">
                      -1.0000000000, -18.680744e-09, -87.422791e-09,
                     -18.680758e-09,   1.0000000000,  154.20711e-09,
                      87.422791e-09,  154.20711e-09,  -1.0000000000
                  </Orientation>
                  <Position type="Vector">-3.1428511, 4.1481037, 7.3308716</Position>
               </HpRunningLight04>
               <HpRunningLight05>
                  <Orientation type="Matrix">
                       0.9238795000, -8.3429796e-09,   0.3826834600,
                      12.074991e-09,   1.0000000000, -7.3503506e-09,
                      -0.3826834600,  11.411738e-09,   0.9238795000
                  </Orientation>
                  <Position type="Vector">-2.5883772, -4.2011199, -3.9965134</Position>
               </HpRunningLight05>
               <HpRunningLight06>
                  <Orientation type="Matrix">
                       0.9238795000,  19.774497e-09,  -0.3826835500,
                     -13.496975e-09,   1.0000000000,  19.088665e-09,
                       0.3826835500, -12.470556e-09,   0.9238795000
                  </Orientation>
                  <Position type="Vector">2.616698, -4.2011199, -3.9965141</Position>
               </HpRunningLight06>
               <HpRunningLight07>
                  <Orientation type="Matrix">
                       1.0000000000,  71.606279e-18, -312.07484e-18,
                     -71.606279e-18,   1.0000000000, -724.87116e-18,
                      312.07484e-18,  724.87116e-18,   1.0000000000
                  </Orientation>
                  <Position type="Vector">0.013632657, 3.3076451, -8.5920467</Position>
               </HpRunningLight07>
               <HpShield01>
                  <Orientation type="Matrix">
                       1.0000000000, -21.302213e-09,  58.924627e-09,
                      21.302204e-09,   1.0000000000,  144.08126e-09,
                     -58.924631e-09, -144.08126e-09,   1.0000000000
                  </Orientation>
                  <Position type="Vector">-327.14019e-9, 0.75799114, -9.0636902</Position>
               </HpShield01>
               <HpThruster01>
                  <Orientation type="Matrix">
                      -1.0000000000,  119.87555e-09,  174.82994e-09,
                     -119.87558e-09,  -1.0000000000, -156.97131e-09,
                      174.82992e-09, -156.97132e-09,   1.0000000000
                  </Orientation>
                  <Position type="Vector">-309.33271e-9, -4.1182766, -2.0189681</Position>
               </HpThruster01>
               <HpTractor_Source>
                  <Orientation type="Matrix">
                       1.0000000000, -34.381799e-09,  58.976113e-09,
                      34.381792e-09,   1.0000000000,  142.67653e-09,
                     -58.976116e-09, -142.67653e-09,   1.0000000000
                  </Orientation>
                  <Position type="Vector">-368.66646e-9, -2.5722132, -11.641346</Position>
               </HpTractor_Source>
            </Fixed>
            <Revolute>
               <HpTurret01>
                  <Axis type="Vector">0, 1, 0</Axis>
                  <Max type="float">2.0943799</Max>
                  <Min type="float">-2.0943999</Min>
                  <Orientation type="Matrix">
                      -1.0000000000, -32.794549e-09, -87.428432e-09,
                     -32.794564e-09,   1.0000000000,  156.99165e-09,
                      87.428425e-09,  156.99165e-09,  -1.0000000000
                  </Orientation>
                  <Position type="Vector">194.78482e-9, 4.2145524, 6.8727522</Position>
               </HpTurret01>
               <HpTurret02>
                  <Axis type="Vector">0, 1, 0</Axis>
                  <Max type="float">1.7453099</Max>
                  <Min type="float">-1.74533</Min>
                  <Orientation type="Matrix">
                       1.0000000000,  145.31061e-09, -64.434374e-09,
                      133.44184e-09,  -0.9876883600,  -0.1564343600,
                     -86.372651e-09,   0.1564343600,  -0.9876883600
                  </Orientation>
                  <Position type="Vector">297.87134e-9, -3.0303829, 5.3371348</Position>
               </HpTurret02>
               <HpTurret05>
                  <Axis type="Vector">0, 1, 0</Axis>
                  <Max type="float">2.0943799</Max>
                  <Min type="float">-2.0943999</Min>
                  <Orientation type="Matrix">
                       1.0000000000,  2.7294635e-09,  10.388269e-09,
                     -2.7294640e-09,   1.0000000000,  50.507083e-09,
                     -10.388269e-09, -50.507083e-09,   1.0000000000
                  </Orientation>
                  <Position type="Vector">-288.71079e-9, 3.7753999, -6.9906673</Position>
               </HpTurret05>
               <HpTurret06>
                  <Axis type="Vector">0, 1, 0</Axis>
                  <Max type="float">2.44345</Max>
                  <Min type="float">-2.44348</Min>
                  <Orientation type="Matrix">
                       1.0000000000,  58.483039e-09, -130.01920e-09,
                      117.09461e-09,  -0.8571671800,   0.5150383100,
                     -81.327187e-09,  -0.5150383100,  -0.8571671800
                  </Orientation>
                  <Position type="Vector">-924.02411e-9, -3.4212928, -5.0570073</Position>
               </HpTurret06>
               <HpWeapon01>
                  <Axis type="Vector">0, 1, 0</Axis>
                  <Max type="float">0.52358001</Max>
                  <Min type="float">-0.7854</Min>
                  <Orientation type="Matrix">
                     -27.828632e-09,   1.0000000000,  316.95714e-09,
                      -1.0000000000, -27.828618e-09, -46.465921e-09,
                     -46.465914e-09, -316.95714e-09,   1.0000000000
                  </Orientation>
                  <Position type="Vector">1.3802642, -2.7967732, -9.6118383</Position>
               </HpWeapon01>
               <HpWeapon02>
                  <Axis type="Vector">0, 1, 0</Axis>
                  <Max type="float">0.78538001</Max>
                  <Min type="float">-0.5236</Min>
                  <Orientation type="Matrix">
                      50.782262e-09,  -1.0000000000, -123.85239e-09,
                       1.0000000000,  50.782266e-09, -29.064335e-09,
                      29.064342e-09, -123.85239e-09,   1.0000000000
                  </Orientation>
                  <Position type="Vector">-1.3780415, -2.7967734, -9.6118393</Position>
               </HpWeapon02>
            </Revolute>
         </Hardpoints>
         <VMeshWire include="rh_freighter_cmp\Rh_freighter_lod1.vwd.xml"/>
         <MultiLevel>
            <Level0>
               <VMeshPart>
                  <VMeshRef type="VMeshRef">
                     <!-- header size  --> 60,
                     <!-- vmesh lib    --> data.ships.rheinland.rh_freighter.rh_freighter.lod0-112.vms,
                     <!-- start vert   --> 1394,
                     <!-- num verts    --> 2775,
                     <!-- start index  --> 1632,
                     <!-- num indices  --> 3624,
                     <!-- start mesh   --> 8,
                     <!-- num meshes   --> 8,
                     <!-- bounding box -->  3.1502447,    7.3440943,   8.1022158,
                                           -3.1502454,   -4.1184382, -11.563454,
                     <!-- center       --> -0.055520751,  1.5605005,  -1.8403836,
                     <!-- radius       --> 10.408195
                  </VMeshRef>
               </VMeshPart>
            </Level0>
            <Level1>
               <VMeshPart>
                  <VMeshRef type="VMeshRef">
                     <!-- header size  --> 60,
                     <!-- vmesh lib    --> data.ships.rheinland.rh_freighter.rh_freighter.lod1-112.vms,
                     <!-- start vert   --> 815,
                     <!-- num verts    --> 1413,
                     <!-- start index  --> 930,
                     <!-- num indices  --> 1881,
                     <!-- start mesh   --> 8,
                     <!-- num meshes   --> 7,
                     <!-- bounding box -->  3.1502447,    7.3440943,   8.1022158,
                                           -3.1502454,   -4.1184382, -11.563454,
                     <!-- center       --> -0.055520751,  1.5605005,  -1.8403836,
                     <!-- radius       --> 10.408195
                  </VMeshRef>
               </VMeshPart>
            </Level1>
            <Level2>
               <VMeshPart>
                  <VMeshRef type="VMeshRef">
                     <!-- header size  --> 60,
                     <!-- vmesh lib    --> data.ships.rheinland.rh_freighter.rh_freighter.lod2-112.vms,
                     <!-- start vert   --> 454,
                     <!-- num verts    --> 965,
                     <!-- start index  --> 456,
                     <!-- num indices  --> 1170,
                     <!-- start mesh   --> 2,
                     <!-- num meshes   --> 1,
                     <!-- bounding box -->  3.1502447,    7.3440943,   8.1022158,
                                           -3.1502454,   -4.1184382, -11.563454,
                     <!-- center       --> -0.055520751,  1.5605005,  -1.8403836,
                     <!-- radius       --> 10.408195
                  </VMeshRef>
               </VMeshPart>
            </Level2>
            <Level3>
               <VMeshPart>
                  <VMeshRef type="VMeshRef">
                     <!-- header size  --> 60,
                     <!-- vmesh lib    --> data.ships.rheinland.rh_freighter.rh_freighter.lod3-112.vms,
                     <!-- start vert   --> 252,
                     <!-- num verts    --> 429,
                     <!-- start index  --> 252,
                     <!-- num indices  --> 447,
                     <!-- start mesh   --> 2,
                     <!-- num meshes   --> 1,
                     <!-- bounding box -->  3.1502447,    7.3440943,   8.1022158,
                                           -3.1502454,   -4.1184382, -11.563454,
                     <!-- center       --> -0.055520751,  1.5605005,  -1.8403836,
                     <!-- radius       --> 10.408195
                  </VMeshRef>
               </VMeshPart>
            </Level3>
            <Switch2 type="float array" count="5">
               0,
               100,
               1000,
               10000,
               1000000
            </Switch2>
         </MultiLevel>
      </Rh_freighter_lod1020917142023.3db>
      <rh_port_side_lod1020917142023.3db>
         <Hardpoints>
            <Fixed>
               <HpContrail01>
                  <Orientation type="Matrix">
                       1.0000000000, -24.073856e-09,  19.660186e-09,
                      24.073856e-09,   1.0000000000, -2.0888826e-09,
                     -19.660186e-09,  2.0888831e-09,   1.0000000000
                  </Orientation>
                  <Position type="Vector">-4.7321472, 1.9991666, 0.33686599</Position>
               </HpContrail01>
            </Fixed>
            <Revolute>
               <HpTurret03>
                  <Axis type="Vector">0, 1, 0</Axis>
                  <Max type="float">6.2831855</Max>
                  <Min type="float">-6.2831855</Min>
                  <Orientation type="Matrix">
                      21.802983e-09,  -1.0000000000,  19.916287e-09,
                       1.0000000000,  21.802983e-09, -1.5578158e-09,
                      1.5578153e-09,  19.916287e-09,   1.0000000000
                  </Orientation>
                  <Position type="Vector">-4.7321472, 1.9991666, -0.5992372</Position>
               </HpTurret03>
            </Revolute>
         </Hardpoints>
         <VMeshWire include="rh_freighter_cmp\rh_port_side_lod1.vwd.xml"/>
         <MultiLevel>
            <Level0>
               <VMeshPart>
                  <VMeshRef type="VMeshRef">
                     <!-- header size  --> 60,
                     <!-- vmesh lib    --> data.ships.rheinland.rh_freighter.rh_freighter.lod0-112.vms,
