<?xml version="1.0" encoding="ISO-8859-1"?>
<!-- XML generated by UTFXML Version 2.2 built 19-Aug-2010 -->
<UTFXML filename="black_starblazer.cmp" path="SHIPS\CIVILIAN\black_starblazer">
   <UTF_ROOT>
      <VMeshLibrary>
         <blackstarblazer1.lod0.vms include="black_starblazer_cmp\lod0.vms.xml"/>
      </VMeshLibrary>
      <Cmpnd>
         <Root>
            <File_name name="File name" type="text">blackstarblazer1.3db</File_name>
            <Index type="int">0</Index>
            <Object_name name="Object name" type="text">Root</Object_name>
         </Root>
      </Cmpnd>
      <blackstarblazer1.3db>
         <Hardpoints>
            <Fixed>
               <HpCM01>
                  <Orientation type="Matrix">
                       0.0000000000,   1.0000000000,   0.0000000000,
                      -1.0000000000,   0.0000000000,   0.0000000000,
                       0.0000000000,  -0.0000000000,   1.0000000000
                  </Orientation>
                  <Position type="Vector">2.0699406, -0.15389661, 2.0085862</Position>
               </HpCM01>
               <HpEngine02>
                  <Orientation type="Matrix">
                       1.0000000000,   0.0000000000,   0.0000000000,
                       0.0000000000,   1.0000000000,   0.0000000000,
                       0.0000000000,   0.0000000000,   1.0000000000
                  </Orientation>
                  <Position type="Vector">-0.045059074, -2.3138971, -1.5014138</Position>
               </HpEngine02>
               <HpEngine01>
                  <Orientation type="Matrix">
                       1.0000000000,   0.0000000000,   0.0000000000,
                       0.0000000000,   1.0000000000,   0.0000000000,
                       0.0000000000,   0.0000000000,   1.0000000000
                  </Orientation>
                  <Position type="Vector">-0.045059074, 1.9161031, 6.1485863</Position>
               </HpEngine01>
               <Headlight>
                  <Orientation type="Matrix">
                       0.5838798900,   0.0060699759,   0.0000000000,
                      -0.0060699759,   0.5838798900,  -0.8118173500,
                      -0.0049277116,   0.4740038200,   0.3409525800
                  </Orientation>
                  <Position type="Vector">-0.045059074, -1.9988971, -4.8764138</Position>
               </Headlight>
               <HpShield01>
                  <Orientation type="Matrix">
                      -0.9998608800, -15.996813e-09,   0.0000000000,
                      15.996813e-09,  -0.9998608800,   0.0166764370,
                     -266.76983e-12,   0.0166741160,   0.9997217700
                  </Orientation>
                  <Position type="Vector">-59.426573e-6, 0.29610363, 3.6735864</Position>
               </HpShield01>
               <HpScanner01>
                  <Orientation type="Matrix">
                       0.9999692400,  -0.0000000000,   0.0000000000,
                       0.0000000000,   0.9999692400,   0.0078390772,
                      -0.0000000000,  -0.0078388359,   0.9999384900
                  </Orientation>
                  <Position type="Vector">-59.426573e-6, 1.4661032, 2.5035865</Position>
               </HpScanner01>
               <HpMount>
                  <Orientation type="Matrix">
                       1.0000000000,   0.0000000000,   0.0000000000,
                       0.0000000000,   1.0000000000,   0.0000000000,
                       0.0000000000,   0.0000000000,   1.0000000000
                  </Orientation>
                  <Position type="Vector">-59.426573e-6, -5.4638958, 1.7385867</Position>
               </HpMount>
               <HpPilot>
                  <Orientation type="Matrix">
                       1.0000000000, -45.928729e-09,   0.0000000000,
                      45.928729e-09,   1.0000000000, -17.468739e-09,
                      802.31702e-18,  17.468739e-09,   1.0000000000
                  </Orientation>
                  <Position type="Vector">-59.426573e-6, 0.16110364, -1.861414</Position>
               </HpPilot>
               <HpThruster01>
                  <Orientation type="Matrix">
                      -0.9998608800, -15.996813e-09,   0.0000000000,
                      15.996813e-09,  -0.9998608800,   0.0166764370,
                     -266.76983e-12,   0.0166741160,   0.9997217700
                  </Orientation>
                  <Position type="Vector">-0.045059409, 0.29610363, 4.5285864</Position>
               </HpThruster01>
               <HpContrail01>
                  <Orientation type="Matrix">
                       0.6204777400,  -0.7840810400,   0.0000000000,
                       0.7840810400,   0.6204777400,   0.0149759220,
                      -0.0117423370,  -0.0092922263,   0.9997757100
                  </Orientation>
                  <Position type="Vector">-4.7250586, 4.1661038, 7.1385875</Position>
               </HpContrail01>
               <HpContrail02>
                  <Orientation type="Matrix">
                       0.6204761900,   0.7840822900,   0.0000000000,
                      -0.7840822900,   0.6204761900,   0.0149758430,
                       0.0117422930,  -0.0092921536,   0.9997757700
                  </Orientation>
                  <Position type="Vector">4.6799407, 4.1661038, 7.0935874</Position>
               </HpContrail02>
               <HpContrail03>
                  <Orientation type="Matrix">
                      -0.5426546900,   0.8347047000,   0.0000000000,
                      -0.8347047000,  -0.5426546900,  -0.0937756370,
                      -0.0782749650,  -0.0508877900,   0.9912060500
                  </Orientation>
                  <Position type="Vector">3.1949403, -4.6538959, -0.016413894</Position>
               </HpContrail03>
               <HpContrail04>
                  <Orientation type="Matrix">
                      -0.5426541600,  -0.8347050500,   0.0000000000,
                       0.8347050500,  -0.5426541600,  -0.0937759060,
                       0.0782752260,  -0.0508878860,   0.9912060500
                  </Orientation>
                  <Position type="Vector">-3.2400589, -4.6988959, -0.016413894</Position>
               </HpContrail04>
               <HpDocklight01>
                  <Orientation type="Matrix">
                       0.6204777400,  -0.7840810400,   0.0000000000,
                       0.7840810400,   0.6204777400,   0.0149759220,
                      -0.0117423370,  -0.0092922263,   0.9997757100
                  </Orientation>
                  <Position type="Vector">-4.680059, 4.3011041, 7.1385875</Position>
               </HpDocklight01>
               <HpDocklight02>
                  <Orientation type="Matrix">
                       0.6204761900,   0.7840822900,   0.0000000000,
                      -0.7840822900,   0.6204761900,   0.0149758430,
                       0.0117422930,  -0.0092921536,   0.9997757700
                  </Orientation>
                  <Position type="Vector">4.6349401, 4.256104, 7.1385875</Position>
               </HpDocklight02>
               <HpMine01>
                  <Orientation type="Matrix">
                       0.0000000000,  -1.0000000000,   0.0000000000,
                       1.0000000000,   0.0000000000,   0.0000000000,
                      -0.0000000000,   0.0000000000,   1.0000000000
                  </Orientation>
                  <Position type="Vector">-2.0250592, -0.1538966, 2.0535858</Position>
               </HpMine01>
               <HpRunningLight01>
                  <Orientation type="Matrix">
                       1.0000000000,   0.0000000000,   0.0000000000,
                       0.0000000000,   1.0000000000,   0.0000000000,
                       0.0000000000,   0.0000000000,   1.0000000000
                  </Orientation>
                  <Position type="Vector">0, 1.8, -1.8</Position>
               </HpRunningLight01>
               <HpRunningLight02>
                  <Orientation type="Matrix">
                       1.0000000000,   0.0000000000,   0.0000000000,
                       0.0000000000,   1.0000000000,   0.0000000000,
                       0.0000000000,   0.0000000000,   1.0000000000
                  </Orientation>
                  <Position type="Vector">4.5, 4.05, 5.94</Position>
               </HpRunningLight02>
               <HpRunningLight03>
                  <Orientation type="Matrix">
                       1.0000000000,   0.0000000000,   0.0000000000,
                       0.0000000000,   1.0000000000,   0.0000000000,
                       0.0000000000,   0.0000000000,   1.0000000000
                  </Orientation>
                  <Position type="Vector">-4.5, 4.05, 5.94</Position>
               </HpRunningLight03>
               <HpRunningLight04>
                  <Orientation type="Matrix">
                       1.0000000000,   0.0000000000,   0.0000000000,
                       0.0000000000,   1.0000000000,   0.0000000000,
                       0.0000000000,   0.0000000000,   1.0000000000
                  </Orientation>
                  <Position type="Vector">3.15, -4.5, 0</Position>
               </HpRunningLight04>
               <HpRunningLight05>
                  <Orientation type="Matrix">
                       1.0000000000,   0.0000000000,   0.0000000000,
                       0.0000000000,   1.0000000000,   0.0000000000,
                       0.0000000000,   0.0000000000,   1.0000000000
                  </Orientation>
                  <Position type="Vector">-3.15, -4.5, 0</Position>
               </HpRunningLight05>
               <HpCloak01>
                  <Orientation type="Matrix">
                       1.0000000000,   0.0000000000,   0.0000000000,
                       0.0000000000,   1.0000000000,   0.0000000000,
                       0.0000000000,   0.0000000000,   1.0000000000
                  </Orientation>
                  <Position type="Vector">0, 2.75, 3.67</Position>
               </HpCloak01>
               <HpTractor_Source>
                  <Orientation type="Matrix">
                       1.0000000000,   0.0000000000,   0.0000000000,
                       0.0000000000,   1.0000000000,   0.0000000000,
                       0.0000000000,   0.0000000000,   1.0000000000
                  </Orientation>
                  <Position type="Vector">-0.001379, -2.043411, -4.8175731</Position>
               </HpTractor_Source>
               <HpHeadLight>
                  <Orientation type="Matrix">
                       1.0000000000,   0.0000000000,   0.0000000000,
                       0.0000000000,   1.0000000000,   0.0000000000,
                       0.0000000000,   0.0000000000,   1.0000000000
                  </Orientation>
                  <Position type="Vector">-0.001379, -2.060997, -4.8302922</Position>
               </HpHeadLight>
               <Hpnew01>
                  <Orientation type="Matrix">
                       1.0000000000,   0.0000000000,   0.0000000000,
                       0.0000000000,   1.0000000000,   0.0000000000,
                       0.0000000000,   0.0000000000,   1.0000000000
                  </Orientation>
                  <Position type="Vector">0, 1, 0</Position>
               </Hpnew01>
               <Hpnew02>
                  <Orientation type="Matrix">
                       1.0000000000,   0.0000000000,   0.0000000000,
                       0.0000000000,   1.0000000000,   0.0000000000,
                       0.0000000000,   0.0000000000,   1.0000000000
                  </Orientation>
                  <Position type="Vector">0, 1, 0</Position>
               </Hpnew02>
               <Hpnew03>
                  <Orientation type="Matrix">
                       1.0000000000,   0.0000000000,   0.0000000000,
                       0.0000000000,   1.0000000000,   0.0000000000,
                       0.0000000000,   0.0000000000,   1.0000000000
                  </Orientation>
                  <Position type="Vector">0, 1, 0</Position>
               </Hpnew03>
            </Fixed>
            <Revolute>
               <HpWeapon02>
                  <Axis type="Vector">0, 1, 0</Axis>
                  <Max type="float">0.76794487</Max>
                  <Min type="float">-0.78539819</Min>
                  <Orientation type="Matrix">
                     -119.20929e-09,  -0.9999996400,  -0.0000000000,
                       0.9999996400, -119.20929e-09,   0.0000000000,
                       0.0000000000,  -0.0000000000,   1.0000000000
                  </Orientation>
                  <Position type="Vector">-1.800063, -0.15389639, -1.186416</Position>
               </HpWeapon02>
               <HpWeapon03>
                  <Axis type="Vector">0, 1, 0</Axis>
                  <Max type="float">0.76794487</Max>
                  <Min type="float">-0.78539819</Min>
                  <Orientation type="Matrix">
                       1.0000000000,   0.0000000000,   0.0000000000,
                       0.0000000000,   1.0000000000,   0.0000000000,
                       0.0000000000,   0.0000000000,   1.0000000000
                  </Orientation>
                  <Position type="Vector">0, 2.88, -0.27</Position>
               </HpWeapon03>
               <HpWeapon04>
                  <Axis type="Vector">0, 1, 0</Axis>
                  <Max type="float">0.76794487</Max>
                  <Min type="float">-0.78539819</Min>
                  <Orientation type="Matrix">
                      -1.0000000000, -87.427907e-09,   0.0000000000,
                      87.427907e-09,  -1.0000000000,  -0.0000000000,
                       0.0000000000,   0.0000000000,   1.0000000000
                  </Orientation>
                  <Position type="Vector">0, -3.42, -3.24</Position>
               </HpWeapon04>
               <HpTorpedo01>
                  <Axis type="Vector">0, 1, 0</Axis>
                  <Max type="float">0.76794487</Max>
                  <Min type="float">-0.78539819</Min>
                  <Orientation type="Matrix">
                      -1.0000000000, -87.427907e-09,   0.0000000000,
                      87.427907e-09,  -1.0000000000,  -0.0000000000,
                       0.0000000000,   0.0000000000,   1.0000000000
                  </Orientation>
                  <Position type="Vector">0, -2.7, -3.42</Position>
               </HpTorpedo01>
               <HpWeapon01>
                  <Axis type="Vector">0, 1, 0</Axis>
                  <Max type="float">0.78538001</Max>
                  <Min type="float">-0.7854</Min>
                  <Orientation type="Matrix">
                      -0.0068410588,   0.9999737100,   0.0000000000,
                      -0.9999737100,  -0.0068410588,   0.0023904755,
                       0.0023904126,  16.353384e-06,   0.9999942200
                  </Orientation>
                  <Position type="Vector">1.9799408, -0.10889659, -1.1414142</Position>
               </HpWeapon01>
            </Revolute>
         </Hardpoints>
         <MultiLevel>
            <Level0>
               <VMeshPart>
                  <VMeshRef type="VMeshRef">
                     <!-- header size  --> 60,
                     <!-- vmesh lib    --> blackstarblazer1.lod0.vms,
                     <!-- start vert   --> 0,
                     <!-- num verts    --> 2136,
                     <!-- start index  --> 0,
                     <!-- num indices  --> 4482,
                     <!-- start mesh   --> 0,
                     <!-- num meshes   --> 30,
                     <!-- bounding box -->  4.7596774,    4.1562686,   7.109159,
                                           -4.7723713,   -4.7040615,  -4.8319855,
                     <!-- center       --> -0.006346941, -0.27389646,  1.1385868,
                     <!-- radius       --> 12.211923
                  </VMeshRef>
               </VMeshPart>
            </Level0>
         </MultiLevel>
      </blackstarblazer1.3db>
   </UTF_ROOT>
</UTFXML>
