<?xml version="1.0" encoding="ISO-8859-1"?>
<!-- XML generated by UTFXML Version 2.2 built 19-Aug-2010 -->
<UTFXML filename="panther.cmp" path="SHIPS\new\bsg\panther">
   <UTF_ROOT>
      <VMeshLibrary>
         <bsg_panther001.lod0.vms include="panther_cmp\lod0.vms.xml"/>
      </VMeshLibrary>
      <Cmpnd>
         <Root>
            <File_name name="File name" type="text">bsg_panther001.3db</File_name>
            <Index type="int">0</Index>
            <Object_name name="Object name" type="text">Root</Object_name>
         </Root>
      </Cmpnd>
      <bsg_panther001.3db>
         <Hardpoints>
            <Fixed>
               <HpMount>
                  <Orientation type="Matrix">
                       1.0000000000,   0.0000000000,   0.0000000000,
                       0.0000000000,   1.0000000000,   0.0000000000,
                       0.0000000000,   0.0000000000,   1.0000000000
                  </Orientation>
                  <Position type="Vector">-0.016903, -3.5, -0.046688002</Position>
               </HpMount>
               <HpTractor_Source>
                  <Orientation type="Matrix">
                      -0.0529161990,  -0.3033190100,   0.0000000000,
                       0.3033190100,  -0.0529161990,  -0.9514190000,
                       0.2885839900,  -0.0503453980,   0.0948027000
                  </Orientation>
                  <Position type="Vector">-0.016902599, 0.0771209, 0.90983301</Position>
               </HpTractor_Source>
               <HpEngine01>
                  <Orientation type="Matrix">
                       1.0000000000,   0.0000000000,   0.0000000000,
                       0.0000000000,   1.0000000000,   0.0000000000,
                       0.0000000000,   0.0000000000,   1.0000000000
                  </Orientation>
                  <Position type="Vector">-0.016902599, 0.58798999, 12.9229</Position>
               </HpEngine01>
               <HpEngine02>
                  <Orientation type="Matrix">
                       1.0000000000,   0.0000000000,   0.0000000000,
                       0.0000000000,   1.0000000000,   0.0000000000,
                       0.0000000000,   0.0000000000,   1.0000000000
                  </Orientation>
                  <Position type="Vector">-2.17342, -0.18374901, 11.4968</Position>
               </HpEngine02>
               <HpEngine03>
                  <Orientation type="Matrix">
                       1.0000000000,   0.0000000000,   0.0000000000,
                       0.0000000000,   1.0000000000,   0.0000000000,
                       0.0000000000,   0.0000000000,   1.0000000000
                  </Orientation>
                  <Position type="Vector">2.1744001, -0.18374901, 11.4968</Position>
               </HpEngine03>
               <HpThruster01>
                  <Orientation type="Matrix">
                      -0.9993908400,  -0.0348995370,  -0.0000000000,
                       0.0348995370,  -0.9993908400,   0.0000000000,
                       0.0000000000,  -0.0000000000,   1.0000000000
                  </Orientation>
                  <Position type="Vector">0, 0.58192497, 11.009532</Position>
               </HpThruster01>
               <HpShield01>
                  <Orientation type="Matrix">
                      -1.0000000000, -87.427900e-09,   0.0000000000,
                      87.427900e-09,  -1.0000000000,   0.0000000000,
                       0.0000000000,   0.0000000000,   1.0000000000
                  </Orientation>
                  <Position type="Vector">0.0048365002, -0.46635801, 7.7793999</Position>
               </HpShield01>
               <HpMine01>
                  <Orientation type="Matrix">
                       0.0718448010,  -0.9974150100,   0.0000000000,
                       0.9974150100,   0.0718448010,   0.0013304800,
                      -0.0013270400, -95.588199e-06,   0.9999979700
                  </Orientation>
                  <Position type="Vector">-0.95168501, 0.62059897, 11.2142</Position>
               </HpMine01>
               <HpCM01>
                  <Orientation type="Matrix">
                       0.1016170000,   0.9948220300,   0.0000000000,
                      -0.9948220300,   0.1016170000,   0.0018818401,
                       0.0018720900, -191.22699e-06,   0.9999960100
                  </Orientation>
                  <Position type="Vector">0.939619, 0.62059897, 11.2142</Position>
               </HpCM01>
               <HpHeadLight01>
                  <Orientation type="Matrix">
                       1.0000000000,   0.0000000000,   0.0000000000,
                       0.0000000000,   1.0000000000,   0.0000000000,
                       0.0000000000,   0.0000000000,   1.0000000000
                  </Orientation>
                  <Position type="Vector">0, 0, 0.3</Position>
               </HpHeadLight01>
               <HpContrail01>
                  <Orientation type="Matrix">
                      -0.0033272901,   0.9981470100,   0.0000000000,
                      -0.9981470100,  -0.0033272901,   0.0607606990,
                       0.0606480990,  202.16800e-06,   0.9963080300
                  </Orientation>
                  <Position type="Vector">9.6026602, -1.11853, 4.47505</Position>
               </HpContrail01>
               <HpContrail02>
                  <Orientation type="Matrix">
                      -0.0033208400,  -0.9981470100,   0.0000000000,
                       0.9981470100,  -0.0033208400,   0.0607598010,
                      -0.0606472010,  201.77400e-06,   0.9963080300
                  </Orientation>
                  <Position type="Vector">-9.6061602, -1.11853, 4.47505</Position>
               </HpContrail02>
               <HpRunningLight01>
                  <Orientation type="Matrix">
                       0.0159118010,   0.9586309800,   0.0000000000,
                      -0.9586309800,   0.0159118010,   0.2842069900,
                       0.2724500000,  -0.0045222398,   0.9192259900
                  </Orientation>
                  <Position type="Vector">-3.1387701, -0.16201, -13.9163</Position>
               </HpRunningLight01>
               <HpRunningLight02>
                  <Orientation type="Matrix">
                      -0.1024020000,   0.8079720100,   0.0000000000,
                      -0.8079720100,  -0.1024020000,  -0.5802549700,
                      -0.4688290100,  -0.0594190990,   0.6633039700
                  </Orientation>
                  <Position type="Vector">3.1352701, -0.16201, -13.9163</Position>
               </HpRunningLight02>
               <HpRunningLight03>
                  <Orientation type="Matrix">
                      827.59699e-06,   0.9999989900,   0.0000000000,
                      -0.9999989900,  827.59699e-06,  -0.0010710100,
                      -0.0010710100,  886.36898e-09,   0.9999989900
                  </Orientation>
                  <Position type="Vector">9.6135302, -1.11853, 3.4315701</Position>
               </HpRunningLight03>
               <HpRunningLight04>
                  <Orientation type="Matrix">
                      833.82800e-06,  -0.9999989900,   0.0000000000,
                       0.9999989900,  833.82800e-06,  -0.0010717800,
                       0.0010717700,  893.67597e-09,   0.9999989900
                  </Orientation>
                  <Position type="Vector">-9.6170301, -1.11853, 3.4315701</Position>
               </HpRunningLight04>
               <HpRunningLight05>
                  <Orientation type="Matrix">
                       1.0000000000,   0.0000000000,   0.0000000000,
                       0.0000000000,   1.0000000000,   0.0000000000,
                       0.0000000000,   0.0000000000,   1.0000000000
                  </Orientation>
                  <Position type="Vector">-5.7474599, -0.404246, 13.9968</Position>
               </HpRunningLight05>
               <HpRunningLight06>
                  <Orientation type="Matrix">
                       1.0000000000,   0.0000000000,   0.0000000000,
                       0.0000000000,   1.0000000000,   0.0000000000,
                       0.0000000000,   0.0000000000,   1.0000000000
                  </Orientation>
                  <Position type="Vector">5.7439699, -0.404246, 13.9968</Position>
               </HpRunningLight06>
               <HpDockLight01>
                  <Orientation type="Matrix">
                       0.9920100000,   0.0000000000,   0.0000000000,
                       0.0000000000,   0.9920100000,   0.1261619900,
                       0.0000000000,  -0.1251540000,   0.9840830000
                  </Orientation>
                  <Position type="Vector">-0.00965806, 2.1464801, 10.1852</Position>
               </HpDockLight01>
               <HpDockLight02>
                  <Orientation type="Matrix">
                       0.9987670200,   0.0000000000,   0.0000000000,
                       0.0000000000,   0.9987670200,  -0.0496524010,
                       0.0000000000,   0.0495911020,   0.9975349900
                  </Orientation>
                  <Position type="Vector">-0.00965806, 2.6827099, 4.5040398</Position>
               </HpDockLight02>
               <Hpxx01>
                  <Orientation type="Matrix">
                       1.0000000000,   0.0000000000,   0.0000000000,
                       0.0000000000,   1.0000000000,   0.0000000000,
                       0.0000000000,   0.0000000000,   1.0000000000
                  </Orientation>
                  <Position type="Vector">0, 0.5, 2</Position>
               </Hpxx01>
               <Hpxx02>
                  <Orientation type="Matrix">
                       1.0000000000,   0.0000000000,   0.0000000000,
                       0.0000000000,   1.0000000000,   0.0000000000,
                       0.0000000000,   0.0000000000,   1.0000000000
                  </Orientation>
                  <Position type="Vector">0, 0.5, 2</Position>
               </Hpxx02>
               <Hpxx03>
                  <Orientation type="Matrix">
                       1.0000000000,   0.0000000000,   0.0000000000,
                       0.0000000000,   1.0000000000,   0.0000000000,
                       0.0000000000,   0.0000000000,   1.0000000000
                  </Orientation>
                  <Position type="Vector">0, 0.5, 2</Position>
               </Hpxx03>
               <Hpxx04>
                  <Orientation type="Matrix">
                       1.0000000000,   0.0000000000,   0.0000000000,
                       0.0000000000,   1.0000000000,   0.0000000000,
                       0.0000000000,   0.0000000000,   1.0000000000
                  </Orientation>
                  <Position type="Vector">0, 0.5, 2</Position>
               </Hpxx04>
               <HpBayDoor01>
                  <Orientation type="Matrix">
                       1.0000000000,   0.0000000000,   0.0000000000,
                       0.0000000000,   1.0000000000,   0.0000000000,
                       0.0000000000,   0.0000000000,   1.0000000000
                  </Orientation>
                  <Position type="Vector">0, 0.2, 4</Position>
               </HpBayDoor01>
               <HpBayDoor02>
                  <Orientation type="Matrix">
                       1.0000000000,   0.0000000000,   0.0000000000,
                       0.0000000000,   1.0000000000,   0.0000000000,
                       0.0000000000,   0.0000000000,   1.0000000000
                  </Orientation>
                  <Position type="Vector">0, -1.8, 4</Position>
               </HpBayDoor02>
               <HpThruster02>
                  <Orientation type="Matrix">
                       1.0000000000,   0.0000000000,   0.0000000000,
                       0.0000000000,   1.0000000000,   0.0000000000,
                       0.0000000000,   0.0000000000,   1.0000000000
                  </Orientation>
                  <Position type="Vector">2.17, -0.2, 11</Position>
               </HpThruster02>
               <Hpxx05>
                  <Orientation type="Matrix">
                       1.0000000000,   0.0000000000,   0.0000000000,
                       0.0000000000,   1.0000000000,   0.0000000000,
                       0.0000000000,   0.0000000000,   1.0000000000
                  </Orientation>
                  <Position type="Vector">0, 0.5, 2</Position>
               </Hpxx05>
               <Hpxx06>
                  <Orientation type="Matrix">
                       1.0000000000,   0.0000000000,   0.0000000000,
                       0.0000000000,   1.0000000000,   0.0000000000,
                       0.0000000000,   0.0000000000,   1.0000000000
                  </Orientation>
                  <Position type="Vector">0, 0.5, 2</Position>
               </Hpxx06>
               <Hpxx07>
                  <Orientation type="Matrix">
                       1.0000000000,   0.0000000000,   0.0000000000,
                       0.0000000000,   1.0000000000,   0.0000000000,
                       0.0000000000,   0.0000000000,   1.0000000000
                  </Orientation>
                  <Position type="Vector">0, 0.5, 2</Position>
               </Hpxx07>
               <Hpnew01>
                  <Orientation type="Matrix">
                       1.0000000000,   0.0000000000,   0.0000000000,
                       0.0000000000,   1.0000000000,   0.0000000000,
                       0.0000000000,   0.0000000000,   1.0000000000
                  </Orientation>
                  <Position type="Vector">0, 1, 4</Position>
               </Hpnew01>
               <Hpnew02>
                  <Orientation type="Matrix">
                       1.0000000000,   0.0000000000,   0.0000000000,
                       0.0000000000,   1.0000000000,   0.0000000000,
                       0.0000000000,   0.0000000000,   1.0000000000
                  </Orientation>
                  <Position type="Vector">0, 1, 4</Position>
               </Hpnew02>
               <Hpnew03>
                  <Orientation type="Matrix">
                       1.0000000000,   0.0000000000,   0.0000000000,
                       0.0000000000,   1.0000000000,   0.0000000000,
                       0.0000000000,   0.0000000000,   1.0000000000
                  </Orientation>
                  <Position type="Vector">0, 1, 4</Position>
               </Hpnew03>
               <Hpnew04>
                  <Orientation type="Matrix">
                       1.0000000000,   0.0000000000,   0.0000000000,
                       0.0000000000,   1.0000000000,   0.0000000000,
                       0.0000000000,   0.0000000000,   1.0000000000
                  </Orientation>
                  <Position type="Vector">0, 1, 4</Position>
               </Hpnew04>
               <HpCloak01>
                  <Orientation type="Matrix">
                       1.0000000000,   0.0000000000,   0.0000000000,
                       0.0000000000,   1.0000000000,   0.0000000000,
                       0.0000000000,   0.0000000000,   1.0000000000
                  </Orientation>
                  <Position type="Vector">0, 0.5, 4</Position>
               </HpCloak01>
            </Fixed>
            <Revolute>
               <HpTurret01>
                  <Axis type="Vector">0, 1, 0</Axis>
                  <Max type="float">6.283185</Max>
                  <Min type="float">-6.283185</Min>
                  <Orientation type="Matrix">
                       0.9489430200,   0.3116290000,   0.0000000000,
                      -0.3116290000,   0.9489430200,   0.0489301010,
                       0.0152481000,  -0.0464318990,   0.9976059800
                  </Orientation>
                  <Position type="Vector">7.12078, 0.487059, 8.4170799</Position>
               </HpTurret01>
               <HpTurret02>
                  <Axis type="Vector">0, 1, 0</Axis>
                  <Max type="float">6.283185</Max>
                  <Min type="float">-6.283185</Min>
                  <Orientation type="Matrix">
                       0.9489430200,  -0.3116300100,   0.0000000000,
                       0.3116300100,   0.9489430200,   0.0489307010,
                      -0.0152482000,  -0.0464323980,   0.9976059800
                  </Orientation>
                  <Position type="Vector">-7.12427, 0.487059, 8.4170799</Position>
               </HpTurret02>
               <HpTorpedo01>
                  <Axis type="Vector">0, 1, 0</Axis>
                  <Max type="float">0.76794487</Max>
                  <Min type="float">-0.78539819</Min>
                  <Orientation type="Matrix">
                      -1.0000000000, -87.427907e-09,   0.0000000000,
                      87.427907e-09,  -1.0000000000,  -0.0000000000,
                       0.0000000000,   0.0000000000,   1.0000000000
                  </Orientation>
                  <Position type="Vector">0, -0.46946299, 1.76491</Position>
               </HpTorpedo01>
               <HpWeapon01>
                  <Axis type="Vector">0, 1, 0</Axis>
                  <Max type="float">0.76794487</Max>
                  <Min type="float">-0.78539819</Min>
                  <Orientation type="Matrix">
                       0.9876880000,   0.1564340000,   0.0000000000,
                      -0.1564340000,   0.9876880000,   0.0000000000,
                       0.0000000000,   0.0000000000,   1.0000000000
                  </Orientation>
                  <Position type="Vector">2.5664301, 0.65372503, 5.5257802</Position>
               </HpWeapon01>
               <HpWeapon02>
                  <Axis type="Vector">0, 1, 0</Axis>
                  <Max type="float">0.76794487</Max>
                  <Min type="float">-0.78539819</Min>
                  <Orientation type="Matrix">
                       0.9876880000,  -0.1564340000,   0.0000000000,
                       0.1564340000,   0.9876880000,   0.0000000000,
                       0.0000000000,   0.0000000000,   1.0000000000
                  </Orientation>
                  <Position type="Vector">-2.5699301, 0.65372503, 5.5257802</Position>
               </HpWeapon02>
               <HpWeapon03>
                  <Axis type="Vector">0, 1, 0</Axis>
                  <Max type="float">0.76794487</Max>
                  <Min type="float">-0.78539819</Min>
                  <Orientation type="Matrix">
                       0.9816269900,  -0.1908090000,   0.0000000000,
                       0.1908090000,   0.9816269900,   0.0000000000,
                       0.0000000000,   0.0000000000,   1.0000000000
                  </Orientation>
                  <Position type="Vector">-3.0481901, 0.53778303, 5.31563</Position>
               </HpWeapon03>
               <HpWeapon04>
                  <Axis type="Vector">0, 1, 0</Axis>
                  <Max type="float">0.76794487</Max>
                  <Min type="float">-0.78539819</Min>
                  <Orientation type="Matrix">
                       0.9816269900,   0.1908090000,   0.0000000000,
                      -0.1908090000,   0.9816269900,   0.0000000000,
                       0.0000000000,   0.0000000000,   1.0000000000
                  </Orientation>
                  <Position type="Vector">3.0446899, 0.53778303, 5.31563</Position>
               </HpWeapon04>
               <HpWeapon05>
                  <Axis type="Vector">0, 1, 0</Axis>
                  <Max type="float">0.76794487</Max>
                  <Min type="float">-0.78539819</Min>
                  <Orientation type="Matrix">
                       0.9781479800,   0.2079120000,   0.0000000000,
                      -0.2079120000,   0.9781479800,   0.0000000000,
                       0.0000000000,   0.0000000000,   1.0000000000
                  </Orientation>
                  <Position type="Vector">3.5229499, 0.40010199, 5.0837498</Position>
               </HpWeapon05>
               <HpWeapon06>
                  <Axis type="Vector">0, 1, 0</Axis>
                  <Max type="float">0.76794487</Max>
                  <Min type="float">-0.78539819</Min>
                  <Orientation type="Matrix">
                       0.9781479800,  -0.2079120000,   0.0000000000,
                       0.2079120000,   0.9781479800,   0.0000000000,
                       0.0000000000,   0.0000000000,   1.0000000000
                  </Orientation>
                  <Position type="Vector">-3.5264499, 0.40010199, 5.0837498</Position>
               </HpWeapon06>
               <HpWeapon07>
                  <Axis type="Vector">0, 1, 0</Axis>
                  <Max type="float">0.76794487</Max>
                  <Min type="float">-0.78539819</Min>
                  <Orientation type="Matrix">
                     -119.20900e-09,  -1.0000000000,   0.0000000000,
                       1.0000000000, -119.20900e-09,   0.0000000000,
                       0.0000000000,   0.0000000000,   1.0000000000
                  </Orientation>
                  <Position type="Vector">-1.17862, 0.81314498, 2.8880999</Position>
               </HpWeapon07>
               <HpWeapon08>
                  <Axis type="Vector">0, 1, 0</Axis>
                  <Max type="float">0.76794487</Max>
                  <Min type="float">-0.78539819</Min>
                  <Orientation type="Matrix">
                     -119.20900e-09,   1.0000000000,   0.0000000000,
                      -1.0000000000, -119.20900e-09,   0.0000000000,
                       0.0000000000,   0.0000000000,   1.0000000000
                  </Orientation>
                  <Position type="Vector">1.17513, 0.81314498, 2.8880999</Position>
               </HpWeapon08>
            </Revolute>
         </Hardpoints>
         <MultiLevel>
            <Level0>
               <VMeshPart>
                  <VMeshRef type="VMeshRef">
                     <!-- header size  --> 60,
                     <!-- vmesh lib    --> bsg_panther001.lod0.vms,
                     <!-- start vert   --> 0,
                     <!-- num verts    --> 4864,
                     <!-- start index  --> 0,
                     <!-- num indices  --> 19152,
                     <!-- start mesh   --> 0,
                     <!-- num meshes   --> 19,
                     <!-- bounding box -->  9.5855913,     2.6689465,  13.946841,
                                           -9.6034451,    -1.5105667, -13.919468,
                     <!-- center       --> -0.0089268684,  0.5791899,   0.013686657,
                     <!-- radius       --> 21.42807
                  </VMeshRef>
               </VMeshPart>
            </Level0>
         </MultiLevel>
      </bsg_panther001.3db>
   </UTF_ROOT>
</UTFXML>
