<?xml version="1.0" encoding="ISO-8859-1"?>
<!-- XML generated by UTFXML Version 2.2 built 19-Aug-2010 -->
<UTFXML filename="alarak.cmp" path="SHIPS\alarak">
   <UTF_ROOT>
      <VMeshLibrary>
         <data.ships.ae.alarak.lod0.vms include="alarak_cmp\lod0.vms.xml"/>
      </VMeshLibrary>
      <Cmpnd>
         <Root>
            <File_name name="File name" type="text">data.ships.ae.alarak.3db</File_name>
            <Index type="int">0</Index>
            <Object_name name="Object name" type="text">Root</Object_name>
         </Root>
      </Cmpnd>
      <data.ships.ae.alarak.3db>
         <Hardpoints>
            <Fixed>
               <HpMount>
                  <Orientation type="Matrix">
                       1.0000000000,   0.0000000000,   0.0000000000,
                       0.0000000000,   1.0000000000,   0.0000000000,
                       0.0000000000,   0.0000000000,   1.0000000000
                  </Orientation>
                  <Position type="Vector">0, -12.662, 0</Position>
               </HpMount>
               <HpPilot>
                  <Orientation type="Matrix">
                       0.9998962900,  346.37250e-09,   0.0000000000,
                     -346.37250e-09,   0.9998962900,   0.0143985700,
                      4.9872688e-09,  -0.0143970770,   0.9997925800
                  </Orientation>
                  <Position type="Vector">2.8858502, 1.2164832, -9.0634747</Position>
               </HpPilot>
               <HpCockpit>
                  <Orientation type="Matrix">
                       1.0000000000,   0.0000000000,   0.0000000000,
                       0.0000000000,   1.0000000000,   0.0000000000,
                       0.0000000000,   0.0000000000,   1.0000000000
                  </Orientation>
                  <Position type="Vector">0, 2.1610401, -9.0754004</Position>
               </HpCockpit>
               <HpHeadlight01>
                  <Orientation type="Matrix">
                       1.0000000000,   0.0000000000,   0.0000000000,
                       0.0000000000,   1.0000000000,   0.0000000000,
                       0.0000000000,   0.0000000000,   1.0000000000
                  </Orientation>
                  <Position type="Vector">1.9787199, 0, -24.3552</Position>
               </HpHeadlight01>
               <HpHeadlight02>
                  <Orientation type="Matrix">
                       1.0000000000,   0.0000000000,   0.0000000000,
                       0.0000000000,   1.0000000000,   0.0000000000,
                       0.0000000000,   0.0000000000,   1.0000000000
                  </Orientation>
                  <Position type="Vector">-1.9787199, 0, -24.3552</Position>
               </HpHeadlight02>
               <HpThruster01>
                  <Orientation type="Matrix">
                      -1.0000000000, -87.427907e-09,   0.0000000000,
                      87.427907e-09,  -1.0000000000,  -0.0000000000,
                       0.0000000000,   0.0000000000,   1.0000000000
                  </Orientation>
                  <Position type="Vector">0, -2.36218, 8.22048</Position>
               </HpThruster01>
               <HpTractor_Source>
                  <Orientation type="Matrix">
                       1.0000000000,   0.0000000000,   0.0000000000,
                       0.0000000000,   1.0000000000,   0.0000000000,
                       0.0000000000,   0.0000000000,   1.0000000000
                  </Orientation>
                  <Position type="Vector">-2.8067701, -0.986413, -12.7514</Position>
               </HpTractor_Source>
               <HpEngine01>
                  <Orientation type="Matrix">
                       1.0000000000,   0.0000000000,   0.0000000000,
                       0.0000000000,   1.0000000000,   0.0000000000,
                       0.0000000000,   0.0000000000,   1.0000000000
                  </Orientation>
                  <Position type="Vector">12.411471, 5.6952019, 11.702572</Position>
               </HpEngine01>
               <HpEngine02>
                  <Orientation type="Matrix">
                       1.0000000000,   0.0000000000,   0.0000000000,
                       0.0000000000,   1.0000000000,   0.0000000000,
                       0.0000000000,   0.0000000000,   1.0000000000
                  </Orientation>
                  <Position type="Vector">-12.411471, 5.6952019, 11.702572</Position>
               </HpEngine02>
               <HpEngine03>
                  <Orientation type="Matrix">
                       1.0000000000,   0.0000000000,   0.0000000000,
                       0.0000000000,   1.0000000000,   0.0000000000,
                       0.0000000000,   0.0000000000,   1.0000000000
                  </Orientation>
                  <Position type="Vector">12.411471, -5.6952019, 11.702572</Position>
               </HpEngine03>
               <HpEngine04>
                  <Orientation type="Matrix">
                       1.0000000000,   0.0000000000,   0.0000000000,
                       0.0000000000,   1.0000000000,   0.0000000000,
                       0.0000000000,   0.0000000000,   1.0000000000
                  </Orientation>
                  <Position type="Vector">-12.411471, -5.6952019, 11.702572</Position>
               </HpEngine04>
               <HpShield01>
                  <Orientation type="Matrix">
                       1.0000000000,   0.0000000000,   0.0000000000,
                       0.0000000000,   1.0000000000,   0.0000000000,
                       0.0000000000,   0.0000000000,   1.0000000000
                  </Orientation>
                  <Position type="Vector">0, 2.3733201, 5.2372198</Position>
               </HpShield01>
               <HpCM01>
                  <Orientation type="Matrix">
                       0.8191511000,   0.5735778200,   0.0000000000,
                      -0.5735778200,   0.8191511000, -2.6520445e-06,
                     -1.5211539e-06,  2.1724252e-06,   1.0000000000
                  </Orientation>
                  <Position type="Vector">8.0759153, -2.53264, 6.6622405</Position>
               </HpCM01>
               <HpMine01>
                  <Orientation type="Matrix">
                       0.8191503900,  -0.5735788300,   0.0000000000,
                       0.5735788300,   0.8191503900, -2.6520422e-06,
                      1.5211552e-06,  2.1724213e-06,   1.0000000000
                  </Orientation>
                  <Position type="Vector">-8.0965805, -2.5322127, 6.6593528</Position>
               </HpMine01>
               <HpContrail01>
                  <Orientation type="Matrix">
                       1.0000000000,   0.0000000000,   0.0000000000,
                       0.0000000000,   1.0000000000,   0.0000000000,
                       0.0000000000,   0.0000000000,   1.0000000000
                  </Orientation>
                  <Position type="Vector">14.1818, -0.00134153, 5.8355198</Position>
               </HpContrail01>
               <HpContrail02>
                  <Orientation type="Matrix">
                       1.0000000000,   0.0000000000,   0.0000000000,
                       0.0000000000,   1.0000000000,   0.0000000000,
                       0.0000000000,   0.0000000000,   1.0000000000
                  </Orientation>
                  <Position type="Vector">-14.1194, -0.0023904699, 5.8376999</Position>
               </HpContrail02>
               <HpRunningLight01>
                  <Orientation type="Matrix">
                       1.0000000000,   0.0000000000,  -0.0000000000,
                      -0.0000000000, -119.20929e-09,  -0.9999996400,
                       0.0000000000,   0.9999996400, -119.20929e-09
                  </Orientation>
                  <Position type="Vector">6.7655201, 10.8102, 2.43679</Position>
               </HpRunningLight01>
               <HpRunningLight02>
                  <Orientation type="Matrix">
                       1.0000000000,   0.0000000000,  -0.0000000000,
                      -0.0000000000, -119.20929e-09,  -0.9999996400,
                       0.0000000000,   0.9999996400, -119.20929e-09
                  </Orientation>
                  <Position type="Vector">-6.74896, 10.8133, 2.42904</Position>
               </HpRunningLight02>
               <HpRunningLight03>
                  <Orientation type="Matrix">
                       1.0000000000,   0.0000000000,   0.0000000000,
                       0.0000000000, -119.20929e-09,   0.9999996400,
                       0.0000000000,  -0.9999996400, -119.20929e-09
                  </Orientation>
                  <Position type="Vector">6.7670598, -10.8072, 2.4419401</Position>
               </HpRunningLight03>
               <HpRunningLight04>
                  <Orientation type="Matrix">
                       1.0000000000,   0.0000000000,   0.0000000000,
                       0.0000000000, -119.20929e-09,   0.9999996400,
                       0.0000000000,  -0.9999996400, -119.20929e-09
                  </Orientation>
                  <Position type="Vector">-6.7521501, -10.8076, 2.43047</Position>
               </HpRunningLight04>
               <HpRunningLight05>
                  <Orientation type="Matrix">
                      238.41858e-09, -506.63948e-09,  -0.9999992800,
                      -0.9999992800,  715.25574e-09,  506.63948e-09,
                     -29.802322e-09,   0.9999992800,  238.41858e-09
                  </Orientation>
                  <Position type="Vector">7.3903499, -0.0096710203, -4.6205902</Position>
               </HpRunningLight05>
               <HpRunningLight06>
                  <Orientation type="Matrix">
                      238.41858e-09,  506.63948e-09,   0.9999992800,
                       0.9999992800,  715.25574e-09,  506.63948e-09,
                      29.802322e-09,   0.9999992800,  238.41858e-09
                  </Orientation>
                  <Position type="Vector">-7.3987999, -0.00970673, -4.6196299</Position>
               </HpRunningLight06>
               <HpDockLight01>
                  <Orientation type="Matrix">
                       1.0000000000,   0.0000000000,   0.0000000000,
                       0.0000000000,   1.0000000000,   0.0000000000,
                       0.0000000000,   0.0000000000,   1.0000000000
                  </Orientation>
                  <Position type="Vector">0, 0, -4.7599702</Position>
               </HpDockLight01>
               <HpDockLight02>
                  <Orientation type="Matrix">
                      238.41858e-09, -506.63948e-09,  -0.9999992800,
                      -0.9999992800,  715.25574e-09,  506.63948e-09,
                     -29.802322e-09,   0.9999992800,  238.41858e-09
                  </Orientation>
                  <Position type="Vector">14.2266, -0.0030878, 3.79899</Position>
               </HpDockLight02>
               <HpDockLight03>
                  <Orientation type="Matrix">
                      238.41858e-09,  506.63948e-09,   0.9999992800,
                       0.9999992800,  715.25574e-09,  506.63948e-09,
                      29.802322e-09,   0.9999992800,  238.41858e-09
                  </Orientation>
                  <Position type="Vector">-14.1821, -71.205199e-6, 3.7934899</Position>
               </HpDockLight03>
               <Hpxx01>
                  <Orientation type="Matrix">
                       1.0000000000,   0.0000000000,   0.0000000000,
                       0.0000000000,   1.0000000000,   0.0000000000,
                       0.0000000000,   0.0000000000,   1.0000000000
                  </Orientation>
                  <Position type="Vector">0, 0, 0</Position>
               </Hpxx01>
               <Hpxx02>
                  <Orientation type="Matrix">
                       1.0000000000,   0.0000000000,   0.0000000000,
                       0.0000000000,   1.0000000000,   0.0000000000,
                       0.0000000000,   0.0000000000,   1.0000000000
                  </Orientation>
                  <Position type="Vector">0, 0, 0</Position>
               </Hpxx02>
               <Hpxx03>
                  <Orientation type="Matrix">
                       1.0000000000,   0.0000000000,   0.0000000000,
                       0.0000000000,   1.0000000000,   0.0000000000,
                       0.0000000000,   0.0000000000,   1.0000000000
                  </Orientation>
                  <Position type="Vector">0, 0, 0</Position>
               </Hpxx03>
               <Hpxx04>
                  <Orientation type="Matrix">
                       1.0000000000,   0.0000000000,   0.0000000000,
                       0.0000000000,   1.0000000000,   0.0000000000,
                       0.0000000000,   0.0000000000,   1.0000000000
                  </Orientation>
                  <Position type="Vector">0, 0, 0</Position>
               </Hpxx04>
               <Hpxx05>
                  <Orientation type="Matrix">
                       1.0000000000,   0.0000000000,   0.0000000000,
                       0.0000000000,   1.0000000000,   0.0000000000,
                       0.0000000000,   0.0000000000,   1.0000000000
                  </Orientation>
                  <Position type="Vector">0, 0, 0</Position>
               </Hpxx05>
               <Hpxx06>
                  <Orientation type="Matrix">
                       1.0000000000,   0.0000000000,   0.0000000000,
                       0.0000000000,   1.0000000000,   0.0000000000,
                       0.0000000000,   0.0000000000,   1.0000000000
                  </Orientation>
                  <Position type="Vector">0, 0, 0</Position>
               </Hpxx06>
               <Hpxx07>
                  <Orientation type="Matrix">
                       1.0000000000,   0.0000000000,   0.0000000000,
                       0.0000000000,   1.0000000000,   0.0000000000,
                       0.0000000000,   0.0000000000,   1.0000000000
                  </Orientation>
                  <Position type="Vector">0, 0, 0</Position>
               </Hpxx07>
               <Hpxx08>
                  <Orientation type="Matrix">
                       1.0000000000,   0.0000000000,   0.0000000000,
                       0.0000000000,   1.0000000000,   0.0000000000,
                       0.0000000000,   0.0000000000,   1.0000000000
                  </Orientation>
                  <Position type="Vector">0, 0, 0</Position>
               </Hpxx08>
               <Hpxx09>
                  <Orientation type="Matrix">
                       1.0000000000,   0.0000000000,   0.0000000000,
                       0.0000000000,   1.0000000000,   0.0000000000,
                       0.0000000000,   0.0000000000,   1.0000000000
                  </Orientation>
                  <Position type="Vector">0, 0, 0</Position>
               </Hpxx09>
               <Hpxx10>
                  <Orientation type="Matrix">
                       1.0000000000,   0.0000000000,   0.0000000000,
                       0.0000000000,   1.0000000000,   0.0000000000,
                       0.0000000000,   0.0000000000,   1.0000000000
                  </Orientation>
                  <Position type="Vector">0, 0, 0</Position>
               </Hpxx10>
               <HpShield02>
                  <Orientation type="Matrix">
                       1.0000000000,   0.0000000000,   0.0000000000,
                       0.0000000000,   1.0000000000,   0.0000000000,
                       0.0000000000,   0.0000000000,   1.0000000000
                  </Orientation>
                  <Position type="Vector">0, 0, 0</Position>
               </HpShield02>
               <Hpnew01>
                  <Orientation type="Matrix">
                       1.0000000000,   0.0000000000,   0.0000000000,
                       0.0000000000,   1.0000000000,   0.0000000000,
                       0.0000000000,   0.0000000000,   1.0000000000
                  </Orientation>
                  <Position type="Vector">0, 0, 0</Position>
               </Hpnew01>
               <Hpnew02>
                  <Orientation type="Matrix">
                       1.0000000000,   0.0000000000,   0.0000000000,
                       0.0000000000,   1.0000000000,   0.0000000000,
                       0.0000000000,   0.0000000000,   1.0000000000
                  </Orientation>
                  <Position type="Vector">0, 0, 0</Position>
               </Hpnew02>
               <Hpnew03>
                  <Orientation type="Matrix">
                       1.0000000000,   0.0000000000,   0.0000000000,
                       0.0000000000,   1.0000000000,   0.0000000000,
                       0.0000000000,   0.0000000000,   1.0000000000
                  </Orientation>
                  <Position type="Vector">0, 0, 0</Position>
               </Hpnew03>
               <HpCloak01>
                  <Orientation type="Matrix">
                       1.0000000000,   0.0000000000,   0.0000000000,
                       0.0000000000,   1.0000000000,   0.0000000000,
                       0.0000000000,   0.0000000000,   1.0000000000
                  </Orientation>
                  <Position type="Vector">0, 0, 0</Position>
               </HpCloak01>
               <Hpnew04>
                  <Orientation type="Matrix">
                       1.0000000000,   0.0000000000,   0.0000000000,
                       0.0000000000,   1.0000000000,   0.0000000000,
                       0.0000000000,   0.0000000000,   1.0000000000
                  </Orientation>
                  <Position type="Vector">0, 0, 0</Position>
               </Hpnew04>
            </Fixed>
            <Revolute>
               <HpWeapon01>
                  <Axis type="Vector">0, 1, 0</Axis>
                  <Max type="float">0.78539819</Max>
                  <Min type="float">-0.78539819</Min>
                  <Orientation type="Matrix">
                       0.6018149900,   0.7865024800,   0.1386816200,
                      -0.7986356000,   0.5926721100,   0.1045040900,
                       0.0000000000,  -0.1736481900,   0.9848077300
                  </Orientation>
                  <Position type="Vector">6.1801701, 0.76762003, -7.9840398</Position>
               </HpWeapon01>
               <HpWeapon02>
                  <Axis type="Vector">0, 1, 0</Axis>
                  <Max type="float">0.78539819</Max>
                  <Min type="float">-0.78539819</Min>
                  <Orientation type="Matrix">
                       0.6018149900,  -0.7865024800,  -0.1386816200,
                       0.7986356000,   0.5926721100,   0.1045040900,
                       0.0000000000,  -0.1736481900,   0.9848077300
                  </Orientation>
                  <Position type="Vector">-6.1801701, 0.76762003, -7.9840398</Position>
               </HpWeapon02>
               <HpWeapon03>
                  <Axis type="Vector">0, 1, 0</Axis>
                  <Max type="float">0.78539819</Max>
                  <Min type="float">-0.78539819</Min>
                  <Orientation type="Matrix">
                      -0.5877852400,   0.7967262300,   0.1404843500,
                      -0.8090170600,  -0.5788555100,  -0.1020678400,
                       0.0000000000,  -0.1736481900,   0.9848077300
                  </Orientation>
                  <Position type="Vector">6.1752801, -0.79970503, -7.9864001</Position>
               </HpWeapon03>
               <HpWeapon04>
                  <Axis type="Vector">0, 1, 0</Axis>
                  <Max type="float">0.78539819</Max>
                  <Min type="float">-0.78539819</Min>
                  <Orientation type="Matrix">
                      -0.5877852400,  -0.7967262300,  -0.1404843500,
                       0.8090170600,  -0.5788555100,  -0.1020678400,
                       0.0000000000,  -0.1736481900,   0.9848077300
                  </Orientation>
                  <Position type="Vector">-6.1752801, -0.79970503, -7.9864001</Position>
               </HpWeapon04>
               <HpWeapon05>
                  <Axis type="Vector">0, 1, 0</Axis>
                  <Max type="float">0.78539819</Max>
                  <Min type="float">-0.78539819</Min>
                  <Orientation type="Matrix">
                       0.8386705500,   0.5446390500,   0.0000000000,
                      -0.5446390500,   0.8386705500,   0.0000000000,
                       0.0000000000,   0.0000000000,   1.0000000000
                  </Orientation>
                  <Position type="Vector">7.4022598, 10.405, 2.4845099</Position>
               </HpWeapon05>
               <HpWeapon06>
                  <Axis type="Vector">0, 1, 0</Axis>
                  <Max type="float">0.78539819</Max>
                  <Min type="float">-0.78539819</Min>
                  <Orientation type="Matrix">
                       0.8386705500,  -0.5446390500,  -0.0000000000,
                       0.5446390500,   0.8386705500,   0.0000000000,
                       0.0000000000,  -0.0000000000,   1.0000000000
                  </Orientation>
                  <Position type="Vector">-7.4022598, 10.405, 2.4845099</Position>
               </HpWeapon06>
               <HpWeapon07>
                  <Axis type="Vector">0, 1, 0</Axis>
                  <Max type="float">0.78539819</Max>
                  <Min type="float">-0.78539819</Min>
                  <Orientation type="Matrix">
                      -0.8191520000,   0.5735764500,   0.0000000000,
                      -0.5735764500,  -0.8191520000,   0.0000000000,
                       0.0000000000,   0.0000000000,   1.0000000000
                  </Orientation>
                  <Position type="Vector">7.4479098, -10.4034, 2.4812901</Position>
               </HpWeapon07>
               <HpWeapon08>
                  <Axis type="Vector">0, 1, 0</Axis>
                  <Max type="float">0.78539819</Max>
                  <Min type="float">-0.78539819</Min>
                  <Orientation type="Matrix">
                      -0.8191520000,  -0.5735764500,  -0.0000000000,
                       0.5735764500,  -0.8191520000,   0.0000000000,
                       0.0000000000,  -0.0000000000,   1.0000000000
                  </Orientation>
                  <Position type="Vector">-7.4479098, -10.4034, 2.4812901</Position>
               </HpWeapon08>
               <HpWeapon09>
                  <Axis type="Vector">0, 1, 0</Axis>
                  <Max type="float">0.78539819</Max>
                  <Min type="float">-0.78539819</Min>
                  <Orientation type="Matrix">
                      -0.9135456100,  -0.4067366700,  -0.0000000000,
                       0.4067366700,  -0.9135456100,   0.0000000000,
                       0.0000000000,  -0.0000000000,   1.0000000000
                  </Orientation>
                  <Position type="Vector">7.4510498, -3.7337699, 6.6561699</Position>
               </HpWeapon09>
               <HpWeapon10>
                  <Axis type="Vector">0, 1, 0</Axis>
                  <Max type="float">0.78539819</Max>
                  <Min type="float">-0.78539819</Min>
                  <Orientation type="Matrix">
                      -0.9135456100,   0.4067366700,   0.0000000000,
                      -0.4067366700,  -0.9135456100,   0.0000000000,
                       0.0000000000,   0.0000000000,   1.0000000000
                  </Orientation>
                  <Position type="Vector">-7.4510498, -3.7337699, 6.6561699</Position>
               </HpWeapon10>
               <HpWeapon11>
                  <Axis type="Vector">0, 1, 0</Axis>
                  <Max type="float">0.78539819</Max>
                  <Min type="float">-0.78539819</Min>
                  <Orientation type="Matrix">
                       0.9063077600,  -0.4226182700,  -0.0000000000,
                       0.4226182700,   0.9063077600,   0.0000000000,
                       0.0000000000,  -0.0000000000,   1.0000000000
                  </Orientation>
                  <Position type="Vector">7.4498901, 3.7483799, 6.6521702</Position>
               </HpWeapon11>
               <HpWeapon12>
                  <Axis type="Vector">0, 1, 0</Axis>
                  <Max type="float">0.78539819</Max>
                  <Min type="float">-0.78539819</Min>
                  <Orientation type="Matrix">
                       0.9063077600,   0.4226182700,   0.0000000000,
                      -0.4226182700,   0.9063077600,   0.0000000000,
                       0.0000000000,   0.0000000000,   1.0000000000
                  </Orientation>
                  <Position type="Vector">-7.4498901, 3.7483799, 6.6521702</Position>
               </HpWeapon12>
               <HpTurret01>
                  <Axis type="Vector">0, 1, 0</Axis>
                  <Max type="float">3.1415927</Max>
                  <Min type="float">-3.1415927</Min>
                  <Orientation type="Matrix">
                       0.0000000000,  -0.9961946000,  -0.0871557300,
                       0.9999998800,   0.0000000000, -3.7252903e-09,
                     -3.7252903e-09,  -0.0871557300,   0.9961947200
                  </Orientation>
                  <Position type="Vector">-13.968506, -0.068034001, 3.904572</Position>
               </HpTurret01>
               <HpTurret02>
                  <Axis type="Vector">0, 1, 0</Axis>
                  <Max type="float">3.1415927</Max>
                  <Min type="float">-3.1415927</Min>
                  <Orientation type="Matrix">
                       0.0000000000,   0.9961946000,   0.0871557300,
                      -0.9999998800,   0.0000000000, -3.7252903e-09,
                      3.7252903e-09,  -0.0871557300,   0.9961947200
                  </Orientation>
                  <Position type="Vector">13.962721, -0.083316997, 3.841475</Position>
               </HpTurret02>
               <HpTorpedo01>
                  <Axis type="Vector">0, 1, 0</Axis>
                  <Max type="float">0.78539819</Max>
                  <Min type="float">-0.78539819</Min>
                  <Orientation type="Matrix">
                      -1.0000000000, -87.214943e-09, -6.0986620e-09,
                      87.427907e-09,  -0.9975640800,  -0.0697564710,
                      222.04460e-18,  -0.0697564710,   0.9975640800
                  </Orientation>
                  <Position type="Vector">2.9597199, -1.51603, -10.271</Position>
               </HpTorpedo01>
               <HpTorpedo02>
                  <Axis type="Vector">0, 1, 0</Axis>
                  <Max type="float">0.78539819</Max>
                  <Min type="float">-0.78539819</Min>
                  <Orientation type="Matrix">
                      -1.0000000000, -87.214943e-09, -6.0986620e-09,
                      87.427907e-09,  -0.9975640800,  -0.0697564710,
                      222.04460e-18,  -0.0697564710,   0.9975640800
                  </Orientation>
                  <Position type="Vector">-2.9597199, -1.51603, -10.271</Position>
               </HpTorpedo02>
            </Revolute>
         </Hardpoints>
         <MultiLevel>
            <Level0>
               <VMeshPart>
                  <VMeshRef type="VMeshRef">
                     <!-- header size  --> 60,
                     <!-- vmesh lib    --> data.ships.ae.alarak.lod0.vms,
                     <!-- start vert   --> 0,
                     <!-- num verts    --> 2419,
                     <!-- start index  --> 0,
                     <!-- num indices  --> 4536,
                     <!-- start mesh   --> 0,
                     <!-- num meshes   --> 6,
                     <!-- bounding box -->  14.12955,    10.75987,   11.6404,
                                           -14.12909,   -10.75962,  -24.204269,
                     <!-- center       --> 226.0208e-6, 125.885e-6,  -6.2819352,
                     <!-- radius       --> 27.52636
                  </VMeshRef>
               </VMeshPart>
            </Level0>
         </MultiLevel>
      </data.ships.ae.alarak.3db>
   </UTF_ROOT>
</UTFXML>
