<?xml version="1.0" encoding="ISO-8859-1"?>
<!-- XML generated by UTFXML Version 2.2 built 19-Aug-2010 -->
<UTFXML filename="constrictor2.cmp" path="SHIPS\new\X3_terran_conflict_ships\Split">
   <UTF_ROOT>
      <VMeshLibrary>
         <constrictor2.lod0.vms include="constrictor2_cmp\lod0.vms.xml"/>
      </VMeshLibrary>
      <Cmpnd>
         <Root>
            <File_name name="File name" type="text">constrictor2.3db</File_name>
            <Index type="int">0</Index>
            <Object_name name="Object name" type="text">Root</Object_name>
         </Root>
      </Cmpnd>
      <constrictor2.3db>
         <Hardpoints>
            <Fixed>
               <HpCockpit>
                  <Orientation type="Matrix">
                       1.0000000000,   0.0000000000,   0.0000000000,
                       0.0000000000,   1.0000000000,   0.0000000000,
                       0.0000000000,   0.0000000000,   1.0000000000
                  </Orientation>
                  <Position type="Vector">-1.651479, 18.240582, -316.8959</Position>
               </HpCockpit>
               <HpMount>
                  <Orientation type="Matrix">
                       1.0000000000,   0.0000000000,   0.0000000000,
                       0.0000000000,   1.0000000000,   0.0000000000,
                       0.0000000000,   0.0000000000,   1.0000000000
                  </Orientation>
                  <Position type="Vector">0, -90, 0</Position>
               </HpMount>
               <HpEngine01>
                  <Orientation type="Matrix">
                       1.0000000000,   0.0000000000,   0.0000000000,
                       0.0000000000,   1.0000000000,   0.0000000000,
                       0.0000000000,   0.0000000000,   1.0000000000
                  </Orientation>
                  <Position type="Vector">0.080542997, 44.42432, 341.23932</Position>
               </HpEngine01>
               <HpEngine02>
                  <Orientation type="Matrix">
                       1.0000000000,   0.0000000000,   0.0000000000,
                       0.0000000000,   1.0000000000,   0.0000000000,
                       0.0000000000,   0.0000000000,   1.0000000000
                  </Orientation>
                  <Position type="Vector">-0.127791, 29.551622, 342.71484</Position>
               </HpEngine02>
               <HpEngine03>
                  <Orientation type="Matrix">
                       1.0000000000,   0.0000000000,   0.0000000000,
                       0.0000000000,   1.0000000000,   0.0000000000,
                       0.0000000000,   0.0000000000,   1.0000000000
                  </Orientation>
                  <Position type="Vector">0.011098, 16.640945, 342.08249</Position>
               </HpEngine03>
               <HpShield01>
                  <Orientation type="Matrix">
                       1.0000000000,   0.0000000000,   0.0000000000,
                       0.0000000000,   1.0000000000,   0.0000000000,
                       0.0000000000,   0.0000000000,   1.0000000000
                  </Orientation>
                  <Position type="Vector">0, 0, 0</Position>
               </HpShield01>
               <HpCM01>
                  <Orientation type="Matrix">
                      -1.0000000000, -87.427907e-09,   0.0000000000,
                      87.427907e-09,  -1.0000000000,  -0.0000000000,
                       0.0000000000,   0.0000000000,   1.0000000000
                  </Orientation>
                  <Position type="Vector">-0.086405002, -13.25404, 346.73477</Position>
               </HpCM01>
               <HpTractor_Source>
                  <Orientation type="Matrix">
                       1.0000000000,   0.0000000000,   0.0000000000,
                       0.0000000000,   1.0000000000,   0.0000000000,
                       0.0000000000,   0.0000000000,   1.0000000000
                  </Orientation>
                  <Position type="Vector">-0.563146, 2.5047519, -504.10117</Position>
               </HpTractor_Source>
               <HpCloak01>
                  <Orientation type="Matrix">
                       1.0000000000,   0.0000000000,   0.0000000000,
                       0.0000000000,   1.0000000000,   0.0000000000,
                       0.0000000000,   0.0000000000,   1.0000000000
                  </Orientation>
                  <Position type="Vector">0, 0, 0</Position>
               </HpCloak01>
            </Fixed>
            <Revolute>
               <HpTurret01>
                  <Axis type="Vector">0, 1, 0</Axis>
                  <Max type="float">3.1415927</Max>
                  <Min type="float">-3.1415927</Min>
                  <Orientation type="Matrix">
                     -238.41858e-09,  -0.9986292100,   0.0523359400,
                       0.9999996400, -238.41858e-09,  26.077032e-09,
                       0.0000000000,   0.0523359400,   0.9986295100
                  </Orientation>
                  <Position type="Vector">-83.453796, 30.501793, 41.753933</Position>
               </HpTurret01>
               <HpTurret02>
                  <Axis type="Vector">0, 1, 0</Axis>
                  <Max type="float">3.1415927</Max>
                  <Min type="float">-3.1415927</Min>
                  <Orientation type="Matrix">
                     -238.41858e-09,  -0.9986292100,   0.0523359400,
                       0.9999996400, -238.41858e-09,  26.077032e-09,
                       0.0000000000,   0.0523359400,   0.9986295100
                  </Orientation>
                  <Position type="Vector">-83.317955, -2.0252459, 40.540764</Position>
               </HpTurret02>
               <HpTurret03>
                  <Axis type="Vector">0, 1, 0</Axis>
                  <Max type="float">0</Max>
                  <Min type="float">-3.1415927</Min>
                  <Orientation type="Matrix">
                       0.1218698000,  -0.9887689900,   0.0865060760,
                       0.9925459000,   0.1214060800,  -0.0106216330,
                       0.0000000000,   0.0871557300,   0.9961947200
                  </Orientation>
                  <Position type="Vector">-68.101685, 42.344223, 44.707722</Position>
               </HpTurret03>
               <HpTurret04>
                  <Axis type="Vector">0, 1, 0</Axis>
                  <Max type="float">3.1415927</Max>
                  <Min type="float">0</Min>
                  <Orientation type="Matrix">
                      -0.0697565080,  -0.9920989300,   0.1042738100,
                       0.9975637200,  -0.0693743230,   0.0072915703,
                       0.0000000000,   0.1045284300,   0.9945219200
                  </Orientation>
                  <Position type="Vector">-68.006523, -17.476664, 43.687546</Position>
               </HpTurret04>
               <HpTurret05>
                  <Axis type="Vector">0, 1, 0</Axis>
                  <Max type="float">3.1415927</Max>
                  <Min type="float">-3.1415927</Min>
                  <Orientation type="Matrix">
                       0.0000000000,   0.9999998800,  5.5879354e-09,
                      -0.9986294500,   0.0000000000,   0.0523359550,
                       0.0523359550, -1.8626451e-09,   0.9986295700
                  </Orientation>
                  <Position type="Vector">83.141243, 30.065136, 41.673363</Position>
               </HpTurret05>
               <HpTurret06>
                  <Axis type="Vector">0, 1, 0</Axis>
                  <Max type="float">3.1415927</Max>
                  <Min type="float">-3.1415927</Min>
                  <Orientation type="Matrix">
                     -238.41858e-09,   0.9986292100,  -0.0523359400,
                      -0.9999996400, -238.41858e-09,  26.077032e-09,
                       0.0000000000,   0.0523359400,   0.9986295100
                  </Orientation>
                  <Position type="Vector">82.821808, -2.3273671, 41.4389</Position>
               </HpTurret06>
               <HpTurret07>
                  <Axis type="Vector">0, 1, 0</Axis>
                  <Max type="float">3.1415927</Max>
                  <Min type="float">0</Min>
                  <Orientation type="Matrix">
                       0.1218698000,   0.9887689900,  -0.0865060760,
                      -0.9925459000,   0.1214060800,  -0.0106216330,
                       0.0000000000,   0.0871557300,   0.9961947200
                  </Orientation>
                  <Position type="Vector">67.983459, 40.110996, 45.743507</Position>
               </HpTurret07>
               <HpTurret08>
                  <Axis type="Vector">0, 1, 0</Axis>
                  <Max type="float">0</Max>
                  <Min type="float">-3.1415927</Min>
                  <Orientation type="Matrix">
                      -0.1045284300,   0.9907371400,  -0.0866782670,
                      -0.9945215600,  -0.1041306300,   0.0091102719,
                       0.0000000000,   0.0871557150,   0.9961947200
                  </Orientation>
                  <Position type="Vector">67.450371, -16.970465, 44.540241</Position>
               </HpTurret08>
               <HpTurret09>
                  <Axis type="Vector">0, 1, 0</Axis>
                  <Max type="float">0</Max>
                  <Min type="float">-1.5707964</Min>
                  <Orientation type="Matrix">
                       0.9925461400,   0.1214056000,   0.0106216130,
                      -0.1218693600,   0.9887692300,   0.0865060910,
                     -465.66129e-12,  -0.0871557370,   0.9961947200
                  </Orientation>
                  <Position type="Vector">54.385921, 31.048548, -18.289066</Position>
               </HpTurret09>
               <HpTurret10>
                  <Axis type="Vector">0, 1, 0</Axis>
                  <Max type="float">1.5707964</Max>
                  <Min type="float">0</Min>
                  <Orientation type="Matrix">
                       0.9925461400,  -0.1214056000,  -0.0106216130,
                       0.1218693600,   0.9887692300,   0.0865060910,
                      465.66129e-12,  -0.0871557370,   0.9961947200
                  </Orientation>
                  <Position type="Vector">-55.031483, 31.246391, -18.55846</Position>
               </HpTurret10>
               <HpTurret11>
                  <Axis type="Vector">0, 1, 0</Axis>
                  <Max type="float">0</Max>
                  <Min type="float">-1.5707964</Min>
                  <Orientation type="Matrix">
                      -0.9271838700,  -0.3736941200,  -0.0261312390,
                       0.3746066700,  -0.9249253300,  -0.0646770670,
                     -931.32257e-12,  -0.0697564710,   0.9975640800
                  </Orientation>
                  <Position type="Vector">-55.813614, 26.267303, -19.274118</Position>
               </HpTurret11>
               <HpTurret12>
                  <Axis type="Vector">0, 1, 0</Axis>
                  <Max type="float">1.5707964</Max>
                  <Min type="float">0</Min>
                  <Orientation type="Matrix">
                      -0.9271838700,   0.3736941200,   0.0261312390,
                      -0.3746066700,  -0.9249253300,  -0.0646770670,
                      931.32257e-12,  -0.0697564710,   0.9975640800
                  </Orientation>
                  <Position type="Vector">55.885876, 26.282873, -20.200806</Position>
               </HpTurret12>
               <HpTurret13>
                  <Axis type="Vector">0, 1, 0</Axis>
                  <Max type="float">1.5707964</Max>
                  <Min type="float">0</Min>
                  <Orientation type="Matrix">
                      -0.0523357390,  -0.9984770400,   0.0174284820,
                       0.9986291500,  -0.0523277520,  913.39275e-06,
                       0.0000000000,   0.0174524000,   0.9998477100
                  </Orientation>
                  <Position type="Vector">-14.661952, -40.539528, -141.36169</Position>
               </HpTurret13>
               <HpTurret14>
                  <Axis type="Vector">0, 1, 0</Axis>
                  <Max type="float">0</Max>
                  <Min type="float">-1.5707964</Min>
                  <Orientation type="Matrix">
                      -0.0523357390,   0.9984770400,  -0.0174284820,
                      -0.9986291500,  -0.0523277520,  913.39275e-06,
                       0.0000000000,   0.0174524000,   0.9998477100
                  </Orientation>
                  <Position type="Vector">13.852469, -41.307533, -141.46216</Position>
               </HpTurret14>
               <HpTurret15>
                  <Axis type="Vector">0, 1, 0</Axis>
                  <Max type="float">1.5707964</Max>
                  <Min type="float">-1.5707964</Min>
                  <Orientation type="Matrix">
                       0.3746066100,   0.9236556300,   0.0808093700,
                       0.9271838700,  -0.3731811000,  -0.0326491930,
                     -85.681677e-09,   0.0871557440,  -0.9961946000
                  </Orientation>
                  <Position type="Vector">77.572853, 33.557007, 333.01035</Position>
               </HpTurret15>
               <HpTurret16>
                  <Axis type="Vector">0, 1, 0</Axis>
                  <Max type="float">1.5707964</Max>
                  <Min type="float">-1.5707964</Min>
                  <Orientation type="Matrix">
                       0.3746066100,  -0.9249252700,  -0.0646771040,
                      -0.9271838100,  -0.3736940600,  -0.0261311510,
                     -85.681677e-09,   0.0697564630,  -0.9975640800
                  </Orientation>
                  <Position type="Vector">-77.321899, 34.203827, 334.70288</Position>
               </HpTurret16>
               <HpTurret17>
                  <Axis type="Vector">0, 1, 0</Axis>
                  <Max type="float">1.5707964</Max>
                  <Min type="float">-1.5707964</Min>
                  <Orientation type="Matrix">
                       0.6293202600,  -0.7770277300,   0.0135630140,
                      -0.7771461000,  -0.6292244200,   0.0109832190,
                     -86.612999e-09,  -0.0174524060,  -0.9998476500
                  </Orientation>
                  <Position type="Vector">-65.608589, 14.104738, 316.14432</Position>
               </HpTurret17>
               <HpTurret18>
                  <Axis type="Vector">0, 1, 0</Axis>
                  <Max type="float">1.5707964</Max>
                  <Min type="float">-1.5707964</Min>
                  <Orientation type="Matrix">
                       0.6293202600,   0.7770277300,  -0.0135631240,
                       0.7771461000,  -0.6292244200,   0.0109830850,
                     -87.544322e-09,  -0.0174524060,  -0.9998476500
                  </Orientation>
                  <Position type="Vector">65.84462, 14.41041, 316.30112</Position>
               </HpTurret18>
               <HpTurret19>
                  <Axis type="Vector">0, 1, 0</Axis>
                  <Max type="float">3.1415927</Max>
                  <Min type="float">-3.1415927</Min>
                  <Orientation type="Matrix">
                      -0.5299192700,   0.8480481500,   0.0000000000,
                      -0.8480481500,  -0.5299192700,   0.0000000000,
                       0.0000000000,   0.0000000000,   1.0000000000
                  </Orientation>
                  <Position type="Vector">124.13194, -14.419371, 239.18051</Position>
               </HpTurret19>
               <HpTurret20>
                  <Axis type="Vector">0, 1, 0</Axis>
                  <Max type="float">3.1415927</Max>
                  <Min type="float">-3.1415927</Min>
                  <Orientation type="Matrix">
                      -0.5299192700,  -0.8479189900,   0.0148004800,
                       0.8480480900,  -0.5298385600,   0.0092483666,
                       0.0000000000,   0.0174524060,   0.9998477100
                  </Orientation>
                  <Position type="Vector">-122.2065, -17.52737, 239.3804</Position>
               </HpTurret20>
               <HpTurret21>
                  <Axis type="Vector">0, 1, 0</Axis>
                  <Max type="float">1.5707964</Max>
                  <Min type="float">-1.5707964</Min>
                  <Orientation type="Matrix">
                       0.6427875800,  -0.7659277300,   0.0133693180,
                       0.7660444400,   0.6426897000,  -0.0112181890,
                     -465.66129e-12,   0.0174524060,   0.9998477100
                  </Orientation>
                  <Position type="Vector">-14.421576, 50.213028, -257.77441</Position>
               </HpTurret21>
               <HpTurret22>
                  <Axis type="Vector">0, 1, 0</Axis>
                  <Max type="float">1.5707964</Max>
                  <Min type="float">-1.5707964</Min>
                  <Orientation type="Matrix">
                       0.6427875800,   0.7659277300,  -0.0133693180,
                      -0.7660444400,   0.6426897000,  -0.0112181890,
                      465.66129e-12,   0.0174524060,   0.9998477100
                  </Orientation>
                  <Position type="Vector">13.837194, 50.305946, -256.52036</Position>
               </HpTurret22>
               <HpTorpedo01>
                  <Axis type="Vector">0, 1, 0</Axis>
                  <Max type="float">0.78539819</Max>
                  <Min type="float">-0.78539819</Min>
                  <Orientation type="Matrix">
                     -119.20929e-09,  -0.9998472300,   0.0174523980,
                       0.9999995800, -119.20929e-09,  8.3819032e-09,
                       0.0000000000,   0.0174524000,   0.9998477100
                  </Orientation>
                  <Position type="Vector">-1.268298, 32.786636, -434.7413</Position>
               </HpTorpedo01>
            </Revolute>
         </Hardpoints>
         <MultiLevel>
            <Level0>
               <VMeshPart>
                  <VMeshRef type="VMeshRef">
                     <!-- header size  --> 60,
                     <!-- vmesh lib    --> constrictor2.lod0.vms,
                     <!-- start vert   --> 0,
                     <!-- num verts    --> 29281,
                     <!-- start index  --> 0,
                     <!-- num indices  --> 64344,
                     <!-- start mesh   --> 0,
                     <!-- num meshes   --> 40,
                     <!-- bounding box -->  128.1992,     78.986786,   358.31409,
                                           -128.52925,   -76.572144,  -505.01514,
                     <!-- center       -->   -0.1650238,   1.2073212,  -73.350525,
                     <!-- radius       --> 658.83301
                  </VMeshRef>
               </VMeshPart>
            </Level0>
         </MultiLevel>
      </constrictor2.3db>
   </UTF_ROOT>
</UTFXML>
