<?xml version="1.0" encoding="ISO-8859-1"?>
<!-- XML generated by UTFXML Version 2.2 built 19-Aug-2010 -->
<UTFXML filename="Capsule.cmp" path="SHIPS\new\other">
   <UTF_ROOT>
      <VMeshLibrary>
         <capsule.lod0.vms include="Capsule_cmp\lod0.vms.xml"/>
      </VMeshLibrary>
      <Cmpnd>
         <Root>
            <File_name name="File name" type="text">capsule.3db</File_name>
            <Index type="int">0</Index>
            <Object_name name="Object name" type="text">Root</Object_name>
         </Root>
      </Cmpnd>
      <capsule.3db>
         <Hardpoints>
            <Fixed>
               <HpMount>
                  <Orientation type="Matrix">
                       1.0000000000,   0.0000000000,   0.0000000000,
                       0.0000000000,   1.0000000000,   0.0000000000,
                       0.0000000000,   0.0000000000,   1.0000000000
                  </Orientation>
                  <Position type="Vector">-0.16666667, -5, -0.13333334</Position>
               </HpMount>
               <HpContrail01>
                  <Orientation type="Matrix">
                       1.0000000000,  77.319980e-15, -175.64447e-09,
                      175.64447e-09, -440.20732e-09,   1.0000000000,
                       0.0000000000,  -1.0000000000, -440.20732e-09
                  </Orientation>
                  <Position type="Vector">-0.16666667, -1.8934543e-9, -0.13333334</Position>
               </HpContrail01>
               <HpContrail02>
                  <Orientation type="Matrix">
                       1.0000000000,  77.319980e-15, -175.64447e-09,
                      175.64447e-09, -440.20732e-09,   1.0000000000,
                       0.0000000000,  -1.0000000000, -440.20732e-09
                  </Orientation>
                  <Position type="Vector">-0.16666667, -1.8934543e-9, -0.13333334</Position>
               </HpContrail02>
               <HpCloak01>
                  <Orientation type="Matrix">
                       1.0000000000,  77.319980e-15, -175.64447e-09,
                      175.64447e-09, -440.20732e-09,   1.0000000000,
                       0.0000000000,  -1.0000000000, -440.20732e-09
                  </Orientation>
                  <Position type="Vector">-0.16666667, -1.8934543e-9, -0.13333334</Position>
               </HpCloak01>
               <HpShield01>
                  <Orientation type="Matrix">
                       1.0000000000,  77.319980e-15, -175.64447e-09,
                      175.64447e-09, -440.20732e-09,   1.0000000000,
                       0.0000000000,  -1.0000000000, -440.20732e-09
                  </Orientation>
                  <Position type="Vector">-0.16666667, -1.8934543e-9, -0.13333334</Position>
               </HpShield01>
               <HpShield02>
                  <Orientation type="Matrix">
                       1.0000000000,  77.319980e-15, -175.64447e-09,
                      175.64447e-09, -440.20732e-09,   1.0000000000,
                       0.0000000000,  -1.0000000000, -440.20732e-09
                  </Orientation>
                  <Position type="Vector">-0.16666667, -1.8934543e-9, -0.13333334</Position>
               </HpShield02>
               <HpRunningLight01>
                  <Orientation type="Matrix">
                       1.0000000000,  77.319980e-15, -175.64447e-09,
                      175.64447e-09, -440.20732e-09,   1.0000000000,
                       0.0000000000,  -1.0000000000, -440.20732e-09
                  </Orientation>
                  <Position type="Vector">-0.16666667, -1.8934543e-9, -0.13333334</Position>
               </HpRunningLight01>
               <HpRunningLight02>
                  <Orientation type="Matrix">
                       1.0000000000,  77.319980e-15, -175.64447e-09,
                      175.64447e-09, -440.20732e-09,   1.0000000000,
                       0.0000000000,  -1.0000000000, -440.20732e-09
                  </Orientation>
                  <Position type="Vector">-0.16666667, -1.8934543e-9, -0.13333334</Position>
               </HpRunningLight02>
               <HpRunningLight03>
                  <Orientation type="Matrix">
                       1.0000000000,  77.319980e-15, -175.64447e-09,
                      175.64447e-09, -440.20732e-09,   1.0000000000,
                       0.0000000000,  -1.0000000000, -440.20732e-09
                  </Orientation>
                  <Position type="Vector">-0.16666667, -1.8934543e-9, -0.13333334</Position>
               </HpRunningLight03>
               <HpRunningLight04>
                  <Orientation type="Matrix">
                       1.0000000000,  77.319980e-15, -175.64447e-09,
                      175.64447e-09, -440.20732e-09,   1.0000000000,
                       0.0000000000,  -1.0000000000, -440.20732e-09
                  </Orientation>
                  <Position type="Vector">-0.16666667, -1.8934543e-9, -0.13333334</Position>
               </HpRunningLight04>
               <HpEngine01>
                  <Orientation type="Matrix">
                       1.0000000000,   0.0000000000,   0.0000000000,
                       0.0000000000,   1.0000000000,   0.0000000000,
                       0.0000000000,   0.0000000000,   1.0000000000
                  </Orientation>
                  <Position type="Vector">-0.16666667, -1.8934543e-9, -0.13333334</Position>
               </HpEngine01>
               <HpEngine02>
                  <Orientation type="Matrix">
                       1.0000000000,   0.0000000000,   0.0000000000,
                       0.0000000000,   1.0000000000,   0.0000000000,
                       0.0000000000,   0.0000000000,   1.0000000000
                  </Orientation>
                  <Position type="Vector">-0.16666667, -1.8934543e-9, -0.13333334</Position>
               </HpEngine02>
               <HpEngine03>
                  <Orientation type="Matrix">
                       1.0000000000,   0.0000000000,   0.0000000000,
                       0.0000000000,   1.0000000000,   0.0000000000,
                       0.0000000000,   0.0000000000,   1.0000000000
                  </Orientation>
                  <Position type="Vector">-0.16666667, -1.8934543e-9, -0.13333334</Position>
               </HpEngine03>
               <HpEngine04>
                  <Orientation type="Matrix">
                       1.0000000000,   0.0000000000,   0.0000000000,
                       0.0000000000,   1.0000000000,   0.0000000000,
                       0.0000000000,   0.0000000000,   1.0000000000
                  </Orientation>
                  <Position type="Vector">-0.16666667, -1.8934543e-9, -0.13333334</Position>
               </HpEngine04>
               <HpCM01>
                  <Orientation type="Matrix">
                       1.0000000000,  77.319980e-15, -175.64447e-09,
                      175.64447e-09, -440.20732e-09,   1.0000000000,
                       0.0000000000,  -1.0000000000, -440.20732e-09
                  </Orientation>
                  <Position type="Vector">-0.16666667, -1.8934543e-9, -0.13333334</Position>
               </HpCM01>
               <HpThruster01>
                  <Orientation type="Matrix">
                       1.0000000000,  77.319980e-15, -175.64447e-09,
                      175.64447e-09, -440.20732e-09,   1.0000000000,
                       0.0000000000,  -1.0000000000, -440.20732e-09
                  </Orientation>
                  <Position type="Vector">-0.16666667, -1.8934543e-9, -0.13333334</Position>
               </HpThruster01>
               <HpFX01>
                  <Orientation type="Matrix">
                       1.0000000000,  77.319980e-15, -175.64447e-09,
                      175.64447e-09, -440.20732e-09,   1.0000000000,
                       0.0000000000,  -1.0000000000, -440.20732e-09
                  </Orientation>
                  <Position type="Vector">-0.16666667, -1.8934543e-9, -0.13333334</Position>
               </HpFX01>
               <HpTractor_Source>
                  <Orientation type="Matrix">
                       1.0000000000,  77.319980e-15, -175.64447e-09,
                      175.64447e-09, -440.20732e-09,   1.0000000000,
                       0.0000000000,  -1.0000000000, -440.20732e-09
                  </Orientation>
                  <Position type="Vector">-0.16666667, -1.8934543e-9, -0.13333334</Position>
               </HpTractor_Source>
               <HpRunningLight05>
                  <Orientation type="Matrix">
                       1.0000000000,  77.319980e-15, -175.64447e-09,
                      175.64447e-09, -440.20732e-09,   1.0000000000,
                       0.0000000000,  -1.0000000000, -440.20732e-09
                  </Orientation>
                  <Position type="Vector">-0.16666667, -1.8934543e-9, -0.13333334</Position>
               </HpRunningLight05>
               <HpNew01>
                  <Orientation type="Matrix">
                       1.0000000000,   0.0000000000,   0.0000000000,
                       0.0000000000,   1.0000000000,   0.0000000000,
                       0.0000000000,   0.0000000000,   1.0000000000
                  </Orientation>
                  <Position type="Vector">0, 0, 0</Position>
               </HpNew01>
               <HpNew02>
                  <Orientation type="Matrix">
                       1.0000000000,   0.0000000000,   0.0000000000,
                       0.0000000000,   1.0000000000,   0.0000000000,
                       0.0000000000,   0.0000000000,   1.0000000000
                  </Orientation>
                  <Position type="Vector">0, 0, 0</Position>
               </HpNew02>
               <HpNew03>
                  <Orientation type="Matrix">
                       1.0000000000,   0.0000000000,   0.0000000000,
                       0.0000000000,   1.0000000000,   0.0000000000,
                       0.0000000000,   0.0000000000,   1.0000000000
                  </Orientation>
                  <Position type="Vector">0, 0, 0</Position>
               </HpNew03>
               <HpDocklight01>
                  <Orientation type="Matrix">
                       1.0000000000,   0.0000000000,   0.0000000000,
                       0.0000000000,   1.0000000000,   0.0000000000,
                       0.0000000000,   0.0000000000,   1.0000000000
                  </Orientation>
                  <Position type="Vector">0, 0, 0</Position>
               </HpDocklight01>
               <HpRunningLight06>
                  <Orientation type="Matrix">
                       1.0000000000,   0.0000000000,   0.0000000000,
                       0.0000000000,   1.0000000000,   0.0000000000,
                       0.0000000000,   0.0000000000,   1.0000000000
                  </Orientation>
                  <Position type="Vector">0, 0, 0</Position>
               </HpRunningLight06>
               <HpEngine05>
                  <Orientation type="Matrix">
                       1.0000000000,   0.0000000000,   0.0000000000,
                       0.0000000000,   1.0000000000,   0.0000000000,
                       0.0000000000,   0.0000000000,   1.0000000000
                  </Orientation>
                  <Position type="Vector">0, 0, 0</Position>
               </HpEngine05>
               <HpEngine06>
                  <Orientation type="Matrix">
                       1.0000000000,   0.0000000000,   0.0000000000,
                       0.0000000000,   1.0000000000,   0.0000000000,
                       0.0000000000,   0.0000000000,   1.0000000000
                  </Orientation>
                  <Position type="Vector">0, 0, 0</Position>
               </HpEngine06>
               <HpDocklight02>
                  <Orientation type="Matrix">
                       1.0000000000,   0.0000000000,   0.0000000000,
                       0.0000000000,   1.0000000000,   0.0000000000,
                       0.0000000000,   0.0000000000,   1.0000000000
                  </Orientation>
                  <Position type="Vector">0, 0, 0</Position>
               </HpDocklight02>
               <HpRunningLight07>
                  <Orientation type="Matrix">
                       1.0000000000,   0.0000000000,   0.0000000000,
                       0.0000000000,   1.0000000000,   0.0000000000,
                       0.0000000000,   0.0000000000,   1.0000000000
                  </Orientation>
                  <Position type="Vector">0, 0, 0</Position>
               </HpRunningLight07>
               <HpRunningLight08>
                  <Orientation type="Matrix">
                       1.0000000000,   0.0000000000,   0.0000000000,
                       0.0000000000,   1.0000000000,   0.0000000000,
                       0.0000000000,   0.0000000000,   1.0000000000
                  </Orientation>
                  <Position type="Vector">0, 0, 0</Position>
               </HpRunningLight08>
               <HpRunningLight09>
                  <Orientation type="Matrix">
                       1.0000000000,   0.0000000000,   0.0000000000,
                       0.0000000000,   1.0000000000,   0.0000000000,
                       0.0000000000,   0.0000000000,   1.0000000000
                  </Orientation>
                  <Position type="Vector">0, 0, 0</Position>
               </HpRunningLight09>
               <HpRunningLight10>
                  <Orientation type="Matrix">
                       1.0000000000,   0.0000000000,   0.0000000000,
                       0.0000000000,   1.0000000000,   0.0000000000,
                       0.0000000000,   0.0000000000,   1.0000000000
                  </Orientation>
                  <Position type="Vector">0, 0, 0</Position>
               </HpRunningLight10>
               <HpRunningLight11>
                  <Orientation type="Matrix">
                       1.0000000000,   0.0000000000,   0.0000000000,
                       0.0000000000,   1.0000000000,   0.0000000000,
                       0.0000000000,   0.0000000000,   1.0000000000
                  </Orientation>
                  <Position type="Vector">0, 0, 0</Position>
               </HpRunningLight11>
               <HpRunningLight12>
                  <Orientation type="Matrix">
                       1.0000000000,   0.0000000000,   0.0000000000,
                       0.0000000000,   1.0000000000,   0.0000000000,
                       0.0000000000,   0.0000000000,   1.0000000000
                  </Orientation>
                  <Position type="Vector">0, 0, 0</Position>
               </HpRunningLight12>
               <HpRunningLight13>
                  <Orientation type="Matrix">
                       1.0000000000,   0.0000000000,   0.0000000000,
                       0.0000000000,   1.0000000000,   0.0000000000,
                       0.0000000000,   0.0000000000,   1.0000000000
                  </Orientation>
                  <Position type="Vector">0, 0, 0</Position>
               </HpRunningLight13>
               <HpRunningLight14>
                  <Orientation type="Matrix">
                       1.0000000000,   0.0000000000,   0.0000000000,
                       0.0000000000,   1.0000000000,   0.0000000000,
                       0.0000000000,   0.0000000000,   1.0000000000
                  </Orientation>
                  <Position type="Vector">0, 0, 0</Position>
               </HpRunningLight14>
               <HpRunningLight15>
                  <Orientation type="Matrix">
                       1.0000000000,   0.0000000000,   0.0000000000,
                       0.0000000000,   1.0000000000,   0.0000000000,
                       0.0000000000,   0.0000000000,   1.0000000000
                  </Orientation>
                  <Position type="Vector">0, 0, 0</Position>
               </HpRunningLight15>
               <HpRunningLight16>
                  <Orientation type="Matrix">
                       1.0000000000,   0.0000000000,   0.0000000000,
                       0.0000000000,   1.0000000000,   0.0000000000,
                       0.0000000000,   0.0000000000,   1.0000000000
                  </Orientation>
                  <Position type="Vector">0, 0, 0</Position>
               </HpRunningLight16>
               <HpRunningLight17>
                  <Orientation type="Matrix">
                       1.0000000000,   0.0000000000,   0.0000000000,
                       0.0000000000,   1.0000000000,   0.0000000000,
                       0.0000000000,   0.0000000000,   1.0000000000
                  </Orientation>
                  <Position type="Vector">0, 0, 0</Position>
               </HpRunningLight17>
               <HpRunningLight18>
                  <Orientation type="Matrix">
                       1.0000000000,   0.0000000000,   0.0000000000,
                       0.0000000000,   1.0000000000,   0.0000000000,
                       0.0000000000,   0.0000000000,   1.0000000000
                  </Orientation>
                  <Position type="Vector">0, 0, 0</Position>
               </HpRunningLight18>
               <HpRunningLight19>
                  <Orientation type="Matrix">
                       1.0000000000,   0.0000000000,   0.0000000000,
                       0.0000000000,   1.0000000000,   0.0000000000,
                       0.0000000000,   0.0000000000,   1.0000000000
                  </Orientation>
                  <Position type="Vector">0, 0, 0</Position>
               </HpRunningLight19>
               <HpRunningLight20>
                  <Orientation type="Matrix">
                       1.0000000000,   0.0000000000,   0.0000000000,
                       0.0000000000,   1.0000000000,   0.0000000000,
                       0.0000000000,   0.0000000000,   1.0000000000
                  </Orientation>
                  <Position type="Vector">0, 0, 0</Position>
               </HpRunningLight20>
               <HpRunningLight21>
                  <Orientation type="Matrix">
                       1.0000000000,   0.0000000000,   0.0000000000,
                       0.0000000000,   1.0000000000,   0.0000000000,
                       0.0000000000,   0.0000000000,   1.0000000000
                  </Orientation>
                  <Position type="Vector">0, 0, 0</Position>
               </HpRunningLight21>
               <HpRunningLight22>
                  <Orientation type="Matrix">
                       1.0000000000,   0.0000000000,   0.0000000000,
                       0.0000000000,   1.0000000000,   0.0000000000,
                       0.0000000000,   0.0000000000,   1.0000000000
                  </Orientation>
                  <Position type="Vector">0, 0, 0</Position>
               </HpRunningLight22>
               <HpFX02>
                  <Orientation type="Matrix">
                       1.0000000000,   0.0000000000,   0.0000000000,
                       0.0000000000,   1.0000000000,   0.0000000000,
                       0.0000000000,   0.0000000000,   1.0000000000
                  </Orientation>
                  <Position type="Vector">0, 0, 0</Position>
               </HpFX02>
            </Fixed>
            <Revolute>
               <HpTorpedo01>
                  <Axis type="Vector">0, 1, 0</Axis>
                  <Max type="float">0.34906584</Max>
                  <Min type="float">-0.34906584</Min>
                  <Orientation type="Matrix">
                       1.0000000000,   0.0000000000,   0.0000000000,
                       0.0000000000,  -0.3583679200,   0.9335804600,
                       0.0000000000,  -0.9335804600,  -0.3583679200
                  </Orientation>
                  <Position type="Vector">-0.166667, -0, -0.133333</Position>
               </HpTorpedo01>
               <HpTorpedo02>
                  <Axis type="Vector">0, 1, 0</Axis>
                  <Max type="float">0.34906584</Max>
                  <Min type="float">-0.34906584</Min>
                  <Orientation type="Matrix">
                       1.0000000000,   0.0000000000,   0.0000000000,
                       0.0000000000,  -0.3583679200,   0.9335804600,
                       0.0000000000,  -0.9335804600,  -0.3583679200
                  </Orientation>
                  <Position type="Vector">-0.166667, -0, -0.133333</Position>
               </HpTorpedo02>
               <HpTorpedo03>
                  <Axis type="Vector">0, 1, 0</Axis>
                  <Max type="float">0.34906584</Max>
                  <Min type="float">-0.34906584</Min>
                  <Orientation type="Matrix">
                       1.0000000000,   0.0000000000,   0.0000000000,
                       0.0000000000,  -0.3583679200,   0.9335804600,
                       0.0000000000,  -0.9335804600,  -0.3583679200
                  </Orientation>
                  <Position type="Vector">-0.166667, -0, -0.133333</Position>
               </HpTorpedo03>
               <HpTurret01>
                  <Axis type="Vector">0, 1, 0</Axis>
                  <Max type="float">0</Max>
                  <Min type="float">0</Min>
                  <Orientation type="Matrix">
                       1.0000000000,   0.0000000000,   0.0000000000,
                       0.0000000000,  -0.3583679200,   0.9335804600,
                       0.0000000000,  -0.9335804600,  -0.3583679200
                  </Orientation>
                  <Position type="Vector">-0.166667, 0, -0.133333</Position>
               </HpTurret01>
               <HpTurret02>
                  <Axis type="Vector">0, 1, 0</Axis>
                  <Max type="float">0</Max>
                  <Min type="float">0</Min>
                  <Orientation type="Matrix">
                       1.0000000000,   0.0000000000,   0.0000000000,
                       0.0000000000,  -0.3583679200,   0.9335804600,
                       0.0000000000,  -0.9335804600,  -0.3583679200
                  </Orientation>
                  <Position type="Vector">-0.166667, 0, -0.133333</Position>
               </HpTurret02>
               <HpTurret03>
                  <Axis type="Vector">0, 1, 0</Axis>
                  <Max type="float">0</Max>
                  <Min type="float">0</Min>
                  <Orientation type="Matrix">
                       1.0000000000,   0.0000000000,   0.0000000000,
                       0.0000000000,  -0.3583679200,   0.9335804600,
                       0.0000000000,  -0.9335804600,  -0.3583679200
                  </Orientation>
                  <Position type="Vector">-0.166667, 0, -0.133333</Position>
               </HpTurret03>
               <HpTurret04>
                  <Axis type="Vector">0, 1, 0</Axis>
                  <Max type="float">0</Max>
                  <Min type="float">0</Min>
                  <Orientation type="Matrix">
                       1.0000000000,   0.0000000000,   0.0000000000,
                       0.0000000000,  -0.3583679200,   0.9335804600,
                       0.0000000000,  -0.9335804600,  -0.3583679200
                  </Orientation>
                  <Position type="Vector">-0.166667, 0, -0.133333</Position>
               </HpTurret04>
               <HpTurret05>
                  <Axis type="Vector">0, 1, 0</Axis>
                  <Max type="float">0</Max>
                  <Min type="float">0</Min>
                  <Orientation type="Matrix">
                       1.0000000000,   0.0000000000,   0.0000000000,
                       0.0000000000,  -0.3583679200,   0.9335804600,
                       0.0000000000,  -0.9335804600,  -0.3583679200
                  </Orientation>
                  <Position type="Vector">-0.166667, 0, -0.133333</Position>
               </HpTurret05>
               <HpTurret06>
                  <Axis type="Vector">0, 1, 0</Axis>
                  <Max type="float">0</Max>
                  <Min type="float">0</Min>
                  <Orientation type="Matrix">
                       1.0000000000,   0.0000000000,   0.0000000000,
                       0.0000000000,  -0.3583679200,   0.9335804600,
                       0.0000000000,  -0.9335804600,  -0.3583679200
                  </Orientation>
                  <Position type="Vector">-0.166667, 0, -0.133333</Position>
               </HpTurret06>
               <HpTurret07>
                  <Axis type="Vector">0, 1, 0</Axis>
                  <Max type="float">0</Max>
                  <Min type="float">0</Min>
                  <Orientation type="Matrix">
                       1.0000000000,   0.0000000000,   0.0000000000,
                       0.0000000000,  -0.3583679200,   0.9335804600,
                       0.0000000000,  -0.9335804600,  -0.3583679200
                  </Orientation>
                  <Position type="Vector">-0.166667, 0, -0.133333</Position>
               </HpTurret07>
               <HpTurret08>
                  <Axis type="Vector">0, 1, 0</Axis>
                  <Max type="float">0</Max>
                  <Min type="float">0</Min>
                  <Orientation type="Matrix">
                       1.0000000000,   0.0000000000,   0.0000000000,
                       0.0000000000,  -0.3583679200,   0.9335804600,
                       0.0000000000,  -0.9335804600,  -0.3583679200
                  </Orientation>
                  <Position type="Vector">-0.166667, 0, -0.133333</Position>
               </HpTurret08>
               <HpTurret09>
                  <Axis type="Vector">0, 1, 0</Axis>
                  <Max type="float">0</Max>
                  <Min type="float">0</Min>
                  <Orientation type="Matrix">
                       1.0000000000,   0.0000000000,   0.0000000000,
                       0.0000000000,  -0.3583679200,   0.9335804600,
                       0.0000000000,  -0.9335804600,  -0.3583679200
                  </Orientation>
                  <Position type="Vector">-0.166667, 0, -0.133333</Position>
               </HpTurret09>
               <HpTurret10>
                  <Axis type="Vector">0, 1, 0</Axis>
                  <Max type="float">0</Max>
                  <Min type="float">0</Min>
                  <Orientation type="Matrix">
                       1.0000000000,   0.0000000000,   0.0000000000,
                       0.0000000000,  -0.3583679200,   0.9335804600,
                       0.0000000000,  -0.9335804600,  -0.3583679200
                  </Orientation>
                  <Position type="Vector">-0.166667, 0, -0.133333</Position>
               </HpTurret10>
               <HpTurret11>
                  <Axis type="Vector">0, 1, 0</Axis>
                  <Max type="float">0</Max>
                  <Min type="float">0</Min>
                  <Orientation type="Matrix">
                       1.0000000000,   0.0000000000,   0.0000000000,
                       0.0000000000,  -0.3583679200,   0.9335804600,
                       0.0000000000,  -0.9335804600,  -0.3583679200
                  </Orientation>
                  <Position type="Vector">-0.166667, 0, -0.133333</Position>
               </HpTurret11>
               <HpTurret12>
                  <Axis type="Vector">0, 1, 0</Axis>
                  <Max type="float">0</Max>
                  <Min type="float">0</Min>
                  <Orientation type="Matrix">
                       1.0000000000,   0.0000000000,   0.0000000000,
                       0.0000000000,  -0.3583679200,   0.9335804600,
                       0.0000000000,  -0.9335804600,  -0.3583679200
                  </Orientation>
                  <Position type="Vector">-0.166667, 0, -0.133333</Position>
               </HpTurret12>
               <HpTurret13>
                  <Axis type="Vector">0, 1, 0</Axis>
                  <Max type="float">0</Max>
                  <Min type="float">0</Min>
                  <Orientation type="Matrix">
                       1.0000000000,   0.0000000000,   0.0000000000,
                       0.0000000000,  -0.3583679200,   0.9335804600,
                       0.0000000000,  -0.9335804600,  -0.3583679200
                  </Orientation>
                  <Position type="Vector">0, 0, 0</Position>
               </HpTurret13>
               <HpTurret14>
                  <Axis type="Vector">0, 1, 0</Axis>
                  <Max type="float">0</Max>
                  <Min type="float">0</Min>
                  <Orientation type="Matrix">
                       1.0000000000,   0.0000000000,   0.0000000000,
                       0.0000000000,  -0.3583679200,   0.9335804600,
                       0.0000000000,  -0.9335804600,  -0.3583679200
                  </Orientation>
                  <Position type="Vector">0, 0, 0</Position>
               </HpTurret14>
               <HpTurret15>
                  <Axis type="Vector">0, 1, 0</Axis>
                  <Max type="float">0</Max>
                  <Min type="float">0</Min>
                  <Orientation type="Matrix">
                       1.0000000000,   0.0000000000,   0.0000000000,
                       0.0000000000,  -0.3583679200,   0.9335804600,
                       0.0000000000,  -0.9335804600,  -0.3583679200
                  </Orientation>
                  <Position type="Vector">0, 0, 0</Position>
               </HpTurret15>
               <HpTurret16>
                  <Axis type="Vector">0, 1, 0</Axis>
                  <Max type="float">0</Max>
                  <Min type="float">0</Min>
                  <Orientation type="Matrix">
                       1.0000000000,   0.0000000000,   0.0000000000,
                       0.0000000000,  -0.3583679200,   0.9335804600,
                       0.0000000000,  -0.9335804600,  -0.3583679200
                  </Orientation>
                  <Position type="Vector">0, 0, 0</Position>
               </HpTurret16>
               <HpTurret17>
                  <Axis type="Vector">0, 1, 0</Axis>
                  <Max type="float">0</Max>
                  <Min type="float">0</Min>
                  <Orientation type="Matrix">
                       1.0000000000,   0.0000000000,   0.0000000000,
                       0.0000000000,  -0.3583679200,   0.9335804600,
                       0.0000000000,  -0.9335804600,  -0.3583679200
                  </Orientation>
                  <Position type="Vector">0, 0, 0</Position>
               </HpTurret17>
               <HpTurret18>
                  <Axis type="Vector">0, 1, 0</Axis>
                  <Max type="float">0</Max>
                  <Min type="float">0</Min>
                  <Orientation type="Matrix">
                       1.0000000000,   0.0000000000,   0.0000000000,
                       0.0000000000,  -0.3583679200,   0.9335804600,
                       0.0000000000,  -0.9335804600,  -0.3583679200
                  </Orientation>
                  <Position type="Vector">0, 0, 0</Position>
               </HpTurret18>
               <HpTurret19>
                  <Axis type="Vector">0, 1, 0</Axis>
                  <Max type="float">0</Max>
                  <Min type="float">0</Min>
                  <Orientation type="Matrix">
                       1.0000000000,   0.0000000000,   0.0000000000,
                       0.0000000000,  -0.3583679200,   0.9335804600,
                       0.0000000000,  -0.9335804600,  -0.3583679200
                  </Orientation>
                  <Position type="Vector">0, 0, 0</Position>
               </HpTurret19>
               <HpTurret20>
                  <Axis type="Vector">0, 1, 0</Axis>
                  <Max type="float">0</Max>
                  <Min type="float">0</Min>
                  <Orientation type="Matrix">
                       1.0000000000,   0.0000000000,   0.0000000000,
                       0.0000000000,  -0.3583679200,   0.9335804600,
                       0.0000000000,  -0.9335804600,  -0.3583679200
                  </Orientation>
                  <Position type="Vector">0, 0, 0</Position>
               </HpTurret20>
               <HpWeapon01>
                  <Axis type="Vector">0, 1, 0</Axis>
                  <Max type="float">0</Max>
                  <Min type="float">0</Min>
                  <Orientation type="Matrix">
                       1.0000000000,   0.0000000000,   0.0000000000,
                       0.0000000000,  -0.3583679200,   0.9335804600,
                       0.0000000000,  -0.9335804600,  -0.3583679200
                  </Orientation>
                  <Position type="Vector">0, 0, 0</Position>
               </HpWeapon01>
               <HpWeapon02>
                  <Axis type="Vector">0, 1, 0</Axis>
                  <Max type="float">0</Max>
                  <Min type="float">0</Min>
                  <Orientation type="Matrix">
                       1.0000000000,   0.0000000000,   0.0000000000,
                       0.0000000000,  -0.3583679200,   0.9335804600,
                       0.0000000000,  -0.9335804600,  -0.3583679200
                  </Orientation>
                  <Position type="Vector">0, 0, 0</Position>
               </HpWeapon02>
               <HpTurret21>
                  <Axis type="Vector">0, 1, 0</Axis>
                  <Max type="float">0</Max>
                  <Min type="float">0</Min>
                  <Orientation type="Matrix">
                       1.0000000000,   0.0000000000,   0.0000000000,
                       0.0000000000,  -0.3583679200,   0.9335804600,
                       0.0000000000,  -0.9335804600,  -0.3583679200
                  </Orientation>
                  <Position type="Vector">0, 0, 0</Position>
               </HpTurret21>
               <HpTurret22>
                  <Axis type="Vector">0, 1, 0</Axis>
                  <Max type="float">0</Max>
                  <Min type="float">0</Min>
                  <Orientation type="Matrix">
                       1.0000000000,   0.0000000000,   0.0000000000,
                       0.0000000000,  -0.3583679200,   0.9335804600,
                       0.0000000000,  -0.9335804600,  -0.3583679200
                  </Orientation>
                  <Position type="Vector">0, 0, 0</Position>
               </HpTurret22>
               <HpTurret23>
                  <Axis type="Vector">0, 1, 0</Axis>
                  <Max type="float">0</Max>
                  <Min type="float">0</Min>
                  <Orientation type="Matrix">
                       1.0000000000,   0.0000000000,   0.0000000000,
                       0.0000000000,  -0.3583679200,   0.9335804600,
                       0.0000000000,  -0.9335804600,  -0.3583679200
                  </Orientation>
                  <Position type="Vector">0, 0, 0</Position>
               </HpTurret23>
               <HpTurret24>
                  <Axis type="Vector">0, 1, 0</Axis>
                  <Max type="float">0</Max>
                  <Min type="float">0</Min>
                  <Orientation type="Matrix">
                       1.0000000000,   0.0000000000,   0.0000000000,
                       0.0000000000,  -0.3583679200,   0.9335804600,
                       0.0000000000,  -0.9335804600,  -0.3583679200
                  </Orientation>
                  <Position type="Vector">0, 0, 0</Position>
               </HpTurret24>
               <HpTurret25>
                  <Axis type="Vector">0, 1, 0</Axis>
                  <Max type="float">0</Max>
                  <Min type="float">0</Min>
                  <Orientation type="Matrix">
                       1.0000000000,   0.0000000000,   0.0000000000,
                       0.0000000000,  -0.3583679200,   0.9335804600,
                       0.0000000000,  -0.9335804600,  -0.3583679200
                  </Orientation>
                  <Position type="Vector">0, 0, 0</Position>
               </HpTurret25>
               <HpTurret26>
                  <Axis type="Vector">0, 1, 0</Axis>
                  <Max type="float">0</Max>
                  <Min type="float">0</Min>
                  <Orientation type="Matrix">
                       1.0000000000,   0.0000000000,   0.0000000000,
                       0.0000000000,  -0.3583679200,   0.9335804600,
                       0.0000000000,  -0.9335804600,  -0.3583679200
                  </Orientation>
                  <Position type="Vector">0, 0, 0</Position>
               </HpTurret26>
               <HpTurret27>
                  <Axis type="Vector">0, 1, 0</Axis>
                  <Max type="float">0</Max>
                  <Min type="float">0</Min>
                  <Orientation type="Matrix">
                       1.0000000000,   0.0000000000,   0.0000000000,
                       0.0000000000,  -0.3583679200,   0.9335804600,
                       0.0000000000,  -0.9335804600,  -0.3583679200
                  </Orientation>
                  <Position type="Vector">0, 0, 0</Position>
               </HpTurret27>
            </Revolute>
         </Hardpoints>
         <MultiLevel>
            <Level0>
               <VMeshPart>
                  <VMeshRef type="VMeshRef">
                     <!-- header size  --> 60,
                     <!-- vmesh lib    --> capsule.lod0.vms,
                     <!-- start vert   --> 0,
                     <!-- num verts    --> 124,
                     <!-- start index  --> 0,
                     <!-- num indices  --> 264,
                     <!-- start mesh   --> 0,
                     <!-- num meshes   --> 4,
                     <!-- bounding box -->  4.0280108,  4.0149121,  6.7792768,
                                           -4.027823,  -4.0409231, -6.815907,
                     <!-- center       -->  0,          0,          0,
                     <!-- radius       --> 8
                  </VMeshRef>
               </VMeshPart>
            </Level0>
         </MultiLevel>
      </capsule.3db>
   </UTF_ROOT>
</UTFXML>
