<?xml version="1.0" encoding="ISO-8859-1"?>
<!-- XML generated by UTFXML Version 2.2 built 19-Aug-2010 -->
<UTFXML filename="gold_Eagle.cmp" path="SHIPS\new\other">
   <UTF_ROOT>
      <VMeshLibrary>
         <FalconBody.lod0.vms include="gold_Eagle_cmp\lod0.vms.xml"/>
      </VMeshLibrary>
      <Cmpnd>
         <Root>
            <File_name name="File name" type="text">FalconBody.3db</File_name>
            <Index type="int">0</Index>
            <Object_name name="Object name" type="text">Root</Object_name>
         </Root>
      </Cmpnd>
      <FalconBody.3db>
         <Hardpoints>
            <Fixed>
               <HpMount>
                  <Orientation type="Matrix">
                       1.0000000000,   0.0000000000,   0.0000000000,
                       0.0000000000,   1.0000000000,   0.0000000000,
                       0.0000000000,   0.0000000000,   1.0000000000
                  </Orientation>
                  <Position type="Vector">-0.011419, -2.598449, -0.65827698</Position>
               </HpMount>
               <HpPilot>
                  <Orientation type="Matrix">
                       1.0000000000,   0.0000000000,   0.0000000000,
                       0.0000000000,   1.0000000000,   0.0000000000,
                       0.0000000000,   0.0000000000,   1.0000000000
                  </Orientation>
                  <Position type="Vector">0.01889413, 0.71769738, -3.405961</Position>
               </HpPilot>
               <HpEngine01>
                  <Orientation type="Matrix">
                       1.0000000000,   0.0000000000,   0.0000000000,
                       0.0000000000,   1.0000000000,   0.0000000000,
                       0.0000000000,   0.0000000000,   1.0000000000
                  </Orientation>
                  <Position type="Vector">1.9854687, -0.74870926, 2.0049622</Position>
               </HpEngine01>
               <HpEngine02>
                  <Orientation type="Matrix">
                       1.0000000000,   0.0000000000,   0.0000000000,
                       0.0000000000,   1.0000000000,   0.0000000000,
                       0.0000000000,   0.0000000000,   1.0000000000
                  </Orientation>
                  <Position type="Vector">-1.9817827, -0.74870926, 2.0049622</Position>
               </HpEngine02>
               <HpConTrail01>
                  <Orientation type="Matrix">
                      -0.7139416900,   0.3799541300,   0.0000000000,
                      -0.3799541300,  -0.7139416900,   0.5881514000,
                       0.2234705500,   0.4199058100,   0.6540778900
                  </Orientation>
                  <Position type="Vector">11.420481, -0.86238354, 0.61812884</Position>
               </HpConTrail01>
               <HpConTrail02>
                  <Orientation type="Matrix">
                      -0.7139158800,  -0.3800091700,   0.0000000000,
                       0.3800091700,  -0.7139158800,   0.5881471600,
                      -0.2235013200,   0.4198876000,   0.6540828300
                  </Orientation>
                  <Position type="Vector">-11.308802, -0.86238354, 0.61812884</Position>
               </HpConTrail02>
               <HpScanner01>
                  <Orientation type="Matrix">
                      -0.9997976400,  -0.0039073545,   0.0000000000,
                       0.0039073545,  -0.9997976400,   0.0197347630,
                     -77.110715e-06,   0.0197307690,   0.9996106000
                  </Orientation>
                  <Position type="Vector">-0.011419183, 0.37504768, -1.4312658</Position>
               </HpScanner01>
               <HpRunningLight02>
                  <Orientation type="Matrix">
                      -0.9563045500,  -0.2923719000,  -0.0000000000,
                       0.2923719000,  -0.9563045500,   0.0000000000,
                       0.0000000000,  -0.0000000000,   1.0000000000
                  </Orientation>
                  <Position type="Vector">-1.87, -1.55, 0.18601801</Position>
               </HpRunningLight02>
               <HpRunningLight03>
                  <Orientation type="Matrix">
                      -0.9612616300,   0.2756374500,   0.0000000000,
                      -0.2756374500,  -0.9612616300,   0.0000000000,
                       0.0000000000,   0.0000000000,   1.0000000000
                  </Orientation>
                  <Position type="Vector">1.864215, -1.55, 0.18601801</Position>
               </HpRunningLight03>
               <HpDockLight01>
                  <Orientation type="Matrix">
                       1.0000000000,   0.0000000000,   0.0000000000,
                       0.0000000000,   1.0000000000,   0.0000000000,
                       0.0000000000,   0.0000000000,   1.0000000000
                  </Orientation>
                  <Position type="Vector">-11.416247, -0.68950897, -0.56707698</Position>
               </HpDockLight01>
               <HpDockLight02>
                  <Orientation type="Matrix">
                       1.0000000000,   0.0000000000,   0.0000000000,
                       0.0000000000,   1.0000000000,   0.0000000000,
                       0.0000000000,   0.0000000000,   1.0000000000
                  </Orientation>
                  <Position type="Vector">11.551753, -0.68950897, -0.56707698</Position>
               </HpDockLight02>
               <HpThruster01>
                  <Orientation type="Matrix">
                     -119.20929e-09,   0.9999996400,   0.0000000000,
                      -0.9999996400, -119.20929e-09,   0.0000000000,
                       0.0000000000,   0.0000000000,   1.0000000000
                  </Orientation>
                  <Position type="Vector">1.00116, 1.53944, 4.7263198</Position>
               </HpThruster01>
               <HpCm01>
                  <Orientation type="Matrix">
                      -1.0000000000,  87.427907e-09,   0.0000000000,
                     -87.427907e-09,  -1.0000000000,   0.0000000000,
                       0.0000000000,  -0.0000000000,   1.0000000000
                  </Orientation>
                  <Position type="Vector">-0.0114192, 0.153382, 3.57043</Position>
               </HpCm01>
               <HpMine01>
                  <Orientation type="Matrix">
                      -0.9932322500,   0.1161449400,   0.0000000000,
                      -0.1161449400,  -0.9932322500, -68.635258e-06,
                     -7.9716383e-06, -68.170753e-06,   1.0000000000
                  </Orientation>
                  <Position type="Vector">-5.6837921, 0.18975838, 1.5811176</Position>
               </HpMine01>
               <HpMine02>
                  <Orientation type="Matrix">
                      -0.9932267100,  -0.1161926900,   0.0000000000,
                       0.1161926900,  -0.9932267100, -86.771077e-06,
                      10.082165e-06, -86.183354e-06,   1.0000000000
                  </Orientation>
                  <Position type="Vector">5.7064252, 0.18975851, 1.5811173</Position>
               </HpMine02>
               <HpCockpit>
                  <Orientation type="Matrix">
                       1.0000000000,   0.0000000000,   0.0000000000,
                       0.0000000000,   1.0000000000,   0.0000000000,
                       0.0000000000,   0.0000000000,   1.0000000000
                  </Orientation>
                  <Position type="Vector">0, 1, -3</Position>
               </HpCockpit>
               <HpTractor_Source>
                  <Orientation type="Matrix">
                       1.0000000000,   0.0000000000,   0.0000000000,
                       0.0000000000,   1.0000000000,   0.0000000000,
                       0.0000000000,   0.0000000000,   1.0000000000
                  </Orientation>
                  <Position type="Vector">-0.018282, -0.66873199, -5.842032</Position>
               </HpTractor_Source>
               <HpShield01>
                  <Orientation type="Matrix">
                      -1.0000000000, -87.427907e-09,   0.0000000000,
                      87.427907e-09,  -1.0000000000,  -0.0000000000,
                       0.0000000000,   0.0000000000,   1.0000000000
                  </Orientation>
                  <Position type="Vector">407.99999e-6, 0.22446901, 2.0375669</Position>
               </HpShield01>
               <HpShield02>
                  <Orientation type="Matrix">
                      -1.0000000000, -87.427907e-09,   0.0000000000,
                      87.427907e-09,  -1.0000000000,  -0.0000000000,
                       0.0000000000,   0.0000000000,   1.0000000000
                  </Orientation>
                  <Position type="Vector">0.01938, 0.28641799, 0.077754997</Position>
               </HpShield02>
               <HpContrail01>
                  <Orientation type="Matrix">
                       1.0000000000,   0.0000000000,   0.0000000000,
                       0.0000000000,   1.0000000000,   0.0000000000,
                       0.0000000000,   0.0000000000,   1.0000000000
                  </Orientation>
                  <Position type="Vector">-11.454834, -0.86111403, 0.060578</Position>
               </HpContrail01>
               <HpContrail02>
                  <Orientation type="Matrix">
                       1.0000000000,   0.0000000000,   0.0000000000,
                       0.0000000000,   1.0000000000,   0.0000000000,
                       0.0000000000,   0.0000000000,   1.0000000000
                  </Orientation>
                  <Position type="Vector">11.468064, -0.86791402, 0.062794998</Position>
               </HpContrail02>
               <HpRunningLight01>
                  <Orientation type="Matrix">
                       1.0000000000,   0.0000000000,   0.0000000000,
                       0.0000000000,   1.0000000000,   0.0000000000,
                       0.0000000000,   0.0000000000,   1.0000000000
                  </Orientation>
                  <Position type="Vector">11.327911, -0.80949199, -0.46802801</Position>
               </HpRunningLight01>
               <HpRunningLight04>
                  <Orientation type="Matrix">
                       1.0000000000,   0.0000000000,   0.0000000000,
                       0.0000000000,   1.0000000000,   0.0000000000,
                       0.0000000000,   0.0000000000,   1.0000000000
                  </Orientation>
                  <Position type="Vector">-11.316334, -0.80807602, -0.47550201</Position>
               </HpRunningLight04>
               <Hpnew01>
                  <Orientation type="Matrix">
                       1.0000000000,   0.0000000000,   0.0000000000,
                       0.0000000000,   1.0000000000,   0.0000000000,
                       0.0000000000,   0.0000000000,   1.0000000000
                  </Orientation>
                  <Position type="Vector">0, 0, 0</Position>
               </Hpnew01>
               <Hpnew02>
                  <Orientation type="Matrix">
                       1.0000000000,   0.0000000000,   0.0000000000,
                       0.0000000000,   1.0000000000,   0.0000000000,
                       0.0000000000,   0.0000000000,   1.0000000000
                  </Orientation>
                  <Position type="Vector">0, 0, 0</Position>
               </Hpnew02>
               <Hpnew03>
                  <Orientation type="Matrix">
                       1.0000000000,   0.0000000000,   0.0000000000,
                       0.0000000000,   1.0000000000,   0.0000000000,
                       0.0000000000,   0.0000000000,   1.0000000000
                  </Orientation>
                  <Position type="Vector">0, 0, 0</Position>
               </Hpnew03>
               <HpCloak01>
                  <Orientation type="Matrix">
                       1.0000000000,   0.0000000000,   0.0000000000,
                       0.0000000000,   1.0000000000,   0.0000000000,
                       0.0000000000,   0.0000000000,   1.0000000000
                  </Orientation>
                  <Position type="Vector">0, 0.9, 0</Position>
               </HpCloak01>
            </Fixed>
            <Revolute>
               <HpTurret01>
                  <Axis type="Vector">0, 1, 0</Axis>
                  <Max type="float">6.283185</Max>
                  <Min type="float">-6.283185</Min>
                  <Orientation type="Matrix">
                       1.0000000000,  272.46348e-06,   0.0000000000,
                     -272.46348e-06,   1.0000000000,  55.991670e-06,
                      15.255685e-09, -55.991666e-06,   1.0000000000
                  </Orientation>
                  <Position type="Vector">-0.011419185, 1.8818088, -0.50311023</Position>
               </HpTurret01>
               <HpWeapon01>
                  <Axis type="Vector">0, 1, 0</Axis>
                  <Max type="float">0.78539819</Max>
                  <Min type="float">-0.78539819</Min>
                  <Orientation type="Matrix">
                      -0.9396925000,  -0.3420201200,   0.0000000000,
                       0.3420201200,  -0.9396925000,  -0.0000000000,
                       0.0000000000,   0.0000000000,   1.0000000000
                  </Orientation>
                  <Position type="Vector">9.5144253, -0.66276598, -0.19956601</Position>
               </HpWeapon01>
               <HpWeapon02>
                  <Axis type="Vector">0, 1, 0</Axis>
                  <Max type="float">0.78539819</Max>
                  <Min type="float">-0.78539819</Min>
                  <Orientation type="Matrix">
                      -0.9396925000,   0.3420201200,   0.0000000000,
                      -0.3420201200,  -0.9396925000,   0.0000000000,
                       0.0000000000,  -0.0000000000,   1.0000000000
                  </Orientation>
                  <Position type="Vector">-9.1802092, -0.56148702, -0.16117799</Position>
               </HpWeapon02>
               <HpWeapon03>
                  <Axis type="Vector">0, 1, 0</Axis>
                  <Max type="float">0.78539819</Max>
                  <Min type="float">-0.78539819</Min>
                  <Orientation type="Matrix">
                      -0.9848078500,  -0.1736482400,   0.0000000000,
                       0.1736482400,  -0.9848078500,  -0.0000000000,
                       0.0000000000,   0.0000000000,   1.0000000000
                  </Orientation>
                  <Position type="Vector">6.1003122, 0.149964, 0.293244</Position>
               </HpWeapon03>
               <HpWeapon04>
                  <Axis type="Vector">0, 1, 0</Axis>
                  <Max type="float">0.78539819</Max>
                  <Min type="float">-0.78539819</Min>
                  <Orientation type="Matrix">
                      -0.9848078500,   0.1736482400,   0.0000000000,
                      -0.1736482400,  -0.9848078500,   0.0000000000,
                       0.0000000000,  -0.0000000000,   1.0000000000
                  </Orientation>
                  <Position type="Vector">-6.056706, 0.154796, 0.26268101</Position>
               </HpWeapon04>
            </Revolute>
         </Hardpoints>
         <MultiLevel>
            <Level0>
               <VMeshPart>
                  <VMeshRef type="VMeshRef">
                     <!-- header size  --> 60,
                     <!-- vmesh lib    --> FalconBody.lod0.vms,
                     <!-- start vert   --> 0,
                     <!-- num verts    --> 1478,
                     <!-- start index  --> 0,
                     <!-- num indices  --> 3912,
                     <!-- start mesh   --> 0,
                     <!-- num meshes   --> 3,
                     <!-- bounding box -->  11.469504,      1.8776697,  5.62886,
                                           -11.46708,      -1.6769867, -5.8674002,
                     <!-- center       -->   0.0012121201,  0.1003415, -0.11927009,
                     <!-- radius       --> 16.274096
                  </VMeshRef>
               </VMeshPart>
            </Level0>
         </MultiLevel>
      </FalconBody.3db>
   </UTF_ROOT>
</UTFXML>
