<?xml version="1.0" encoding="ISO-8859-1"?>
<!-- XML generated by UTFXML Version 2.2 built 19-Aug-2010 -->
<UTFXML filename="Rebel_Galaxy_ship65.cmp" path="SHIPS\new\Rebel_Galaxy">
   <UTF_ROOT>
      <VMeshLibrary>
         <Rebel_Galaxy_ship65.lod0.vms include="Rebel_Galaxy_ship65_cmp\lod0.vms.xml"/>
      </VMeshLibrary>
      <Cmpnd>
         <Root>
            <File_name name="File name" type="text">Rebel_Galaxy_ship65.3db</File_name>
            <Index type="int">0</Index>
            <Object_name name="Object name" type="text">Root</Object_name>
         </Root>
      </Cmpnd>
      <Rebel_Galaxy_ship65.3db>
         <Hardpoints>
            <Fixed>
               <HpMount>
                  <Orientation type="Matrix">
                       1.0000000000,   0.0000000000,   0.0000000000,
                       0.0000000000,   1.0000000000,   0.0000000000,
                       0.0000000000,   0.0000000000,   1.0000000000
                  </Orientation>
                  <Position type="Vector">0, -55, -70</Position>
               </HpMount>
               <HpBayDoor01>
                  <Orientation type="Matrix">
                       1.0000000000,   0.0000000000,   0.0000000000,
                       0.0000000000,   1.0000000000,   0.0000000000,
                       0.0000000000,   0.0000000000,   1.0000000000
                  </Orientation>
                  <Position type="Vector">0, -70, 0</Position>
               </HpBayDoor01>
               <HpBayDoor02>
                  <Orientation type="Matrix">
                       1.0000000000,   0.0000000000,   0.0000000000,
                       0.0000000000,   1.0000000000,   0.0000000000,
                       0.0000000000,   0.0000000000,   1.0000000000
                  </Orientation>
                  <Position type="Vector">0, -80, 0</Position>
               </HpBayDoor02>
               <HpTractor_Source>
                  <Orientation type="Matrix">
                       1.0000000000,   0.0000000000,   0.0000000000,
                       0.0000000000,   1.0000000000,   0.0000000000,
                       0.0000000000,   0.0000000000,   1.0000000000
                  </Orientation>
                  <Position type="Vector">0, -10.705703, -95.14666</Position>
               </HpTractor_Source>
               <HpCloak01>
                  <Orientation type="Matrix">
                       1.0000000000,   0.0000000000,   0.0000000000,
                       0.0000000000,   1.0000000000,   0.0000000000,
                       0.0000000000,   0.0000000000,   1.0000000000
                  </Orientation>
                  <Position type="Vector">0, 0, 0</Position>
               </HpCloak01>
               <HpFX01>
                  <Orientation type="Matrix">
                       1.0000000000,   0.0000000000,   0.0000000000,
                       0.0000000000,   1.0000000000,   0.0000000000,
                       0.0000000000,   0.0000000000,   1.0000000000
                  </Orientation>
                  <Position type="Vector">0, 0, 0</Position>
               </HpFX01>
               <HpFX02>
                  <Orientation type="Matrix">
                       1.0000000000,   0.0000000000,   0.0000000000,
                       0.0000000000,   1.0000000000,   0.0000000000,
                       0.0000000000,   0.0000000000,   1.0000000000
                  </Orientation>
                  <Position type="Vector">0, 0, 0</Position>
               </HpFX02>
               <HpShield01>
                  <Orientation type="Matrix">
                       1.0000000000,   0.0000000000,   0.0000000000,
                       0.0000000000,   1.0000000000,   0.0000000000,
                       0.0000000000,   0.0000000000,   1.0000000000
                  </Orientation>
                  <Position type="Vector">0, 0, 0</Position>
               </HpShield01>
               <HpShield02>
                  <Orientation type="Matrix">
                       1.0000000000,   0.0000000000,   0.0000000000,
                       0.0000000000,   1.0000000000,   0.0000000000,
                       0.0000000000,   0.0000000000,   1.0000000000
                  </Orientation>
                  <Position type="Vector">0, 0, 0</Position>
               </HpShield02>
               <HpShield03>
                  <Orientation type="Matrix">
                       1.0000000000,   0.0000000000,   0.0000000000,
                       0.0000000000,   1.0000000000,   0.0000000000,
                       0.0000000000,   0.0000000000,   1.0000000000
                  </Orientation>
                  <Position type="Vector">0, 0, 0</Position>
               </HpShield03>
               <HpShield04>
                  <Orientation type="Matrix">
                       1.0000000000,   0.0000000000,   0.0000000000,
                       0.0000000000,   1.0000000000,   0.0000000000,
                       0.0000000000,   0.0000000000,   1.0000000000
                  </Orientation>
                  <Position type="Vector">0, 0, 0</Position>
               </HpShield04>
               <HpCM01>
                  <Orientation type="Matrix">
                      178.81393e-09,   0.6427874600,  -0.7660442600,
                      -0.9999997600,  178.81393e-09,  89.406967e-09,
                       0.0000000000,   0.7660442600,   0.6427876900
                  </Orientation>
                  <Position type="Vector">-71.758865, -29.141935, 73.32589</Position>
               </HpCM01>
               <HpCM02>
                  <Orientation type="Matrix">
                      178.81393e-09,  -0.6427874600,   0.7660442600,
                       0.9999997600,  178.81393e-09,  89.406967e-09,
                       0.0000000000,   0.7660442600,   0.6427876900
                  </Orientation>
                  <Position type="Vector">71.737686, -29.14636, 73.501892</Position>
               </HpCM02>
               <HpEngine01>
                  <Orientation type="Matrix">
                       1.0000000000,   0.0000000000,   0.0000000000,
                       0.0000000000,   1.0000000000,   0.0000000000,
                       0.0000000000,   0.0000000000,   1.0000000000
                  </Orientation>
                  <Position type="Vector">-78.706566, -11.0903, -48.34798</Position>
               </HpEngine01>
               <HpEngine02>
                  <Orientation type="Matrix">
                       1.0000000000,   0.0000000000,   0.0000000000,
                       0.0000000000,   1.0000000000,   0.0000000000,
                       0.0000000000,   0.0000000000,   1.0000000000
                  </Orientation>
                  <Position type="Vector">78.695175, -11.128609, -48.34734</Position>
               </HpEngine02>
               <HpDocklight01>
                  <Orientation type="Matrix">
                       1.0000000000,   0.0000000000,   0.0000000000,
                       0.0000000000,   1.0000000000,   0.0000000000,
                       0.0000000000,   0.0000000000,   1.0000000000
                  </Orientation>
                  <Position type="Vector">-9.5259237, 16.256018, 200.73985</Position>
               </HpDocklight01>
               <HpDocklight02>
                  <Orientation type="Matrix">
                       1.0000000000,   0.0000000000,   0.0000000000,
                       0.0000000000,   1.0000000000,   0.0000000000,
                       0.0000000000,   0.0000000000,   1.0000000000
                  </Orientation>
                  <Position type="Vector">9.5107851, 16.257599, 200.82631</Position>
               </HpDocklight02>
               <HpRunningLight01>
                  <Orientation type="Matrix">
                       1.0000000000,   0.0000000000,   0.0000000000,
                       0.0000000000,   1.0000000000,   0.0000000000,
                       0.0000000000,   0.0000000000,   1.0000000000
                  </Orientation>
                  <Position type="Vector">-47.424397, -11.916919, -121.49367</Position>
               </HpRunningLight01>
               <HpRunningLight02>
                  <Orientation type="Matrix">
                       1.0000000000,   0.0000000000,   0.0000000000,
                       0.0000000000,   1.0000000000,   0.0000000000,
                       0.0000000000,   0.0000000000,   1.0000000000
                  </Orientation>
                  <Position type="Vector">47.396236, -11.834311, -121.59978</Position>
               </HpRunningLight02>
            </Fixed>
            <Revolute>
               <HpTorpedo01>
                  <Axis type="Vector">0, 1, 0</Axis>
                  <Max type="float">2.4434609</Max>
                  <Min type="float">-2.4434609</Min>
                  <Orientation type="Matrix">
                       1.0000000000,   0.0000000000,   0.0000000000,
                       0.0000000000,   0.9975640800,   0.0697564710,
                       0.0000000000,  -0.0697564710,   0.9975640800
                  </Orientation>
                  <Position type="Vector">0, 26.470062, 15.814054</Position>
               </HpTorpedo01>
               <HpA01>
                  <Axis type="Vector">0, 1, 0</Axis>
                  <Max type="float">3.1415927</Max>
                  <Min type="float">-3.1415927</Min>
                  <Orientation type="Matrix">
                       0.4383711800,  -0.8966046600,  -0.0626966950,
                       0.8987940500,   0.4373033000,   0.0305792240,
                      3.7252903e-09,  -0.0697564710,   0.9975640800
                  </Orientation>
                  <Position type="Vector">-110.44455, -17.707886, -75.251724</Position>
               </HpA01>
               <HpA02>
                  <Axis type="Vector">0, 1, 0</Axis>
                  <Max type="float">3.1415927</Max>
                  <Min type="float">-3.1415927</Min>
                  <Orientation type="Matrix">
                       0.4383711800,   0.8966046600,   0.0626966950,
                      -0.8987940500,   0.4373033000,   0.0305792240,
                     -3.7252903e-09,  -0.0697564710,   0.9975640800
                  </Orientation>
                  <Position type="Vector">110.45868, -17.750923, -75.26387</Position>
               </HpA02>
               <HpTurret01>
                  <Axis type="Vector">0, 1, 0</Axis>
                  <Max type="float">3.1415927</Max>
                  <Min type="float">-3.1415927</Min>
                  <Orientation type="Matrix">
                       0.3746067300,  -0.9271838100,  -0.0000000000,
                       0.9271838100,   0.3746067300,   0.0000000000,
                       0.0000000000,  -0.0000000000,   1.0000000000
                  </Orientation>
                  <Position type="Vector">-109.21899, -12.967308, -67.432106</Position>
               </HpTurret01>
               <HpTurret02>
                  <Axis type="Vector">0, 1, 0</Axis>
                  <Max type="float">3.1415927</Max>
                  <Min type="float">-3.1415927</Min>
                  <Orientation type="Matrix">
                       0.3746067300,   0.9271838100,   0.0000000000,
                      -0.9271838100,   0.3746067300,   0.0000000000,
                       0.0000000000,   0.0000000000,   1.0000000000
                  </Orientation>
                  <Position type="Vector">109.22099, -12.971063, -67.418587</Position>
               </HpTurret02>
               <HpTurret03>
                  <Axis type="Vector">0, 1, 0</Axis>
                  <Max type="float">3.1415927</Max>
                  <Min type="float">-3.1415927</Min>
                  <Orientation type="Matrix">
                       0.9975640200,   0.0695865530,   0.0048659653,
                      -0.0697564710,   0.9951340000,   0.0695865530,
                       0.0000000000,  -0.0697564710,   0.9975640200
                  </Orientation>
                  <Position type="Vector">4.6470451, 25.66081, 7.2201262</Position>
               </HpTurret03>
               <HpTurret04>
                  <Axis type="Vector">0, 1, 0</Axis>
                  <Max type="float">3.1415927</Max>
                  <Min type="float">-3.1415927</Min>
                  <Orientation type="Matrix">
                       0.9975640200,  -0.0695865530,  -0.0048659653,
                       0.0697564710,   0.9951340000,   0.0695865530,
                       0.0000000000,  -0.0697564710,   0.9975640200
                  </Orientation>
                  <Position type="Vector">-4.6313152, 25.664539, 7.2332649</Position>
               </HpTurret04>
               <HpTurret05>
                  <Axis type="Vector">0, 1, 0</Axis>
                  <Max type="float">3.1415927</Max>
                  <Min type="float">-3.1415927</Min>
                  <Orientation type="Matrix">
                      -0.9848080300,  -0.1735425400,  -0.0060602380,
                       0.1736483100,  -0.9842081100,  -0.0343692940,
                      232.83064e-12,  -0.0348994990,   0.9993907800
                  </Orientation>
                  <Position type="Vector">-95.581299, -36.608032, -67.423325</Position>
               </HpTurret05>
               <HpTurret06>
                  <Axis type="Vector">0, 1, 0</Axis>
                  <Max type="float">3.1415927</Max>
                  <Min type="float">-3.1415927</Min>
                  <Orientation type="Matrix">
                      -0.9848080300,   0.1735425400,   0.0060602380,
                      -0.1736483100,  -0.9842081100,  -0.0343692940,
                     -232.83064e-12,  -0.0348994990,   0.9993907800
                  </Orientation>
                  <Position type="Vector">95.585129, -36.608398, -67.395935</Position>
               </HpTurret06>
               <HpTurret07>
                  <Axis type="Vector">0, 1, 0</Axis>
                  <Max type="float">3.1415927</Max>
                  <Min type="float">-3.1415927</Min>
                  <Orientation type="Matrix">
                      -0.9848079100,  -0.1729875200,  -0.0151344460,
                       0.1736483000,  -0.9810604500,  -0.0858316570,
                     -465.66129e-12,  -0.0871557440,   0.9961947200
                  </Orientation>
                  <Position type="Vector">-97.852364, -35.384079, -79.5951</Position>
               </HpTurret07>
               <HpTurret08>
                  <Axis type="Vector">0, 1, 0</Axis>
                  <Max type="float">3.1415927</Max>
                  <Min type="float">-3.1415927</Min>
                  <Orientation type="Matrix">
                      -0.9848079100,   0.1729875200,   0.0151344460,
                      -0.1736483000,  -0.9810604500,  -0.0858316570,
                      465.66129e-12,  -0.0871557440,   0.9961947200
                  </Orientation>
                  <Position type="Vector">97.773712, -35.396217, -79.624649</Position>
               </HpTurret08>
            </Revolute>
         </Hardpoints>
         <MultiLevel>
            <Level0>
               <VMeshPart>
                  <VMeshRef type="VMeshRef">
                     <!-- header size  --> 60,
                     <!-- vmesh lib    --> Rebel_Galaxy_ship65.lod0.vms,
                     <!-- start vert   --> 0,
                     <!-- num verts    --> 9598,
                     <!-- start index  --> 0,
                     <!-- num indices  --> 34764,
                     <!-- start mesh   --> 0,
                     <!-- num meshes   --> 1,
                     <!-- bounding box -->  112.40749,       30.49313,    200.99927,
                                           -112.40748,      -43.453388,  -170.83861,
                     <!-- center       -->    7.6293945e-6,  -6.4801292,   15.08033,
                     <!-- radius       --> 292.94928
                  </VMeshRef>
               </VMeshPart>
            </Level0>
         </MultiLevel>
      </Rebel_Galaxy_ship65.3db>
   </UTF_ROOT>
</UTFXML>
