<?xml version="1.0" encoding="ISO-8859-1"?>
<!-- XML generated by UTFXML Version 2.2 built 19-Aug-2010 -->
<UTFXML filename="Tetatron10lvl.cmp" path="SHIPS\new\Rebel_Galaxy">
   <UTF_ROOT>
      <VMeshLibrary>
         <Tetatron10lvl.lod0.vms include="Tetatron10lvl_cmp\lod0.vms.xml"/>
      </VMeshLibrary>
      <Cmpnd>
         <Root>
            <File_name name="File name" type="text">Tetatron10lvl.3db</File_name>
            <Index type="int">0</Index>
            <Object_name name="Object name" type="text">Root</Object_name>
         </Root>
      </Cmpnd>
      <Tetatron10lvl.3db>
         <Hardpoints>
            <Fixed>
               <HpMount>
                  <Orientation type="Matrix">
                       1.0000000000,   0.0000000000,   0.0000000000,
                       0.0000000000,   1.0000000000,   0.0000000000,
                       0.0000000000,   0.0000000000,   1.0000000000
                  </Orientation>
                  <Position type="Vector">-0.16666667, -50, -80.133331</Position>
               </HpMount>
               <HpBayDoor01>
                  <Orientation type="Matrix">
                       1.0000000000,   0.0000000000,   0.0000000000,
                       0.0000000000,   1.0000000000,   0.0000000000,
                       0.0000000000,   0.0000000000,   1.0000000000
                  </Orientation>
                  <Position type="Vector">0, -55, 0</Position>
               </HpBayDoor01>
               <HpBayDoor02>
                  <Orientation type="Matrix">
                       1.0000000000,   0.0000000000,   0.0000000000,
                       0.0000000000,   1.0000000000,   0.0000000000,
                       0.0000000000,   0.0000000000,   1.0000000000
                  </Orientation>
                  <Position type="Vector">0, -65, 0</Position>
               </HpBayDoor02>
               <HpTractor_Source>
                  <Orientation type="Matrix">
                       1.0000000000,   0.0000000000,  -0.0000000000,
                      -0.0000000000,   0.0174524190,  -0.9998477100,
                       0.0000000000,   0.9998477100,   0.0174524190
                  </Orientation>
                  <Position type="Vector">0, -6.2388401, -161.78128</Position>
               </HpTractor_Source>
               <HpCloak01>
                  <Orientation type="Matrix">
                       1.0000000000,   0.0000000000,   0.0000000000,
                       0.0000000000,   1.0000000000,   0.0000000000,
                       0.0000000000,   0.0000000000,   1.0000000000
                  </Orientation>
                  <Position type="Vector">0, 0, 0</Position>
               </HpCloak01>
               <HpFX01>
                  <Orientation type="Matrix">
                       1.0000000000,   0.0000000000,   0.0000000000,
                       0.0000000000,   1.0000000000,   0.0000000000,
                       0.0000000000,   0.0000000000,   1.0000000000
                  </Orientation>
                  <Position type="Vector">0, 0, 0</Position>
               </HpFX01>
               <HpFX02>
                  <Orientation type="Matrix">
                       1.0000000000,   0.0000000000,   0.0000000000,
                       0.0000000000,   1.0000000000,   0.0000000000,
                       0.0000000000,   0.0000000000,   1.0000000000
                  </Orientation>
                  <Position type="Vector">-54, -0.6, 161.18445</Position>
               </HpFX02>
               <HpCM01>
                  <Orientation type="Matrix">
                      -1.0000000000, -71.612547e-09, -50.143644e-09,
                      87.422777e-09,  -0.8191520000,  -0.5735763900,
                       0.0000000000,  -0.5735763900,   0.8191520600
                  </Orientation>
                  <Position type="Vector">0, -27.968445, 212.19078</Position>
               </HpCM01>
               <HpShield01>
                  <Orientation type="Matrix">
                       0.0174524780,  -0.9984774600,   0.0523279870,
                       0.9998477700,   0.0174285770, -913.39275e-06,
                       0.0000000000,   0.0523359590,   0.9986295100
                  </Orientation>
                  <Position type="Vector">0, 0, 0</Position>
               </HpShield01>
               <HpShieldGenerator01>
                  <Orientation type="Matrix">
                       1.0000000000,   0.0000000000,   0.0000000000,
                       0.0000000000,   1.0000000000,   0.0000000000,
                       0.0000000000,   0.0000000000,   1.0000000000
                  </Orientation>
                  <Position type="Vector">0, 0, 0</Position>
               </HpShieldGenerator01>
               <HpShieldGenerator02>
                  <Orientation type="Matrix">
                       1.0000000000,   0.0000000000,   0.0000000000,
                       0.0000000000,   1.0000000000,   0.0000000000,
                       0.0000000000,   0.0000000000,   1.0000000000
                  </Orientation>
                  <Position type="Vector">0, 0, 0</Position>
               </HpShieldGenerator02>
               <HpShieldGenerator03>
                  <Orientation type="Matrix">
                       1.0000000000,   0.0000000000,   0.0000000000,
                       0.0000000000,   1.0000000000,   0.0000000000,
                       0.0000000000,   0.0000000000,   1.0000000000
                  </Orientation>
                  <Position type="Vector">0, 0, 0</Position>
               </HpShieldGenerator03>
               <HpShieldCapacity01>
                  <Orientation type="Matrix">
                       1.0000000000,   0.0000000000,   0.0000000000,
                       0.0000000000,   1.0000000000,   0.0000000000,
                       0.0000000000,   0.0000000000,   1.0000000000
                  </Orientation>
                  <Position type="Vector">0, 0, 0</Position>
               </HpShieldCapacity01>
               <HpShieldCapacity02>
                  <Orientation type="Matrix">
                       1.0000000000,   0.0000000000,   0.0000000000,
                       0.0000000000,   1.0000000000,   0.0000000000,
                       0.0000000000,   0.0000000000,   1.0000000000
                  </Orientation>
                  <Position type="Vector">0, 0, 0</Position>
               </HpShieldCapacity02>
               <HpShieldCapacity03>
                  <Orientation type="Matrix">
                       1.0000000000,   0.0000000000,   0.0000000000,
                       0.0000000000,   1.0000000000,   0.0000000000,
                       0.0000000000,   0.0000000000,   1.0000000000
                  </Orientation>
                  <Position type="Vector">0, 0, 0</Position>
               </HpShieldCapacity03>
               <HpEngine01>
                  <Orientation type="Matrix">
                       1.0000000000,   0.0000000000,   0.0000000000,
                       0.0000000000,   1.0000000000,   0.0000000000,
                       0.0000000000,   0.0000000000,   1.0000000000
                  </Orientation>
                  <Position type="Vector">-54, -0.6, 161.18445</Position>
               </HpEngine01>
               <HpEngine02>
                  <Orientation type="Matrix">
                       1.0000000000,   0.0000000000,   0.0000000000,
                       0.0000000000,   1.0000000000,   0.0000000000,
                       0.0000000000,   0.0000000000,   1.0000000000
                  </Orientation>
                  <Position type="Vector">54, -0.6, 161.18445</Position>
               </HpEngine02>
               <HpDocklight01>
                  <Orientation type="Matrix">
                      -0.2079117300,  -0.9781476300,  -0.0000000000,
                       0.9781476300,  -0.2079117300,   0.0000000000,
                       0.0000000000,  -0.0000000000,   1.0000000000
                  </Orientation>
                  <Position type="Vector">-113.26305, 6.5483408, 79.336044</Position>
               </HpDocklight01>
               <HpDocklight02>
                  <Orientation type="Matrix">
                       1.0000000000,   0.0000000000,   0.0000000000,
                       0.0000000000,   1.0000000000,   0.0000000000,
                       0.0000000000,   0.0000000000,   1.0000000000
                  </Orientation>
                  <Position type="Vector">113.37651, 6.5163879, 79.282921</Position>
               </HpDocklight02>
               <HpRunningLight01>
                  <Orientation type="Matrix">
                       1.0000000000,   0.0000000000,   0.0000000000,
                       0.0000000000,   1.0000000000,   0.0000000000,
                       0.0000000000,   0.0000000000,   1.0000000000
                  </Orientation>
                  <Position type="Vector">-113.32064, 6.5321341, 34.795864</Position>
               </HpRunningLight01>
               <HpRunningLight02>
                  <Orientation type="Matrix">
                       1.0000000000,   0.0000000000,   0.0000000000,
                       0.0000000000,   1.0000000000,   0.0000000000,
                       0.0000000000,   0.0000000000,   1.0000000000
                  </Orientation>
                  <Position type="Vector">113.37064, 6.5180321, 34.710621</Position>
               </HpRunningLight02>
               <HpFX03>
                  <Orientation type="Matrix">
                       1.0000000000,   0.0000000000,   0.0000000000,
                       0.0000000000,   1.0000000000,   0.0000000000,
                       0.0000000000,   0.0000000000,   1.0000000000
                  </Orientation>
                  <Position type="Vector">54, -0.6, 161.18445</Position>
               </HpFX03>
               <HpMine01>
                  <Orientation type="Matrix">
                      -1.0000000000, -87.422777e-09,   0.0000000000,
                      87.422777e-09,  -1.0000000000,  -0.0000000000,
                       0.0000000000,   0.0000000000,   1.0000000000
                  </Orientation>
                  <Position type="Vector">0, -28.044922, 212.86667</Position>
               </HpMine01>
               <HpShieldGenerator04>
                  <Orientation type="Matrix">
                       1.0000000000,   0.0000000000,   0.0000000000,
                       0.0000000000,   1.0000000000,   0.0000000000,
                       0.0000000000,   0.0000000000,   1.0000000000
                  </Orientation>
                  <Position type="Vector">0, 0, 0</Position>
               </HpShieldGenerator04>
               <HpShieldGenerator05>
                  <Orientation type="Matrix">
                       1.0000000000,   0.0000000000,   0.0000000000,
                       0.0000000000,   1.0000000000,   0.0000000000,
                       0.0000000000,   0.0000000000,   1.0000000000
                  </Orientation>
                  <Position type="Vector">0, 0, 0</Position>
               </HpShieldGenerator05>
               <HpShieldGenerator06>
                  <Orientation type="Matrix">
                       1.0000000000,   0.0000000000,   0.0000000000,
                       0.0000000000,   1.0000000000,   0.0000000000,
                       0.0000000000,   0.0000000000,   1.0000000000
                  </Orientation>
                  <Position type="Vector">0, 0, 0</Position>
               </HpShieldGenerator06>
               <HpShieldGenerator07>
                  <Orientation type="Matrix">
                       1.0000000000,   0.0000000000,   0.0000000000,
                       0.0000000000,   1.0000000000,   0.0000000000,
                       0.0000000000,   0.0000000000,   1.0000000000
                  </Orientation>
                  <Position type="Vector">0, 0, 0</Position>
               </HpShieldGenerator07>
               <HpShieldCapacity04>
                  <Orientation type="Matrix">
                       1.0000000000,   0.0000000000,   0.0000000000,
                       0.0000000000,   1.0000000000,   0.0000000000,
                       0.0000000000,   0.0000000000,   1.0000000000
                  </Orientation>
                  <Position type="Vector">0, 0, 0</Position>
               </HpShieldCapacity04>
               <HpShieldCapacity05>
                  <Orientation type="Matrix">
                       1.0000000000,   0.0000000000,   0.0000000000,
                       0.0000000000,   1.0000000000,   0.0000000000,
                       0.0000000000,   0.0000000000,   1.0000000000
                  </Orientation>
                  <Position type="Vector">0, 0, 0</Position>
               </HpShieldCapacity05>
               <HpShieldCapacity06>
                  <Orientation type="Matrix">
                       1.0000000000,   0.0000000000,   0.0000000000,
                       0.0000000000,   1.0000000000,   0.0000000000,
                       0.0000000000,   0.0000000000,   1.0000000000
                  </Orientation>
                  <Position type="Vector">0, 0, 0</Position>
               </HpShieldCapacity06>
               <HpShieldCapacity07>
                  <Orientation type="Matrix">
                       1.0000000000,   0.0000000000,   0.0000000000,
                       0.0000000000,   1.0000000000,   0.0000000000,
                       0.0000000000,   0.0000000000,   1.0000000000
                  </Orientation>
                  <Position type="Vector">0, 0, 0</Position>
               </HpShieldCapacity07>
               <HpShield02>
                  <Orientation type="Matrix">
                       1.0000000000,   0.0000000000,   0.0000000000,
                       0.0000000000,   1.0000000000,   0.0000000000,
                       0.0000000000,   0.0000000000,   1.0000000000
                  </Orientation>
                  <Position type="Vector">0, 0, 0</Position>
               </HpShield02>
               <HpShield03>
                  <Orientation type="Matrix">
                       1.0000000000,   0.0000000000,   0.0000000000,
                       0.0000000000,   1.0000000000,   0.0000000000,
                       0.0000000000,   0.0000000000,   1.0000000000
                  </Orientation>
                  <Position type="Vector">0, 0, 0</Position>
               </HpShield03>
            </Fixed>
            <Revolute>
               <HpTorpedo01>
                  <Axis type="Vector">0, 1, 0</Axis>
                  <Max type="float">2.4434609</Max>
                  <Min type="float">-2.4434609</Min>
                  <Orientation type="Matrix">
                       1.0000000000,   0.0000000000,  -0.0000000000,
                      -0.0000000000,   0.9999619100,  -0.0087265354,
                       0.0000000000,   0.0087265354,   0.9999619100
                  </Orientation>
                  <Position type="Vector">0, 52.152199, 67.835274</Position>
               </HpTorpedo01>
               <HpLTurret01>
                  <Axis type="Vector">0, 0, 0</Axis>
                  <Max type="float">3.1415927</Max>
                  <Min type="float">-3.1415927</Min>
                  <Orientation type="Matrix">
                       1.0000000000,   0.0000000000,  -0.0000000000,
                      -0.0000000000,   0.9999619100,  -0.0087265354,
                       0.0000000000,   0.0087265354,   0.9999619100
                  </Orientation>
                  <Position type="Vector">0, 52.153038, 67.779572</Position>
               </HpLTurret01>
               <HpLTurret02>
                  <Axis type="Vector">0, 1, 0</Axis>
                  <Max type="float">3.1415927</Max>
                  <Min type="float">-3.1415927</Min>
                  <Orientation type="Matrix">
                      -1.0000000000, -87.422777e-09,   0.0000000000,
                      87.422777e-09,  -1.0000000000,  -0.0000000000,
                       0.0000000000,   0.0000000000,   1.0000000000
                  </Orientation>
                  <Position type="Vector">0, -34.586517, 21.045992</Position>
               </HpLTurret02>
               <HpLTurret03>
                  <Axis type="Vector">0, 1, 0</Axis>
                  <Max type="float">1.5707964</Max>
                  <Min type="float">-1.5707964</Min>
                  <Orientation type="Matrix">
                      72.643161e-09,  -0.3420200600,   0.9396925000,
                     -29.802322e-09,   0.9396926200,   0.3420200600,
                      -0.9999998800,   0.0000000000,  59.604645e-09
                  </Orientation>
                  <Position type="Vector">-70.435989, 28.361053, 47.138699</Position>
               </HpLTurret03>
               <HpLTurret04>
                  <Axis type="Vector">0, 1, 0</Axis>
                  <Max type="float">1.5707964</Max>
                  <Min type="float">-1.5707964</Min>
                  <Orientation type="Matrix">
                      72.643161e-09,   0.3420200600,  -0.9396925000,
                      29.802322e-09,   0.9396926200,   0.3420200600,
                       0.9999998800,   0.0000000000,  59.604645e-09
                  </Orientation>
                  <Position type="Vector">70.367226, 28.386074, 47.079113</Position>
               </HpLTurret04>
               <HpLTurret05>
                  <Axis type="Vector">0, 1, 0</Axis>
                  <Max type="float">1.5707964</Max>
                  <Min type="float">-1.5707964</Min>
                  <Orientation type="Matrix">
                      -0.0022583008,  -0.2588092700,   0.9659256900,
                      -0.0084292144,  -0.9658888000,  -0.2588191000,
                       0.9999618500,  -0.0087265372, -65.192580e-09
                  </Orientation>
                  <Position type="Vector">-74.175087, -17.085588, 27.352142</Position>
               </HpLTurret05>
               <HpLTurret06>
                  <Axis type="Vector">0, 1, 0</Axis>
                  <Max type="float">1.5707964</Max>
                  <Min type="float">-1.5707964</Min>
                  <Orientation type="Matrix">
                      -0.0022583008,   0.2588092700,  -0.9659256900,
                       0.0084292144,  -0.9658888000,  -0.2588191000,
                      -0.9999618500,  -0.0087265372, -65.192580e-09
                  </Orientation>
                  <Position type="Vector">74.416939, -17.022026, 27.537844</Position>
               </HpLTurret06>
               <HpLTurret07>
                  <Axis type="Vector">0, 1, 0</Axis>
                  <Max type="float">3.1415927</Max>
                  <Min type="float">-3.1415927</Min>
                  <Orientation type="Matrix">
                       0.9993908400,   0.0348516700,   0.0018264985,
                      -0.0348994960,   0.9980211900,   0.0523040820,
                       0.0000000000,  -0.0523359630,   0.9986295100
                  </Orientation>
                  <Position type="Vector">-11.181173, 52.237175, 40.462818</Position>
               </HpLTurret07>
               <HpLTurret08>
                  <Axis type="Vector">0, 1, 0</Axis>
                  <Max type="float">3.1415927</Max>
                  <Min type="float">-3.1415927</Min>
                  <Orientation type="Matrix">
                       0.9993908400,  -0.0348516700,  -0.0018264985,
                       0.0348994960,   0.9980211900,   0.0523040820,
                       0.0000000000,  -0.0523359630,   0.9986295100
                  </Orientation>
                  <Position type="Vector">11.313108, 52.249989, 40.601974</Position>
               </HpLTurret08>
               <HpLTurret09>
                  <Axis type="Vector">0, 1, 0</Axis>
                  <Max type="float">3.1415927</Max>
                  <Min type="float">-3.1415927</Min>
                  <Orientation type="Matrix">
                      -1.0000000000, -87.422777e-09,   0.0000000000,
                      87.422777e-09,  -1.0000000000,  -0.0000000000,
                       0.0000000000,   0.0000000000,   1.0000000000
                  </Orientation>
                  <Position type="Vector">0, -34.586514, 43.970695</Position>
               </HpLTurret09>
               <HpSTurret01>
                  <Axis type="Vector">0, 1, 0</Axis>
                  <Max type="float">1.5707964</Max>
                  <Min type="float">-1.5707964</Min>
                  <Orientation type="Matrix">
                       0.0022585448,  -0.2588091800,   0.9659257500,
                      -0.0084292293,   0.9658890400,   0.2588190400,
                      -0.9999617900,  -0.0087265223, -59.604645e-09
                  </Orientation>
                  <Position type="Vector">-86.961472, 13.924582, 70.814011</Position>
               </HpSTurret01>
               <HpSTurret02>
                  <Axis type="Vector">0, 1, 0</Axis>
                  <Max type="float">1.5707964</Max>
                  <Min type="float">-1.5707964</Min>
                  <Orientation type="Matrix">
                       0.0022585448,   0.2588091800,  -0.9659257500,
                       0.0084292293,   0.9658890400,   0.2588190400,
                       0.9999617900,  -0.0087265223, -59.604645e-09
                  </Orientation>
                  <Position type="Vector">86.961472, 13.924582, 70.480682</Position>
               </HpSTurret02>
               <HpSTurret03>
                  <Axis type="Vector">0, 1, 0</Axis>
                  <Max type="float">1.5707964</Max>
                  <Min type="float">-1.5707964</Min>
                  <Orientation type="Matrix">
                      178.81393e-09,  -0.2588191000,   0.9659256900,
                     -14.901161e-09,  -0.9659256300,  -0.2588191000,
                       0.9999998800,   0.0000000000, -5.5879354e-09
                  </Orientation>
                  <Position type="Vector">-86.428185, -14.051332, 70.329063</Position>
               </HpSTurret03>
               <HpSTurret04>
                  <Axis type="Vector">0, 1, 0</Axis>
                  <Max type="float">1.5707964</Max>
                  <Min type="float">-1.5707964</Min>
                  <Orientation type="Matrix">
                      178.81393e-09,   0.2588191000,   0.9659256900,
                      14.901161e-09,  -0.9659256300,   0.2588191000,
                       0.9999998800,   0.0000000000, -5.5879354e-09
                  </Orientation>
                  <Position type="Vector">86.580551, -14.009586, 70.494934</Position>
               </HpSTurret04>
               <HpSTurret05>
                  <Axis type="Vector">0, 1, 0</Axis>
                  <Max type="float">1.5707964</Max>
                  <Min type="float">-1.5707964</Min>
                  <Orientation type="Matrix">
                      72.643161e-09,  -0.3420200600,   0.9396925000,
                     -29.802322e-09,   0.9396926200,   0.3420200600,
                      -0.9999998800,   0.0000000000,  59.604645e-09
                  </Orientation>
                  <Position type="Vector">-77.888634, 25.64851, 22.315517</Position>
               </HpSTurret05>
               <HpSTurret06>
                  <Axis type="Vector">0, 1, 0</Axis>
                  <Max type="float">1.5707964</Max>
                  <Min type="float">-1.5707964</Min>
                  <Orientation type="Matrix">
                      72.643161e-09,   0.3420200600,  -0.9396925000,
                      29.802322e-09,   0.9396926200,   0.3420200600,
                       0.9999998800,   0.0000000000,  59.604645e-09
                  </Orientation>
                  <Position type="Vector">78.043289, 25.592211, 22.073523</Position>
               </HpSTurret06>
               <HpSTurret07>
                  <Axis type="Vector">0, 1, 0</Axis>
                  <Max type="float">1.5882496</Max>
                  <Min type="float">-1.5882496</Min>
                  <Orientation type="Matrix">
                      -0.0022583008,  -0.2588092700,   0.9659256900,
                      -0.0084292144,  -0.9658888000,  -0.2588191000,
                       0.9999618500,  -0.0087265372, -65.192580e-09
                  </Orientation>
                  <Position type="Vector">-95.561615, -11.367224, 39.825291</Position>
               </HpSTurret07>
               <HpSTurret08>
                  <Axis type="Vector">0, 1, 0</Axis>
                  <Max type="float">1.5707964</Max>
                  <Min type="float">-1.5707964</Min>
                  <Orientation type="Matrix">
                      -0.0022583008,   0.2588092700,  -0.9659256900,
                       0.0084292144,  -0.9658888000,  -0.2588191000,
                      -0.9999618500,  -0.0087265372, -65.192580e-09
                  </Orientation>
                  <Position type="Vector">95.642868, -11.349172, 40.299961</Position>
               </HpSTurret08>
               <HpSTurret09>
                  <Axis type="Vector">0, 1, 0</Axis>
                  <Max type="float">3.1415927</Max>
                  <Min type="float">-3.1415927</Min>
                  <Orientation type="Matrix">
                       1.0000000000,   0.0000000000,  -0.0000000000,
                      -0.0000000000,   0.9999619100,  -0.0087265354,
                       0.0000000000,   0.0087265354,   0.9999619100
                  </Orientation>
                  <Position type="Vector">0, 51.963051, 83.500725</Position>
               </HpSTurret09>
               <HpGun01>
                  <Axis type="Vector">0, 1, 0</Axis>
                  <Max type="float">0</Max>
                  <Min type="float">0</Min>
                  <Orientation type="Matrix">
                       1.0000000000,   0.0000000000,   0.0000000000,
                       0.0000000000,   1.0000000000,   0.0000000000,
                       0.0000000000,   0.0000000000,   1.0000000000
                  </Orientation>
                  <Position type="Vector">-89.747215, 0.015388, 3.614922</Position>
               </HpGun01>
               <HpGun02>
                  <Axis type="Vector">0, 1, 0</Axis>
                  <Max type="float">0</Max>
                  <Min type="float">0</Min>
                  <Orientation type="Matrix">
                       1.0000000000,   0.0000000000,   0.0000000000,
                       0.0000000000,   1.0000000000,   0.0000000000,
                       0.0000000000,   0.0000000000,   1.0000000000
                  </Orientation>
                  <Position type="Vector">89.635742, -0.007453, 3.614922</Position>
               </HpGun02>
               <HpLTurret10>
                  <Axis type="Vector">0, 1, 0</Axis>
                  <Max type="float">1.5707964</Max>
                  <Min type="float">-3.1415927</Min>
                  <Orientation type="Matrix">
                      72.643161e-09,  -0.3420200600,   0.9396925000,
                     -29.802322e-09,   0.9396926200,   0.3420200600,
                      -0.9999998800,   0.0000000000,  59.604645e-09
                  </Orientation>
                  <Position type="Vector">-41.860271, 38.761745, -29.600368</Position>
               </HpLTurret10>
               <HpLTurret11>
                  <Axis type="Vector">0, 1, 0</Axis>
                  <Max type="float">3.1415927</Max>
                  <Min type="float">-1.5707964</Min>
                  <Orientation type="Matrix">
                      72.643161e-09,   0.3420200600,  -0.9396925000,
                      29.802322e-09,   0.9396926200,   0.3420200600,
                       0.9999998800,   0.0000000000,  59.604645e-09
                  </Orientation>
                  <Position type="Vector">41.490921, 38.896175, -30.656485</Position>
               </HpLTurret11>
               <HpSTurret10>
                  <Axis type="Vector">0, 1, 0</Axis>
                  <Max type="float">3.1415927</Max>
                  <Min type="float">-3.1415927</Min>
                  <Orientation type="Matrix">
                       1.0000000000,   0.0000000000,  -0.0000000000,
                      -0.0000000000,   0.9999619100,  -0.0087265354,
                       0.0000000000,   0.0087265354,   0.9999619100
                  </Orientation>
                  <Position type="Vector">0, 52.331333, 53.5</Position>
               </HpSTurret10>
               <HpSTurret11>
                  <Axis type="Vector">0, 1, 0</Axis>
                  <Max type="float">3.1415927</Max>
                  <Min type="float">-3.1415927</Min>
                  <Orientation type="Matrix">
                      -1.0000000000, -87.422777e-09,   0.0000000000,
                      87.422777e-09,  -1.0000000000,  -0.0000000000,
                       0.0000000000,   0.0000000000,   1.0000000000
                  </Orientation>
                  <Position type="Vector">0, -34.586514, 33.545822</Position>
               </HpSTurret11>
            </Revolute>
         </Hardpoints>
         <MultiLevel>
            <Level0>
               <VMeshPart>
                  <VMeshRef type="VMeshRef">
                     <!-- header size  --> 60,
                     <!-- vmesh lib    --> Tetatron10lvl.lod0.vms,
                     <!-- start vert   --> 0,
                     <!-- num verts    --> 3318,
                     <!-- start index  --> 0,
                     <!-- num indices  --> 7362,
                     <!-- start mesh   --> 0,
                     <!-- num meshes   --> 1,
                     <!-- bounding box -->  113.4011,  52.483582,  214.2762,
                                           -113.4011, -37.757729, -223.7644,
                     <!-- center       -->    0,        0,           0,
                     <!-- radius       --> 290
                  </VMeshRef>
               </VMeshPart>
            </Level0>
         </MultiLevel>
      </Tetatron10lvl.3db>
   </UTF_ROOT>
</UTFXML>
