<?xml version="1.0" encoding="ISO-8859-1"?>
<!-- XML generated by UTFXML Version 2.2 built 19-Aug-2010 -->
<UTFXML filename="transport_armored.cmp" path="SHIPS\UTILITY\TRANSPORT_ARMORED">
   <UTF_ROOT>
      <VMeshLibrary>
         <data.ships.utility.transport_armored.transport_armored.lod0-112.vms include="transport_armored_cmp\lod0-112.vms.xml"/>
         <data.ships.utility.transport_armored.transport_armored.lod1-112.vms include="transport_armored_cmp\lod1-112.vms.xml"/>
         <data.ships.utility.transport_armored.transport_armored.lod2-112.vms include="transport_armored_cmp\lod2-112.vms.xml"/>
      </VMeshLibrary>
      <Animation>
         <Script>
            <Sc_end_anim name="Sc_end anim">
               <Joint_map_0 name="Joint map 0">
                  <Channel>
                     <Header type="Header">
                        <!-- count    --> 1,
                        <!-- interval --> 0.033333335,
                        <!-- flags    --> 0x1
                     </Header>
                     <Frames type="Frames" count="2">
                          1.2130000000
                          0.0000000000
                     </Frames>
                  </Channel>
                  <Child_name name="Child name" type="text">BayDoor01_lod1</Child_name>
                  <Parent_name name="Parent name" type="text">Root</Parent_name>
               </Joint_map_0>
               <Joint_map_1 name="Joint map 1">
                  <Channel>
                     <Header type="Header">
                        <!-- count    --> 1,
                        <!-- interval --> 0.033333335,
                        <!-- flags    --> 0x1
                     </Header>
                     <Frames type="Frames" count="2">
                          1.2130000000
                          0.0000000000
                     </Frames>
                  </Channel>
                  <Child_name name="Child name" type="text">BayDoor02_lod1</Child_name>
                  <Parent_name name="Parent name" type="text">Root</Parent_name>
               </Joint_map_1>
            </Sc_end_anim>
            <Sc_open>
               <Joint_map_0 name="Joint map 0">
                  <Channel>
                     <Header type="Header">
                        <!-- count    --> 2,
                        <!-- interval --> Explicit,
                        <!-- flags    --> 0x1
                     </Header>
                     <Frames type="Frames" count="2">
                          0.0000000000:   0.0000000000
                          2.0000000000:   1.2130000000
                     </Frames>
                  </Channel>
                  <Child_name name="Child name" type="text">BayDoor01_lod1</Child_name>
                  <Parent_name name="Parent name" type="text">Root</Parent_name>
               </Joint_map_0>
               <Joint_map_1 name="Joint map 1">
                  <Channel>
                     <Header type="Header">
                        <!-- count    --> 2,
                        <!-- interval --> Explicit,
                        <!-- flags    --> 0x1
                     </Header>
                     <Frames type="Frames" count="2">
                          0.0000000000:   0.0000000000
                          2.0000000000:   1.2130000000
                     </Frames>
                  </Channel>
                  <Child_name name="Child name" type="text">BayDoor02_lod1</Child_name>
                  <Parent_name name="Parent name" type="text">Root</Parent_name>
               </Joint_map_1>
            </Sc_open>
         </Script>
      </Animation>
      <armored_trans_lod1030123180821.3db>
         <Hardpoints>
            <Fixed>
               <HpBayDoor01>
                  <Orientation type="Matrix">
                       1.0000000000,  20.663288e-18,  109.50018e-18,
                     -20.663288e-18,   1.0000000000,  177.30038e-18,
                     -109.50018e-18, -177.30038e-18,   1.0000000000
                  </Orientation>
                  <Position type="Vector">-9.0701797e-6, -4.7225251, 3.3253796</Position>
               </HpBayDoor01>
               <HpBayDoor02>
                  <Orientation type="Matrix">
                       1.0000000000,  20.663288e-18,  109.50018e-18,
                     -20.663288e-18,   1.0000000000,  177.30038e-18,
                     -109.50018e-18, -177.30038e-18,   1.0000000000
                  </Orientation>
                  <Position type="Vector">-9.0734466e-6, -6.5011201, 3.3253794</Position>
               </HpBayDoor02>
               <HpContrail01>
                  <Orientation type="Matrix">
                       1.0000000000, -10.193388e-15,  168.58738e-09,
                      10.193388e-15,   1.0000000000, -132.41191e-18,
                     -168.58738e-09,  132.41363e-18,   1.0000000000
                  </Orientation>
                  <Position type="Vector">-11.118044, 0.81726426, 9.6368961</Position>
               </HpContrail01>
               <HpContrail02>
                  <Orientation type="Matrix">
                       1.0000000000, -90.359013e-18,  109.50018e-18,
                      90.359013e-18,   1.0000000000,  177.30038e-18,
                     -109.50018e-18, -177.30038e-18,   1.0000000000
                  </Orientation>
                  <Position type="Vector">11.134887, 0.81726426, 9.6368933</Position>
               </HpContrail02>
               <HpDocklight01>
                  <Orientation type="Matrix">
                     -119.20930e-09,  6.9737421e-15,   1.0000000000,
                      59.604641e-09,   1.0000000000,  131.68570e-18,
                      -1.0000000000,  59.604641e-09, -119.20930e-09
                  </Orientation>
                  <Position type="Vector">-7.4926772, 0.72292572, -1.9943002</Position>
               </HpDocklight01>
               <HpDocklight02>
                  <Orientation type="Matrix">
                      59.604645e-09,  3.3100057e-15,  -1.0000000000,
                     -59.604641e-09,   1.0000000000, -242.70768e-18,
                       1.0000000000,  59.604641e-09,  59.604645e-09
                  </Orientation>
                  <Position type="Vector">7.6112537, 0.72292554, -1.9943018</Position>
               </HpDocklight02>
               <HpEngine01>
                  <Orientation type="Matrix">
                       1.0000000000, -29.765472e-09,  76.398216e-09,
                      29.765463e-09,   1.0000000000,  110.25855e-09,
                     -76.398216e-09, -110.25855e-09,   1.0000000000
                  </Orientation>
                  <Position type="Vector">1.9004825, -1.0397186, 15.187828</Position>
               </HpEngine01>
               <HpEngine02>
                  <Orientation type="Matrix">
                       1.0000000000, -29.765472e-09,  76.398216e-09,
                      29.765463e-09,   1.0000000000,  110.25855e-09,
                     -76.398216e-09, -110.25855e-09,   1.0000000000
                  </Orientation>
                  <Position type="Vector">-1.8578022, -1.0397185, 15.187827</Position>
               </HpEngine02>
               <HpHeadlight01>
                  <Orientation type="Matrix">
                       1.0000000000,  20.663288e-18,  109.50018e-18,
                     -20.663288e-18,   1.0000000000,  177.30038e-18,
                     -109.50018e-18, -177.30038e-18,   1.0000000000
                  </Orientation>
                  <Position type="Vector">-10.038687e-6, -1.0149969, -15.146898</Position>
               </HpHeadlight01>
               <HpMount>
                  <Orientation type="Matrix">
                       1.0000000000,   0.0000000000,   0.0000000000,
                       0.0000000000,   1.0000000000,   0.0000000000,
                       0.0000000000,   0.0000000000,   1.0000000000
                  </Orientation>
                  <Position type="Vector">0, -7.3, -5</Position>
               </HpMount>
               <HpRunningLight01>
                  <Orientation type="Matrix">
                       1.0000000000, -20.641336e-09,  47.751865e-09,
                      20.641334e-09,   1.0000000000,  49.941807e-09,
                     -47.751865e-09, -49.941807e-09,   1.0000000000
                  </Orientation>
                  <Position type="Vector">1.6136891, -5.6964931, -20.677736</Position>
               </HpRunningLight01>
               <HpRunningLight02>
                  <Orientation type="Matrix">
                       1.0000000000, -20.641336e-09,  47.751865e-09,
                      20.641334e-09,   1.0000000000,  49.941807e-09,
                     -47.751865e-09, -49.941807e-09,   1.0000000000
                  </Orientation>
                  <Position type="Vector">-1.6571131, -5.6964936, -20.677734</Position>
               </HpRunningLight02>
               <HpRunningLight03>
                  <Orientation type="Matrix">
                      59.604645e-09,  3.4210280e-15,  -1.0000000000,
                     -59.604641e-09,   1.0000000000, -131.68538e-18,
                       1.0000000000,  59.604641e-09,  59.604645e-09
                  </Orientation>
                  <Position type="Vector">11.295013, 0.81726414, 6.8766303</Position>
               </HpRunningLight03>
               <HpRunningLight04>
                  <Orientation type="Matrix">
                     -119.20930e-09,  6.9737421e-15,   1.0000000000,
                      59.604641e-09,   1.0000000000,  131.68570e-18,
                      -1.0000000000,  59.604641e-09, -119.20930e-09
                  </Orientation>
                  <Position type="Vector">-11.238907, 0.8172642, 6.8766327</Position>
               </HpRunningLight04>
               <HpRunningLight05>
                  <Orientation type="Matrix">
                      76.889840e-09,  46.020279e-09,   1.0000000000,
                      24.080382e-09,   1.0000000000, -46.020283e-09,
                      -1.0000000000,  24.080386e-09,  76.889840e-09
                  </Orientation>
                  <Position type="Vector">-9.8739042, -7.1085577, 8.1818094</Position>
               </HpRunningLight05>
               <HpRunningLight06>
                  <Orientation type="Matrix">
                      179.00383e-09,  5.1038902e-09,  -1.0000000000,
                     -81.422073e-09,   1.0000000000,  5.1038755e-09,
                       1.0000000000,  81.422073e-09,  179.00383e-09
                  </Orientation>
                  <Position type="Vector">9.9193382, -7.1085577, 8.1818104</Position>
               </HpRunningLight06>
               <HpRunningLight07>
                  <Orientation type="Matrix">
                      -1.0000000000,  20.663288e-18, -109.50018e-18,
                      20.663288e-18,   1.0000000000, -177.30038e-18,
                      109.50018e-18, -177.30038e-18,  -1.0000000000
                  </Orientation>
                  <Position type="Vector">-0.04117173, -2.6763806, 15.171206</Position>
               </HpRunningLight07>
               <HpRunningLight08>
                  <Orientation type="Matrix">
                      -1.0000000000,  20.663288e-18, -109.50018e-18,
                      20.663288e-18,   1.0000000000, -177.30038e-18,
                      109.50018e-18, -177.30038e-18,  -1.0000000000
                  </Orientation>
                  <Position type="Vector">-0.041171968, 5.1009722, 10.398632</Position>
               </HpRunningLight08>
               <HpRunningLight09>
                  <Orientation type="Matrix">
                       0.4848095200, -87.809077e-09,   0.8746197800,
                      51.950373e-09,   1.0000000000,  71.600304e-09,
                      -0.8746197800,  10.724315e-09,   0.4848095200
                  </Orientation>
                  <Position type="Vector">-8.7238407, -4.2210875, -13.162374</Position>
               </HpRunningLight09>
               <HpRunningLight10>
                  <Orientation type="Matrix">
                       0.2419219000, -104.89894e-09,  -0.9702957300,
                     -25.427649e-09,   1.0000000000, -114.45010e-09,
                       0.9702957300,  52.360328e-09,   0.2419219000
                  </Orientation>
                  <Position type="Vector">8.7384701, -4.2210875, -13.162375</Position>
               </HpRunningLight10>
               <HpTractor_Source>
                  <Orientation type="Matrix">
                       1.0000000000,  20.663288e-18,  109.50018e-18,
                     -20.663288e-18,   1.0000000000,  177.30038e-18,
                     -109.50018e-18, -177.30038e-18,   1.0000000000
                  </Orientation>
                  <Position type="Vector">-10.038698e-6, -1.0149969, -11.030411</Position>
               </HpTractor_Source>
               <HpShield01>
                  <Orientation type="Matrix">
                       1.0000000000,   0.0000000000,   0.0000000000,
                       0.0000000000,   1.0000000000,   0.0000000000,
                       0.0000000000,   0.0000000000,   1.0000000000
                  </Orientation>
                  <Position type="Vector">0, 0, 0</Position>
               </HpShield01>
               <HpThruster01>
                  <Orientation type="Matrix">
                      -1.0000000000, -87.427907e-09,   0.0000000000,
                      87.427907e-09,  -1.0000000000,  -0.0000000000,
                       0.0000000000,   0.0000000000,   1.0000000000
                  </Orientation>
                  <Position type="Vector">0, -4.3, 11.8</Position>
               </HpThruster01>
               <HpCM01>
                  <Orientation type="Matrix">
                       1.0000000000,   0.0000000000,   0.0000000000,
                       0.0000000000,   1.0000000000,   0.0000000000,
                       0.0000000000,   0.0000000000,   1.0000000000
                  </Orientation>
                  <Position type="Vector">0, -4.9, 7.1</Position>
               </HpCM01>
               <HpPilot>
                  <Orientation type="Matrix">
                       1.0000000000,   0.0000000000,   0.0000000000,
                       0.0000000000,   1.0000000000,   0.0000000000,
                       0.0000000000,   0.0000000000,   1.0000000000
                  </Orientation>
                  <Position type="Vector">0, -1, -9</Position>
               </HpPilot>
            </Fixed>
            <Revolute>
               <DpPort_eng>
                  <Axis type="Vector">0, 1, 0</Axis>
                  <Max type="float">6.2831855</Max>
                  <Min type="float">-6.2831855</Min>
                  <Orientation type="Matrix">
                      -1.0000000000,  87.422769e-09,  10.707173e-15,
                     -10.136038e-15, -238.41856e-09,   1.0000000000,
                      87.422769e-09,   1.0000000000,  238.41856e-09
                  </Orientation>
                  <Position type="Vector">-1.8649207, -1.0410479, 14.403011</Position>
               </DpPort_eng>
               <DpPort_fin>
                  <Axis type="Vector">0, 1, 0</Axis>
                  <Max type="float">6.2831855</Max>
                  <Min type="float">-6.2831855</Min>
                  <Orientation type="Matrix">
                     -119.20929e-09,  -1.0000000000,  49.032094e-18,
                      238.41856e-09, -28.372676e-15,   1.0000000000,
                      -1.0000000000,  119.20929e-09,  238.41856e-09
                  </Orientation>
                  <Position type="Vector">-9.9350109, -2.0546041, 8.284174</Position>
               </DpPort_fin>
               <DpPort_sheild>
                  <Axis type="Vector">0, 1, 0</Axis>
                  <Max type="float">6.2831855</Max>
                  <Min type="float">-6.2831855</Min>
                  <Orientation type="Matrix">
                       1.0000000000,  109.50020e-18,  4.3092077e-15,
                     -4.3092077e-15,  119.20929e-09,   1.0000000000,
                      109.49968e-18,  -1.0000000000,  119.20929e-09
                  </Orientation>
                  <Position type="Vector">-3.5051916, -1.9685168, -10.889451</Position>
               </DpPort_sheild>
               <DpStar_eng>
                  <Axis type="Vector">0, 1, 0</Axis>
                  <Max type="float">6.2831855</Max>
                  <Min type="float">-6.2831855</Min>
                  <Orientation type="Matrix">
                      -1.0000000000,  87.422769e-09,  10.707173e-15,
                     -10.136038e-15, -238.41856e-09,   1.0000000000,
                      87.422769e-09,   1.0000000000,  238.41856e-09
                  </Orientation>
                  <Position type="Vector">1.8782562, -1.0410479, 14.403011</Position>
               </DpStar_eng>
               <DpStar_fin>
                  <Axis type="Vector">0, 1, 0</Axis>
                  <Max type="float">6.2831855</Max>
                  <Min type="float">-6.2831855</Min>
                  <Orientation type="Matrix">
                      238.41858e-09,   1.0000000000,  29.802321e-09,
                     -208.61626e-09, -29.802271e-09,   1.0000000000,
                       1.0000000000, -238.41858e-09,  208.61626e-09
                  </Orientation>
                  <Position type="Vector">9.9322548, -2.0546041, 8.2841711</Position>
               </DpStar_fin>
               <DpStar_sheild>
                  <Axis type="Vector">0, 1, 0</Axis>
                  <Max type="float">6.2831855</Max>
                  <Min type="float">-6.2831855</Min>
                  <Orientation type="Matrix">
                       1.0000000000,  109.50020e-18,  4.3092077e-15,
                     -4.3092077e-15,  119.20929e-09,   1.0000000000,
                      109.49968e-18,  -1.0000000000,  119.20929e-09
                  </Orientation>
                  <Position type="Vector">3.4982772, -1.9685168, -10.889452</Position>
               </DpStar_sheild>
               <HpTurret01>
                  <Axis type="Vector">0, 1, 0</Axis>
                  <Max type="float">2.6179938</Max>
                  <Min type="float">-1.5707964</Min>
                  <Orientation type="Matrix">
                       1.0000000000,   0.0000000000,   0.0000000000,
                       0.0000000000,   1.0000000000,   0.0000000000,
                       0.0000000000,   0.0000000000,   1.0000000000
                  </Orientation>
                  <Position type="Vector">-5.6, 0.6, 0.6</Position>
               </HpTurret01>
               <HpTurret02>
                  <Axis type="Vector">0, 1, 0</Axis>
                  <Max type="float">1.5707964</Max>
                  <Min type="float">-2.6179938</Min>
                  <Orientation type="Matrix">
                       1.0000000000,   0.0000000000,   0.0000000000,
                       0.0000000000,   1.0000000000,   0.0000000000,
                       0.0000000000,   0.0000000000,   1.0000000000
                  </Orientation>
                  <Position type="Vector">5.6, 0.6, 0.6</Position>
               </HpTurret02>
               <HpTurret03>
                  <Axis type="Vector">0, 1, 0</Axis>
                  <Max type="float">6.2831855</Max>
                  <Min type="float">-6.2831855</Min>
                  <Orientation type="Matrix">
                      -0.9961947200,   0.0871559680,   0.0000000000,
                      -0.0871559680,  -0.9961947200,   0.0000000000,
                       0.0000000000,   0.0000000000,   1.0000000000
                  </Orientation>
                  <Position type="Vector">-5.91, -4.73, 10.2</Position>
               </HpTurret03>
               <HpTurret04>
                  <Axis type="Vector">0, 1, 0</Axis>
                  <Max type="float">6.2831855</Max>
                  <Min type="float">-6.2831855</Min>
                  <Orientation type="Matrix">
                      -0.9961947200,  -0.0871559680,  -0.0000000000,
                       0.0871559680,  -0.9961947200,   0.0000000000,
                       0.0000000000,  -0.0000000000,   1.0000000000
                  </Orientation>
                  <Position type="Vector">5.91, -4.73, 10.2</Position>
               </HpTurret04>
               <HpTurret05>
                  <Axis type="Vector">0, 1, 0</Axis>
                  <Max type="float">0.69813001</Max>
                  <Min type="float">-2.26893</Min>
                  <Orientation type="Matrix">
                       1.0000000000,  20.663288e-18,  109.50018e-18,
                     -20.663288e-18,   1.0000000000,  177.30038e-18,
                     -109.50018e-18, -177.30038e-18,   1.0000000000
                  </Orientation>
                  <Position type="Vector">2.8873065, -0.25700197, -9.8101025</Position>
               </HpTurret05>
               <HpTurret06>
                  <Axis type="Vector">0, 1, 0</Axis>
                  <Max type="float">2.2689099</Max>
                  <Min type="float">-0.69813997</Min>
                  <Orientation type="Matrix">
                       1.0000000000,  20.663288e-18,  109.50018e-18,
                     -20.663288e-18,   1.0000000000,  177.30038e-18,
                     -109.50018e-18, -177.30038e-18,   1.0000000000
                  </Orientation>
                  <Position type="Vector">-2.8687358, -0.25700197, -9.8101015</Position>
               </HpTurret06>
               <HpTurret08>
                  <Axis type="Vector">0, 1, 0</Axis>
                  <Max type="float">2.0943952</Max>
                  <Min type="float">-2.0943952</Min>
                  <Orientation type="Matrix">
                     -119.20929e-09,  -0.1865239600,   0.9824499500,
                     -89.406967e-09,   0.9824504300,   0.1865239600,
                      -0.9999995800,   0.0000000000, -119.20929e-09
                  </Orientation>
                  <Position type="Vector">-7.6, 1.75, 8.8</Position>
               </HpTurret08>
               <HpTurret09>
                  <Axis type="Vector">0, 1, 0</Axis>
                  <Max type="float">2.0943952</Max>
                  <Min type="float">-2.0943952</Min>
                  <Orientation type="Matrix">
                     -119.20929e-09,   0.1865239600,  -0.9824499500,
                      89.406967e-09,   0.9824504300,   0.1865239600,
                       0.9999995800,   0.0000000000, -119.20929e-09
                  </Orientation>
                  <Position type="Vector">7.6, 1.75, 8.8</Position>
               </HpTurret09>
               <HpTurret07>
                  <Axis type="Vector">0, 1, 0</Axis>
                  <Max type="float">6.2831855</Max>
                  <Min type="float">-6.2831855</Min>
                  <Orientation type="Matrix">
                      -1.0000000000, -87.427907e-09,   0.0000000000,
                      87.427907e-09,  -1.0000000000,  -0.0000000000,
                       0.0000000000,   0.0000000000,   1.0000000000
                  </Orientation>
                  <Position type="Vector">0, -5, 7</Position>
               </HpTurret07>
            </Revolute>
         </Hardpoints>
         <VMeshWire include="transport_armored_cmp\armored_trans_lod1.vwd.xml"/>
         <MultiLevel>
            <Level0>
               <VMeshPart>
                  <VMeshRef type="VMeshRef">
                     <!-- header size  --> 60,
                     <!-- vmesh lib    --> data.ships.utility.transport_armored.transport_armored.lod0-112.vms,
                     <!-- start vert   --> 36,
                     <!-- num verts    --> 2543,
                     <!-- start index  --> 48,
                     <!-- num indices  --> 3714,
                     <!-- start mesh   --> 8,
                     <!-- num meshes   --> 8,
                     <!-- bounding box -->  11.196781,    5.1099334,  15.395927,
                                           -11.196779,   -7.2804375, -20.659008,
                     <!-- center       --> 953.67432e-9, -1.085252,   -2.6315403,
                     <!-- radius       --> 30.750183
                  </VMeshRef>
               </VMeshPart>
            </Level0>
            <Level1>
               <VMeshPart>
                  <VMeshRef type="VMeshRef">
                     <!-- header size  --> 60,
                     <!-- vmesh lib    --> data.ships.utility.transport_armored.transport_armored.lod1-112.vms,
                     <!-- start vert   --> 8,
                     <!-- num verts    --> 1145,
                     <!-- start index  --> 12,
                     <!-- num indices  --> 1536,
                     <!-- start mesh   --> 2,
                     <!-- num meshes   --> 1,
                     <!-- bounding box -->  11.197823,    5.1099334,  15.395927,
                                           -11.196779,   -7.2804375, -20.658964,
                     <!-- center       --> 521.65985e-6, -1.085252,   -2.6315184,
                     <!-- radius       --> 30.750732
                  </VMeshRef>
               </VMeshPart>
            </Level1>
            <Level2>
               <VMeshPart>
                  <VMeshRef type="VMeshRef">
                     <!-- header size  --> 60,
                     <!-- vmesh lib    --> data.ships.utility.transport_armored.transport_armored.lod2-112.vms,
                     <!-- start vert   --> 8,
                     <!-- num verts    --> 683,
                     <!-- start index  --> 12,
                     <!-- num indices  --> 858,
                     <!-- start mesh   --> 2,
                     <!-- num meshes   --> 1,
                     <!-- bounding box -->  11.197823,    5.1099334,  15.395927,
                                           -11.196779,   -7.2804384, -20.658964,
                     <!-- center       --> 521.65985e-6, -1.0852525,  -2.6315184,
                     <!-- radius       --> 30.750732
                  </VMeshRef>
               </VMeshPart>
            </Level2>
            <Switch2 type="float array" count="4">
               0,
               100,
               1000,
               1000000
            </Switch2>
         </MultiLevel>
      </armored_trans_lod1030123180821.3db>
      <BayDoor01_lod1030123180821.3db>
         <VMeshWire include="transport_armored_cmp\BayDoor01_lod1.vwd.xml"/>
         <MultiLevel>
            <Level0>
               <VMeshPart>
                  <VMeshRef type="VMeshRef">
                     <!-- header size  --> 60,
                     <!-- vmesh lib    --> data.ships.utility.transport_armored.transport_armored.lod0-112.vms,
                     <!-- start vert   --> 18,
                     <!-- num verts    --> 18,
                     <!-- start index  --> 24,
                     <!-- num indices  --> 24,
                     <!-- start mesh   --> 4,
                     <!-- num meshes   --> 4,
                     <!-- bounding box -->  11.196781,    5.1099334,  15.395927,
                                           -11.196779,   -7.2804375, -20.659008,
                     <!-- center       --> 953.67432e-9, -1.085252,   -2.6315403,
                     <!-- radius       --> 30.750183
                  </VMeshRef>
               </VMeshPart>
            </Level0>
            <Level1>
               <VMeshPart>
                  <VMeshRef type="VMeshRef">
                     <!-- header size  --> 60,
                     <!-- vmesh lib    --> data.ships.utility.transport_armored.transport_armored.lod1-112.vms,
                     <!-- start vert   --> 4,
                     <!-- num verts    --> 4,
                     <!-- start index  --> 6,
                     <!-- num indices  --> 6,
                     <!-- start mesh   --> 1,
                     <!-- num meshes   --> 1,
                     <!-- bounding box -->  11.197823,    5.1099334,  15.395927,
                                           -11.196779,   -7.2804375, -20.658964,
                     <!-- center       --> 521.65985e-6, -1.085252,   -2.6315184,
                     <!-- radius       --> 30.750732
                  </VMeshRef>
               </VMeshPart>
            </Level1>
            <Level2>
               <VMeshPart>
                  <VMeshRef type="VMeshRef">
                     <!-- header size  --> 60,
                     <!-- vmesh lib    --> data.ships.utility.transport_armored.transport_armored.lod2-112.vms,
                     <!-- start vert   --> 4,
                     <!-- num verts    --> 4,
                     <!-- start index  --> 6,
                     <!-- num indices  --> 6,
                     <!-- start mesh   --> 1,
                     <!-- num meshes   --> 1,
                     <!-- bounding box -->  11.197823,    5.1099334,  15.395927,
                                           -11.196779,   -7.2804384, -20.658964,
                     <!-- center       --> 521.65985e-6, -1.0852525,  -2.6315184,
                     <!-- radius       --> 30.750732
                  </VMeshRef>
               </VMeshPart>
            </Level2>
            <Switch2 type="float array" count="4">
               0,
               100,
               1000,
               1000000
            </Switch2>
         </MultiLevel>
         <Hardpoints>
            <Fixed>
               <Hpnew01>
                  <Orientation type="Matrix">
                       1.0000000000,   0.0000000000,   0.0000000000,
                       0.0000000000,   1.0000000000,   0.0000000000,
                       0.0000000000,   0.0000000000,   1.0000000000
                  </Orientation>
                  <Position type="Vector">0, 0, 2</Position>
               </Hpnew01>
               <Hpnew02>
                  <Orientation type="Matrix">
                       1.0000000000,   0.0000000000,   0.0000000000,
                       0.0000000000,   1.0000000000,   0.0000000000,
                       0.0000000000,   0.0000000000,   1.0000000000
                  </Orientation>
                  <Position type="Vector">0, 0, 2</Position>
               </Hpnew02>
               <Hpnew03>
                  <Orientation type="Matrix">
                       1.0000000000,   0.0000000000,   0.0000000000,
                       0.0000000000,   1.0000000000,   0.0000000000,
                       0.0000000000,   0.0000000000,   1.0000000000
                  </Orientation>
                  <Position type="Vector">0, 0, 2</Position>
               </Hpnew03>
               <Hpnew04>
                  <Orientation type="Matrix">
                       1.0000000000,   0.0000000000,   0.0000000000,
                       0.0000000000,   1.0000000000,   0.0000000000,
                       0.0000000000,   0.0000000000,   1.0000000000
                  </Orientation>
                  <Position type="Vector">0, 0, 2</Position>
               </Hpnew04>
            </Fixed>
         </Hardpoints>
      </BayDoor01_lod1030123180821.3db>
      <BayDoor02_lod1030123180821.3db>
         <VMeshWire include="transport_armored_cmp\BayDoor02_lod1.vwd.xml"/>
         <MultiLevel>
            <Level0>
               <VMeshPart>
                  <VMeshRef type="VMeshRef">
                     <!-- header size  --> 60,
                     <!-- vmesh lib    --> data.ships.utility.transport_armored.transport_armored.lod0-112.vms,
                     <!-- start vert   --> 0,
                     <!-- num verts    --> 18,
                     <!-- start index  --> 0,
                     <!-- num indices  --> 24,
                     <!-- start mesh   --> 0,
                     <!-- num meshes   --> 4,
                     <!-- bounding box -->  11.196781,    5.1099334,  15.395927,
                                           -11.196779,   -7.2804375, -20.659008,
                     <!-- center       --> 953.67432e-9, -1.085252,   -2.6315403,
                     <!-- radius       --> 30.750183
                  </VMeshRef>
               </VMeshPart>
            </Level0>
            <Level1>
               <VMeshPart>
                  <VMeshRef type="VMeshRef">
                     <!-- header size  --> 60,
                     <!-- vmesh lib    --> data.ships.utility.transport_armored.transport_armored.lod1-112.vms,
                     <!-- start vert   --> 0,
                     <!-- num verts    --> 4,
                     <!-- start index  --> 0,
                     <!-- num indices  --> 6,
                     <!-- start mesh   --> 0,
                     <!-- num meshes   --> 1,
                     <!-- bounding box -->  11.197823,    5.1099334,  15.395927,
                                           -11.196779,   -7.2804375, -20.658964,
                     <!-- center       --> 521.65985e-6, -1.085252,   -2.6315184,
                     <!-- radius       --> 30.750732
                  </VMeshRef>
               </VMeshPart>
            </Level1>
            <Level2>
               <VMeshPart>
                  <VMeshRef type="VMeshRef">
                     <!-- header size  --> 60,
                     <!-- vmesh lib    --> data.ships.utility.transport_armored.transport_armored.lod2-112.vms,
                     <!-- start vert   --> 0,
                     <!-- num verts    --> 4,
                     <!-- start index  --> 0,
                     <!-- num indices  --> 6,
                     <!-- start mesh   --> 0,
                     <!-- num meshes   --> 1,
                     <!-- bounding box -->  11.197823,    5.1099334,  15.395927,
                                           -11.196779,   -7.2804384, -20.658964,
                     <!-- center       --> 521.65985e-6, -1.0852525,  -2.6315184,
                     <!-- radius       --> 30.750732
                  </VMeshRef>
               </VMeshPart>
            </Level2>
            <Switch2 type="float array" count="4">
               0,
               100,
               1000,
               1000000
            </Switch2>
         </MultiLevel>
         <Hardpoints>
            <Revolute type="hex" size="0">
               
            </Revolute>
         </Hardpoints>
      </BayDoor02_lod1030123180821.3db>
      <Cmpnd>
         <Cons>
            <Rev type="Rev" count="2">
               <part>
                  <!-- parent      --> "Root",
                  <!-- child       --> "BayDoor01_lod1",
                  <!-- position    --> 0.00691301, -4.8305397, 5.2341218,
                  <!-- offset      --> 0, 0, 0,
                  <!-- orientation -->  -1.0000000000,  155.94415e-09, -57.596143e-09,
                                       -57.596161e-09, -119.20928e-09,   1.0000000000,
                                        155.94415e-09,   1.0000000000,  119.20928e-09,
                  <!-- axis        -->   1.0000000000, -1.8370886e-09, -96.510917e-09,
                  <!-- min, max    --> 0, 1.213
               </part>
               <part>
                  <!-- parent      --> "Root",
                  <!-- child       --> "BayDoor02_lod1",
                  <!-- position    --> 0.0069128047, -4.8305397, 1.5446496,
                  <!-- offset      --> 0, 0, 0,
                  <!-- orientation -->   1.0000000000, -68.521359e-09,  61.270377e-09,
                                       -61.270363e-09,  178.81393e-09,   1.0000000000,
                                       -68.521373e-09,  -1.0000000000,  178.81393e-09,
                  <!-- axis        -->  -1.0000000000,  1.8370875e-09,  9.0881258e-09,
                  <!-- min, max    --> 0, 1.213
               </part>
            </Rev>
         </Cons>
         <Part_BayDoor01_lod1>
            <File_name name="File name" type="text">BayDoor01_lod1030123180821.3db</File_name>
            <Index type="int">1</Index>
            <Object_name name="Object name" type="text">BayDoor01_lod1</Object_name>
         </Part_BayDoor01_lod1>
         <Part_BayDoor02_lod1>
            <File_name name="File name" type="text">BayDoor02_lod1030123180821.3db</File_name>
            <Index type="int">2</Index>
            <Object_name name="Object name" type="text">BayDoor02_lod1</Object_name>
         </Part_BayDoor02_lod1>
         <Root>
            <File_name name="File name" type="text">armored_trans_lod1030123180821.3db</File_name>
            <Index type="int">0</Index>
            <Object_name name="Object name" type="text">Root</Object_name>
         </Root>
      </Cmpnd>
      <Exporter_Version name="Exporter Version" type="text">Nov  5 2002 11:41:55</Exporter_Version>
   </UTF_ROOT>
</UTFXML>
