<?xml version="1.0" encoding="ISO-8859-1"?>
<!-- XML generated by UTFXML Version 2.2 built 19-Aug-2010 -->
<UTFXML filename="ObliterationM.cmp" path="SHIPS\new\India\fighters">
   <UTF_ROOT>
      <VMeshLibrary>
         <Sw_LH_Mayhem.lod0.vms include="ObliterationM_cmp\lod0.vms.xml"/>
         <Sw_LH_Mayhem.lod1.vms include="ObliterationM_cmp\lod1.vms.xml"/>
         <Sw_LH_Mayhem.lod2.vms include="ObliterationM_cmp\lod2.vms.xml"/>
         <Sw_LH_Mayhem.lod3.vms include="ObliterationM_cmp\lod3.vms.xml"/>
      </VMeshLibrary>
      <Cmpnd>
         <Root>
            <File_name name="File name" type="text">Sw_LH_Mayhem.3db</File_name>
            <Index type="int">0</Index>
            <Object_name name="Object name" type="text">Root</Object_name>
         </Root>
      </Cmpnd>
      <Sw_LH_Mayhem.3db>
         <Hardpoints>
            <Fixed>
               <HpEngine01>
                  <Orientation type="Matrix">
                       1.0000000000,   0.0000000000,   0.0000000000,
                       0.0000000000,   1.0000000000,   0.0000000000,
                       0.0000000000,   0.0000000000,   1.0000000000
                  </Orientation>
                  <Position type="Vector">2.9015512, -0.30097857, 3.411649</Position>
               </HpEngine01>
               <HpEngine02>
                  <Orientation type="Matrix">
                       1.0000000000,   0.0000000000,   0.0000000000,
                       0.0000000000,   1.0000000000,   0.0000000000,
                       0.0000000000,   0.0000000000,   1.0000000000
                  </Orientation>
                  <Position type="Vector">-2.9483204, -0.30097857, 3.411649</Position>
               </HpEngine02>
               <HpPilot>
                  <Orientation type="Matrix">
                       1.0000000000,   0.0000000000,   0.0000000000,
                       0.0000000000,   1.0000000000,   0.0000000000,
                       0.0000000000,   0.0000000000,   1.0000000000
                  </Orientation>
                  <Position type="Vector">0.010647767, 0.73615932, -2.9508371</Position>
               </HpPilot>
               <HpCockpit>
                  <Orientation type="Matrix">
                       1.0000000000,   0.0000000000,   0.0000000000,
                       0.0000000000,   1.0000000000,   0.0000000000,
                       0.0000000000,   0.0000000000,   1.0000000000
                  </Orientation>
                  <Position type="Vector">0.010647767, 0.82577235, -2.9508371</Position>
               </HpCockpit>
               <HpShield01>
                  <Orientation type="Matrix">
                      -0.9419041900,   0.3331460700,   0.0000000000,
                      -0.3331460700,  -0.9419041900,  -0.0427805070,
                      -0.0142521580,  -0.0402951390,   0.9981697800
                  </Orientation>
                  <Position type="Vector">0.010647767, -1.5953933, -1.9426284</Position>
               </HpShield01>
               <HpTractor_Source>
                  <Orientation type="Matrix">
                      -0.8855295200,   0.2733310800,   0.0000000000,
                      -0.2733310800,  -0.8855295200,  -0.3756695400,
                      -0.1026821600,  -0.3326664600,   0.8588724100
                  </Orientation>
                  <Position type="Vector">0.010647767, -1.4185472, -7.6128426</Position>
               </HpTractor_Source>
               <HpMount>
                  <Orientation type="Matrix">
                       1.0000000000,   0.0000000000,   0.0000000000,
                       0.0000000000,   1.0000000000,   0.0000000000,
                       0.0000000000,   0.0000000000,   1.0000000000
                  </Orientation>
                  <Position type="Vector">0.010647767, -4.6427045, -1.2246805</Position>
               </HpMount>
               <HpHeadlight>
                  <Orientation type="Matrix">
                       0.6371316900,   0.1157608200,   0.0000000000,
                      -0.1157608200,   0.6371316900,  -0.7620121800,
                      -0.0882111560,   0.4855021200,   0.4193373600
                  </Orientation>
                  <Position type="Vector">0.010647767, -0.79451048, -8.5264502</Position>
               </HpHeadlight>
               <HpThruster01>
                  <Orientation type="Matrix">
                      -1.0000000000, -87.427907e-09,   0.0000000000,
                      87.427907e-09,  -1.0000000000,  -0.0000000000,
                       0.0000000000,   0.0000000000,   1.0000000000
                  </Orientation>
                  <Position type="Vector">0, 1.813623, 12.053176</Position>
               </HpThruster01>
               <HpRunningLight01>
                  <Orientation type="Matrix">
                       0.6008231000,  -0.7993820300,   0.0000000000,
                       0.7993820300,   0.6008231000,   0.0000000000,
                      -0.0000000000,   0.0000000000,   1.0000000000
                  </Orientation>
                  <Position type="Vector">-6.2715197, 1.3674897, 1.5284802</Position>
               </HpRunningLight01>
               <HpRunningLight02>
                  <Orientation type="Matrix">
                       0.6008231000,   0.7993820300,   0.0000000000,
                      -0.7993820300,   0.6008231000,  25.654746e-09,
                      20.507942e-09, -15.413963e-09,   1.0000000000
                  </Orientation>
                  <Position type="Vector">6.3650317, 1.3679429, 1.5334599</Position>
               </HpRunningLight02>
               <HpDocklight01>
                  <Orientation type="Matrix">
                      -0.5091088400,  -0.8606425500,   0.0000000000,
                       0.8606425500,  -0.5091088400,  -0.0101300130,
                       0.0087183202,  -0.0051572793,   0.9998974200
                  </Orientation>
                  <Position type="Vector">-6.83146, 0.62907672, 0.47619173</Position>
               </HpDocklight01>
               <HpDocklight02>
                  <Orientation type="Matrix">
                      -0.5091065800,   0.8606438600,   0.0000000000,
                      -0.8606438600,  -0.5091065800,  -0.0101300000,
                      -0.0087183155,  -0.0051572453,   0.9998973600
                  </Orientation>
                  <Position type="Vector">6.7669401, 0.62443274, 0.47208104</Position>
               </HpDocklight02>
               <HpContrail01>
                  <Orientation type="Matrix">
                       1.0000000000,   0.0000000000,   0.0000000000,
                       0.0000000000, -119.20929e-09,   0.9999996400,
                       0.0000000000,  -0.9999996400, -119.20929e-09
                  </Orientation>
                  <Position type="Vector">-6.0046101, 1.6303231, 2.9192591</Position>
               </HpContrail01>
               <HpContrail02>
                  <Orientation type="Matrix">
                       1.0000000000,   0.0000000000,   0.0000000000,
                       0.0000000000, -119.20929e-09,   0.9999996400,
                       0.0000000000,  -0.9999996400, -119.20929e-09
                  </Orientation>
                  <Position type="Vector">6.0124049, 1.632678, 2.9192591</Position>
               </HpContrail02>
               <HpCM01>
                  <Orientation type="Matrix">
                      -0.5653729400,  -0.8247616300,   0.0000000000,
                       0.8247616300,  -0.5653729400,   0.0110316540,
                      -0.0090984851,   0.0062369984,   0.9998782900
                  </Orientation>
                  <Position type="Vector">-3.7283311, -1.2479038, 2.0667307</Position>
               </HpCM01>
               <HpMine01>
                  <Orientation type="Matrix">
                      -0.5653730000,   0.8247615700,   0.0000000000,
                      -0.8247615700,  -0.5653730000,   0.0110318080,
                       0.0090986118,   0.0062370868,   0.9998782900
                  </Orientation>
                  <Position type="Vector">3.6776795, -1.2479037, 2.0667307</Position>
               </HpMine01>
               <HpContrail03>
                  <Orientation type="Matrix">
                       1.0000000000,   0.0000000000,   0.0000000000,
                       0.0000000000,   1.0000000000,   0.0000000000,
                       0.0000000000,   0.0000000000,   1.0000000000
                  </Orientation>
                  <Position type="Vector">-6.0011988, -2.2093611, 2.9170699</Position>
               </HpContrail03>
               <HpContrail04>
                  <Orientation type="Matrix">
                       1.0000000000,   0.0000000000,   0.0000000000,
                       0.0000000000,   1.0000000000,   0.0000000000,
                       0.0000000000,   0.0000000000,   1.0000000000
                  </Orientation>
                  <Position type="Vector">6.0143871, -2.2069631, 2.9192591</Position>
               </HpContrail04>
               <Hpnew01>
                  <Orientation type="Matrix">
                       1.0000000000,   0.0000000000,   0.0000000000,
                       0.0000000000,   1.0000000000,   0.0000000000,
                       0.0000000000,   0.0000000000,   1.0000000000
                  </Orientation>
                  <Position type="Vector">0, 0, 0</Position>
               </Hpnew01>
               <Hpnew02>
                  <Orientation type="Matrix">
                       1.0000000000,   0.0000000000,   0.0000000000,
                       0.0000000000,   1.0000000000,   0.0000000000,
                       0.0000000000,   0.0000000000,   1.0000000000
                  </Orientation>
                  <Position type="Vector">0, 0, 0</Position>
               </Hpnew02>
               <Hpnew03>
                  <Orientation type="Matrix">
                       1.0000000000,   0.0000000000,   0.0000000000,
                       0.0000000000,   1.0000000000,   0.0000000000,
                       0.0000000000,   0.0000000000,   1.0000000000
                  </Orientation>
                  <Position type="Vector">0, 0, 0</Position>
               </Hpnew03>
               <HpCloak01>
                  <Orientation type="Matrix">
                       1.0000000000,   0.0000000000,   0.0000000000,
                       0.0000000000,   1.0000000000,   0.0000000000,
                       0.0000000000,   0.0000000000,   1.0000000000
                  </Orientation>
                  <Position type="Vector">0, 0, 0</Position>
               </HpCloak01>
            </Fixed>
            <Revolute>
               <HpWeapon01>
                  <Axis type="Vector">0, 1, 0</Axis>
                  <Max type="float">0.78538001</Max>
                  <Min type="float">-0.7854</Min>
                  <Orientation type="Matrix">
                      -0.6008231000,   0.7993820300,   0.0000000000,
                      -0.7993820300,  -0.6008231000,   0.0000000000,
                       0.0000000000,   0.0000000000,   1.0000000000
                  </Orientation>
                  <Position type="Vector">6.401403, -1.7066571, -1.4217094</Position>
               </HpWeapon01>
               <HpWeapon02>
                  <Axis type="Vector">0, 1, 0</Axis>
                  <Max type="float">0.78538001</Max>
                  <Min type="float">-0.7854</Min>
                  <Orientation type="Matrix">
                      -0.6008231000,  -0.7993820300,   0.0000000000,
                       0.7993820300,  -0.6008231000,   0.0000000000,
                       0.0000000000,   0.0000000000,   1.0000000000
                  </Orientation>
                  <Position type="Vector">-6.403091, -1.7066571, -1.4217094</Position>
               </HpWeapon02>
               <HpWeapon03>
                  <Axis type="Vector">0, 1, 0</Axis>
                  <Max type="float">0.78538001</Max>
                  <Min type="float">-0.7854</Min>
                  <Orientation type="Matrix">
                       0.6008231000,  -0.7993820300,   0.0000000000,
                       0.7993820300,   0.6008231000,   0.0000000000,
                      -0.0000000000,   0.0000000000,   1.0000000000
                  </Orientation>
                  <Position type="Vector">-6.3877864, 1.1826313, -1.4217094</Position>
               </HpWeapon03>
               <HpWeapon04>
                  <Axis type="Vector">0, 1, 0</Axis>
                  <Max type="float">0.78538001</Max>
                  <Min type="float">-0.7854</Min>
                  <Orientation type="Matrix">
                       0.6008230400,   0.7993820300,   0.0000000000,
                      -0.7993820300,   0.6008230400,  9.8252206e-09,
                      7.8541049e-09, -5.9032188e-09,   1.0000000000
                  </Orientation>
                  <Position type="Vector">6.401403, 1.1826313, -1.4217094</Position>
               </HpWeapon04>
               <HpWeapon05>
                  <Axis type="Vector">0, 1, 0</Axis>
                  <Max type="float">0.78538001</Max>
                  <Min type="float">-0.7854</Min>
                  <Orientation type="Matrix">
                       0.0000000000,   0.9999610200,   0.0000000000,
                      -0.9999610200,   0.0000000000,  -0.0088274935,
                      -0.0088271499,   0.0000000000,   0.9999220400
                  </Orientation>
                  <Position type="Vector">6.7207127, -0.31080061, -0.1627668</Position>
               </HpWeapon05>
               <HpWeapon06>
                  <Axis type="Vector">0, 1, 0</Axis>
                  <Max type="float">0.78538001</Max>
                  <Min type="float">-0.7854</Min>
                  <Orientation type="Matrix">
                       0.0000000000,  -0.9999610200,   0.0000000000,
                       0.9999610200,   0.0000000000,  -0.0088273631,
                       0.0088270195,   0.0000000000,   0.9999220400
                  </Orientation>
                  <Position type="Vector">-6.7213974, -0.31080061, -0.1627668</Position>
               </HpWeapon06>
               <HpTorpedo01>
                  <Axis type="Vector">0, 1, 0</Axis>
                  <Max type="float">0.78539819</Max>
                  <Min type="float">-0.78539819</Min>
                  <Orientation type="Matrix">
                      -1.0000000000, -87.422777e-09,   0.0000000000,
                      87.422777e-09,  -1.0000000000,  -0.0000000000,
                       0.0000000000,   0.0000000000,   1.0000000000
                  </Orientation>
                  <Position type="Vector">0, -1.8, -6</Position>
               </HpTorpedo01>
            </Revolute>
         </Hardpoints>
         <MultiLevel>
            <Level0>
               <VMeshPart>
                  <VMeshRef type="VMeshRef">
                     <!-- header size  --> 60,
                     <!-- vmesh lib    --> Sw_LH_Mayhem.lod0.vms,
                     <!-- start vert   --> 0,
                     <!-- num verts    --> 955,
                     <!-- start index  --> 0,
                     <!-- num indices  --> 2892,
                     <!-- start mesh   --> 0,
                     <!-- num meshes   --> 5,
                     <!-- bounding box -->  6.7854357,     4.0977273,  19.697325,
                                           -6.7754593,    -2.2108901,  -8.5252142,
                     <!-- center       -->  0.0049881935,  0.94341862,  5.5860553,
                     <!-- radius       --> 15.970349
                  </VMeshRef>
               </VMeshPart>
            </Level0>
            <Level1>
               <VMeshPart>
                  <VMeshRef type="VMeshRef">
                     <!-- header size  --> 60,
                     <!-- vmesh lib    --> Sw_LH_Mayhem.lod1.vms,
                     <!-- start vert   --> 0,
                     <!-- num verts    --> 955,
                     <!-- start index  --> 0,
                     <!-- num indices  --> 2892,
                     <!-- start mesh   --> 0,
                     <!-- num meshes   --> 5,
                     <!-- bounding box -->  6.7854357,     4.0977273,  19.697325,
                                           -6.7754593,    -2.2108901,  -8.5252142,
                     <!-- center       -->  0.0049881935,  0.94341862,  5.5860553,
                     <!-- radius       --> 15.970349
                  </VMeshRef>
               </VMeshPart>
            </Level1>
            <Level2>
               <VMeshPart>
                  <VMeshRef type="VMeshRef">
                     <!-- header size  --> 60,
                     <!-- vmesh lib    --> Sw_LH_Mayhem.lod2.vms,
                     <!-- start vert   --> 0,
                     <!-- num verts    --> 955,
                     <!-- start index  --> 0,
                     <!-- num indices  --> 2892,
                     <!-- start mesh   --> 0,
                     <!-- num meshes   --> 5,
                     <!-- bounding box -->  6.7854357,     4.0977273,  19.697325,
                                           -6.7754593,    -2.2108901,  -8.5252142,
                     <!-- center       -->  0.0049881935,  0.94341862,  5.5860553,
                     <!-- radius       --> 15.970349
                  </VMeshRef>
               </VMeshPart>
            </Level2>
            <Level3>
               <VMeshPart>
                  <VMeshRef type="VMeshRef">
                     <!-- header size  --> 60,
                     <!-- vmesh lib    --> Sw_LH_Mayhem.lod3.vms,
                     <!-- start vert   --> 0,
                     <!-- num verts    --> 955,
                     <!-- start index  --> 0,
                     <!-- num indices  --> 2892,
                     <!-- start mesh   --> 0,
                     <!-- num meshes   --> 5,
                     <!-- bounding box -->  6.7854357,     4.0977273,  19.697325,
                                           -6.7754593,    -2.2108901,  -8.5252142,
                     <!-- center       -->  0.0049881935,  0.94341862,  5.5860553,
                     <!-- radius       --> 15.970349
                  </VMeshRef>
               </VMeshPart>
            </Level3>
            <Switch2 type="float array" count="5">
               0,
               100,
               1000,
               10000,
               1000000
            </Switch2>
         </MultiLevel>
      </Sw_LH_Mayhem.3db>
   </UTF_ROOT>
</UTFXML>
