<?xml version="1.0" encoding="ISO-8859-1"?>
<!-- XML generated by UTFXML Version 2.2 built 19-Aug-2010 -->
<UTFXML filename="ObliterationL.cmp" path="SHIPS\new\India\fighters">
   <UTF_ROOT>
      <VMeshLibrary>
         <Sw_LH_Damage.lod0.vms include="ObliterationL_cmp\lod0.vms.xml"/>
         <Sw_LH_Damage.lod1.vms include="ObliterationL_cmp\lod1.vms.xml"/>
         <Sw_LH_Damage.lod2.vms include="ObliterationL_cmp\lod2.vms.xml"/>
         <Sw_LH_Damage.lod3.vms include="ObliterationL_cmp\lod3.vms.xml"/>
      </VMeshLibrary>
      <Cmpnd>
         <Root>
            <File_name name="File name" type="text">Sw_LH_Damage.3db</File_name>
            <Index type="int">0</Index>
            <Object_name name="Object name" type="text">Root</Object_name>
         </Root>
      </Cmpnd>
      <Sw_LH_Damage.3db>
         <Hardpoints>
            <Fixed>
               <HpEngine01>
                  <Orientation type="Matrix">
                       1.0000000000,   0.0000000000,   0.0000000000,
                       0.0000000000,   1.0000000000,   0.0000000000,
                       0.0000000000,   0.0000000000,   1.0000000000
                  </Orientation>
                  <Position type="Vector">2.8940094, -1.3658768, 2.9409897</Position>
               </HpEngine01>
               <HpEngine02>
                  <Orientation type="Matrix">
                       1.0000000000,   0.0000000000,   0.0000000000,
                       0.0000000000,   1.0000000000,   0.0000000000,
                       0.0000000000,   0.0000000000,   1.0000000000
                  </Orientation>
                  <Position type="Vector">-2.9558623, -1.3658768, 2.9409897</Position>
               </HpEngine02>
               <HpEngine03>
                  <Orientation type="Matrix">
                       1.0000000000,   0.0000000000,   0.0000000000,
                       0.0000000000,   1.0000000000,   0.0000000000,
                       0.0000000000,   0.0000000000,   1.0000000000
                  </Orientation>
                  <Position type="Vector">5.1364436, 2.3581667, 3.2985208</Position>
               </HpEngine03>
               <HpEngine04>
                  <Orientation type="Matrix">
                       1.0000000000,   0.0000000000,   0.0000000000,
                       0.0000000000,   1.0000000000,   0.0000000000,
                       0.0000000000,   0.0000000000,   1.0000000000
                  </Orientation>
                  <Position type="Vector">-5.1093097, 2.3581667, 3.2985208</Position>
               </HpEngine04>
               <HpPilot>
                  <Orientation type="Matrix">
                       1.0000000000,   0.0000000000,   0.0000000000,
                       0.0000000000,   1.0000000000,   0.0000000000,
                       0.0000000000,   0.0000000000,   1.0000000000
                  </Orientation>
                  <Position type="Vector">0.0031055887, -0.32873893, -3.4214962</Position>
               </HpPilot>
               <HpCockpit>
                  <Orientation type="Matrix">
                       1.0000000000,   0.0000000000,   0.0000000000,
                       0.0000000000,   1.0000000000,   0.0000000000,
                       0.0000000000,   0.0000000000,   1.0000000000
                  </Orientation>
                  <Position type="Vector">0.0031055887, -0.23912594, -3.4214962</Position>
               </HpCockpit>
               <HpShield01>
                  <Orientation type="Matrix">
                      -0.9419041900,   0.3331460400,   0.0000000000,
                      -0.3331460400,  -0.9419041900,  -0.0427805740,
                      -0.0142521780,  -0.0402952020,   0.9981697800
                  </Orientation>
                  <Position type="Vector">0.0031055887, -2.6602917, -2.4132876</Position>
               </HpShield01>
               <HpTractor_Source>
                  <Orientation type="Matrix">
                      -0.8855296400,   0.2733312500,   0.0000000000,
                      -0.2733312500,  -0.8855296400,  -0.3756691500,
                      -0.1026821200,  -0.3326661600,   0.8588727100
                  </Orientation>
                  <Position type="Vector">0.0031055887, -2.4834454, -8.0835018</Position>
               </HpTractor_Source>
               <HpMount>
                  <Orientation type="Matrix">
                       1.0000000000,   0.0000000000,   0.0000000000,
                       0.0000000000,   1.0000000000,   0.0000000000,
                       0.0000000000,   0.0000000000,   1.0000000000
                  </Orientation>
                  <Position type="Vector">0.0031055887, -5.7076025, -1.6953397</Position>
               </HpMount>
               <HpHeadlight>
                  <Orientation type="Matrix">
                       0.6371319300,   0.1157607700,   0.0000000000,
                      -0.1157607700,   0.6371319300,  -0.7620120000,
                      -0.0882110970,   0.4855021800,   0.4193376600
                  </Orientation>
                  <Position type="Vector">0.0031055887, -1.8594089, -8.9971085</Position>
               </HpHeadlight>
               <HpThruster01>
                  <Orientation type="Matrix">
                      -1.0000000000, -87.427907e-09,   0.0000000000,
                      87.427907e-09,  -1.0000000000,  -0.0000000000,
                       0.0000000000,   0.0000000000,   1.0000000000
                  </Orientation>
                  <Position type="Vector">0, 0.748725, 11.582516</Position>
               </HpThruster01>
               <HpRunningLight01>
                  <Orientation type="Matrix">
                       0.6008233400,  -0.7993818500,   0.0000000000,
                       0.7993818500,   0.6008233400,   0.0000000000,
                      -0.0000000000,   0.0000000000,   1.0000000000
                  </Orientation>
                  <Position type="Vector">-6.3543401, 0.308074, 1.057821</Position>
               </HpRunningLight01>
               <HpRunningLight02>
                  <Orientation type="Matrix">
                       0.6008231000,   0.7993820300,   0.0000000000,
                      -0.7993820300,   0.6008231000, -12.827388e-09,
                     -10.253983e-09,  7.7069915e-09,   1.0000000000
                  </Orientation>
                  <Position type="Vector">6.3574891, 0.30304465, 1.0628009</Position>
               </HpRunningLight02>
               <HpDocklight01>
                  <Orientation type="Matrix">
                      -0.5091107500,  -0.8606414200,   0.0000000000,
                       0.8606414200,  -0.5091107500,  -0.0101299070,
                       0.0087182177,  -0.0051572444,   0.9998974200
                  </Orientation>
                  <Position type="Vector">-6.8390021, -0.43582153, 0.0055327411</Position>
               </HpDocklight01>
               <HpDocklight02>
                  <Orientation type="Matrix">
                      -0.5091084800,   0.8606427300,   0.0000000000,
                      -0.8606427300,  -0.5091084800,  -0.0101298860,
                      -0.0087182121,  -0.0051572109,   0.9998973600
                  </Orientation>
                  <Position type="Vector">6.759398, -0.44046548, 0.0014219937</Position>
               </HpDocklight02>
               <HpContrail01>
                  <Orientation type="Matrix">
                       1.0000000000,   0.0000000000,   0.0000000000,
                       0.0000000000, -119.20929e-09,   0.9999996400,
                       0.0000000000,  -0.9999996400, -119.20929e-09
                  </Orientation>
                  <Position type="Vector">-6.0040488, 0.57231897, 2.4574649</Position>
               </HpContrail01>
               <HpContrail02>
                  <Orientation type="Matrix">
                       1.0000000000,   0.0000000000,   0.0000000000,
                       0.0000000000, -119.20929e-09,   0.9999996400,
                       0.0000000000,  -0.9999996400, -119.20929e-09
                  </Orientation>
                  <Position type="Vector">6.0102048, 0.57029498, 2.4574649</Position>
               </HpContrail02>
               <HpCM01>
                  <Orientation type="Matrix">
                      -0.5653733000,  -0.8247613900,   0.0000000000,
                       0.8247613900,  -0.5653733000,   0.0110316830,
                      -0.0090985056,   0.0062370189,   0.9998783500
                  </Orientation>
                  <Position type="Vector">-3.735873, -2.3128021, 1.5960715</Position>
               </HpCM01>
               <HpMine01>
                  <Orientation type="Matrix">
                      -0.5653728200,   0.8247616900,   0.0000000000,
                      -0.8247616900,  -0.5653728200,   0.0110316430,
                       0.0090984758,   0.0062369909,   0.9998782900
                  </Orientation>
                  <Position type="Vector">3.6701376, -2.3128021, 1.5960715</Position>
               </HpMine01>
               <HpContrail03>
                  <Orientation type="Matrix">
                       1.0000000000,   0.0000000000,   0.0000000000,
                       0.0000000000,   1.0000000000,   0.0000000000,
                       0.0000000000,   0.0000000000,   1.0000000000
                  </Orientation>
                  <Position type="Vector">-6.0022898, -3.2703829, 2.4574649</Position>
               </HpContrail03>
               <HpContrail04>
                  <Orientation type="Matrix">
                       1.0000000000,   0.0000000000,   0.0000000000,
                       0.0000000000,   1.0000000000,   0.0000000000,
                       0.0000000000,   0.0000000000,   1.0000000000
                  </Orientation>
                  <Position type="Vector">6.0100241, -3.260185, 2.4574649</Position>
               </HpContrail04>
               <Hpnew01>
                  <Orientation type="Matrix">
                       1.0000000000,   0.0000000000,   0.0000000000,
                       0.0000000000,   1.0000000000,   0.0000000000,
                       0.0000000000,   0.0000000000,   1.0000000000
                  </Orientation>
                  <Position type="Vector">0, 0, 0</Position>
               </Hpnew01>
               <Hpnew02>
                  <Orientation type="Matrix">
                       1.0000000000,   0.0000000000,   0.0000000000,
                       0.0000000000,   1.0000000000,   0.0000000000,
                       0.0000000000,   0.0000000000,   1.0000000000
                  </Orientation>
                  <Position type="Vector">0, 0, 0</Position>
               </Hpnew02>
               <Hpnew03>
                  <Orientation type="Matrix">
                       1.0000000000,   0.0000000000,   0.0000000000,
                       0.0000000000,   1.0000000000,   0.0000000000,
                       0.0000000000,   0.0000000000,   1.0000000000
                  </Orientation>
                  <Position type="Vector">0, 0, 0</Position>
               </Hpnew03>
               <HpCloak01>
                  <Orientation type="Matrix">
                       1.0000000000,   0.0000000000,   0.0000000000,
                       0.0000000000,   1.0000000000,   0.0000000000,
                       0.0000000000,   0.0000000000,   1.0000000000
                  </Orientation>
                  <Position type="Vector">0, 0, 0</Position>
               </HpCloak01>
            </Fixed>
            <Revolute>
               <HpWeapon01>
                  <Axis type="Vector">0, 1, 0</Axis>
                  <Max type="float">0.78538001</Max>
                  <Min type="float">-0.7854</Min>
                  <Orientation type="Matrix">
                      -0.6008233400,   0.7993817900,   0.0000000000,
                      -0.7993817900,  -0.6008233400,   0.0000000000,
                       0.0000000000,   0.0000000000,   1.0000000000
                  </Orientation>
                  <Position type="Vector">6.4159436, -2.7715552, -1.8923686</Position>
               </HpWeapon01>
               <HpWeapon02>
                  <Axis type="Vector">0, 1, 0</Axis>
                  <Max type="float">0.78538001</Max>
                  <Min type="float">-0.7854</Min>
                  <Orientation type="Matrix">
                      -0.6008235800,  -0.7993816700,   0.0000000000,
                       0.7993816700,  -0.6008235800,   0.0000000000,
                       0.0000000000,   0.0000000000,   1.0000000000
                  </Orientation>
                  <Position type="Vector">-6.4126878, -2.7750387, -1.8982574</Position>
               </HpWeapon02>
               <HpWeapon03>
                  <Axis type="Vector">0, 1, 0</Axis>
                  <Max type="float">0.78538001</Max>
                  <Min type="float">-0.7854</Min>
                  <Orientation type="Matrix">
                       0.6008233400,  -0.7993818500,   0.0000000000,
                       0.7993818500,   0.6008233400,   0.0000000000,
                      -0.0000000000,   0.0000000000,   1.0000000000
                  </Orientation>
                  <Position type="Vector">-6.3766146, 0.11571763, -1.8982574</Position>
               </HpWeapon03>
               <HpWeapon04>
                  <Axis type="Vector">0, 1, 0</Axis>
                  <Max type="float">0.78538001</Max>
                  <Min type="float">-0.7854</Min>
                  <Orientation type="Matrix">
                       0.6008231000,   0.7993820300,   0.0000000000,
                      -0.7993820300,   0.6008231000, -4.9126103e-09,
                     -3.9270525e-09,  2.9516098e-09,   1.0000000000
                  </Orientation>
                  <Position type="Vector">6.3938603, 0.11773295, -1.8923686</Position>
               </HpWeapon04>
               <HpWeapon05>
                  <Axis type="Vector">0, 1, 0</Axis>
                  <Max type="float">0.78538001</Max>
                  <Min type="float">-0.7854</Min>
                  <Orientation type="Matrix">
                       0.0000000000,   0.9999610200,   0.0000000000,
                      -0.9999610200,   0.0000000000,  -0.0088274935,
                      -0.0088271499,   0.0000000000,   0.9999220400
                  </Orientation>
                  <Position type="Vector">6.7131701, -1.3756989, -0.63342577</Position>
               </HpWeapon05>
               <HpWeapon06>
                  <Axis type="Vector">0, 1, 0</Axis>
                  <Max type="float">0.78538001</Max>
                  <Min type="float">-0.7854</Min>
                  <Orientation type="Matrix">
                       0.0000000000,  -0.9999610200,   0.0000000000,
                       0.9999610200,   0.0000000000,  -0.0088273622,
                       0.0088270186,   0.0000000000,   0.9999220400
                  </Orientation>
                  <Position type="Vector">-6.7309942, -1.3791806, -0.63931465</Position>
               </HpWeapon06>
               <HpTorpedo01>
                  <Axis type="Vector">0, 1, 0</Axis>
                  <Max type="float">0.78538001</Max>
                  <Min type="float">-0.7854</Min>
                  <Orientation type="Matrix">
                       0.6008234000,  -0.7993817900,   0.0000000000,
                       0.7993817900,   0.6008234000,   0.0000000000,
                      -0.0000000000,   0.0000000000,   1.0000000000
                  </Orientation>
                  <Position type="Vector">6.1369729, -2.5246899, -1.8982574</Position>
               </HpTorpedo01>
               <HpTorpedo02>
                  <Axis type="Vector">0, 1, 0</Axis>
                  <Max type="float">0.78538001</Max>
                  <Min type="float">-0.7854</Min>
                  <Orientation type="Matrix">
                       0.6008234000,   0.7993817900,   0.0000000000,
                      -0.7993817900,   0.6008234000,   0.0000000000,
                       0.0000000000,  -0.0000000000,   1.0000000000
                  </Orientation>
                  <Position type="Vector">-6.110322, -2.5281715, -1.8982574</Position>
               </HpTorpedo02>
            </Revolute>
         </Hardpoints>
         <MultiLevel>
            <Level0>
               <VMeshPart>
                  <VMeshRef type="VMeshRef">
                     <!-- header size  --> 60,
                     <!-- vmesh lib    --> Sw_LH_Damage.lod0.vms,
                     <!-- start vert   --> 0,
                     <!-- num verts    --> 1501,
                     <!-- start index  --> 0,
                     <!-- num indices  --> 4638,
                     <!-- start mesh   --> 0,
                     <!-- num meshes   --> 5,
                     <!-- bounding box -->  6.7840304,    3.545505,   19.235521,
                                           -6.776865,    -3.2746913,  -8.9870033,
                     <!-- center       -->  0.003582716,  0.13540685,  5.124259,
                     <!-- radius       --> 16.022827
                  </VMeshRef>
               </VMeshPart>
            </Level0>
            <Level1>
               <VMeshPart>
                  <VMeshRef type="VMeshRef">
                     <!-- header size  --> 60,
                     <!-- vmesh lib    --> Sw_LH_Damage.lod1.vms,
                     <!-- start vert   --> 0,
                     <!-- num verts    --> 1501,
                     <!-- start index  --> 0,
                     <!-- num indices  --> 4638,
                     <!-- start mesh   --> 0,
                     <!-- num meshes   --> 5,
                     <!-- bounding box -->  6.7840304,    3.545505,   19.235521,
                                           -6.776865,    -3.2746913,  -8.9870033,
                     <!-- center       -->  0.003582716,  0.13540685,  5.124259,
                     <!-- radius       --> 16.022827
                  </VMeshRef>
               </VMeshPart>
            </Level1>
            <Level2>
               <VMeshPart>
                  <VMeshRef type="VMeshRef">
                     <!-- header size  --> 60,
                     <!-- vmesh lib    --> Sw_LH_Damage.lod2.vms,
                     <!-- start vert   --> 0,
                     <!-- num verts    --> 1501,
                     <!-- start index  --> 0,
                     <!-- num indices  --> 4638,
                     <!-- start mesh   --> 0,
                     <!-- num meshes   --> 5,
                     <!-- bounding box -->  6.7840304,    3.545505,   19.235521,
                                           -6.776865,    -3.2746913,  -8.9870033,
                     <!-- center       -->  0.003582716,  0.13540685,  5.124259,
                     <!-- radius       --> 16.022827
                  </VMeshRef>
               </VMeshPart>
            </Level2>
            <Level3>
               <VMeshPart>
                  <VMeshRef type="VMeshRef">
                     <!-- header size  --> 60,
                     <!-- vmesh lib    --> Sw_LH_Damage.lod3.vms,
                     <!-- start vert   --> 0,
                     <!-- num verts    --> 1501,
                     <!-- start index  --> 0,
                     <!-- num indices  --> 4638,
                     <!-- start mesh   --> 0,
                     <!-- num meshes   --> 5,
                     <!-- bounding box -->  6.7840304,    3.545505,   19.235521,
                                           -6.776865,    -3.2746913,  -8.9870033,
                     <!-- center       -->  0.003582716,  0.13540685,  5.124259,
                     <!-- radius       --> 16.022827
                  </VMeshRef>
               </VMeshPart>
            </Level3>
            <Switch2 type="float array" count="5">
               0,
               100,
               1000,
               10000,
               1000000
            </Switch2>
         </MultiLevel>
      </Sw_LH_Damage.3db>
   </UTF_ROOT>
</UTFXML>
