<?xml version="1.0" encoding="ISO-8859-1"?>
<!-- XML generated by UTFXML Version 2.2 built 19-Aug-2010 -->
<UTFXML filename="ObliterationS.cmp" path="SHIPS\new\India\fighters">
   <UTF_ROOT>
      <VMeshLibrary>
         <Sw_LH_Rage.lod0.vms include="ObliterationS_cmp\lod0.vms.xml"/>
         <Sw_LH_Rage.lod1.vms include="ObliterationS_cmp\lod1.vms.xml"/>
         <Sw_LH_Rage.lod2.vms include="ObliterationS_cmp\lod2.vms.xml"/>
         <Sw_LH_Rage.lod3.vms include="ObliterationS_cmp\lod3.vms.xml"/>
      </VMeshLibrary>
      <Cmpnd>
         <Root>
            <File_name name="File name" type="text">Sw_LH_Rage.3db</File_name>
            <Index type="int">0</Index>
            <Object_name name="Object name" type="text">Root</Object_name>
         </Root>
      </Cmpnd>
      <Sw_LH_Rage.3db>
         <Hardpoints>
            <Fixed>
               <HpEngine01>
                  <Orientation type="Matrix">
                       1.0000000000,   0.0000000000,   0.0000000000,
                       0.0000000000,   1.0000000000,   0.0000000000,
                       0.0000000000,   0.0000000000,   1.0000000000
                  </Orientation>
                  <Position type="Vector">1.9163482, -0.31773177, 2.4566791</Position>
               </HpEngine01>
               <HpEngine02>
                  <Orientation type="Matrix">
                       1.0000000000,   0.0000000000,   0.0000000000,
                       0.0000000000,   1.0000000000,   0.0000000000,
                       0.0000000000,   0.0000000000,   1.0000000000
                  </Orientation>
                  <Position type="Vector">-1.8619217, -0.31773177, 2.4566791</Position>
               </HpEngine02>
               <HpPilot>
                  <Orientation type="Matrix">
                       1.0000000000,   0.0000000000,   0.0000000000,
                       0.0000000000,   1.0000000000,   0.0000000000,
                       0.0000000000,   0.0000000000,   1.0000000000
                  </Orientation>
                  <Position type="Vector">0.015608761, 0.37258273, -1.6640124</Position>
               </HpPilot>
               <HpCockpit>
                  <Orientation type="Matrix">
                       1.0000000000,   0.0000000000,   0.0000000000,
                       0.0000000000,   1.0000000000,   0.0000000000,
                       0.0000000000,   0.0000000000,   1.0000000000
                  </Orientation>
                  <Position type="Vector">0.015608761, 0.4532344, -1.6640124</Position>
               </HpCockpit>
               <HpShield01>
                  <Orientation type="Matrix">
                      -1.0000000000, -86.948965e-09,  9.1387049e-09,
                      87.427900e-09,  -0.9945218600,   0.1045284600,
                       0.0000000000,   0.1045284600,   0.9945219200
                  </Orientation>
                  <Position type="Vector">0.015609, 0.75, 4.9847708</Position>
               </HpShield01>
               <HpTractor_Source>
                  <Orientation type="Matrix">
                       1.0000000000,   0.0000000000,   0.0000000000,
                       0.0000000000,   1.0000000000,   0.0000000000,
                       0.0000000000,   0.0000000000,   1.0000000000
                  </Orientation>
                  <Position type="Vector">0.015609, -1.2753429, -4.0714731</Position>
               </HpTractor_Source>
               <HpMount>
                  <Orientation type="Matrix">
                       1.0000000000,   0.0000000000,   0.0000000000,
                       0.0000000000,   1.0000000000,   0.0000000000,
                       0.0000000000,   0.0000000000,   1.0000000000
                  </Orientation>
                  <Position type="Vector">0.015609, -4, 1.806174</Position>
               </HpMount>
               <HpHeadlight>
                  <Orientation type="Matrix">
                       1.0000000000,   0.0000000000,   0.0000000000,
                       0.0000000000,   1.0000000000,   0.0000000000,
                       0.0000000000,   0.0000000000,   1.0000000000
                  </Orientation>
                  <Position type="Vector">0.015609, -0.85615802, -5.2970228</Position>
               </HpHeadlight>
               <HpThruster01>
                  <Orientation type="Matrix">
                      -0.8660253300,  -0.5000001200,  -0.0000000000,
                       0.5000001200,  -0.8660253300,   0.0000000000,
                       0.0000000000,  -0.0000000000,   1.0000000000
                  </Orientation>
                  <Position type="Vector">1.784505, -1.1524, 1.704262</Position>
               </HpThruster01>
               <HpRunningLight01>
                  <Orientation type="Matrix">
                       1.0000000000,   0.0000000000,   0.0000000000,
                       0.0000000000,   1.0000000000,   0.0000000000,
                       0.0000000000,   0.0000000000,   1.0000000000
                  </Orientation>
                  <Position type="Vector">-1.84983, 0.90233397, 1.983561</Position>
               </HpRunningLight01>
               <HpRunningLight02>
                  <Orientation type="Matrix">
                       1.0000000000,   0.0000000000,   0.0000000000,
                       0.0000000000,   1.0000000000,   0.0000000000,
                       0.0000000000,   0.0000000000,   1.0000000000
                  </Orientation>
                  <Position type="Vector">1.8768229, 0.90274203, 1.988043</Position>
               </HpRunningLight02>
               <HpDocklight01>
                  <Orientation type="Matrix">
                       1.0000000000,   0.0000000000,   0.0000000000,
                       0.0000000000,   1.0000000000,   0.0000000000,
                       0.0000000000,   0.0000000000,   1.0000000000
                  </Orientation>
                  <Position type="Vector">-2.693692, -0.65811402, 0.73413301</Position>
               </HpDocklight01>
               <HpDocklight02>
                  <Orientation type="Matrix">
                       1.0000000000,   0.0000000000,   0.0000000000,
                       0.0000000000,   1.0000000000,   0.0000000000,
                       0.0000000000,   0.0000000000,   1.0000000000
                  </Orientation>
                  <Position type="Vector">2.6692541, -0.57035702, 0.96946901</Position>
               </HpDocklight02>
               <HpContrail01>
                  <Orientation type="Matrix">
                       1.0000000000,   0.0000000000,   0.0000000000,
                       0.0000000000,   1.0000000000,   0.0000000000,
                       0.0000000000,   0.0000000000,   1.0000000000
                  </Orientation>
                  <Position type="Vector">-2.580452, -0.748236, -0.724388</Position>
               </HpContrail01>
               <HpContrail02>
                  <Orientation type="Matrix">
                       1.0000000000,   0.0000000000,   0.0000000000,
                       0.0000000000,   1.0000000000,   0.0000000000,
                       0.0000000000,   0.0000000000,   1.0000000000
                  </Orientation>
                  <Position type="Vector">2.569277, -0.76741397, -0.73847502</Position>
               </HpContrail02>
               <HpCM01>
                  <Orientation type="Matrix">
                       0.4877778300,  -0.8533016400,   0.0000000000,
                       0.8533016400,   0.4877778300,   0.1842529200,
                      -0.1572233100,  -0.0898744910,   0.9660509200
                  </Orientation>
                  <Position type="Vector">-1.3003933, 1.5148292, 3.6457961</Position>
               </HpCM01>
               <HpMine01>
                  <Orientation type="Matrix">
                       0.5027289400,   0.8428632000,   0.0000000000,
                      -0.8428632000,   0.5027289400,   0.1919511000,
                       0.1617885100,  -0.0964993690,   0.9631547900
                  </Orientation>
                  <Position type="Vector">1.285048, 1.5148292, 3.6457961</Position>
               </HpMine01>
               <HpCM02>
                  <Orientation type="Matrix">
                       0.4820642500,   0.8507781600,  -0.2092621000,
                      -0.8514862700,   0.5111990000,   0.1168193700,
                       0.2063619500,   0.1218693600,   0.9708566700
                  </Orientation>
                  <Position type="Vector">1.2, 1.5, 4.2</Position>
               </HpCM02>
               <HpMine02>
                  <Orientation type="Matrix">
                       0.4820642500,   0.8507781600,   0.2092621000,
                      -0.8514862700,   0.5111990000,  -0.1168193700,
                      -0.2063619500,  -0.1218693600,   0.9708566700
                  </Orientation>
                  <Position type="Vector">-1.2, 1.5, 4.2</Position>
               </HpMine02>
               <HpThruster02>
                  <Orientation type="Matrix">
                      -0.8660253300,   0.5000001200,   0.0000000000,
                      -0.5000001200,  -0.8660253300,   0.0000000000,
                       0.0000000000,   0.0000000000,   1.0000000000
                  </Orientation>
                  <Position type="Vector">-1.79899, -1.1559629, 1.7217</Position>
               </HpThruster02>
               <Hpnew01>
                  <Orientation type="Matrix">
                       1.0000000000,   0.0000000000,   0.0000000000,
                       0.0000000000,   1.0000000000,   0.0000000000,
                       0.0000000000,   0.0000000000,   1.0000000000
                  </Orientation>
                  <Position type="Vector">0, 0, 0</Position>
               </Hpnew01>
               <Hpnew02>
                  <Orientation type="Matrix">
                       1.0000000000,   0.0000000000,   0.0000000000,
                       0.0000000000,   1.0000000000,   0.0000000000,
                       0.0000000000,   0.0000000000,   1.0000000000
                  </Orientation>
                  <Position type="Vector">0, 0, 0</Position>
               </Hpnew02>
               <Hpnew03>
                  <Orientation type="Matrix">
                       1.0000000000,   0.0000000000,   0.0000000000,
                       0.0000000000,   1.0000000000,   0.0000000000,
                       0.0000000000,   0.0000000000,   1.0000000000
                  </Orientation>
                  <Position type="Vector">0, 0, 0</Position>
               </Hpnew03>
               <HpCloak01>
                  <Orientation type="Matrix">
                       1.0000000000,   0.0000000000,   0.0000000000,
                       0.0000000000,   1.0000000000,   0.0000000000,
                       0.0000000000,   0.0000000000,   1.0000000000
                  </Orientation>
                  <Position type="Vector">0, 0, 0</Position>
               </HpCloak01>
            </Fixed>
            <Revolute>
               <HpWeapon01>
                  <Axis type="Vector">0, 1, 0</Axis>
                  <Max type="float">0.76794487</Max>
                  <Min type="float">-0.78539819</Min>
                  <Orientation type="Matrix">
                      -0.5735764500,   0.8130462200,  -0.0998295170,
                      -0.8191520000,  -0.5693011300,   0.0699013770,
                       0.0000000000,   0.1218693400,   0.9925461400
                  </Orientation>
                  <Position type="Vector">2.090704, -1.118088, -1.895937</Position>
               </HpWeapon01>
               <HpWeapon02>
                  <Axis type="Vector">0, 1, 0</Axis>
                  <Max type="float">0.76794487</Max>
                  <Min type="float">-0.78539819</Min>
                  <Orientation type="Matrix">
                      -0.5735764500,  -0.8130462200,   0.0998295170,
                       0.8191520000,  -0.5693011300,   0.0699013770,
                       0.0000000000,   0.1218693400,   0.9925461400
                  </Orientation>
                  <Position type="Vector">-2.1019461, -1.118088, -1.895937</Position>
               </HpWeapon02>
               <HpWeapon03>
                  <Axis type="Vector">0, 1, 0</Axis>
                  <Max type="float">0.76794487</Max>
                  <Min type="float">-0.78539819</Min>
                  <Orientation type="Matrix">
                       0.2756373300,   0.9366246500,  -0.2162368300,
                      -0.9612617500,   0.2685728100,  -0.0620049310,
                     -7.4505806e-09,   0.2249510600,   0.9743700600
                  </Orientation>
                  <Position type="Vector">2.1517479, -0.30651599, -1.906034</Position>
               </HpWeapon03>
               <HpWeapon04>
                  <Axis type="Vector">0, 1, 0</Axis>
                  <Max type="float">0.76794487</Max>
                  <Min type="float">-0.78539819</Min>
                  <Orientation type="Matrix">
                       0.2756373300,  -0.9366246500,   0.2162368300,
                       0.9612617500,   0.2685728100,  -0.0620049310,
                      7.4505806e-09,   0.2249510600,   0.9743700600
                  </Orientation>
                  <Position type="Vector">-2.162991, -0.30651599, -1.906034</Position>
               </HpWeapon04>
               <HpWeapon05>
                  <Axis type="Vector">0, 1, 0</Axis>
                  <Max type="float">0.78539819</Max>
                  <Min type="float">-0.78539819</Min>
                  <Orientation type="Matrix">
                      -1.0000000000, -87.422777e-09,   0.0000000000,
                      87.422777e-09,  -1.0000000000,  -0.0000000000,
                       0.0000000000,   0.0000000000,   1.0000000000
                  </Orientation>
                  <Position type="Vector">0, -1.2, -4</Position>
               </HpWeapon05>
            </Revolute>
         </Hardpoints>
         <MultiLevel>
            <Level0>
               <VMeshPart>
                  <VMeshRef type="VMeshRef">
                     <!-- header size  --> 60,
                     <!-- vmesh lib    --> Sw_LH_Rage.lod0.vms,
                     <!-- start vert   --> 0,
                     <!-- num verts    --> 340,
                     <!-- start index  --> 0,
                     <!-- num indices  --> 936,
                     <!-- start mesh   --> 0,
                     <!-- num meshes   --> 3,
                     <!-- bounding box -->  2.6132822,     2.4582119,   9.7621937,
                                           -2.6208892,    -1.5186461,  -5.3500581,
                     <!-- center       --> -0.0038034916,  0.46978289,  2.2060678,
                     <!-- radius       --> 8.2400255
                  </VMeshRef>
               </VMeshPart>
            </Level0>
            <Level1>
               <VMeshPart>
                  <VMeshRef type="VMeshRef">
                     <!-- header size  --> 60,
                     <!-- vmesh lib    --> Sw_LH_Rage.lod1.vms,
                     <!-- start vert   --> 0,
                     <!-- num verts    --> 340,
                     <!-- start index  --> 0,
                     <!-- num indices  --> 936,
                     <!-- start mesh   --> 0,
                     <!-- num meshes   --> 3,
                     <!-- bounding box -->  2.6132822,     2.4582119,   9.7621937,
                                           -2.6208892,    -1.5186461,  -5.3500581,
                     <!-- center       --> -0.0038034916,  0.46978289,  2.2060678,
                     <!-- radius       --> 8.2400255
                  </VMeshRef>
               </VMeshPart>
            </Level1>
            <Level2>
               <VMeshPart>
                  <VMeshRef type="VMeshRef">
                     <!-- header size  --> 60,
                     <!-- vmesh lib    --> Sw_LH_Rage.lod2.vms,
                     <!-- start vert   --> 0,
                     <!-- num verts    --> 340,
                     <!-- start index  --> 0,
                     <!-- num indices  --> 936,
                     <!-- start mesh   --> 0,
                     <!-- num meshes   --> 3,
                     <!-- bounding box -->  2.6132822,     2.4582119,   9.7621937,
                                           -2.6208892,    -1.5186461,  -5.3500581,
                     <!-- center       --> -0.0038034916,  0.46978289,  2.2060678,
                     <!-- radius       --> 8.2400255
                  </VMeshRef>
               </VMeshPart>
            </Level2>
            <Level3>
               <VMeshPart>
                  <VMeshRef type="VMeshRef">
                     <!-- header size  --> 60,
                     <!-- vmesh lib    --> Sw_LH_Rage.lod3.vms,
                     <!-- start vert   --> 0,
                     <!-- num verts    --> 340,
                     <!-- start index  --> 0,
                     <!-- num indices  --> 936,
                     <!-- start mesh   --> 0,
                     <!-- num meshes   --> 3,
                     <!-- bounding box -->  2.6132822,     2.4582119,   9.7621937,
                                           -2.6208892,    -1.5186461,  -5.3500581,
                     <!-- center       --> -0.0038034916,  0.46978289,  2.2060678,
                     <!-- radius       --> 8.2400255
                  </VMeshRef>
               </VMeshPart>
            </Level3>
            <Switch2 type="float array" count="5">
               0,
               100,
               1000,
               10000,
               1000000
            </Switch2>
         </MultiLevel>
      </Sw_LH_Rage.3db>
   </UTF_ROOT>
</UTFXML>
