<?xml version="1.0" encoding="ISO-8859-1"?>
<!-- XML generated by UTFXML Version 2.2 built 19-Aug-2010 -->
<UTFXML filename="ObliterationLX.cmp" path="SHIPS\new\India\fighters">
   <UTF_ROOT>
      <VMeshLibrary>
         <Sw_LH_Destruction.lod0.vms include="ObliterationLX_cmp\lod0.vms.xml"/>
         <Sw_LH_Destruction.lod1.vms include="ObliterationLX_cmp\lod1.vms.xml"/>
         <Sw_LH_Destruction.lod2.vms include="ObliterationLX_cmp\lod2.vms.xml"/>
         <Sw_LH_Destruction.lod3.vms include="ObliterationLX_cmp\lod3.vms.xml"/>
      </VMeshLibrary>
      <Cmpnd>
         <Root>
            <File_name name="File name" type="text">Sw_LH_Destruction.3db</File_name>
            <Index type="int">0</Index>
            <Object_name name="Object name" type="text">Root</Object_name>
         </Root>
      </Cmpnd>
      <Sw_LH_Destruction.3db>
         <Hardpoints>
            <Fixed>
               <HpEngine01>
                  <Orientation type="Matrix">
                       1.0000000000,   0.0000000000,   0.0000000000,
                       0.0000000000,   1.0000000000,   0.0000000000,
                       0.0000000000,   0.0000000000,   1.0000000000
                  </Orientation>
                  <Position type="Vector">2.887284, -1.2176319, 2.5626974</Position>
               </HpEngine01>
               <HpEngine02>
                  <Orientation type="Matrix">
                       1.0000000000,   0.0000000000,   0.0000000000,
                       0.0000000000,   1.0000000000,   0.0000000000,
                       0.0000000000,   0.0000000000,   1.0000000000
                  </Orientation>
                  <Position type="Vector">-2.9625874, -1.2176319, 2.5626974</Position>
               </HpEngine02>
               <HpPilot>
                  <Orientation type="Matrix">
                       1.0000000000,   0.0000000000,   0.0000000000,
                       0.0000000000,   1.0000000000,   0.0000000000,
                       0.0000000000,   0.0000000000,   1.0000000000
                  </Orientation>
                  <Position type="Vector">-0.0036193824, -0.18049413, -3.7997885</Position>
               </HpPilot>
               <HpCockpit>
                  <Orientation type="Matrix">
                       1.0000000000,   0.0000000000,   0.0000000000,
                       0.0000000000,   1.0000000000,   0.0000000000,
                       0.0000000000,   0.0000000000,   1.0000000000
                  </Orientation>
                  <Position type="Vector">-0.0036193824, -0.090881132, -3.7997885</Position>
               </HpCockpit>
               <HpShield01>
                  <Orientation type="Matrix">
                      -0.9419041900,   0.3331461800,   0.0000000000,
                      -0.3331461800,  -0.9419041900,  -0.0427805480,
                      -0.0142521770,  -0.0402951760,   0.9981699000
                  </Orientation>
                  <Position type="Vector">-0.0036193824, -2.5120468, -2.79158</Position>
               </HpShield01>
               <HpTractor_Source>
                  <Orientation type="Matrix">
                      -0.8855292200,   0.2733315200,   0.0000000000,
                      -0.2733315200,  -0.8855292200,  -0.3756699000,
                      -0.1026824300,  -0.3326666700,   0.8588721200
                  </Orientation>
                  <Position type="Vector">-0.0036193824, -2.3352005, -8.4617939</Position>
               </HpTractor_Source>
               <HpMount>
                  <Orientation type="Matrix">
                       1.0000000000,   0.0000000000,   0.0000000000,
                       0.0000000000,   1.0000000000,   0.0000000000,
                       0.0000000000,   0.0000000000,   1.0000000000
                  </Orientation>
                  <Position type="Vector">-0.0036193824, -5.5593572, -2.0736318</Position>
               </HpMount>
               <HpHeadlight>
                  <Orientation type="Matrix">
                       0.6371321700,   0.1157597500,   0.0000000000,
                      -0.1157597500,   0.6371321700,  -0.7620120000,
                      -0.0882103220,   0.4855023600,   0.4193377200
                  </Orientation>
                  <Position type="Vector">-0.0036193824, -1.7111639, -9.3754005</Position>
               </HpHeadlight>
               <HpThruster01>
                  <Orientation type="Matrix">
                      -1.0000000000, -87.374644e-09, -3.0511900e-09,
                      87.427907e-09,  -0.9993908400,  -0.0348994960,
                     -111.02230e-18,  -0.0348994960,   0.9993908400
                  </Orientation>
                  <Position type="Vector">0, 0.89696902, 11.204225</Position>
               </HpThruster01>
               <HpRunningLight01>
                  <Orientation type="Matrix">
                      -0.6006739700,  -0.7994940900,   0.0000000000,
                       0.7994940900,  -0.6006739700,   0.0000000000,
                       0.0000000000,   0.0000000000,   1.0000000000
                  </Orientation>
                  <Position type="Vector">-8.775671, -0.44757524, 0.67952883</Position>
               </HpRunningLight01>
               <HpRunningLight02>
                  <Orientation type="Matrix">
                       0.6008233400,   0.7993818500,   0.0000000000,
                      -0.7993818500,   0.6008233400,   0.0000000000,
                       0.0000000000,  -0.0000000000,   1.0000000000
                  </Orientation>
                  <Position type="Vector">6.3507638, 0.45128945, 0.68450856</Position>
               </HpRunningLight02>
               <HpDocklight01>
                  <Orientation type="Matrix">
                       1.0000000000,   0.0000000000,   0.0000000000,
                       0.0000000000,   1.0000000000,   0.0000000000,
                       0.0000000000,   0.0000000000,   1.0000000000
                  </Orientation>
                  <Position type="Vector">-4.9448142, 3.547097, 1.178459</Position>
               </HpDocklight01>
               <HpDocklight02>
                  <Orientation type="Matrix">
                       1.0000000000,   0.0000000000,   0.0000000000,
                       0.0000000000,   1.0000000000,   0.0000000000,
                       0.0000000000,   0.0000000000,   1.0000000000
                  </Orientation>
                  <Position type="Vector">4.9093571, 3.5324969, 1.130592</Position>
               </HpDocklight02>
               <HpContrail01>
                  <Orientation type="Matrix">
                       1.0000000000,   0.0000000000,  -0.0000000000,
                       0.0000000000,   0.0000000000,   1.0000000000,
                       0.0000000000,  -1.0000000000,   0.0000000000
                  </Orientation>
                  <Position type="Vector">-6.8306861, -0.036740635, 4.6807451</Position>
               </HpContrail01>
               <HpContrail02>
                  <Orientation type="Matrix">
                       1.0000000000,   0.0000000000,   0.0000000000,
                      -0.0000000000,   0.0000000000,   1.0000000000,
                       0.0000000000,  -1.0000000000,   0.0000000000
                  </Orientation>
                  <Position type="Vector">6.4217796, -1.2102014, 2.9802127</Position>
               </HpContrail02>
               <HpCM01>
                  <Orientation type="Matrix">
                      -0.5653729400,  -0.8247616300,   0.0000000000,
                       0.8247616300,  -0.5653729400,   0.0110316900,
                      -0.0090985149,   0.0062370189,   0.9998782900
                  </Orientation>
                  <Position type="Vector">-3.7425978, -2.1645572, 1.2177793</Position>
               </HpCM01>
               <HpMine01>
                  <Orientation type="Matrix">
                      -0.8660253300,   0.5000001200,   0.0000000000,
                      -0.5000001200,  -0.8660253300,   0.0000000000,
                       0.0000000000,   0.0000000000,   1.0000000000
                  </Orientation>
                  <Position type="Vector">-2.7972431, -2.412086, 1.482973</Position>
               </HpMine01>
               <HpEngine03>
                  <Orientation type="Matrix">
                       1.0000000000,   0.0000000000,   0.0000000000,
                       0.0000000000,   1.0000000000,   0.0000000000,
                       0.0000000000,   0.0000000000,   1.0000000000
                  </Orientation>
                  <Position type="Vector">5.1297188, 2.5064113, 2.9202287</Position>
               </HpEngine03>
               <HpEngine04>
                  <Orientation type="Matrix">
                       1.0000000000,   0.0000000000,   0.0000000000,
                       0.0000000000,   1.0000000000,   0.0000000000,
                       0.0000000000,   0.0000000000,   1.0000000000
                  </Orientation>
                  <Position type="Vector">-5.1160345, 2.5064113, 2.9202287</Position>
               </HpEngine04>
               <HpEngine05>
                  <Orientation type="Matrix">
                       1.0000000000,   0.0000000000,   0.0000000000,
                       0.0000000000,   1.0000000000,   0.0000000000,
                       0.0000000000,   0.0000000000,   1.0000000000
                  </Orientation>
                  <Position type="Vector">-6.8388352, -1.14872, 2.9917347</Position>
               </HpEngine05>
               <HpCM02>
                  <Orientation type="Matrix">
                      -0.5591927800,   0.8290376100,   0.0000000000,
                      -0.8290376100,  -0.5591927800,   0.0000000000,
                       0.0000000000,   0.0000000000,   1.0000000000
                  </Orientation>
                  <Position type="Vector">3.663413, -2.164557, 1.217779</Position>
               </HpCM02>
               <HpMine02>
                  <Orientation type="Matrix">
                      -0.8660253300,  -0.5000001200,  -0.0000000000,
                       0.5000001200,  -0.8660253300,   0.0000000000,
                       0.0000000000,  -0.0000000000,   1.0000000000
                  </Orientation>
                  <Position type="Vector">2.730309, -2.3937559, 1.501272</Position>
               </HpMine02>
               <Hpnew01>
                  <Orientation type="Matrix">
                       1.0000000000,   0.0000000000,   0.0000000000,
                       0.0000000000,   1.0000000000,   0.0000000000,
                       0.0000000000,   0.0000000000,   1.0000000000
                  </Orientation>
                  <Position type="Vector">0, 0, 0</Position>
               </Hpnew01>
               <Hpnew02>
                  <Orientation type="Matrix">
                       1.0000000000,   0.0000000000,   0.0000000000,
                       0.0000000000,   1.0000000000,   0.0000000000,
                       0.0000000000,   0.0000000000,   1.0000000000
                  </Orientation>
                  <Position type="Vector">0, 0, 0</Position>
               </Hpnew02>
               <Hpnew03>
                  <Orientation type="Matrix">
                       1.0000000000,   0.0000000000,   0.0000000000,
                       0.0000000000,   1.0000000000,   0.0000000000,
                       0.0000000000,   0.0000000000,   1.0000000000
                  </Orientation>
                  <Position type="Vector">0, 0, 0</Position>
               </Hpnew03>
               <HpShield02>
                  <Orientation type="Matrix">
                       1.0000000000,   0.0000000000,   0.0000000000,
                       0.0000000000,   1.0000000000,   0.0000000000,
                       0.0000000000,   0.0000000000,   1.0000000000
                  </Orientation>
                  <Position type="Vector">0, 0, 0</Position>
               </HpShield02>
               <HpShield03>
                  <Orientation type="Matrix">
                       1.0000000000,   0.0000000000,   0.0000000000,
                       0.0000000000,   1.0000000000,   0.0000000000,
                       0.0000000000,   0.0000000000,   1.0000000000
                  </Orientation>
                  <Position type="Vector">0, 0, 0</Position>
               </HpShield03>
               <Hpnew04>
                  <Orientation type="Matrix">
                       1.0000000000,   0.0000000000,   0.0000000000,
                       0.0000000000,   1.0000000000,   0.0000000000,
                       0.0000000000,   0.0000000000,   1.0000000000
                  </Orientation>
                  <Position type="Vector">0, 0, 0</Position>
               </Hpnew04>
               <Hpnew05>
                  <Orientation type="Matrix">
                       1.0000000000,   0.0000000000,   0.0000000000,
                       0.0000000000,   1.0000000000,   0.0000000000,
                       0.0000000000,   0.0000000000,   1.0000000000
                  </Orientation>
                  <Position type="Vector">0, 0, 0</Position>
               </Hpnew05>
               <HpCloak01>
                  <Orientation type="Matrix">
                       1.0000000000,   0.0000000000,   0.0000000000,
                       0.0000000000,   1.0000000000,   0.0000000000,
                       0.0000000000,   0.0000000000,   1.0000000000
                  </Orientation>
                  <Position type="Vector">0, 0, 0</Position>
               </HpCloak01>
            </Fixed>
            <Revolute>
               <HpWeapon01>
                  <Axis type="Vector">0, 1, 0</Axis>
                  <Max type="float">0.78538001</Max>
                  <Min type="float">-0.7854</Min>
                  <Orientation type="Matrix">
                      -0.6008235200,   0.7993817300,   0.0000000000,
                      -0.7993817300,  -0.6008235200,   0.0000000000,
                       0.0000000000,   0.0000000000,   1.0000000000
                  </Orientation>
                  <Position type="Vector">6.4092183, -2.6233106, -2.2706609</Position>
               </HpWeapon01>
               <HpWeapon02>
                  <Axis type="Vector">0, 1, 0</Axis>
                  <Max type="float">0.78538001</Max>
                  <Min type="float">-0.7854</Min>
                  <Orientation type="Matrix">
                       0.7993819700,  -0.6008231600,   0.0000000000,
                       0.6008231600,   0.7993819700,  6.5361236e-09,
                     -3.9270547e-09, -5.2248592e-09,   1.0000000000
                  </Orientation>
                  <Position type="Vector">-8.2424812, -0.061498538, -0.56881309</Position>
               </HpWeapon02>
               <HpWeapon03>
                  <Axis type="Vector">0, 1, 0</Axis>
                  <Max type="float">0.78538001</Max>
                  <Min type="float">-0.7854</Min>
                  <Orientation type="Matrix">
                      -0.8097469800,  -0.5867792400,   0.0000000000,
                       0.5867792400,  -0.8097469800,  -0.0000000000,
                       0.0000000000,   0.0000000000,   1.0000000000
                  </Orientation>
                  <Position type="Vector">-8.2424049, -2.2944005, -0.56881309</Position>
               </HpWeapon03>
               <HpWeapon04>
                  <Axis type="Vector">0, 1, 0</Axis>
                  <Max type="float">0.78538001</Max>
                  <Min type="float">-0.7854</Min>
                  <Orientation type="Matrix">
                       0.6008233400,   0.7993818500,   0.0000000000,
                      -0.7993818500,   0.6008233400,   0.0000000000,
                       0.0000000000,  -0.0000000000,   1.0000000000
                  </Orientation>
                  <Position type="Vector">6.3871355, 0.26597774, -2.2706609</Position>
               </HpWeapon04>
               <HpWeapon05>
                  <Axis type="Vector">0, 1, 0</Axis>
                  <Max type="float">0.78538001</Max>
                  <Min type="float">-0.7854</Min>
                  <Orientation type="Matrix">
                       0.0000000000,   0.9999610200,   0.0000000000,
                      -0.9999610200,   0.0000000000,  -0.0088273697,
                      -0.0088270260,   0.0000000000,   0.9999220400
                  </Orientation>
                  <Position type="Vector">6.7064452, -1.2274541, -1.011718</Position>
               </HpWeapon05>
               <HpWeapon06>
                  <Axis type="Vector">0, 1, 0</Axis>
                  <Max type="float">0.78538001</Max>
                  <Min type="float">-0.7854</Min>
                  <Orientation type="Matrix">
                       0.9999846800,  -0.0055025350,   0.0000000000,
                       0.0055025350,   0.9999846800, -565.98999e-06,
                      3.1143798e-06,  565.98132e-06,   0.9999996400
                  </Orientation>
                  <Position type="Vector">-6.8466249, 0.2568078, 0.69012952</Position>
               </HpWeapon06>
               <HpTorpedo01>
                  <Axis type="Vector">0, 1, 0</Axis>
                  <Max type="float">0.78538001</Max>
                  <Min type="float">-0.7854</Min>
                  <Orientation type="Matrix">
                       0.7993814300,   0.6008238800,   0.0000000000,
                      -0.6008238800,   0.7993814300,   0.0000000000,
                       0.0000000000,  -0.0000000000,   1.0000000000
                  </Orientation>
                  <Position type="Vector">-5.34835, -0.061498538, -0.56881309</Position>
               </HpTorpedo01>
               <HpTorpedo02>
                  <Axis type="Vector">0, 1, 0</Axis>
                  <Max type="float">0.78538001</Max>
                  <Min type="float">-0.7854</Min>
                  <Orientation type="Matrix">
                      -0.7887736600,   0.6146837500,   0.0000000000,
                      -0.6146837500,  -0.7887736600,   0.0000000000,
                       0.0000000000,   0.0000000000,   1.0000000000
                  </Orientation>
                  <Position type="Vector">-5.34835, -2.1973667, -0.56881309</Position>
               </HpTorpedo02>
               <HpTorpedo03>
                  <Axis type="Vector">0, 1, 0</Axis>
                  <Max type="float">0.52359879</Max>
                  <Min type="float">-0.52359879</Min>
                  <Orientation type="Matrix">
                     -119.20929e-09,  -0.9999996400,  -0.0000000000,
                       0.9999996400, -119.20929e-09,   0.0000000000,
                       0.0000000000,  -0.0000000000,   1.0000000000
                  </Orientation>
                  <Position type="Vector">-8.2084541, -1.174783, 0.72360998</Position>
               </HpTorpedo03>
               <HpTorpedo04>
                  <Axis type="Vector">0, 1, 0</Axis>
                  <Max type="float">0.78539819</Max>
                  <Min type="float">-0.78539819</Min>
                  <Orientation type="Matrix">
                      59.604645e-09,   0.9999998800,   0.0000000000,
                      -0.9999998800,  59.604645e-09,   0.0000000000,
                       0.0000000000,   0.0000000000,   1.0000000000
                  </Orientation>
                  <Position type="Vector">6.6885781, -1.246303, -1.223435</Position>
               </HpTorpedo04>
            </Revolute>
         </Hardpoints>
         <MultiLevel>
            <Level0>
               <VMeshPart>
                  <VMeshRef type="VMeshRef">
                     <!-- header size  --> 60,
                     <!-- vmesh lib    --> Sw_LH_Destruction.lod0.vms,
                     <!-- start vert   --> 0,
                     <!-- num verts    --> 1740,
                     <!-- start index  --> 0,
                     <!-- num indices  --> 5331,
                     <!-- start mesh   --> 0,
                     <!-- num meshes   --> 5,
                     <!-- bounding box -->  6.7855659,   3.682683,   18.846754,
                                           -8.7576923,  -3.1375129,  -9.3757782,
                     <!-- center       --> -0.98606324,  0.27258503,  4.7354879,
                     <!-- radius       --> 16.46678
                  </VMeshRef>
               </VMeshPart>
            </Level0>
            <Level1>
               <VMeshPart>
                  <VMeshRef type="VMeshRef">
                     <!-- header size  --> 60,
                     <!-- vmesh lib    --> Sw_LH_Destruction.lod1.vms,
                     <!-- start vert   --> 0,
                     <!-- num verts    --> 1740,
                     <!-- start index  --> 0,
                     <!-- num indices  --> 5331,
                     <!-- start mesh   --> 0,
                     <!-- num meshes   --> 5,
                     <!-- bounding box -->  6.7855659,   3.682683,   18.846754,
                                           -8.7576923,  -3.1375129,  -9.3757782,
                     <!-- center       --> -0.98606324,  0.27258503,  4.7354879,
                     <!-- radius       --> 16.46678
                  </VMeshRef>
               </VMeshPart>
            </Level1>
            <Level2>
               <VMeshPart>
                  <VMeshRef type="VMeshRef">
                     <!-- header size  --> 60,
                     <!-- vmesh lib    --> Sw_LH_Destruction.lod2.vms,
                     <!-- start vert   --> 0,
                     <!-- num verts    --> 1740,
                     <!-- start index  --> 0,
                     <!-- num indices  --> 5331,
                     <!-- start mesh   --> 0,
                     <!-- num meshes   --> 5,
                     <!-- bounding box -->  6.7855659,   3.682683,   18.846754,
                                           -8.7576923,  -3.1375129,  -9.3757782,
                     <!-- center       --> -0.98606324,  0.27258503,  4.7354879,
                     <!-- radius       --> 16.46678
                  </VMeshRef>
               </VMeshPart>
            </Level2>
            <Level3>
               <VMeshPart>
                  <VMeshRef type="VMeshRef">
                     <!-- header size  --> 60,
                     <!-- vmesh lib    --> Sw_LH_Destruction.lod3.vms,
                     <!-- start vert   --> 0,
                     <!-- num verts    --> 1740,
                     <!-- start index  --> 0,
                     <!-- num indices  --> 5331,
                     <!-- start mesh   --> 0,
                     <!-- num meshes   --> 5,
                     <!-- bounding box -->  6.7855659,   3.682683,   18.846754,
                                           -8.7576923,  -3.1375129,  -9.3757782,
                     <!-- center       --> -0.98606324,  0.27258503,  4.7354879,
                     <!-- radius       --> 16.46678
                  </VMeshRef>
               </VMeshPart>
            </Level3>
            <Switch2 type="float array" count="5">
               0,
               100,
               1000,
               10000,
               1000000
            </Switch2>
         </MultiLevel>
      </Sw_LH_Destruction.3db>
   </UTF_ROOT>
</UTFXML>
