<?xml version="1.0" encoding="ISO-8859-1"?>
<!-- XML generated by UTFXML Version 2.2 built 19-Aug-2010 -->
<UTFXML filename="eagle.cmp" path="SHIPS\eagle">
   <UTF_ROOT>
      <VMeshLibrary>
         <imperial_eagle01.lod0.vms include="eagle_cmp\lod0.vms.xml"/>
      </VMeshLibrary>
      <Cmpnd>
         <Root>
            <File_name name="File name" type="text">imperial_eagle01.3db</File_name>
            <Index type="int">0</Index>
            <Object_name name="Object name" type="text">Root</Object_name>
         </Root>
      </Cmpnd>
      <imperial_eagle01.3db>
         <Hardpoints>
            <Fixed>
               <HpShield01>
                  <Orientation type="Matrix">
                       1.0000000000,   0.0000000000,   0.0000000000,
                      -0.0000000000,   1.0000000000,   0.0000000000,
                       0.0000000000,  -0.0000000000,   1.0000000000
                  </Orientation>
                  <Position type="Vector">-0.10264246, 1.9976295, -2.6663659</Position>
               </HpShield01>
               <HpThruster01>
                  <Orientation type="Matrix">
                      17.675633e-06,   1.0000000000,   0.0000000000,
                      -1.0000000000,  17.675633e-06,  373.12131e-09,
                      373.12131e-09, -6.5951554e-12,   1.0000000000
                  </Orientation>
                  <Position type="Vector">0.082599834, 2.6975772, 2.207165</Position>
               </HpThruster01>
               <HpScanner01>
                  <Orientation type="Matrix">
                      -1.0000000000,  37.648412e-09,   0.0000000000,
                     -37.648412e-09,  -1.0000000000,  255.00701e-06,
                      9.6006085e-12,  255.00701e-06,   1.0000000000
                  </Orientation>
                  <Position type="Vector">-0.23597586, -0.17884149, -3.7918561</Position>
               </HpScanner01>
               <tractor_source>
                  <Orientation type="Matrix">
                      -1.0000000000,  37.648412e-09,   0.0000000000,
                     -37.648412e-09,  -1.0000000000,  255.00701e-06,
                      9.6006085e-12,  255.00701e-06,   1.0000000000
                  </Orientation>
                  <Position type="Vector">-0.23597586, -0.17884149, -3.7918561</Position>
               </tractor_source>
               <HpPilot>
                  <Orientation type="Matrix">
                       1.0000000000, -268.93815e-09,   0.0000000000,
                      268.93815e-09,   1.0000000000, -224.48307e-09,
                      60.372063e-15,  224.48307e-09,   1.0000000000
                  </Orientation>
                  <Position type="Vector">-0.10264246, -1.1788418, -6.8506832</Position>
               </HpPilot>
               <HpEngine01>
                  <Orientation type="Matrix">
                       1.0000000000,   0.0000000000,   0.0000000000,
                       0.0000000000,   1.0000000000,   0.0000000000,
                       0.0000000000,   0.0000000000,   1.0000000000
                  </Orientation>
                  <Position type="Vector">-0.10264257, 0.82012564, 5.8816195</Position>
               </HpEngine01>
               <HpEngine02>
                  <Orientation type="Matrix">
                       1.0000000000,   0.0000000000,   0.0000000000,
                       0.0000000000,   1.0000000000,   0.0000000000,
                       0.0000000000,   0.0000000000,   1.0000000000
                  </Orientation>
                  <Position type="Vector">-0.10264257, -0.94458032, 5.8816195</Position>
               </HpEngine02>
               <HpMount>
                  <Orientation type="Matrix">
                       1.0000000000,   0.0000000000,   0.0000000000,
                       0.0000000000,   1.0000000000,   0.0000000000,
                       0.0000000000,   0.0000000000,   1.0000000000
                  </Orientation>
                  <Position type="Vector">-0.10264246, -4.0611959, -1.5487185</Position>
               </HpMount>
               <HpContrail02>
                  <Orientation type="Matrix">
                      -0.0083290963,   0.9999651900,   0.0000000000,
                      -0.9999651900,  -0.0083290963,  402.21409e-06,
                      402.20009e-06,  3.3500799e-06,   0.9999997600
                  </Orientation>
                  <Position type="Vector">9.7640266, -1.5866804, -4.2585268</Position>
               </HpContrail02>
               <HpDocklight01>
                  <Orientation type="Matrix">
                       0.7189287500,   0.6950838000,   0.0000000000,
                      -0.6950838000,   0.7189287500, -46.126705e-06,
                     -32.061926e-06,  33.161814e-06,   1.0000000000
                  </Orientation>
                  <Position type="Vector">8.2973537, 0.40547606, 0.019909104</Position>
               </HpDocklight01>
               <HpDocklight02>
                  <Orientation type="Matrix">
                       0.7189289300,  -0.6950835600,   0.0000000000,
                       0.6950835600,   0.7189289300, -46.126748e-06,
                      32.061944e-06,  33.161854e-06,   1.0000000000
                  </Orientation>
                  <Position type="Vector">-8.4359798, 0.47214288, 0.019909104</Position>
               </HpDocklight02>
               <HpCM01>
                  <Orientation type="Matrix">
                     -4.9092703e-09,  -0.9999983900,   0.0000000000,
                       0.9999983900, -4.9092703e-09,   0.0017552245,
                      -0.0017552217,  8.6168720e-12,   0.9999967800
                  </Orientation>
                  <Position type="Vector">-1.8807592, 0.17731315, 3.8146632</Position>
               </HpCM01>
               <HpMine01>
                  <Orientation type="Matrix">
                       0.0000000000,   1.0000000000,   0.0000000000,
                      -1.0000000000,   0.0000000000,  288.34780e-06,
                      288.34780e-06,  -0.0000000000,   1.0000000000
                  </Orientation>
                  <Position type="Vector">1.7192409, 0.17731315, 3.9146633</Position>
               </HpMine01>
               <HpCloak02>
                  <Orientation type="Matrix">
                       1.0000000000,   0.0000000000,   0.0000000000,
                       0.0000000000,   1.0000000000,   0.0000000000,
                       0.0000000000,   0.0000000000,   1.0000000000
                  </Orientation>
                  <Position type="Vector">0, 0, 0</Position>
               </HpCloak02>
               <HpCloak01>
                  <Orientation type="Matrix">
                       1.0000000000,   0.0000000000,   0.0000000000,
                       0.0000000000,   1.0000000000,   0.0000000000,
                       0.0000000000,   0.0000000000,   1.0000000000
                  </Orientation>
                  <Position type="Vector">0, 0, 0</Position>
               </HpCloak01>
               <HpHeadLight>
                  <Orientation type="Matrix">
                       1.0000000000,   0.0000000000,   0.0000000000,
                       0.0000000000,   1.0000000000,   0.0000000000,
                       0.0000000000,   0.0000000000,   1.0000000000
                  </Orientation>
                  <Position type="Vector">-0.1, -1.7436, -9.09</Position>
               </HpHeadLight>
               <HpRunningLight01>
                  <Orientation type="Matrix">
                       1.0000000000,   0.0000000000,   0.0000000000,
                       0.0000000000,   1.0000000000,   0.0000000000,
                       0.0000000000,   0.0000000000,   1.0000000000
                  </Orientation>
                  <Position type="Vector">3, 2.3, 5</Position>
               </HpRunningLight01>
               <HpRunningLight02>
                  <Orientation type="Matrix">
                       1.0000000000,   0.0000000000,   0.0000000000,
                       0.0000000000,   1.0000000000,   0.0000000000,
                       0.0000000000,   0.0000000000,   1.0000000000
                  </Orientation>
                  <Position type="Vector">-3.3, 2.3, 5</Position>
               </HpRunningLight02>
               <HpRunningLight03>
                  <Orientation type="Matrix">
                       1.0000000000,   0.0000000000,   0.0000000000,
                       0.0000000000,   1.0000000000,   0.0000000000,
                       0.0000000000,   0.0000000000,   1.0000000000
                  </Orientation>
                  <Position type="Vector">0, 6.146, -0.3448</Position>
               </HpRunningLight03>
               <HpContrail01>
                  <Orientation type="Matrix">
                     -119.20929e-09,  -0.9999996400,  -0.0000000000,
                       0.9999996400, -119.20929e-09,   0.0000000000,
                       0.0000000000,  -0.0000000000,   1.0000000000
                  </Orientation>
                  <Position type="Vector">-10.035976, -1.5866801, -4.2585268</Position>
               </HpContrail01>
               <HpRunningLight04>
                  <Orientation type="Matrix">
                       1.0000000000,   0.0000000000,   0.0000000000,
                       0.0000000000,   1.0000000000,   0.0000000000,
                       0.0000000000,   0.0000000000,   1.0000000000
                  </Orientation>
                  <Position type="Vector">10, -1, -3</Position>
               </HpRunningLight04>
               <HpRunningLight05>
                  <Orientation type="Matrix">
                       1.0000000000,   0.0000000000,   0.0000000000,
                       0.0000000000,   1.0000000000,   0.0000000000,
                       0.0000000000,   0.0000000000,   1.0000000000
                  </Orientation>
                  <Position type="Vector">-10, -1, -3</Position>
               </HpRunningLight05>
               <HpRunningLight06>
                  <Orientation type="Matrix">
                      -0.9998476500,  -0.0174498860, -304.59135e-06,
                      -0.0174525450,   0.9996954200,   0.0174498860,
                       0.0000000000,   0.0174525450,  -0.9998476500
                  </Orientation>
                  <Position type="Vector">10, -1, -3</Position>
               </HpRunningLight06>
               <HpRunningLight07>
                  <Orientation type="Matrix">
                      -0.9998476500,  -0.0174498860, -304.59135e-06,
                      -0.0174525450,   0.9996954200,   0.0174498860,
                       0.0000000000,   0.0174525450,  -0.9998476500
                  </Orientation>
                  <Position type="Vector">-10, -1, -3</Position>
               </HpRunningLight07>
               <Hpnew01>
                  <Orientation type="Matrix">
                       1.0000000000,   0.0000000000,   0.0000000000,
                       0.0000000000,   1.0000000000,   0.0000000000,
                       0.0000000000,   0.0000000000,   1.0000000000
                  </Orientation>
                  <Position type="Vector">0, 0, 0</Position>
               </Hpnew01>
               <Hpnew02>
                  <Orientation type="Matrix">
                       1.0000000000,   0.0000000000,   0.0000000000,
                       0.0000000000,   1.0000000000,   0.0000000000,
                       0.0000000000,   0.0000000000,   1.0000000000
                  </Orientation>
                  <Position type="Vector">0, 0, 0</Position>
               </Hpnew02>
               <Hpnew03>
                  <Orientation type="Matrix">
                       1.0000000000,   0.0000000000,   0.0000000000,
                       0.0000000000,   1.0000000000,   0.0000000000,
                       0.0000000000,   0.0000000000,   1.0000000000
                  </Orientation>
                  <Position type="Vector">0, 0, 0</Position>
               </Hpnew03>
            </Fixed>
            <Revolute>
               <HpWeapon01>
                  <Axis type="Vector">0, 1, 0</Axis>
                  <Max type="float">0.78538001</Max>
                  <Min type="float">-0.7854</Min>
                  <Orientation type="Matrix">
                       0.0000000000,  -1.0000000000,   0.0000000000,
                       1.0000000000,   0.0000000000,   0.0000000000,
                      -0.0000000000,   0.0000000000,   1.0000000000
                  </Orientation>
                  <Position type="Vector">-1.3807591, -1.7726862, -6.2353373</Position>
               </HpWeapon01>
               <HpWeapon02>
                  <Axis type="Vector">0, 1, 0</Axis>
                  <Max type="float">0.78538001</Max>
                  <Min type="float">-0.7854</Min>
                  <Orientation type="Matrix">
                      699.23698e-09,   1.0000000000,   0.0000000000,
                      -1.0000000000,  699.23698e-09,   0.0000000000,
                       0.0000000000,  -0.0000000000,   1.0000000000
                  </Orientation>
                  <Position type="Vector">1.1525748, -1.7726862, -6.3020053</Position>
               </HpWeapon02>
               <HpTurret01>
                  <Axis type="Vector">0, 1, 0</Axis>
                  <Max type="float">6.283185</Max>
                  <Min type="float">-6.283185</Min>
                  <Orientation type="Matrix">
                      -1.0000000000, -932.31540e-09,   0.0000000000,
                      932.31540e-09,  -1.0000000000,  932.31444e-09,
                     -869.21112e-15,  932.31444e-09,   1.0000000000
                  </Orientation>
                  <Position type="Vector">-0.10264246, -2.2700181, 4.1336331</Position>
               </HpTurret01>
               <HpWeapon03>
                  <Axis type="Vector">0, 1, 0</Axis>
                  <Max type="float">0.78538001</Max>
                  <Min type="float">-0.7854</Min>
                  <Orientation type="Matrix">
                       0.9396922600,  -0.3420212000,   0.0000000000,
                       0.3420212000,   0.9396922600,  438.04408e-09,
                     -149.82037e-09, -411.62664e-09,   1.0000000000
                  </Orientation>
                  <Position type="Vector">-3.6359756, 2.1741011, 0.039517898</Position>
               </HpWeapon03>
               <HpWeapon04>
                  <Axis type="Vector">0, 1, 0</Axis>
                  <Max type="float">0.78538001</Max>
                  <Min type="float">-0.7854</Min>
                  <Orientation type="Matrix">
                       0.9396932700,   0.3420182200,   0.0000000000,
                      -0.3420182200,   0.9396932700,  -0.0000000000,
                      -0.0000000000,   0.0000000000,   0.9999998800
                  </Orientation>
                  <Position type="Vector">3.497359, 2.1741011, 0.039517898</Position>
               </HpWeapon04>
               <HpWeapon05>
                  <Axis type="Vector">0, 1, 0</Axis>
                  <Max type="float">0.78538001</Max>
                  <Min type="float">-0.7854</Min>
                  <Orientation type="Matrix">
                      -0.7183841500,   0.6956464600,   0.0000000000,
                      -0.6956464600,  -0.7183841500, -378.81735e-06,
                     -263.52296e-06, -272.13639e-06,   0.9999997600
                  </Orientation>
                  <Position type="Vector">-9.5345697, -1.0970109, -2.8153849</Position>
               </HpWeapon05>
               <HpWeapon06>
                  <Axis type="Vector">0, 1, 0</Axis>
                  <Max type="float">0.78538001</Max>
                  <Min type="float">-0.7854</Min>
                  <Orientation type="Matrix">
                      -0.7183840900,  -0.6956465800,   0.0000000000,
                       0.6956465800,  -0.7183840900, -378.45082e-06,
                      263.26801e-06, -271.87305e-06,   0.9999998800
                  </Orientation>
                  <Position type="Vector">9.4016008, -1.105273, -2.7487185</Position>
               </HpWeapon06>
               <HpTorpedo01>
                  <Axis type="Vector">0, 1, 0</Axis>
                  <Max type="float">0.78538001</Max>
                  <Min type="float">-0.7854</Min>
                  <Orientation type="Matrix">
                      -1.0000000000,   0.0000000000,   0.0000000000,
                      -0.0000000000,  -1.0000000000,  466.15568e-09,
                       0.0000000000,  466.15568e-09,   1.0000000000
                  </Orientation>
                  <Position type="Vector">-0.10264246, -2.2611961, -8.2487183</Position>
               </HpTorpedo01>
            </Revolute>
         </Hardpoints>
         <MultiLevel>
            <Level0>
               <VMeshPart>
                  <VMeshRef type="VMeshRef">
                     <!-- header size  --> 60,
                     <!-- vmesh lib    --> imperial_eagle01.lod0.vms,
                     <!-- start vert   --> 0,
                     <!-- num verts    --> 1291,
                     <!-- start index  --> 0,
                     <!-- num indices  --> 2703,
                     <!-- start mesh   --> 0,
                     <!-- num meshes   --> 24,
                     <!-- bounding box -->  9.9494705,    5.9780149,  8.3550053,
                                           -9.998558,    -2.4151528, -9.0166111,
                     <!-- center       --> -0.024543762,  1.7814311, -0.33080292,
                     <!-- radius       --> 18.413952
                  </VMeshRef>
               </VMeshPart>
            </Level0>
         </MultiLevel>
      </imperial_eagle01.3db>
   </UTF_ROOT>
</UTFXML>
