<?xml version="1.0" encoding="ISO-8859-1"?>
<!-- XML generated by UTFXML Version 2.2 built 19-Aug-2010 -->
<UTFXML filename="li_battleship.cmp" path="SHIPS\LIBERTY\LI_BATTLESHIP">
   <UTF_ROOT>
      <VMeshLibrary>
         <li_dread1.lod0.vms include="li_battleship_cmp\lod0.vms.xml"/>
      </VMeshLibrary>
      <Cmpnd>
         <Root>
            <File_name name="File name" type="text">li_dread1.3db</File_name>
            <Index type="int">0</Index>
            <Object_name name="Object name" type="text">Root</Object_name>
         </Root>
      </Cmpnd>
      <li_dread1.3db>
         <Hardpoints>
            <Fixed>
               <HpMount>
                  <Orientation type="Matrix">
                       1.0000000000,   0.0000000000,   0.0000000000,
                       0.0000000000,   1.0000000000,   0.0000000000,
                       0.0000000000,   0.0000000000,   1.0000000000
                  </Orientation>
                  <Position type="Vector">0, -60, -370</Position>
               </HpMount>
               <HpTractor_Source>
                  <Orientation type="Matrix">
                       1.0000000000,   0.0000000000,   0.0000000000,
                       0.0000000000,   1.0000000000,   0.0000000000,
                       0.0000000000,   0.0000000000,   1.0000000000
                  </Orientation>
                  <Position type="Vector">0, 0, 0</Position>
               </HpTractor_Source>
               <HpShield01>
                  <Orientation type="Matrix">
                       1.0000000000,   0.0000000000,   0.0000000000,
                       0.0000000000,   1.0000000000,   0.0000000000,
                       0.0000000000,   0.0000000000,   1.0000000000
                  </Orientation>
                  <Position type="Vector">0, 0, 5</Position>
               </HpShield01>
               <HpEngine01>
                  <Orientation type="Matrix">
                       1.0000000000,   0.0000000000,   0.0000000000,
                       0.0000000000,   1.0000000000,   0.0000000000,
                       0.0000000000,   0.0000000000,   1.0000000000
                  </Orientation>
                  <Position type="Vector">0, -3, 272.5</Position>
               </HpEngine01>
               <HpEngineGlow01>
                  <Orientation type="Matrix">
                       1.0000000000,   0.0000000000,   0.0000000000,
                       0.0000000000,   1.0000000000,   0.0000000000,
                       0.0000000000,   0.0000000000,   1.0000000000
                  </Orientation>
                  <Position type="Vector">0, -3, 250</Position>
               </HpEngineGlow01>
               <HpRunningLight01>
                  <Orientation type="Matrix">
                       1.0000000000,   0.0000000000,   0.0000000000,
                       0.0000000000,   1.0000000000,   0.0000000000,
                       0.0000000000,   0.0000000000,   1.0000000000
                  </Orientation>
                  <Position type="Vector">95, 0, 80</Position>
               </HpRunningLight01>
               <HpRunningLight02>
                  <Orientation type="Matrix">
                       1.0000000000,   0.0000000000,   0.0000000000,
                       0.0000000000,   1.0000000000,   0.0000000000,
                       0.0000000000,   0.0000000000,   1.0000000000
                  </Orientation>
                  <Position type="Vector">-95, 0, 80</Position>
               </HpRunningLight02>
               <HpRunningLight03>
                  <Orientation type="Matrix">
                       1.0000000000,   0.0000000000,   0.0000000000,
                       0.0000000000,   1.0000000000,   0.0000000000,
                       0.0000000000,   0.0000000000,   1.0000000000
                  </Orientation>
                  <Position type="Vector">0, 100, 26.75</Position>
               </HpRunningLight03>
               <HpRunningLight04>
                  <Orientation type="Matrix">
                       1.0000000000,   0.0000000000,   0.0000000000,
                       0.0000000000,   1.0000000000,   0.0000000000,
                       0.0000000000,   0.0000000000,   1.0000000000
                  </Orientation>
                  <Position type="Vector">0, 44, -362.5</Position>
               </HpRunningLight04>
               <HpRunningLight05>
                  <Orientation type="Matrix">
                       1.0000000000,   0.0000000000,   0.0000000000,
                       0.0000000000,   1.0000000000,   0.0000000000,
                       0.0000000000,   0.0000000000,   1.0000000000
                  </Orientation>
                  <Position type="Vector">0, -45, -362.5</Position>
               </HpRunningLight05>
               <HpRunningLight06>
                  <Orientation type="Matrix">
                       1.0000000000,   0.0000000000,   0.0000000000,
                       0.0000000000,   1.0000000000,   0.0000000000,
                       0.0000000000,   0.0000000000,   1.0000000000
                  </Orientation>
                  <Position type="Vector">0, -63, -40</Position>
               </HpRunningLight06>
               <HpRunningLight07>
                  <Orientation type="Matrix">
                       1.0000000000,   0.0000000000,   0.0000000000,
                       0.0000000000,   1.0000000000,   0.0000000000,
                       0.0000000000,   0.0000000000,   1.0000000000
                  </Orientation>
                  <Position type="Vector">0, -63, 80</Position>
               </HpRunningLight07>
               <HpRunningLight08>
                  <Orientation type="Matrix">
                       1.0000000000,   0.0000000000,   0.0000000000,
                       0.0000000000,   1.0000000000,   0.0000000000,
                       0.0000000000,   0.0000000000,   1.0000000000
                  </Orientation>
                  <Position type="Vector">70, 20, -142.5</Position>
               </HpRunningLight08>
               <HpRunningLight09>
                  <Orientation type="Matrix">
                       1.0000000000,   0.0000000000,   0.0000000000,
                       0.0000000000,   1.0000000000,   0.0000000000,
                       0.0000000000,   0.0000000000,   1.0000000000
                  </Orientation>
                  <Position type="Vector">-70, 20, -142.5</Position>
               </HpRunningLight09>
               <HpRunningLight10>
                  <Orientation type="Matrix">
                       1.0000000000,   0.0000000000,   0.0000000000,
                       0.0000000000,   1.0000000000,   0.0000000000,
                       0.0000000000,   0.0000000000,   1.0000000000
                  </Orientation>
                  <Position type="Vector">70, -26.5, -142.5</Position>
               </HpRunningLight10>
               <HpRunningLight11>
                  <Orientation type="Matrix">
                       1.0000000000,   0.0000000000,   0.0000000000,
                       0.0000000000,   1.0000000000,   0.0000000000,
                       0.0000000000,   0.0000000000,   1.0000000000
                  </Orientation>
                  <Position type="Vector">-70, -26.5, -142.5</Position>
               </HpRunningLight11>
               <HpRunningLight12>
                  <Orientation type="Matrix">
                       1.0000000000,   0.0000000000,   0.0000000000,
                       0.0000000000,   1.0000000000,   0.0000000000,
                       0.0000000000,   0.0000000000,   1.0000000000
                  </Orientation>
                  <Position type="Vector">0, 55, -78.5</Position>
               </HpRunningLight12>
               <HpDocklight01>
                  <Orientation type="Matrix">
                       1.0000000000,   0.0000000000,   0.0000000000,
                       0.0000000000,   1.0000000000,   0.0000000000,
                       0.0000000000,   0.0000000000,   1.0000000000
                  </Orientation>
                  <Position type="Vector">95, 0, 85</Position>
               </HpDocklight01>
               <HpDocklight02>
                  <Orientation type="Matrix">
                       1.0000000000,   0.0000000000,   0.0000000000,
                       0.0000000000,   1.0000000000,   0.0000000000,
                       0.0000000000,   0.0000000000,   1.0000000000
                  </Orientation>
                  <Position type="Vector">-95, 0, 85</Position>
               </HpDocklight02>
               <HpDocklight03>
                  <Orientation type="Matrix">
                       1.0000000000,   0.0000000000,   0.0000000000,
                       0.0000000000,   1.0000000000,   0.0000000000,
                       0.0000000000,   0.0000000000,   1.0000000000
                  </Orientation>
                  <Position type="Vector">70, -26.5, -150</Position>
               </HpDocklight03>
               <HpDocklight04>
                  <Orientation type="Matrix">
                       1.0000000000,   0.0000000000,   0.0000000000,
                       0.0000000000,   1.0000000000,   0.0000000000,
                       0.0000000000,   0.0000000000,   1.0000000000
                  </Orientation>
                  <Position type="Vector">-70, -26.5, -150</Position>
               </HpDocklight04>
               <HpDocklight05>
                  <Orientation type="Matrix">
                       1.0000000000,   0.0000000000,   0.0000000000,
                       0.0000000000,   1.0000000000,   0.0000000000,
                       0.0000000000,   0.0000000000,   1.0000000000
                  </Orientation>
                  <Position type="Vector">70, 20, -150</Position>
               </HpDocklight05>
               <HpDocklight06>
                  <Orientation type="Matrix">
                       1.0000000000,   0.0000000000,   0.0000000000,
                       0.0000000000,   1.0000000000,   0.0000000000,
                       0.0000000000,   0.0000000000,   1.0000000000
                  </Orientation>
                  <Position type="Vector">-70, 20, -150</Position>
               </HpDocklight06>
               <HpCloak01>
                  <Orientation type="Matrix">
                       1.0000000000,   0.0000000000,   0.0000000000,
                       0.0000000000,   1.0000000000,   0.0000000000,
                       0.0000000000,   0.0000000000,   1.0000000000
                  </Orientation>
                  <Position type="Vector">0, 0, 0</Position>
               </HpCloak01>
               <HpCM01>
                  <Orientation type="Matrix">
                      -1.0000000000, -87.427907e-09,   0.0000000000,
                      87.427907e-09,  -1.0000000000,  -0.0000000000,
                       0.0000000000,   0.0000000000,   1.0000000000
                  </Orientation>
                  <Position type="Vector">0, -50.502132, 260.10251</Position>
               </HpCM01>
               <HpFX01>
                  <Orientation type="Matrix">
                       1.0000000000,   0.0000000000,   0.0000000000,
                       0.0000000000,   1.0000000000,   0.0000000000,
                       0.0000000000,   0.0000000000,   1.0000000000
                  </Orientation>
                  <Position type="Vector">0, 0, 0</Position>
               </HpFX01>
               <HpFX02>
                  <Orientation type="Matrix">
                      59.604645e-09,   0.9999998800,   0.0000000000,
                      -0.9999998800,  59.604645e-09,   0.0000000000,
                       0.0000000000,   0.0000000000,   1.0000000000
                  </Orientation>
                  <Position type="Vector">0, 0, 0</Position>
               </HpFX02>
               <HpFX03>
                  <Orientation type="Matrix">
                       1.0000000000,   0.0000000000,   0.0000000000,
                       0.0000000000,  59.604645e-09,   0.9999998800,
                       0.0000000000,  -0.9999998800,  59.604645e-09
                  </Orientation>
                  <Position type="Vector">0, 0, 0</Position>
               </HpFX03>
               <HpFX04>
                  <Orientation type="Matrix">
                       1.0000000000,   0.0000000000,   0.0000000000,
                       0.0000000000,   1.0000000000,   0.0000000000,
                       0.0000000000,   0.0000000000,   1.0000000000
                  </Orientation>
                  <Position type="Vector">0, 0, 0</Position>
               </HpFX04>
               <HpFX05>
                  <Orientation type="Matrix">
                       1.0000000000,   0.0000000000,   0.0000000000,
                       0.0000000000,   1.0000000000,   0.0000000000,
                       0.0000000000,   0.0000000000,   1.0000000000
                  </Orientation>
                  <Position type="Vector">0, 0, 0</Position>
               </HpFX05>
               <HpFX06>
                  <Orientation type="Matrix">
                       1.0000000000,   0.0000000000,   0.0000000000,
                       0.0000000000,   1.0000000000,   0.0000000000,
                       0.0000000000,   0.0000000000,   1.0000000000
                  </Orientation>
                  <Position type="Vector">0, 0, 0</Position>
               </HpFX06>
               <HpFX07>
                  <Orientation type="Matrix">
                       1.0000000000,   0.0000000000,   0.0000000000,
                       0.0000000000,   1.0000000000,   0.0000000000,
                       0.0000000000,   0.0000000000,   1.0000000000
                  </Orientation>
                  <Position type="Vector">0, 0, 0</Position>
               </HpFX07>
               <HpBayDoor01>
                  <Orientation type="Matrix">
                       1.0000000000,   0.0000000000,   0.0000000000,
                       0.0000000000,   1.0000000000,   0.0000000000,
                       0.0000000000,   0.0000000000,   1.0000000000
                  </Orientation>
                  <Position type="Vector">0, -80, 0</Position>
               </HpBayDoor01>
               <HpBayDoor02>
                  <Orientation type="Matrix">
                       1.0000000000,   0.0000000000,   0.0000000000,
                       0.0000000000,   1.0000000000,   0.0000000000,
                       0.0000000000,   0.0000000000,   1.0000000000
                  </Orientation>
                  <Position type="Vector">0, -95, 0</Position>
               </HpBayDoor02>
            </Fixed>
            <Revolute>
               <HpTurret01>
                  <Axis type="Vector">0, 1, 0</Axis>
                  <Max type="float">1.5707964</Max>
                  <Min type="float">-1.5707964</Min>
                  <Orientation type="Matrix">
                       1.0000000000,   0.0000000000,   0.0000000000,
                       0.0000000000,   1.0000000000,   0.0000000000,
                       0.0000000000,   0.0000000000,   1.0000000000
                  </Orientation>
                  <Position type="Vector">0, 43.179543, -114.9464</Position>
               </HpTurret01>
               <HpTurret02>
                  <Axis type="Vector">0, 1, 0</Axis>
                  <Max type="float">1.5707964</Max>
                  <Min type="float">-1.5707964</Min>
                  <Orientation type="Matrix">
                      -1.0000000000,  87.427907e-09, -7.6436389e-15,
                      87.427907e-09,   1.0000000000, -87.427907e-09,
                       0.0000000000, -87.427907e-09,  -1.0000000000
                  </Orientation>
                  <Position type="Vector">0, 53.438148, 68.236</Position>
               </HpTurret02>
               <HpTurret03>
                  <Axis type="Vector">0, 1, 0</Axis>
                  <Max type="float">1.5707964</Max>
                  <Min type="float">-1.5707964</Min>
                  <Orientation type="Matrix">
                       0.0871564150,   0.9576035100,   0.2745884100,
                      -0.9961944200,   0.0837801100,   0.0240234880,
                       0.0000000000,  -0.2756373300,   0.9612616900
                  </Orientation>
                  <Position type="Vector">16.927458, 19.800459, -345.03351</Position>
               </HpTurret03>
               <HpTurret04>
                  <Axis type="Vector">0, 1, 0</Axis>
                  <Max type="float">1.5707964</Max>
                  <Min type="float">-1.5707964</Min>
                  <Orientation type="Matrix">
                       0.0871562960,  -0.9622499900,  -0.2578341400,
                       0.9961944800,   0.0841865540,   0.0225576680,
                      14.901161e-09,  -0.2588190100,   0.9659258100
                  </Orientation>
                  <Position type="Vector">-17.206139, 19.756077, -344.06055</Position>
               </HpTurret04>
               <HpTurret05>
                  <Axis type="Vector">0, 1, 0</Axis>
                  <Max type="float">1.5707964</Max>
                  <Min type="float">-1.5707964</Min>
                  <Orientation type="Matrix">
                      -0.0871558190,   0.9622499900,   0.2578341400,
                      -0.9961944800,  -0.0841859580,  -0.0225576160,
                      14.901161e-09,  -0.2588190100,   0.9659258100
                  </Orientation>
                  <Position type="Vector">17.828003, -26.174877, -344.75931</Position>
               </HpTurret05>
               <HpTurret06>
                  <Axis type="Vector">0, 1, 0</Axis>
                  <Max type="float">1.5707964</Max>
                  <Min type="float">-1.5707964</Min>
                  <Orientation type="Matrix">
                      -0.1045284300,  -0.9606341700,  -0.2574011700,
                       0.9945216800,  -0.1009666900,  -0.0270540190,
                       0.0000000000,  -0.2588190100,   0.9659258100
                  </Orientation>
                  <Position type="Vector">-17.703083, -26.208332, -345.11133</Position>
               </HpTurret06>
               <HpTurret07>
                  <Axis type="Vector">0, 1, 0</Axis>
                  <Max type="float">3.1415927</Max>
                  <Min type="float">-3.1415927</Min>
                  <Orientation type="Matrix">
                     -119.20929e-09,   0.9999996400,   0.0000000000,
                      -0.9999996400, -119.20929e-09,   0.0000000000,
                       0.0000000000,   0.0000000000,   1.0000000000
                  </Orientation>
                  <Position type="Vector">70.570412, 6.694993, -33.790302</Position>
               </HpTurret07>
               <HpTurret08>
                  <Axis type="Vector">0, 1, 0</Axis>
                  <Max type="float">3.1415927</Max>
                  <Min type="float">-3.1415927</Min>
                  <Orientation type="Matrix">
                     -119.20929e-09,  -0.9999996400,  -0.0000000000,
                       0.9999996400, -119.20929e-09,   0.0000000000,
                       0.0000000000,  -0.0000000000,   1.0000000000
                  </Orientation>
                  <Position type="Vector">-70.570984, 6.8402848, -32.876633</Position>
               </HpTurret08>
               <HpTurret09>
                  <Axis type="Vector">0, 1, 0</Axis>
                  <Max type="float">1.7453293</Max>
                  <Min type="float">-1.7453293</Min>
                  <Orientation type="Matrix">
                       0.0000000000,   0.1564344200,  -0.9876878900,
                      81.956387e-09,   0.9876883600,   0.1564344200,
                       0.9999995800,  7.4505806e-09,   0.0000000000
                  </Orientation>
                  <Position type="Vector">84.136566, 4.784781, 77.028923</Position>
               </HpTurret09>
               <HpTurret10>
                  <Axis type="Vector">0, 1, 0</Axis>
                  <Max type="float">1.7453293</Max>
                  <Min type="float">-1.7453293</Min>
                  <Orientation type="Matrix">
                       0.0000000000,  -0.1564344200,   0.9876878900,
                     -81.956387e-09,   0.9876883600,   0.1564344200,
                      -0.9999995800,  7.4505806e-09,   0.0000000000
                  </Orientation>
                  <Position type="Vector">-81.265305, 5.2811079, 76.901283</Position>
               </HpTurret10>
               <HpTurret11>
                  <Axis type="Vector">0, 1, 0</Axis>
                  <Max type="float">1.7453293</Max>
                  <Min type="float">-1.7453293</Min>
                  <Orientation type="Matrix">
                      953.67432e-09,   0.1564344800,  -0.9876878900,
                      81.956387e-09,  -0.9876873500,  -0.1564344600,
                      -0.9999995800,   0.0000000000,   0.0000000000
                  </Orientation>
                  <Position type="Vector">82.734604, -5.7637072, 77.052002</Position>
               </HpTurret11>
               <HpTurret12>
                  <Axis type="Vector">0, 1, 0</Axis>
                  <Max type="float">1.7453293</Max>
                  <Min type="float">-1.7453293</Min>
                  <Orientation type="Matrix">
                      834.46503e-09,  -0.0871557890,   0.9961943600,
                     -48.428774e-09,  -0.9961941200,  -0.0871557890,
                       0.9999996400, -3.7252903e-09, -238.41858e-09
                  </Orientation>
                  <Position type="Vector">-83.414139, -5.6463871, 77.563843</Position>
               </HpTurret12>
               <HpTurret13>
                  <Axis type="Vector">0, 1, 0</Axis>
                  <Max type="float">1.7453293</Max>
                  <Min type="float">-1.7453293</Min>
                  <Orientation type="Matrix">
                     -119.20929e-09,  -0.4067364900,   0.9135451300,
                     -193.71510e-09,   0.9135454900,   0.4067364900,
                      -0.9999996400,  14.901161e-09, -119.20929e-09
                  </Orientation>
                  <Position type="Vector">-64.055519, -22.357567, -137.86314</Position>
               </HpTurret13>
               <HpTurret14>
                  <Axis type="Vector">0, 1, 0</Axis>
                  <Max type="float">1.7453293</Max>
                  <Min type="float">-1.7453293</Min>
                  <Orientation type="Matrix">
                     -119.20929e-09,   0.4067364900,  -0.9135451300,
                      193.71510e-09,   0.9135454900,   0.4067364900,
                       0.9999996400,  14.901161e-09, -119.20929e-09
                  </Orientation>
                  <Position type="Vector">64.743553, -22.677172, -138.22215</Position>
               </HpTurret14>
               <HpTurret15>
                  <Axis type="Vector">0, 1, 0</Axis>
                  <Max type="float">3.1415927</Max>
                  <Min type="float">-3.1415927</Min>
                  <Orientation type="Matrix">
                      -1.0000000000,  87.427907e-09,   0.0000000000,
                     -87.427907e-09,  -1.0000000000,   0.0000000000,
                       0.0000000000,  -0.0000000000,   1.0000000000
                  </Orientation>
                  <Position type="Vector">0, -61.286564, 24.72876</Position>
               </HpTurret15>
               <HpTurret16>
                  <Axis type="Vector">0, 1, 0</Axis>
                  <Max type="float">1.5707964</Max>
                  <Min type="float">-1.5707964</Min>
                  <Orientation type="Matrix">
                      -0.9998476500,  -0.0174525450,  -0.0000000000,
                       0.0174525450,  -0.9998476500,   0.0000000000,
                       0.0000000000,  -0.0000000000,   1.0000000000
                  </Orientation>
                  <Position type="Vector">0, -44.03, -105.17249</Position>
               </HpTurret16>
               <HpTurret17>
                  <Axis type="Vector">0, 1, 0</Axis>
                  <Max type="float">1.5707964</Max>
                  <Min type="float">-1.5707964</Min>
                  <Orientation type="Matrix">
                       1.0000000000, -87.427907e-09, -87.427907e-09,
                     -87.427907e-09,  -1.0000000000,  7.6436389e-15,
                     -87.427907e-09,   0.0000000000,  -1.0000000000
                  </Orientation>
                  <Position type="Vector">0, -58.765938, 91.978325</Position>
               </HpTurret17>
               <HpTorpedo01>
                  <Axis type="Vector">0, 1, 0</Axis>
                  <Max type="float">0.017453292</Max>
                  <Min type="float">-0.017453292</Min>
                  <Orientation type="Matrix">
                      -1.0000000000, -86.577060e-09,  12.167613e-09,
                      87.427907e-09,  -0.9902682300,   0.1391731100,
                      444.08921e-18,   0.1391731100,   0.9902680500
                  </Orientation>
                  <Position type="Vector">0, -42.371105, -351.60284</Position>
               </HpTorpedo01>
               <HpTurret18>
                  <Axis type="Vector">0, 1, 0</Axis>
                  <Max type="float">3.1415927</Max>
                  <Min type="float">-3.1415927</Min>
                  <Orientation type="Matrix">
                       1.0000000000,   0.0000000000,   0.0000000000,
                       0.0000000000,   1.0000000000,   0.0000000000,
                       0.0000000000,   0.0000000000,   1.0000000000
                  </Orientation>
                  <Position type="Vector">0.024413001, 98.084557, 27.099092</Position>
               </HpTurret18>
               <HpTurret19>
                  <Axis type="Vector">0, 1, 0</Axis>
                  <Max type="float">1.5707964</Max>
                  <Min type="float">-1.5707964</Min>
                  <Orientation type="Matrix">
                      -1.0000000000,   0.0000000000,  87.422784e-09,
                      6.0983045e-09,   0.9975640800,   0.0697564710,
                     -87.209820e-09,   0.0697564710,  -0.9975640800
                  </Orientation>
                  <Position type="Vector">0.120995, 55.388245, 219.86221</Position>
               </HpTurret19>
               <HpTurret20>
                  <Axis type="Vector">0, 1, 0</Axis>
                  <Max type="float">1.5707964</Max>
                  <Min type="float">-1.5707964</Min>
                  <Orientation type="Matrix">
                       0.9396926200,  -0.3420201800, -82.150528e-09,
                      -0.3420201800,  -0.9396925000,  29.900352e-09,
                     -87.422769e-09,   0.0000000000,  -0.9999998800
                  </Orientation>
                  <Position type="Vector">-19.442095, -58.381657, 219.14014</Position>
               </HpTurret20>
               <HpTurret21>
                  <Axis type="Vector">0, 1, 0</Axis>
                  <Max type="float">1.5707964</Max>
                  <Min type="float">-1.5707964</Min>
                  <Orientation type="Matrix">
                       0.9396926200,   0.3420201800, -82.150528e-09,
                       0.3420201800,  -0.9396925000, -29.900352e-09,
                     -87.422769e-09,   0.0000000000,  -0.9999998800
                  </Orientation>
                  <Position type="Vector">19.96073, -58.252106, 218.36115</Position>
               </HpTurret21>
               <HpTurret22>
                  <Axis type="Vector">0, 1, 0</Axis>
                  <Max type="float">1.5707964</Max>
                  <Min type="float">-1.5707964</Min>
                  <Orientation type="Matrix">
                      -0.7660443800,  -0.6427875800,  66.969733e-09,
                      -0.6427875800,   0.7660445000,  56.194274e-09,
                     -87.422777e-09,   0.0000000000,  -0.9999998800
                  </Orientation>
                  <Position type="Vector">-38.185329, 41.2938, 219.0619</Position>
               </HpTurret22>
               <HpTurret23>
                  <Axis type="Vector">0, 1, 0</Axis>
                  <Max type="float">1.5707964</Max>
                  <Min type="float">-1.5707964</Min>
                  <Orientation type="Matrix">
                      -0.7660443800,   0.6427875800,  66.969733e-09,
                       0.6427875800,   0.7660445000, -56.194274e-09,
                     -87.422777e-09,   0.0000000000,  -0.9999998800
                  </Orientation>
                  <Position type="Vector">37.898468, 41.514488, 219.27087</Position>
               </HpTurret23>
               <HpTurret24>
                  <Axis type="Vector">0, 1, 0</Axis>
                  <Max type="float">1.5707964</Max>
                  <Min type="float">-1.5707964</Min>
                  <Orientation type="Matrix">
                      -0.1736483600,  -0.9848078500,  15.180809e-09,
                      -0.9848078500,   0.1736481200,  86.094644e-09,
                     -87.422791e-09, -3.5527137e-15,  -1.0000000000
                  </Orientation>
                  <Position type="Vector">-57.708599, 7.0167632, 218.80551</Position>
               </HpTurret24>
               <HpTurret25>
                  <Axis type="Vector">0, 1, 0</Axis>
                  <Max type="float">1.5707964</Max>
                  <Min type="float">-1.5707964</Min>
                  <Orientation type="Matrix">
                      -0.1736483600,   0.9848078500,  15.180809e-09,
                       0.9848078500,   0.1736481200, -86.094644e-09,
                     -87.422791e-09,  3.5527137e-15,  -1.0000000000
                  </Orientation>
                  <Position type="Vector">57.771168, 6.770298, 218.53532</Position>
               </HpTurret25>
               <HpTurret26>
                  <Axis type="Vector">0, 1, 0</Axis>
                  <Max type="float">0.78539819</Max>
                  <Min type="float">-0.78539819</Min>
                  <Orientation type="Matrix">
                      238.41858e-09,  -0.9999997600, -59.604645e-09,
                     -59.604645e-09,  178.81393e-09,   0.9999997600,
                      -0.9999997600,   0.0000000000,  178.81393e-09
                  </Orientation>
                  <Position type="Vector">-58.660378, -4.0997891, -72.371223</Position>
               </HpTurret26>
               <HpTurret27>
                  <Axis type="Vector">0, 1, 0</Axis>
                  <Max type="float">0.78539819</Max>
                  <Min type="float">-0.78539819</Min>
                  <Orientation type="Matrix">
                      238.41858e-09,   0.9999997600,  59.604645e-09,
                      59.604645e-09,  178.81393e-09,   0.9999997600,
                       0.9999997600,   0.0000000000,  178.81393e-09
                  </Orientation>
                  <Position type="Vector">58.794399, -3.7421131, -72.910439</Position>
               </HpTurret27>
            </Revolute>
         </Hardpoints>
         <MultiLevel>
            <Level0>
               <VMeshPart>
                  <VMeshRef type="VMeshRef">
                     <!-- header size  --> 60,
                     <!-- vmesh lib    --> li_dread1.lod0.vms,
                     <!-- start vert   --> 0,
                     <!-- num verts    --> 8151,
                     <!-- start index  --> 0,
                     <!-- num indices  --> 25800,
                     <!-- start mesh   --> 0,
                     <!-- num meshes   --> 11,
                     <!-- bounding box -->   93.394272,    98.084557,  273.10559,
                                            -93.394989,   -66.043259, -375.62976,
                     <!-- center       --> -358.58154e-6,  16.020649,  -51.262085,
                     <!-- radius       --> 499.12567
                  </VMeshRef>
               </VMeshPart>
            </Level0>
         </MultiLevel>
      </li_dread1.3db>
   </UTF_ROOT>
</UTFXML>
