<?xml version="1.0" encoding="ISO-8859-1"?>
<!-- XML generated by UTFXML Version 2.2 built 19-Aug-2010 -->
<UTFXML filename="demon_ship3.cmp" path="SHIPS\new\Scifi\ZEN_models">
   <UTF_ROOT>
      <VMeshLibrary>
         <demon_ship3.lod0.vms include="demon_ship3_cmp\lod0.vms.xml"/>
      </VMeshLibrary>
      <Cmpnd>
         <Root>
            <File_name name="File name" type="text">demon_ship3.3db</File_name>
            <Index type="int">0</Index>
            <Object_name name="Object name" type="text">Root</Object_name>
         </Root>
      </Cmpnd>
      <demon_ship3.3db>
         <Hardpoints>
            <Fixed>
               <HpMount>
                  <Orientation type="Matrix">
                       1.0000000000,   0.0000000000,   0.0000000000,
                       0.0000000000,   1.0000000000,   0.0000000000,
                       0.0000000000,   0.0000000000,   1.0000000000
                  </Orientation>
                  <Position type="Vector">0, -5.5, 0</Position>
               </HpMount>
               <HpBayDoor01>
                  <Orientation type="Matrix">
                       1.0000000000,   0.0000000000,   0.0000000000,
                       0.0000000000,   1.0000000000,   0.0000000000,
                       0.0000000000,   0.0000000000,   1.0000000000
                  </Orientation>
                  <Position type="Vector">0, 5, 0</Position>
               </HpBayDoor01>
               <HpBayDoor02>
                  <Orientation type="Matrix">
                       1.0000000000,   0.0000000000,   0.0000000000,
                       0.0000000000,   1.0000000000,   0.0000000000,
                       0.0000000000,   0.0000000000,   1.0000000000
                  </Orientation>
                  <Position type="Vector">0, 10, 0</Position>
               </HpBayDoor02>
               <HpTractor_Source>
                  <Orientation type="Matrix">
                       1.0000000000,   0.0000000000,   0.0000000000,
                       0.0000000000,   1.0000000000,   0.0000000000,
                       0.0000000000,   0.0000000000,   1.0000000000
                  </Orientation>
                  <Position type="Vector">292.99999e-6, -0.203705, -15.424538</Position>
               </HpTractor_Source>
               <HpRunningLight01>
                  <Orientation type="Matrix">
                       1.0000000000,   0.0000000000,   0.0000000000,
                       0.0000000000,   1.0000000000,   0.0000000000,
                       0.0000000000,   0.0000000000,   1.0000000000
                  </Orientation>
                  <Position type="Vector">-197e-6, -0.203739, -15.424607</Position>
               </HpRunningLight01>
               <HpRunningLight02>
                  <Orientation type="Matrix">
                       1.0000000000,   0.0000000000,   0.0000000000,
                       0.0000000000,   1.0000000000,   0.0000000000,
                       0.0000000000,   0.0000000000,   1.0000000000
                  </Orientation>
                  <Position type="Vector">-9.4984875, 0.42024499, -0.022088001</Position>
               </HpRunningLight02>
               <HpDocklight01>
                  <Orientation type="Matrix">
                       1.0000000000,   0.0000000000,   0.0000000000,
                       0.0000000000,   1.0000000000,   0.0000000000,
                       0.0000000000,   0.0000000000,   1.0000000000
                  </Orientation>
                  <Position type="Vector">-9.4985924, 0.420151, -0.022142</Position>
               </HpDocklight01>
               <HpContrail01>
                  <Orientation type="Matrix">
                       1.0000000000,   0.0000000000,   0.0000000000,
                       0.0000000000,   1.0000000000,   0.0000000000,
                       0.0000000000,   0.0000000000,   1.0000000000
                  </Orientation>
                  <Position type="Vector">-9.4986629, 0.42017499, -0.02202</Position>
               </HpContrail01>
               <HpRunningLight03>
                  <Orientation type="Matrix">
                       1.0000000000,   0.0000000000,   0.0000000000,
                       0.0000000000,   1.0000000000,   0.0000000000,
                       0.0000000000,   0.0000000000,   1.0000000000
                  </Orientation>
                  <Position type="Vector">9.4986582, 0.42019799, -0.021963</Position>
               </HpRunningLight03>
               <HpDocklight02>
                  <Orientation type="Matrix">
                       1.0000000000,   0.0000000000,   0.0000000000,
                       0.0000000000,   1.0000000000,   0.0000000000,
                       0.0000000000,   0.0000000000,   1.0000000000
                  </Orientation>
                  <Position type="Vector">9.4985552, 0.42025, -0.022008</Position>
               </HpDocklight02>
               <HpContrail02>
                  <Orientation type="Matrix">
                       1.0000000000,   0.0000000000,   0.0000000000,
                       0.0000000000,   1.0000000000,   0.0000000000,
                       0.0000000000,   0.0000000000,   1.0000000000
                  </Orientation>
                  <Position type="Vector">9.4986258, 0.420187, -0.022038</Position>
               </HpContrail02>
               <HpEngine01>
                  <Orientation type="Matrix">
                       1.0000000000,   0.0000000000,   0.0000000000,
                       0.0000000000,   1.0000000000,   0.0000000000,
                       0.0000000000,   0.0000000000,   1.0000000000
                  </Orientation>
                  <Position type="Vector">-3.6835289, 0.56464899, 8.0219402</Position>
               </HpEngine01>
               <HpEngine02>
                  <Orientation type="Matrix">
                       1.0000000000,   0.0000000000,   0.0000000000,
                       0.0000000000,   1.0000000000,   0.0000000000,
                       0.0000000000,   0.0000000000,   1.0000000000
                  </Orientation>
                  <Position type="Vector">3.632803, 0.48040301, 8.0335827</Position>
               </HpEngine02>
               <HpEngine03>
                  <Orientation type="Matrix">
                       1.0000000000,   0.0000000000,   0.0000000000,
                       0.0000000000,   1.0000000000,   0.0000000000,
                       0.0000000000,   0.0000000000,   1.0000000000
                  </Orientation>
                  <Position type="Vector">-0.003165, -1.988794, 7.6607389</Position>
               </HpEngine03>
               <HpThruster01>
                  <Orientation type="Matrix">
                       1.0000000000,   0.0000000000,   0.0000000000,
                       0.0000000000,   1.0000000000,   0.0000000000,
                       0.0000000000,   0.0000000000,   1.0000000000
                  </Orientation>
                  <Position type="Vector">-0.003085, -2.5, 6.7</Position>
               </HpThruster01>
               <HpNew01>
                  <Orientation type="Matrix">
                       1.0000000000,   0.0000000000,   0.0000000000,
                       0.0000000000,   1.0000000000,   0.0000000000,
                       0.0000000000,   0.0000000000,   1.0000000000
                  </Orientation>
                  <Position type="Vector">0, 0, 0</Position>
               </HpNew01>
               <HpNew02>
                  <Orientation type="Matrix">
                       1.0000000000,   0.0000000000,   0.0000000000,
                       0.0000000000,   1.0000000000,   0.0000000000,
                       0.0000000000,   0.0000000000,   1.0000000000
                  </Orientation>
                  <Position type="Vector">0, 0, 0</Position>
               </HpNew02>
               <HpNew03>
                  <Orientation type="Matrix">
                       1.0000000000,   0.0000000000,   0.0000000000,
                       0.0000000000,   1.0000000000,   0.0000000000,
                       0.0000000000,   0.0000000000,   1.0000000000
                  </Orientation>
                  <Position type="Vector">0, 0, 0</Position>
               </HpNew03>
               <HpNew04>
                  <Orientation type="Matrix">
                       1.0000000000,   0.0000000000,   0.0000000000,
                       0.0000000000,   1.0000000000,   0.0000000000,
                       0.0000000000,   0.0000000000,   1.0000000000
                  </Orientation>
                  <Position type="Vector">0, 0, 0</Position>
               </HpNew04>
               <HpNew05>
                  <Orientation type="Matrix">
                       1.0000000000,   0.0000000000,   0.0000000000,
                       0.0000000000,   1.0000000000,   0.0000000000,
                       0.0000000000,   0.0000000000,   1.0000000000
                  </Orientation>
                  <Position type="Vector">0, 0, 0</Position>
               </HpNew05>
               <HpCM01>
                  <Orientation type="Matrix">
                      -1.0000000000, -87.422777e-09,   0.0000000000,
                      87.422777e-09,  -1.0000000000,  -0.0000000000,
                       0.0000000000,   0.0000000000,   1.0000000000
                  </Orientation>
                  <Position type="Vector">0.013993, -2.8660021, 8.8987207</Position>
               </HpCM01>
               <HpMine01>
                  <Orientation type="Matrix">
                      -1.0000000000, -87.422777e-09,   0.0000000000,
                      87.422777e-09,  -1.0000000000,  -0.0000000000,
                       0.0000000000,   0.0000000000,   1.0000000000
                  </Orientation>
                  <Position type="Vector">6.0000002e-6, -2.650708, 10.318739</Position>
               </HpMine01>
               <HpShield01>
                  <Orientation type="Matrix">
                       1.0000000000,   0.0000000000,   0.0000000000,
                       0.0000000000,   1.0000000000,   0.0000000000,
                       0.0000000000,   0.0000000000,   1.0000000000
                  </Orientation>
                  <Position type="Vector">0, 0, 0</Position>
               </HpShield01>
               <HpShield02>
                  <Orientation type="Matrix">
                       1.0000000000,   0.0000000000,   0.0000000000,
                       0.0000000000,   1.0000000000,   0.0000000000,
                       0.0000000000,   0.0000000000,   1.0000000000
                  </Orientation>
                  <Position type="Vector">0, 0, 0</Position>
               </HpShield02>
               <HpCloak01>
                  <Orientation type="Matrix">
                       1.0000000000,   0.0000000000,   0.0000000000,
                       0.0000000000,   1.0000000000,   0.0000000000,
                       0.0000000000,   0.0000000000,   1.0000000000
                  </Orientation>
                  <Position type="Vector">0, 0, 0</Position>
               </HpCloak01>
               <HpFX01>
                  <Orientation type="Matrix">
                       1.0000000000,   0.0000000000,   0.0000000000,
                       0.0000000000,   1.0000000000,   0.0000000000,
                       0.0000000000,   0.0000000000,   1.0000000000
                  </Orientation>
                  <Position type="Vector">0, 0, 0</Position>
               </HpFX01>
               <HpFX02>
                  <Orientation type="Matrix">
                      59.604645e-09,   0.9999998800,   0.0000000000,
                      -0.9999998800,  59.604645e-09,   0.0000000000,
                       0.0000000000,   0.0000000000,   1.0000000000
                  </Orientation>
                  <Position type="Vector">0, 0, 0</Position>
               </HpFX02>
               <HpFX03>
                  <Orientation type="Matrix">
                       1.0000000000,   0.0000000000,   0.0000000000,
                       0.0000000000,  59.604645e-09,   0.9999998800,
                       0.0000000000,  -0.9999998800,  59.604645e-09
                  </Orientation>
                  <Position type="Vector">0, 0, 0</Position>
               </HpFX03>
            </Fixed>
            <Revolute>
               <HpTorpedo01>
                  <Axis type="Vector">0, 1, 0</Axis>
                  <Max type="float">0.78539819</Max>
                  <Min type="float">-0.78539819</Min>
                  <Orientation type="Matrix">
                      -0.9396925000,  -0.3420201800,  -0.0000000000,
                       0.3420201800,  -0.9396925000,   0.0000000000,
                       0.0000000000,  -0.0000000000,   1.0000000000
                  </Orientation>
                  <Position type="Vector">-3.0229139, -1.535154, -5.5474858</Position>
               </HpTorpedo01>
               <HpTorpedo02>
                  <Axis type="Vector">0, 1, 0</Axis>
                  <Max type="float">0.78539819</Max>
                  <Min type="float">-0.78539819</Min>
                  <Orientation type="Matrix">
                      -0.9396925000,   0.3420201800,   0.0000000000,
                      -0.3420201800,  -0.9396925000,   0.0000000000,
                       0.0000000000,   0.0000000000,   1.0000000000
                  </Orientation>
                  <Position type="Vector">3.0411301, -1.5257601, -5.5539589</Position>
               </HpTorpedo02>
               <HpTorpedo03>
                  <Axis type="Vector">0, 1, 0</Axis>
                  <Max type="float">0.78539819</Max>
                  <Min type="float">-0.78539819</Min>
                  <Orientation type="Matrix">
                      -1.0000000000, -87.369521e-09,  3.0510108e-09,
                      87.422784e-09,  -0.9993908400,   0.0348994960,
                       0.0000000000,   0.0348994960,   0.9993908400
                  </Orientation>
                  <Position type="Vector">-0.01377, -3.4462309, -0.565391</Position>
               </HpTorpedo03>
               <HpWeapon01>
                  <Axis type="Vector">0, 1, 0</Axis>
                  <Max type="float">0.78539819</Max>
                  <Min type="float">-0.78539819</Min>
                  <Orientation type="Matrix">
                       0.9743700600,  -0.2249510600,  -0.0000000000,
                       0.2249510600,   0.9743700600,   0.0000000000,
                       0.0000000000,  -0.0000000000,   1.0000000000
                  </Orientation>
                  <Position type="Vector">-7.4308901, 1.120294, 1.912228</Position>
               </HpWeapon01>
               <HpWeapon02>
                  <Axis type="Vector">0, 1, 0</Axis>
                  <Max type="float">0.78539819</Max>
                  <Min type="float">-0.78539819</Min>
                  <Orientation type="Matrix">
                       0.9743700600,   0.2249510600,   0.0000000000,
                      -0.2249510600,   0.9743700600,   0.0000000000,
                       0.0000000000,   0.0000000000,   1.0000000000
                  </Orientation>
                  <Position type="Vector">7.3726621, 1.1400191, 1.98605</Position>
               </HpWeapon02>
               <HpWeapon03>
                  <Axis type="Vector">0, 1, 0</Axis>
                  <Max type="float">0.78539819</Max>
                  <Min type="float">-0.78539819</Min>
                  <Orientation type="Matrix">
                      -0.8829476800,  -0.4691855900,   0.0163843200,
                       0.4694715700,  -0.8824098100,   0.0308144240,
                       0.0000000000,   0.0348994960,   0.9993908400
                  </Orientation>
                  <Position type="Vector">-7.775938, -0.421592, 1.987121</Position>
               </HpWeapon03>
               <HpWeapon04>
                  <Axis type="Vector">0, 1, 0</Axis>
                  <Max type="float">0.78539819</Max>
                  <Min type="float">-0.78539819</Min>
                  <Orientation type="Matrix">
                      -0.8829476800,   0.4691855900,  -0.0163843200,
                      -0.4694715700,  -0.8824098100,   0.0308144240,
                       0.0000000000,   0.0348994960,   0.9993908400
                  </Orientation>
                  <Position type="Vector">7.777204, -0.42039499, 1.993028</Position>
               </HpWeapon04>
               <HpWeapon05>
                  <Axis type="Vector">0, 1, 0</Axis>
                  <Max type="float">0.78539819</Max>
                  <Min type="float">-0.78539819</Min>
                  <Orientation type="Matrix">
                       0.9743700600,  -0.2249510600,  -0.0000000000,
                       0.2249510600,   0.9743700600,   0.0000000000,
                       0.0000000000,  -0.0000000000,   1.0000000000
                  </Orientation>
                  <Position type="Vector">-4.120389, 2.291811, 4.0737491</Position>
               </HpWeapon05>
               <HpWeapon06>
                  <Axis type="Vector">0, 1, 0</Axis>
                  <Max type="float">0.78539819</Max>
                  <Min type="float">-0.78539819</Min>
                  <Orientation type="Matrix">
                       0.9743700600,   0.2249510600,   0.0000000000,
                      -0.2249510600,   0.9743700600,   0.0000000000,
                       0.0000000000,   0.0000000000,   1.0000000000
                  </Orientation>
                  <Position type="Vector">4.0671868, 2.3014989, 4.1017661</Position>
               </HpWeapon06>
               <HpWeapon07>
                  <Axis type="Vector">0, 1, 0</Axis>
                  <Max type="float">0.78539819</Max>
                  <Min type="float">-0.78539819</Min>
                  <Orientation type="Matrix">
                      -0.9063078800,  -0.4223609300,   0.0147491670,
                       0.4226183600,  -0.9057558200,   0.0316296850,
                      465.66129e-12,   0.0348994990,   0.9993908400
                  </Orientation>
                  <Position type="Vector">-5.5449319, -1.406873, 2.767071</Position>
               </HpWeapon07>
               <HpWeapon08>
                  <Axis type="Vector">0, 1, 0</Axis>
                  <Max type="float">0.78539819</Max>
                  <Min type="float">-0.78539819</Min>
                  <Orientation type="Matrix">
                      -0.9063078200,   0.4226183300,   0.0000000000,
                      -0.4226183300,  -0.9063078200,   0.0000000000,
                       0.0000000000,   0.0000000000,   1.0000000000
                  </Orientation>
                  <Position type="Vector">5.5640759, -1.398609, 2.7881279</Position>
               </HpWeapon08>
               <HpWeapon09>
                  <Axis type="Vector">0, 1, 0</Axis>
                  <Max type="float">0.78539819</Max>
                  <Min type="float">-0.78539819</Min>
                  <Orientation type="Matrix">
                      -1.0000000000, -87.422777e-09,   0.0000000000,
                      87.422777e-09,  -1.0000000000,  -0.0000000000,
                       0.0000000000,   0.0000000000,   1.0000000000
                  </Orientation>
                  <Position type="Vector">-0.006408, -2.2376909, -5.535933</Position>
               </HpWeapon09>
               <HpWeapon10>
                  <Axis type="Vector">0, 1, 0</Axis>
                  <Max type="float">0.78539819</Max>
                  <Min type="float">-0.78539819</Min>
                  <Orientation type="Matrix">
                       1.0000000000,   0.0000000000,   0.0000000000,
                       0.0000000000,   1.0000000000,   0.0000000000,
                       0.0000000000,   0.0000000000,   1.0000000000
                  </Orientation>
                  <Position type="Vector">-0.005662, 2.502131, -0.60066599</Position>
               </HpWeapon10>
               <HpTurret01>
                  <Axis type="Vector">0, 1, 0</Axis>
                  <Max type="float">3.1415927</Max>
                  <Min type="float">-3.1415927</Min>
                  <Orientation type="Matrix">
                       1.0000000000,   0.0000000000,   0.0000000000,
                       0.0000000000,   1.0000000000,   0.0000000000,
                       0.0000000000,   0.0000000000,   1.0000000000
                  </Orientation>
                  <Position type="Vector">0.01554, 2.7009561, 4.4524698</Position>
               </HpTurret01>
               <HpTurret02>
                  <Axis type="Vector">0, 1, 0</Axis>
                  <Max type="float">3.1415927</Max>
                  <Min type="float">-3.1415927</Min>
                  <Orientation type="Matrix">
                      -1.0000000000, -87.209820e-09,  6.0983045e-09,
                      87.422784e-09,  -0.9975640800,   0.0697564710,
                       0.0000000000,   0.0697564710,   0.9975640800
                  </Orientation>
                  <Position type="Vector">-0.001492, -3.179039, 6.390502</Position>
               </HpTurret02>
               <HpTurret03>
                  <Axis type="Vector">0, 1, 0</Axis>
                  <Max type="float">3.1415927</Max>
                  <Min type="float">-3.1415927</Min>
                  <Orientation type="Matrix">
                       1.0000000000,   0.0000000000,   0.0000000000,
                       0.0000000000,   1.0000000000,   0.0000000000,
                       0.0000000000,   0.0000000000,   1.0000000000
                  </Orientation>
                  <Position type="Vector">-1.71699, 2.6638491, 2.1787701</Position>
               </HpTurret03>
               <HpTurret04>
                  <Axis type="Vector">0, 1, 0</Axis>
                  <Max type="float">3.1415927</Max>
                  <Min type="float">-3.1415927</Min>
                  <Orientation type="Matrix">
                       1.0000000000,   0.0000000000,   0.0000000000,
                       0.0000000000,   1.0000000000,   0.0000000000,
                       0.0000000000,   0.0000000000,   1.0000000000
                  </Orientation>
                  <Position type="Vector">1.757539, 2.661545, 2.1251409</Position>
               </HpTurret04>
            </Revolute>
         </Hardpoints>
         <MultiLevel>
            <Level0>
               <VMeshPart>
                  <VMeshRef type="VMeshRef">
                     <!-- header size  --> 60,
                     <!-- vmesh lib    --> demon_ship3.lod0.vms,
                     <!-- start vert   --> 0,
                     <!-- num verts    --> 1961,
                     <!-- start index  --> 0,
                     <!-- num indices  --> 7548,
                     <!-- start mesh   --> 0,
                     <!-- num meshes   --> 1,
                     <!-- bounding box -->  9.52561,  2.7079132,   14.922642,
                                           -9.52561, -3.4627502,  -15.424903,
                     <!-- center       -->  0,       -0.37741852,  -0.25113058,
                     <!-- radius       --> 23.07107
                  </VMeshRef>
               </VMeshPart>
            </Level0>
         </MultiLevel>
      </demon_ship3.3db>
   </UTF_ROOT>
</UTFXML>
