<?xml version="1.0" encoding="ISO-8859-1"?>
<!-- XML generated by UTFXML Version 2.2 built 19-Aug-2010 -->
<UTFXML filename="EVE_Turnip_Rock.cmp" path="SOLAR\new\EVE">
   <UTF_ROOT>
      <VMeshLibrary>
         <EVE_Turnip_Rock.lod0.vms include="EVE_Turnip_Rock_cmp\lod0.vms.xml"/>
      </VMeshLibrary>
      <Cmpnd>
         <Root>
            <File_name name="File name" type="text">EVE_Turnip_Rock.3db</File_name>
            <Index type="int">0</Index>
            <Object_name name="Object name" type="text">Root</Object_name>
         </Root>
      </Cmpnd>
      <EVE_Turnip_Rock.3db>
         <Hardpoints>
            <Fixed>
               <HpDockMountA>
                  <Orientation type="Matrix">
                      -0.9396924400,   0.0000000000,  -0.3420201800,
                       0.1281230200,   0.9271838700,  -0.3520150200,
                       0.3171155800,  -0.3746065500,  -0.8712676200
                  </Orientation>
                  <Position type="Vector">-180, 130, -570</Position>
               </HpDockMountA>
               <HpDockPointA01>
                  <Orientation type="Matrix">
                      -0.9396924400,   0.0000000000,  -0.3420201800,
                       0.1281230200,   0.9271838700,  -0.3520150200,
                       0.3171155800,  -0.3746065500,  -0.8712676200
                  </Orientation>
                  <Position type="Vector">-225, 93, -690</Position>
               </HpDockPointA01>
               <HpDockPointA02>
                  <Orientation type="Matrix">
                      -0.9396924400,   0.0000000000,  -0.3420201800,
                       0.1281230200,   0.9271838700,  -0.3520150200,
                       0.3171155800,  -0.3746065500,  -0.8712676200
                  </Orientation>
                  <Position type="Vector">-325, 33, -890</Position>
               </HpDockPointA02>
               <HpDockCamA>
                  <Orientation type="Matrix">
                       1.0000000000,   0.0000000000,   0.0000000000,
                       0.0000000000,   1.0000000000,   0.0000000000,
                       0.0000000000,   0.0000000000,   1.0000000000
                  </Orientation>
                  <Position type="Vector">-300, 50, -750</Position>
               </HpDockCamA>
               <HpFX01>
                  <Orientation type="Matrix">
                       0.7071068300,   0.0000000000,  -0.7071067700,
                       0.0000000000,   1.0000000000,   0.0000000000,
                       0.7071067700,   0.0000000000,   0.7071068300
                  </Orientation>
                  <Position type="Vector">-155.86079, -215, 224.74004</Position>
               </HpFX01>
               <HpFX02>
                  <Orientation type="Matrix">
                      -0.9396924400,   0.0000000000,  -0.3420201800,
                       0.1281230200,   0.9271838700,  -0.3520150200,
                       0.3171155800,  -0.3746065500,  -0.8712676200
                  </Orientation>
                  <Position type="Vector">-203.4968, 110, -622.0368</Position>
               </HpFX02>
               <HpFX03>
                  <Orientation type="Matrix">
                       1.0000000000,   0.0000000000,  -0.0000000000,
                      -0.0000000000,  59.604645e-09,  -0.9999998800,
                       0.0000000000,   0.9999998800,  59.604645e-09
                  </Orientation>
                  <Position type="Vector">223.75803, -974.2088, 210</Position>
               </HpFX03>
               <HpFX04>
                  <Orientation type="Matrix">
                      -0.8660253300,   0.0000000000,   0.5000000000,
                      -0.0000000000,   1.0000000000,   0.0000000000,
                      -0.5000000000,  -0.0000000000,  -0.8660253300
                  </Orientation>
                  <Position type="Vector">265.1322, -120, -549.28503</Position>
               </HpFX04>
               <HpDockMountB>
                  <Orientation type="Matrix">
                       0.7071067700, -1.8626451e-09,  -0.7071067700,
                      -0.0616284160,   0.9961947200,  -0.0616284090,
                       0.7044159800,   0.0871557370,   0.7044160400
                  </Orientation>
                  <Position type="Vector">-115, -220, 182</Position>
               </HpDockMountB>
               <HpDockPointB01>
                  <Orientation type="Matrix">
                       0.7071067700,   0.0000000000,  -0.7071067700,
                      -0.0493252720,   0.9975640800,  -0.0493252690,
                       0.7053843100,   0.0697564630,   0.7053843100
                  </Orientation>
                  <Position type="Vector">-245, -220, 322</Position>
               </HpDockPointB01>
               <HpDockPointB02>
                  <Orientation type="Matrix">
                       0.7071067700,   0.0000000000,  -0.7071067700,
                      -0.0370071120,   0.9986295700,  -0.0370071120,
                       0.7061377200,   0.0523359590,   0.7061377800
                  </Orientation>
                  <Position type="Vector">-395, -240, 500</Position>
               </HpDockPointB02>
               <HpDockMountC>
                  <Orientation type="Matrix">
                      -0.9848078500,   0.0000000000,  -0.1736483000,
                       0.0000000000,   1.0000000000,   0.0000000000,
                       0.1736483000,   0.0000000000,  -0.9848078500
                  </Orientation>
                  <Position type="Vector">1000, 0, -350</Position>
               </HpDockMountC>
               <HpDockPointC01>
                  <Orientation type="Matrix">
                      -0.9848078500,   0.0000000000,  -0.1736483000,
                       0.0000000000,   1.0000000000,   0.0000000000,
                       0.1736483000,   0.0000000000,  -0.9848078500
                  </Orientation>
                  <Position type="Vector">900, 0, -550</Position>
               </HpDockPointC01>
               <HpDockPointC02>
                  <Orientation type="Matrix">
                      -0.9848078500,   0.0000000000,  -0.1736483000,
                       0.0000000000,   1.0000000000,   0.0000000000,
                       0.1736483000,   0.0000000000,  -0.9848078500
                  </Orientation>
                  <Position type="Vector">800, 0, -750</Position>
               </HpDockPointC02>
               <HpDockCamC>
                  <Orientation type="Matrix">
                       1.0000000000,   0.0000000000,   0.0000000000,
                       0.0000000000,   1.0000000000,   0.0000000000,
                       0.0000000000,   0.0000000000,   1.0000000000
                  </Orientation>
                  <Position type="Vector">1500, 182.0036, -1000</Position>
               </HpDockCamC>
            </Fixed>
            <Revolute>
               <HpTurret01>
                  <Axis type="Vector">0, 1, 0</Axis>
                  <Max type="float">3.1415927</Max>
                  <Min type="float">-3.1415927</Min>
                  <Orientation type="Matrix">
                       0.9986295100,   0.0512853040,  -0.0104341120,
                      -0.0523359630,   0.9785817300,  -0.1990947000,
                       0.0000000000,   0.1993679300,   0.9799246800
                  </Orientation>
                  <Position type="Vector">56.618252, 1584.0671, -83.632286</Position>
               </HpTurret01>
               <HpTurret02>
                  <Axis type="Vector">0, 1, 0</Axis>
                  <Max type="float">1.5707964</Max>
                  <Min type="float">-0.78539819</Min>
                  <Orientation type="Matrix">
                       0.7313537600,  -0.4383800000,  -0.5224410300,
                       0.6819982500,   0.4701051100,   0.5602493900,
                     -29.802322e-09,  -0.7660443200,   0.6427875800
                  </Orientation>
                  <Position type="Vector">-221.88745, 254.42604, -765.37433</Position>
               </HpTurret02>
               <HpTurret03>
                  <Axis type="Vector">0, 1, 0</Axis>
                  <Max type="float">1.5707964</Max>
                  <Min type="float">-1.5707964</Min>
                  <Orientation type="Matrix">
                      126.65987e-09,  -0.6427874600,   0.7660443800,
                     -29.802322e-09,   0.7660445000,   0.6427874600,
                      -0.9999998800, -29.802322e-09,  119.20929e-09
                  </Orientation>
                  <Position type="Vector">-660.41522, 414.298, -72.377296</Position>
               </HpTurret03>
               <HpTurret04>
                  <Axis type="Vector">0, 1, 0</Axis>
                  <Max type="float">1.5707964</Max>
                  <Min type="float">-1.5707964</Min>
                  <Orientation type="Matrix">
                      -0.9848077900, -3.7252903e-09,   0.1736482400,
                       0.1116189400,   0.7660444400,   0.6330222500,
                      -0.1330222800,   0.6427876400,  -0.7544065700
                  </Orientation>
                  <Position type="Vector">-80.140862, 849.37457, 745.88165</Position>
               </HpTurret04>
               <HpTurret05>
                  <Axis type="Vector">0, 1, 0</Axis>
                  <Max type="float">3.1415927</Max>
                  <Min type="float">-3.1415927</Min>
                  <Orientation type="Matrix">
                      -1.0000000000, -3.5527137e-15,  87.422777e-09,
                      75.710346e-09,  -0.5000001200,   0.8660253300,
                      43.711395e-09,   0.8660253300,   0.5000001200
                  </Orientation>
                  <Position type="Vector">341.53598, -962.68372, 317.17386</Position>
               </HpTurret05>
               <HpTurret06>
                  <Axis type="Vector">0, 1, 0</Axis>
                  <Max type="float">1.9198622</Max>
                  <Min type="float">-1.9198622</Min>
                  <Orientation type="Matrix">
                       0.8660253900,  -0.2347357600,   0.4414737800,
                      -0.5000000000,  -0.4065742500,   0.7646549900,
                      14.901161e-09,  -0.8829475600,  -0.4694715100
                  </Orientation>
                  <Position type="Vector">20.780188, -1195.0292, -370.51291</Position>
               </HpTurret06>
               <HpTurret07>
                  <Axis type="Vector">0, 1, 0</Axis>
                  <Max type="float">1.9198622</Max>
                  <Min type="float">-1.9198622</Min>
                  <Orientation type="Matrix">
                       0.2830791500,   0.9587260500,  -0.0266582070,
                      -0.3098309000,   0.1177166100,   0.9434764400,
                       0.9076734800,  -0.2588190700,   0.3303659900
                  </Orientation>
                  <Position type="Vector">638.67236, -668.80481, -232.6918</Position>
               </HpTurret07>
            </Revolute>
         </Hardpoints>
         <MultiLevel>
            <Level0>
               <VMeshPart>
                  <VMeshRef type="VMeshRef">
                     <!-- header size  --> 60,
                     <!-- vmesh lib    --> EVE_Turnip_Rock.lod0.vms,
                     <!-- start vert   --> 0,
                     <!-- num verts    --> 4360,
                     <!-- start index  --> 0,
                     <!-- num indices  --> 20916,
                     <!-- start mesh   --> 0,
                     <!-- num meshes   --> 1,
                     <!-- bounding box -->  752.638,    1593.651,   822.11218,
                                           -749.50897, -2369.6089, -822.61182,
                     <!-- center       -->    0,           0,         0,
                     <!-- radius       --> 2000
                  </VMeshRef>
               </VMeshPart>
            </Level0>
         </MultiLevel>
      </EVE_Turnip_Rock.3db>
   </UTF_ROOT>
</UTFXML>
