<?xml version="1.0" encoding="ISO-8859-1"?>
<!-- XML generated by UTFXML Version 2.2 built 19-Aug-2010 -->
<UTFXML filename="Mass_Effect_Cruiser.cmp" path="SHIPS\new\MassEffect">
   <UTF_ROOT>
      <VMeshLibrary>
         <mass_effect_cruiser.lod0.vms include="Mass_Effect_Cruiser_cmp\lod0.vms.xml"/>
      </VMeshLibrary>
      <Cmpnd>
         <Root>
            <File_name name="File name" type="text">mass_effect_cruiser.3db</File_name>
            <Index type="int">0</Index>
            <Object_name name="Object name" type="text">Root</Object_name>
         </Root>
      </Cmpnd>
      <mass_effect_cruiser.3db>
         <Hardpoints>
            <Fixed>
               <HpFX01>
                  <Orientation type="Matrix">
                       1.0000000000,   0.0000000000,   0.0000000000,
                       0.0000000000,   1.0000000000,   0.0000000000,
                       0.0000000000,   0.0000000000,   1.0000000000
                  </Orientation>
                  <Position type="Vector">0, 10, 0</Position>
               </HpFX01>
               <HpFX02>
                  <Orientation type="Matrix">
                       1.0000000000,   0.0000000000,   0.0000000000,
                       0.0000000000,   0.0174524190,   0.9998477100,
                       0.0000000000,  -0.9998477100,   0.0174524190
                  </Orientation>
                  <Position type="Vector">0, 10, 0</Position>
               </HpFX02>
               <HpFX03>
                  <Orientation type="Matrix">
                       0.0174524190,   0.9998477100,   0.0000000000,
                      -0.9998477100,   0.0174524190,   0.0000000000,
                       0.0000000000,   0.0000000000,   1.0000000000
                  </Orientation>
                  <Position type="Vector">0, 10, 0</Position>
               </HpFX03>
               <HpEngine01>
                  <Orientation type="Matrix">
                       1.0000000000,   0.0000000000,   0.0000000000,
                       0.0000000000,   1.0000000000,   0.0000000000,
                       0.0000000000,   0.0000000000,   1.0000000000
                  </Orientation>
                  <Position type="Vector">-55.816578, -3.4781489, 243.00789</Position>
               </HpEngine01>
               <HpEngine02>
                  <Orientation type="Matrix">
                       1.0000000000,   0.0000000000,   0.0000000000,
                       0.0000000000,   1.0000000000,   0.0000000000,
                       0.0000000000,   0.0000000000,   1.0000000000
                  </Orientation>
                  <Position type="Vector">55.859097, -3.3735681, 243.00362</Position>
               </HpEngine02>
               <HpTractor_Source>
                  <Orientation type="Matrix">
                       1.0000000000,   0.0000000000,   0.0000000000,
                       0.0000000000,   1.0000000000,   0.0000000000,
                       0.0000000000,   0.0000000000,   1.0000000000
                  </Orientation>
                  <Position type="Vector">0, 21.074116, -233.72217</Position>
               </HpTractor_Source>
               <HpDocklight01>
                  <Orientation type="Matrix">
                       1.0000000000,   0.0000000000,   0.0000000000,
                       0.0000000000,   1.0000000000,   0.0000000000,
                       0.0000000000,   0.0000000000,   1.0000000000
                  </Orientation>
                  <Position type="Vector">0.246325, 61.450523, 165.01248</Position>
               </HpDocklight01>
               <HpRunningLight01>
                  <Orientation type="Matrix">
                       1.0000000000,   0.0000000000,   0.0000000000,
                       0.0000000000,   1.0000000000,   0.0000000000,
                       0.0000000000,   0.0000000000,   1.0000000000
                  </Orientation>
                  <Position type="Vector">0.25384399, 61.450523, 163.15858</Position>
               </HpRunningLight01>
               <HpRunningLight02>
                  <Orientation type="Matrix">
                       1.0000000000,   0.0000000000,   0.0000000000,
                       0.0000000000,   1.0000000000,   0.0000000000,
                       0.0000000000,   0.0000000000,   1.0000000000
                  </Orientation>
                  <Position type="Vector">-14.310928, -28.279085, -304.99365</Position>
               </HpRunningLight02>
               <HpRunningLight03>
                  <Orientation type="Matrix">
                       1.0000000000,   0.0000000000,   0.0000000000,
                       0.0000000000,   1.0000000000,   0.0000000000,
                       0.0000000000,   0.0000000000,   1.0000000000
                  </Orientation>
                  <Position type="Vector">14.31567, -28.279394, -304.99396</Position>
               </HpRunningLight03>
               <HpRunningLight04>
                  <Orientation type="Matrix">
                       1.0000000000,   0.0000000000,   0.0000000000,
                       0.0000000000,   1.0000000000,   0.0000000000,
                       0.0000000000,   0.0000000000,   1.0000000000
                  </Orientation>
                  <Position type="Vector">0.24136899, 41.921852, -68.189522</Position>
               </HpRunningLight04>
               <HpRunningLight05>
                  <Orientation type="Matrix">
                       1.0000000000,   0.0000000000,   0.0000000000,
                       0.0000000000,   1.0000000000,   0.0000000000,
                       0.0000000000,   0.0000000000,   1.0000000000
                  </Orientation>
                  <Position type="Vector">0.26508099, 45.403854, 53.319851</Position>
               </HpRunningLight05>
               <HpRunningLight06>
                  <Orientation type="Matrix">
                       1.0000000000,   0.0000000000,   0.0000000000,
                       0.0000000000,   1.0000000000,   0.0000000000,
                       0.0000000000,   0.0000000000,   1.0000000000
                  </Orientation>
                  <Position type="Vector">0.24249201, 46.488113, 102.68571</Position>
               </HpRunningLight06>
               <HpShield01>
                  <Orientation type="Matrix">
                       1.0000000000,   0.0000000000,   0.0000000000,
                       0.0000000000,   1.0000000000,   0.0000000000,
                       0.0000000000,   0.0000000000,   1.0000000000
                  </Orientation>
                  <Position type="Vector">0, 5, 0</Position>
               </HpShield01>
               <HpMount>
                  <Orientation type="Matrix">
                       1.0000000000,   0.0000000000,   0.0000000000,
                       0.0000000000,   1.0000000000,   0.0000000000,
                       0.0000000000,   0.0000000000,   1.0000000000
                  </Orientation>
                  <Position type="Vector">0, -50, -99</Position>
               </HpMount>
               <HpBayDoor01>
                  <Orientation type="Matrix">
                       1.0000000000,   0.0000000000,   0.0000000000,
                       0.0000000000,   1.0000000000,   0.0000000000,
                       0.0000000000,   0.0000000000,   1.0000000000
                  </Orientation>
                  <Position type="Vector">0, -60, 0</Position>
               </HpBayDoor01>
               <HpBayDoor02>
                  <Orientation type="Matrix">
                       1.0000000000,   0.0000000000,   0.0000000000,
                       0.0000000000,   1.0000000000,   0.0000000000,
                       0.0000000000,   0.0000000000,   1.0000000000
                  </Orientation>
                  <Position type="Vector">0, -70, 0</Position>
               </HpBayDoor02>
               <HpCloak01>
                  <Orientation type="Matrix">
                       1.0000000000,   0.0000000000,   0.0000000000,
                       0.0000000000,   1.0000000000,   0.0000000000,
                       0.0000000000,   0.0000000000,   1.0000000000
                  </Orientation>
                  <Position type="Vector">0, 5, 0</Position>
               </HpCloak01>
               <HpCM01>
                  <Orientation type="Matrix">
                      -0.8191520000, -89.406967e-09,  -0.5735763900,
                       0.2867882500,  -0.8660253900,  -0.4095759700,
                      -0.4967317000,  -0.5000000000,   0.7094065000
                  </Orientation>
                  <Position type="Vector">-66.372757, -10.360651, 266.1983</Position>
               </HpCM01>
               <HpFX04>
                  <Orientation type="Matrix">
                       1.0000000000,   0.0000000000,   0.0000000000,
                       0.0000000000,   1.0000000000,   0.0000000000,
                       0.0000000000,   0.0000000000,   1.0000000000
                  </Orientation>
                  <Position type="Vector">0, 10, 0</Position>
               </HpFX04>
               <HpFX05>
                  <Orientation type="Matrix">
                       1.0000000000,   0.0000000000,   0.0000000000,
                       0.0000000000,   1.0000000000,   0.0000000000,
                       0.0000000000,   0.0000000000,   1.0000000000
                  </Orientation>
                  <Position type="Vector">0, 10, 0</Position>
               </HpFX05>
               <HpFX06>
                  <Orientation type="Matrix">
                       1.0000000000,   0.0000000000,   0.0000000000,
                       0.0000000000,   1.0000000000,   0.0000000000,
                       0.0000000000,   0.0000000000,   1.0000000000
                  </Orientation>
                  <Position type="Vector">0, 10, 0</Position>
               </HpFX06>
               <HpFX07>
                  <Orientation type="Matrix">
                       1.0000000000,   0.0000000000,   0.0000000000,
                       0.0000000000,   1.0000000000,   0.0000000000,
                       0.0000000000,   0.0000000000,   1.0000000000
                  </Orientation>
                  <Position type="Vector">0, 10, 0</Position>
               </HpFX07>
            </Fixed>
            <Revolute>
               <HpTorpedo01>
                  <Axis type="Vector">0, 1, 0</Axis>
                  <Max type="float">0.78539819</Max>
                  <Min type="float">-0.78539819</Min>
                  <Orientation type="Matrix">
                      -1.0000000000, -87.422777e-09,   0.0000000000,
                      87.422777e-09,  -1.0000000000,  -0.0000000000,
                       0.0000000000,   0.0000000000,   1.0000000000
                  </Orientation>
                  <Position type="Vector">0, 4.8190022, -195.67091</Position>
               </HpTorpedo01>
               <HpTurret01>
                  <Axis type="Vector">0, 1, 0</Axis>
                  <Max type="float">1.6057029</Max>
                  <Min type="float">-1.6057029</Min>
                  <Orientation type="Matrix">
                       0.0522645150,  -0.4972608100,   0.8660251500,
                      -0.0905243160,   0.8612812200,   0.4999998800,
                      -0.9945215600,  -0.1045284900,  238.41858e-09
                  </Orientation>
                  <Position type="Vector">-56.349499, -13.660243, 49.695251</Position>
               </HpTurret01>
               <HpTurret02>
                  <Axis type="Vector">0, 1, 0</Axis>
                  <Max type="float">1.6057029</Max>
                  <Min type="float">-1.6057029</Min>
                  <Orientation type="Matrix">
                       0.0522645150,   0.4972608100,  -0.8660251500,
                       0.0905243160,   0.8612812200,   0.4999998800,
                       0.9945215600,  -0.1045284900,  238.41858e-09
                  </Orientation>
                  <Position type="Vector">56.362015, -13.694112, 49.487617</Position>
               </HpTurret02>
               <HpTurret03>
                  <Axis type="Vector">0, 1, 0</Axis>
                  <Max type="float">1.5707964</Max>
                  <Min type="float">-1.5707964</Min>
                  <Orientation type="Matrix">
                      111.75871e-09,  -0.5000000000,   0.8660252700,
                     -29.802322e-09,   0.8660254500,   0.5000000000,
                      -0.9999998200,   0.0000000000,  119.20929e-09
                  </Orientation>
                  <Position type="Vector">-32.095818, 23.708673, 87.45961</Position>
               </HpTurret03>
               <HpTurret04>
                  <Axis type="Vector">0, 1, 0</Axis>
                  <Max type="float">1.5707964</Max>
                  <Min type="float">-1.5707964</Min>
                  <Orientation type="Matrix">
                      111.75871e-09,   0.5000000000,  -0.8660252700,
                      29.802322e-09,   0.8660254500,   0.5000000000,
                       0.9999998200,   0.0000000000,  119.20929e-09
                  </Orientation>
                  <Position type="Vector">31.799505, 23.892643, 87.471306</Position>
               </HpTurret04>
               <HpTurret05>
                  <Axis type="Vector">0, 1, 0</Axis>
                  <Max type="float">1.5707964</Max>
                  <Min type="float">-1.5707964</Min>
                  <Orientation type="Matrix">
                      -0.0475736260,   0.6803369500,   0.7313536400,
                       0.0510167180,  -0.7295719400,   0.6819982500,
                       0.9975639600,   0.0697565080,  59.604645e-09
                  </Orientation>
                  <Position type="Vector">-47.949772, -24.850908, 50.710144</Position>
               </HpTurret05>
               <HpTurret06>
                  <Axis type="Vector">0, 1, 0</Axis>
                  <Max type="float">1.5707964</Max>
                  <Min type="float">-1.5707964</Min>
                  <Orientation type="Matrix">
                      -0.0475736260,  -0.6803369500,  -0.7313536400,
                      -0.0510167180,  -0.7295719400,   0.6819982500,
                      -0.9975639600,   0.0697565080,  59.604645e-09
                  </Orientation>
                  <Position type="Vector">48.151928, -25.024506, 50.666969</Position>
               </HpTurret06>
               <HpTurret07>
                  <Axis type="Vector">0, 1, 0</Axis>
                  <Max type="float">1.5707964</Max>
                  <Min type="float">-1.5707964</Min>
                  <Orientation type="Matrix">
                       0.0522645150,  -0.4972608100,   0.8660251500,
                      -0.0905243160,   0.8612812200,   0.4999998800,
                      -0.9945215600,  -0.1045284900,  238.41858e-09
                  </Orientation>
                  <Position type="Vector">-45.158863, -9.4755936, 25.372469</Position>
               </HpTurret07>
               <HpTurret08>
                  <Axis type="Vector">0, 1, 0</Axis>
                  <Max type="float">1.5707964</Max>
                  <Min type="float">-1.5707964</Min>
                  <Orientation type="Matrix">
                       0.0522645150,   0.4972608100,  -0.8660251500,
                       0.0905243160,   0.8612812200,   0.4999998800,
                       0.9945215600,  -0.1045284900,  238.41858e-09
                  </Orientation>
                  <Position type="Vector">45.378994, -9.5736113, 25.730684</Position>
               </HpTurret08>
               <HpTurret09>
                  <Axis type="Vector">0, 1, 0</Axis>
                  <Max type="float">1.5707964</Max>
                  <Min type="float">-1.5707964</Min>
                  <Orientation type="Matrix">
                      -0.0475736260,   0.6803369500,   0.7313536400,
                       0.0510167180,  -0.7295719400,   0.6819982500,
                       0.9975639600,   0.0697565080,  59.604645e-09
                  </Orientation>
                  <Position type="Vector">-38.355663, -18.738518, 26.421833</Position>
               </HpTurret09>
               <HpTurret10>
                  <Axis type="Vector">0, 1, 0</Axis>
                  <Max type="float">1.5707964</Max>
                  <Min type="float">-1.5707964</Min>
                  <Orientation type="Matrix">
                      -0.0475736260,  -0.6803369500,  -0.7313536400,
                      -0.0510167180,  -0.7295719400,   0.6819982500,
                      -0.9975639600,   0.0697565080,  59.604645e-09
                  </Orientation>
                  <Position type="Vector">38.501568, -18.847559, 26.586342</Position>
               </HpTurret10>
               <HpTurret11>
                  <Axis type="Vector">0, 1, 0</Axis>
                  <Max type="float">3.1415927</Max>
                  <Min type="float">-3.1415927</Min>
                  <Orientation type="Matrix">
                      -0.1564345400,  -0.9741428500,  -0.1630156000,
                       0.9876883600,  -0.1542891300,  -0.0258191380,
                       0.0000000000,  -0.1650476200,   0.9862855700
                  </Orientation>
                  <Position type="Vector">-67.20813, -29.526489, 22.21566</Position>
               </HpTurret11>
               <HpTurret12>
                  <Axis type="Vector">0, 1, 0</Axis>
                  <Max type="float">3.1415927</Max>
                  <Min type="float">-3.1415927</Min>
                  <Orientation type="Matrix">
                      -0.1564345400,   0.9741428500,   0.1630156000,
                      -0.9876883600,  -0.1542891300,  -0.0258191380,
                       0.0000000000,  -0.1650476200,   0.9862855700
                  </Orientation>
                  <Position type="Vector">67.194794, -29.333105, 21.947634</Position>
               </HpTurret12>
               <HpTurret13>
                  <Axis type="Vector">0, 1, 0</Axis>
                  <Max type="float">1.5707964</Max>
                  <Min type="float">-1.5707964</Min>
                  <Orientation type="Matrix">
                       0.0522645150,  -0.4972608100,   0.8660251500,
                      -0.0905243160,   0.8612812200,   0.4999998800,
                      -0.9945215600,  -0.1045284900,  238.41858e-09
                  </Orientation>
                  <Position type="Vector">-41.394691, -12.46709, -13.986128</Position>
               </HpTurret13>
               <HpTurret14>
                  <Axis type="Vector">0, 1, 0</Axis>
                  <Max type="float">1.5707964</Max>
                  <Min type="float">-1.5707964</Min>
                  <Orientation type="Matrix">
                       0.0522645150,   0.4972608100,  -0.8660251500,
                       0.0905243160,   0.8612812200,   0.4999998800,
                       0.9945215600,  -0.1045284900,  238.41858e-09
                  </Orientation>
                  <Position type="Vector">41.49506, -12.528096, -13.97118</Position>
               </HpTurret14>
               <HpTurret15>
                  <Axis type="Vector">0, 1, 0</Axis>
                  <Max type="float">1.5707964</Max>
                  <Min type="float">-1.5707964</Min>
                  <Orientation type="Matrix">
                      -0.0475736260,   0.6803369500,   0.7313536400,
                       0.0510167180,  -0.7295719400,   0.6819982500,
                       0.9975639600,   0.0697565080,  59.604645e-09
                  </Orientation>
                  <Position type="Vector">-36.146481, -19.589905, -13.153553</Position>
               </HpTurret15>
               <HpTurret16>
                  <Axis type="Vector">0, 1, 0</Axis>
                  <Max type="float">1.5707964</Max>
                  <Min type="float">-1.5707964</Min>
                  <Orientation type="Matrix">
                      -0.0475736260,  -0.6803369500,  -0.7313536400,
                      -0.0510167180,  -0.7295719400,   0.6819982500,
                      -0.9975639600,   0.0697565080,  59.604645e-09
                  </Orientation>
                  <Position type="Vector">36.06245, -19.509678, -13.035433</Position>
               </HpTurret16>
               <HpTurret17>
                  <Axis type="Vector">0, 1, 0</Axis>
                  <Max type="float">1.5707964</Max>
                  <Min type="float">-1.5707964</Min>
                  <Orientation type="Matrix">
                      -0.0475736260,   0.6803369500,   0.7313536400,
                       0.0510167180,  -0.7295719400,   0.6819982500,
                       0.9975639600,   0.0697565080,  59.604645e-09
                  </Orientation>
                  <Position type="Vector">-43.086296, -23.845402, 11.395084</Position>
               </HpTurret17>
               <HpTurret18>
                  <Axis type="Vector">0, 1, 0</Axis>
                  <Max type="float">1.5707964</Max>
                  <Min type="float">-1.5707964</Min>
                  <Orientation type="Matrix">
                      -0.0475736260,  -0.6803369500,  -0.7313536400,
                      -0.0510167180,  -0.7295719400,   0.6819982500,
                      -0.9975639600,   0.0697565080,  59.604645e-09
                  </Orientation>
                  <Position type="Vector">43.105854, -23.857853, 11.451744</Position>
               </HpTurret18>
               <HpTurret19>
                  <Axis type="Vector">0, 1, 0</Axis>
                  <Max type="float">1.5707964</Max>
                  <Min type="float">-0.78539819</Min>
                  <Orientation type="Matrix">
                      238.41858e-09,  -0.9999997600,  59.604645e-09,
                     -59.604645e-09,  178.81393e-09,  -0.9999997600,
                       0.9999997600,   0.0000000000,  178.81393e-09
                  </Orientation>
                  <Position type="Vector">-7.8813081, 16.956564, -110.11284</Position>
               </HpTurret19>
               <HpTurret20>
                  <Axis type="Vector">0, 1, 0</Axis>
                  <Max type="float">0.78539819</Max>
                  <Min type="float">-1.5707964</Min>
                  <Orientation type="Matrix">
                      238.41858e-09,   0.9999997600, -59.604645e-09,
                      59.604645e-09,  178.81393e-09,  -0.9999997600,
                      -0.9999997600,   0.0000000000,  178.81393e-09
                  </Orientation>
                  <Position type="Vector">7.8810492, 17.018532, -110.10806</Position>
               </HpTurret20>
               <HpTurret21>
                  <Axis type="Vector">0, 1, 0</Axis>
                  <Max type="float">0.78539819</Max>
                  <Min type="float">-1.5707964</Min>
                  <Orientation type="Matrix">
                       0.0499904680,  -0.5713937900,   0.8191520600,
                      -0.0713938620,   0.8160349700,   0.5735763900,
                      -0.9961946600,  -0.0871557440,   0.0000000000
                  </Orientation>
                  <Position type="Vector">-20.463348, -16.893261, -175.36893</Position>
               </HpTurret21>
               <HpTurret22>
                  <Axis type="Vector">0, 1, 0</Axis>
                  <Max type="float">1.5707964</Max>
                  <Min type="float">-0.78539819</Min>
                  <Orientation type="Matrix">
                       0.0499904680,   0.5713937900,  -0.8191520600,
                       0.0713938620,   0.8160349700,   0.5735763900,
                       0.9961946600,  -0.0871557440,   0.0000000000
                  </Orientation>
                  <Position type="Vector">20.483747, -16.911833, -175.39984</Position>
               </HpTurret22>
               <HpTurret23>
                  <Axis type="Vector">0, 1, 0</Axis>
                  <Max type="float">1.5707964</Max>
                  <Min type="float">-0.78539819</Min>
                  <Orientation type="Matrix">
                       0.0435779020,  -0.4980973000,   0.8660253300,
                      -0.0754791050,   0.8627299700,   0.5000000000,
                      -0.9961946000,  -0.0871557440,  59.604645e-09
                  </Orientation>
                  <Position type="Vector">-60.880878, -1.672619, 207.19711</Position>
               </HpTurret23>
               <HpTurret24>
                  <Axis type="Vector">0, 1, 0</Axis>
                  <Max type="float">0.78539819</Max>
                  <Min type="float">-1.5707964</Min>
                  <Orientation type="Matrix">
                       0.0435779020,   0.4980973000,  -0.8660253300,
                       0.0754791050,   0.8627299700,   0.5000000000,
                       0.9961946000,  -0.0871557440,  59.604645e-09
                  </Orientation>
                  <Position type="Vector">60.616516, -1.521076, 206.96947</Position>
               </HpTurret24>
               <HpTurret25>
                  <Axis type="Vector">0, 1, 0</Axis>
                  <Max type="float">1.5707964</Max>
                  <Min type="float">-0.78539819</Min>
                  <Orientation type="Matrix">
                      52.154064e-09,  -0.5735763300,   0.8191519400,
                     -59.604645e-09,   0.8191521200,   0.5735763300,
                      -0.9999998200, -29.802322e-09,  59.604645e-09
                  </Orientation>
                  <Position type="Vector">-19.567442, 32.16338, 255.86174</Position>
               </HpTurret25>
               <HpTurret26>
                  <Axis type="Vector">0, 1, 0</Axis>
                  <Max type="float">0.78539819</Max>
                  <Min type="float">-1.5707964</Min>
                  <Orientation type="Matrix">
                      52.154064e-09,   0.5735763300,  -0.8191519400,
                      59.604645e-09,   0.8191521200,   0.5735763300,
                       0.9999998200, -29.802322e-09,  59.604645e-09
                  </Orientation>
                  <Position type="Vector">19.512037, 32.20121, 255.67953</Position>
               </HpTurret26>
               <HpTurret27>
                  <Axis type="Vector">0, 1, 0</Axis>
                  <Max type="float">0.78539819</Max>
                  <Min type="float">-0.78539819</Min>
                  <Orientation type="Matrix">
                       0.0522645150,  -0.4972608100,   0.8660251500,
                      -0.0905243160,   0.8612812200,   0.4999998800,
                      -0.9945215600,  -0.1045284900,  238.41858e-09
                  </Orientation>
                  <Position type="Vector">-65.861603, -14.99545, 131.84068</Position>
               </HpTurret27>
               <HpTurret28>
                  <Axis type="Vector">0, 1, 0</Axis>
                  <Max type="float">0.78539819</Max>
                  <Min type="float">-0.78539819</Min>
                  <Orientation type="Matrix">
                       0.0522645150,   0.4972608100,  -0.8660251500,
                       0.0905243160,   0.8612812200,   0.4999998800,
                       0.9945215600,  -0.1045284900,  238.41858e-09
                  </Orientation>
                  <Position type="Vector">65.829948, -14.96719, 131.91533</Position>
               </HpTurret28>
               <HpTurret29>
                  <Axis type="Vector">0, 1, 0</Axis>
                  <Max type="float">0.78539819</Max>
                  <Min type="float">-0.78539819</Min>
                  <Orientation type="Matrix">
                      -0.0583184360,   0.6665843700,   0.7431447500,
                       0.0647693870,  -0.7403166900,   0.6691305600,
                       0.9961946000,   0.0871557300,  29.802322e-09
                  </Orientation>
                  <Position type="Vector">-40.079163, -27.839577, -74.810135</Position>
               </HpTurret29>
               <HpTurret30>
                  <Axis type="Vector">0, 1, 0</Axis>
                  <Max type="float">0.78539819</Max>
                  <Min type="float">-0.78539819</Min>
                  <Orientation type="Matrix">
                      -0.0583184360,  -0.6665843700,  -0.7431447500,
                      -0.0647693870,  -0.7403166900,   0.6691305600,
                      -0.9961946000,   0.0871557300,  29.802322e-09
                  </Orientation>
                  <Position type="Vector">40.234901, -27.968994, -74.747795</Position>
               </HpTurret30>
            </Revolute>
         </Hardpoints>
         <MultiLevel>
            <Level0>
               <VMeshPart>
                  <VMeshRef type="VMeshRef">
                     <!-- header size  --> 60,
                     <!-- vmesh lib    --> mass_effect_cruiser.lod0.vms,
                     <!-- start vert   --> 0,
                     <!-- num verts    --> 9115,
                     <!-- start index  --> 0,
                     <!-- num indices  --> 39231,
                     <!-- start mesh   --> 0,
                     <!-- num meshes   --> 1,
                     <!-- bounding box -->  74.467499,     61.450523,  267.78821,
                                           -74.467369,    -36.513927, -304.99405,
                     <!-- center       -->  64.849854e-6,  12.468298,  -18.602921,
                     <!-- radius       --> 399.88855
                  </VMeshRef>
               </VMeshPart>
            </Level0>
         </MultiLevel>
      </mass_effect_cruiser.3db>
   </UTF_ROOT>
</UTFXML>
