<?xml version="1.0" encoding="ISO-8859-1"?>
<!-- XML generated by UTFXML Version 2.2 built 19-Aug-2010 -->
<UTFXML filename="turian_fighter_remastered.cmp" path="SHIPS\new\MassEffect">
   <UTF_ROOT>
      <VMeshLibrary>
         <turian_fighter_remastered.lod0-112.vms include="turian_fighter_remastered_cmp\lod0-112.vms.xml"/>
      </VMeshLibrary>
      <Exporter_Version name="Exporter Version" type="text">Export</Exporter_Version>
      <Cmpnd>
         <Root>
            <Object_name name="Object name" type="text">Root</Object_name>
            <Index type="int">0</Index>
            <File_name name="File name" type="text">turian_fighter_remastered211113115323.3db</File_name>
         </Root>
      </Cmpnd>
      <turian_fighter_remastered211113115323.3db>
         <VMeshPart>
            <VMeshRef type="VMeshRef">
               <!-- header size  --> 60,
               <!-- vmesh lib    --> turian_fighter_remastered.lod0-112.vms,
               <!-- start vert   --> 0,
               <!-- num verts    --> 1429,
               <!-- start index  --> 0,
               <!-- num indices  --> 4854,
               <!-- start mesh   --> 0,
               <!-- num meshes   --> 1,
               <!-- bounding box -->  86.017632,     129.0986,    151.16057,
                                     -86.017807,    -160.5083,   -163.87189,
               <!-- center       --> -87.738037e-6,  -15.704849,   -6.3556595,
               <!-- radius       --> 213.79718
            </VMeshRef>
         </VMeshPart>
         <VMeshWire include="turian_fighter_remastered_cmp\turian_fighter_remastered.vwd.xml"/>
         <Hardpoints>
            <Fixed>
               <HpMount>
                  <Position type="Vector">0, -170, -155</Position>
                  <Orientation type="Matrix">
                       1.0000000000,   0.0000000000,  -0.0000000000,
                       0.0000000000,   1.0000000000,  -0.0000000000,
                      -0.0000000000,  -0.0000000000,   1.0000000000
                  </Orientation>
               </HpMount>
               <HpBayDoor01>
                  <Position type="Vector">0, 150, -0</Position>
                  <Orientation type="Matrix">
                       1.0000000000,   0.0000000000,  -0.0000000000,
                       0.0000000000,   1.0000000000,  -0.0000000000,
                      -0.0000000000,  -0.0000000000,   1.0000000000
                  </Orientation>
               </HpBayDoor01>
               <HpBayDoor02>
                  <Position type="Vector">0, 160, -0</Position>
                  <Orientation type="Matrix">
                       1.0000000000,   0.0000000000,  -0.0000000000,
                       0.0000000000,   1.0000000000,  -0.0000000000,
                      -0.0000000000,  -0.0000000000,   1.0000000000
                  </Orientation>
               </HpBayDoor02>
               <HpEngine01>
                  <Position type="Vector">-6.0935078, 42.228836, 109.73723</Position>
                  <Orientation type="Matrix">
                       1.0000000000,   0.0000000000,  -0.0000000000,
                       0.0000000000,   1.0000000000,  -0.0000000000,
                      -0.0000000000,  -0.0000000000,   1.0000000000
                  </Orientation>
               </HpEngine01>
               <HpEngine02>
                  <Position type="Vector">6.2139831, 42.136326, 109.73723</Position>
                  <Orientation type="Matrix">
                       1.0000000000,   0.0000000000,  -0.0000000000,
                       0.0000000000,   1.0000000000,  -0.0000000000,
                      -0.0000000000,  -0.0000000000,   1.0000000000
                  </Orientation>
               </HpEngine02>
               <HpEngine03>
                  <Position type="Vector">-6.106514, 54.849384, 109.73723</Position>
                  <Orientation type="Matrix">
                       1.0000000000,   0.0000000000,  -0.0000000000,
                       0.0000000000,   1.0000000000,  -0.0000000000,
                      -0.0000000000,  -0.0000000000,   1.0000000000
                  </Orientation>
               </HpEngine03>
               <HpEngine04>
                  <Position type="Vector">6.200974, 54.834381, 109.73723</Position>
                  <Orientation type="Matrix">
                       1.0000000000,   0.0000000000,  -0.0000000000,
                       0.0000000000,   1.0000000000,  -0.0000000000,
                      -0.0000000000,  -0.0000000000,   1.0000000000
                  </Orientation>
               </HpEngine04>
               <HpEngine05>
                  <Position type="Vector">-6.3066368, 29.334103, 109.73723</Position>
                  <Orientation type="Matrix">
                       1.0000000000,   0.0000000000,  -0.0000000000,
                       0.0000000000,   1.0000000000,  -0.0000000000,
                      -0.0000000000,  -0.0000000000,   1.0000000000
                  </Orientation>
               </HpEngine05>
               <HpEngine06>
                  <Position type="Vector">6.2009759, 29.2188, 109.73723</Position>
                  <Orientation type="Matrix">
                       1.0000000000,   0.0000000000,  -0.0000000000,
                       0.0000000000,   1.0000000000,  -0.0000000000,
                      -0.0000000000,  -0.0000000000,   1.0000000000
                  </Orientation>
               </HpEngine06>
               <HpFX01>
                  <Position type="Vector">0, 30, -0</Position>
                  <Orientation type="Matrix">
                       1.0000000000,   0.0000000000,  -0.0000000000,
                       0.0000000000,   1.0000000000,  -0.0000000000,
                      -0.0000000000,  -0.0000000000,   1.0000000000
                  </Orientation>
               </HpFX01>
               <HpFX02>
                  <Position type="Vector">0, 30, -0</Position>
                  <Orientation type="Matrix">
                      313.91644e-09,   0.9999998800,  -0.0000000000,
                      -0.9999998800,  313.91644e-09,  -0.0000000000,
                      -0.0000000000,  -0.0000000000,   1.0000000000
                  </Orientation>
               </HpFX02>
               <HpFX03>
                  <Position type="Vector">0, 30, -0</Position>
                  <Orientation type="Matrix">
                       1.0000000000,   0.0000000000,  -0.0000000000,
                       0.0000000000,  313.91644e-09,   0.9999998800,
                      -0.0000000000,  -0.9999998800,  313.91644e-09
                  </Orientation>
               </HpFX03>
               <HpFX04>
                  <Position type="Vector">0, 30, -0</Position>
                  <Orientation type="Matrix">
                       1.0000000000,   0.0000000000,  -0.0000000000,
                       0.0000000000,   1.0000000000,  -0.0000000000,
                      -0.0000000000,  -0.0000000000,   1.0000000000
                  </Orientation>
               </HpFX04>
               <HpFX05>
                  <Position type="Vector">0, 30, -0</Position>
                  <Orientation type="Matrix">
                       1.0000000000,   0.0000000000,  -0.0000000000,
                       0.0000000000,   1.0000000000,  -0.0000000000,
                      -0.0000000000,  -0.0000000000,   1.0000000000
                  </Orientation>
               </HpFX05>
               <HpFX06>
                  <Position type="Vector">0, 30, -0</Position>
                  <Orientation type="Matrix">
                       1.0000000000,   0.0000000000,  -0.0000000000,
                       0.0000000000,   1.0000000000,  -0.0000000000,
                      -0.0000000000,  -0.0000000000,   1.0000000000
                  </Orientation>
               </HpFX06>
               <HpFX07>
                  <Position type="Vector">0, 30, -0</Position>
                  <Orientation type="Matrix">
                       1.0000000000,   0.0000000000,  -0.0000000000,
                       0.0000000000,   1.0000000000,  -0.0000000000,
                      -0.0000000000,  -0.0000000000,   1.0000000000
                  </Orientation>
               </HpFX07>
               <HpCloak01>
                  <Position type="Vector">0, 15, -0</Position>
                  <Orientation type="Matrix">
                       1.0000000000,   0.0000000000,  -0.0000000000,
                       0.0000000000,   0.7880107200,   0.6156615000,
                      -0.0000000000,  -0.6156615000,   0.7880107200
                  </Orientation>
               </HpCloak01>
               <HpShield01>
                  <Position type="Vector">0, 30, -0</Position>
                  <Orientation type="Matrix">
                       1.0000000000,   0.0000000000,  -0.0000000000,
                       0.0000000000,   1.0000000000,  -0.0000000000,
                      -0.0000000000,  -0.0000000000,   1.0000000000
                  </Orientation>
               </HpShield01>
               <HpShield02>
                  <Position type="Vector">0, 30, -0</Position>
                  <Orientation type="Matrix">
                       1.0000000000,   0.0000000000,  -0.0000000000,
                       0.0000000000,   1.0000000000,  -0.0000000000,
                      -0.0000000000,  -0.0000000000,   1.0000000000
                  </Orientation>
               </HpShield02>
               <HpShield03>
                  <Position type="Vector">0, 30, -0</Position>
                  <Orientation type="Matrix">
                       1.0000000000,   0.0000000000,  -0.0000000000,
                       0.0000000000,   1.0000000000,  -0.0000000000,
                      -0.0000000000,  -0.0000000000,   1.0000000000
                  </Orientation>
               </HpShield03>
               <HpTractor_Source>
                  <Position type="Vector">0.004259, -160.22949, -163.84808</Position>
                  <Orientation type="Matrix">
                       1.0000000000,   0.0000000000,  -0.0000000000,
                       0.0000000000,   1.0000000000,  -0.0000000000,
                      -0.0000000000,  -0.0000000000,   1.0000000000
                  </Orientation>
               </HpTractor_Source>
               <HpRunningLight01>
                  <Position type="Vector">-0.004375, -160.25609, -163.8613</Position>
                  <Orientation type="Matrix">
                       1.0000000000,   0.0000000000,  -0.0000000000,
                       0.0000000000,   1.0000000000,  -0.0000000000,
                      -0.0000000000,  -0.0000000000,   1.0000000000
                  </Orientation>
               </HpRunningLight01>
               <HpRunningLight02>
                  <Position type="Vector">-86.015167, -88.770569, 140.36551</Position>
                  <Orientation type="Matrix">
                       1.0000000000,   0.0000000000,  -0.0000000000,
                       0.0000000000,   1.0000000000,  -0.0000000000,
                      -0.0000000000,  -0.0000000000,   1.0000000000
                  </Orientation>
               </HpRunningLight02>
               <HpRunningLight03>
                  <Position type="Vector">86.012215, -88.762505, 140.3631</Position>
                  <Orientation type="Matrix">
                       1.0000000000,   0.0000000000,  -0.0000000000,
                       0.0000000000,   1.0000000000,  -0.0000000000,
                      -0.0000000000,  -0.0000000000,   1.0000000000
                  </Orientation>
               </HpRunningLight03>
               <HpRunningLight04>
                  <Position type="Vector">-43.830013, -28.33251, -26.541254</Position>
                  <Orientation type="Matrix">
                       1.0000000000,   0.0000000000,  -0.0000000000,
                       0.0000000000,   1.0000000000,  -0.0000000000,
                      -0.0000000000,  -0.0000000000,   1.0000000000
                  </Orientation>
               </HpRunningLight04>
               <HpRunningLight05>
                  <Position type="Vector">43.819183, -28.246838, -26.569183</Position>
                  <Orientation type="Matrix">
                       1.0000000000,   0.0000000000,  -0.0000000000,
                       0.0000000000,   1.0000000000,  -0.0000000000,
                      -0.0000000000,  -0.0000000000,   1.0000000000
                  </Orientation>
               </HpRunningLight05>
               <HpRunningLight06>
                  <Position type="Vector">0.00285, 129.09677, 141.07668</Position>
                  <Orientation type="Matrix">
                       1.0000000000,   0.0000000000,  -0.0000000000,
                       0.0000000000,   1.0000000000,  -0.0000000000,
                      -0.0000000000,  -0.0000000000,   1.0000000000
                  </Orientation>
               </HpRunningLight06>
               <HpDocklight01>
                  <Position type="Vector">-82.866318, -85.232071, 151.11197</Position>
                  <Orientation type="Matrix">
                       1.0000000000,   0.0000000000,  -0.0000000000,
                       0.0000000000,   1.0000000000,  -0.0000000000,
                      -0.0000000000,  -0.0000000000,   1.0000000000
                  </Orientation>
               </HpDocklight01>
               <HpDocklight02>
                  <Position type="Vector">82.846519, -85.263977, 151.14369</Position>
                  <Orientation type="Matrix">
                       1.0000000000,   0.0000000000,  -0.0000000000,
                       0.0000000000,   1.0000000000,  -0.0000000000,
                      -0.0000000000,  -0.0000000000,   1.0000000000
                  </Orientation>
               </HpDocklight02>
               <HpDocklight03>
                  <Position type="Vector">-16.437962, 97.023056, 115.28714</Position>
                  <Orientation type="Matrix">
                       1.0000000000,   0.0000000000,  -0.0000000000,
                       0.0000000000,   1.0000000000,  -0.0000000000,
                      -0.0000000000,  -0.0000000000,   1.0000000000
                  </Orientation>
               </HpDocklight03>
               <HpDocklight04>
                  <Position type="Vector">16.450296, 96.987511, 115.28756</Position>
                  <Orientation type="Matrix">
                       1.0000000000,   0.0000000000,  -0.0000000000,
                       0.0000000000,   1.0000000000,  -0.0000000000,
                      -0.0000000000,  -0.0000000000,   1.0000000000
                  </Orientation>
               </HpDocklight04>
               <HpCM01>
                  <Position type="Vector">-83.484703, -93.038048, 144.31017</Position>
                  <Orientation type="Matrix">
                      -0.9999998800,  230.40458e-09, -230.40469e-09,
                       0.0000000000,  -0.7071069500,  -0.7071065900,
                     -325.84134e-09,  -0.7071065900,   0.7071069500
                  </Orientation>
               </HpCM01>
            </Fixed>
            <Revolute>
               <HpCD01>
                  <Position type="Vector">0.008844, -160.50793, -157.81267</Position>
                  <Orientation type="Matrix">
                      -1.0000000000,  106.17260e-15, -325.84137e-09,
                       0.0000000000,  -1.0000000000, -325.84137e-09,
                     -325.84137e-09, -325.84137e-09,   1.0000000000
                  </Orientation>
                  <Axis type="Vector">0, 1, -0</Axis>
                  <Min type="float">-2.2689281</Min>
                  <Max type="float">2.2689281</Max>
               </HpCD01>
               <HpTurret01>
                  <Position type="Vector">-43.296288, 16.036362, 35.286564</Position>
                  <Orientation type="Matrix">
                     -29.802322e-09,  -0.9999997600,  238.41858e-09,
                     -29.802322e-09,  89.406967e-09,  -0.9999997000,
                       0.9999998800, -357.62787e-09,  163.91277e-09
                  </Orientation>
                  <Axis type="Vector">0, 1, -0</Axis>
                  <Min type="float">-1.5707964</Min>
                  <Max type="float">3.1415927</Max>
               </HpTurret01>
               <HpTurret02>
                  <Position type="Vector">43.296165, 16.051882, 35.250359</Position>
                  <Orientation type="Matrix">
                      29.802322e-09,   0.9999997600, -268.22090e-09,
                       0.0000000000, -89.406967e-09,  -0.9999997600,
                      -0.9999995800, -119.20929e-09,  208.61626e-09
                  </Orientation>
                  <Axis type="Vector">0, 1, -0</Axis>
                  <Min type="float">-3.1415927</Min>
                  <Max type="float">1.5707964</Max>
               </HpTurret02>
               <HpTurret03>
                  <Position type="Vector">-78.164604, -71.60141, 126.44147</Position>
                  <Orientation type="Matrix">
                       0.2756375400,  -0.9402556400,  -0.1998576800,
                       0.9612617500,   0.2696141300,   0.0573083270,
                     -11.175871e-09,  -0.2079118800,   0.9781477500
                  </Orientation>
                  <Axis type="Vector">0, 1, -0</Axis>
                  <Min type="float">-3.1415927</Min>
                  <Max type="float">3.1415927</Max>
               </HpTurret03>
               <HpTurret04>
                  <Position type="Vector">78.164711, -71.593971, 126.45196</Position>
                  <Orientation type="Matrix">
                       0.2756373300,   0.9402558200,   0.1998577900,
                      -0.9612617500,   0.2696139200,   0.0573082750,
                      1.6298145e-09,  -0.2079119400,   0.9781476900
                  </Orientation>
                  <Axis type="Vector">0, 1, -0</Axis>
                  <Min type="float">-3.1415927</Min>
                  <Max type="float">3.1415927</Max>
               </HpTurret04>
               <HpTurret05>
                  <Position type="Vector">-73.982071, -63.830105, 117.31425</Position>
                  <Orientation type="Matrix">
                       0.2756375400,  -0.9402556400,  -0.1998576800,
                       0.9612617500,   0.2696141300,   0.0573083270,
                     -11.175871e-09,  -0.2079118800,   0.9781477500
                  </Orientation>
                  <Axis type="Vector">0, 1, -0</Axis>
                  <Min type="float">-3.1415927</Min>
                  <Max type="float">3.1415927</Max>
               </HpTurret05>
               <HpTurret06>
                  <Position type="Vector">73.977272, -63.770496, 117.36746</Position>
                  <Orientation type="Matrix">
                       0.2756373300,   0.9402558200,   0.1998577900,
                      -0.9612617500,   0.2696139200,   0.0573082750,
                      1.6298145e-09,  -0.2079119400,   0.9781476900
                  </Orientation>
                  <Axis type="Vector">0, 1, -0</Axis>
                  <Min type="float">-3.1415927</Min>
                  <Max type="float">3.1415927</Max>
               </HpTurret06>
               <HpTurret07>
                  <Position type="Vector">-38.726654, 28.361858, 9.8994131</Position>
                  <Orientation type="Matrix">
                      -0.0871557970,  -0.9961943600,  506.63948e-09,
                      11.641532e-09, -298.02322e-09,  -0.9999997600,
                       0.9961943600,  -0.0871559680,  230.96800e-09
                  </Orientation>
                  <Axis type="Vector">0, 1, -0</Axis>
                  <Min type="float">-1.5707964</Min>
                  <Max type="float">3.1415927</Max>
               </HpTurret07>
               <HpTurret08>
                  <Position type="Vector">38.725513, 28.269108, 9.9002485</Position>
                  <Orientation type="Matrix">
                      -0.0871556100,   0.9961944800, -357.62787e-09,
                     -59.604645e-09,  29.802322e-09,  -0.9999997600,
                      -0.9961946000,  -0.0871558190,  119.20929e-09
                  </Orientation>
                  <Axis type="Vector">0, 1, -0</Axis>
                  <Min type="float">-3.1415927</Min>
                  <Max type="float">1.5707964</Max>
               </HpTurret08>
               <HpTurret09>
                  <Position type="Vector">-51.068027, -9.2605019, 66.571472</Position>
                  <Orientation type="Matrix">
                       0.2419217100,  -0.9490924500,  -0.2017355900,
                       0.9702956700,   0.2366352200,   0.0502983070,
                     -13.038516e-09,  -0.2079114300,   0.9781476900
                  </Orientation>
                  <Axis type="Vector">0, 1, -0</Axis>
                  <Min type="float">-3.1415927</Min>
                  <Max type="float">3.1415927</Max>
               </HpTurret09>
               <HpTurret10>
                  <Position type="Vector">50.945034, -8.9736042, 66.376221</Position>
                  <Orientation type="Matrix">
                       0.2419218000,   0.9490923900,   0.2017356900,
                      -0.9702957300,   0.2366351900,   0.0502983070,
                     -18.626451e-09,  -0.2079115200,   0.9781476900
                  </Orientation>
                  <Axis type="Vector">0, 1, -0</Axis>
                  <Min type="float">-3.1415927</Min>
                  <Max type="float">3.1415927</Max>
               </HpTurret10>
               <HpTurret11>
                  <Position type="Vector">-56.929829, -21.006168, 78.302422</Position>
                  <Orientation type="Matrix">
                       0.2588193100,  -0.9448177800,  -0.2008274300,
                       0.9659258100,   0.2531634600,   0.0538116250,
                     -15.832484e-09,  -0.2079118600,   0.9781475700
                  </Orientation>
                  <Axis type="Vector">0, 1, -0</Axis>
                  <Min type="float">-3.1415927</Min>
                  <Max type="float">3.1415927</Max>
               </HpTurret11>
               <HpTurret12>
                  <Position type="Vector">57.098145, -21.12619, 78.909752</Position>
                  <Orientation type="Matrix">
                       0.2588191300,   0.9448179000,   0.2008275500,
                      -0.9659256900,   0.2531634300,   0.0538116020,
                     -7.4505806e-09,  -0.2079119500,   0.9781475700
                  </Orientation>
                  <Axis type="Vector">0, 1, -0</Axis>
                  <Min type="float">-3.1415927</Min>
                  <Max type="float">3.1415927</Max>
               </HpTurret12>
               <HpTurret13>
                  <Position type="Vector">-20.246944, 61.186329, 6.403543</Position>
                  <Orientation type="Matrix">
                       0.4999997300,  -0.8501142900,  -0.1652453800,
                       0.8660255700,   0.4908134300,   0.0954044160,
                     -23.515895e-09,  -0.1908088500,   0.9816272300
                  </Orientation>
                  <Axis type="Vector">0, 1, -0</Axis>
                  <Min type="float">-3.1415927</Min>
                  <Max type="float">3.1415927</Max>
               </HpTurret13>
               <HpTurret14>
                  <Position type="Vector">20.067919, 61.328201, 5.9941692</Position>
                  <Orientation type="Matrix">
                       0.5000000000,   0.8501141700,   0.1652452900,
                      -0.8660253900,   0.4908135800,   0.0954044090,
                     -7.4505806e-09,  -0.1908088600,   0.9816271700
                  </Orientation>
                  <Axis type="Vector">0, 1, -0</Axis>
                  <Min type="float">-3.1415927</Min>
                  <Max type="float">3.1415927</Max>
               </HpTurret14>
               <HpTurret15>
                  <Position type="Vector">-50.403683, -18.347868, 52.302868</Position>
                  <Orientation type="Matrix">
                       0.2588193100,  -0.9448177800,  -0.2008274300,
                       0.9659258100,   0.2531634600,   0.0538116250,
                     -15.832484e-09,  -0.2079118600,   0.9781475700
                  </Orientation>
                  <Axis type="Vector">0, 1, -0</Axis>
                  <Min type="float">-3.1415927</Min>
                  <Max type="float">3.1415927</Max>
               </HpTurret15>
               <HpTurret16>
                  <Position type="Vector">49.981525, -17.530575, 51.423103</Position>
                  <Orientation type="Matrix">
                       0.2588191300,   0.9448179000,   0.2008275500,
                      -0.9659256900,   0.2531634300,   0.0538116020,
                     -7.4505806e-09,  -0.2079119500,   0.9781475700
                  </Orientation>
                  <Axis type="Vector">0, 1, -0</Axis>
                  <Min type="float">-3.1415927</Min>
                  <Max type="float">3.1415927</Max>
               </HpTurret16>
               <HpTurret17>
                  <Position type="Vector">0, 69.417862, 117.4599</Position>
                  <Orientation type="Matrix">
                      -1.0000000000,   0.0000000000,  150.99580e-09,
                       0.0000000000,   1.0000000000,  -0.0000000000,
                     -150.99580e-09,  -0.0000000000,  -1.0000000000
                  </Orientation>
                  <Axis type="Vector">0, 1, -0</Axis>
                  <Min type="float">-1.5707964</Min>
                  <Max type="float">1.5707964</Max>
               </HpTurret17>
               <HpTurret18>
                  <Position type="Vector">0, 11.167741, 102.91153</Position>
                  <Orientation type="Matrix">
                       1.0000000000, -87.422755e-09, -87.422798e-09,
                     -87.422784e-09,  -1.0000000000, -325.84137e-09,
                     -87.422769e-09,  325.84137e-09,  -1.0000000000
                  </Orientation>
                  <Axis type="Vector">0, 1, -0</Axis>
                  <Min type="float">-1.5707964</Min>
                  <Max type="float">1.5707964</Max>
               </HpTurret18>
               <HpGun01>
                  <Position type="Vector">0.053047001, -160.40225, -160.45734</Position>
                  <Orientation type="Matrix">
                      -1.0000000000,  106.17260e-15, -325.84137e-09,
                       0.0000000000,  -1.0000000000, -325.84137e-09,
                     -325.84137e-09, -325.84137e-09,   1.0000000000
                  </Orientation>
                  <Axis type="Vector">0, 1, -0</Axis>
                  <Min type="float">-1.5707964</Min>
                  <Max type="float">1.5707964</Max>
               </HpGun01>
            </Revolute>
         </Hardpoints>
      </turian_fighter_remastered211113115323.3db>
   </UTF_ROOT>
</UTFXML>
