<?xml version="1.0" encoding="ISO-8859-1"?>
<!-- XML generated by UTFXML Version 2.2 built 19-Aug-2010 -->
<UTFXML filename="ku_freighter.cmp" path="SHIPS\KUSARI\KU_FREIGHTER">
   <UTF_ROOT>
      <VMeshLibrary>
         <data.ships.kusari.ku_freighter.ku_freighter.lod0-112.vms include="ku_freighter_cmp\lod0-112.vms.xml"/>
         <data.ships.kusari.ku_freighter.ku_freighter.lod1-112.vms include="ku_freighter_cmp\lod1-112.vms.xml"/>
         <data.ships.kusari.ku_freighter.ku_freighter.lod2-112.vms include="ku_freighter_cmp\lod2-112.vms.xml"/>
      </VMeshLibrary>
      <Animation>
         <Script>
            <Sc_open_baydoor name="Sc_open baydoor">
               <Joint_map_0 name="Joint map 0">
                  <Channel>
                     <Header type="Header">
                        <!-- count    --> 2,
                        <!-- interval --> Explicit,
                        <!-- flags    --> 0x1
                     </Header>
                     <Frames type="Frames" count="2">
                          0.0000000000:   0.0000000000
                          1.0000000000:   1.5723300000
                     </Frames>
                  </Channel>
                  <Child_name name="Child name" type="text">baydoor01_lod1</Child_name>
                  <Parent_name name="Parent name" type="text">Root</Parent_name>
               </Joint_map_0>
               <Joint_map_1 name="Joint map 1">
                  <Channel>
                     <Header type="Header">
                        <!-- count    --> 2,
                        <!-- interval --> Explicit,
                        <!-- flags    --> 0x1
                     </Header>
                     <Frames type="Frames" count="2">
                          0.0000000000:   0.0000000000
                          1.0000000000:   1.5723300000
                     </Frames>
                  </Channel>
                  <Child_name name="Child name" type="text">baydoor02_lod1</Child_name>
                  <Parent_name name="Parent name" type="text">Root</Parent_name>
               </Joint_map_1>
            </Sc_open_baydoor>
         </Script>
      </Animation>
      <baydoor01_lod1030107115314.3db>
         <VMeshWire include="ku_freighter_cmp\baydoor01_lod1.vwd.xml"/>
         <MultiLevel>
            <Level0>
               <VMeshPart>
                  <VMeshRef type="VMeshRef">
                     <!-- header size  --> 60,
                     <!-- vmesh lib    --> data.ships.kusari.ku_freighter.ku_freighter.lod0-112.vms,
                     <!-- start vert   --> 36,
                     <!-- num verts    --> 36,
                     <!-- start index  --> 36,
                     <!-- num indices  --> 36,
                     <!-- start mesh   --> 1,
                     <!-- num meshes   --> 1,
                     <!-- bounding box -->  2.1730883,      0.022023404,    2.6928375,
                                           -0.064778045,   -0.022023221,   -2.6937418,
                     <!-- center       -->  1.0541419,   -252.80644e-9,  -406.28773e-6,
                     <!-- radius       --> 2.9165196
                  </VMeshRef>
               </VMeshPart>
            </Level0>
            <Level1>
               <VMeshPart>
                  <VMeshRef type="VMeshRef">
                     <!-- header size  --> 60,
                     <!-- vmesh lib    --> data.ships.kusari.ku_freighter.ku_freighter.lod1-112.vms,
                     <!-- start vert   --> 12,
                     <!-- num verts    --> 12,
                     <!-- start index  --> 12,
                     <!-- num indices  --> 12,
                     <!-- start mesh   --> 1,
                     <!-- num meshes   --> 1,
                     <!-- bounding box -->  2.1730883,      0.022023404,    2.6928375,
                                           -0.064778045,   -0.022023221,   -2.6937418,
                     <!-- center       -->  1.0541419,   -252.80644e-9,  -406.28773e-6,
                     <!-- radius       --> 2.9165196
                  </VMeshRef>
               </VMeshPart>
            </Level1>
            <Switch2 type="float array" count="3">
               0,
               100,
               1000000
            </Switch2>
         </MultiLevel>
         <Hardpoints>
            <Fixed>
               <Hpnew01>
                  <Orientation type="Matrix">
                       1.0000000000,   0.0000000000,   0.0000000000,
                       0.0000000000,   1.0000000000,   0.0000000000,
                       0.0000000000,   0.0000000000,   1.0000000000
                  </Orientation>
                  <Position type="Vector">2, -3, 0</Position>
               </Hpnew01>
               <Hpnew02>
                  <Orientation type="Matrix">
                       1.0000000000,   0.0000000000,   0.0000000000,
                       0.0000000000,   1.0000000000,   0.0000000000,
                       0.0000000000,   0.0000000000,   1.0000000000
                  </Orientation>
                  <Position type="Vector">2, -3, 0</Position>
               </Hpnew02>
               <Hpnew03>
                  <Orientation type="Matrix">
                       1.0000000000,   0.0000000000,   0.0000000000,
                       0.0000000000,   1.0000000000,   0.0000000000,
                       0.0000000000,   0.0000000000,   1.0000000000
                  </Orientation>
                  <Position type="Vector">2, -3, 0</Position>
               </Hpnew03>
            </Fixed>
         </Hardpoints>
      </baydoor01_lod1030107115314.3db>
      <baydoor02_lod1030107115314.3db>
         <VMeshWire include="ku_freighter_cmp\baydoor02_lod1.vwd.xml"/>
         <MultiLevel>
            <Level0>
               <VMeshPart>
                  <VMeshRef type="VMeshRef">
                     <!-- header size  --> 60,
                     <!-- vmesh lib    --> data.ships.kusari.ku_freighter.ku_freighter.lod0-112.vms,
                     <!-- start vert   --> 0,
                     <!-- num verts    --> 36,
                     <!-- start index  --> 0,
                     <!-- num indices  --> 36,
                     <!-- start mesh   --> 0,
                     <!-- num meshes   --> 1,
                     <!-- bounding box -->  0.068234168,  0.022023618,  2.6932902,
                                           -2.169632,    -0.022022597, -2.6932883,
                     <!-- center       --> -1.0163653,   10.487384e-6, -0.0012172083,
                     <!-- radius       --> 2.9310198
                  </VMeshRef>
               </VMeshPart>
            </Level0>
            <Level1>
               <VMeshPart>
                  <VMeshRef type="VMeshRef">
                     <!-- header size  --> 60,
                     <!-- vmesh lib    --> data.ships.kusari.ku_freighter.ku_freighter.lod1-112.vms,
                     <!-- start vert   --> 0,
                     <!-- num verts    --> 12,
                     <!-- start index  --> 0,
                     <!-- num indices  --> 12,
                     <!-- start mesh   --> 0,
                     <!-- num meshes   --> 1,
                     <!-- bounding box -->  0.068234168,  0.022023618,  2.6932902,
                                           -2.169632,    -0.022022597, -2.6932883,
                     <!-- center       --> -1.0163653,   10.487384e-6, -0.0012172083,
                     <!-- radius       --> 2.9310198
                  </VMeshRef>
               </VMeshPart>
            </Level1>
            <Switch2 type="float array" count="3">
               0,
               100,
               1000000
            </Switch2>
         </MultiLevel>
      </baydoor02_lod1030107115314.3db>
      <Cmpnd>
         <Cons>
            <Fix type="Fix" count="5">
               <part>
                  <!-- parent      --> "Root",
                  <!-- child       --> "starboard_wing_lod1",
                  <!-- position    --> 2.2182426, 4.2381072, -4.5197358,
                  <!-- orientation -->   1.0000000000,  7.7430400e-09,  10.961919e-09,
                                       -5.9328875e-09,   0.9876883600,  -0.1564344800,
                                       -12.038239e-09,   0.1564344800,   0.9876883600
               </part>
               <part>
                  <!-- parent      --> "Root",
                  <!-- child       --> "port_wing_lod1",
                  <!-- position    --> -2.2156911, 4.2381072, -4.5197344,
                  <!-- orientation -->   1.0000000000,  7.7430400e-09,  10.961919e-09,
                                       -5.9328875e-09,   0.9876883600,  -0.1564344800,
                                       -12.038239e-09,   0.1564344800,   0.9876883600
               </part>
               <part>
                  <!-- parent      --> "Root",
                  <!-- child       --> "port_engine_lod1",
                  <!-- position    --> -0.78299856, -3.6889989, 6.747,
                  <!-- orientation -->   1.0000000000, -29.802315e-09, -444.08910e-18,
                                        29.802315e-09,   1.0000000000,  29.802329e-09,
                                       -444.08932e-18, -29.802329e-09,   1.0000000000
               </part>
               <part>
                  <!-- parent      --> "Root",
                  <!-- child       --> "starboard_engine_lod1",
                  <!-- position    --> 0.785001, -3.6889987, 6.747,
                  <!-- orientation -->   1.0000000000, -29.802315e-09, -444.08910e-18,
                                        29.802315e-09,   1.0000000000,  29.802329e-09,
                                       -444.08932e-18, -29.802329e-09,   1.0000000000
               </part>
               <part>
                  <!-- parent      --> "Root",
                  <!-- child       --> "glass_lod1",
                  <!-- position    --> -953.67432e-9, 1.529, -9.048,
                  <!-- orientation -->   1.0000000000, -29.802315e-09, -444.08910e-18,
                                        29.802315e-09,   1.0000000000,  29.802329e-09,
                                       -444.08932e-18, -29.802329e-09,   1.0000000000
               </part>
            </Fix>
            <Rev type="Rev" count="2">
               <part>
                  <!-- parent      --> "Root",
                  <!-- child       --> "baydoor01_lod1",
                  <!-- position    --> -2.1730881, 3.704097, 1.436,
                  <!-- offset      --> 0, 0, 0,
                  <!-- orientation -->   1.0000000000, -25.630420e-09, -48.282708e-09,
                                        25.630428e-09,   1.0000000000,  129.54253e-09,
                                        48.282704e-09, -129.54253e-09,   1.0000000000,
                  <!-- axis        -->  -0.0392296430,  -0.0043598549,   0.9992207300,
                  <!-- min, max    --> 0, 1.57233
               </part>
               <part>
                  <!-- parent      --> "Root",
                  <!-- child       --> "baydoor02_lod1",
                  <!-- position    --> 2.169632, 3.7040975, 1.4355465,
                  <!-- offset      --> 0, 0, 0,
                  <!-- orientation -->   1.0000000000, -52.052503e-09, -62.056934e-09,
                                        52.052513e-09,   1.0000000000,  200.14836e-09,
                                        62.056927e-09, -200.14836e-09,   1.0000000000,
                  <!-- axis        -->  -0.0392296090,   0.0043598041,  -0.9992207300,
                  <!-- min, max    --> 0, 1.57233
               </part>
            </Rev>
         </Cons>
         <Part_baydoor01_lod1>
            <File_name name="File name" type="text">baydoor01_lod1030107115314.3db</File_name>
            <Index type="int">5</Index>
            <Object_name name="Object name" type="text">baydoor01_lod1</Object_name>
         </Part_baydoor01_lod1>
         <Part_baydoor02_lod1>
            <File_name name="File name" type="text">baydoor02_lod1030107115314.3db</File_name>
            <Index type="int">6</Index>
            <Object_name name="Object name" type="text">baydoor02_lod1</Object_name>
         </Part_baydoor02_lod1>
         <Part_glass_lod1>
            <File_name name="File name" type="text">glass_lod1030107115314.3db</File_name>
            <Index type="int">7</Index>
            <Object_name name="Object name" type="text">glass_lod1</Object_name>
         </Part_glass_lod1>
         <Part_port_engine_lod1>
            <File_name name="File name" type="text">port_engine_lod1030107115314.3db</File_name>
            <Index type="int">3</Index>
            <Object_name name="Object name" type="text">port_engine_lod1</Object_name>
         </Part_port_engine_lod1>
         <Part_port_wing_lod1>
            <File_name name="File name" type="text">port_wing_lod1030107115314.3db</File_name>
            <Index type="int">2</Index>
            <Object_name name="Object name" type="text">port_wing_lod1</Object_name>
         </Part_port_wing_lod1>
         <Part_starboard_engine_lod1>
            <File_name name="File name" type="text">starboard_engine_lod1030107115314.3db</File_name>
            <Index type="int">4</Index>
            <Object_name name="Object name" type="text">starboard_engine_lod1</Object_name>
         </Part_starboard_engine_lod1>
         <Part_starboard_wing_lod1>
            <File_name name="File name" type="text">starboard_wing_lod1030107115314.3db</File_name>
            <Index type="int">1</Index>
            <Object_name name="Object name" type="text">starboard_wing_lod1</Object_name>
         </Part_starboard_wing_lod1>
         <Root>
            <File_name name="File name" type="text">ku_freighter_lod1030107115314.3db</File_name>
            <Index type="int">0</Index>
            <Object_name name="Object name" type="text">Root</Object_name>
         </Root>
      </Cmpnd>
      <Exporter_Version name="Exporter Version" type="text">Nov  5 2002 11:41:55</Exporter_Version>
      <glass_lod1030107115314.3db>
         <VMeshWire include="ku_freighter_cmp\glass_lod1.vwd.xml"/>
         <MultiLevel>
            <Level0>
               <VMeshPart>
                  <VMeshRef type="VMeshRef">
                     <!-- header size  --> 60,
                     <!-- vmesh lib    --> data.ships.kusari.ku_freighter.ku_freighter.lod0-112.vms,
                     <!-- start vert   --> 656,
                     <!-- num verts    --> 92,
                     <!-- start index  --> 888,
                     <!-- num indices  --> 222,
                     <!-- start mesh   --> 6,
                     <!-- num meshes   --> 1,
                     <!-- bounding box -->  1.5604022,    0.97324073,   0.88824278,
                                           -1.5604023,   -0.97332227,  -0.88898712,
                     <!-- center       -->  0.043701109, -0.036133643,  0.14623438,
                     <!-- radius       --> 1.8992202
                  </VMeshRef>
               </VMeshPart>
            </Level0>
            <Level1>
               <VMeshPart>
                  <VMeshRef type="VMeshRef">
                     <!-- header size  --> 60,
                     <!-- vmesh lib    --> data.ships.kusari.ku_freighter.ku_freighter.lod1-112.vms,
                     <!-- start vert   --> 312,
                     <!-- num verts    --> 51,
                     <!-- start index  --> 372,
                     <!-- num indices  --> 51,
                     <!-- start mesh   --> 6,
                     <!-- num meshes   --> 1,
                     <!-- bounding box -->  1.5604022,    0.97324073,   0.88824278,
                                           -1.5604023,   -0.97332227,  -0.88898712,
                     <!-- center       -->  0.043701109, -0.036133643,  0.14623438,
                     <!-- radius       --> 1.8992202
                  </VMeshRef>
               </VMeshPart>
            </Level1>
            <Switch2 type="float array" count="3">
               0,
               100,
               1000000
            </Switch2>
         </MultiLevel>
      </glass_lod1030107115314.3db>
      <ku_freighter_lod1030107115314.3db>
         <Hardpoints>
            <Fixed>
               <DpPort_eng>
                  <Orientation type="Matrix">
                       1.0000000000, -59.604638e-09, -1.7763566e-15,
                      59.604638e-09,   1.0000000000,  59.604652e-09,
                     -1.7763571e-15, -59.604652e-09,   1.0000000000
                  </Orientation>
                  <Position type="Vector">-0.77720881, -2.9379809, 6.6673279</Position>
               </DpPort_eng>
               <DpPort_wing>
                  <Orientation type="Matrix">
                      170.86234e-09,  103.10404e-09,  -1.0000000000,
                      44.765660e-09,   1.0000000000,  103.10405e-09,
                       1.0000000000, -44.765677e-09,  170.86234e-09
                  </Orientation>
                  <Position type="Vector">-0.45449543, 5.0558524, -4.3039742</Position>
               </DpPort_wing>
               <DpStarboard_eng>
                  <Orientation type="Matrix">
                       1.0000000000, -59.604638e-09, -1.7763566e-15,
                      59.604638e-09,   1.0000000000,  59.604652e-09,
                     -1.7763571e-15, -59.604652e-09,   1.0000000000
                  </Orientation>
                  <Position type="Vector">0.78799534, -2.9379804, 6.6673279</Position>
               </DpStarboard_eng>
               <DpStarboard_wing>
                  <Orientation type="Matrix">
                      122.54826e-09,  108.23851e-09,  -1.0000000000,
                      60.885903e-09,   1.0000000000,  108.23852e-09,
                       1.0000000000, -60.885917e-09,  122.54826e-09
                  </Orientation>
                  <Position type="Vector">0.45952845, 5.0558529, -4.3039746</Position>
               </DpStarboard_wing>
               <HpBayDoor01>
                  <Orientation type="Matrix">
                      119.20929e-09,  108.98276e-09,  -1.0000000000,
                      59.604627e-09,   1.0000000000,  108.98277e-09,
                       1.0000000000, -59.604641e-09,  119.20928e-09
                  </Orientation>
                  <Position type="Vector">-715.25574e-9, 3.6644208, 1.61059</Position>
               </HpBayDoor01>
               <HpBayDoor02>
                  <Orientation type="Matrix">
                      119.20929e-09,  108.98276e-09,  -1.0000000000,
                      59.604627e-09,   1.0000000000,  108.98277e-09,
                       1.0000000000, -59.604641e-09,  119.20928e-09
                  </Orientation>
                  <Position type="Vector">-953.67432e-9, 4.8305674, 1.61059</Position>
               </HpBayDoor02>
               <HpCloak01>
                  <Orientation type="Matrix">
                      29.802317e-09,   1.0000000000, -29.802322e-09,
                      29.802322e-09,  29.802322e-09,   1.0000000000,
                       1.0000000000, -29.802319e-09, -29.802322e-09
                  </Orientation>
                  <Position type="Vector">0.032085534, 1.9124469e-9, -406.7564e-33</Position>
               </HpCloak01>
               <HpCM01>
                  <Orientation type="Matrix">
                       1.0000000000, -29.802315e-09, -444.08910e-18,
                      29.802315e-09,   1.0000000000,  29.802329e-09,
                     -444.08932e-18, -29.802329e-09,   1.0000000000
                  </Orientation>
                  <Position type="Vector">-1.9922438, 2.3775084, 8.261754</Position>
               </HpCM01>
               <HpCockpit>
                  <Orientation type="Matrix">
                       1.0000000000, -29.802315e-09, -444.08910e-18,
                      29.802315e-09,   1.0000000000,  29.802329e-09,
                     -444.08932e-18, -29.802329e-09,   1.0000000000
                  </Orientation>
                  <Position type="Vector">-953.67432e-9, 1.1289989, -8.0559988</Position>
               </HpCockpit>
               <HpCockpitEx>
                  <Orientation type="Matrix">
                       1.0000000000, -29.802315e-09, -444.08910e-18,
                      29.802315e-09,   1.0000000000,  29.802329e-09,
                     -444.08932e-18, -29.802329e-09,   1.0000000000
                  </Orientation>
                  <Position type="Vector">-1.8034007e-6, 9.3535337, 48.259232</Position>
               </HpCockpitEx>
               <HpHeadlight>
                  <Orientation type="Matrix">
                       1.0000000000, -29.802315e-09, -444.08921e-18,
                      29.802315e-09,   1.0000000000,  29.802329e-09,
                     -444.08921e-18, -29.802329e-09,   1.0000000000
                  </Orientation>
                  <Position type="Vector">-953.67432e-9, 0.14657861, -9.5346527</Position>
               </HpHeadlight>
               <HpMine01>
                  <Orientation type="Matrix">
                       1.0000000000, -29.802315e-09, -444.08910e-18,
                      29.802315e-09,   1.0000000000,  29.802329e-09,
                     -444.08932e-18, -29.802329e-09,   1.0000000000
                  </Orientation>
                  <Position type="Vector">2.0110936, 2.3775098, 8.2617531</Position>
               </HpMine01>
               <HpMount>
                  <Orientation type="Matrix">
                       1.0000000000, -59.604641e-09,  84.293688e-09,
                      59.604623e-09,   1.0000000000,  228.19205e-09,
                     -84.293703e-09, -228.19205e-09,   1.0000000000
                  </Orientation>
                  <Position type="Vector">1.1920929e-6, -4.956162, 1.1489291</Position>
               </HpMount>
               <HpPilot>
                  <Orientation type="Matrix">
                       1.0000000000, -29.802315e-09, -2.2204456e-15,
                      29.802315e-09,   1.0000000000,  89.406981e-09,
                     -444.08942e-18, -89.406981e-09,   1.0000000000
                  </Orientation>
                  <Position type="Vector">-0.030347824, 0.79038423, -7.1657228</Position>
               </HpPilot>
               <HpRunningLight01>
                  <Orientation type="Matrix">
                      -0.9238795000, -56.223378e-09,   0.3826835500,
                     -62.938447e-09,   1.0000000000, -5.0280828e-09,
                      -0.3826835500, -28.730851e-09,  -0.9238795000
                  </Orientation>
                  <Position type="Vector">-2.4642701, 3.7362807, 5.2809973</Position>
               </HpRunningLight01>
               <HpRunningLight02>
                  <Orientation type="Matrix">
                      -0.9238796200, -20.797680e-09,  -0.3826832800,
                     -4.6465836e-09,   1.0000000000, -43.129127e-09,
                       0.3826832800, -38.067952e-09,  -0.9238796200
                  </Orientation>
                  <Position type="Vector">2.5027139, 3.7362814, 5.2809968</Position>
               </HpRunningLight02>
               <HpRunningLight03>
                  <Orientation type="Matrix">
                       1.0000000000, -29.802315e-09, -444.08910e-18,
                      29.802315e-09,   1.0000000000,  29.802329e-09,
                     -444.08932e-18, -29.802329e-09,   1.0000000000
                  </Orientation>
                  <Position type="Vector">-1.8908119, 3.8664446, -6.4156828</Position>
               </HpRunningLight03>
               <HpRunningLight04>
                  <Orientation type="Matrix">
                       1.0000000000, -29.802315e-09, -444.08910e-18,
                      29.802315e-09,   1.0000000000,  29.802329e-09,
                     -444.08932e-18, -29.802329e-09,   1.0000000000
                  </Orientation>
                  <Position type="Vector">1.8081579, 3.8664451, -6.4156837</Position>
               </HpRunningLight04>
               <HpRunningLight05>
                  <Orientation type="Matrix">
                      -0.9238795000, -56.223378e-09,   0.3826835500,
                     -62.938447e-09,   1.0000000000, -5.0280828e-09,
                      -0.3826835500, -28.730851e-09,  -0.9238795000
                  </Orientation>
                  <Position type="Vector">-3.5274229, -1.7573667, 11.014194</Position>
               </HpRunningLight05>
               <HpRunningLight06>
                  <Orientation type="Matrix">
                      -0.9238796200, -20.797680e-09,  -0.3826832800,
                     -4.6465836e-09,   1.0000000000, -43.129127e-09,
                       0.3826832800, -38.067952e-09,  -0.9238796200
                  </Orientation>
                  <Position type="Vector">3.5153198, -1.7570323, 11.015102</Position>
               </HpRunningLight06>
               <HpRunningLight07>
                  <Orientation type="Matrix">
                       1.0000000000, -29.802315e-09, -444.08910e-18,
                      29.802315e-09,   1.0000000000,  29.802329e-09,
                     -444.08932e-18, -29.802329e-09,   1.0000000000
                  </Orientation>
                  <Position type="Vector">-3.4846745, -1.4515001, -3.1529479</Position>
               </HpRunningLight07>
               <HpRunningLight08>
                  <Orientation type="Matrix">
                       1.0000000000, -29.802315e-09, -444.08910e-18,
                      29.802315e-09,   1.0000000000,  29.802329e-09,
                     -444.08932e-18, -29.802329e-09,   1.0000000000
                  </Orientation>
                  <Position type="Vector">3.4638338, -1.4514985, -3.1529484</Position>
               </HpRunningLight08>
               <HpShield01>
                  <Orientation type="Matrix">
                       1.0000000000, -74.957079e-09,  187.48386e-09,
                      71.673618e-09,   0.9998477100,   0.0174524090,
                     -188.76349e-09,  -0.0174524090,   0.9998477100
                  </Orientation>
                  <Position type="Vector">-0.0043053729, 3.7138441, -3.8841081</Position>
               </HpShield01>
               <HpThruster01>
                  <Orientation type="Matrix">
                       1.0000000000, -74.957079e-09,  187.48386e-09,
                      71.673618e-09,   0.9998477100,   0.0174524090,
                     -188.76349e-09,  -0.0174524090,   0.9998477100
                  </Orientation>
                  <Position type="Vector">-0.0043051243, 3.7370055, -2.5571954</Position>
               </HpThruster01>
               <HpTractor_Source>
                  <Orientation type="Matrix">
                       1.0000000000, -29.802315e-09, -444.08921e-18,
                      29.802315e-09,   1.0000000000,  29.802329e-09,
                     -444.08921e-18, -29.802329e-09,   1.0000000000
                  </Orientation>
                  <Position type="Vector">-953.67432e-9, 0.14657861, -9.5346527</Position>
               </HpTractor_Source>
            </Fixed>
            <Revolute>
               <HpTurret01>
                  <Axis type="Vector">0, 1, 0</Axis>
                  <Max type="float">6.2831855</Max>
                  <Min type="float">-6.2831855</Min>
                  <Orientation type="Matrix">
                       1.0000000000,  85.821704e-09,  146.89186e-09,
                      89.406953e-09,   0.4694716600,  -0.8829475600,
                     -144.73763e-09,   0.8829475600,   0.4694716600
                  </Orientation>
                  <Position type="Vector">-0.0019591749, 0.66402638, 10.364686</Position>
               </HpTurret01>
               <HpTurret02>
                  <Axis type="Vector">0, 1, 0</Axis>
                  <Max type="float">2.2689099</Max>
                  <Min type="float">-2.26893</Min>
                  <Orientation type="Matrix">
                     -89.406960e-09,  -1.0000000000, -89.406967e-09,
                     -29.802329e-09, -89.406967e-09,   1.0000000000,
                      -1.0000000000,  89.406960e-09, -29.802322e-09
                  </Orientation>
                  <Position type="Vector">-3.9189827, -0.45849919, -0.17645644</Position>
               </HpTurret02>
               <HpTurret03>
                  <Axis type="Vector">0, 1, 0</Axis>
                  <Max type="float">2.2689099</Max>
                  <Min type="float">-2.26893</Min>
                  <Orientation type="Matrix">
                      59.604645e-09,   1.0000000000,  89.406981e-09,
                      208.61627e-09, -89.406996e-09,   1.0000000000,
                       1.0000000000, -59.604627e-09, -208.61627e-09
                  </Orientation>
                  <Position type="Vector">3.9225855, -0.45849755, -0.17645715</Position>
               </HpTurret03>
               <HpTurret04>
                  <Axis type="Vector">0, 1, 0</Axis>
                  <Max type="float">6.2831855</Max>
                  <Min type="float">-6.2831855</Min>
                  <Orientation type="Matrix">
                       0.0117731820,  -0.2246426900,   0.9743700600,
                      -0.2092073300,  -0.9534249300,  -0.2172859300,
                       0.9778004300,  -0.2012872100,  -0.0582217430
                  </Orientation>
                  <Position type="Vector">-0.80926669, -3.0720367, -0.54581022</Position>
               </HpTurret04>
               <HpTurret05>
                  <Axis type="Vector">0, 1, 0</Axis>
                  <Max type="float">6.2831855</Max>
                  <Min type="float">-6.2831855</Min>
                  <Orientation type="Matrix">
                     -31.335951e-09,   0.2249511200,  -0.9743700600,
                       0.2079117000,  -0.9530777300,  -0.2200354000,
                      -0.9781476300,  -0.2025829400,  -0.0467699390
                  </Orientation>
                  <Position type="Vector">0.81053758, -3.0720367, -0.54581022</Position>
               </HpTurret05>
               <HpTurret06>
                  <Axis type="Vector">0, 1, 0</Axis>
                  <Max type="float">6.2831855</Max>
                  <Min type="float">-6.2831855</Min>
                  <Orientation type="Matrix">
                       1.0000000000, -172.95066e-09,  171.24746e-09,
                      39.263274e-09,   0.8090169400,   0.5877853000,
                     -240.19997e-09,  -0.5877853000,   0.8090169400
                  </Orientation>
                  <Position type="Vector">-0.0019623565, 3.4618654, -6.8136954</Position>
               </HpTurret06>
               <HpWeapon01>
                  <Axis type="Vector">0, 1, 0</Axis>
                  <Max type="float">0.78538001</Max>
                  <Min type="float">-0.7854</Min>
                  <Orientation type="Matrix">
                     -320.63576e-09,  -1.0000000000, -63.625656e-09,
                       1.0000000000, -320.63576e-09,  84.860758e-09,
                     -84.860780e-09, -63.625627e-09,   1.0000000000
                  </Orientation>
                  <Position type="Vector">-2.8846443, 0.73230571, -6.764462</Position>
               </HpWeapon01>
               <HpWeapon02>
                  <Axis type="Vector">0, 1, 0</Axis>
                  <Max type="float">0.78538001</Max>
                  <Min type="float">-0.7854</Min>
                  <Orientation type="Matrix">
                      114.09603e-09,   1.0000000000, -59.604673e-09,
                      -1.0000000000,  114.09604e-09,  208.61626e-09,
                      208.61626e-09,  59.604652e-09,   1.0000000000
                  </Orientation>
                  <Position type="Vector">2.8703718, 0.73230672, -6.7644615</Position>
               </HpWeapon02>
            </Revolute>
         </Hardpoints>
         <VMeshWire include="ku_freighter_cmp\ku_freighter_lod1.vwd.xml"/>
         <MultiLevel>
            <Level0>
               <VMeshPart>
                  <VMeshRef type="VMeshRef">
                     <!-- header size  --> 60,
                     <!-- vmesh lib    --> data.ships.kusari.ku_freighter.ku_freighter.lod0-112.vms,
                     <!-- start vert   --> 906,
                     <!-- num verts    --> 3071,
                     <!-- start index  --> 1350,
                     <!-- num indices  --> 4710,
                     <!-- start mesh   --> 9,
                     <!-- num meshes   --> 9,
                     <!-- bounding box -->  4.0504689,    4.6346703,  11.117682,
                                           -4.0504684,   -3.8155973,  -9.7742805,
                     <!-- center       --> -0.081985973,  0.35635868,  0.974231,
                     <!-- radius       --> 10.8135
                  </VMeshRef>
               </VMeshPart>
            </Level0>
            <Level1>
               <VMeshPart>
                  <VMeshRef type="VMeshRef">
                     <!-- header size  --> 60,
                     <!-- vmesh lib    --> data.ships.kusari.ku_freighter.ku_freighter.lod1-112.vms,
                     <!-- start vert   --> 408,
                     <!-- num verts    --> 1235,
                     <!-- start index  --> 561,
                     <!-- num indices  --> 1842,
                     <!-- start mesh   --> 8,
                     <!-- num meshes   --> 1,
                     <!-- bounding box -->  4.0504689,    4.6346703,  11.117682,
                                           -4.0504684,   -3.8155973,  -9.7742805,
                     <!-- center       --> -0.081985973,  0.35635868,  0.974231,
                     <!-- radius       --> 10.8135
                  </VMeshRef>
               </VMeshPart>
            </Level1>
            <Level2>
               <VMeshPart>
                  <VMeshRef type="VMeshRef">
                     <!-- header size  --> 60,
                     <!-- vmesh lib    --> data.ships.kusari.ku_freighter.ku_freighter.lod2-112.vms,
                     <!-- start vert   --> 182,
                     <!-- num verts    --> 441,
                     <!-- start index  --> 204,
                     <!-- num indices  --> 447,
                     <!-- start mesh   --> 5,
                     <!-- num meshes   --> 1,
                     <!-- bounding box -->  4.0504689,    4.6346703,  11.117682,
                                           -4.0504684,   -3.8155973,  -9.7742805,
                     <!-- center       --> -0.081985973,  0.35635868,  0.974231,
                     <!-- radius       --> 10.8135
                  </VMeshRef>
               </VMeshPart>
            </Level2>
            <Switch2 type="float array" count="4">
               0,
               100,
               1000,
               1000000
            </Switch2>
         </MultiLevel>
      </ku_freighter_lod1030107115314.3db>
      <port_engine_lod1030107115314.3db>
         <Hardpoints>
            <Fixed>
               <HpEngine02>
                  <Orientation type="Matrix">
                       1.0000000000, -22.351742e-09,  22.351742e-09,
                      22.351742e-09,   1.0000000000, -14.901159e-09,
                     -22.351742e-09,  14.901159e-09,   1.0000000000
                  </Orientation>
                  <Position type="Vector">955.69127e-6, 0.010897601, 0.83952057</Position>
               </HpEngine02>
            </Fixed>
         </Hardpoints>
         <VMeshWire include="ku_freighter_cmp\port_engine_lod1.vwd.xml"/>
         <MultiLevel>
            <Level0>
               <VMeshPart>
                  <VMeshRef type="VMeshRef">
                     <!-- header size  --> 60,
                     <!-- vmesh lib    --> data.ships.kusari.ku_freighter.ku_freighter.lod0-112.vms,
                     <!-- start vert   --> 3977,
                     <!-- num verts    --> 158,
                     <!-- start index  --> 6060,
                     <!-- num indices  --> 240,
                     <!-- start mesh   --> 18,
                     <!-- num meshes   --> 2,
                     <!-- bounding box -->  0.75002146,   0.74953401,   1.3348366,
                                           -0.74997824,  -0.75046545,  -1.3350734,
                     <!-- center       --> -0.030705918,  0.029171951,  0.076961584,
                     <!-- radius       --> 1.4868078
                  </VMeshRef>
               </VMeshPart>
            </Level0>
            <Level1>
               <VMeshPart>
                  <VMeshRef type="VMeshRef">
                     <!-- header size  --> 60,
                     <!-- vmesh lib    --> data.ships.kusari.ku_freighter.ku_freighter.lod1-112.vms,
                     <!-- start vert   --> 1643,
                     <!-- num verts    --> 45,
                     <!-- start index  --> 2403,
                     <!-- num indices  --> 138,
                     <!-- start mesh   --> 9,
                     <!-- num meshes   --> 1,
                     <!-- bounding box -->  0.75002146,   0.74953401,   1.3348366,
                                           -0.74997824,  -0.75046545,  -1.3350734,
                     <!-- center       --> -0.030705918,  0.029171951,  0.076961584,
                     <!-- radius       --> 1.4868078
                  </VMeshRef>
               </VMeshPart>
            </Level1>
            <Level2>
               <VMeshPart>
                  <VMeshRef type="VMeshRef">
                     <!-- header size  --> 60,
                     <!-- vmesh lib    --> data.ships.kusari.ku_freighter.ku_freighter.lod2-112.vms,
                     <!-- start vert   --> 623,
                     <!-- num verts    --> 14,
                     <!-- start index  --> 651,
                     <!-- num indices  --> 36,
                     <!-- start mesh   --> 6,
                     <!-- num meshes   --> 1,
                     <!-- bounding box -->  0.75002146,   0.74953401,   1.3348366,
                                           -0.74997824,  -0.75046545,  -1.3350734,
                     <!-- center       --> -0.030705918,  0.029171951,  0.076961584,
                     <!-- radius       --> 1.4868078
                  </VMeshRef>
               </VMeshPart>
            </Level2>
            <Switch2 type="float array" count="4">
               0,
               100,
               1000,
               1000000
            </Switch2>
         </MultiLevel>
      </port_engine_lod1030107115314.3db>
      <port_wing_lod1030107115314.3db>
         <Hardpoints>
            <Fixed>
               <HpContrail01>
                  <Orientation type="Matrix">
                       1.0000000000,  3.9875635e-15, -1.2552107e-15,
                     -3.9875635e-15,   1.0000000000, -24.041929e-09,
                      1.2552106e-15,  24.041929e-09,   1.0000000000
                  </Orientation>
                  <Position type="Vector">-5.8556046, -1.3460792, 6.6615849</Position>
               </HpContrail01>
               <HpDocklight01>
                  <Orientation type="Matrix">
                       1.0000000000,  3.9875635e-15, -1.2552107e-15,
                     -3.9875635e-15,   1.0000000000, -24.041929e-09,
                      1.2552106e-15,  24.041929e-09,   1.0000000000
                  </Orientation>
                  <Position type="Vector">-0.86195379, 4.2006583, 7.9070134</Position>
               </HpDocklight01>
               <HpRunningLight09>
                  <Orientation type="Matrix">
                       0.7071067100,  7.9880396e-09,   0.7071068300,
                     -34.898452e-09,   1.0000000000,  23.601654e-09,
                      -0.7071068300, -41.365826e-09,   0.7071067100
                  </Orientation>
                  <Position type="Vector">-3.0651512, 3.9393282, 10.450769</Position>
               </HpRunningLight09>
               <HpRunningLight10>
