<?xml version="1.0" encoding="ISO-8859-1"?>
<!-- XML generated by UTFXML Version 2.2 built 19-Aug-2010 -->
<UTFXML filename="hellboy_launcher.cmp" path="EQUIPMENT\MODELS\TURRET\New">
   <UTF_ROOT>
      <VMeshLibrary>
         <HellboyMount.lod0.vms include="hellboy_launcher_cmp\lod0.vms.xml"/>
      </VMeshLibrary>
      <Cmpnd>
         <Cons>
            <Rev type="Rev" count="1">
               <part>
                  <!-- parent      --> "Root",
                  <!-- child       --> "HellboyGun_lod1",
                  <!-- position    --> 0, 0, 0,
                  <!-- offset      --> 0, 0, 0,
                  <!-- orientation -->   1.0000000000,   0.0000000000,   0.0000000000,
                                         0.0000000000,   1.0000000000,   0.0000000000,
                                         0.0000000000,   0.0000000000,   1.0000000000,
                  <!-- axis        -->   1.0000000000,   0.0000000000,   0.0000000000,
                  <!-- min, max    --> 0, 0.78538001
               </part>
            </Rev>
         </Cons>
         <Root>
            <File_name name="File name" type="text">HellboyMount_lod1.3db</File_name>
            <Index type="int">0</Index>
            <Object_name name="Object name" type="text">Root</Object_name>
         </Root>
         <Part_HellboyGun_lod1>
            <File_name name="File name" type="text">HellboyGun_lod1.3db</File_name>
            <Index type="int">1</Index>
            <Object_name name="Object name" type="text">HellboyGun_lod1</Object_name>
         </Part_HellboyGun_lod1>
      </Cmpnd>
      <HellboyMount_lod1.3db>
         <MultiLevel>
            <Level0>
               <VMeshPart>
                  <VMeshRef type="VMeshRef">
                     <!-- header size  --> 60,
                     <!-- vmesh lib    --> HellboyMount.lod0.vms,
                     <!-- start vert   --> 0,
                     <!-- num verts    --> 203,
                     <!-- start index  --> 0,
                     <!-- num indices  --> 357,
                     <!-- start mesh   --> 0,
                     <!-- num meshes   --> 1,
                     <!-- bounding box -->  7.5526981,    5.7526245,   7.7333269,
                                           -7.6116276,   -4.4956365,  -7.4310217,
                     <!-- center       --> -0.029464722,  0.62849402,  0.15115261,
                     <!-- radius       --> 15.351807
                  </VMeshRef>
               </VMeshPart>
            </Level0>
         </MultiLevel>
         <Hardpoints>
            <Revolute>
               <HpConnect>
                  <Axis type="Vector">0, 1, 0</Axis>
                  <Max type="float">3.1415927</Max>
                  <Min type="float">-3.1415927</Min>
                  <Orientation type="Matrix">
                       1.0000000000,   0.0000000000,   0.0000000000,
                       0.0000000000,   1.0000000000,   0.0000000000,
                       0.0000000000,   0.0000000000,   1.0000000000
                  </Orientation>
                  <Position type="Vector">0, -4.3, 0</Position>
               </HpConnect>
            </Revolute>
         </Hardpoints>
      </HellboyMount_lod1.3db>
      <HellboyGun_lod1.3db>
         <MultiLevel>
            <Level0>
               <VMeshPart>
                  <VMeshRef type="VMeshRef">
                     <!-- header size  --> 60,
                     <!-- vmesh lib    --> HellboyMount.lod0.vms,
                     <!-- start vert   --> 203,
                     <!-- num verts    --> 579,
                     <!-- start index  --> 357,
                     <!-- num indices  --> 1011,
                     <!-- start mesh   --> 1,
                     <!-- num meshes   --> 1,
                     <!-- bounding box -->  7.5526981,    5.7526245,   7.7333269,
                                           -7.6116276,   -4.4956365,  -7.4310217,
                     <!-- center       --> -0.029464722,  0.62849402,  0.15115261,
                     <!-- radius       --> 15.351807
                  </VMeshRef>
               </VMeshPart>
            </Level0>
         </MultiLevel>
         <Hardpoints>
            <Fixed>
               <HpFire01>
                  <Orientation type="Matrix">
                       1.0000000000,   0.0000000000,  -0.0000000000,
                      -0.0000000000,   0.9848077300,  -0.1736481800,
                       0.0000000000,   0.1736481800,   0.9848077300
                  </Orientation>
                  <Position type="Vector">-3.161885, 4.717958, -6.044878</Position>
               </HpFire01>
               <HpFire02>
                  <Orientation type="Matrix">
                       1.0000000000,   0.0000000000,  -0.0000000000,
                      -0.0000000000,   0.9848077300,  -0.1736481800,
                       0.0000000000,   0.1736481800,   0.9848077300
                  </Orientation>
                  <Position type="Vector">3.1250319, 4.6821489, -6.0511909</Position>
               </HpFire02>
               <HpFire03>
                  <Orientation type="Matrix">
                       1.0000000000,   0.0000000000,  -0.0000000000,
                      -0.0000000000,   0.9848077300,  -0.1736481800,
                       0.0000000000,   0.1736481800,   0.9848077300
                  </Orientation>
                  <Position type="Vector">-5.5764532, 2.347502, -6.4628682</Position>
               </HpFire03>
               <HpFire04>
                  <Orientation type="Matrix">
                       1.0000000000,   0.0000000000,  -0.0000000000,
                      -0.0000000000,   0.9848077300,  -0.1736481800,
                       0.0000000000,   0.1736481800,   0.9848077300
                  </Orientation>
                  <Position type="Vector">5.5325832, 2.380656, -6.4570212</Position>
               </HpFire04>
            </Fixed>
         </Hardpoints>
      </HellboyGun_lod1.3db>
   </UTF_ROOT>
</UTFXML>
