<?xml version="1.0" encoding="ISO-8859-1"?>
<!-- XML generated by UTFXML Version 2.2 built 19-Aug-2010 -->
<UTFXML filename="hellboy_launcher_large.cmp" path="EQUIPMENT\MODELS\TURRET\New">
   <UTF_ROOT>
      <VMeshLibrary>
         <HellboyMountLarge.lod0.vms include="hellboy_launcher_large_cmp\lod0.vms.xml"/>
      </VMeshLibrary>
      <Cmpnd>
         <Cons>
            <Rev type="Rev" count="1">
               <part>
                  <!-- parent      --> "Root",
                  <!-- child       --> "HellboyGunL_lod1",
                  <!-- position    --> 0, 0, 0,
                  <!-- offset      --> 0, 0, 0,
                  <!-- orientation -->   1.0000000000,   0.0000000000,   0.0000000000,
                                         0.0000000000,   1.0000000000,   0.0000000000,
                                         0.0000000000,   0.0000000000,   1.0000000000,
                  <!-- axis        -->   1.0000000000,   0.0000000000,   0.0000000000,
                  <!-- min, max    --> 0, 0.78539819
               </part>
            </Rev>
         </Cons>
         <Root>
            <File_name name="File name" type="text">HellboyMountL_lod1.3db</File_name>
            <Index type="int">0</Index>
            <Object_name name="Object name" type="text">Root</Object_name>
         </Root>
         <Part_HellboyGunL_lod1>
            <File_name name="File name" type="text">HellboyGunL_lod1.3db</File_name>
            <Index type="int">1</Index>
            <Object_name name="Object name" type="text">HellboyGunL_lod1</Object_name>
         </Part_HellboyGunL_lod1>
      </Cmpnd>
      <HellboyMountL_lod1.3db>
         <MultiLevel>
            <Level0>
               <VMeshPart>
                  <VMeshRef type="VMeshRef">
                     <!-- header size  --> 60,
                     <!-- vmesh lib    --> HellboyMountLarge.lod0.vms,
                     <!-- start vert   --> 0,
                     <!-- num verts    --> 203,
                     <!-- start index  --> 0,
                     <!-- num indices  --> 357,
                     <!-- start mesh   --> 0,
                     <!-- num meshes   --> 1,
                     <!-- bounding box -->  22.658094,     17.257874,   23.199982,
                                           -22.834883,    -13.48691,   -22.293064,
                     <!-- center       -->  -0.088394165,   1.8854818,   0.45345879,
                     <!-- radius       --> 46.05542
                  </VMeshRef>
               </VMeshPart>
            </Level0>
         </MultiLevel>
         <Hardpoints>
            <Revolute>
               <HpConnect>
                  <Axis type="Vector">0, 1, 0</Axis>
                  <Max type="float">3.1415927</Max>
                  <Min type="float">-3.1415927</Min>
                  <Orientation type="Matrix">
                       1.0000000000,   0.0000000000,   0.0000000000,
                       0.0000000000,   1.0000000000,   0.0000000000,
                       0.0000000000,   0.0000000000,   1.0000000000
                  </Orientation>
                  <Position type="Vector">0, -12.9, 0</Position>
               </HpConnect>
            </Revolute>
         </Hardpoints>
      </HellboyMountL_lod1.3db>
      <HellboyGunL_lod1.3db>
         <MultiLevel>
            <Level0>
               <VMeshPart>
                  <VMeshRef type="VMeshRef">
                     <!-- header size  --> 60,
                     <!-- vmesh lib    --> HellboyMountLarge.lod0.vms,
                     <!-- start vert   --> 203,
                     <!-- num verts    --> 579,
                     <!-- start index  --> 357,
                     <!-- num indices  --> 1011,
                     <!-- start mesh   --> 1,
                     <!-- num meshes   --> 1,
                     <!-- bounding box -->  22.658094,     17.257874,   23.199982,
                                           -22.834883,    -13.48691,   -22.293064,
                     <!-- center       -->  -0.088394165,   1.8854818,   0.45345879,
                     <!-- radius       --> 46.05542
                  </VMeshRef>
               </VMeshPart>
            </Level0>
         </MultiLevel>
         <Hardpoints>
            <Fixed>
               <HpFire01>
                  <Orientation type="Matrix">
                       1.0000000000,   0.0000000000,  -0.0000000000,
                      -0.0000000000,   0.9848077300,  -0.1736481800,
                       0.0000000000,   0.1736481800,   0.9848077300
                  </Orientation>
                  <Position type="Vector">-9.4856548, 14.153873, -18.134634</Position>
               </HpFire01>
               <HpFire02>
                  <Orientation type="Matrix">
                       1.0000000000,   0.0000000000,  -0.0000000000,
                      -0.0000000000,   0.9848077300,  -0.1736481800,
                       0.0000000000,   0.1736481800,   0.9848077300
                  </Orientation>
                  <Position type="Vector">9.3750954, 14.046447, -18.153572</Position>
               </HpFire02>
               <HpFire03>
                  <Orientation type="Matrix">
                       1.0000000000,   0.0000000000,  -0.0000000000,
                      -0.0000000000,   0.9848077300,  -0.1736481800,
                       0.0000000000,   0.1736481800,   0.9848077300
                  </Orientation>
                  <Position type="Vector">-16.729359, 7.0425062, -19.388605</Position>
               </HpFire03>
               <HpFire04>
                  <Orientation type="Matrix">
                       1.0000000000,   0.0000000000,  -0.0000000000,
                      -0.0000000000,   0.9848077300,  -0.1736481800,
                       0.0000000000,   0.1736481800,   0.9848077300
                  </Orientation>
                  <Position type="Vector">16.59775, 7.1419678, -19.371063</Position>
               </HpFire04>
            </Fixed>
         </Hardpoints>
      </HellboyGunL_lod1.3db>
   </UTF_ROOT>
</UTFXML>
