<?xml version="1.0" encoding="ISO-8859-1"?>
<!-- XML generated by UTFXML Version 2.2 built 19-Aug-2010 -->
<UTFXML filename="hellboy_launcher_small.cmp" path="EQUIPMENT\MODELS\TURRET\New">
   <UTF_ROOT>
      <VMeshLibrary>
         <HellboyMountSmall.lod0.vms include="hellboy_launcher_small_cmp\lod0.vms.xml"/>
      </VMeshLibrary>
      <Cmpnd>
         <Cons>
            <Rev type="Rev" count="1">
               <part>
                  <!-- parent      --> "Root",
                  <!-- child       --> "HellboyGunS_lod1",
                  <!-- position    --> 0, 0, 0,
                  <!-- offset      --> 0, 0, 0,
                  <!-- orientation -->   1.0000000000,   0.0000000000,   0.0000000000,
                                         0.0000000000,   1.0000000000,   0.0000000000,
                                         0.0000000000,   0.0000000000,   1.0000000000,
                  <!-- axis        -->   1.0000000000,   0.0000000000,   0.0000000000,
                  <!-- min, max    --> 0, 0.78539819
               </part>
            </Rev>
         </Cons>
         <Root>
            <File_name name="File name" type="text">HellboyMountS_lod1.3db</File_name>
            <Index type="int">0</Index>
            <Object_name name="Object name" type="text">Root</Object_name>
         </Root>
         <Part_HellboyGunS_lod1>
            <File_name name="File name" type="text">HellboyGunS_lod1.3db</File_name>
            <Index type="int">1</Index>
            <Object_name name="Object name" type="text">HellboyGunS_lod1</Object_name>
         </Part_HellboyGunS_lod1>
      </Cmpnd>
      <HellboyMountS_lod1.3db>
         <MultiLevel>
            <Level0>
               <VMeshPart>
                  <VMeshRef type="VMeshRef">
                     <!-- header size  --> 60,
                     <!-- vmesh lib    --> HellboyMountSmall.lod0.vms,
                     <!-- start vert   --> 0,
                     <!-- num verts    --> 203,
                     <!-- start index  --> 0,
                     <!-- num indices  --> 357,
                     <!-- start mesh   --> 0,
                     <!-- num meshes   --> 1,
                     <!-- bounding box -->  3.7763491,    2.8763123,   3.8666635,
                                           -3.8058138,   -2.2478182,  -3.7155108,
                     <!-- center       --> -0.014732361,  0.31424701,  0.075576305,
                     <!-- radius       --> 7.6759033
                  </VMeshRef>
               </VMeshPart>
            </Level0>
         </MultiLevel>
         <Hardpoints>
            <Revolute>
               <HpConnect>
                  <Axis type="Vector">0, 1, 0</Axis>
                  <Max type="float">3.1415927</Max>
                  <Min type="float">-3.1415927</Min>
                  <Orientation type="Matrix">
                       1.0000000000,   0.0000000000,   0.0000000000,
                       0.0000000000,   1.0000000000,   0.0000000000,
                       0.0000000000,   0.0000000000,   1.0000000000
                  </Orientation>
                  <Position type="Vector">0, -2.15, 0</Position>
               </HpConnect>
            </Revolute>
         </Hardpoints>
      </HellboyMountS_lod1.3db>
      <HellboyGunS_lod1.3db>
         <MultiLevel>
            <Level0>
               <VMeshPart>
                  <VMeshRef type="VMeshRef">
                     <!-- header size  --> 60,
                     <!-- vmesh lib    --> HellboyMountSmall.lod0.vms,
                     <!-- start vert   --> 203,
                     <!-- num verts    --> 579,
                     <!-- start index  --> 357,
                     <!-- num indices  --> 1011,
                     <!-- start mesh   --> 1,
                     <!-- num meshes   --> 1,
                     <!-- bounding box -->  3.7763491,    2.8763123,   3.8666635,
                                           -3.8058138,   -2.2478182,  -3.7155108,
                     <!-- center       --> -0.014732361,  0.31424701,  0.075576305,
                     <!-- radius       --> 7.6759033
                  </VMeshRef>
               </VMeshPart>
            </Level0>
         </MultiLevel>
         <Hardpoints>
            <Fixed>
               <HpFire01>
                  <Orientation type="Matrix">
                       1.0000000000,   0.0000000000,  -0.0000000000,
                      -0.0000000000,   0.9848077300,  -0.1736481800,
                       0.0000000000,   0.1736481800,   0.9848077300
                  </Orientation>
                  <Position type="Vector">-1.5809425, 2.358979, -3.022439</Position>
               </HpFire01>
               <HpFire02>
                  <Orientation type="Matrix">
                       1.0000000000,   0.0000000000,  -0.0000000000,
                      -0.0000000000,   0.9848077300,  -0.1736481800,
                       0.0000000000,   0.1736481800,   0.9848077300
                  </Orientation>
                  <Position type="Vector">1.562516, 2.3410745, -3.0255954</Position>
               </HpFire02>
               <HpFire03>
                  <Orientation type="Matrix">
                       1.0000000000,   0.0000000000,  -0.0000000000,
                      -0.0000000000,   0.9848077300,  -0.1736481800,
                       0.0000000000,   0.1736481800,   0.9848077300
                  </Orientation>
                  <Position type="Vector">-2.7882266, 1.173751, -3.2314341</Position>
               </HpFire03>
               <HpFire04>
                  <Orientation type="Matrix">
                       1.0000000000,   0.0000000000,  -0.0000000000,
                      -0.0000000000,   0.9848077300,  -0.1736481800,
                       0.0000000000,   0.1736481800,   0.9848077300
                  </Orientation>
                  <Position type="Vector">2.7662916, 1.190328, -3.2285106</Position>
               </HpFire04>
            </Fixed>
         </Hardpoints>
      </HellboyGunS_lod1.3db>
   </UTF_ROOT>
</UTFXML>
