<?xml version="1.0" encoding="ISO-8859-1"?>
<!-- XML generated by UTFXML Version 2.2 built 19-Aug-2010 -->
<UTFXML filename="yamato_turret1.cmp" path="EQUIPMENT\MODELS\TURRET\New">
   <UTF_ROOT>
      <VMeshLibrary>
         <argo_turret01.lod0.vms include="yamato_turret1_cmp\lod0.vms.xml"/>
      </VMeshLibrary>
      <Cmpnd>
         <Root>
            <File_name name="File name" type="text">argo_turret01.3db</File_name>
            <Index type="int">0</Index>
            <Object_name name="Object name" type="text">Root</Object_name>
         </Root>
      </Cmpnd>
      <argo_turret01.3db>
         <Hardpoints>
            <Fixed>
               <HpFire01>
                  <Orientation type="Matrix">
                       1.0000000000,   0.0000000000,  -0.0000000000,
                      -0.0000000000,   0.9848077300,  -0.1736481900,
                       0.0000000000,   0.1736481900,   0.9848077300
                  </Orientation>
                  <Position type="Vector">-4.2144976, 4.6854448, -26.715599</Position>
               </HpFire01>
               <HpFire02>
                  <Orientation type="Matrix">
                       1.0000000000,   0.0000000000,  -0.0000000000,
                      -0.0000000000,   0.9848077300,  -0.1736481900,
                       0.0000000000,   0.1736481900,   0.9848077300
                  </Orientation>
                  <Position type="Vector">0.1898874, 4.7362275, -26.684998</Position>
               </HpFire02>
               <HpFire03>
                  <Orientation type="Matrix">
                       1.0000000000,   0.0000000000,  -0.0000000000,
                      -0.0000000000,   0.9848077300,  -0.1736481900,
                       0.0000000000,   0.1736481900,   0.9848077300
                  </Orientation>
                  <Position type="Vector">4.1643896, 4.7334604, -26.664974</Position>
               </HpFire03>
            </Fixed>
            <Revolute>
               <HpConnect>
                  <Axis type="Vector">0, 1, 0</Axis>
                  <Max type="float">3.1415927</Max>
                  <Min type="float">-3.1415927</Min>
                  <Orientation type="Matrix">
                       1.0000000000,   0.0000000000,   0.0000000000,
                       0.0000000000,   1.0000000000,   0.0000000000,
                       0.0000000000,   0.0000000000,   1.0000000000
                  </Orientation>
                  <Position type="Vector">0, -1.894964, 0.04811</Position>
               </HpConnect>
            </Revolute>
         </Hardpoints>
         <MultiLevel>
            <Level0>
               <VMeshPart>
                  <VMeshRef type="VMeshRef">
                     <!-- header size  --> 60,
                     <!-- vmesh lib    --> argo_turret01.lod0.vms,
                     <!-- start vert   --> 0,
                     <!-- num verts    --> 784,
                     <!-- start index  --> 0,
                     <!-- num indices  --> 2922,
                     <!-- start mesh   --> 0,
                     <!-- num meshes   --> 6,
                     <!-- bounding box -->  11.354179,    5.3819137,   9.7936096,
                                           -11.23884,    -1.8969479, -26.802807,
                     <!-- center       -->   0.05766964,  1.7424829,  -8.5045986,
                     <!-- radius       --> 37.00238
                  </VMeshRef>
               </VMeshPart>
            </Level0>
         </MultiLevel>
      </argo_turret01.3db>
   </UTF_ROOT>
</UTFXML>
