<?xml version="1.0" encoding="ISO-8859-1"?>
<!-- XML generated by UTFXML Version 2.2 built 19-Aug-2010 -->
<UTFXML filename="SpaceBattleshipSc.cmp" path="SHIPS\new\other\SpaceBattleshipSc">
   <UTF_ROOT>
      <VMeshLibrary>
         <SpaceBattleshipSc.lod0.vms include="SpaceBattleshipSc_cmp\lod0.vms.xml"/>
      </VMeshLibrary>
      <Cmpnd>
         <Root>
            <File_name name="File name" type="text">SpaceBattleshipSc.3db</File_name>
            <Index type="int">0</Index>
            <Object_name name="Object name" type="text">Root</Object_name>
         </Root>
      </Cmpnd>
      <SpaceBattleshipSc.3db>
         <Hardpoints>
            <Fixed>
               <HpMount>
                  <Orientation type="Matrix">
                       1.0000000000,   0.0000000000,   0.0000000000,
                       0.0000000000,   1.0000000000,   0.0000000000,
                       0.0000000000,   0.0000000000,   1.0000000000
                  </Orientation>
                  <Position type="Vector">0, -45, -75</Position>
               </HpMount>
               <HpCloak01>
                  <Orientation type="Matrix">
                       1.0000000000,   0.0000000000,   0.0000000000,
                       0.0000000000,   1.0000000000,   0.0000000000,
                       0.0000000000,   0.0000000000,   1.0000000000
                  </Orientation>
                  <Position type="Vector">0, 0, 0</Position>
               </HpCloak01>
               <HpEngine01>
                  <Orientation type="Matrix">
                       1.0000000000,   0.0000000000,   0.0000000000,
                       0.0000000000,   1.0000000000,   0.0000000000,
                       0.0000000000,   0.0000000000,   1.0000000000
                  </Orientation>
                  <Position type="Vector">0, 7.4813652, 199.01842</Position>
               </HpEngine01>
               <HpEngine02>
                  <Orientation type="Matrix">
                       1.0000000000,   0.0000000000,   0.0000000000,
                       0.0000000000,   1.0000000000,   0.0000000000,
                       0.0000000000,   0.0000000000,   1.0000000000
                  </Orientation>
                  <Position type="Vector">-13.664083, -5.9908509, 181.57947</Position>
               </HpEngine02>
               <HpEngine03>
                  <Orientation type="Matrix">
                       1.0000000000,   0.0000000000,   0.0000000000,
                       0.0000000000,   1.0000000000,   0.0000000000,
                       0.0000000000,   0.0000000000,   1.0000000000
                  </Orientation>
                  <Position type="Vector">13.627577, -5.9908509, 181.57947</Position>
               </HpEngine03>
               <HpEngine04>
                  <Orientation type="Matrix">
                       1.0000000000,   0.0000000000,   0.0000000000,
                       0.0000000000,   1.0000000000,   0.0000000000,
                       0.0000000000,   0.0000000000,   1.0000000000
                  </Orientation>
                  <Position type="Vector">-33.101311, 7.8043718, 185.466</Position>
               </HpEngine04>
               <HpEngine05>
                  <Orientation type="Matrix">
                       1.0000000000,   0.0000000000,   0.0000000000,
                       0.0000000000,   1.0000000000,   0.0000000000,
                       0.0000000000,   0.0000000000,   1.0000000000
                  </Orientation>
                  <Position type="Vector">33.030197, 7.9340701, 185.37297</Position>
               </HpEngine05>
               <HpBayDoor01>
                  <Orientation type="Matrix">
                       1.0000000000,   0.0000000000,   0.0000000000,
                       0.0000000000,   1.0000000000,   0.0000000000,
                       0.0000000000,   0.0000000000,   1.0000000000
                  </Orientation>
                  <Position type="Vector">0, -55, 0</Position>
               </HpBayDoor01>
               <HpBayDoor02>
                  <Orientation type="Matrix">
                       1.0000000000,   0.0000000000,   0.0000000000,
                       0.0000000000,   1.0000000000,   0.0000000000,
                       0.0000000000,   0.0000000000,   1.0000000000
                  </Orientation>
                  <Position type="Vector">0, -60, 0</Position>
               </HpBayDoor02>
               <HpCM01>
                  <Orientation type="Matrix">
                      -1.0000000000, -75.710346e-09, -43.711388e-09,
                      87.422777e-09,  -0.8660253300,  -0.5000000000,
                       0.0000000000,  -0.5000000000,   0.8660253900
                  </Orientation>
                  <Position type="Vector">0, -31.454821, 146.18199</Position>
               </HpCM01>
               <HpShield01>
                  <Orientation type="Matrix">
                       1.0000000000,   0.0000000000,   0.0000000000,
                       0.0000000000,   1.0000000000,   0.0000000000,
                       0.0000000000,   0.0000000000,   1.0000000000
                  </Orientation>
                  <Position type="Vector">0, 0, 0</Position>
               </HpShield01>
               <HpShieldGenerator01>
                  <Orientation type="Matrix">
                       1.0000000000,   0.0000000000,   0.0000000000,
                       0.0000000000,   1.0000000000,   0.0000000000,
                       0.0000000000,   0.0000000000,   1.0000000000
                  </Orientation>
                  <Position type="Vector">0, 0, 0</Position>
               </HpShieldGenerator01>
               <HpShieldGenerator02>
                  <Orientation type="Matrix">
                       1.0000000000,   0.0000000000,   0.0000000000,
                       0.0000000000,   1.0000000000,   0.0000000000,
                       0.0000000000,   0.0000000000,   1.0000000000
                  </Orientation>
                  <Position type="Vector">0, 0, 0</Position>
               </HpShieldGenerator02>
               <HpShieldCapacity01>
                  <Orientation type="Matrix">
                       1.0000000000,   0.0000000000,   0.0000000000,
                       0.0000000000,   1.0000000000,   0.0000000000,
                       0.0000000000,   0.0000000000,   1.0000000000
                  </Orientation>
                  <Position type="Vector">0, 0, 0</Position>
               </HpShieldCapacity01>
               <HpShieldCapacity02>
                  <Orientation type="Matrix">
                       1.0000000000,   0.0000000000,   0.0000000000,
                       0.0000000000,   1.0000000000,   0.0000000000,
                       0.0000000000,   0.0000000000,   1.0000000000
                  </Orientation>
                  <Position type="Vector">0, 0, 0</Position>
               </HpShieldCapacity02>
               <HpShieldCapacity03>
                  <Orientation type="Matrix">
                       1.0000000000,   0.0000000000,   0.0000000000,
                       0.0000000000,   1.0000000000,   0.0000000000,
                       0.0000000000,   0.0000000000,   1.0000000000
                  </Orientation>
                  <Position type="Vector">0, 0, 0</Position>
               </HpShieldCapacity03>
               <HpMine01>
                  <Orientation type="Matrix">
                      -1.0000000000, -87.422777e-09,   0.0000000000,
                      87.422777e-09,  -1.0000000000,  -0.0000000000,
                       0.0000000000,   0.0000000000,   1.0000000000
                  </Orientation>
                  <Position type="Vector">0, -31.449411, 146.18825</Position>
               </HpMine01>
               <HpDocklight01>
                  <Orientation type="Matrix">
                       1.0000000000,   0.0000000000,   0.0000000000,
                       0.0000000000,   1.0000000000,   0.0000000000,
                       0.0000000000,   0.0000000000,   1.0000000000
                  </Orientation>
                  <Position type="Vector">-43.712223, 10.493953, 302.84482</Position>
               </HpDocklight01>
               <HpDocklight02>
                  <Orientation type="Matrix">
                       1.0000000000,   0.0000000000,   0.0000000000,
                       0.0000000000,   1.0000000000,   0.0000000000,
                       0.0000000000,   0.0000000000,   1.0000000000
                  </Orientation>
                  <Position type="Vector">43.693733, 10.491157, 302.84906</Position>
               </HpDocklight02>
               <HpRunningLight01>
                  <Orientation type="Matrix">
                       1.0000000000,   0.0000000000,   0.0000000000,
                       0.0000000000,   1.0000000000,   0.0000000000,
                       0.0000000000,   0.0000000000,   1.0000000000
                  </Orientation>
                  <Position type="Vector">-100.92351, -4.9822788, 154.56612</Position>
               </HpRunningLight01>
               <HpRunningLight02>
                  <Orientation type="Matrix">
                       1.0000000000,   0.0000000000,   0.0000000000,
                       0.0000000000,   1.0000000000,   0.0000000000,
                       0.0000000000,   0.0000000000,   1.0000000000
                  </Orientation>
                  <Position type="Vector">100.84233, -4.897296, 154.60152</Position>
               </HpRunningLight02>
               <HpRunningLight03>
                  <Orientation type="Matrix">
                       1.0000000000,   0.0000000000,   0.0000000000,
                       0.0000000000,   1.0000000000,   0.0000000000,
                       0.0000000000,   0.0000000000,   1.0000000000
                  </Orientation>
                  <Position type="Vector">0.015595, 61.873745, 107.91096</Position>
               </HpRunningLight03>
               <HpTractor_Source01>
                  <Orientation type="Matrix">
                       1.0000000000,   0.0000000000,   0.0000000000,
                       0.0000000000,   1.0000000000,   0.0000000000,
                       0.0000000000,   0.0000000000,   1.0000000000
                  </Orientation>
                  <Position type="Vector">0, -3.451021, -180.36166</Position>
               </HpTractor_Source01>
               <HpFX01>
                  <Orientation type="Matrix">
                       1.0000000000,   0.0000000000,   0.0000000000,
                       0.0000000000,   1.0000000000,   0.0000000000,
                       0.0000000000,   0.0000000000,   1.0000000000
                  </Orientation>
                  <Position type="Vector">0, 0, 0</Position>
               </HpFX01>
               <HpFX02>
                  <Orientation type="Matrix">
                       1.0000000000,   0.0000000000,   0.0000000000,
                       0.0000000000,   1.0000000000,   0.0000000000,
                       0.0000000000,   0.0000000000,   1.0000000000
                  </Orientation>
                  <Position type="Vector">0, 7.2862501, 198.97369</Position>
               </HpFX02>
               <HpFX03>
                  <Orientation type="Matrix">
                       1.0000000000,   0.0000000000,   0.0000000000,
                       0.0000000000,   1.0000000000,   0.0000000000,
                       0.0000000000,   0.0000000000,   1.0000000000
                  </Orientation>
                  <Position type="Vector">-13.607213, -6.040915, 181.57947</Position>
               </HpFX03>
               <HpFX04>
                  <Orientation type="Matrix">
                       1.0000000000,   0.0000000000,   0.0000000000,
                       0.0000000000,   1.0000000000,   0.0000000000,
                       0.0000000000,   0.0000000000,   1.0000000000
                  </Orientation>
                  <Position type="Vector">13.590626, -5.990829, 181.57947</Position>
               </HpFX04>
               <HpFX05>
                  <Orientation type="Matrix">
                       1.0000000000,   0.0000000000,   0.0000000000,
                       0.0000000000,   1.0000000000,   0.0000000000,
                       0.0000000000,   0.0000000000,   1.0000000000
                  </Orientation>
                  <Position type="Vector">-33.102814, 7.917769, 185.32736</Position>
               </HpFX05>
               <HpFX06>
                  <Orientation type="Matrix">
                       1.0000000000,   0.0000000000,   0.0000000000,
                       0.0000000000,   1.0000000000,   0.0000000000,
                       0.0000000000,   0.0000000000,   1.0000000000
                  </Orientation>
                  <Position type="Vector">33.080059, 7.8864779, 185.351</Position>
               </HpFX06>
               <HpShieldGenerator03>
                  <Orientation type="Matrix">
                       1.0000000000,   0.0000000000,   0.0000000000,
                       0.0000000000,   1.0000000000,   0.0000000000,
                       0.0000000000,   0.0000000000,   1.0000000000
                  </Orientation>
                  <Position type="Vector">0, 0, 0</Position>
               </HpShieldGenerator03>
            </Fixed>
            <Revolute>
               <HpLTurret01>
                  <Axis type="Vector">0, 1, 0</Axis>
                  <Max type="float">3.1415927</Max>
                  <Min type="float">-3.1415927</Min>
                  <Orientation type="Matrix">
                      -1.0000000000, -87.209820e-09, -6.0983045e-09,
                      87.422784e-09,  -0.9975640800,  -0.0697564710,
                       0.0000000000,  -0.0697564710,   0.9975640800
                  </Orientation>
                  <Position type="Vector">0, -29.9702, 17.302824</Position>
               </HpLTurret01>
               <HpLTurret02>
                  <Axis type="Vector">0, 1, 0</Axis>
                  <Max type="float">1.6580628</Max>
                  <Min type="float">-1.6580628</Min>
                  <Orientation type="Matrix">
                      -0.0336406980,  -0.6419066200,   0.7660443800,
                       0.0400916930,   0.7649946200,   0.6427875200,
                      -0.9986294500,   0.0523359180,  178.81393e-09
                  </Orientation>
                  <Position type="Vector">-74.67292, 18.368759, 117.36755</Position>
               </HpLTurret02>
               <HpLTurret03>
                  <Axis type="Vector">0, 1, 0</Axis>
                  <Max type="float">1.6580628</Max>
                  <Min type="float">-1.6580628</Min>
                  <Orientation type="Matrix">
                      -0.0336406980,   0.6419066200,  -0.7660443800,
                      -0.0400916930,   0.7649946200,   0.6427875200,
                       0.9986294500,   0.0523359180,  178.81393e-09
                  </Orientation>
                  <Position type="Vector">74.67453, 18.364944, 117.20807</Position>
               </HpLTurret03>
               <HpLTurret04>
                  <Axis type="Vector">0, 1, 0</Axis>
                  <Max type="float">1.6580628</Max>
                  <Min type="float">-1.6580628</Min>
                  <Orientation type="Matrix">
                       0.0190075340,  -0.5443072300,   0.8386705500,
                      -0.0292692480,   0.8381596800,   0.5446390500,
                      -0.9993907800,  -0.0348994730, -119.20929e-09
                  </Orientation>
                  <Position type="Vector">-74.580086, 18.239441, 90.767769</Position>
               </HpLTurret04>
               <HpLTurret05>
                  <Axis type="Vector">0, 1, 0</Axis>
                  <Max type="float">1.6580628</Max>
                  <Min type="float">-1.6580628</Min>
                  <Orientation type="Matrix">
                       0.0190075340,   0.5443072300,  -0.8386705500,
                       0.0292692480,   0.8381596800,   0.5446390500,
                       0.9993907800,  -0.0348994730, -119.20929e-09
                  </Orientation>
                  <Position type="Vector">74.557503, 18.245228, 90.822418</Position>
               </HpLTurret05>
               <HpLTurret06>
                  <Axis type="Vector">0, 1, 0</Axis>
                  <Max type="float">3.1415927</Max>
                  <Min type="float">-3.1415927</Min>
                  <Orientation type="Matrix">
                      -1.0000000000, -87.209820e-09, -6.0983045e-09,
                      87.422784e-09,  -0.9975640800,  -0.0697564710,
                       0.0000000000,  -0.0697564710,   0.9975640800
                  </Orientation>
                  <Position type="Vector">0, -28.410053, -12.104662</Position>
               </HpLTurret06>
               <HpLTurret07>
                  <Axis type="Vector">0, 1, 0</Axis>
                  <Max type="float">3.1415927</Max>
                  <Min type="float">-3.1415927</Min>
                  <Orientation type="Matrix">
                      -0.9396923800,  -0.3401465400,  -0.0357508440,
                       0.3420201500,  -0.9345446200,  -0.0982246180,
                     -1.8626451e-09,  -0.1045284600,   0.9945219200
                  </Orientation>
                  <Position type="Vector">-39.785667, -24.184729, 15.366148</Position>
               </HpLTurret07>
               <HpLTurret08>
                  <Axis type="Vector">0, 1, 0</Axis>
                  <Max type="float">3.1415927</Max>
                  <Min type="float">-3.1415927</Min>
                  <Orientation type="Matrix">
                      -0.9396923800,   0.3401465400,   0.0357508440,
                      -0.3420201500,  -0.9345446200,  -0.0982246180,
                      1.8626451e-09,  -0.1045284600,   0.9945219200
                  </Orientation>
                  <Position type="Vector">39.728302, -24.169643, 15.096716</Position>
               </HpLTurret08>
               <HpSTurret01>
                  <Axis type="Vector">0, 1, 0</Axis>
                  <Max type="float">1.6580628</Max>
                  <Min type="float">-1.6580628</Min>
                  <Orientation type="Matrix">
                      -0.0560225840,  -0.6403415200,   0.7660443800,
                       0.0667651300,   0.7631294700,   0.6427875800,
                      -0.9961946000,   0.0871557300,  59.604645e-09
                  </Orientation>
                  <Position type="Vector">-94.187416, 0.95435798, 125.49063</Position>
               </HpSTurret01>
               <HpSTurret02>
                  <Axis type="Vector">0, 1, 0</Axis>
                  <Max type="float">1.6580628</Max>
                  <Min type="float">-1.6580628</Min>
                  <Orientation type="Matrix">
                      -0.0560225840,   0.6403415200,  -0.7660443800,
                      -0.0667651300,   0.7631294700,   0.6427875800,
                       0.9961946000,   0.0871557300,  59.604645e-09
                  </Orientation>
                  <Position type="Vector">94.280197, 0.84992599, 125.45058</Position>
               </HpSTurret02>
               <HpSTurret03>
                  <Axis type="Vector">0, 1, 0</Axis>
                  <Max type="float">1.5707964</Max>
                  <Min type="float">-1.5707964</Min>
                  <Orientation type="Matrix">
                      50.291419e-09,  -0.2923716300,   0.9563046700,
                     -14.901161e-09,   0.9563047900,   0.2923716600,
                      -0.9999998800,   0.0000000000,  59.604645e-09
                  </Orientation>
                  <Position type="Vector">-23.223986, 39.794361, 114.71671</Position>
               </HpSTurret03>
               <HpSTurret04>
                  <Axis type="Vector">0, 1, 0</Axis>
                  <Max type="float">1.5707964</Max>
                  <Min type="float">-1.5707964</Min>
                  <Orientation type="Matrix">
                      50.291419e-09,   0.2923716300,  -0.9563046700,
                      14.901161e-09,   0.9563047900,   0.2923716600,
                       0.9999998800,   0.0000000000,  59.604645e-09
                  </Orientation>
                  <Position type="Vector">23.227226, 39.787678, 114.69728</Position>
               </HpSTurret04>
               <HpSTurret05>
                  <Axis type="Vector">0, 1, 0</Axis>
                  <Max type="float">3.1415927</Max>
                  <Min type="float">-3.1415927</Min>
                  <Orientation type="Matrix">
                      -0.9396923800,  -0.3401465400,  -0.0357508440,
                       0.3420201500,  -0.9345446200,  -0.0982246180,
                     -1.8626451e-09,  -0.1045284600,   0.9945219200
                  </Orientation>
                  <Position type="Vector">-46.828003, -23.192478, 26.929506</Position>
               </HpSTurret05>
               <HpSTurret06>
                  <Axis type="Vector">0, 1, 0</Axis>
                  <Max type="float">3.1415927</Max>
                  <Min type="float">-3.1415927</Min>
                  <Orientation type="Matrix">
                      -0.9396923800,   0.3401465400,   0.0357508440,
                      -0.3420201500,  -0.9345446200,  -0.0982246180,
                      1.8626451e-09,  -0.1045284600,   0.9945219200
                  </Orientation>
                  <Position type="Vector">47.19503, -23.054407, 26.822304</Position>
               </HpSTurret06>
               <HpSTurret07>
                  <Axis type="Vector">0, 1, 0</Axis>
                  <Max type="float">1.6057029</Max>
                  <Min type="float">-1.6057029</Min>
                  <Orientation type="Matrix">
                      -0.0092482567,   0.5298386800,   0.8480479700,
                       0.0148005190,  -0.8479187500,   0.5299193300,
                       0.9998476500,   0.0174524190,   0.0000000000
                  </Orientation>
                  <Position type="Vector">-96.538795, -15.449915, 104.70124</Position>
               </HpSTurret07>
               <HpSTurret08>
                  <Axis type="Vector">0, 1, 0</Axis>
                  <Max type="float">1.6057029</Max>
                  <Min type="float">-1.6057029</Min>
                  <Orientation type="Matrix">
                      -0.0092482567,  -0.5298386800,  -0.8480479700,
                      -0.0148005190,  -0.8479187500,   0.5299193300,
                      -0.9998476500,   0.0174524190,   0.0000000000
                  </Orientation>
                  <Position type="Vector">96.568817, -15.479419, 104.70229</Position>
               </HpSTurret08>
               <HpTorpedo01>
                  <Axis type="Vector">0, 1, 0</Axis>
                  <Max type="float">0.78539819</Max>
                  <Min type="float">-0.78539819</Min>
                  <Orientation type="Matrix">
                      -1.0000000000, -87.422777e-09,   0.0000000000,
                      87.422777e-09,  -1.0000000000,  -0.0000000000,
                       0.0000000000,   0.0000000000,   1.0000000000
                  </Orientation>
                  <Position type="Vector">0, -11.304337, -162.53448</Position>
               </HpTorpedo01>
               <HpLTurret09>
                  <Axis type="Vector">0, 1, 0</Axis>
                  <Max type="float">1.5707964</Max>
                  <Min type="float">-1.5707964</Min>
                  <Orientation type="Matrix">
                       1.0000000000,   0.0000000000,   0.0000000000,
                       0.0000000000,   0.9993908400,   0.0348994960,
                       0.0000000000,  -0.0348994960,   0.9993908400
                  </Orientation>
                  <Position type="Vector">0.078354999, 30.849689, -8.1318493</Position>
               </HpLTurret09>
               <HpLTurret10>
                  <Axis type="Vector">0, 1, 0</Axis>
                  <Max type="float">1.5707964</Max>
                  <Min type="float">-1.5707964</Min>
                  <Orientation type="Matrix">
                       1.0000000000,   0.0000000000,   0.0000000000,
                       0.0000000000,   0.9925461400,   0.1218693500,
                       0.0000000000,  -0.1218693500,   0.9925461400
                  </Orientation>
                  <Position type="Vector">0.030518999, 22.287226, -135.71666</Position>
               </HpLTurret10>
               <HpSTurret09>
                  <Axis type="Vector">0, 1, 0</Axis>
                  <Max type="float">1.5707964</Max>
                  <Min type="float">-1.5707964</Min>
                  <Orientation type="Matrix">
                       1.0000000000,   0.0000000000,   0.0000000000,
                       0.0000000000,   0.9998477100,   0.0174524060,
                       0.0000000000,  -0.0174524060,   0.9998477100
                  </Orientation>
                  <Position type="Vector">0.001856, 27.275759, -76.787415</Position>
               </HpSTurret09>
               <HpSTurret10>
                  <Axis type="Vector">0, 1, 0</Axis>
                  <Max type="float">1.5707964</Max>
                  <Min type="float">-1.5707964</Min>
                  <Orientation type="Matrix">
                      -1.0000000000,   0.0000000000,  87.422777e-09,
                       0.0000000000,   1.0000000000,  -0.0000000000,
                     -87.422777e-09,   0.0000000000,  -1.0000000000
                  </Orientation>
                  <Position type="Vector">-0.015366, 33.108387, 203.23138</Position>
               </HpSTurret10>
               <HpLTurret11>
                  <Axis type="Vector">0, 1, 0</Axis>
                  <Max type="float">1.5707964</Max>
                  <Min type="float">-0.78539819</Min>
                  <Orientation type="Matrix">
                       0.0300187770,  -0.5727902700,   0.8191519400,
                      -0.0428711180,   0.8180295200,   0.5735763300,
                      -0.9986293900,  -0.0523359780,  119.20929e-09
                  </Orientation>
                  <Position type="Vector">-67.623573, 19.214138, 24.478661</Position>
               </HpLTurret11>
               <HpLTurret12>
                  <Axis type="Vector">0, 1, 0</Axis>
                  <Max type="float">0.78539819</Max>
                  <Min type="float">-1.5707964</Min>
                  <Orientation type="Matrix">
                       0.0300187770,   0.5727902700,  -0.8191519400,
                       0.0428711180,   0.8180295200,   0.5735763300,
                       0.9986293900,  -0.0523359780,  119.20929e-09
                  </Orientation>
                  <Position type="Vector">67.885323, 18.81012, 22.015884</Position>
               </HpLTurret12>
               <HpSTurret11>
                  <Axis type="Vector">0, 1, 0</Axis>
                  <Max type="float">0.78539819</Max>
                  <Min type="float">-0.78539819</Min>
                  <Orientation type="Matrix">
                      -0.0885211830,  -0.3303661300,  -0.9396925000,
                      -0.2432103800,  -0.9076731800,   0.3420201500,
                      -0.9659256900,   0.2588190400,   0.0000000000
                  </Orientation>
                  <Position type="Vector">-36.285385, -21.203981, 153.33022</Position>
               </HpSTurret11>
               <HpSTurret12>
                  <Axis type="Vector">0, 1, 0</Axis>
                  <Max type="float">0.78539819</Max>
                  <Min type="float">-0.78539819</Min>
                  <Orientation type="Matrix">
                       0.0799795390,   0.2984875700,  -0.9510566000,
                      -0.2461515500,  -0.9186502100,  -0.3090170900,
                      -0.9659259300,   0.2588190700, -197.84784e-09
                  </Orientation>
                  <Position type="Vector">30.978485, -22.916189, 153.3586</Position>
               </HpSTurret12>
               <HpLTurret13>
                  <Axis type="Vector">0, 1, 0</Axis>
                  <Max type="float">0.78539819</Max>
                  <Min type="float">-0.78539819</Min>
                  <Orientation type="Matrix">
                      178.81393e-09, -93.132257e-09,   0.9999998800,
                      -0.0871557300,  -0.9961945400, -85.681677e-09,
                       0.9961946000,  -0.0871557300, -14.668331e-09
                  </Orientation>
                  <Position type="Vector">-0.008477, -27.323984, -32.735893</Position>
               </HpLTurret13>
               <HpSTurret13>
                  <Axis type="Vector">0, 1, 0</Axis>
                  <Max type="float">0.78539819</Max>
                  <Min type="float">-0.78539819</Min>
                  <Orientation type="Matrix">
                      178.81393e-09, -85.681677e-09,  -0.9999998800,
                       0.0871557300,  -0.9961945400,  93.132257e-09,
                      -0.9961946000,  -0.0871557300, -6.7520887e-09
                  </Orientation>
                  <Position type="Vector">-0.124208, -19.007374, -88.913734</Position>
               </HpSTurret13>
            </Revolute>
         </Hardpoints>
         <MultiLevel>
            <Level0>
               <VMeshPart>
                  <VMeshRef type="VMeshRef">
                     <!-- header size  --> 60,
                     <!-- vmesh lib    --> SpaceBattleshipSc.lod0.vms,
                     <!-- start vert   --> 0,
                     <!-- num verts    --> 5014,
                     <!-- start index  --> 0,
                     <!-- num indices  --> 18582,
                     <!-- start mesh   --> 0,
                     <!-- num meshes   --> 5,
                     <!-- bounding box -->  108.0838,        62.030418,  302.90411,
                                           -108.1014,       -31.498871, -308.71979,
                     <!-- center       -->   -0.0087852478,  15.26578,    -2.907867,
                     <!-- radius       --> 360
                  </VMeshRef>
               </VMeshPart>
            </Level0>
         </MultiLevel>
      </SpaceBattleshipSc.3db>
   </UTF_ROOT>
</UTFXML>
