<?xml version="1.0" encoding="ISO-8859-1"?>
<!-- XML generated by UTFXML Version 2.2 built 19-Aug-2010 -->
<UTFXML filename="Rebirth_Barrier.cmp" path="SOLAR\new\Barrier">
   <UTF_ROOT>
      <VMeshLibrary>
         <Rebirth_Barrier.lod0.vms include="Rebirth_Barrier_cmp\lod0.vms.xml"/>
      </VMeshLibrary>
      <Cmpnd>
         <Root>
            <File_name name="File name" type="text">Rebirth_Barrier.3db</File_name>
            <Index type="int">0</Index>
            <Object_name name="Object name" type="text">Root</Object_name>
         </Root>
      </Cmpnd>
      <Rebirth_Barrier.3db>
         <Hardpoints>
            <Fixed>
               <HpRunningLight01>
                  <Orientation type="Matrix">
                       1.0000000000,   0.0000000000,   0.0000000000,
                       0.0000000000,   1.0000000000,   0.0000000000,
                       0.0000000000,   0.0000000000,   1.0000000000
                  </Orientation>
                  <Position type="Vector">-2160.6909, 15.53772, -3543.1738</Position>
               </HpRunningLight01>
               <HpRunningLight02>
                  <Orientation type="Matrix">
                       1.0000000000,   0.0000000000,   0.0000000000,
                       0.0000000000,   1.0000000000,   0.0000000000,
                       0.0000000000,   0.0000000000,   1.0000000000
                  </Orientation>
                  <Position type="Vector">0, 0, 0</Position>
               </HpRunningLight02>
               <HpShield01>
                  <Orientation type="Matrix">
                       1.0000000000,   0.0000000000,   0.0000000000,
                       0.0000000000,   1.0000000000,   0.0000000000,
                       0.0000000000,   0.0000000000,   1.0000000000
                  </Orientation>
                  <Position type="Vector">-2160.1621, 15.435303, -3543.5005</Position>
               </HpShield01>
               <HpFX01>
                  <Orientation type="Matrix">
                       1.0000000000,  42.146844e-09,  1.7763568e-15,
                      1.7763568e-15,  178.81393e-09,   0.9999997000,
                      42.146844e-09,  -0.9999997000,  178.81393e-09
                  </Orientation>
                  <Position type="Vector">-2160.1619, 15.119385, -3543.5005</Position>
               </HpFX01>
               <HpFX02>
                  <Orientation type="Matrix">
                       1.0000000000, -42.146844e-09, -1.7763568e-15,
                     -1.7763568e-15,  178.81393e-09,   0.9999997000,
                     -42.146844e-09,  -0.9999997000,  178.81393e-09
                  </Orientation>
                  <Position type="Vector">1971.2383, 1.868652, -3538.8242</Position>
               </HpFX02>
               <HpFX03>
                  <Orientation type="Matrix">
                      -0.8995189100,  -0.4330126300,   0.0580125600,
                      -0.0580128430,   0.2500000000,   0.9665062400,
                      -0.4330126000,   0.8660253300,  -0.2500000000
                  </Orientation>
                  <Position type="Vector">-2158.4561, 15.630249, 3122.5149</Position>
               </HpFX03>
               <HpFX04>
                  <Orientation type="Matrix">
                       1.0000000000,   0.0000000000,  -0.0000000000,
                      -0.0000000000,   0.5000000000,  -0.8660253900,
                       0.0000000000,   0.8660253900,   0.5000000000
                  </Orientation>
                  <Position type="Vector">-99.064301, 3327.4075, -2281.1406</Position>
               </HpFX04>
               <HpFX05>
                  <Orientation type="Matrix">
                       1.0000000000,   0.0000000000,   0.0000000000,
                       0.0000000000,   0.5000000000,   0.8660253900,
                       0.0000000000,  -0.8660253900,   0.5000000000
                  </Orientation>
                  <Position type="Vector">-96.630341, -3330.5776, -2276.0112</Position>
               </HpFX05>
               <HpFX06>
                  <Orientation type="Matrix">
                      111.75871e-09,   0.5000000000,   0.8660252700,
                      29.802322e-09,   0.8660254500,  -0.5000000000,
                      -0.9999998200,   0.0000000000,  119.20929e-09
                  </Orientation>
                  <Position type="Vector">-3427.7134, 2066.7939, -210.60147</Position>
               </HpFX06>
               <HpFX07>
                  <Orientation type="Matrix">
                      111.75871e-09,  -0.5000000000,  -0.8660252700,
                     -29.802322e-09,   0.8660254500,  -0.5000000000,
                       0.9999998200,   0.0000000000,  119.20929e-09
                  </Orientation>
                  <Position type="Vector">3231.3794, 2066.541, -210.6676</Position>
               </HpFX07>
               <HpFX08>
                  <Orientation type="Matrix">
                      119.20929e-09,   0.5000000000,   0.8660252700,
                      29.802322e-09,  -0.8660250300,   0.5000000000,
                       0.9999998200,  89.406967e-09,  268.22090e-09
                  </Orientation>
                  <Position type="Vector">-3430.6628, -2062.0217, -228.66089</Position>
               </HpFX08>
               <HpFX09>
                  <Orientation type="Matrix">
                      119.20929e-09,  -0.5000000000,  -0.8660252700,
                     -29.802322e-09,  -0.8660250300,   0.5000000000,
                      -0.9999998200,  89.406967e-09,  268.22090e-09
                  </Orientation>
                  <Position type="Vector">3233.1226, -2063.7202, -230.19031</Position>
               </HpFX09>
               <HpFX10>
                  <Orientation type="Matrix">
                      -1.0000000000,   0.0000000000,  87.422777e-09,
                     -75.710346e-09,   0.5000000000,  -0.8660253900,
                     -43.711385e-09,  -0.8660253900,  -0.5000000000
                  </Orientation>
                  <Position type="Vector">-78.726929, 3332.2849, 1851.2083</Position>
               </HpFX10>
               <HpFX11>
                  <Orientation type="Matrix">
                       1.0000000000, -43.711388e-09, -11.712432e-09,
                     -11.712432e-09,  -0.5000000000,   0.8660253900,
                     -43.711388e-09,  -0.8660253900,  -0.5000000000
                  </Orientation>
                  <Position type="Vector">-80.449585, -3334.8259, 1847.0969</Position>
               </HpFX11>
            </Fixed>
            <Revolute type="hex" size="0">
               
            </Revolute>
         </Hardpoints>
         <MultiLevel>
            <Level0>
               <VMeshPart>
                  <VMeshRef type="VMeshRef">
                     <!-- header size  --> 60,
                     <!-- vmesh lib    --> Rebirth_Barrier.lod0.vms,
                     <!-- start vert   --> 0,
                     <!-- num verts    --> 512,
                     <!-- start index  --> 0,
                     <!-- num indices  --> 900,
                     <!-- start mesh   --> 0,
                     <!-- num meshes   --> 1,
                     <!-- bounding box -->  4152.3799,    4250.6304,  4039.6099,
                                           -4348.8701,   -4250.6304, -4461.6499,
                     <!-- center       -->   -98.245117,     0,       -211.02002,
                     <!-- radius       --> 9427.9209
                  </VMeshRef>
               </VMeshPart>
            </Level0>
         </MultiLevel>
      </Rebirth_Barrier.3db>
   </UTF_ROOT>
</UTFXML>
