<?xml version="1.0" encoding="ISO-8859-1"?>
<!-- XML generated by UTFXML Version 2.2 built 19-Aug-2010 -->
<UTFXML filename="Acinonyx.cmp" path="SHIPS\new\X3_terran_conflict_ships\Split\fighter">
   <UTF_ROOT>
      <VMeshLibrary>
         <acinonyx.lod0-112.vms include="Acinonyx_cmp\lod0-112.vms.xml"/>
      </VMeshLibrary>
      <Exporter_Version name="Exporter Version" type="text">Export</Exporter_Version>
      <Cmpnd>
         <Root>
            <Object_name name="Object name" type="text">Root</Object_name>
            <Index type="int">0</Index>
            <File_name name="File name" type="text">Acinonyx211015153549.3db</File_name>
         </Root>
      </Cmpnd>
      <Acinonyx211015153549.3db>
         <VMeshPart>
            <VMeshRef type="VMeshRef">
               <!-- header size  --> 60,
               <!-- vmesh lib    --> acinonyx.lod0-112.vms,
               <!-- start vert   --> 0,
               <!-- num verts    --> 25654,
               <!-- start index  --> 0,
               <!-- num indices  --> 61653,
               <!-- start mesh   --> 0,
               <!-- num meshes   --> 15,
               <!-- bounding box -->  10.821135,      2.6308482,  16.13699,
                                     -10.823733,     -1.6385732, -16.111311,
               <!-- center       -->  -0.0012993813,  0.4961375,   0.012839317,
               <!-- radius       --> 16.749655
            </VMeshRef>
         </VMeshPart>
         <VMeshWire include="Acinonyx_cmp\Acinonyx.vwd.xml"/>
         <Hardpoints>
            <Fixed>
               <HpMount>
                  <Position type="Vector">0, -3.2, -0</Position>
                  <Orientation type="Matrix">
                       1.0000000000,   0.0000000000,  -0.0000000000,
                       0.0000000000,   1.0000000000,  -0.0000000000,
                      -0.0000000000,  -0.0000000000,   1.0000000000
                  </Orientation>
               </HpMount>
               <HpBayDoor01>
                  <Position type="Vector">0, -4, -0</Position>
                  <Orientation type="Matrix">
                       1.0000000000,   0.0000000000,  -0.0000000000,
                       0.0000000000,   1.0000000000,  -0.0000000000,
                      -0.0000000000,  -0.0000000000,   1.0000000000
                  </Orientation>
               </HpBayDoor01>
               <HpBayDoor02>
                  <Position type="Vector">0, -7, -0</Position>
                  <Orientation type="Matrix">
                       1.0000000000,   0.0000000000,  -0.0000000000,
                       0.0000000000,   1.0000000000,  -0.0000000000,
                      -0.0000000000,  -0.0000000000,   1.0000000000
                  </Orientation>
               </HpBayDoor02>
               <HpCloak01>
                  <Position type="Vector">0, 0.5, 4.2</Position>
                  <Orientation type="Matrix">
                       1.0000000000,   0.0000000000,  -0.0000000000,
                       0.0000000000,   1.0000000000,  -0.0000000000,
                      -0.0000000000,  -0.0000000000,   1.0000000000
                  </Orientation>
               </HpCloak01>
               <HpEngine01>
                  <Position type="Vector">4.497261, 0.171756, 14.558333</Position>
                  <Orientation type="Matrix">
                       1.0000000000,   0.0000000000,  -0.0000000000,
                       0.0000000000,   1.0000000000,  -0.0000000000,
                      -0.0000000000,  -0.0000000000,   1.0000000000
                  </Orientation>
               </HpEngine01>
               <HpEngine02>
                  <Position type="Vector">-4.4795971, 0.161843, 14.558333</Position>
                  <Orientation type="Matrix">
                       1.0000000000,   0.0000000000,  -0.0000000000,
                       0.0000000000,   1.0000000000,  -0.0000000000,
                      -0.0000000000,  -0.0000000000,   1.0000000000
                  </Orientation>
               </HpEngine02>
               <HpEngine03>
                  <Position type="Vector">-2.1003549, 0.56462002, 13.83466</Position>
                  <Orientation type="Matrix">
                       1.0000000000,   0.0000000000,  -0.0000000000,
                       0.0000000000,   1.0000000000,  -0.0000000000,
                      -0.0000000000,  -0.0000000000,   1.0000000000
                  </Orientation>
               </HpEngine03>
               <HpEngine04>
                  <Position type="Vector">2.101007, 0.56299001, 13.833827</Position>
                  <Orientation type="Matrix">
                       1.0000000000,   0.0000000000,  -0.0000000000,
                       0.0000000000,   1.0000000000,  -0.0000000000,
                      -0.0000000000,  -0.0000000000,   1.0000000000
                  </Orientation>
               </HpEngine04>
               <HpThruster01>
                  <Position type="Vector">0, -0.149222, 12.934327</Position>
                  <Orientation type="Matrix">
                      -1.0000000000,  106.17260e-15, -325.84137e-09,
                       0.0000000000,  -1.0000000000, -325.84137e-09,
                     -325.84137e-09, -325.84137e-09,   1.0000000000
                  </Orientation>
               </HpThruster01>
               <HpShield01>
                  <Position type="Vector">0, 0, 7</Position>
                  <Orientation type="Matrix">
                       1.0000000000,   0.0000000000,  -0.0000000000,
                       0.0000000000,   1.0000000000,  -0.0000000000,
                      -0.0000000000,  -0.0000000000,   1.0000000000
                  </Orientation>
               </HpShield01>
               <HpShield02>
                  <Position type="Vector">0, 0, 7</Position>
                  <Orientation type="Matrix">
                       1.0000000000,   0.0000000000,  -0.0000000000,
                       0.0000000000,   1.0000000000,  -0.0000000000,
                      -0.0000000000,  -0.0000000000,   1.0000000000
                  </Orientation>
               </HpShield02>
               <HpNew01>
                  <Position type="Vector">0, 0, 7</Position>
                  <Orientation type="Matrix">
                       1.0000000000,   0.0000000000,  -0.0000000000,
                       0.0000000000,   1.0000000000,  -0.0000000000,
                      -0.0000000000,  -0.0000000000,   1.0000000000
                  </Orientation>
               </HpNew01>
               <HpNew02>
                  <Position type="Vector">0, 0, 7</Position>
                  <Orientation type="Matrix">
                       1.0000000000,   0.0000000000,  -0.0000000000,
                       0.0000000000,   1.0000000000,  -0.0000000000,
                      -0.0000000000,  -0.0000000000,   1.0000000000
                  </Orientation>
               </HpNew02>
               <HpNew03>
                  <Position type="Vector">0, 0, 7</Position>
                  <Orientation type="Matrix">
                       1.0000000000,   0.0000000000,  -0.0000000000,
                       0.0000000000,   1.0000000000,  -0.0000000000,
                      -0.0000000000,  -0.0000000000,   1.0000000000
                  </Orientation>
               </HpNew03>
               <HpNew04>
                  <Position type="Vector">0, 0, 7</Position>
                  <Orientation type="Matrix">
                       1.0000000000,   0.0000000000,  -0.0000000000,
                       0.0000000000,   1.0000000000,  -0.0000000000,
                      -0.0000000000,  -0.0000000000,   1.0000000000
                  </Orientation>
               </HpNew04>
               <HpFX01>
                  <Position type="Vector">0, 0, 7</Position>
                  <Orientation type="Matrix">
                       1.0000000000,   0.0000000000,  -0.0000000000,
                       0.0000000000,   1.0000000000,  -0.0000000000,
                      -0.0000000000,  -0.0000000000,   1.0000000000
                  </Orientation>
               </HpFX01>
               <HpFX02>
                  <Position type="Vector">0, 0, 7</Position>
                  <Orientation type="Matrix">
                      313.91644e-09,   0.9999998800,  -0.0000000000,
                      -0.9999998800,  313.91644e-09,  -0.0000000000,
                      -0.0000000000,  -0.0000000000,   1.0000000000
                  </Orientation>
               </HpFX02>
               <HpFX03>
                  <Position type="Vector">0, 0, 7</Position>
                  <Orientation type="Matrix">
                       1.0000000000,   0.0000000000,  -0.0000000000,
                       0.0000000000,  313.91644e-09,   0.9999998800,
                      -0.0000000000,  -0.9999998800,  313.91644e-09
                  </Orientation>
               </HpFX03>
               <HpFX04>
                  <Position type="Vector">0, 0, 7</Position>
                  <Orientation type="Matrix">
                       1.0000000000,   0.0000000000,  -0.0000000000,
                       0.0000000000,   1.0000000000,  -0.0000000000,
                      -0.0000000000,  -0.0000000000,   1.0000000000
                  </Orientation>
               </HpFX04>
               <HpFX05>
                  <Position type="Vector">0, 0, 7</Position>
                  <Orientation type="Matrix">
                       1.0000000000,   0.0000000000,  -0.0000000000,
                       0.0000000000,   1.0000000000,  -0.0000000000,
                      -0.0000000000,  -0.0000000000,   1.0000000000
                  </Orientation>
               </HpFX05>
               <HpFX06>
                  <Position type="Vector">0, 0, 7</Position>
                  <Orientation type="Matrix">
                       1.0000000000,   0.0000000000,  -0.0000000000,
                       0.0000000000,   1.0000000000,  -0.0000000000,
                      -0.0000000000,  -0.0000000000,   1.0000000000
                  </Orientation>
               </HpFX06>
               <HpFX07>
                  <Position type="Vector">0, 0, 7</Position>
                  <Orientation type="Matrix">
                       1.0000000000,   0.0000000000,  -0.0000000000,
                       0.0000000000,   1.0000000000,  -0.0000000000,
                      -0.0000000000,  -0.0000000000,   1.0000000000
                  </Orientation>
               </HpFX07>
               <HpTractor_Source>
                  <Position type="Vector">0, -0.092753001, 3.737108</Position>
                  <Orientation type="Matrix">
                       1.0000000000,   0.0000000000,  -0.0000000000,
                       0.0000000000,   1.0000000000,  -0.0000000000,
                      -0.0000000000,  -0.0000000000,   1.0000000000
                  </Orientation>
               </HpTractor_Source>
               <HpMine01>
                  <Position type="Vector">2.1765151, -1.023146, 13.602622</Position>
                  <Orientation type="Matrix">
                      -1.0000000000,  106.17260e-15, -325.84137e-09,
                       0.0000000000,  -1.0000000000, -325.84137e-09,
                     -325.84137e-09, -325.84137e-09,   1.0000000000
                  </Orientation>
               </HpMine01>
               <HpMine02>
                  <Position type="Vector">-2.174612, -1.017501, 13.702363</Position>
                  <Orientation type="Matrix">
                      -1.0000000000,  106.17260e-15, -325.84137e-09,
                       0.0000000000,  -1.0000000000, -325.84137e-09,
                     -325.84137e-09, -325.84137e-09,   1.0000000000
                  </Orientation>
               </HpMine02>
               <HpCM01>
                  <Position type="Vector">0, 1.61568, 13.870982</Position>
                  <Orientation type="Matrix">
                       1.0000000000,   0.0000000000,  -0.0000000000,
                       0.0000000000,   1.0000000000,  -0.0000000000,
                      -0.0000000000,  -0.0000000000,   1.0000000000
                  </Orientation>
               </HpCM01>
               <HpCM02>
                  <Position type="Vector">0, 0.72370499, 14.039165</Position>
                  <Orientation type="Matrix">
                      -1.0000000000,  106.17260e-15, -325.84137e-09,
                       0.0000000000,  -1.0000000000, -325.84137e-09,
                     -325.84137e-09, -325.84137e-09,   1.0000000000
                  </Orientation>
               </HpCM02>
               <HpDocklight01>
                  <Position type="Vector">-10.819147, -0.79303402, 9.8275557</Position>
                  <Orientation type="Matrix">
                       1.0000000000,   0.0000000000,  -0.0000000000,
                       0.0000000000,   1.0000000000,  -0.0000000000,
                      -0.0000000000,  -0.0000000000,   1.0000000000
                  </Orientation>
               </HpDocklight01>
               <HpDocklight02>
                  <Position type="Vector">10.819066, -0.79559302, 9.8291693</Position>
                  <Orientation type="Matrix">
                       1.0000000000,   0.0000000000,  -0.0000000000,
                       0.0000000000,   1.0000000000,  -0.0000000000,
                      -0.0000000000,  -0.0000000000,   1.0000000000
                  </Orientation>
               </HpDocklight02>
               <HpRunningLight01>
                  <Position type="Vector">-10.801481, -0.44674, 6.1177182</Position>
                  <Orientation type="Matrix">
                       1.0000000000,   0.0000000000,  -0.0000000000,
                       0.0000000000,   1.0000000000,  -0.0000000000,
                      -0.0000000000,  -0.0000000000,   1.0000000000
                  </Orientation>
               </HpRunningLight01>
               <HpRunningLight02>
                  <Position type="Vector">10.799537, -0.44648299, 6.1187811</Position>
                  <Orientation type="Matrix">
                       1.0000000000,   0.0000000000,  -0.0000000000,
                       0.0000000000,   1.0000000000,  -0.0000000000,
                      -0.0000000000,  -0.0000000000,   1.0000000000
                  </Orientation>
               </HpRunningLight02>
               <HpRunningLight03>
                  <Position type="Vector">-0.417647, 0.95867199, 0.117774</Position>
                  <Orientation type="Matrix">
                       1.0000000000,   0.0000000000,  -0.0000000000,
                       0.0000000000,   1.0000000000,  -0.0000000000,
                      -0.0000000000,  -0.0000000000,   1.0000000000
                  </Orientation>
               </HpRunningLight03>
               <HpRunningLight04>
                  <Position type="Vector">0.410685, 0.95826101, 0.117774</Position>
                  <Orientation type="Matrix">
                       1.0000000000,   0.0000000000,  -0.0000000000,
                       0.0000000000,   1.0000000000,  -0.0000000000,
                      -0.0000000000,  -0.0000000000,   1.0000000000
                  </Orientation>
               </HpRunningLight04>
               <HpContrail01>
                  <Position type="Vector">-10.821125, -0.79523301, 9.8302841</Position>
                  <Orientation type="Matrix">
                       1.0000000000,   0.0000000000,  -0.0000000000,
                       0.0000000000,   1.0000000000,  -0.0000000000,
                      -0.0000000000,  -0.0000000000,   1.0000000000
                  </Orientation>
               </HpContrail01>
               <HpContrail02>
                  <Position type="Vector">10.816989, -0.79462498, 9.8316517</Position>
                  <Orientation type="Matrix">
                       1.0000000000,   0.0000000000,  -0.0000000000,
                       0.0000000000,   1.0000000000,  -0.0000000000,
                      -0.0000000000,  -0.0000000000,   1.0000000000
                  </Orientation>
               </HpContrail02>
            </Fixed>
            <Revolute>
               <HpTorpedo01>
                  <Position type="Vector">-4.1530728, -1.362061, 1.3127379</Position>
                  <Orientation type="Matrix">
                      -0.9925463200,  -0.1217940700,   0.0042531486,
                       0.1218683500,  -0.9919415100,   0.0346394030,
                     -174.62298e-12,   0.0348995330,   0.9993908400
                  </Orientation>
                  <Axis type="Vector">0, 1, -0</Axis>
                  <Min type="float">-0.78539819</Min>
                  <Max type="float">0.78539819</Max>
               </HpTorpedo01>
               <HpTorpedo02>
                  <Position type="Vector">4.1295018, -1.364029, 1.327191</Position>
                  <Orientation type="Matrix">
                      -0.9925462600,   0.1217950200,  -0.0042531816,
                      -0.1218693000,  -0.9919413900,   0.0346393960,
                      611.18044e-12,   0.0348995330,   0.9993908400
                  </Orientation>
                  <Axis type="Vector">0, 1, -0</Axis>
                  <Min type="float">-0.78539819</Min>
                  <Max type="float">0.78539819</Max>
               </HpTorpedo02>
               <HpTorpedo03>
                  <Position type="Vector">-6.285234, -1.148223, 1.0659651</Position>
                  <Orientation type="Matrix">
                      -0.9945219800,  -0.1044638800,   0.0036479626,
                       0.1045275600,  -0.9939163900,   0.0347083550,
                      58.207661e-12,   0.0348995400,   0.9993907200
                  </Orientation>
                  <Axis type="Vector">0, 1, -0</Axis>
                  <Min type="float">-0.78539819</Min>
                  <Max type="float">0.78539819</Max>
               </HpTorpedo03>
               <HpTorpedo04>
                  <Position type="Vector">6.2533388, -1.152449, 1.026014</Position>
                  <Orientation type="Matrix">
                      -0.9945219800,   0.1044648500,  -0.0036479961,
                      -0.1045285100,  -0.9939164500,   0.0347083580,
                     -174.62298e-12,   0.0348995400,   0.9993907200
                  </Orientation>
                  <Axis type="Vector">0, 1, -0</Axis>
                  <Min type="float">-0.78539819</Min>
                  <Max type="float">0.78539819</Max>
               </HpTorpedo04>
               <HpTorpedo05>
                  <Position type="Vector">0, -0.830055, 4.820569</Position>
                  <Orientation type="Matrix">
                      -1.0000000000,  106.17260e-15, -325.84137e-09,
                       0.0000000000,  -1.0000000000, -325.84137e-09,
                     -325.84137e-09, -325.84137e-09,   1.0000000000
                  </Orientation>
                  <Axis type="Vector">0, 1, -0</Axis>
                  <Min type="float">-0.43633232</Min>
                  <Max type="float">0.43633232</Max>
               </HpTorpedo05>
               <HpTurret01>
                  <Position type="Vector">-4.906332, -1.20847, 5.723525</Position>
                  <Orientation type="Matrix">
                      -0.9902684100,  -0.1391724900,  -0.0000000000,
                       0.1391724900,  -0.9902684100,  -0.0000000000,
                      -0.0000000000,  -0.0000000000,   1.0000000000
                  </Orientation>
                  <Axis type="Vector">0, 1, -0</Axis>
                  <Min type="float">-0.78539819</Min>
                  <Max type="float">0.78539819</Max>
               </HpTurret01>
               <HpTurret02>
                  <Position type="Vector">4.8931842, -1.2101279, 5.7124939</Position>
                  <Orientation type="Matrix">
                      -0.9902683500,   0.1391729700,  -0.0000000000,
                      -0.1391729700,  -0.9902683500,  -0.0000000000,
                      -0.0000000000,  -0.0000000000,   1.0000000000
                  </Orientation>
                  <Axis type="Vector">0, 1, -0</Axis>
                  <Min type="float">-0.78539819</Min>
                  <Max type="float">0.78539819</Max>
               </HpTurret02>
               <HpTurret03>
                  <Position type="Vector">-4.4026952, 1.360533, 5.3759918</Position>
                  <Orientation type="Matrix">
                       0.9659258100,  -0.2588189800,  -0.0000000000,
                       0.2588189800,   0.9659258100,  -0.0000000000,
                      -0.0000000000,  -0.0000000000,   1.0000000000
                  </Orientation>
                  <Axis type="Vector">0, 1, -0</Axis>
                  <Min type="float">-0.78539819</Min>
                  <Max type="float">0.78539819</Max>
               </HpTurret03>
               <HpTurret04>
                  <Position type="Vector">4.4103069, 1.3587559, 5.384666</Position>
                  <Orientation type="Matrix">
                       0.9659258100,   0.2588190700,  -0.0000000000,
                      -0.2588190700,   0.9659258100,  -0.0000000000,
                      -0.0000000000,  -0.0000000000,   1.0000000000
                  </Orientation>
                  <Axis type="Vector">0, 1, -0</Axis>
                  <Min type="float">-0.78539819</Min>
                  <Max type="float">0.78539819</Max>
               </HpTurret04>
               <HpWeapon01>
                  <Position type="Vector">-9.3997049, -0.037948001, 8.9019308</Position>
                  <Orientation type="Matrix">
                       0.9455186100,  -0.3243293200,   0.0283751410,
                       0.3255682300,   0.9419206400,  -0.0824073630,
                     -5.5879354e-09,   0.0871557370,   0.9961947200
                  </Orientation>
                  <Axis type="Vector">0, 1, -0</Axis>
                  <Min type="float">-0.78539819</Min>
                  <Max type="float">0.78539819</Max>
               </HpWeapon01>
               <HpWeapon02>
                  <Position type="Vector">9.3610678, -0.011732, 8.7775574</Position>
                  <Orientation type="Matrix">
                       0.9455186100,   0.3243293500,  -0.0283751360,
                      -0.3255682300,   0.9419206400,  -0.0824073550,
                      -0.0000000000,   0.0871557370,   0.9961947200
                  </Orientation>
                  <Axis type="Vector">0, 1, -0</Axis>
                  <Min type="float">-0.78539819</Min>
                  <Max type="float">0.78539819</Max>
               </HpWeapon02>
               <HpWeapon03>
                  <Position type="Vector">-2.5571239, -1.452978, 4.132658</Position>
                  <Orientation type="Matrix">
                      -0.9945219800,  -0.1044638800,   0.0036479626,
                       0.1045275600,  -0.9939163900,   0.0347083550,
                      58.207661e-12,   0.0348995400,   0.9993907200
                  </Orientation>
                  <Axis type="Vector">0, 1, -0</Axis>
                  <Min type="float">-0.78539819</Min>
                  <Max type="float">0.78539819</Max>
               </HpWeapon03>
               <HpWeapon04>
                  <Position type="Vector">2.579731, -1.450636, 4.1213541</Position>
                  <Orientation type="Matrix">
                      -0.9945219800,   0.1044648500,  -0.0036479961,
                      -0.1045285100,  -0.9939164500,   0.0347083580,
                     -174.62298e-12,   0.0348995400,   0.9993907200
                  </Orientation>
                  <Axis type="Vector">0, 1, -0</Axis>
                  <Min type="float">-0.78539819</Min>
                  <Max type="float">0.78539819</Max>
               </HpWeapon04>
            </Revolute>
         </Hardpoints>
      </Acinonyx211015153549.3db>
   </UTF_ROOT>
</UTFXML>
