<?xml version="1.0" encoding="ISO-8859-1"?>
<!-- XML generated by UTFXML Version 2.2 built 19-Aug-2010 -->
<UTFXML filename="co_elite.cmp" path="SHIPS\CORSAIR\CO_ELITE">
   <UTF_ROOT>
      <VMeshLibrary>
         <data.ships.corsair.co_elite.co_elite.lod0-112.vms include="co_elite_cmp\lod0-112.vms.xml"/>
         <data.ships.corsair.co_elite.co_elite.lod1-112.vms include="co_elite_cmp\lod1-112.vms.xml"/>
         <data.ships.corsair.co_elite.co_elite.lod2-112.vms include="co_elite_cmp\lod2-112.vms.xml"/>
      </VMeshLibrary>
      <Animation>
         <Script>
            <Sc_end_anim name="Sc_end anim">
               <Joint_map_0 name="Joint map 0">
                  <Channel>
                     <Header type="Header">
                        <!-- count    --> 1,
                        <!-- interval --> 0.033333335,
                        <!-- flags    --> 0x1
                     </Header>
                     <Frames type="Frames" count="2">
                          1.4224399000
                          0.0000000000
                     </Frames>
                  </Channel>
                  <Child_name name="Child name" type="text">baydoor01_lod1</Child_name>
                  <Parent_name name="Parent name" type="text">Root</Parent_name>
               </Joint_map_0>
               <Joint_map_1 name="Joint map 1">
                  <Channel>
                     <Header type="Header">
                        <!-- count    --> 1,
                        <!-- interval --> 0.033333335,
                        <!-- flags    --> 0x1
                     </Header>
                     <Frames type="Frames" count="2">
                          1.4224399000
                          0.0000000000
                     </Frames>
                  </Channel>
                  <Child_name name="Child name" type="text">baydoor02_lod1</Child_name>
                  <Parent_name name="Parent name" type="text">Root</Parent_name>
               </Joint_map_1>
            </Sc_end_anim>
            <Sc_open_door name="Sc_open door">
               <Joint_map_0 name="Joint map 0">
                  <Channel>
                     <Header type="Header">
                        <!-- count    --> 2,
                        <!-- interval --> Explicit,
                        <!-- flags    --> 0x1
                     </Header>
                     <Frames type="Frames" count="2">
                          0.0000000000:   0.0000000000
                          1.0000000000:   1.4224399000
                     </Frames>
                  </Channel>
                  <Child_name name="Child name" type="text">baydoor01_lod1</Child_name>
                  <Parent_name name="Parent name" type="text">Root</Parent_name>
               </Joint_map_0>
               <Joint_map_1 name="Joint map 1">
                  <Channel>
                     <Header type="Header">
                        <!-- count    --> 2,
                        <!-- interval --> Explicit,
                        <!-- flags    --> 0x1
                     </Header>
                     <Frames type="Frames" count="2">
                          0.0000000000:   0.0000000000
                          1.0000000000:   1.4224399000
                     </Frames>
                  </Channel>
                  <Child_name name="Child name" type="text">baydoor02_lod1</Child_name>
                  <Parent_name name="Parent name" type="text">Root</Parent_name>
               </Joint_map_1>
            </Sc_open_door>
         </Script>
      </Animation>
      <baydoor01_lod1030107122142.3db>
         <VMeshWire include="co_elite_cmp\baydoor01_lod1.vwd.xml"/>
         <MultiLevel>
            <Level0>
               <VMeshPart>
                  <VMeshRef type="VMeshRef">
                     <!-- header size  --> 60,
                     <!-- vmesh lib    --> data.ships.corsair.co_elite.co_elite.lod0-112.vms,
                     <!-- start vert   --> 2328,
                     <!-- num verts    --> 12,
                     <!-- start index  --> 4560,
                     <!-- num indices  --> 12,
                     <!-- start mesh   --> 19,
                     <!-- num meshes   --> 1,
                     <!-- bounding box -->  9.2726232e-6,  0.68232685,     1.8340187,
                                           -1.1183804,    -1.3139764e-6,  -1.8340206,
                     <!-- center       --> -0.53158987,    0.34261671,   284.71372e-6,
                     <!-- radius       --> 1.9556078
                  </VMeshRef>
               </VMeshPart>
            </Level0>
            <Level1>
               <VMeshPart>
                  <VMeshRef type="VMeshRef">
                     <!-- header size  --> 60,
                     <!-- vmesh lib    --> data.ships.corsair.co_elite.co_elite.lod1-112.vms,
                     <!-- start vert   --> 1431,
                     <!-- num verts    --> 12,
                     <!-- start index  --> 2664,
                     <!-- num indices  --> 12,
                     <!-- start mesh   --> 19,
                     <!-- num meshes   --> 1,
                     <!-- bounding box -->  9.2726232e-6,  0.68232685,     1.8340187,
                                           -1.1183804,    -1.3139764e-6,  -1.8340206,
                     <!-- center       --> -0.53158987,    0.34261671,   284.71372e-6,
                     <!-- radius       --> 1.9556078
                  </VMeshRef>
               </VMeshPart>
            </Level1>
            <Switch2 type="float array" count="3">
               0,
               100,
               1000000
            </Switch2>
         </MultiLevel>
         <Hardpoints>
            <Fixed>
               <Hpnew01>
                  <Orientation type="Matrix">
                       1.0000000000,   0.0000000000,   0.0000000000,
                       0.0000000000,   1.0000000000,   0.0000000000,
                       0.0000000000,   0.0000000000,   1.0000000000
                  </Orientation>
                  <Position type="Vector">-1, -3, 0</Position>
               </Hpnew01>
               <Hpnew02>
                  <Orientation type="Matrix">
                       1.0000000000,   0.0000000000,   0.0000000000,
                       0.0000000000,   1.0000000000,   0.0000000000,
                       0.0000000000,   0.0000000000,   1.0000000000
                  </Orientation>
                  <Position type="Vector">-1, -3, 0</Position>
               </Hpnew02>
               <Hpnew03>
                  <Orientation type="Matrix">
                       1.0000000000,   0.0000000000,   0.0000000000,
                       0.0000000000,   1.0000000000,   0.0000000000,
                       0.0000000000,   0.0000000000,   1.0000000000
                  </Orientation>
                  <Position type="Vector">-1, -3, 0</Position>
               </Hpnew03>
            </Fixed>
         </Hardpoints>
      </baydoor01_lod1030107122142.3db>
      <baydoor02_lod1030107122142.3db>
         <VMeshWire include="co_elite_cmp\baydoor02_lod1.vwd.xml"/>
         <MultiLevel>
            <Level0>
               <VMeshPart>
                  <VMeshRef type="VMeshRef">
                     <!-- header size  --> 60,
                     <!-- vmesh lib    --> data.ships.corsair.co_elite.co_elite.lod0-112.vms,
                     <!-- start vert   --> 2550,
                     <!-- num verts    --> 12,
                     <!-- start index  --> 4782,
                     <!-- num indices  --> 12,
                     <!-- start mesh   --> 21,
                     <!-- num meshes   --> 1,
                     <!-- bounding box --> 10.570027e-6, 0.68232894,    1.8340224,
                                           -1.118379,    1.0083018e-6, -1.8340167,
                     <!-- center       --> -0.53178495,  0.36084586,    0.0010727154,
                     <!-- radius       --> 1.9532015
                  </VMeshRef>
               </VMeshPart>
            </Level0>
            <Level1>
               <VMeshPart>
                  <VMeshRef type="VMeshRef">
                     <!-- header size  --> 60,
                     <!-- vmesh lib    --> data.ships.corsair.co_elite.co_elite.lod1-112.vms,
                     <!-- start vert   --> 1605,
                     <!-- num verts    --> 12,
                     <!-- start index  --> 2838,
                     <!-- num indices  --> 12,
                     <!-- start mesh   --> 21,
                     <!-- num meshes   --> 1,
                     <!-- bounding box --> 10.570027e-6, 0.68232894,    1.8340224,
                                           -1.118379,    1.0083018e-6, -1.8340167,
                     <!-- center       --> -0.53178495,  0.36084586,    0.0010727154,
                     <!-- radius       --> 1.9532015
                  </VMeshRef>
               </VMeshPart>
            </Level1>
            <Switch2 type="float array" count="3">
               0,
               100,
               1000000
            </Switch2>
         </MultiLevel>
      </baydoor02_lod1030107122142.3db>
      <Cmpnd>
         <Cons>
            <Fix type="Fix" count="8">
               <part>
                  <!-- parent      --> "Root",
                  <!-- child       --> "fins_lwr_lod1",
                  <!-- position    --> -1.6848025, -4.8262839, 9.5275164,
                  <!-- orientation -->   1.0000000000, -59.604659e-09,  134.11045e-09,
                                        59.604641e-09,   1.0000000000,  134.11045e-09,
                                       -134.11046e-09, -134.11044e-09,   1.0000000000
               </part>
               <part>
                  <!-- parent      --> "Root",
                  <!-- child       --> "port_engine_lod1",
                  <!-- position    --> -3.7822824, -1.7747704, 4.7201138,
                  <!-- orientation -->   1.0000000000,  39.704669e-24, -6.6174449e-24,
                                       -39.704669e-24,   1.0000000000,  111.02232e-18,
                                        6.6174449e-24, -111.02232e-18,   1.0000000000
               </part>
               <part>
                  <!-- parent      --> "Root",
                  <!-- child       --> "fin_port_lod1",
                  <!-- position    --> -3.3721871, 3.8712456, 1.6013479,
                  <!-- orientation -->   1.0000000000, -59.604659e-09,  134.11045e-09,
                                        59.604641e-09,   1.0000000000,  134.11045e-09,
                                       -134.11046e-09, -134.11044e-09,   1.0000000000
               </part>
               <part>
                  <!-- parent      --> "Root",
                  <!-- child       --> "fin_starboard_lod1",
                  <!-- position    --> 3.3691633, 3.8712463, 1.6013477,
                  <!-- orientation -->   1.0000000000, -59.604659e-09,  134.11045e-09,
                                        59.604641e-09,   1.0000000000,  134.11045e-09,
                                       -134.11046e-09, -134.11044e-09,   1.0000000000
               </part>
               <part>
                  <!-- parent      --> "Root",
                  <!-- child       --> "fins_top_lod1",
                  <!-- position    --> 1.5604963, 8.046546, 7.0723639,
                  <!-- orientation -->   1.0000000000, -59.604659e-09,  134.11045e-09,
                                        59.604641e-09,   1.0000000000,  134.11045e-09,
                                       -134.11046e-09, -134.11044e-09,   1.0000000000
               </part>
               <part>
                  <!-- parent      --> "Root",
                  <!-- child       --> "middle_engine_lod1",
                  <!-- position    --> -0.010798125, -0.11126208, 10.138978,
                  <!-- orientation -->   1.0000000000, -64.616749e-09, -67.890319e-09,
                                        64.616742e-09,   1.0000000000, -102.25117e-09,
                                        67.890326e-09,  102.25116e-09,   1.0000000000
               </part>
               <part>
                  <!-- parent      --> "Root",
                  <!-- child       --> "glass_lod1",
                  <!-- position    --> 296.27145e-12, 610.50898e-12, -407.00487e-12,
                  <!-- orientation -->   1.0000000000, -64.616749e-09, -67.890319e-09,
                                        64.616742e-09,   1.0000000000, -102.25117e-09,
                                        67.890326e-09,  102.25116e-09,   1.0000000000
               </part>
               <part>
                  <!-- parent      --> "Root",
                  <!-- child       --> "starboard_engine_lod1",
                  <!-- position    --> 3.7549729, -1.7747685, 4.7201147,
                  <!-- orientation -->   1.0000000000,  39.704669e-24, -6.6174449e-24,
                                       -39.704669e-24,   1.0000000000,  111.02232e-18,
                                        6.6174449e-24, -111.02232e-18,   1.0000000000
               </part>
            </Fix>
            <Rev type="Rev" count="2">
               <part>
                  <!-- parent      --> "Root",
                  <!-- child       --> "baydoor01_lod1",
                  <!-- position    --> -1.132037, 1.9704653, -0.31266424,
                  <!-- offset      --> 0, 0, 0,
                  <!-- orientation -->  -1.0000000000, -132.57245e-09, -74.699145e-09,
                                       -132.57245e-09,   1.0000000000, -82.200216e-09,
                                        74.699159e-09, -82.200209e-09,  -1.0000000000,
                  <!-- axis        -->  131.31712e-09,  31.276144e-09,   1.0000000000,
                  <!-- min, max    --> 0, 1.4224399
               </part>
               <part>
                  <!-- parent      --> "Root",
                  <!-- child       --> "baydoor02_lod1",
                  <!-- position    --> 1.1047214, 1.9704653, -0.31266406,
                  <!-- offset      --> 0, 0, 0,
                  <!-- orientation -->   1.0000000000,  30.823923e-09,  22.272578e-09,
                                       -30.823930e-09,   1.0000000000,  342.46634e-09,
                                       -22.272568e-09, -342.46634e-09,   1.0000000000,
                  <!-- axis        --> -218.52856e-09,  188.76483e-09,  -1.0000000000,
                  <!-- min, max    --> 0, 1.4224399
               </part>
            </Rev>
         </Cons>
         <Part_baydoor01_lod1>
            <File_name name="File name" type="text">baydoor01_lod1030107122142.3db</File_name>
            <Index type="int">1</Index>
            <Object_name name="Object name" type="text">baydoor01_lod1</Object_name>
         </Part_baydoor01_lod1>
         <Part_baydoor02_lod1>
            <File_name name="File name" type="text">baydoor02_lod1030107122142.3db</File_name>
            <Index type="int">2</Index>
            <Object_name name="Object name" type="text">baydoor02_lod1</Object_name>
         </Part_baydoor02_lod1>
         <Part_fins_lwr_lod1>
            <File_name name="File name" type="text">fins_lwr_lod1030107122142.3db</File_name>
            <Index type="int">3</Index>
            <Object_name name="Object name" type="text">fins_lwr_lod1</Object_name>
         </Part_fins_lwr_lod1>
         <Part_fins_top_lod1>
            <File_name name="File name" type="text">fins_top_lod1030107122142.3db</File_name>
            <Index type="int">7</Index>
            <Object_name name="Object name" type="text">fins_top_lod1</Object_name>
         </Part_fins_top_lod1>
         <Part_fin_port_lod1>
            <File_name name="File name" type="text">fin_port_lod1030107122142.3db</File_name>
            <Index type="int">5</Index>
            <Object_name name="Object name" type="text">fin_port_lod1</Object_name>
         </Part_fin_port_lod1>
         <Part_fin_starboard_lod1>
            <File_name name="File name" type="text">fin_starboard_lod1030107122142.3db</File_name>
            <Index type="int">6</Index>
            <Object_name name="Object name" type="text">fin_starboard_lod1</Object_name>
         </Part_fin_starboard_lod1>
         <Part_glass_lod1>
            <File_name name="File name" type="text">glass_lod1030107122142.3db</File_name>
            <Index type="int">9</Index>
            <Object_name name="Object name" type="text">glass_lod1</Object_name>
         </Part_glass_lod1>
         <Part_middle_engine_lod1>
            <File_name name="File name" type="text">middle_engine_lod1030107122142.3db</File_name>
            <Index type="int">8</Index>
            <Object_name name="Object name" type="text">middle_engine_lod1</Object_name>
         </Part_middle_engine_lod1>
         <Part_port_engine_lod1>
            <File_name name="File name" type="text">port_engine_lod1030107122142.3db</File_name>
            <Index type="int">4</Index>
            <Object_name name="Object name" type="text">port_engine_lod1</Object_name>
         </Part_port_engine_lod1>
         <Part_starboard_engine_lod1>
            <File_name name="File name" type="text">starboard_engine_lod1030107122142.3db</File_name>
            <Index type="int">10</Index>
            <Object_name name="Object name" type="text">starboard_engine_lod1</Object_name>
         </Part_starboard_engine_lod1>
         <Root>
            <File_name name="File name" type="text">co_elite_lod1030107122142.3db</File_name>
            <Index type="int">0</Index>
            <Object_name name="Object name" type="text">Root</Object_name>
         </Root>
      </Cmpnd>
      <co_elite_lod1030107122142.3db>
         <Hardpoints>
            <Fixed>
               <DpLwrfin>
                  <Orientation type="Matrix">
                       1.0000000000, -89.308372e-09,  11.869457e-09,
                      89.308372e-09,   1.0000000000,  60.447029e-09,
                     -11.869463e-09, -60.447029e-09,   1.0000000000
                  </Orientation>
                  <Position type="Vector">-0.021643218, -3.6278315, 8.247901</Position>
               </DpLwrfin>
               <DpMiddle_Engine>
                  <Orientation type="Matrix">
                       1.0000000000,  39.704669e-24, -6.6174449e-24,
                     -39.704669e-24,   1.0000000000,  111.02232e-18,
                      6.6174449e-24, -111.02232e-18,   1.0000000000
                  </Orientation>
                  <Position type="Vector">-0.013656761, -0.086289644, 7.0310249</Position>
               </DpMiddle_Engine>
               <DpPortfin>
                  <Orientation type="Matrix">
                      100.08310e-09, -19.480980e-09,  -1.0000000000,
                     -172.65459e-09,   1.0000000000, -19.480998e-09,
                       1.0000000000,  172.65459e-09,  100.08310e-09
                  </Orientation>
                  <Position type="Vector">-2.5865982, 3.81359, 2.1106956</Position>
               </DpPortfin>
               <DpPort_Engine>
                  <Orientation type="Matrix">
                       1.0000000000,  39.704669e-24, -6.6174449e-24,
                     -39.704669e-24,   1.0000000000,  111.02232e-18,
                      6.6174449e-24, -111.02232e-18,   1.0000000000
                  </Orientation>
                  <Position type="Vector">-3.0287371, -1.4536587, 5.7763591</Position>
               </DpPort_Engine>
               <DpStarboardfin>
                  <Orientation type="Matrix">
                      139.38894e-09, -83.222162e-09,   1.0000000000,
                      44.295206e-09,   1.0000000000,  83.222155e-09,
                      -1.0000000000,  44.295195e-09,  139.38894e-09
                  </Orientation>
                  <Position type="Vector">2.5592053, 3.8135905, 2.1106961</Position>
               </DpStarboardfin>
               <DpStarboard_Engine>
                  <Orientation type="Matrix">
                       1.0000000000,  39.704669e-24, -6.6174449e-24,
                     -39.704669e-24,   1.0000000000,  111.02232e-18,
                      6.6174449e-24, -111.02232e-18,   1.0000000000
                  </Orientation>
                  <Position type="Vector">3.0013437, -1.4536582, 5.7763591</Position>
               </DpStarboard_Engine>
               <DpTopfin>
                  <Orientation type="Matrix">
                       1.0000000000, -55.580660e-09, -39.740804e-09,
                      39.740812e-09,  149.41249e-09,   1.0000000000,
                     -55.580653e-09,  -1.0000000000,  149.41249e-09
                  </Orientation>
                  <Position type="Vector">-0.021643639, 6.985034, 6.6155791</Position>
               </DpTopfin>
               <HpBayDoor01>
                  <Orientation type="Matrix">
                       1.0000000000,  39.704669e-24, -6.6174449e-24,
                     -39.704669e-24,   1.0000000000,  111.02232e-18,
                      6.6174449e-24, -111.02232e-18,   1.0000000000
                  </Orientation>
                  <Position type="Vector">-0.013656946, 1.6993951, -0.29037392</Position>
               </HpBayDoor01>
               <HpBayDoor02>
                  <Orientation type="Matrix">
                       1.0000000000,  39.704669e-24, -6.6174449e-24,
                     -39.704669e-24,   1.0000000000,  111.02232e-18,
                      6.6174449e-24, -111.02232e-18,   1.0000000000
                  </Orientation>
                  <Position type="Vector">-0.013657736, 9.3381557, -0.29037392</Position>
               </HpBayDoor02>
               <HpCloak01>
                  <Orientation type="Matrix">
                      14.901160e-09,   1.0000000000, -29.802322e-09,
                     -29.802321e-09,  29.802322e-09,   1.0000000000,
                       1.0000000000, -14.901159e-09,  29.802321e-09
                  </Orientation>
                  <Position type="Vector">0.045676935, 1.046114, -1.3157703</Position>
               </HpCloak01>
               <HpCockpit>
                  <Orientation type="Matrix">
                       1.0000000000,  1.4362583e-09,  4.4844986e-09,
                     -1.4362590e-09,   1.0000000000,  145.48881e-09,
                     -4.4844986e-09, -145.48881e-09,   1.0000000000
                  </Orientation>
                  <Position type="Vector">0.038227931, 6.0962934, -9.238308</Position>
               </HpCockpit>
               <HpHeadLight>
                  <Orientation type="Matrix">
                       1.0000000000,  39.704669e-24, -6.6174449e-24,
                     -39.704669e-24,   1.0000000000,  111.02232e-18,
                      6.6174449e-24, -111.02232e-18,   1.0000000000
                  </Orientation>
                  <Position type="Vector">0.025630819, 2.8967869, -14.875087</Position>
               </HpHeadLight>
               <HpMount>
                  <Orientation type="Matrix">
                       1.0000000000,  39.704669e-24, -6.6174449e-24,
                     -39.704669e-24,   1.0000000000,  111.02232e-18,
                      6.6174449e-24, -111.02232e-18,   1.0000000000
                  </Orientation>
                  <Position type="Vector">-0.013655938, -8.0542593, 0.30433667</Position>
               </HpMount>
               <HpPilot>
                  <Orientation type="Matrix">
                       1.0000000000,  1.4362583e-09,  4.4844986e-09,
                     -1.4362590e-09,   1.0000000000,  145.48881e-09,
                     -4.4844986e-09, -145.48881e-09,   1.0000000000
                  </Orientation>
                  <Position type="Vector">0.038228009, 5.228426, -9.1737261</Position>
               </HpPilot>
               <HpShield01>
                  <Orientation type="Matrix">
                       1.0000000000, -6.0382179e-09, -22.440398e-09,
                      4.8555053e-09,   0.9986295700,  -0.0523358430,
                      22.725660e-09,   0.0523358430,   0.9986295700
                  </Orientation>
                  <Position type="Vector">-0.014336102, 7.1358542, 7.7561197</Position>
               </HpShield01>
               <HpTractor_Source>
                  <Orientation type="Matrix">
                       1.0000000000,  39.704669e-24, -6.6174449e-24,
                     -39.704669e-24,   1.0000000000,  111.02232e-18,
                      6.6174449e-24, -111.02232e-18,   1.0000000000
                  </Orientation>
                  <Position type="Vector">0.025630819, 2.8967869, -14.875087</Position>
               </HpTractor_Source>
            </Fixed>
            <Revolute>
               <HpThruster01>
                  <Axis type="Vector">0, 1, 0</Axis>
                  <Max type="float">1.5707799</Max>
                  <Min type="float">-1.5707999</Min>
                  <Orientation type="Matrix">
                      -1.0000000000, -86.126896e-09, -124.61857e-09,
                      38.310748e-09,  -0.9396926200,   0.3420201500,
                     -146.56028e-09,   0.3420201500,   0.9396926200
                  </Orientation>
                  <Position type="Vector">-0.013656326, -4.5841751, 7.8654499</Position>
               </HpThruster01>
               <HpTorpedo01>
                  <Axis type="Vector">0, 1, 0</Axis>
                  <Max type="float">0.78538001</Max>
                  <Min type="float">-0.7854</Min>
                  <Orientation type="Matrix">
                      -1.0000000000, -81.157062e-09, -18.830265e-09,
                      81.157054e-09,  -1.0000000000,  202.80105e-09,
                     -18.830281e-09,  202.80105e-09,   1.0000000000
                  </Orientation>
                  <Position type="Vector">-0.01365606, -5.3147545, -0.51715273</Position>
               </HpTorpedo01>
               <HpTurret01>
                  <Axis type="Vector">0, 1, 0</Axis>
                  <Max type="float">3.1415927</Max>
                  <Min type="float">-3.1415927</Min>
                  <Orientation type="Matrix">
                      -0.9998476500,   0.0174498860,  304.59135e-06,
                       0.0174525450,   0.9996954200,   0.0174498860,
                       0.0000000000,   0.0174525450,  -0.9998476500
                  </Orientation>
                  <Position type="Vector">-0.013657, 7.2511878, 9.7381516</Position>
               </HpTurret01>
               <HpWeapon01>
                  <Axis type="Vector">0, 1, 0</Axis>
                  <Max type="float">0.78538001</Max>
                  <Min type="float">-0.7854</Min>
                  <Orientation type="Matrix">
                     -17.724759e-09,  -1.0000000000, -23.200849e-09,
                       1.0000000000, -17.724762e-09,  115.87098e-09,
                     -115.87098e-09, -23.200847e-09,   1.0000000000
                  </Orientation>
                  <Position type="Vector">-3.5448554, -2.5131719, -0.5200752</Position>
               </HpWeapon01>
               <HpWeapon02>
                  <Axis type="Vector">0, 1, 0</Axis>
                  <Max type="float">0.78538001</Max>
                  <Min type="float">-0.7854</Min>
                  <Orientation type="Matrix">
                     -8.2445677e-09,   1.0000000000, -81.615902e-09,
                      -1.0000000000, -8.2445588e-09,  111.82332e-09,
                      111.82332e-09,  81.615902e-09,   1.0000000000
                  </Orientation>
                  <Position type="Vector">3.5459585, -2.5131717, -0.52007514</Position>
               </HpWeapon02>
               <HpWeapon03>
                  <Axis type="Vector">0, 1, 0</Axis>
                  <Max type="float">0.78538001</Max>
                  <Min type="float">-0.7854</Min>
                  <Orientation type="Matrix">
                      171.42787e-09,  -1.0000000000, -79.455589e-09,
                       1.0000000000,  171.42786e-09,  114.56770e-09,
                     -114.56768e-09, -79.455610e-09,   1.0000000000
                  </Orientation>
                  <Position type="Vector">-3.2066791, 4.7392821, -6.7093158</Position>
               </HpWeapon03>
               <HpWeapon04>
                  <Axis type="Vector">0, 1, 0</Axis>
                  <Max type="float">0.78538001</Max>
                  <Min type="float">-0.7854</Min>
                  <Orientation type="Matrix">
                     -8.2445677e-09,   1.0000000000, -81.615902e-09,
                      -1.0000000000, -8.2445588e-09,  111.82332e-09,
                      111.82332e-09,  81.615902e-09,   1.0000000000
                  </Orientation>
                  <Position type="Vector">3.166261, 4.7392821, -6.7093148</Position>
               </HpWeapon04>
               <HpWeapon05>
                  <Axis type="Vector">0, 1, 0</Axis>
                  <Max type="float">0.78538001</Max>
                  <Min type="float">-0.7854</Min>
                  <Orientation type="Matrix">
                      -1.0000000000, -81.157062e-09, -18.830265e-09,
                      81.157054e-09,  -1.0000000000,  202.80105e-09,
                     -18.830281e-09,  202.80105e-09,   1.0000000000
                  </Orientation>
                  <Position type="Vector">-0.013656285, -3.1466231, -5.7815914</Position>
               </HpWeapon05>
               <HpTorpedo02>
                  <Axis type="Vector">0, 1, 0</Axis>
                  <Max type="float">0.34906584</Max>
                  <Min type="float">-0.34906584</Min>
                  <Orientation type="Matrix">
                      -0.9998477700,  -0.0159436170,  -0.0070985546,
                       0.0174524600,  -0.9134063700,  -0.4066747400,
                      232.83064e-12,  -0.4067366700,   0.9135454900
                  </Orientation>
                  <Position type="Vector">0, -2.32, -7.6</Position>
               </HpTorpedo02>
            </Revolute>
         </Hardpoints>
         <VMeshWire include="co_elite_cmp\co_elite_lod1.vwd.xml"/>
         <MultiLevel>
            <Level0>
               <VMeshPart>
                  <VMeshRef type="VMeshRef">
                     <!-- header size  --> 60,
                     <!-- vmesh lib    --> data.ships.corsair.co_elite.co_elite.lod0-112.vms,
                     <!-- start vert   --> 1022,
                     <!-- num verts    --> 1306,
                     <!-- start index  --> 1818,
                     <!-- num indices  --> 2742,
                     <!-- start mesh   --> 15,
                     <!-- num meshes   --> 4,
                     <!-- bounding box -->  3.5459259,   7.3269067,  11.229652,
                                           -3.5459232,  -5.7916389, -14.725784,
                     <!-- center       -->  0.04854279,  1.0841346,  -1.202685,
                     <!-- radius       --> 13.78054
                  </VMeshRef>
               </VMeshPart>
            </Level0>
            <Level1>
               <VMeshPart>
                  <VMeshRef type="VMeshRef">
                     <!-- header size  --> 60,
                     <!-- vmesh lib    --> data.ships.corsair.co_elite.co_elite.lod1-112.vms,
                     <!-- start vert   --> 579,
                     <!-- num verts    --> 852,
                     <!-- start index  --> 1080,
                     <!-- num indices  --> 1584,
                     <!-- start mesh   --> 13,
                     <!-- num meshes   --> 6,
                     <!-- bounding box -->  3.5459259,   7.3269067,  11.229652,
                                           -3.5459232,  -5.7916389, -14.725784,
                     <!-- center       -->  0.04854279,  1.0841346,  -1.202685,
                     <!-- radius       --> 13.78054
                  </VMeshRef>
               </VMeshPart>
            </Level1>
            <Level2>
               <VMeshPart>
                  <VMeshRef type="VMeshRef">
                     <!-- header size  --> 60,
                     <!-- vmesh lib    --> data.ships.corsair.co_elite.co_elite.lod2-112.vms,
                     <!-- start vert   --> 379,
                     <!-- num verts    --> 343,
                     <!-- start index  --> 651,
                     <!-- num indices  --> 615,
                     <!-- start mesh   --> 11,
                     <!-- num meshes   --> 2,
                     <!-- bounding box -->  3.5459259,   7.3269067,  11.229652,
                                           -3.5459232,  -5.7916389, -14.725784,
                     <!-- center       -->  0.04854279,  1.0841346,  -1.202685,
                     <!-- radius       --> 13.78054
                  </VMeshRef>
               </VMeshPart>
            </Level2>
            <Switch2 type="float array" count="4">
               0,
               100,
               1000,
               1000000
            </Switch2>
         </MultiLevel>
      </co_elite_lod1030107122142.3db>
      <Exporter_Version name="Exporter Version" type="text">Nov  5 2002 11:41:55</Exporter_Version>
      <fins_lwr_lod1030107122142.3db>
         <Hardpoints>
            <Fixed>
               <HpRunningLight03>
                  <Orientation type="Matrix">
                      -1.0000000000,  1.5543118e-15, -44.703491e-09,
                     -6.4392952e-15,   1.0000000000,  178.81393e-09,
                      44.703491e-09,  178.81393e-09,  -1.0000000000
                  </Orientation>
                  <Position type="Vector">3.3682342, -2.2959049, 1.7670403</Position>
               </HpRunningLight03>
               <HpRunningLight04>
                  <Orientation type="Matrix">
                      -1.0000000000,  1.5543118e-15, -44.703491e-09,
                     -6.4392952e-15,   1.0000000000,  178.81393e-09,
                      44.703491e-09,  178.81393e-09,  -1.0000000000
                  </Orientation>
                  <Position type="Vector">0.001439088, -2.2959039, 1.7670428</Position>
               </HpRunningLight04>
            </Fixed>
         </Hardpoints>
         <VMeshWire include="co_elite_cmp\fins_lwr_lod1.vwd.xml"/>
         <MultiLevel>
            <Level0>
               <VMeshPart>
                  <VMeshRef type="VMeshRef">
                     <!-- header size  --> 60,
                     <!-- vmesh lib    --> data.ships.corsair.co_elite.co_elite.lod0-112.vms,
                     <!-- start vert   --> 2340,
                     <!-- num verts    --> 210,
                     <!-- start index  --> 4572,
                     <!-- num indices  --> 210,
                     <!-- start mesh   --> 20,
                     <!-- num meshes   --> 1,
                     <!-- bounding box -->  3.5610065,     2.6551247,   1.9449602,
                                           -0.19230783,   -2.6551218,  -1.9449587,
                     <!-- center       -->  1.5385247,  -938.95872e-6,  0.025205221,
                     <!-- radius       --> 3.3460486
                  </VMeshRef>
               </VMeshPart>
            </Level0>
            <Level1>
               <VMeshPart>
                  <VMeshRef type="VMeshRef">
                     <!-- header size  --> 60,
                     <!-- vmesh lib    --> data.ships.corsair.co_elite.co_elite.lod1-112.vms,
                     <!-- start vert   --> 1443,
                     <!-- num verts    --> 162,
                     <!-- start index  --> 2676,
                     <!-- num indices  --> 162,
                     <!-- start mesh   --> 20,
                     <!-- num meshes   --> 1,
                     <!-- bounding box -->  3.5610065,     2.6551247,   1.9449602,
                                           -0.19230783,   -2.6551218,  -1.9449587,
                     <!-- center       -->  1.5385247,  -938.95872e-6,  0.025205221,
                     <!-- radius       --> 3.3460486
                  </VMeshRef>
               </VMeshPart>
            </Level1>
            <Switch2 type="float array" count="3">
               0,
               100,
               1000000
            </Switch2>
         </MultiLevel>
      </fins_lwr_lod1030107122142.3db>
      <fins_top_lod1030107122142.3db>
         <Hardpoints>
            <Fixed>
               <HpContrail01>
                  <Orientation type="Matrix">
                       1.0000000000,  5.9952035e-15, -106.29232e-09,
                     -25.001751e-15,   1.0000000000, -178.81393e-09,
                      106.29232e-09,  178.81393e-09,   1.0000000000
                  </Orientation>
                  <Position type="Vector">-5.224515, -1.3969271, -3.0508113</Position>
               </HpContrail01>
               <HpContrail02>
                  <Orientation type="Matrix">
                       1.0000000000,  5.9952035e-15, -106.29232e-09,
                     -25.001751e-15,   1.0000000000, -178.81393e-09,
                      106.29232e-09,  178.81393e-09,   1.0000000000
                  </Orientation>
                  <Position type="Vector">2.110853, -1.3969271, -3.0508115</Position>
               </HpContrail02>
               <HpDocklight01>
                  <Orientation type="Matrix">
                      -1.0000000000,  3.3306687e-15,  18.869542e-09,
                      6.7048058e-15,   1.0000000000,  178.81393e-09,
                     -18.869542e-09,  178.81393e-09,  -1.0000000000
                  </Orientation>
                  <Position type="Vector">-5.224515, -1.3969271, -3.0508127</Position>
               </HpDocklight01>
               <HpDocklight02>
                  <Orientation type="Matrix">
                      -1.0000000000,  3.3306687e-15,  18.869542e-09,
                      6.7048058e-15,   1.0000000000,  178.81393e-09,
                     -18.869542e-09,  178.81393e-09,  -1.0000000000
                  </Orientation>
                  <Position type="Vector">2.110853, -1.3969271, -3.050812</Position>
               </HpDocklight02>
               <HpRunningLight01>
                  <Orientation type="Matrix">
                      -1.0000000000,  1.5543118e-15, -44.703491e-09,
                     -6.4392952e-15,   1.0000000000,  178.81393e-09,
                      44.703491e-09,  178.81393e-09,  -1.0000000000
                  </Orientation>
                  <Position type="Vector">-3.1061122, 3.3188729, 2.3763106</Position>
               </HpRunningLight01>
               <HpRunningLight02>
                  <Orientation type="Matrix">
                      -1.0000000000,  1.5543118e-15, -44.703491e-09,
                     -6.4392952e-15,   1.0000000000,  178.81393e-09,
                      44.703491e-09,  178.81393e-09,  -1.0000000000
                  </Orientation>
                  <Position type="Vector">-0.0063198959, 3.3188729, 2.3763108</Position>
               </HpRunningLight02>
            </Fixed>
         </Hardpoints>
         <VMeshWire include="co_elite_cmp\fins_top_lod1.vwd.xml"/>
         <MultiLevel>
            <Level0>
               <VMeshPart>
                  <VMeshRef type="VMeshRef">
                     <!-- header size  --> 60,
                     <!-- vmesh lib    --> data.ships.corsair.co_elite.co_elite.lod0-112.vms,
                     <!-- start vert   --> 2562,
                     <!-- num verts    --> 126,
                     <!-- start index  --> 4794,
                     <!-- num indices  --> 126,
                     <!-- start mesh   --> 22,
                     <!-- num meshes   --> 1,
                     <!-- bounding box -->  0.25384617,  3.2480955,   2.2798188,
                                           -3.3757474,  -3.2480938,  -2.2798214,
                     <!-- center       --> -1.3654774,   0.26825702,  0.29942068,
                     <!-- radius       --> 3.9857769
                  </VMeshRef>
               </VMeshPart>
            </Level0>
            <Level1>
               <VMeshPart>
                  <VMeshRef type="VMeshRef">
