<?xml version="1.0" encoding="ISO-8859-1"?>
<!-- XML generated by UTFXML Version 2.2 built 19-Aug-2010 -->
<UTFXML filename="Titan_tow_b.cmp" path="SHIPS\new\private\Titans">
   <UTF_ROOT>
      <VMeshLibrary>
         <data.ships.utility.heavy_tblifter.heavy_lifter.lod0-112.vms include="Titan_tow_b_cmp\lod0-112.vms.xml"/>
         <data.ships.utility.heavy_tblifter.heavy_lifter.lod1-112.vms include="Titan_tow_b_cmp\lod1-112.vms.xml"/>
         <data.ships.utility.heavy_tblifter.heavy_lifter.lod2-112.vms include="Titan_tow_b_cmp\lod2-112.vms.xml"/>
         <data.ships.utility.heavy_tblifter.heavy_lifter.lod3-112.vms include="Titan_tow_b_cmp\lod3-112.vms.xml"/>
      </VMeshLibrary>
      <Animation>
         <Script>
            <Sc_end_anim name="Sc_end anim">
               <Joint_map_0 name="Joint map 0">
                  <Channel>
                     <Header type="Header">
                        <!-- count    --> 1,
                        <!-- interval --> 0.033333335,
                        <!-- flags    --> 0x1
                     </Header>
                     <Frames type="Frames" count="1">
                          0.8552100100
                     </Frames>
                  </Channel>
                  <Child_name name="Child name" type="text">tblifter_clamp01_lod1</Child_name>
                  <Parent_name name="Parent name" type="text">Root</Parent_name>
               </Joint_map_0>
            </Sc_end_anim>
            <Sc_open_clamp name="Sc_open clamp">
               <Joint_map_0 name="Joint map 0">
                  <Channel>
                     <Header type="Header">
                        <!-- count    --> 2,
                        <!-- interval --> Explicit,
                        <!-- flags    --> 0x1
                     </Header>
                     <Frames type="Frames" count="2">
                          0.0000000000:   0.0000000000
                          3.3333335000:   0.8552100100
                     </Frames>
                  </Channel>
                  <Child_name name="Child name" type="text">tblifter_clamp01_lod1</Child_name>
                  <Parent_name name="Parent name" type="text">Root</Parent_name>
               </Joint_map_0>
            </Sc_open_clamp>
         </Script>
      </Animation>
      <Cmpnd>
         <Cons>
            <Fix type="Fix" count="2">
               <part>
                  <!-- parent      --> "Root",
                  <!-- child       --> "tblifter_port_eng_lod1",
                  <!-- position    --> -27.489941, -6.5016642, 6.6294808,
                  <!-- orientation -->   1.0000000000, -1.7763571e-15,  1.7763560e-15,
                                        1.7763571e-15,   1.0000000000, -888.17863e-18,
                                       -1.7763560e-15,  888.17863e-18,   1.0000000000
               </part>
               <part>
                  <!-- parent      --> "Root",
                  <!-- child       --> "tblifter_star_eng_lod1",
                  <!-- position    --> 27.489571, -6.5016642, 6.6294799,
                  <!-- orientation -->   1.0000000000, -1.7763571e-15,  3.5527130e-15,
                                        1.7763571e-15,   1.0000000000, -888.17863e-18,
                                       -3.5527130e-15,  888.17863e-18,   1.0000000000
               </part>
            </Fix>
            <Rev type="Rev" count="1">
               <part>
                  <!-- parent      --> "Root",
                  <!-- child       --> "tblifter_clamp01_lod1",
                  <!-- position    --> 0.04466771, 3.629617, -23.92214,
                  <!-- offset      --> 0, 0, 0,
                  <!-- orientation -->   1.0000000000,  118.26780e-18,  3.6709819e-15,
                                       -118.26670e-18,   1.0000000000, -301.99161e-09,
                                       -3.6709819e-15,  301.99161e-09,   1.0000000000,
                  <!-- axis        -->   1.0000000000,  29.802310e-09, -220.54110e-09,
                  <!-- min, max    --> 0, 0.85521132
               </part>
            </Rev>
         </Cons>
         <Part_tblifter_clamp01_lod1>
            <File_name name="File name" type="text">tblifter_clamp01_lod1020919110025.3db</File_name>
            <Index type="int">3</Index>
            <Object_name name="Object name" type="text">tblifter_clamp01_lod1</Object_name>
         </Part_tblifter_clamp01_lod1>
         <Part_tblifter_port_eng_lod1>
            <File_name name="File name" type="text">tblifter_port_eng_lod1020919110025.3db</File_name>
            <Index type="int">1</Index>
            <Object_name name="Object name" type="text">tblifter_port_eng_lod1</Object_name>
         </Part_tblifter_port_eng_lod1>
         <Part_tblifter_star_eng_lod1>
            <File_name name="File name" type="text">tblifter_star_eng_lod1020919110025.3db</File_name>
            <Index type="int">2</Index>
            <Object_name name="Object name" type="text">tblifter_star_eng_lod1</Object_name>
         </Part_tblifter_star_eng_lod1>
         <Root>
            <File_name name="File name" type="text">tblifter_lod1020919110025.3db</File_name>
            <Index type="int">0</Index>
            <Object_name name="Object name" type="text">Root</Object_name>
         </Root>
      </Cmpnd>
      <Exporter_Version name="Exporter Version" type="text">Aug 24 2002 12:33:14</Exporter_Version>
      <tblifter_clamp01_lod1020919110025.3db>
         <VMeshWire include="Titan_tow_b_cmp\tblifter_clamp01_lod1.vwd.xml"/>
         <MultiLevel>
            <Level0>
               <VMeshPart>
                  <VMeshRef type="VMeshRef">
                     <!-- header size  --> 60,
                     <!-- vmesh lib    --> data.ships.utility.heavy_tblifter.heavy_lifter.lod0-112.vms,
                     <!-- start vert   --> 3596,
                     <!-- num verts    --> 668,
                     <!-- start index  --> 3744,
                     <!-- num indices  --> 672,
                     <!-- start mesh   --> 19,
                     <!-- num meshes   --> 5,
                     <!-- bounding box -->  18.129269,     8.0587454,   2.9108565,
                                           -18.129272,   -16.864166,  -19.636469,
                     <!-- center       -->   0.14603081,  -3.2110286, -10.506088,
                     <!-- radius       --> 23.978319
                  </VMeshRef>
               </VMeshPart>
            </Level0>
            <Level1>
               <VMeshPart>
                  <VMeshRef type="VMeshRef">
                     <!-- header size  --> 60,
                     <!-- vmesh lib    --> data.ships.utility.heavy_tblifter.heavy_lifter.lod1-112.vms,
                     <!-- start vert   --> 1466,
                     <!-- num verts    --> 432,
                     <!-- start index  --> 2178,
                     <!-- num indices  --> 432,
                     <!-- start mesh   --> 19,
                     <!-- num meshes   --> 4,
                     <!-- bounding box -->  18.129269,     8.0587454,   2.9108565,
                                           -18.129272,   -16.864166,  -19.636469,
                     <!-- center       -->   0.14603081,  -3.2110286, -10.506088,
                     <!-- radius       --> 23.978319
                  </VMeshRef>
               </VMeshPart>
            </Level1>
            <Level2>
               <VMeshPart>
                  <VMeshRef type="VMeshRef">
                     <!-- header size  --> 60,
                     <!-- vmesh lib    --> data.ships.utility.heavy_tblifter.heavy_lifter.lod2-112.vms,
                     <!-- start vert   --> 810,
                     <!-- num verts    --> 288,
                     <!-- start index  --> 1026,
                     <!-- num indices  --> 288,
                     <!-- start mesh   --> 12,
                     <!-- num meshes   --> 2,
                     <!-- bounding box -->  18.129269,     8.0587454,   2.9108565,
                                           -18.129272,   -16.864166,  -19.636469,
                     <!-- center       -->   0.14603081,  -3.2110286, -10.506088,
                     <!-- radius       --> 23.978319
                  </VMeshRef>
               </VMeshPart>
            </Level2>
            <Level3>
               <VMeshPart>
                  <VMeshRef type="VMeshRef">
                     <!-- header size  --> 60,
                     <!-- vmesh lib    --> data.ships.utility.heavy_tblifter.heavy_lifter.lod3-112.vms,
                     <!-- start vert   --> 481,
                     <!-- num verts    --> 240,
                     <!-- start index  --> 492,
                     <!-- num indices  --> 240,
                     <!-- start mesh   --> 8,
                     <!-- num meshes   --> 2,
                     <!-- bounding box -->  18.129269,     8.0587454,   2.9108565,
                                           -18.129272,   -16.864166,  -19.636469,
                     <!-- center       -->   0.14603081,  -3.2110286, -10.506088,
                     <!-- radius       --> 23.978319
                  </VMeshRef>
               </VMeshPart>
            </Level3>
            <Switch2 type="float array" count="5">
               0,
               100,
               1000,
               10000,
               1000000
            </Switch2>
         </MultiLevel>
         <Hardpoints>
            <Revolute>
               <HpTurret02>
                  <Axis type="Vector">0, 1, 0</Axis>
                  <Max type="float">1.9198622</Max>
                  <Min type="float">-1.9198622</Min>
                  <Orientation type="Matrix">
                      59.604645e-09,  -0.9999998800,  -0.0000000000,
                       0.9999998800,  59.604645e-09,   0.0000000000,
                       0.0000000000,  -0.0000000000,   1.0000000000
                  </Orientation>
                  <Position type="Vector">-18.129271, 4.1904349, -10.31009</Position>
               </HpTurret02>
               <HpTurret03>
                  <Axis type="Vector">0, 1, 0</Axis>
                  <Max type="float">1.9198622</Max>
                  <Min type="float">-1.9198622</Min>
                  <Orientation type="Matrix">
                      59.604645e-09,   0.9999998800,   0.0000000000,
                      -0.9999998800,  59.604645e-09,   0.0000000000,
                       0.0000000000,   0.0000000000,   1.0000000000
                  </Orientation>
                  <Position type="Vector">17.913319, 4.181118, -10.383745</Position>
               </HpTurret03>
            </Revolute>
         </Hardpoints>
      </tblifter_clamp01_lod1020919110025.3db>
      <tblifter_lod1020919110025.3db>
         <Hardpoints>
            <Fixed>
               <HpBayDoor01>
                  <Orientation type="Matrix">
                      61.372354e-09, -41.577422e-09,   1.0000000000,
                      66.582345e-09,   1.0000000000,  41.577419e-09,
                      -1.0000000000,  66.582345e-09,  61.372354e-09
                  </Orientation>
                  <Position type="Vector">-601.85639e-6, -8.7424049, 15.712486</Position>
               </HpBayDoor01>
               <HpBayDoor02>
                  <Orientation type="Matrix">
                      61.372354e-09, -41.577422e-09,   1.0000000000,
                      66.582345e-09,   1.0000000000,  41.577419e-09,
                      -1.0000000000,  66.582345e-09,  61.372354e-09
                  </Orientation>
                  <Position type="Vector">-601.65161e-6, -15.615166, 15.712485</Position>
               </HpBayDoor02>
               <HpCargo01>
                  <Orientation type="Matrix">
                       1.0000000000,  1.0371206e-09,  7.6628250e-09,
                     -1.0371206e-09,   1.0000000000,  1.0294976e-09,
                     -7.6628250e-09, -1.0294976e-09,   1.0000000000
                  </Orientation>
                  <Position type="Vector">0.012282859, -0.83298624, -43.353115</Position>
               </HpCargo01>
               <HpEngine03>
                  <Orientation type="Matrix">
                       1.0000000000,  53.852762e-15, -301.99161e-09,
                     -41.548108e-15,   1.0000000000,  40.745025e-09,
                      301.99161e-09, -40.745025e-09,   1.0000000000
                  </Orientation>
                  <Position type="Vector">-10.565593, 6.2238708, 36.791496</Position>
               </HpEngine03>
               <HpEngine04>
                  <Orientation type="Matrix">
                       1.0000000000,  53.852762e-15, -301.99161e-09,
                     -41.548108e-15,   1.0000000000,  40.745025e-09,
                      301.99161e-09, -40.745025e-09,   1.0000000000
                  </Orientation>
                  <Position type="Vector">-3.5916753, 6.2238708, 36.7915</Position>
               </HpEngine04>
               <HpEngine05>
                  <Orientation type="Matrix">
                       1.0000000000,  53.852762e-15, -301.99161e-09,
                     -41.548108e-15,   1.0000000000,  40.745025e-09,
                      301.99161e-09, -40.745025e-09,   1.0000000000
                  </Orientation>
                  <Position type="Vector">3.6017215, 6.2238708, 36.7915</Position>
               </HpEngine05>
               <HpEngine06>
                  <Orientation type="Matrix">
                       1.0000000000,  53.852762e-15, -301.99161e-09,
                     -41.548108e-15,   1.0000000000,  40.745025e-09,
                      301.99161e-09, -40.745025e-09,   1.0000000000
                  </Orientation>
                  <Position type="Vector">10.569718, 6.2238712, 36.791496</Position>
               </HpEngine06>
               <HpEngine07>
                  <Orientation type="Matrix">
                       1.0000000000, -150.99585e-09, -150.99582e-09,
                     -150.99582e-09,  6.8716641e-15,  -1.0000000000,
                      150.99585e-09,   1.0000000000, -15.928077e-15
                  </Orientation>
                  <Position type="Vector">-10.290033, -13.609524, 25.098896</Position>
               </HpEngine07>
               <HpEngine08>
                  <Orientation type="Matrix">
                       1.0000000000, -150.99585e-09, -150.99582e-09,
                     -150.99582e-09,  6.8716641e-15,  -1.0000000000,
                      150.99585e-09,   1.0000000000, -15.928077e-15
                  </Orientation>
                  <Position type="Vector">10.130513, -13.609524, 25.098894</Position>
               </HpEngine08>
               <HpEngine09>
                  <Orientation type="Matrix">
                       1.0000000000, -150.99575e-09, -150.99583e-09,
                     -150.99582e-09,  48.773018e-09,  -1.0000000000,
                      150.99576e-09,   1.0000000000,  48.772996e-09
                  </Orientation>
                  <Position type="Vector">-5.8107576, -12.668068, -10.267611</Position>
               </HpEngine09>
               <HpEngine10>
                  <Orientation type="Matrix">
                       1.0000000000, -150.99575e-09, -150.99583e-09,
                     -150.99582e-09,  48.773018e-09,  -1.0000000000,
                      150.99576e-09,   1.0000000000,  48.772996e-09
                  </Orientation>
                  <Position type="Vector">5.7071576, -12.668068, -10.267611</Position>
               </HpEngine10>
               <HpEngine11>
                  <Orientation type="Matrix">
                      4.8808846e-09, -258.47442e-09,  -1.0000000000,
                      -1.0000000000, -44.345995e-09, -4.8808730e-09,
                     -44.345995e-09,   1.0000000000, -258.47442e-09
                  </Orientation>
                  <Position type="Vector">-15.651662, -0.47056291, -10.280058</Position>
               </HpEngine11>
               <HpEngine12>
                  <Orientation type="Matrix">
                      248.96431e-09, -59.436836e-09,   1.0000000000,
                      -1.0000000000,  60.788409e-09,  248.96431e-09,
                     -60.788423e-09,  -1.0000000000, -59.436822e-09
                  </Orientation>
                  <Position type="Vector">15.841163, -0.47056004, -10.280061</Position>
               </HpEngine12>
               <HpExhaust01>
                  <Orientation type="Matrix">
                     -18.902101e-09,  241.73204e-09,   1.0000000000,
                       1.0000000000, -58.036555e-09,  18.902115e-09,
                      58.036559e-09,   1.0000000000, -241.73204e-09
                  </Orientation>
                  <Position type="Vector">13.673116, 9.6024542, -5.7178316</Position>
               </HpExhaust01>
               <HpExhaust02>
                  <Orientation type="Matrix">
                      103.83793e-09, -500.55411e-09,  -1.0000000000,
                       1.0000000000,  16.638459e-09,  103.83793e-09,
                      16.638408e-09,  -1.0000000000,  500.55411e-09
                  </Orientation>
                  <Position type="Vector">-13.562272, 9.6024551, -5.7178302</Position>
               </HpExhaust02>
               <HpHeadlight01>
                  <Orientation type="Matrix">
                       1.0000000000, -6.5537993e-09,  11.415349e-09,
                      6.5537993e-09,   1.0000000000, -2.2946804e-09,
                     -11.415349e-09,  2.2946804e-09,   1.0000000000
                  </Orientation>
                  <Position type="Vector">0.012281358, 23.736019, 11.897689</Position>
               </HpHeadlight01>
               <HpMount>
                  <Orientation type="Matrix">
                       1.0000000000,   0.0000000000,   0.0000000000,
                       0.0000000000,   1.0000000000,   0.0000000000,
                       0.0000000000,   0.0000000000,   1.0000000000
                  </Orientation>
                  <Position type="Vector">0.012283, -20, -20</Position>
               </HpMount>
               <HpRunningLight03>
                  <Orientation type="Matrix">
                      -0.7071070700, -38.172480e-09,  -0.7071064700,
                     -82.091312e-09,   1.0000000000,  28.107323e-09,
                       0.7071064700,  77.922188e-09,  -0.7071070700
                  </Orientation>
                  <Position type="Vector">19.135534, 10.716734, 31.949497</Position>
               </HpRunningLight03>
               <HpRunningLight04>
                  <Orientation type="Matrix">
                      -0.7071068900, -14.245580e-09,   0.7071066500,
                     -25.075076e-09,   1.0000000000, -4.9287903e-09,
                      -0.7071066500, -21.215936e-09,  -0.7071068900
                  </Orientation>
                  <Position type="Vector">-19.059298, 10.716735, 31.949503</Position>
               </HpRunningLight04>
               <HpRunningLight05>
                  <Orientation type="Matrix">
                      -1.0000000000, -13.322676e-15,  150.99577e-09,
                      9.1774453e-15,   1.0000000000,  149.01160e-09,
                     -150.99577e-09,  149.01160e-09,  -1.0000000000
                  </Orientation>
                  <Position type="Vector">0.012281394, 10.716736, 37.213444</Position>
               </HpRunningLight05>
               <HpRunningLight06>
                  <Orientation type="Matrix">
                      -1.0000000000,  150.99582e-09, -9.2701149e-15,
                     -24.762581e-15, -225.38833e-09,  -1.0000000000,
                     -150.99582e-09,  -1.0000000000,  225.38833e-09
                  </Orientation>
                  <Position type="Vector">0.012276836, 12.724367, -5.6363039</Position>
               </HpRunningLight06>
               <HpRunningLight07>
                  <Orientation type="Matrix">
                       1.0000000000,  14.466575e-12,  21.364995e-09,
                      3.6957453e-09,   0.9848077300,  -0.1736481500,
                     -21.042926e-09,   0.1736481500,   0.9848077300
                  </Orientation>
                  <Position type="Vector">0.012281374, 23.452702, 11.407147</Position>
               </HpRunningLight07>
               <HpRunningLight08>
                  <Orientation type="Matrix">
                       1.0000000000, -503.64964e-15, -180.51718e-15,
                     -532.75147e-15,  -0.9063077600,  -0.4226182700,
                      49.247421e-15,   0.4226182700,  -0.9063077600
                  </Orientation>
                  <Position type="Vector">0.012281262, 23.4527, 19.413572</Position>
               </HpRunningLight08>
               <HpTractor_Source>
                  <Orientation type="Matrix">
                       1.0000000000, -6.5537993e-09,  11.415349e-09,
                      6.5537993e-09,   1.0000000000, -2.2946804e-09,
                     -11.415349e-09,  2.2946804e-09,   1.0000000000
                  </Orientation>
                  <Position type="Vector">0.012281358, 23.736019, 11.897689</Position>
               </HpTractor_Source>
               <HpCM02>
                  <Orientation type="Matrix">
                      -1.0000000000, -87.422777e-09,   0.0000000000,
                      87.422777e-09,  -1.0000000000,  -0.0000000000,
                       0.0000000000,   0.0000000000,   1.0000000000
                  </Orientation>
                  <Position type="Vector">7.322896, 1.290676, 34.88678</Position>
               </HpCM02>
               <HpShield01>
                  <Orientation type="Matrix">
                       1.0000000000,   0.0000000000,   0.0000000000,
                       0.0000000000,   1.0000000000,   0.0000000000,
                       0.0000000000,   0.0000000000,   1.0000000000
                  </Orientation>
                  <Position type="Vector">0, 0, 0</Position>
               </HpShield01>
               <HpShield02>
                  <Orientation type="Matrix">
                       1.0000000000,   0.0000000000,   0.0000000000,
                       0.0000000000,   1.0000000000,   0.0000000000,
                       0.0000000000,   0.0000000000,   1.0000000000
                  </Orientation>
                  <Position type="Vector">0, 0, 0</Position>
               </HpShield02>
               <HpCM01>
                  <Orientation type="Matrix">
                      -1.0000000000, -87.422777e-09,   0.0000000000,
                      87.422777e-09,  -1.0000000000,  -0.0000000000,
                       0.0000000000,   0.0000000000,   1.0000000000
                  </Orientation>
                  <Position type="Vector">-7.3180242, 1.2904299, 34.944057</Position>
               </HpCM01>
               <HpDocklight01>
                  <Orientation type="Matrix">
                       1.0000000000,   0.0000000000,   0.0000000000,
                       0.0000000000,   1.0000000000,   0.0000000000,
                       0.0000000000,   0.0000000000,   1.0000000000
                  </Orientation>
                  <Position type="Vector">0, 23.411345, 17.63068</Position>
               </HpDocklight01>
               <HpNew01>
                  <Orientation type="Matrix">
                       1.0000000000,   0.0000000000,   0.0000000000,
                       0.0000000000,   1.0000000000,   0.0000000000,
                       0.0000000000,   0.0000000000,   1.0000000000
                  </Orientation>
                  <Position type="Vector">0, 0, 0</Position>
               </HpNew01>
               <HpNew02>
                  <Orientation type="Matrix">
                       1.0000000000,   0.0000000000,   0.0000000000,
                       0.0000000000,   1.0000000000,   0.0000000000,
                       0.0000000000,   0.0000000000,   1.0000000000
                  </Orientation>
                  <Position type="Vector">0, 0, 0</Position>
               </HpNew02>
               <HpNew03>
                  <Orientation type="Matrix">
                       1.0000000000,   0.0000000000,   0.0000000000,
                       0.0000000000,   1.0000000000,   0.0000000000,
                       0.0000000000,   0.0000000000,   1.0000000000
                  </Orientation>
                  <Position type="Vector">0, 0, 0</Position>
               </HpNew03>
               <HpNew04>
                  <Orientation type="Matrix">
                       1.0000000000,   0.0000000000,   0.0000000000,
                       0.0000000000,   1.0000000000,   0.0000000000,
                       0.0000000000,   0.0000000000,   1.0000000000
                  </Orientation>
                  <Position type="Vector">0, 0, 0</Position>
               </HpNew04>
               <HpNew05>
                  <Orientation type="Matrix">
                       1.0000000000,   0.0000000000,   0.0000000000,
                       0.0000000000,   1.0000000000,   0.0000000000,
                       0.0000000000,   0.0000000000,   1.0000000000
                  </Orientation>
                  <Position type="Vector">0, 0, 0</Position>
               </HpNew05>
               <HpThruster01>
                  <Orientation type="Matrix">
                       1.0000000000,   0.0000000000,   0.0000000000,
                       0.0000000000,   1.0000000000,   0.0000000000,
                       0.0000000000,   0.0000000000,   1.0000000000
                  </Orientation>
                  <Position type="Vector">-3.63361, 6, 36</Position>
               </HpThruster01>
               <HpThruster02>
                  <Orientation type="Matrix">
                       1.0000000000,   0.0000000000,   0.0000000000,
                       0.0000000000,   1.0000000000,   0.0000000000,
                       0.0000000000,   0.0000000000,   1.0000000000
                  </Orientation>
                  <Position type="Vector">3.6506951, 6, 36</Position>
               </HpThruster02>
            </Fixed>
            <Revolute>
               <HpTurret04>
                  <Axis type="Vector">0, 1, 0</Axis>
                  <Max type="float">3.1415927</Max>
                  <Min type="float">-1.7453293</Min>
                  <Orientation type="Matrix">
                      59.604645e-09,   0.0000000000,   0.9999998800,
                      -0.0000000000,   1.0000000000,   0.0000000000,
                      -0.9999998800,  -0.0000000000,  59.604645e-09
                  </Orientation>
                  <Position type="Vector">-12.052522, 13.881273, 30.1269</Position>
               </HpTurret04>
               <HpTurret05>
                  <Axis type="Vector">0, 1, 0</Axis>
                  <Max type="float">1.7453293</Max>
                  <Min type="float">-3.1415927</Min>
                  <Orientation type="Matrix">
                      59.604645e-09,   0.0000000000,  -0.9999998800,
                       0.0000000000,   1.0000000000,   0.0000000000,
                       0.9999998800,   0.0000000000,  59.604645e-09
                  </Orientation>
                  <Position type="Vector">12.094064, 13.881276, 29.943399</Position>
               </HpTurret05>
               <HpTurret01>
                  <Axis type="Vector">0, 1, 0</Axis>
                  <Max type="float">3.1415927</Max>
                  <Min type="float">-3.1415927</Min>
                  <Orientation type="Matrix">
                       1.0000000000,   0.0000000000,   0.0000000000,
                       0.0000000000,   1.0000000000,   0.0000000000,
                       0.0000000000,   0.0000000000,   1.0000000000
                  </Orientation>
                  <Position type="Vector">4.9877748, 23.411346, 12.681627</Position>
               </HpTurret01>
               <HpTurret06>
                  <Axis type="Vector">0, 1, 0</Axis>
                  <Max type="float">3.1415927</Max>
                  <Min type="float">-3.1415927</Min>
                  <Orientation type="Matrix">
                       1.0000000000,   0.0000000000,   0.0000000000,
                       0.0000000000,   1.0000000000,   0.0000000000,
                       0.0000000000,   0.0000000000,   1.0000000000
                  </Orientation>
                  <Position type="Vector">-5.009973, 23.411345, 12.712301</Position>
               </HpTurret06>
            </Revolute>
         </Hardpoints>
         <VMeshWire include="Titan_tow_b_cmp\tblifter_lod1.vwd.xml"/>
         <MultiLevel>
            <Level0>
               <VMeshPart>
                  <VMeshRef type="VMeshRef">
                     <!-- header size  --> 60,
                     <!-- vmesh lib    --> data.ships.utility.heavy_tblifter.heavy_lifter.lod0-112.vms,
                     <!-- start vert   --> 406,
                     <!-- num verts    --> 3190,
                     <!-- start index  --> 408,
                     <!-- num indices  --> 3336,
                     <!-- start mesh   --> 8,
                     <!-- num meshes   --> 11,
                     <!-- bounding box -->  19.004681,    23.411346,   37.169464,
                                           -19.004679,   -13.881156,  -26.795734,
                     <!-- center       -->   0.59696609,   4.8500319,   5.6642313,
                     <!-- radius       --> 35.753181
                  </VMeshRef>
               </VMeshPart>
            </Level0>
            <Level1>
               <VMeshPart>
                  <VMeshRef type="VMeshRef">
                     <!-- header size  --> 60,
                     <!-- vmesh lib    --> data.ships.utility.heavy_tblifter.heavy_lifter.lod1-112.vms,
                     <!-- start vert   --> 280,
                     <!-- num verts    --> 1186,
                     <!-- start index  --> 282,
                     <!-- num indices  --> 1896,
                     <!-- start mesh   --> 8,
                     <!-- num meshes   --> 11,
                     <!-- bounding box -->  19.004681,    23.411346,   37.169464,
                                           -19.004679,   -13.881156,  -26.795734,
                     <!-- center       -->   0.59696609,   4.8500319,   5.6642313,
                     <!-- radius       --> 35.753181
                  </VMeshRef>
               </VMeshPart>
            </Level1>
            <Level2>
               <VMeshPart>
                  <VMeshRef type="VMeshRef">
                     <!-- header size  --> 60,
                     <!-- vmesh lib    --> data.ships.utility.heavy_tblifter.heavy_lifter.lod2-112.vms,
                     <!-- start vert   --> 120,
                     <!-- num verts    --> 690,
                     <!-- start index  --> 120,
                     <!-- num indices  --> 906,
                     <!-- start mesh   --> 4,
                     <!-- num meshes   --> 8,
                     <!-- bounding box -->  19.004681,    23.411346,   37.169464,
                                           -19.004679,   -13.881156,  -26.795734,
                     <!-- center       -->   0.59696609,   4.8500319,   5.6642313,
                     <!-- radius       --> 35.753181
                  </VMeshRef>
               </VMeshPart>
            </Level2>
            <Level3>
               <VMeshPart>
                  <VMeshRef type="VMeshRef">
                     <!-- header size  --> 60,
                     <!-- vmesh lib    --> data.ships.utility.heavy_tblifter.heavy_lifter.lod3-112.vms,
                     <!-- start vert   --> 83,
                     <!-- num verts    --> 398,
                     <!-- start index  --> 84,
                     <!-- num indices  --> 408,
                     <!-- start mesh   --> 5,
                     <!-- num meshes   --> 3,
                     <!-- bounding box -->  19.004681,    23.411346,   37.169464,
                                           -19.004679,   -13.881156,  -26.795734,
                     <!-- center       -->   0.59696609,   4.8500319,   5.6642313,
                     <!-- radius       --> 35.753181
                  </VMeshRef>
               </VMeshPart>
            </Level3>
            <Switch2 type="float array" count="5">
               0,
               100,
               1000,
               10000,
               1000000
            </Switch2>
         </MultiLevel>
      </tblifter_lod1020919110025.3db>
      <tblifter_port_eng_lod1020919110025.3db>
         <Hardpoints>
            <Fixed>
               <HpEngine01>
                  <Orientation type="Matrix">
                       1.0000000000, -13.322676e-15, -301.99158e-09,
                     -13.677472e-15,   1.0000000000, -89.406960e-09,
                      301.99158e-09,  89.406960e-09,   1.0000000000
                  </Orientation>
                  <Position type="Vector">-6.9007735, -6.1158829, 6.6313038</Position>
               </HpEngine01>
               <HpRunningLight02>
                  <Orientation type="Matrix">
                      186.43097e-09, -211.25010e-12,   1.0000000000,
                      71.392407e-09,   1.0000000000,  211.23679e-12,
                      -1.0000000000,  71.392407e-09,  186.43097e-09
                  </Orientation>
                  <Position type="Vector">-12.356886, -4.1782851, -2.2624123</Position>
               </HpRunningLight02>
            </Fixed>
         </Hardpoints>
         <VMeshWire include="Titan_tow_b_cmp\tblifter_port_eng_lod1.vwd.xml"/>
         <MultiLevel>
            <Level0>
               <VMeshPart>
                  <VMeshRef type="VMeshRef">
                     <!-- header size  --> 60,
                     <!-- vmesh lib    --> data.ships.utility.heavy_tblifter.heavy_lifter.lod0-112.vms,
                     <!-- start vert   --> 4264,
                     <!-- num verts    --> 408,
                     <!-- start index  --> 4416,
                     <!-- num indices  --> 408,
                     <!-- start mesh   --> 24,
                     <!-- num meshes   --> 8,
                     <!-- bounding box -->  12.262606,    4.2450919,  7.1799498,
                                           -12.034984,  -11.321657,  -5.2792501,
                     <!-- center       -->   1.0560936,  -3.0789039,  0.29630697,
                     <!-- radius       --> 14.453466
                  </VMeshRef>
               </VMeshPart>
            </Level0>
            <Level1>
               <VMeshPart>
                  <VMeshRef type="VMeshRef">
                     <!-- header size  --> 60,
                     <!-- vmesh lib    --> data.ships.utility.heavy_tblifter.heavy_lifter.lod1-112.vms,
                     <!-- start vert   --> 1898,
                     <!-- num verts    --> 282,
                     <!-- start index  --> 2610,
                     <!-- num indices  --> 282,
                     <!-- start mesh   --> 23,
                     <!-- num meshes   --> 8,
                     <!-- bounding box -->  12.262606,    4.2450919,  7.1799498,
                                           -12.034984,  -11.321657,  -5.2792501,
                     <!-- center       -->   1.0560936,  -3.0789039,  0.29630697,
                     <!-- radius       --> 14.453466
                  </VMeshRef>
               </VMeshPart>
            </Level1>
            <Level2>
               <VMeshPart>
                  <VMeshRef type="VMeshRef">
                     <!-- header size  --> 60,
                     <!-- vmesh lib    --> data.ships.utility.heavy_tblifter.heavy_lifter.lod2-112.vms,
                     <!-- start vert   --> 1098,
                     <!-- num verts    --> 120,
                     <!-- start index  --> 1314,
                     <!-- num indices  --> 120,
                     <!-- start mesh   --> 14,
                     <!-- num meshes   --> 4,
                     <!-- bounding box -->  12.262606,    4.2450919,  7.1799498,
                                           -12.034984,  -11.321657,  -5.2792501,
                     <!-- center       -->   1.0560936,  -3.0789039,  0.29630697,
                     <!-- radius       --> 14.453466
                  </VMeshRef>
               </VMeshPart>
            </Level2>
            <Level3>
               <VMeshPart>
                  <VMeshRef type="VMeshRef">
                     <!-- header size  --> 60,
                     <!-- vmesh lib    --> data.ships.utility.heavy_tblifter.heavy_lifter.lod3-112.vms,
                     <!-- start vert   --> 721,
                     <!-- num verts    --> 83,
                     <!-- start index  --> 732,
                     <!-- num indices  --> 84,
                     <!-- start mesh   --> 10,
                     <!-- num meshes   --> 5,
                     <!-- bounding box -->  12.262606,    4.2450919,  7.1799498,
                                           -12.034984,  -11.321657,  -5.2792501,
                     <!-- center       -->   1.0560936,  -3.0789039,  0.29630697,
                     <!-- radius       --> 14.453466
                  </VMeshRef>
               </VMeshPart>
            </Level3>
            <Switch2 type="float array" count="5">
               0,
               100,
               1000,
               10000,
               1000000
            </Switch2>
         </MultiLevel>
      </tblifter_port_eng_lod1020919110025.3db>
      <tblifter_star_eng_lod1020919110025.3db>
         <Hardpoints>
            <Fixed>
               <HpEngine02>
                  <Orientation type="Matrix">
                       1.0000000000, -13.322676e-15, -301.99158e-09,
                     -31.677575e-15,   1.0000000000, -149.01161e-09,
                      301.99158e-09,  149.01161e-09,   1.0000000000
                  </Orientation>
                  <Position type="Vector">6.6402078, -6.1158819, 6.6313028</Position>
               </HpEngine02>
               <HpRunningLight01>
                  <Orientation type="Matrix">
                      176.17067e-09,  38.805364e-09,  -1.0000000000,
                     -11.553004e-09,   1.0000000000,  38.805361e-09,
                       1.0000000000,  11.552997e-09,  176.17067e-09
                  </Orientation>
                  <Position type="Vector">12.350939, -4.1782823, -2.2624123</Position>
               </HpRunningLight01>
            </Fixed>
         </Hardpoints>
         <VMeshWire include="Titan_tow_b_cmp\tblifter_star_eng_lod1.vwd.xml"/>
         <MultiLevel>
            <Level0>
               <VMeshPart>
                  <VMeshRef type="VMeshRef">
                     <!-- header size  --> 60,
                     <!-- vmesh lib    --> data.ships.utility.heavy_tblifter.heavy_lifter.lod0-112.vms,
                     <!-- start vert   --> 0,
                     <!-- num verts    --> 406,
                     <!-- start index  --> 0,
                     <!-- num indices  --> 408,
                     <!-- start mesh   --> 0,
                     <!-- num meshes   --> 8,
                     <!-- bounding box -->  12.034982,    4.24509,    7.1799464,
                                           -12.262607,  -11.321655,  -5.2792497,
                     <!-- center       -->  -1.0560948,  -3.0789042,  0.29630592,
                     <!-- radius       --> 14.453465
                  </VMeshRef>
               </VMeshPart>
            </Level0>
            <Level1>
               <VMeshPart>
                  <VMeshRef type="VMeshRef">
                     <!-- header size  --> 60,
                     <!-- vmesh lib    --> data.ships.utility.heavy_tblifter.heavy_lifter.lod1-112.vms,
                     <!-- start vert   --> 0,
                     <!-- num verts    --> 280,
                     <!-- start index  --> 0,
                     <!-- num indices  --> 282,
                     <!-- start mesh   --> 0,
                     <!-- num meshes   --> 8,
