<?xml version="1.0" encoding="ISO-8859-1"?>
<!-- XML generated by UTFXML Version 2.2 built 19-Aug-2010 -->
<UTFXML filename="Mako.cmp" path="SHIPS\new\BOUNTY_HUNTER">
   <UTF_ROOT>
      <VMeshLibrary>
         <bh_bs1_root.lod0.vms include="Mako_cmp\lod0.vms.xml"/>
      </VMeshLibrary>
      <Cmpnd>
         <Cons>
            <Fix type="Fix" count="5">
               <part>
                  <!-- parent      --> "Root",
                  <!-- child       --> "bh_bs1_nose_lod1",
                  <!-- position    --> 0, 0, 0,
                  <!-- orientation -->   1.0000000000,   0.0000000000,   0.0000000000,
                                         0.0000000000,   1.0000000000,   0.0000000000,
                                         0.0000000000,   0.0000000000,   1.0000000000
               </part>
               <part>
                  <!-- parent      --> "Root",
                  <!-- child       --> "bh_bs1_nosel_lod1",
                  <!-- position    --> 0, 0, 0,
                  <!-- orientation -->   1.0000000000,   0.0000000000,   0.0000000000,
                                         0.0000000000,   1.0000000000,   0.0000000000,
                                         0.0000000000,   0.0000000000,   1.0000000000
               </part>
               <part>
                  <!-- parent      --> "Root",
                  <!-- child       --> "bh_bs1_mid_lod1",
                  <!-- position    --> 0, 0, 0,
                  <!-- orientation -->   1.0000000000,   0.0000000000,   0.0000000000,
                                         0.0000000000,   1.0000000000,   0.0000000000,
                                         0.0000000000,   0.0000000000,   1.0000000000
               </part>
               <part>
                  <!-- parent      --> "Root",
                  <!-- child       --> "bh_bs1_aft_lod1",
                  <!-- position    --> 0, 0, 0,
                  <!-- orientation -->   1.0000000000,   0.0000000000,   0.0000000000,
                                         0.0000000000,   1.0000000000,   0.0000000000,
                                         0.0000000000,   0.0000000000,   1.0000000000
               </part>
               <part>
                  <!-- parent      --> "Root",
                  <!-- child       --> "bh_bs1_fin_lod1",
                  <!-- position    --> 0, 0, 0,
                  <!-- orientation -->   1.0000000000,   0.0000000000,   0.0000000000,
                                         0.0000000000,   1.0000000000,   0.0000000000,
                                         0.0000000000,   0.0000000000,   1.0000000000
               </part>
            </Fix>
         </Cons>
         <Root>
            <File_name name="File name" type="text">bh_bs1_root_lod1.3db</File_name>
            <Index type="int">0</Index>
            <Object_name name="Object name" type="text">Root</Object_name>
         </Root>
         <Part_bh_bs1_nose_lod1>
            <File_name name="File name" type="text">bh_bs1_nose_lod1.3db</File_name>
            <Index type="int">1</Index>
            <Object_name name="Object name" type="text">bh_bs1_nose_lod1</Object_name>
         </Part_bh_bs1_nose_lod1>
         <Part_bh_bs1_nosel_lod1>
            <File_name name="File name" type="text">bh_bs1_nosel_lod1.3db</File_name>
            <Index type="int">2</Index>
            <Object_name name="Object name" type="text">bh_bs1_nosel_lod1</Object_name>
         </Part_bh_bs1_nosel_lod1>
         <Part_bh_bs1_mid_lod1>
            <File_name name="File name" type="text">bh_bs1_mid_lod1.3db</File_name>
            <Index type="int">3</Index>
            <Object_name name="Object name" type="text">bh_bs1_mid_lod1</Object_name>
         </Part_bh_bs1_mid_lod1>
         <Part_bh_bs1_aft_lod1>
            <File_name name="File name" type="text">bh_bs1_aft_lod1.3db</File_name>
            <Index type="int">4</Index>
            <Object_name name="Object name" type="text">bh_bs1_aft_lod1</Object_name>
         </Part_bh_bs1_aft_lod1>
         <Part_bh_bs1_fin_lod1>
            <File_name name="File name" type="text">bh_bs1_fin_lod1.3db</File_name>
            <Index type="int">5</Index>
            <Object_name name="Object name" type="text">bh_bs1_fin_lod1</Object_name>
         </Part_bh_bs1_fin_lod1>
      </Cmpnd>
      <bh_bs1_root_lod1.3db>
         <Hardpoints>
            <Revolute>
               <HpTurret20>
                  <Axis type="Vector">0, 1, 0</Axis>
                  <Max type="float">6.2657318</Max>
                  <Min type="float">-6.2657318</Min>
                  <Orientation type="Matrix">
                       0.9743700600,   0.2249510600,   0.0000000000,
                      -0.2249510600,   0.9743700600,   0.0000000000,
                       0.0000000000,   0.0000000000,   1.0000000000
                  </Orientation>
                  <Position type="Vector">9.4007835, 65.290321, 41.491669</Position>
               </HpTurret20>
               <HpTurret19>
                  <Axis type="Vector">0, 1, 0</Axis>
                  <Max type="float">6.2657318</Max>
                  <Min type="float">-6.2657318</Min>
                  <Orientation type="Matrix">
                       0.9743700600,  -0.2249510600,  -0.0000000000,
                       0.2249510600,   0.9743700600,   0.0000000000,
                       0.0000000000,  -0.0000000000,   1.0000000000
                  </Orientation>
                  <Position type="Vector">-9.7242165, 65.209679, 41.491669</Position>
               </HpTurret19>
               <HpTurret18>
                  <Axis type="Vector">0, 1, 0</Axis>
                  <Max type="float">6.2831855</Max>
                  <Min type="float">-6.2831855</Min>
                  <Orientation type="Matrix">
                       0.5299192700,   0.8480481500,   0.0000000000,
                      -0.8480481500,   0.5299192700,   0.0000000000,
                       0.0000000000,   0.0000000000,   1.0000000000
                  </Orientation>
                  <Position type="Vector">22.803087, 51.328842, 25.741667</Position>
               </HpTurret18>
               <HpTurret17>
                  <Axis type="Vector">0, 1, 0</Axis>
                  <Max type="float">6.2831855</Max>
                  <Min type="float">-6.2831855</Min>
                  <Orientation type="Matrix">
                       0.5299192700,  -0.8480481500,  -0.0000000000,
                       0.8480481500,   0.5299192700,   0.0000000000,
                       0.0000000000,  -0.0000000000,   1.0000000000
                  </Orientation>
                  <Position type="Vector">-23.092262, 51.046162, 25.741667</Position>
               </HpTurret17>
               <HpTurret14>
                  <Axis type="Vector">0, 1, 0</Axis>
                  <Max type="float">1.5707964</Max>
                  <Min type="float">-1.5707964</Min>
                  <Orientation type="Matrix">
                      178.81393e-09,   0.9999998800, -7.1054274e-15,
                       0.9999998800,  59.604641e-09, -87.422769e-09,
                     -87.422769e-09,   0.0000000000,  -0.9999997600
                  </Orientation>
                  <Position type="Vector">19.162924, 17.215157, 165.63461</Position>
               </HpTurret14>
               <HpTurret13>
                  <Axis type="Vector">0, 1, 0</Axis>
                  <Max type="float">1.5707964</Max>
                  <Min type="float">-1.5707964</Min>
                  <Orientation type="Matrix">
                      178.81393e-09,  -0.9999998800, -7.1054274e-15,
                      -0.9999998800,  59.604641e-09,  87.422769e-09,
                     -87.422769e-09,   0.0000000000,  -0.9999997600
                  </Orientation>
                  <Position type="Vector">-19.171204, 17.545963, 165.58176</Position>
               </HpTurret13>
               <HpTurret12>
                  <Axis type="Vector">0, 1, 0</Axis>
                  <Max type="float">1.5707964</Max>
                  <Min type="float">-1.5707964</Min>
                  <Orientation type="Matrix">
                      -1.0000000000,   0.0000000000,  87.422777e-09,
                      10.654157e-09,   0.9925461400,   0.1218693500,
                     -86.771138e-09,   0.1218693500,  -0.9925460800
                  </Orientation>
                  <Position type="Vector">0.089236997, 50.914314, 138.70874</Position>
               </HpTurret12>
               <HpTurret11>
                  <Axis type="Vector">0, 1, 0</Axis>
                  <Max type="float">1.5707964</Max>
                  <Min type="float">-1.5707964</Min>
                  <Orientation type="Matrix">
                      238.41858e-09,  -0.9999997600, -59.604645e-09,
                     -59.604645e-09,  178.81393e-09,   0.9999997600,
                      -0.9999997600,   0.0000000000,  178.81393e-09
                  </Orientation>
                  <Position type="Vector">-1.5854861, -59.726189, -29.949848</Position>
               </HpTurret11>
               <HpTurret10>
                  <Axis type="Vector">0, 1, 0</Axis>
                  <Max type="float">1.5707964</Max>
                  <Min type="float">-1.5707964</Min>
                  <Orientation type="Matrix">
                      238.41858e-09,   0.9999997600,  59.604645e-09,
                      59.604645e-09,  178.81393e-09,   0.9999997600,
                       0.9999997600,   0.0000000000,  178.81393e-09
                  </Orientation>
                  <Position type="Vector">1.574895, -59.942192, -30.337891</Position>
               </HpTurret10>
               <HpTurret08>
                  <Axis type="Vector">0, 1, 0</Axis>
                  <Max type="float">6.2831855</Max>
                  <Min type="float">-6.2831855</Min>
                  <Orientation type="Matrix">
                      59.604645e-09,   0.9999998800,   0.0000000000,
                      -0.9999998800,  59.604645e-09,   0.0000000000,
                       0.0000000000,   0.0000000000,   1.0000000000
                  </Orientation>
                  <Position type="Vector">29.556074, 6.2594051, -101.69096</Position>
               </HpTurret08>
               <HpTurret07>
                  <Axis type="Vector">0, 1, 0</Axis>
                  <Max type="float">6.2831855</Max>
                  <Min type="float">-6.2831855</Min>
                  <Orientation type="Matrix">
                      59.604645e-09,  -0.9999998800,  -0.0000000000,
                       0.9999998800,  59.604645e-09,   0.0000000000,
                       0.0000000000,  -0.0000000000,   1.0000000000
                  </Orientation>
                  <Position type="Vector">-29.563892, 5.889401, -101.99033</Position>
               </HpTurret07>
               <HpTurret06>
                  <Axis type="Vector">0, 1, 0</Axis>
                  <Max type="float">3.1415927</Max>
                  <Min type="float">-3.1415927</Min>
                  <Orientation type="Matrix">
                      59.604645e-09,   0.9999998800,   0.0000000000,
                      -0.9999998800,  59.604645e-09,   0.0000000000,
                       0.0000000000,   0.0000000000,   1.0000000000
                  </Orientation>
                  <Position type="Vector">10.263295, -51.35873, -131.75685</Position>
               </HpTurret06>
               <HpTurret05>
                  <Axis type="Vector">0, 1, 0</Axis>
                  <Max type="float">3.1415927</Max>
                  <Min type="float">-3.1415927</Min>
                  <Orientation type="Matrix">
                      59.604645e-09,  -0.9999998800,  -0.0000000000,
                       0.9999998800,  59.604645e-09,   0.0000000000,
                       0.0000000000,  -0.0000000000,   1.0000000000
                  </Orientation>
                  <Position type="Vector">-10.271109, -51.647484, -131.76736</Position>
               </HpTurret05>
               <HpTurret04>
                  <Axis type="Vector">0, 1, 0</Axis>
                  <Max type="float">1.5707964</Max>
                  <Min type="float">-1.5707964</Min>
                  <Orientation type="Matrix">
                      178.81393e-09, -87.422769e-09,  -0.9999998800,
                     -7.1054274e-15,  -0.9999997600,  87.422769e-09,
                      -0.9999998800,   0.0000000000,  59.604641e-09
                  </Orientation>
                  <Position type="Vector">35, 15.19, -4.5</Position>
               </HpTurret04>
               <HpTurret03>
                  <Axis type="Vector">0, 1, 0</Axis>
                  <Max type="float">1.5707964</Max>
                  <Min type="float">-1.5707964</Min>
                  <Orientation type="Matrix">
                      178.81393e-09, -87.422769e-09,   0.9999998800,
                     -7.1054274e-15,  -0.9999997600, -87.422769e-09,
                       0.9999998800,   0.0000000000,  59.604641e-09
                  </Orientation>
                  <Position type="Vector">-36, 15.16, -4.74</Position>
               </HpTurret03>
               <HpTurret02>
                  <Axis type="Vector">0, 1, 0</Axis>
                  <Max type="float">1.9198622</Max>
                  <Min type="float">-1.9198622</Min>
                  <Orientation type="Matrix">
                       1.0000000000,   0.0000000000,   0.0000000000,
                       0.0000000000,   0.9925461400,   0.1218693500,
                       0.0000000000,  -0.1218693500,   0.9925461400
                  </Orientation>
                  <Position type="Vector">0, 50.119579, -65.132034</Position>
               </HpTurret02>
               <HpTurret01>
                  <Axis type="Vector">0, 1, 0</Axis>
                  <Max type="float">1.5707964</Max>
                  <Min type="float">-1.5707964</Min>
                  <Orientation type="Matrix">
                       1.0000000000,   0.0000000000,   0.0000000000,
                       0.0000000000,   1.0000000000,   0.0000000000,
                       0.0000000000,   0.0000000000,   1.0000000000
                  </Orientation>
                  <Position type="Vector">-0, 54.187965, -17.5</Position>
               </HpTurret01>
               <HpTorpedo02>
                  <Axis type="Vector">0, 1, 0</Axis>
                  <Max type="float">0.76794487</Max>
                  <Min type="float">-0.78539819</Min>
                  <Orientation type="Matrix">
                       1.0000000000,   0.0000000000,   0.0000000000,
                       0.0000000000,   0.9702957300,   0.2419218900,
                       0.0000000000,  -0.2419218900,   0.9702957300
                  </Orientation>
                  <Position type="Vector">-0, -54, -151</Position>
               </HpTorpedo02>
               <HpTorpedo01>
                  <Axis type="Vector">0, 1, 0</Axis>
                  <Max type="float">0.76794487</Max>
                  <Min type="float">-0.78539819</Min>
                  <Orientation type="Matrix">
                       1.0000000000,   0.0000000000,   0.0000000000,
                       0.0000000000,   0.9702957300,   0.2419218900,
                       0.0000000000,  -0.2419218900,   0.9702957300
                  </Orientation>
                  <Position type="Vector">0, -54, -151</Position>
               </HpTorpedo01>
               <HpTurret09>
                  <Axis type="Vector">0, 1, 0</Axis>
                  <Max type="float">6.2657318</Max>
                  <Min type="float">-6.2657318</Min>
                  <Orientation type="Matrix">
                       1.0000000000,   0.0000000000,   0.0000000000,
                       0.0000000000,   1.0000000000,   0.0000000000,
                       0.0000000000,   0.0000000000,   1.0000000000
                  </Orientation>
                  <Position type="Vector">0, 65.8, 10</Position>
               </HpTurret09>
               <HpTurret15>
                  <Axis type="Vector">0, 1, 0</Axis>
                  <Max type="float">1.5707964</Max>
                  <Min type="float">-1.9198622</Min>
                  <Orientation type="Matrix">
                      59.604645e-09,  -0.3746065500,   0.9271837500,
                     -44.703484e-09,   0.9271838700,   0.3746065500,
                      -0.9999998800, -14.901161e-09,  59.604645e-09
                  </Orientation>
                  <Position type="Vector">-34.808895, 22.454397, -4.333333</Position>
               </HpTurret15>
               <HpTurret16>
                  <Axis type="Vector">0, 1, 0</Axis>
                  <Max type="float">1.9198622</Max>
                  <Min type="float">-1.5707964</Min>
                  <Orientation type="Matrix">
                      59.604645e-09,   0.3746065500,  -0.9271837500,
                      44.703484e-09,   0.9271838700,   0.3746065500,
                       0.9999998800, -14.901161e-09,  59.604645e-09
                  </Orientation>
                  <Position type="Vector">34.864731, 22.454397, -4.666667</Position>
               </HpTurret16>
            </Revolute>
            <Fixed>
               <HpTractor_Source01>
                  <Orientation type="Matrix">
                      -0.9998476500,  -0.0174524580,  -0.0000000000,
                       0.0174524580,  -0.9998476500,   0.0000000000,
                       0.0000000000,  -0.0000000000,   1.0000000000
                  </Orientation>
                  <Position type="Vector">0, -56.047165, -158.78194</Position>
               </HpTractor_Source01>
               <HpScanner01>
                  <Orientation type="Matrix">
                       1.0000000000,   0.0000000000,   0.0000000000,
                       0.0000000000,   1.0000000000,   0.0000000000,
                       0.0000000000,   0.0000000000,   1.0000000000
                  </Orientation>
                  <Position type="Vector">0, 0, 0</Position>
               </HpScanner01>
               <HpShield01>
                  <Orientation type="Matrix">
                       1.0000000000,   0.0000000000,   0.0000000000,
                       0.0000000000,   1.0000000000,   0.0000000000,
                       0.0000000000,   0.0000000000,   1.0000000000
                  </Orientation>
                  <Position type="Vector">0, -10, 0</Position>
               </HpShield01>
               <HpRunningLight01>
                  <Orientation type="Matrix">
                      -0.0655585600,  -0.9978487500,   0.0000000000,
                       0.9978487500,  -0.0655585600,   0.0000000000,
                       0.0000000000,   0.0000000000,   1.0000000000
                  </Orientation>
                  <Position type="Vector">-22.839838, -22.915663, -4.9995561</Position>
               </HpRunningLight01>
               <HpRunningLight02>
                  <Orientation type="Matrix">
                      -0.0655487550,   0.9978493500,   0.0000000000,
                      -0.9978493500,  -0.0655487550,   0.0000000000,
                       0.0000000000,   0.0000000000,   1.0000000000
                  </Orientation>
                  <Position type="Vector">22.634993, -22.984274, -5.0407486</Position>
               </HpRunningLight02>
               <HpRunningLight03>
                  <Orientation type="Matrix">
                      -0.0621236940,   0.9980684500,   0.0000000000,
                      -0.9980684500,  -0.0621236940,   0.0000000000,
                       0.0000000000,   0.0000000000,   1.0000000000
                  </Orientation>
                  <Position type="Vector">21.263126, -34.098, -17.942791</Position>
               </HpRunningLight03>
               <HpRunningLight04>
                  <Orientation type="Matrix">
                      -0.0547025280,   0.9985026700,   0.0000000000,
                      -0.9985026700,  -0.0547025280,   0.0000000000,
                       0.0000000000,   0.0000000000,   1.0000000000
                  </Orientation>
                  <Position type="Vector">18.856604, -47.317284, -33.700531</Position>
               </HpRunningLight04>
               <HpRunningLight05>
                  <Orientation type="Matrix">
                      -0.0547041670,  -0.9985026100,   0.0000000000,
                       0.9985026100,  -0.0547041670,   0.0000000000,
                       0.0000000000,   0.0000000000,   1.0000000000
                  </Orientation>
                  <Position type="Vector">-19.186962, -47.316917, -33.694687</Position>
               </HpRunningLight05>
               <HpRunningLight06>
                  <Orientation type="Matrix">
                      -0.0621138740,  -0.9980690500,   0.0000000000,
                       0.9980690500,  -0.0621138740,   0.0000000000,
                       0.0000000000,   0.0000000000,   1.0000000000
                  </Orientation>
                  <Position type="Vector">-21.596245, -34.098549, -17.934387</Position>
               </HpRunningLight06>
               <HpRunningLight10>
                  <Orientation type="Matrix">
                       1.0000000000,   0.0000000000,  -0.0000000000,
                      -0.0000000000,   0.7431448700,  -0.6691305600,
                       0.0000000000,   0.6691305600,   0.7431448700
                  </Orientation>
                  <Position type="Vector">-0, 14.915533, -171.81104</Position>
               </HpRunningLight10>
               <HpPilot>
                  <Orientation type="Matrix">
                       1.0000000000,   0.0000000000,   0.0000000000,
                       0.0000000000,   1.0000000000,   0.0000000000,
                       0.0000000000,   0.0000000000,   1.0000000000
                  </Orientation>
                  <Position type="Vector">-0, 5.4460468, -170.49139</Position>
               </HpPilot>
               <HpRunningLight07>
                  <Orientation type="Matrix">
                      -1.0000000000,   0.0000000000,   0.0000000000,
                      -0.0000000000,  -1.0000000000, -324.27167e-09,
                       0.0000000000, -324.27167e-09,   1.0000000000
                  </Orientation>
                  <Position type="Vector">-0.16666667, -64.727371, -45.591148</Position>
               </HpRunningLight07>
               <HpEngine08>
                  <Orientation type="Matrix">
                       1.0000000000,   0.0000000000,   0.0000000000,
                       0.0000000000,   1.0000000000,   0.0000000000,
                       0.0000000000,   0.0000000000,   1.0000000000
                  </Orientation>
                  <Position type="Vector">15.808333, 4.5, 186.61667</Position>
               </HpEngine08>
               <HpEngine07>
                  <Orientation type="Matrix">
                       1.0000000000,   0.0000000000,   0.0000000000,
                       0.0000000000,   1.0000000000,   0.0000000000,
                       0.0000000000,   0.0000000000,   1.0000000000
                  </Orientation>
                  <Position type="Vector">-16.141666, 4.5, 186.61667</Position>
               </HpEngine07>
               <HpEngine06>
                  <Orientation type="Matrix">
                       1.0000000000,   0.0000000000,   0.0000000000,
                       0.0000000000,   1.0000000000,   0.0000000000,
                       0.0000000000,   0.0000000000,   1.0000000000
                  </Orientation>
                  <Position type="Vector">15.808333, 18, 186.05417</Position>
               </HpEngine06>
               <HpEngine05>
                  <Orientation type="Matrix">
                       1.0000000000,   0.0000000000,   0.0000000000,
                       0.0000000000,   1.0000000000,   0.0000000000,
                       0.0000000000,   0.0000000000,   1.0000000000
                  </Orientation>
                  <Position type="Vector">-16.141666, 18, 186.05417</Position>
               </HpEngine05>
               <HpEngine04>
                  <Orientation type="Matrix">
                       1.0000000000,   0.0000000000,   0.0000000000,
                       0.0000000000,   1.0000000000,   0.0000000000,
                       0.0000000000,   0.0000000000,   1.0000000000
                  </Orientation>
                  <Position type="Vector">-0.16666667, -7.1543932, 187.4288</Position>
               </HpEngine04>
               <HpEngine03>
                  <Orientation type="Matrix">
                       1.0000000000,   0.0000000000,   0.0000000000,
                       0.0000000000,   1.0000000000,   0.0000000000,
                       0.0000000000,   0.0000000000,   1.0000000000
                  </Orientation>
                  <Position type="Vector">-0.16666667, 28.887665, 187.4288</Position>
               </HpEngine03>
               <HpEngine02>
                  <Orientation type="Matrix">
                       1.0000000000,   0.0000000000,   0.0000000000,
                       0.0000000000,   1.0000000000,   0.0000000000,
                       0.0000000000,   0.0000000000,   1.0000000000
                  </Orientation>
                  <Position type="Vector">-0.16666667, -4.1543932, 187.4288</Position>
               </HpEngine02>
               <HpEngine01>
                  <Orientation type="Matrix">
                       1.0000000000,   0.0000000000,   0.0000000000,
                       0.0000000000,   1.0000000000,   0.0000000000,
                       0.0000000000,   0.0000000000,   1.0000000000
                  </Orientation>
                  <Position type="Vector">-0.16666667, 25.887667, 187.4288</Position>
               </HpEngine01>
               <HpSpecialEquipment03>
                  <Orientation type="Matrix">
                      715.25574e-09,  -0.9999992800, -506.63948e-09,
                     -506.63948e-09,  238.41858e-09,   0.9999992800,
                      -0.9999992800,  29.802322e-09,  238.41858e-09
                  </Orientation>
                  <Position type="Vector">-30.227386, 1, 11.5</Position>
               </HpSpecialEquipment03>
               <HpSpecialEquipment02>
                  <Orientation type="Matrix">
                      715.25574e-09,   0.9999992800,  506.63948e-09,
                      506.63948e-09,  238.41858e-09,   0.9999992800,
                       0.9999992800,  29.802322e-09,  238.41858e-09
                  </Orientation>
                  <Position type="Vector">30.162682, 1, 11.5</Position>
               </HpSpecialEquipment02>
               <HpDockingBay01>
                  <Orientation type="Matrix">
                       1.0000000000,   0.0000000000,   0.0000000000,
                       0.0000000000,   0.9902680500,   0.1391731100,
                       0.0000000000,  -0.1391731100,   0.9902680500
                  </Orientation>
                  <Position type="Vector">-0, 47.824257, -81.602913</Position>
               </HpDockingBay01>
               <HpCM01>
                  <Orientation type="Matrix">
                       1.0000000000,   0.0000000000,   0.0000000000,
                      -0.0000000000,   0.0000000000,   1.0000000000,
                       0.0000000000,  -1.0000000000,   0.0000000000
                  </Orientation>
                  <Position type="Vector">0.16666667, 9.769866, 195.45363</Position>
               </HpCM01>
               <HpRunningLight09>
                  <Orientation type="Matrix">
                       1.0000000000, -89.869125e-15,  106.73853e-09,
                     -106.73853e-09, -841.95585e-09,   1.0000000000,
                       0.0000000000,  -1.0000000000, -841.95585e-09
                  </Orientation>
                  <Position type="Vector">40.495316, 16.768795, 43.100712</Position>
               </HpRunningLight09>
               <HpRunningLight08>
                  <Orientation type="Matrix">
                       1.0000000000,  89.868271e-15, -106.73751e-09,
                      106.73751e-09, -841.95585e-09,   1.0000000000,
                       0.0000000000,  -1.0000000000, -841.95585e-09
                  </Orientation>
                  <Position type="Vector">-40.990654, 16.419352, 43.100712</Position>
               </HpRunningLight08>
               <HpSpecialEquipment01>
                  <Orientation type="Matrix">
                       1.0000000000,   0.0000000000,  -0.0000000000,
                      -0.0000000000,   0.9902680500,  -0.1391731100,
                       0.0000000000,   0.1391731100,   0.9902680500
                  </Orientation>
                  <Position type="Vector">0, 50.93232, 138.58676</Position>
               </HpSpecialEquipment01>
               <HpMount>
                  <Orientation type="Matrix">
                       1.0000000000,   0.0000000000,   0.0000000000,
                       0.0000000000,   1.0000000000,   0.0000000000,
                       0.0000000000,   0.0000000000,   1.0000000000
                  </Orientation>
                  <Position type="Vector">-0, -67.5, -152</Position>
               </HpMount>
               <HpBayDoor01>
                  <Orientation type="Matrix">
                      -1.0000000000, -87.427907e-09,   0.0000000000,
                      87.427907e-09,  -1.0000000000,  -0.0000000000,
                       0.0000000000,   0.0000000000,   1.0000000000
                  </Orientation>
                  <Position type="Vector">-0, -112.5, -0</Position>
               </HpBayDoor01>
               <HpBayDoor02>
                  <Orientation type="Matrix">
                      -1.0000000000, -87.427907e-09,   0.0000000000,
                      87.427907e-09,  -1.0000000000,  -0.0000000000,
                       0.0000000000,   0.0000000000,   1.0000000000
                  </Orientation>
                  <Position type="Vector">-0, -123.75, -0</Position>
               </HpBayDoor02>
               <HpShield02>
                  <Orientation type="Matrix">
                       1.0000000000,   0.0000000000,   0.0000000000,
                       0.0000000000,   1.0000000000,   0.0000000000,
                       0.0000000000,   0.0000000000,   1.0000000000
                  </Orientation>
                  <Position type="Vector">0, 0, 120</Position>
               </HpShield02>
               <HpShield03>
                  <Orientation type="Matrix">
                       1.0000000000,   0.0000000000,   0.0000000000,
                       0.0000000000,   1.0000000000,   0.0000000000,
                       0.0000000000,   0.0000000000,   1.0000000000
                  </Orientation>
                  <Position type="Vector">0, -10, -120</Position>
               </HpShield03>
               <HpThruster01>
                  <Orientation type="Matrix">
                      -1.0000000000, -87.422777e-09,   0.0000000000,
                      87.422777e-09,  -1.0000000000,  -0.0000000000,
                       0.0000000000,   0.0000000000,   1.0000000000
                  </Orientation>
                  <Position type="Vector">0, 9.6026754, 202.0744</Position>
               </HpThruster01>
               <HpFX01>
                  <Orientation type="Matrix">
                       1.0000000000,   0.0000000000,   0.0000000000,
                       0.0000000000,   1.0000000000,   0.0000000000,
                       0.0000000000,   0.0000000000,   1.0000000000
                  </Orientation>
                  <Position type="Vector">0, 0, 0</Position>
               </HpFX01>
               <HpFX02>
                  <Orientation type="Matrix">
                      59.604645e-09,   0.9999998800,   0.0000000000,
                      -0.9999998800,  59.604645e-09,   0.0000000000,
                       0.0000000000,   0.0000000000,   1.0000000000
                  </Orientation>
                  <Position type="Vector">0, 0, 0</Position>
               </HpFX02>
               <HpFX03>
                  <Orientation type="Matrix">
                       1.0000000000,   0.0000000000,   0.0000000000,
                       0.0000000000,  59.604645e-09,   0.9999998800,
                       0.0000000000,  -0.9999998800,  59.604645e-09
                  </Orientation>
                  <Position type="Vector">0, 0, 0</Position>
               </HpFX03>
               <HpFX04>
                  <Orientation type="Matrix">
                       1.0000000000,   0.0000000000,   0.0000000000,
                       0.0000000000,   1.0000000000,   0.0000000000,
                       0.0000000000,   0.0000000000,   1.0000000000
                  </Orientation>
                  <Position type="Vector">0, 0, 0</Position>
               </HpFX04>
               <HpFX05>
                  <Orientation type="Matrix">
                       1.0000000000,   0.0000000000,   0.0000000000,
                       0.0000000000,   1.0000000000,   0.0000000000,
                       0.0000000000,   0.0000000000,   1.0000000000
                  </Orientation>
                  <Position type="Vector">0, 0, 0</Position>
               </HpFX05>
               <HpFX06>
                  <Orientation type="Matrix">
                       1.0000000000,   0.0000000000,   0.0000000000,
                       0.0000000000,   1.0000000000,   0.0000000000,
                       0.0000000000,   0.0000000000,   1.0000000000
                  </Orientation>
                  <Position type="Vector">0, 0, 0</Position>
               </HpFX06>
               <HpFX07>
                  <Orientation type="Matrix">
                       1.0000000000,   0.0000000000,   0.0000000000,
                       0.0000000000,   1.0000000000,   0.0000000000,
                       0.0000000000,   0.0000000000,   1.0000000000
                  </Orientation>
                  <Position type="Vector">0, 0, 0</Position>
               </HpFX07>
            </Fixed>
         </Hardpoints>
         <MultiLevel>
            <Level0>
               <VMeshPart>
                  <VMeshRef type="VMeshRef">
                     <!-- header size  --> 60,
                     <!-- vmesh lib    --> bh_bs1_root.lod0.vms,
                     <!-- start vert   --> 0,
                     <!-- num verts    --> 5696,
                     <!-- start index  --> 0,
                     <!-- num indices  --> 15150,
                     <!-- start mesh   --> 0,
                     <!-- num meshes   --> 11,
                     <!-- bounding box -->  45.600826,      65.750534,    203.58696,
                                           -45.608646,     -66.705605,   -181.77495,
                     <!-- center       -->  -0.0039100647,  -0.47753525,   10.906006,
                     <!-- radius       --> 273.79691
                  </VMeshRef>
               </VMeshPart>
            </Level0>
         </MultiLevel>
      </bh_bs1_root_lod1.3db>
      <bh_bs1_nose_lod1.3db>
         <MultiLevel>
            <Level0>
               <VMeshPart>
                  <VMeshRef type="VMeshRef">
                     <!-- header size  --> 60,
                     <!-- vmesh lib    --> bh_bs1_root.lod0.vms,
                     <!-- start vert   --> 5696,
                     <!-- num verts    --> 130,
                     <!-- start index  --> 15150,
                     <!-- num indices  --> 216,
                     <!-- start mesh   --> 11,
                     <!-- num meshes   --> 1,
                     <!-- bounding box -->  45.600826,      65.750534,    203.58696,
                                           -45.608646,     -66.705605,   -181.77495,
                     <!-- center       -->  -0.0039100647,  -0.47753525,   10.906006,
                     <!-- radius       --> 273.79691
                  </VMeshRef>
               </VMeshPart>
            </Level0>
         </MultiLevel>
      </bh_bs1_nose_lod1.3db>
      <bh_bs1_nosel_lod1.3db>
         <MultiLevel>
            <Level0>
               <VMeshPart>
                  <VMeshRef type="VMeshRef">
                     <!-- header size  --> 60,
                     <!-- vmesh lib    --> bh_bs1_root.lod0.vms,
                     <!-- start vert   --> 5826,
                     <!-- num verts    --> 48,
                     <!-- start index  --> 15366,
                     <!-- num indices  --> 144,
                     <!-- start mesh   --> 12,
                     <!-- num meshes   --> 1,
                     <!-- bounding box -->  45.600826,      65.750534,    203.58696,
                                           -45.608646,     -66.705605,   -181.77495,
                     <!-- center       -->  -0.0039100647,  -0.47753525,   10.906006,
                     <!-- radius       --> 273.79691
                  </VMeshRef>
               </VMeshPart>
            </Level0>
         </MultiLevel>
      </bh_bs1_nosel_lod1.3db>
      <bh_bs1_mid_lod1.3db>
         <MultiLevel>
            <Level0>
               <VMeshPart>
                  <VMeshRef type="VMeshRef">
                     <!-- header size  --> 60,
                     <!-- vmesh lib    --> bh_bs1_root.lod0.vms,
                     <!-- start vert   --> 5874,
                     <!-- num verts    --> 48,
                     <!-- start index  --> 15510,
                     <!-- num indices  --> 108,
                     <!-- start mesh   --> 13,
                     <!-- num meshes   --> 1,
                     <!-- bounding box -->  45.600826,      65.750534,    203.58696,
                                           -45.608646,     -66.705605,   -181.77495,
                     <!-- center       -->  -0.0039100647,  -0.47753525,   10.906006,
                     <!-- radius       --> 273.79691
                  </VMeshRef>
               </VMeshPart>
            </Level0>
         </MultiLevel>
      </bh_bs1_mid_lod1.3db>
      <bh_bs1_aft_lod1.3db>
         <MultiLevel>
            <Level0>
               <VMeshPart>
                  <VMeshRef type="VMeshRef">
                     <!-- header size  --> 60,
                     <!-- vmesh lib    --> bh_bs1_root.lod0.vms,
                     <!-- start vert   --> 5922,
                     <!-- num verts    --> 42,
                     <!-- start index  --> 15618,
                     <!-- num indices  --> 96,
                     <!-- start mesh   --> 14,
                     <!-- num meshes   --> 1,
                     <!-- bounding box -->  45.600826,      65.750534,    203.58696,
                                           -45.608646,     -66.705605,   -181.77495,
                     <!-- center       -->  -0.0039100647,  -0.47753525,   10.906006,
                     <!-- radius       --> 273.79691
                  </VMeshRef>
               </VMeshPart>
            </Level0>
         </MultiLevel>
         <Hardpoints>
            <Fixed>
               <HpNew01>
                  <Orientation type="Matrix">
                       1.0000000000,   0.0000000000,   0.0000000000,
                       0.0000000000,   1.0000000000,   0.0000000000,
                       0.0000000000,   0.0000000000,   1.0000000000
                  </Orientation>
                  <Position type="Vector">0, 0, 0</Position>
               </HpNew01>
               <HpNew02>
                  <Orientation type="Matrix">
                       1.0000000000,   0.0000000000,   0.0000000000,
                       0.0000000000,   1.0000000000,   0.0000000000,
                       0.0000000000,   0.0000000000,   1.0000000000
                  </Orientation>
                  <Position type="Vector">0, 0, 0</Position>
               </HpNew02>
               <HpNew03>
                  <Orientation type="Matrix">
                       1.0000000000,   0.0000000000,   0.0000000000,
