<?xml version="1.0" encoding="ISO-8859-1"?>
<!-- XML generated by UTFXML Version 2.2 built 19-Aug-2010 -->
<UTFXML filename="li_elite2.cmp" path="SHIPS\LIBERTY\LI_ELITE2">
   <UTF_ROOT>
      <VMeshLibrary>
         <data.ships.liberty.li_elite2.li_elite2.lod0-112.vms include="li_elite2_cmp\lod0-112.vms.xml"/>
         <data.ships.liberty.li_elite2.li_elite2.lod1-112.vms include="li_elite2_cmp\lod1-112.vms.xml"/>
         <data.ships.liberty.li_elite2.li_elite2.lod2-112.vms include="li_elite2_cmp\lod2-112.vms.xml"/>
      </VMeshLibrary>
      <Cmpnd>
         <Cons>
            <Fix type="Fix" count="6">
               <part>
                  <!-- parent      --> "Root",
                  <!-- child       --> "Li_Engine02_lod1",
                  <!-- position    --> -0.040044338, -1.5868733, 7.2214255,
                  <!-- orientation -->   1.0000000000,  959.82153e-24, -4.0895809e-21,
                                       -959.82133e-24,   1.0000000000,  59.604588e-09,
                                        4.0895809e-21, -59.604588e-09,   1.0000000000
               </part>
               <part>
                  <!-- parent      --> "Root",
                  <!-- child       --> "Li_Engine01_lod1",
                  <!-- position    --> -0.042000711, 0.36799759, 8.154,
                  <!-- orientation -->   1.0000000000,  3.3317373e-21,  7.1054231e-15,
                                       -3.7552538e-21,   1.0000000000,  59.604673e-09,
                                       -7.1054231e-15, -59.604673e-09,   1.0000000000
               </part>
               <part>
                  <!-- parent      --> "Root",
                  <!-- child       --> "Li_glass_lod1",
                  <!-- position    --> -0.040092055, -280.70855e-9, -4.7095079,
                  <!-- orientation -->   1.0000000000,  3.3317373e-21,  7.1054231e-15,
                                       -3.7552538e-21,   1.0000000000,  59.604673e-09,
                                       -7.1054231e-15, -59.604673e-09,   1.0000000000
               </part>
               <part>
                  <!-- parent      --> "Root",
                  <!-- child       --> "Li_port_wing_lod1",
                  <!-- position    --> -1.704, -0.82299972, -396.87339e-9,
                  <!-- orientation -->   0.8530978000,  -0.3838620500,  -0.3533752300,
                                         0.3548651600,   0.9233902700,  -0.1463594400,
                                         0.3824850900, -541.63858e-06,   0.9239615200
               </part>
               <part>
                  <!-- parent      --> "Root",
                  <!-- child       --> "Li_star_wing_lod1",
                  <!-- position    --> 1.6899126, -0.82299954, -411.25776e-9,
                  <!-- orientation -->   0.8535502000,   0.3826851200,   0.3535593200,
                                        -0.3535562800,   0.9238788500,  -0.1464440800,
                                        -0.3826879600, -5.7395341e-06,   0.9238776600
               </part>
               <part>
                  <!-- parent      --> "Root",
                  <!-- child       --> "Li_Spoiler_lod1",
                  <!-- position    --> -0.050420433, 1.8149714, 5.4791417,
                  <!-- orientation -->   1.0000000000,  423.51647e-24, -3.4146016e-21,
                                       -423.51647e-24,   1.0000000000, -1.2705494e-21,
                                        3.4146016e-21,  1.2705494e-21,   1.0000000000
               </part>
            </Fix>
         </Cons>
         <Part_Li_Engine01_lod1>
            <File_name name="File name" type="text">Li_Engine01_lod1021107133350.3db</File_name>
            <Index type="int">2</Index>
            <Object_name name="Object name" type="text">Li_Engine01_lod1</Object_name>
         </Part_Li_Engine01_lod1>
         <Part_Li_Engine02_lod1>
            <File_name name="File name" type="text">Li_Engine02_lod1021107133350.3db</File_name>
            <Index type="int">1</Index>
            <Object_name name="Object name" type="text">Li_Engine02_lod1</Object_name>
         </Part_Li_Engine02_lod1>
         <Part_Li_glass_lod1>
            <File_name name="File name" type="text">Li_glass_lod1021107133350.3db</File_name>
            <Index type="int">3</Index>
            <Object_name name="Object name" type="text">Li_glass_lod1</Object_name>
         </Part_Li_glass_lod1>
         <Part_Li_port_wing_lod1>
            <File_name name="File name" type="text">Li_port_wing_lod1021107133350.3db</File_name>
            <Index type="int">4</Index>
            <Object_name name="Object name" type="text">Li_port_wing_lod1</Object_name>
         </Part_Li_port_wing_lod1>
         <Part_Li_Spoiler_lod1>
            <File_name name="File name" type="text">Li_Spoiler_lod1021107133350.3db</File_name>
            <Index type="int">6</Index>
            <Object_name name="Object name" type="text">Li_Spoiler_lod1</Object_name>
         </Part_Li_Spoiler_lod1>
         <Part_Li_star_wing_lod1>
            <File_name name="File name" type="text">Li_star_wing_lod1021107133350.3db</File_name>
            <Index type="int">5</Index>
            <Object_name name="Object name" type="text">Li_star_wing_lod1</Object_name>
         </Part_Li_star_wing_lod1>
         <Root>
            <File_name name="File name" type="text">Li_elite_lod1021107133350.3db</File_name>
            <Index type="int">0</Index>
            <Object_name name="Object name" type="text">Root</Object_name>
         </Root>
      </Cmpnd>
      <Exporter_Version name="Exporter Version" type="text">Nov  5 2002 11:41:55</Exporter_Version>
      <Li_elite_lod1021107133350.3db>
         <Hardpoints>
            <Fixed>
               <DpEngine01>
                  <Orientation type="Matrix">
                       1.0000000000, -22.351751e-09,  107.79035e-09,
                      22.351744e-09,   1.0000000000,  59.604673e-09,
                     -107.79035e-09, -59.604673e-09,   1.0000000000
                  </Orientation>
                  <Position type="Vector">-0.041273009, 0.28400785, 7.7391191</Position>
               </DpEngine01>
               <DpEngine02>
                  <Orientation type="Matrix">
                       1.0000000000, -22.351751e-09,  107.79035e-09,
                      22.351744e-09,   1.0000000000,  59.604673e-09,
                     -107.79035e-09, -59.604673e-09,   1.0000000000
                  </Orientation>
                  <Position type="Vector">-0.041273136, -1.6259828, 6.1634097</Position>
               </DpEngine02>
               <DpPortwing>
                  <Orientation type="Matrix">
                      71.595707e-09,  -0.3987489600,  -0.9170601400,
                     -79.006817e-09,   0.9170601400,  -0.3987489600,
                       1.0000000000,  101.00272e-09,  34.153679e-09
                  </Orientation>
                  <Position type="Vector">-2.5672622, -1.3759357, 3.5652304</Position>
               </DpPortwing>
               <DpSpoiler>
                  <Orientation type="Matrix">
                       1.0000000000,  21.359646e-09,  151.50177e-09,
                     -151.50177e-09,  104.74679e-09,   1.0000000000,
                      21.359631e-09,  -1.0000000000,  104.74679e-09
                  </Orientation>
                  <Position type="Vector">-0.041272987, 1.891524, 7.3062739</Position>
               </DpSpoiler>
               <DpStarboardwing>
                  <Orientation type="Matrix">
                     -208.07144e-09,   0.3987493200,   0.9170599600,
                      175.83282e-09,   0.9170599600,  -0.3987493200,
                      -1.0000000000,  78.280898e-09, -260.92721e-09
                  </Orientation>
                  <Position type="Vector">2.4881032, -1.3759357, 3.5652304</Position>
               </DpStarboardwing>
               <HpBayDoor01>
                  <Orientation type="Matrix">
                       1.0000000000,  423.51647e-24, -3.4146016e-21,
                     -423.51647e-24,   1.0000000000, -1.2705494e-21,
                      3.4146016e-21,  1.2705494e-21,   1.0000000000
                  </Orientation>
                  <Position type="Vector">-0.075126931, 1.7410384, 1.8628314</Position>
               </HpBayDoor01>
               <HpBayDoor02>
                  <Orientation type="Matrix">
                       1.0000000000,  423.51647e-24, -3.4146016e-21,
                     -423.51647e-24,   1.0000000000, -1.2705494e-21,
                      3.4146016e-21,  1.2705494e-21,   1.0000000000
                  </Orientation>
                  <Position type="Vector">-0.084837131, 3.3219595, 1.8628316</Position>
               </HpBayDoor02>
               <HpCloak01>
                  <Orientation type="Matrix">
                      -1.0000000000, -87.422777e-09, -10.658139e-15,
                      19.342329e-15, -343.16537e-09,   1.0000000000,
                     -87.422777e-09,   1.0000000000,  343.16537e-09
                  </Orientation>
                  <Position type="Vector">-113.08119e-9, -389.79513e-9, 1.3079352</Position>
               </HpCloak01>
               <HpCockpit>
                  <Orientation type="Matrix">
                       1.0000000000, -129.80944e-18, -4.0895809e-21,
                      129.80944e-18,   1.0000000000,  59.604616e-09,
                      4.0818439e-21, -59.604616e-09,   1.0000000000
                  </Orientation>
                  <Position type="Vector">-0.041951124, 159.70102e-9, -5.5003166</Position>
               </HpCockpit>
               <HpCockpitEx>
                  <Orientation type="Matrix">
                       1.0000000000, -129.80944e-18, -4.0895809e-21,
                      129.80944e-18,   1.0000000000,  59.604616e-09,
                      4.0818439e-21, -59.604616e-09,   1.0000000000
                  </Orientation>
                  <Position type="Vector">-0.094015583, 6.9999886, 34.499683</Position>
               </HpCockpitEx>
               <HpHeadlight>
                  <Orientation type="Matrix">
                       1.0000000000,  1.6993031e-15,  7.1054231e-15,
                     -1.6993035e-15,   1.0000000000,  59.604645e-09,
                     -7.1054231e-15, -59.604645e-09,   1.0000000000
                  </Orientation>
                  <Position type="Vector">-0.041950829, -0.47496101, -6.5466018</Position>
               </HpHeadlight>
               <HpMount>
                  <Orientation type="Matrix">
                       1.0000000000, -43.711381e-09, -43.711392e-09,
                      43.711378e-09,   1.0000000000, -59.604645e-09,
                      43.711395e-09,  59.604641e-09,   1.0000000000
                  </Orientation>
                  <Position type="Vector">-0.041951254, -4.5612884, 1.7121741</Position>
               </HpMount>
               <HpPilot>
                  <Orientation type="Matrix">
                       1.0000000000,  1.6639097e-15,  7.1054231e-15,
                     -1.6639101e-15,   1.0000000000,  59.604673e-09,
                     -7.1054231e-15, -59.604673e-09,   1.0000000000
                  </Orientation>
                  <Position type="Vector">-0.041950978, -0.22524309, -4.1553011</Position>
               </HpPilot>
               <HpRadar01>
                  <Orientation type="Matrix">
                       1.0000000000,  473.65320e-18, -4.0895809e-21,
                     -473.65320e-18,   1.0000000000,  59.604645e-09,
                      4.1178129e-21, -59.604645e-09,   1.0000000000
                  </Orientation>
                  <Position type="Vector">-0.041951474, 1.2796861, -0.59036773</Position>
               </HpRadar01>
               <HpRunningLight01>
                  <Orientation type="Matrix">
                       1.0000000000, -16.727626e-09,  3.3273362e-09,
                      16.727627e-09,   0.9238795000,  -0.3826834900,
                      3.3273284e-09,   0.3826834900,   0.9238795000
                  </Orientation>
                  <Position type="Vector">0.72569108, 1.7506907, -2.0916371</Position>
               </HpRunningLight01>
               <HpRunningLight02>
                  <Orientation type="Matrix">
                       1.0000000000, -16.727626e-09,  3.3273362e-09,
                      16.727627e-09,   0.9238795000,  -0.3826834900,
                      3.3273284e-09,   0.3826834900,   0.9238795000
                  </Orientation>
                  <Position type="Vector">-0.81436521, 1.7506907, -2.0916369</Position>
               </HpRunningLight02>
               <HpTractor_Source>
                  <Orientation type="Matrix">
                       1.0000000000,  1.6993031e-15,  7.1054231e-15,
                     -1.6993035e-15,   1.0000000000,  59.604645e-09,
                     -7.1054231e-15, -59.604645e-09,   1.0000000000
                  </Orientation>
                  <Position type="Vector">-0.041950829, -0.47496101, -6.5466018</Position>
               </HpTractor_Source>
            </Fixed>
            <Revolute>
               <HpTorpedo01>
                  <Axis type="Vector">0, 1, 0</Axis>
                  <Max type="float">0.78538001</Max>
                  <Min type="float">-0.7854</Min>
                  <Orientation type="Matrix">
                      -1.0000000000, -87.422755e-09, -174.84564e-09,
                      87.422833e-09,  -1.0000000000, -466.61060e-09,
                     -174.84560e-09, -466.61063e-09,   1.0000000000
                  </Orientation>
                  <Position type="Vector">-0.041822273, -1.1167359, -4.1635728</Position>
               </HpTorpedo01>
               <HpWeapon01>
                  <Axis type="Vector">0, 1, 0</Axis>
                  <Max type="float">0.78538001</Max>
                  <Min type="float">-0.7854</Min>
                  <Orientation type="Matrix">
                      -0.3826836000,   0.9238794400,  74.485705e-09,
                      -0.9238794400,  -0.3826836000, -369.85008e-09,
                     -313.19243e-09, -210.35137e-09,   1.0000000000
                  </Orientation>
                  <Position type="Vector">0.88996506, -0.42616421, -3.3514264</Position>
               </HpWeapon01>
               <HpWeapon02>
                  <Axis type="Vector">0, 1, 0</Axis>
                  <Max type="float">0.78538001</Max>
                  <Min type="float">-0.7854</Min>
                  <Orientation type="Matrix">
                      -0.3826825900,  -0.9238798600, -196.78359e-09,
                       0.9238798600,  -0.3826825900, -187.60706e-09,
                      98.020728e-09, -253.59836e-09,   1.0000000000
                  </Orientation>
                  <Position type="Vector">-0.96822023, -0.43659952, -3.3514268</Position>
               </HpWeapon02>
               <HpWeapon05>
                  <Axis type="Vector">0, 1, 0</Axis>
                  <Max type="float">0.78538001</Max>
                  <Min type="float">-0.7854</Min>
                  <Orientation type="Matrix">
                       1.0000000000,  238.41858e-09, -174.84567e-09,
                     -238.41866e-09,   1.0000000000, -466.61060e-09,
                      174.84555e-09,  466.61063e-09,   1.0000000000
                  </Orientation>
                  <Position type="Vector">-0.042049527, 1.4298908, -3.3770859</Position>
               </HpWeapon05>
            </Revolute>
         </Hardpoints>
         <VMeshWire include="li_elite2_cmp\Li_elite_lod1.vwd.xml"/>
         <MultiLevel>
            <Level0>
               <VMeshPart>
                  <VMeshRef type="VMeshRef">
                     <!-- header size  --> 60,
                     <!-- vmesh lib    --> data.ships.liberty.li_elite2.li_elite2.lod0-112.vms,
                     <!-- start vert   --> 0,
                     <!-- num verts    --> 1620,
                     <!-- start index  --> 0,
                     <!-- num indices  --> 2502,
                     <!-- start mesh   --> 0,
                     <!-- num meshes   --> 6,
                     <!-- bounding box -->  2.7781868,    1.7370774,    7.7409835,
                                           -2.8577185,   -1.905158,    -6.3162026,
                     <!-- center       --> -0.069934145, -0.070484042,  0.87997425,
                     <!-- radius       --> 7.214448
                  </VMeshRef>
               </VMeshPart>
            </Level0>
            <Level1>
               <VMeshPart>
                  <VMeshRef type="VMeshRef">
                     <!-- header size  --> 60,
                     <!-- vmesh lib    --> data.ships.liberty.li_elite2.li_elite2.lod1-112.vms,
                     <!-- start vert   --> 0,
                     <!-- num verts    --> 739,
                     <!-- start index  --> 0,
                     <!-- num indices  --> 1332,
                     <!-- start mesh   --> 0,
                     <!-- num meshes   --> 2,
                     <!-- bounding box -->  2.7781868,    1.7370774,    7.7409835,
                                           -2.8577185,   -1.905158,    -6.3162026,
                     <!-- center       --> -0.069934145, -0.070484042,  0.87997425,
                     <!-- radius       --> 7.214448
                  </VMeshRef>
               </VMeshPart>
            </Level1>
            <Level2>
               <VMeshPart>
                  <VMeshRef type="VMeshRef">
                     <!-- header size  --> 60,
                     <!-- vmesh lib    --> data.ships.liberty.li_elite2.li_elite2.lod2-112.vms,
                     <!-- start vert   --> 0,
                     <!-- num verts    --> 217,
                     <!-- start index  --> 0,
                     <!-- num indices  --> 417,
                     <!-- start mesh   --> 0,
                     <!-- num meshes   --> 1,
                     <!-- bounding box -->  2.7781868,    1.7370774,    7.7409835,
                                           -2.8577185,   -1.905158,    -6.3162026,
                     <!-- center       --> -0.069934145, -0.070484042,  0.87997425,
                     <!-- radius       --> 7.214448
                  </VMeshRef>
               </VMeshPart>
            </Level2>
            <Switch2 type="float array" count="4">
               0,
               100,
               1000,
               1000000
            </Switch2>
         </MultiLevel>
      </Li_elite_lod1021107133350.3db>
      <Li_Engine01_lod1021107133350.3db>
         <Hardpoints>
            <Fixed>
               <HpEngine01>
                  <Orientation type="Matrix">
                       1.0000000000,  1.3026986e-15, -4.0895809e-21,
                     -1.3026986e-15,   1.0000000000, -28.421713e-15,
                      4.0895809e-21,  28.421713e-15,   1.0000000000
                  </Orientation>
                  <Position type="Vector">-412.75562e-6, -0.053051524, -0.0047329767</Position>
               </HpEngine01>
               <HpEngineGlow>
                  <Orientation type="Matrix">
                       1.0000000000,  1.3026986e-15, -4.0895809e-21,
                     -1.3026986e-15,   1.0000000000, -28.421713e-15,
                      4.0895809e-21,  28.421713e-15,   1.0000000000
                  </Orientation>
                  <Position type="Vector">-412.75591e-6, -1.1784873, 3.0241954</Position>
               </HpEngineGlow>
               <HpThruster01>
                  <Orientation type="Matrix">
                      -0.9998476500,  -0.0174524580,  -0.0000000000,
                       0.0174524580,  -0.9998476500,   0.0000000000,
                       0.0000000000,  -0.0000000000,   1.0000000000
                  </Orientation>
                  <Position type="Vector">0, -1.162176, -0.098746002</Position>
               </HpThruster01>
               <HpNew01>
                  <Orientation type="Matrix">
                       1.0000000000,   0.0000000000,   0.0000000000,
                       0.0000000000,   1.0000000000,   0.0000000000,
                       0.0000000000,   0.0000000000,   1.0000000000
                  </Orientation>
                  <Position type="Vector">0, 0, -5</Position>
               </HpNew01>
               <HpNew02>
                  <Orientation type="Matrix">
                       1.0000000000,   0.0000000000,   0.0000000000,
                       0.0000000000,   1.0000000000,   0.0000000000,
                       0.0000000000,   0.0000000000,   1.0000000000
                  </Orientation>
                  <Position type="Vector">0, 0, -5</Position>
               </HpNew02>
               <HpNew03>
                  <Orientation type="Matrix">
                       1.0000000000,   0.0000000000,   0.0000000000,
                       0.0000000000,   1.0000000000,   0.0000000000,
                       0.0000000000,   0.0000000000,   1.0000000000
                  </Orientation>
                  <Position type="Vector">0, 0, -5</Position>
               </HpNew03>
            </Fixed>
         </Hardpoints>
         <VMeshWire include="li_elite2_cmp\Li_Engine01_lod1.vwd.xml"/>
         <MultiLevel>
            <Level0>
               <VMeshPart>
                  <VMeshRef type="VMeshRef">
                     <!-- header size  --> 60,
                     <!-- vmesh lib    --> data.ships.liberty.li_elite2.li_elite2.lod0-112.vms,
                     <!-- start vert   --> 1739,
                     <!-- num verts    --> 120,
                     <!-- start index  --> 2694,
                     <!-- num indices  --> 120,
                     <!-- start mesh   --> 8,
                     <!-- num meshes   --> 2,
                     <!-- bounding box -->  1.1781178,    1.163223,     0.41732183,
                                           -1.1589744,   -1.1623936,   -0.41821361,
                     <!-- center       --> -0.044615813,  0.090193734, -0.017017836,
                     <!-- radius       --> 1.3811922
                  </VMeshRef>
               </VMeshPart>
            </Level0>
            <Level1>
               <VMeshPart>
                  <VMeshRef type="VMeshRef">
                     <!-- header size  --> 60,
                     <!-- vmesh lib    --> data.ships.liberty.li_elite2.li_elite2.lod1-112.vms,
                     <!-- start vert   --> 821,
                     <!-- num verts    --> 120,
                     <!-- start index  --> 1458,
                     <!-- num indices  --> 120,
                     <!-- start mesh   --> 5,
                     <!-- num meshes   --> 2,
                     <!-- bounding box -->  1.1781178,    1.163223,     0.41732183,
                                           -1.1589744,   -1.1623936,   -0.41821361,
                     <!-- center       --> -0.044615813,  0.090193734, -0.017017836,
                     <!-- radius       --> 1.3811922
                  </VMeshRef>
               </VMeshPart>
            </Level1>
            <Level2>
               <VMeshPart>
                  <VMeshRef type="VMeshRef">
                     <!-- header size  --> 60,
                     <!-- vmesh lib    --> data.ships.liberty.li_elite2.li_elite2.lod2-112.vms,
                     <!-- start vert   --> 234,
                     <!-- num verts    --> 23,
                     <!-- start index  --> 450,
                     <!-- num indices  --> 54,
                     <!-- start mesh   --> 2,
                     <!-- num meshes   --> 1,
                     <!-- bounding box -->  1.1781178,    1.163223,     0.41732183,
                                           -1.1589744,   -1.1623936,   -0.41821361,
                     <!-- center       --> -0.044615813,  0.090193734, -0.017017836,
                     <!-- radius       --> 1.3811922
                  </VMeshRef>
               </VMeshPart>
            </Level2>
            <Switch2 type="float array" count="4">
               0,
               100,
               1000,
               1000000
            </Switch2>
         </MultiLevel>
      </Li_Engine01_lod1021107133350.3db>
      <Li_Engine02_lod1021107133350.3db>
         <Hardpoints>
            <Fixed>
               <HpEngine02>
                  <Orientation type="Matrix">
                       1.0000000000,  473.65913e-18, -7.1054316e-15,
                     -473.65913e-18,   1.0000000000,  56.843415e-15,
                      7.1054316e-15, -56.843415e-15,   1.0000000000
                  </Orientation>
                  <Position type="Vector">-462.32541e-6, -0.039226376, 0.0027359833</Position>
               </HpEngine02>
            </Fixed>
            <Revolute>
               <HpTurret02>
                  <Axis type="Vector">0, 1, 0</Axis>
                  <Max type="float">3.1415927</Max>
                  <Min type="float">-3.1415927</Min>
                  <Orientation type="Matrix">
                       1.0000000000,   0.0000000000,  -0.0000000000,
                      -0.0000000000,  -1.0000000000, -87.422777e-09,
                       0.0000000000,  87.422777e-09,  -1.0000000000
                  </Orientation>
                  <Position type="Vector">0, -0.78040802, -0.69042599</Position>
               </HpTurret02>
            </Revolute>
         </Hardpoints>
         <VMeshWire include="li_elite2_cmp\Li_Engine02_lod1.vwd.xml"/>
         <MultiLevel>
            <Level0>
               <VMeshPart>
                  <VMeshRef type="VMeshRef">
                     <!-- header size  --> 60,
                     <!-- vmesh lib    --> data.ships.liberty.li_elite2.li_elite2.lod0-112.vms,
                     <!-- start vert   --> 1859,
                     <!-- num verts    --> 180,
                     <!-- start index  --> 2814,
                     <!-- num indices  --> 180,
                     <!-- start mesh   --> 10,
                     <!-- num meshes   --> 2,
                     <!-- bounding box -->  0.77788877,   0.7804085,    0.28084701,
                                           -0.77777338,  -0.78040791,  -2.0906551,
                     <!-- center       -->  0.029474894,  0.060553536, -0.93442553,
                     <!-- radius       --> 1.4303571
                  </VMeshRef>
               </VMeshPart>
            </Level0>
            <Level1>
               <VMeshPart>
                  <VMeshRef type="VMeshRef">
                     <!-- header size  --> 60,
                     <!-- vmesh lib    --> data.ships.liberty.li_elite2.li_elite2.lod1-112.vms,
                     <!-- start vert   --> 941,
                     <!-- num verts    --> 126,
                     <!-- start index  --> 1578,
                     <!-- num indices  --> 126,
                     <!-- start mesh   --> 7,
                     <!-- num meshes   --> 2,
                     <!-- bounding box -->  0.77788877,   0.7804085,    0.28084701,
                                           -0.77777338,  -0.78040791,  -2.0906551,
                     <!-- center       -->  0.029474894,  0.060553536, -0.93442553,
                     <!-- radius       --> 1.4303571
                  </VMeshRef>
               </VMeshPart>
            </Level1>
            <Level2>
               <VMeshPart>
                  <VMeshRef type="VMeshRef">
                     <!-- header size  --> 60,
                     <!-- vmesh lib    --> data.ships.liberty.li_elite2.li_elite2.lod2-112.vms,
                     <!-- start vert   --> 257,
                     <!-- num verts    --> 90,
                     <!-- start index  --> 504,
                     <!-- num indices  --> 90,
                     <!-- start mesh   --> 3,
                     <!-- num meshes   --> 2,
                     <!-- bounding box -->  0.77788877,   0.7804085,    0.28084701,
                                           -0.77777338,  -0.78040791,  -2.0906551,
                     <!-- center       -->  0.029474894,  0.060553536, -0.93442553,
                     <!-- radius       --> 1.4303571
                  </VMeshRef>
               </VMeshPart>
            </Level2>
            <Switch2 type="float array" count="4">
               0,
               100,
               1000,
               1000000
            </Switch2>
         </MultiLevel>
      </Li_Engine02_lod1021107133350.3db>
      <Li_glass_lod1021107133350.3db>
         <VMeshWire include="li_elite2_cmp\Li_glass_lod1.vwd.xml"/>
         <MultiLevel>
            <Level0>
               <VMeshPart>
                  <VMeshRef type="VMeshRef">
                     <!-- header size  --> 60,
                     <!-- vmesh lib    --> data.ships.liberty.li_elite2.li_elite2.lod0-112.vms,
                     <!-- start vert   --> 2336,
                     <!-- num verts    --> 164,
                     <!-- start index  --> 3384,
                     <!-- num indices  --> 315,
                     <!-- start mesh   --> 16,
                     <!-- num meshes   --> 1,
                     <!-- bounding box -->  0.98227942,   0.99065489,  1.5350828,
                                           -0.98530161,  -0.73204947, -1.7677618,
                     <!-- center       -->  0.055952925,  0.20163506,  0.017936781,
                     <!-- radius       --> 1.8876394
                  </VMeshRef>
               </VMeshPart>
            </Level0>
            <Level1>
               <VMeshPart>
                  <VMeshRef type="VMeshRef">
                     <!-- header size  --> 60,
                     <!-- vmesh lib    --> data.ships.liberty.li_elite2.li_elite2.lod1-112.vms,
                     <!-- start vert   --> 1233,
                     <!-- num verts    --> 67,
                     <!-- start index  --> 1920,
                     <!-- num indices  --> 165,
                     <!-- start mesh   --> 13,
                     <!-- num meshes   --> 1,
                     <!-- bounding box -->  0.98227942,   0.99065489,  1.5350828,
                                           -0.98530161,  -0.73204947, -1.7677618,
                     <!-- center       -->  0.055952925,  0.20163506,  0.017936781,
                     <!-- radius       --> 1.8876394
                  </VMeshRef>
               </VMeshPart>
            </Level1>
            <Level2>
               <VMeshPart>
                  <VMeshRef type="VMeshRef">
                     <!-- header size  --> 60,
                     <!-- vmesh lib    --> data.ships.liberty.li_elite2.li_elite2.lod2-112.vms,
                     <!-- start vert   --> 412,
                     <!-- num verts    --> 21,
                     <!-- start index  --> 675,
                     <!-- num indices  --> 75,
                     <!-- start mesh   --> 7,
                     <!-- num meshes   --> 1,
                     <!-- bounding box -->  0.98227942,   0.99065489,  1.5350828,
                                           -0.98530161,  -0.73204947, -1.7677618,
                     <!-- center       -->  0.055952925,  0.20163506,  0.017936781,
                     <!-- radius       --> 1.8876394
                  </VMeshRef>
               </VMeshPart>
            </Level2>
            <Switch2 type="float array" count="4">
               0,
               100,
               1000,
               1000000
            </Switch2>
         </MultiLevel>
      </Li_glass_lod1021107133350.3db>
      <Li_port_wing_lod1021107133350.3db>
         <Hardpoints>
            <Fixed>
               <HpContrail02>
                  <Orientation type="Matrix">
                       0.8530979200,   0.3548652800,   0.3824847000,
                      -0.3838619900,   0.9233903300, -541.91425e-06,
                      -0.3533749900,  -0.1463590300,   0.9239616400
                  </Orientation>
                  <Position type="Vector">-4.488924, -0.3329258, 4.2902136</Position>
               </HpContrail02>
               <HpDocklight02>
                  <Orientation type="Matrix">
                      -0.2285349400,   0.3548653400,   0.9065552400,
                      -0.0661233290,   0.9233902700,  -0.3781244500,
                      -0.9712875500,  -0.1463591000,  -0.1875620600
                  </Orientation>
                  <Position type="Vector">-5.6058493, -0.33134347, 1.5920784</Position>
               </HpDocklight02>
            </Fixed>
            <Revolute>
               <HpWeapon04>
                  <Axis type="Vector">0, 1, 0</Axis>
                  <Max type="float">0.78538001</Max>
                  <Min type="float">-0.2618</Min>
                  <Orientation type="Matrix">
                       0.8530986300,   0.3548615900,   0.3824865500,
                      -0.3838617500,   0.9233904500, -532.94509e-06,
                      -0.3533735300,  -0.1463673000,   0.9239609200
                  </Orientation>
                  <Position type="Vector">-1.2921873, 0.38538006, 5.9307952</Position>
               </HpWeapon04>
               <HpWeapon06>
                  <Axis type="Vector">0, 1, 0</Axis>
                  <Max type="float">0.78539819</Max>
                  <Min type="float">-0.78539819</Min>
                  <Orientation type="Matrix">
                       0.9646020500,  -0.0523359590,   0.2584643400,
                       0.0505526550,   0.9986295100,   0.0135455430,
                      -0.2588190400, -465.66129e-12,   0.9659258100
                  </Orientation>
                  <Position type="Vector">-4.6181631, -0.185013, 1.5673</Position>
               </HpWeapon06>
            </Revolute>
         </Hardpoints>
         <VMeshWire include="li_elite2_cmp\Li_port_wing_lod1.vwd.xml"/>
         <MultiLevel>
            <Level0>
               <VMeshPart>
                  <VMeshRef type="VMeshRef">
                     <!-- header size  --> 60,
                     <!-- vmesh lib    --> data.ships.liberty.li_elite2.li_elite2.lod0-112.vms,
                     <!-- start vert   --> 2039,
                     <!-- num verts    --> 119,
                     <!-- start index  --> 2994,
                     <!-- num indices  --> 192,
                     <!-- start mesh   --> 12,
                     <!-- num meshes   --> 2,
                     <!-- bounding box -->  1.6311697,  0.4815768,    6.4246702,
                                           -5.4321065, -0.52644444,  -0.16097231,
                     <!-- center       --> -1.5164596, -0.093830407,  3.377948,
                     <!-- radius       --> 4.3605022
                  </VMeshRef>
               </VMeshPart>
            </Level0>
            <Level1>
               <VMeshPart>
                  <VMeshRef type="VMeshRef">
                     <!-- header size  --> 60,
                     <!-- vmesh lib    --> data.ships.liberty.li_elite2.li_elite2.lod1-112.vms,
                     <!-- start vert   --> 1067,
                     <!-- num verts    --> 76,
                     <!-- start index  --> 1704,
                     <!-- num indices  --> 126,
                     <!-- start mesh   --> 9,
                     <!-- num meshes   --> 3,
                     <!-- bounding box -->  1.6311697,  0.4815768,    6.4246702,
                                           -5.4321065, -0.52644444,  -0.16097231,
                     <!-- center       --> -1.5164596, -0.093830407,  3.377948,
                     <!-- radius       --> 4.3605022
                  </VMeshRef>
               </VMeshPart>
            </Level1>
            <Level2>
               <VMeshPart>
                  <VMeshRef type="VMeshRef">
                     <!-- header size  --> 60,
                     <!-- vmesh lib    --> data.ships.liberty.li_elite2.li_elite2.lod2-112.vms,
                     <!-- start vert   --> 347,
                     <!-- num verts    --> 17,
                     <!-- start index  --> 594,
                     <!-- num indices  --> 33,
                     <!-- start mesh   --> 5,
                     <!-- num meshes   --> 1,
                     <!-- bounding box -->  1.6311697,  0.4815768,    6.4246702,
                                           -5.4321065, -0.52644444,  -0.16097231,
                     <!-- center       --> -1.5164596, -0.093830407,  3.377948,
                     <!-- radius       --> 4.3605022
                  </VMeshRef>
               </VMeshPart>
            </Level2>
            <Switch2 type="float array" count="4">
               0,
               100,
               1000,
               1000000
            </Switch2>
         </MultiLevel>
      </Li_port_wing_lod1021107133350.3db>
      <Li_Spoiler_lod1021107133350.3db>
         <Hardpoints>
            <Fixed>
               <HpCM01>
                  <Orientation type="Matrix">
                     -12.326584e-09,   1.0000000000,  238.42691e-09,
                      -1.0000000000, -12.326558e-09, -110.44408e-09,
                     -110.44408e-09, -238.42691e-09,   1.0000000000
                  </Orientation>
                  <Position type="Vector">0.54471904, 0.47702157, 2.1377184</Position>
               </HpCM01>
               <HpMine01>
                  <Orientation type="Matrix">
                     -434.62300e-12,  -1.0000000000, -238.38611e-09,
                       1.0000000000, -434.59708e-12, -108.76740e-09,
                      108.76740e-09, -238.38611e-09,   1.0000000000
                  </Orientation>
                  <Position type="Vector">-0.51968604, 0.47593582, 2.1367528</Position>
               </HpMine01>
               <HpRunningLight03>
                  <Orientation type="Matrix">
                       1.0000000000, -19.815402e-15,  87.422791e-09,
                     -19.815402e-15,  -1.0000000000,   0.0000000000,
                      87.422791e-09, -1.7323177e-21,  -1.0000000000
                  </Orientation>
                  <Position type="Vector">-0.37761003, 4.4676208, 1.7739486</Position>
               </HpRunningLight03>
               <HpRunningLight04>
                  <Orientation type="Matrix">
                       1.0000000000, -19.815402e-15,  87.422791e-09,
                     -19.815402e-15,  -1.0000000000,   0.0000000000,
                      87.422791e-09, -1.7323177e-21,  -1.0000000000
                  </Orientation>
                  <Position type="Vector">0.39252627, 4.4676208, 1.7739482</Position>
               </HpRunningLight04>
               <HpShield01>
                  <Orientation type="Matrix">
                       1.0000000000, -42.503650e-09,  53.915603e-09,
                      42.503640e-09,  -0.2334451800,  -0.9723699700,
                      53.915610e-09,   0.9723699700,  -0.2334451800
                  </Orientation>
                  <Position type="Vector">0.010509375, 2.335768, 3.3950794</Position>
               </HpShield01>
            </Fixed>
            <Revolute>
               <HpTurret01>
                  <Axis type="Vector">0, 1, 0</Axis>
                  <Max type="float">6.2831855</Max>
                  <Min type="float">-6.2831855</Min>
                  <Orientation type="Matrix">
                       1.0000000000,  1.3026978e-15,  7.1054231e-15,
                     -1.3026982e-15,   1.0000000000,  59.604616e-09,
                     -7.1054231e-15, -59.604616e-09,   1.0000000000
                  </Orientation>
                  <Position type="Vector">0.0080823367, 4.4650283, 1.780849</Position>
               </HpTurret01>
            </Revolute>
         </Hardpoints>
         <VMeshWire include="li_elite2_cmp\Li_Spoiler_lod1.vwd.xml"/>
         <MultiLevel>
            <Level0>
               <VMeshPart>
                  <VMeshRef type="VMeshRef">
                     <!-- header size  --> 60,
                     <!-- vmesh lib    --> data.ships.liberty.li_elite2.li_elite2.lod0-112.vms,
                     <!-- start vert   --> 2158,
