<?xml version="1.0" encoding="ISO-8859-1"?>
<!-- XML generated by UTFXML Version 2.2 built 19-Aug-2010 -->
<UTFXML filename="cv_startracker.cmp" path="SHIPS\CIVILIAN\CV_STARTRACKER">
   <UTF_ROOT>
      <VMeshLibrary>
         <data.ships.civilian.cv_startracker.cv_startracker.lod0-112.vms include="cv_startracker_cmp\lod0-112.vms.xml"/>
         <data.ships.civilian.cv_startracker.cv_startracker.lod1-112.vms include="cv_startracker_cmp\lod1-112.vms.xml"/>
         <data.ships.civilian.cv_startracker.cv_startracker.lod2-112.vms include="cv_startracker_cmp\lod2-112.vms.xml"/>
         <data.ships.civilian.cv_startracker.cv_startracker.lod3-112.vms include="cv_startracker_cmp\lod3-112.vms.xml"/>
         <data.ships.civilian.cv_startracker.cv_startracker.lod4-112.vms include="cv_startracker_cmp\lod4-112.vms.xml"/>
      </VMeshLibrary>
      <Exporter_Version name="Exporter Version" type="text">Aug 24 2002 12:33:14</Exporter_Version>
      <Cmpnd>
         <Root>
            <Object_name name="Object name" type="text">Root</Object_name>
            <File_name name="File name" type="text">cv_startracker_lod1020929162518.3db</File_name>
            <Index type="int">0</Index>
         </Root>
         <Part_engine_lod1>
            <Object_name name="Object name" type="text">engine_lod1</Object_name>
            <File_name name="File name" type="text">engine_lod1020929162518.3db</File_name>
            <Index type="int">1</Index>
         </Part_engine_lod1>
         <Part_port_wing_lod1>
            <Object_name name="Object name" type="text">port_wing_lod1</Object_name>
            <File_name name="File name" type="text">port_wing_lod1020929162518.3db</File_name>
            <Index type="int">2</Index>
         </Part_port_wing_lod1>
         <Part_star_wing_lod1>
            <Object_name name="Object name" type="text">star_wing_lod1</Object_name>
            <File_name name="File name" type="text">star_wing_lod1020929162518.3db</File_name>
            <Index type="int">3</Index>
         </Part_star_wing_lod1>
         <Part_mid_wing_lod1>
            <Object_name name="Object name" type="text">mid_wing_lod1</Object_name>
            <File_name name="File name" type="text">mid_wing_lod1020929162518.3db</File_name>
            <Index type="int">4</Index>
         </Part_mid_wing_lod1>
         <Part_baydoor01_lod1>
            <Object_name name="Object name" type="text">baydoor01_lod1</Object_name>
            <File_name name="File name" type="text">baydoor01_lod1020929162518.3db</File_name>
            <Index type="int">5</Index>
         </Part_baydoor01_lod1>
         <Part_baydoor02_lod1>
            <Object_name name="Object name" type="text">baydoor02_lod1</Object_name>
            <File_name name="File name" type="text">baydoor02_lod1020929162518.3db</File_name>
            <Index type="int">6</Index>
         </Part_baydoor02_lod1>
         <Part_glass_lod1>
            <Object_name name="Object name" type="text">glass_lod1</Object_name>
            <File_name name="File name" type="text">glass_lod1020929162518.3db</File_name>
            <Index type="int">7</Index>
         </Part_glass_lod1>
         <Cons>
            <Fix type="Fix" count="5">
               <part>
                  <!-- parent      --> "Root",
                  <!-- child       --> "engine_lod1",
                  <!-- position    --> -535.0733e-9, 1.0256314, 9.1918802,
                  <!-- orientation -->   1.0000000000, -947.31191e-18,  947.31170e-18,
                                        947.31191e-18,   1.0000000000,  1.9106857e-15,
                                       -947.31170e-18, -1.9106857e-15,   1.0000000000
               </part>
               <part>
                  <!-- parent      --> "Root",
                  <!-- child       --> "port_wing_lod1",
                  <!-- position    --> -3.2212951, 2.4315968, 6.088048,
                  <!-- orientation -->   1.0000000000, -947.31191e-18,  947.31170e-18,
                                        947.31191e-18,   1.0000000000,  1.9106857e-15,
                                       -947.31170e-18, -1.9106857e-15,   1.0000000000
               </part>
               <part>
                  <!-- parent      --> "Root",
                  <!-- child       --> "star_wing_lod1",
                  <!-- position    --> 3.2212763, 2.431597, 6.0880485,
                  <!-- orientation -->   1.0000000000, -947.31191e-18,  947.31170e-18,
                                        947.31191e-18,   1.0000000000,  1.9106857e-15,
                                       -947.31170e-18, -1.9106857e-15,   1.0000000000
               </part>
               <part>
                  <!-- parent      --> "Root",
                  <!-- child       --> "mid_wing_lod1",
                  <!-- position    --> -1.8838912, -1.9706935, 3.6615481,
                  <!-- orientation -->   1.0000000000,  1.6580905e-15, -1.6580909e-15,
                                       -1.6580904e-15,   1.0000000000,  59.604659e-09,
                                        1.6580910e-15, -59.604659e-09,   1.0000000000
               </part>
               <part>
                  <!-- parent      --> "Root",
                  <!-- child       --> "glass_lod1",
                  <!-- position    --> -1.896503e-6, -0.3901667, -1.7669952,
                  <!-- orientation -->   1.0000000000,  710.77859e-18, -7.8162066e-15,
                                       -710.77764e-18,   1.0000000000,  119.20930e-09,
                                        7.8162066e-15, -119.20930e-09,   1.0000000000
               </part>
            </Fix>
            <Rev type="Rev" count="2">
               <part>
                  <!-- parent      --> "Root",
                  <!-- child       --> "baydoor01_lod1",
                  <!-- position    --> -0.7336629, 1.9880295, 3.578124,
                  <!-- offset      --> 0, 0, 0,
                  <!-- orientation -->   1.0000000000,  43.711402e-09, -43.711406e-09,
                                        43.711402e-09,  59.604641e-09,   1.0000000000,
                                        43.711406e-09,  -1.0000000000,  59.604638e-09,
                  <!-- axis        --> -160.08056e-09, -247.77819e-09,   1.0000000000,
                  <!-- min, max    --> 0, 2.2689357
               </part>
               <part>
                  <!-- parent      --> "Root",
                  <!-- child       --> "baydoor02_lod1",
                  <!-- position    --> 0.73364925, 1.9880296, 3.5781238,
                  <!-- offset      --> 0, 0, 0,
                  <!-- orientation -->   1.0000000000,  43.711406e-09, -43.711402e-09,
                                        43.711399e-09,  59.604641e-09,   1.0000000000,
                                        43.711410e-09,  -1.0000000000,  59.604638e-09,
                  <!-- axis        --> -64.158229e-09,  133.94566e-09,  -1.0000000000,
                  <!-- min, max    --> 0, 2.2863801
               </part>
            </Rev>
         </Cons>
      </Cmpnd>
      <Animation>
         <Script>
            <Sc_open_baydoor name="Sc_open baydoor">
               <Joint_map_0 name="Joint map 0">
                  <Parent_name name="Parent name" type="text">Root</Parent_name>
                  <Child_name name="Child name" type="text">baydoor01_lod1</Child_name>
                  <Channel>
                     <Header type="Header">
                        <!-- count    --> 2,
                        <!-- interval --> Explicit,
                        <!-- flags    --> 0x1
                     </Header>
                     <Frames type="Frames" count="2">
                          0.0000000000:   0.0000000000
                          2.1333334000:   2.2689357000
                     </Frames>
                  </Channel>
               </Joint_map_0>
               <Joint_map_1 name="Joint map 1">
                  <Parent_name name="Parent name" type="text">Root</Parent_name>
                  <Child_name name="Child name" type="text">baydoor02_lod1</Child_name>
                  <Channel>
                     <Header type="Header">
                        <!-- count    --> 2,
                        <!-- interval --> Explicit,
                        <!-- flags    --> 0x1
                     </Header>
                     <Frames type="Frames" count="2">
                          0.0000000000:   0.0000000000
                          2.1333334000:   2.2863801000
                     </Frames>
                  </Channel>
               </Joint_map_1>
            </Sc_open_baydoor>
         </Script>
      </Animation>
      <cv_startracker_lod1020929162518.3db>
         <VMeshWire include="cv_startracker_cmp\cv_startracker_lod1.vwd.xml"/>
         <MultiLevel>
            <Switch2 type="float array" count="6">
               0,
               100,
               1000,
               10000,
               100000,
               1000000
            </Switch2>
            <Level0>
               <VMeshPart>
                  <VMeshRef type="VMeshRef">
                     <!-- header size  --> 60,
                     <!-- vmesh lib    --> data.ships.civilian.cv_startracker.cv_startracker.lod0-112.vms,
                     <!-- start vert   --> 410,
                     <!-- num verts    --> 1732,
                     <!-- start index  --> 660,
                     <!-- num indices  --> 2046,
                     <!-- start mesh   --> 11,
                     <!-- num meshes   --> 9,
                     <!-- bounding box -->  2.242316,     2.0233493,   7.0778632,
                                           -2.2421894,   -3.9184453,  -4.233058,
                     <!-- center       --> -0.060814932, -0.90449339,  1.5487584,
                     <!-- radius       --> 6.2964463
                  </VMeshRef>
               </VMeshPart>
            </Level0>
            <Level1>
               <VMeshPart>
                  <VMeshRef type="VMeshRef">
                     <!-- header size  --> 60,
                     <!-- vmesh lib    --> data.ships.civilian.cv_startracker.cv_startracker.lod1-112.vms,
                     <!-- start vert   --> 193,
                     <!-- num verts    --> 954,
                     <!-- start index  --> 270,
                     <!-- num indices  --> 1092,
                     <!-- start mesh   --> 10,
                     <!-- num meshes   --> 9,
                     <!-- bounding box -->  2.242316,     2.0233493,   7.0778632,
                                           -2.2421894,   -3.9184453,  -4.233058,
                     <!-- center       --> -0.060814932, -0.90449339,  1.5487584,
                     <!-- radius       --> 6.2964463
                  </VMeshRef>
               </VMeshPart>
            </Level1>
            <Level2>
               <VMeshPart>
                  <VMeshRef type="VMeshRef">
                     <!-- header size  --> 60,
                     <!-- vmesh lib    --> data.ships.civilian.cv_startracker.cv_startracker.lod2-112.vms,
                     <!-- start vert   --> 89,
                     <!-- num verts    --> 371,
                     <!-- start index  --> 114,
                     <!-- num indices  --> 489,
                     <!-- start mesh   --> 4,
                     <!-- num meshes   --> 3,
                     <!-- bounding box -->  2.242316,     2.0233493,   7.0778632,
                                           -2.2421894,   -3.9184453,  -4.233058,
                     <!-- center       --> -0.060814932, -0.90449339,  1.5487584,
                     <!-- radius       --> 6.2964463
                  </VMeshRef>
               </VMeshPart>
            </Level2>
            <Level3>
               <VMeshPart>
                  <VMeshRef type="VMeshRef">
                     <!-- header size  --> 60,
                     <!-- vmesh lib    --> data.ships.civilian.cv_startracker.cv_startracker.lod3-112.vms,
                     <!-- start vert   --> 31,
                     <!-- num verts    --> 113,
                     <!-- start index  --> 45,
                     <!-- num indices  --> 132,
                     <!-- start mesh   --> 3,
                     <!-- num meshes   --> 1,
                     <!-- bounding box -->  2.242316,     2.0233493,   7.0778632,
                                           -2.2421894,   -3.9184453,  -4.233058,
                     <!-- center       --> -0.060814932, -0.90449339,  1.5487584,
                     <!-- radius       --> 6.2964463
                  </VMeshRef>
               </VMeshPart>
            </Level3>
            <Level4>
               <VMeshPart>
                  <VMeshRef type="VMeshRef">
                     <!-- header size  --> 60,
                     <!-- vmesh lib    --> data.ships.civilian.cv_startracker.cv_startracker.lod4-112.vms,
                     <!-- start vert   --> 0,
                     <!-- num verts    --> 24,
                     <!-- start index  --> 0,
                     <!-- num indices  --> 30,
                     <!-- start mesh   --> 0,
                     <!-- num meshes   --> 1,
                     <!-- bounding box -->  2.242316,     2.0233493,   7.0778632,
                                           -2.2421894,   -3.9184453,  -4.233058,
                     <!-- center       --> -0.060814932, -0.90449339,  1.5487584,
                     <!-- radius       --> 6.2964463
                  </VMeshRef>
               </VMeshPart>
            </Level4>
         </MultiLevel>
         <Hardpoints>
            <Fixed>
               <HpHeadLight>
                  <Position type="Vector">-3.7733967e-6, -3.4426427, -4.4299207</Position>
                  <Orientation type="Matrix">
                       1.0000000000, -73.513725e-09, -13.909078e-09,
                      73.513725e-09,   1.0000000000,  59.604673e-09,
                      13.909074e-09, -59.604673e-09,   1.0000000000
                  </Orientation>
               </HpHeadLight>
               <HpBayDoor01>
                  <Position type="Vector">-3.9975907e-6, 1.6863232, 3.7203259</Position>
                  <Orientation type="Matrix">
                      58.026810e-09, -78.348037e-09,   1.0000000000,
                      59.635497e-09,   1.0000000000,  78.348037e-09,
                      -1.0000000000,  59.635489e-09,  58.026814e-09
                  </Orientation>
               </HpBayDoor01>
               <HpBayDoor02>
                  <Position type="Vector">-4.0731238e-6, 3.4143138, 3.7203259</Position>
                  <Orientation type="Matrix">
                      58.026810e-09, -78.348037e-09,   1.0000000000,
                      59.635497e-09,   1.0000000000,  78.348037e-09,
                      -1.0000000000,  59.635489e-09,  58.026814e-09
                  </Orientation>
               </HpBayDoor02>
               <HpRunningLight05>
                  <Position type="Vector">-3.9316687e-6, 1.7399464, 0.21526375</Position>
                  <Orientation type="Matrix">
                       1.0000000000, -73.513725e-09, -13.909078e-09,
                      73.513725e-09,   1.0000000000,  59.604673e-09,
                      13.909074e-09, -59.604673e-09,   1.0000000000
                  </Orientation>
               </HpRunningLight05>
               <HpCockpit>
                  <Position type="Vector">-4.0725927e-6, 497.61496e-6, 281.73428e-6</Position>
                  <Orientation type="Matrix">
                       1.0000000000, -73.513725e-09, -13.909078e-09,
                      73.513725e-09,   1.0000000000,  59.604673e-09,
                      13.909074e-09, -59.604673e-09,   1.0000000000
                  </Orientation>
               </HpCockpit>
               <HpPilot>
                  <Position type="Vector">-3.4979089e-6, -1.4341098, -0.62050802</Position>
                  <Orientation type="Matrix">
                       1.0000000000, -43.711392e-09, -43.711406e-09,
                      43.711395e-09,   1.0000000000,  119.20930e-09,
                      43.711402e-09, -119.20930e-09,   1.0000000000
                  </Orientation>
               </HpPilot>
               <DpEngine01>
                  <Position type="Vector">-0.0040570409, 1.0277951, 6.7376089</Position>
                  <Orientation type="Matrix">
                       1.0000000000, -66.063137e-09,  64.078947e-09,
                      66.063130e-09,   1.0000000000,  119.20932e-09,
                     -64.078954e-09, -119.20932e-09,   1.0000000000
                  </Orientation>
               </DpEngine01>
               <DpStarboard_wing>
                  <Position type="Vector">1.3042904, 1.5441912, 4.3968334</Position>
                  <Orientation type="Matrix">
                     -35.110840e-09,  -0.6018148700,   0.7986356600,
                     -137.45333e-09,   0.7986356600,   0.6018148700,
                      -1.0000000000, -88.644903e-09, -110.76222e-09
                  </Orientation>
               </DpStarboard_wing>
               <DpPort_wing>
                  <Position type="Vector">-1.3045963, 1.5441911, 4.3968334</Position>
                  <Orientation type="Matrix">
                      184.85574e-09,   0.6018148700,  -0.7986356000,
                     -387.02348e-09,   0.7986356000,   0.6018148700,
                       1.0000000000,  197.84180e-09,  380.54884e-09
                  </Orientation>
               </DpPort_wing>
               <DpMid_wing>
                  <Position type="Vector">1.7721864, -0.81739914, 2.0022044</Position>
                  <Orientation type="Matrix">
                       1.0000000000, -66.063151e-09,  64.078947e-09,
                      66.063144e-09,   1.0000000000,  119.20932e-09,
                     -64.078954e-09, -119.20932e-09,   1.0000000000
                  </Orientation>
               </DpMid_wing>
               <HpMount>
                  <Position type="Vector">-3.7175826e-6, -4.7097421, 1.5893922</Position>
                  <Orientation type="Matrix">
                       1.0000000000, -43.711395e-09, -43.711399e-09,
                      43.711395e-09,   1.0000000000,  7.1054269e-15,
                      43.711399e-09, -9.0161135e-15,   1.0000000000
                  </Orientation>
               </HpMount>
               <HpTractor_Source>
                  <Position type="Vector">-3.7733967e-6, -3.4426427, -4.4299207</Position>
                  <Orientation type="Matrix">
                       1.0000000000, -73.513725e-09, -13.909078e-09,
                      73.513725e-09,   1.0000000000,  59.604673e-09,
                      13.909074e-09, -59.604673e-09,   1.0000000000
                  </Orientation>
               </HpTractor_Source>
               <HpShield01>
                  <Position type="Vector">-0.0013330365, 0.07485231, 5.263639</Position>
                  <Orientation type="Matrix">
                      -1.0000000000, -163.36051e-09,  300.92005e-09,
                      168.58736e-09,  -0.9998477100,   0.0174522740,
                      298.02322e-09,   0.0174522740,   0.9998477100
                  </Orientation>
               </HpShield01>
               <HpCM01>
                  <Position type="Vector">-0.94449878, 0.2772502, 6.1796551</Position>
                  <Orientation type="Matrix">
                      -0.9205048100,  -0.3907311600,  298.02325e-09,
                       0.3907311600,  -0.9205048100, -133.11826e-09,
                      326.34529e-09, -6.0890315e-09,   1.0000000000
                  </Orientation>
               </HpCM01>
               <HpThruster01>
                  <Position type="Vector">-0.0027962225, 0.10180689, 6.4806538</Position>
                  <Orientation type="Matrix">
                      -1.0000000000, -87.422769e-09,  63.572998e-09,
                      87.422762e-09,  -1.0000000000, -59.586483e-09,
                      63.573005e-09, -59.586476e-09,   1.0000000000
                  </Orientation>
               </HpThruster01>
               <HpCockpitEx>
                  <Position type="Vector">-7.7565192e-6, 7.4112887, 38.434093</Position>
                  <Orientation type="Matrix">
                       1.0000000000, -73.513725e-09, -13.909078e-09,
                      73.513725e-09,   1.0000000000,  59.604673e-09,
                      13.909074e-09, -59.604673e-09,   1.0000000000
                  </Orientation>
               </HpCockpitEx>
               <HpCloak01>
                  <Position type="Vector">0.029471995, -0.084889047, 1.5364912</Position>
                  <Orientation type="Matrix">
                       1.0000000000,  43.711399e-09, -43.711402e-09,
                      43.711399e-09,  119.20929e-09,   1.0000000000,
                      43.711402e-09,  -1.0000000000,  119.20929e-09
                  </Orientation>
               </HpCloak01>
               <HpMine01>
                  <Position type="Vector">0.95364511, 0.27725029, 6.1796546</Position>
                  <Orientation type="Matrix">
                      -0.9205048700,   0.3907311300,  298.02325e-09,
                      -0.3907311300,  -0.9205048700, -133.11829e-09,
                      222.31839e-09, -238.98301e-09,   1.0000000000
                  </Orientation>
               </HpMine01>
            </Fixed>
            <Revolute>
               <HpWeapon03>
                  <Position type="Vector">-3.9043853e-6, 1.9810183, 0.95587665</Position>
                  <Orientation type="Matrix">
                       1.0000000000, -13.909066e-09, -25.833948e-09,
                      13.909068e-09,   1.0000000000,  59.604659e-09,
                      25.833948e-09, -59.604659e-09,   1.0000000000
                  </Orientation>
                  <Axis type="Vector">0, 1, 0</Axis>
                  <Min type="float">-0.7854</Min>
                  <Max type="float">0.78538001</Max>
               </HpWeapon03>
               <HpWeapon01>
                  <Position type="Vector">-2.0144036, -1.2350504, -0.19429731</Position>
                  <Orientation type="Matrix">
                      2.6378929e-15,  -1.0000000000, -162.94702e-09,
                       1.0000000000, -7.1038578e-15,  59.784774e-09,
                     -59.784774e-09, -162.94702e-09,   1.0000000000
                  </Orientation>
                  <Axis type="Vector">0, 1, 0</Axis>
                  <Min type="float">-0.7854</Min>
                  <Max type="float">0.78538001</Max>
               </HpWeapon01>
               <HpWeapon02>
                  <Position type="Vector">2.0136411, -1.2350503, -0.19429713</Position>
                  <Orientation type="Matrix">
                     -111.65836e-09,   1.0000000000, -11.006169e-09,
                      -1.0000000000, -111.65836e-09, -194.71902e-09,
                     -194.71902e-09,  11.006148e-09,   1.0000000000
                  </Orientation>
                  <Axis type="Vector">0, 1, 0</Axis>
                  <Min type="float">-0.7854</Min>
                  <Max type="float">0.78538001</Max>
               </HpWeapon02>
               <HpTorpedo01>
                  <Position type="Vector">-3.7340521e-6, -3.919323, -2.4607456</Position>
                  <Orientation type="Matrix">
                      -1.0000000000,  101.33186e-09, -25.833959e-09,
                     -101.33186e-09,  -1.0000000000,  59.604687e-09,
                     -25.833954e-09,  59.604687e-09,   1.0000000000
                  </Orientation>
                  <Axis type="Vector">0, 1, 0</Axis>
                  <Min type="float">-0.7854</Min>
                  <Max type="float">0.78538001</Max>
               </HpTorpedo01>
            </Revolute>
         </Hardpoints>
      </cv_startracker_lod1020929162518.3db>
      <engine_lod1020929162518.3db>
         <VMeshWire include="cv_startracker_cmp\engine_lod1.vwd.xml"/>
         <MultiLevel>
            <Switch2 type="float array" count="5">
               0,
               100,
               1000,
               10000,
               1000000
            </Switch2>
            <Level0>
               <VMeshPart>
                  <VMeshRef type="VMeshRef">
                     <!-- header size  --> 60,
                     <!-- vmesh lib    --> data.ships.civilian.cv_startracker.cv_startracker.lod0-112.vms,
                     <!-- start vert   --> 0,
                     <!-- num verts    --> 170,
                     <!-- start index  --> 0,
                     <!-- num indices  --> 210,
                     <!-- start mesh   --> 0,
                     <!-- num meshes   --> 2,
                     <!-- bounding box -->  0.79899848,   0.759893,    -0.78652048,
                                           -0.79899818,  -0.75989246,  -2.1140454,
                     <!-- center       --> -0.050857693, -0.048501052, -1.5457028,
                     <!-- radius       --> 1.0381017
                  </VMeshRef>
               </VMeshPart>
            </Level0>
            <Level1>
               <VMeshPart>
                  <VMeshRef type="VMeshRef">
                     <!-- header size  --> 60,
                     <!-- vmesh lib    --> data.ships.civilian.cv_startracker.cv_startracker.lod1-112.vms,
                     <!-- start vert   --> 0,
                     <!-- num verts    --> 70,
                     <!-- start index  --> 0,
                     <!-- num indices  --> 90,
                     <!-- start mesh   --> 0,
                     <!-- num meshes   --> 1,
                     <!-- bounding box -->  0.79899848,   0.759893,    -0.78652048,
                                           -0.79899818,  -0.75989246,  -2.1140454,
                     <!-- center       --> -0.050857693, -0.048501052, -1.5457028,
                     <!-- radius       --> 1.0381017
                  </VMeshRef>
               </VMeshPart>
            </Level1>
            <Level2>
               <VMeshPart>
                  <VMeshRef type="VMeshRef">
                     <!-- header size  --> 60,
                     <!-- vmesh lib    --> data.ships.civilian.cv_startracker.cv_startracker.lod2-112.vms,
                     <!-- start vert   --> 0,
                     <!-- num verts    --> 31,
                     <!-- start index  --> 0,
                     <!-- num indices  --> 45,
                     <!-- start mesh   --> 0,
                     <!-- num meshes   --> 1,
                     <!-- bounding box -->  0.79899848,   0.759893,    -0.78652048,
                                           -0.79899818,  -0.75989246,  -2.1140454,
                     <!-- center       --> -0.050857693, -0.048501052, -1.5457028,
                     <!-- radius       --> 1.0381017
                  </VMeshRef>
               </VMeshPart>
            </Level2>
            <Level3>
               <VMeshPart>
                  <VMeshRef type="VMeshRef">
                     <!-- header size  --> 60,
                     <!-- vmesh lib    --> data.ships.civilian.cv_startracker.cv_startracker.lod3-112.vms,
                     <!-- start vert   --> 0,
                     <!-- num verts    --> 15,
                     <!-- start index  --> 0,
                     <!-- num indices  --> 21,
                     <!-- start mesh   --> 0,
                     <!-- num meshes   --> 1,
                     <!-- bounding box -->  0.79899848,   0.759893,    -0.78652048,
                                           -0.79899818,  -0.75989246,  -2.1140454,
                     <!-- center       --> -0.050857693, -0.048501052, -1.5457028,
                     <!-- radius       --> 1.0381017
                  </VMeshRef>
               </VMeshPart>
            </Level3>
         </MultiLevel>
         <Hardpoints>
            <Fixed>
               <HpEngine01>
                  <Position type="Vector">-3.4332729e-6, -0.0083420584, -1.0842394</Position>
                  <Orientation type="Matrix">
                       1.0000000000, -73.513725e-09, -13.909078e-09,
                      73.513725e-09,   1.0000000000,  59.604673e-09,
                      13.909074e-09, -59.604673e-09,   1.0000000000
                  </Orientation>
               </HpEngine01>
               <HpEngineGlow>
                  <Position type="Vector">-3.5172052e-6, -0.0083417026, 4.9501281</Position>
                  <Orientation type="Matrix">
                       1.0000000000, -73.513725e-09, -13.909078e-09,
                      73.513725e-09,   1.0000000000,  59.604673e-09,
                      13.909074e-09, -59.604673e-09,   1.0000000000
                  </Orientation>
               </HpEngineGlow>
            </Fixed>
         </Hardpoints>
      </engine_lod1020929162518.3db>
      <port_wing_lod1020929162518.3db>
         <VMeshWire include="cv_startracker_cmp\port_wing_lod1.vwd.xml"/>
         <MultiLevel>
            <Switch2 type="float array" count="5">
               0,
               100,
               1000,
               10000,
               1000000
            </Switch2>
            <Level0>
               <VMeshPart>
                  <VMeshRef type="VMeshRef">
                     <!-- header size  --> 60,
                     <!-- vmesh lib    --> data.ships.civilian.cv_startracker.cv_startracker.lod0-112.vms,
                     <!-- start vert   --> 202,
                     <!-- num verts    --> 76,
                     <!-- start index  --> 336,
                     <!-- num indices  --> 126,
                     <!-- start mesh   --> 3,
                     <!-- num meshes   --> 3,
                     <!-- bounding box -->  2.0742967,     1.0822324,    2.946831,
                                           -2.074297,     -1.082233,    -2.9468315,
                     <!-- center       --> -0.0059897592,  0.018756095,  0.01627248,
                     <!-- radius       --> 3.6881628
                  </VMeshRef>
               </VMeshPart>
            </Level0>
            <Level1>
               <VMeshPart>
                  <VMeshRef type="VMeshRef">
                     <!-- header size  --> 60,
                     <!-- vmesh lib    --> data.ships.civilian.cv_startracker.cv_startracker.lod1-112.vms,
                     <!-- start vert   --> 97,
                     <!-- num verts    --> 20,
                     <!-- start index  --> 150,
                     <!-- num indices  --> 30,
                     <!-- start mesh   --> 2,
                     <!-- num meshes   --> 2,
                     <!-- bounding box -->  2.0742967,     1.0822324,    2.946831,
                                           -2.074297,     -1.082233,    -2.9468315,
                     <!-- center       --> -0.0059897592,  0.018756095,  0.01627248,
                     <!-- radius       --> 3.6881628
                  </VMeshRef>
               </VMeshPart>
            </Level1>
            <Level2>
               <VMeshPart>
                  <VMeshRef type="VMeshRef">
                     <!-- header size  --> 60,
                     <!-- vmesh lib    --> data.ships.civilian.cv_startracker.cv_startracker.lod2-112.vms,
                     <!-- start vert   --> 45,
                     <!-- num verts    --> 22,
                     <!-- start index  --> 66,
                     <!-- num indices  --> 24,
                     <!-- start mesh   --> 2,
                     <!-- num meshes   --> 1,
                     <!-- bounding box -->  2.0742967,     1.0822324,    2.946831,
                                           -2.074297,     -1.082233,    -2.9468315,
                     <!-- center       --> -0.0059897592,  0.018756095,  0.01627248,
                     <!-- radius       --> 3.6881628
                  </VMeshRef>
               </VMeshPart>
            </Level2>
            <Level3>
               <VMeshPart>
                  <VMeshRef type="VMeshRef">
                     <!-- header size  --> 60,
                     <!-- vmesh lib    --> data.ships.civilian.cv_startracker.cv_startracker.lod3-112.vms,
                     <!-- start vert   --> 15,
                     <!-- num verts    --> 8,
                     <!-- start index  --> 21,
                     <!-- num indices  --> 12,
                     <!-- start mesh   --> 1,
                     <!-- num meshes   --> 1,
                     <!-- bounding box -->  2.0742967,     1.0822324,    2.946831,
                                           -2.074297,     -1.082233,    -2.9468315,
                     <!-- center       --> -0.0059897592,  0.018756095,  0.01627248,
                     <!-- radius       --> 3.6881628
                  </VMeshRef>
               </VMeshPart>
            </Level3>
         </MultiLevel>
         <Hardpoints>
            <Fixed>
               <HpRunningLight02>
                  <Position type="Vector">-1.9957094, 0.99691832, 1.8115201</Position>
                  <Orientation type="Matrix">
                       1.0000000000, -73.513725e-09, -13.909078e-09,
                      73.513725e-09,   1.0000000000,  59.604673e-09,
                      13.909074e-09, -59.604673e-09,   1.0000000000
                  </Orientation>
               </HpRunningLight02>
               <HpContrail02>
                  <Position type="Vector">-1.9957094, 0.99691826, 2.9075017</Position>
                  <Orientation type="Matrix">
                       1.0000000000, -73.513725e-09, -13.909078e-09,
                      73.513725e-09,   1.0000000000,  59.604673e-09,
                      13.909074e-09, -59.604673e-09,   1.0000000000
                  </Orientation>
               </HpContrail02>
               <HpDocklight02>
                  <Position type="Vector">-1.9957094, 0.99691826, 2.9075017</Position>
                  <Orientation type="Matrix">
                       1.0000000000, -73.513725e-09, -13.909078e-09,
                      73.513725e-09,   1.0000000000,  59.604673e-09,
                      13.909074e-09, -59.604673e-09,   1.0000000000
                  </Orientation>
               </HpDocklight02>
            </Fixed>
         </Hardpoints>
      </port_wing_lod1020929162518.3db>
      <star_wing_lod1020929162518.3db>
         <VMeshWire include="cv_startracker_cmp\star_wing_lod1.vwd.xml"/>
         <MultiLevel>
            <Switch2 type="float array" count="5">
               0,
               100,
               1000,
               10000,
               1000000
            </Switch2>
            <Level0>
               <VMeshPart>
                  <VMeshRef type="VMeshRef">
                     <!-- header size  --> 60,
                     <!-- vmesh lib    --> data.ships.civilian.cv_startracker.cv_startracker.lod0-112.vms,
                     <!-- start vert   --> 302,
                     <!-- num verts    --> 76,
                     <!-- start index  --> 498,
                     <!-- num indices  --> 126,
                     <!-- start mesh   --> 7,
                     <!-- num meshes   --> 3,
                     <!-- bounding box -->  2.0742965,     1.0822331,    2.94683,
                                           -2.0742962,    -1.0822326,   -2.9468322,
                     <!-- center       -->  0.0081689982,  0.015756197,  0.015924955,
                     <!-- radius       --> 3.6884782
                  </VMeshRef>
               </VMeshPart>
            </Level0>
            <Level1>
               <VMeshPart>
                  <VMeshRef type="VMeshRef">
                     <!-- header size  --> 60,
                     <!-- vmesh lib    --> data.ships.civilian.cv_startracker.cv_startracker.lod1-112.vms,
                     <!-- start vert   --> 145,
                     <!-- num verts    --> 20,
                     <!-- start index  --> 210,
                     <!-- num indices  --> 30,
                     <!-- start mesh   --> 6,
                     <!-- num meshes   --> 2,
                     <!-- bounding box -->  2.0742965,     1.0822331,    2.94683,
                                           -2.0742962,    -1.0822326,   -2.9468322,
                     <!-- center       -->  0.0081689982,  0.015756197,  0.015924955,
                     <!-- radius       --> 3.6884782
                  </VMeshRef>
               </VMeshPart>
            </Level1>
            <Level2>
               <VMeshPart>
                  <VMeshRef type="VMeshRef">
                     <!-- header size  --> 60,
                     <!-- vmesh lib    --> data.ships.civilian.cv_startracker.cv_startracker.lod2-112.vms,
                     <!-- start vert   --> 67,
                     <!-- num verts    --> 22,
                     <!-- start index  --> 90,
                     <!-- num indices  --> 24,
                     <!-- start mesh   --> 3,
                     <!-- num meshes   --> 1,
                     <!-- bounding box -->  2.0742965,     1.0822331,    2.94683,
                                           -2.0742962,    -1.0822326,   -2.9468322,
                     <!-- center       -->  0.0081689982,  0.015756197,  0.015924955,
                     <!-- radius       --> 3.6884782
                  </VMeshRef>
               </VMeshPart>
            </Level2>
            <Level3>
               <VMeshPart>
                  <VMeshRef type="VMeshRef">
                     <!-- header size  --> 60,
                     <!-- vmesh lib    --> data.ships.civilian.cv_startracker.cv_startracker.lod3-112.vms,
                     <!-- start vert   --> 23,
                     <!-- num verts    --> 8,
                     <!-- start index  --> 33,
                     <!-- num indices  --> 12,
                     <!-- start mesh   --> 2,
                     <!-- num meshes   --> 1,
                     <!-- bounding box -->  2.0742965,     1.0822331,    2.94683,
                                           -2.0742962,    -1.0822326,   -2.9468322,
                     <!-- center       -->  0.0081689982,  0.015756197,  0.015924955,
                     <!-- radius       --> 3.6884782
                  </VMeshRef>
               </VMeshPart>
            </Level3>
         </MultiLevel>
         <Hardpoints>
            <Fixed>
               <HpRunningLight01>
                  <Position type="Vector">1.9957192, 0.99691856, 1.8115201</Position>
                  <Orientation type="Matrix">
                       1.0000000000, -73.513725e-09, -13.909078e-09,
                      73.513725e-09,   1.0000000000,  59.604673e-09,
                      13.909074e-09, -59.604673e-09,   1.0000000000
                  </Orientation>
               </HpRunningLight01>
               <HpContrail01>
                  <Position type="Vector">1.9957192, 0.99691844, 2.9726586</Position>
                  <Orientation type="Matrix">
                       1.0000000000, -73.513725e-09, -13.909078e-09,
                      73.513725e-09,   1.0000000000,  59.604673e-09,
                      13.909074e-09, -59.604673e-09,   1.0000000000
                  </Orientation>
               </HpContrail01>
               <HpDocklight01>
                  <Position type="Vector">1.9957192, 0.99691844, 2.9726586</Position>
                  <Orientation type="Matrix">
                       1.0000000000, -73.513725e-09, -13.909078e-09,
                      73.513725e-09,   1.0000000000,  59.604673e-09,
                      13.909074e-09, -59.604673e-09,   1.0000000000
                  </Orientation>
               </HpDocklight01>
            </Fixed>
         </Hardpoints>
      </star_wing_lod1020929162518.3db>
      <mid_wing_lod1020929162518.3db>
         <VMeshWire include="cv_startracker_cmp\mid_wing_lod1.vwd.xml"/>
         <MultiLevel>
            <Switch2 type="float array" count="5">
               0,
               100,
               1000,
               10000,
               1000000
            </Switch2>
