<?xml version="1.0" encoding="ISO-8859-1"?>
<!-- XML generated by UTFXML Version 2.2 built 19-Aug-2010 -->
<UTFXML filename="Armadillo.cmp" path="SHIPS\new\Scifi">
   <UTF_ROOT>
      <VMeshLibrary>
         <Armadillo.lod0.vms include="Armadillo_cmp\lod0.vms.xml"/>
      </VMeshLibrary>
      <Cmpnd>
         <Root>
            <File_name name="File name" type="text">Armadillo.3db</File_name>
            <Index type="int">0</Index>
            <Object_name name="Object name" type="text">Root</Object_name>
         </Root>
      </Cmpnd>
      <Armadillo.3db>
         <Hardpoints>
            <Fixed>
               <HpMount>
                  <Orientation type="Matrix">
                       1.0000000000,   0.0000000000,   0.0000000000,
                       0.0000000000,   1.0000000000,   0.0000000000,
                       0.0000000000,   0.0000000000,   1.0000000000
                  </Orientation>
                  <Position type="Vector">0, -35, -55</Position>
               </HpMount>
               <HpCloak01>
                  <Orientation type="Matrix">
                       1.0000000000,   0.0000000000,   0.0000000000,
                       0.0000000000,   1.0000000000,   0.0000000000,
                       0.0000000000,   0.0000000000,   1.0000000000
                  </Orientation>
                  <Position type="Vector">0, 0, 0</Position>
               </HpCloak01>
               <HpEngine01>
                  <Orientation type="Matrix">
                       1.0000000000,   0.0000000000,   0.0000000000,
                       0.0000000000,   1.0000000000,   0.0000000000,
                       0.0000000000,   0.0000000000,   1.0000000000
                  </Orientation>
                  <Position type="Vector">-7.3764601, 7.2235551, 81.396141</Position>
               </HpEngine01>
               <HpEngine02>
                  <Orientation type="Matrix">
                       1.0000000000,   0.0000000000,   0.0000000000,
                       0.0000000000,   1.0000000000,   0.0000000000,
                       0.0000000000,   0.0000000000,   1.0000000000
                  </Orientation>
                  <Position type="Vector">7.3344941, 7.2280369, 81.396141</Position>
               </HpEngine02>
               <HpEngine03>
                  <Orientation type="Matrix">
                       1.0000000000,   0.0000000000,   0.0000000000,
                       0.0000000000,   1.0000000000,   0.0000000000,
                       0.0000000000,   0.0000000000,   1.0000000000
                  </Orientation>
                  <Position type="Vector">-7.4166532, -8.4520636, 81.396141</Position>
               </HpEngine03>
               <HpEngine04>
                  <Orientation type="Matrix">
                       1.0000000000,   0.0000000000,   0.0000000000,
                       0.0000000000,   1.0000000000,   0.0000000000,
                       0.0000000000,   0.0000000000,   1.0000000000
                  </Orientation>
                  <Position type="Vector">7.4148822, -8.448575, 81.396141</Position>
               </HpEngine04>
               <HpEngine05>
                  <Orientation type="Matrix">
                       1.0000000000,   0.0000000000,   0.0000000000,
                       0.0000000000,   1.0000000000,   0.0000000000,
                       0.0000000000,   0.0000000000,   1.0000000000
                  </Orientation>
                  <Position type="Vector">35.554798, 3.401736, 29.577923</Position>
               </HpEngine05>
               <HpEngine06>
                  <Orientation type="Matrix">
                       1.0000000000,   0.0000000000,   0.0000000000,
                       0.0000000000,   1.0000000000,   0.0000000000,
                       0.0000000000,   0.0000000000,   1.0000000000
                  </Orientation>
                  <Position type="Vector">35.554794, -4.6407099, 29.577923</Position>
               </HpEngine06>
               <HpEngine07>
                  <Orientation type="Matrix">
                       1.0000000000,   0.0000000000,   0.0000000000,
                       0.0000000000,   1.0000000000,   0.0000000000,
                       0.0000000000,   0.0000000000,   1.0000000000
                  </Orientation>
                  <Position type="Vector">-35.532688, 3.3948369, 29.577913</Position>
               </HpEngine07>
               <HpEngine08>
                  <Orientation type="Matrix">
                       1.0000000000,   0.0000000000,   0.0000000000,
                       0.0000000000,   1.0000000000,   0.0000000000,
                       0.0000000000,   0.0000000000,   1.0000000000
                  </Orientation>
                  <Position type="Vector">-35.534389, -4.5987921, 29.577913</Position>
               </HpEngine08>
               <HpThruster01>
                  <Orientation type="Matrix">
                      59.604645e-09,  -0.9999998800,  -0.0000000000,
                       0.9999998800,  59.604645e-09,   0.0000000000,
                       0.0000000000,  -0.0000000000,   1.0000000000
                  </Orientation>
                  <Position type="Vector">0.71514797, -8.3801613, 83.039116</Position>
               </HpThruster01>
               <HpFX01>
                  <Orientation type="Matrix">
                       1.0000000000,   0.0000000000,   0.0000000000,
                       0.0000000000,   1.0000000000,   0.0000000000,
                       0.0000000000,   0.0000000000,   1.0000000000
                  </Orientation>
                  <Position type="Vector">0, 0, 0</Position>
               </HpFX01>
               <HpFX02>
                  <Orientation type="Matrix">
                      59.604645e-09,   0.9999998800,   0.0000000000,
                      -0.9999998800,  59.604645e-09,   0.0000000000,
                       0.0000000000,   0.0000000000,   1.0000000000
                  </Orientation>
                  <Position type="Vector">0, 0, 0</Position>
               </HpFX02>
               <HpFX03>
                  <Orientation type="Matrix">
                       1.0000000000,   0.0000000000,   0.0000000000,
                       0.0000000000,  59.604645e-09,   0.9999998800,
                       0.0000000000,  -0.9999998800,  59.604645e-09
                  </Orientation>
                  <Position type="Vector">0, 0, 0</Position>
               </HpFX03>
               <HpFX04>
                  <Orientation type="Matrix">
                       1.0000000000,   0.0000000000,   0.0000000000,
                       0.0000000000,   1.0000000000,   0.0000000000,
                       0.0000000000,   0.0000000000,   1.0000000000
                  </Orientation>
                  <Position type="Vector">0, 0, 0</Position>
               </HpFX04>
               <HpFX05>
                  <Orientation type="Matrix">
                       1.0000000000,   0.0000000000,   0.0000000000,
                       0.0000000000,   1.0000000000,   0.0000000000,
                       0.0000000000,   0.0000000000,   1.0000000000
                  </Orientation>
                  <Position type="Vector">0, 0, 0</Position>
               </HpFX05>
               <HpFX06>
                  <Orientation type="Matrix">
                       1.0000000000,   0.0000000000,   0.0000000000,
                       0.0000000000,   1.0000000000,   0.0000000000,
                       0.0000000000,   0.0000000000,   1.0000000000
                  </Orientation>
                  <Position type="Vector">0, 0, 0</Position>
               </HpFX06>
               <HpFX07>
                  <Orientation type="Matrix">
                       1.0000000000,   0.0000000000,   0.0000000000,
                       0.0000000000,   1.0000000000,   0.0000000000,
                       0.0000000000,   0.0000000000,   1.0000000000
                  </Orientation>
                  <Position type="Vector">0, 0, 0</Position>
               </HpFX07>
               <HpDocklight01>
                  <Orientation type="Matrix">
                       1.0000000000,   0.0000000000,   0.0000000000,
                       0.0000000000,   1.0000000000,   0.0000000000,
                       0.0000000000,   0.0000000000,   1.0000000000
                  </Orientation>
                  <Position type="Vector">-82.857849, 19.761049, 56.172543</Position>
               </HpDocklight01>
               <HpDocklight02>
                  <Orientation type="Matrix">
                       1.0000000000,   0.0000000000,   0.0000000000,
                       0.0000000000,   1.0000000000,   0.0000000000,
                       0.0000000000,   0.0000000000,   1.0000000000
                  </Orientation>
                  <Position type="Vector">82.861023, 19.762178, 56.148457</Position>
               </HpDocklight02>
               <HpDocklight03>
                  <Orientation type="Matrix">
                       1.0000000000,   0.0000000000,   0.0000000000,
                       0.0000000000,   1.0000000000,   0.0000000000,
                       0.0000000000,   0.0000000000,   1.0000000000
                  </Orientation>
                  <Position type="Vector">-83.289108, -20.355728, 56.161221</Position>
               </HpDocklight03>
               <HpDocklight04>
                  <Orientation type="Matrix">
                       1.0000000000,   0.0000000000,   0.0000000000,
                       0.0000000000,   1.0000000000,   0.0000000000,
                       0.0000000000,   0.0000000000,   1.0000000000
                  </Orientation>
                  <Position type="Vector">83.267731, -20.340206, 56.137001</Position>
               </HpDocklight04>
               <HpRunningLight01>
                  <Orientation type="Matrix">
                       1.0000000000,   0.0000000000,   0.0000000000,
                       0.0000000000,   1.0000000000,   0.0000000000,
                       0.0000000000,   0.0000000000,   1.0000000000
                  </Orientation>
                  <Position type="Vector">-82.855553, 19.759598, 47.023525</Position>
               </HpRunningLight01>
               <HpRunningLight02>
                  <Orientation type="Matrix">
                       1.0000000000,   0.0000000000,   0.0000000000,
                       0.0000000000,   1.0000000000,   0.0000000000,
                       0.0000000000,   0.0000000000,   1.0000000000
                  </Orientation>
                  <Position type="Vector">82.868599, 19.766987, 47.011555</Position>
               </HpRunningLight02>
               <HpRunningLight03>
                  <Orientation type="Matrix">
                       1.0000000000,   0.0000000000,   0.0000000000,
                       0.0000000000,   1.0000000000,   0.0000000000,
                       0.0000000000,   0.0000000000,   1.0000000000
                  </Orientation>
                  <Position type="Vector">-83.250313, -20.329227, 47.031502</Position>
               </HpRunningLight03>
               <HpRunningLight04>
                  <Orientation type="Matrix">
                       1.0000000000,   0.0000000000,   0.0000000000,
                       0.0000000000,   1.0000000000,   0.0000000000,
                       0.0000000000,   0.0000000000,   1.0000000000
                  </Orientation>
                  <Position type="Vector">83.283295, -20.350838, 47.028584</Position>
               </HpRunningLight04>
               <HpRunningLight05>
                  <Orientation type="Matrix">
                       1.0000000000,   0.0000000000,   0.0000000000,
                       0.0000000000,   1.0000000000,   0.0000000000,
                       0.0000000000,   0.0000000000,   1.0000000000
                  </Orientation>
                  <Position type="Vector">-33.402317, 19.857632, 50.285202</Position>
               </HpRunningLight05>
               <HpRunningLight06>
                  <Orientation type="Matrix">
                       1.0000000000,   0.0000000000,   0.0000000000,
                       0.0000000000,   1.0000000000,   0.0000000000,
                       0.0000000000,   0.0000000000,   1.0000000000
                  </Orientation>
                  <Position type="Vector">33.434978, 19.868879, 50.265717</Position>
               </HpRunningLight06>
               <HpRunningLight07>
                  <Orientation type="Matrix">
                       1.0000000000,   0.0000000000,   0.0000000000,
                       0.0000000000,   1.0000000000,   0.0000000000,
                       0.0000000000,   0.0000000000,   1.0000000000
                  </Orientation>
                  <Position type="Vector">-33.440334, -21.050526, 50.275505</Position>
               </HpRunningLight07>
               <HpRunningLight08>
                  <Orientation type="Matrix">
                       1.0000000000,   0.0000000000,   0.0000000000,
                       0.0000000000,   1.0000000000,   0.0000000000,
                       0.0000000000,   0.0000000000,   1.0000000000
                  </Orientation>
                  <Position type="Vector">33.435413, -21.052393, 50.265171</Position>
               </HpRunningLight08>
               <HpTractor_Source>
                  <Orientation type="Matrix">
                       1.0000000000,   0.0000000000,   0.0000000000,
                       0.0000000000,   1.0000000000,   0.0000000000,
                       0.0000000000,   0.0000000000,   1.0000000000
                  </Orientation>
                  <Position type="Vector">0, -23.493467, -87.95562</Position>
               </HpTractor_Source>
               <HpCM01>
                  <Orientation type="Matrix">
                      59.604645e-09,   0.9999998200, -59.604645e-09,
                      -0.8191519400,  59.604645e-09,  -0.5735763300,
                      -0.5735763300,  29.802322e-09,   0.8191521200
                  </Orientation>
                  <Position type="Vector">-0.71380401, -10.5243, 80.715172</Position>
               </HpCM01>
               <HpNew01>
                  <Orientation type="Matrix">
                       1.0000000000,   0.0000000000,   0.0000000000,
                       0.0000000000,   1.0000000000,   0.0000000000,
                       0.0000000000,   0.0000000000,   1.0000000000
                  </Orientation>
                  <Position type="Vector">0, 0, 0</Position>
               </HpNew01>
               <HpNew02>
                  <Orientation type="Matrix">
                       1.0000000000,   0.0000000000,   0.0000000000,
                       0.0000000000,   1.0000000000,   0.0000000000,
                       0.0000000000,   0.0000000000,   1.0000000000
                  </Orientation>
                  <Position type="Vector">0, 0, 0</Position>
               </HpNew02>
               <HpNew03>
                  <Orientation type="Matrix">
                       1.0000000000,   0.0000000000,   0.0000000000,
                       0.0000000000,   1.0000000000,   0.0000000000,
                       0.0000000000,   0.0000000000,   1.0000000000
                  </Orientation>
                  <Position type="Vector">0, 0, 0</Position>
               </HpNew03>
               <HpShield01>
                  <Orientation type="Matrix">
                       1.0000000000,   0.0000000000,   0.0000000000,
                       0.0000000000,   1.0000000000,   0.0000000000,
                       0.0000000000,   0.0000000000,   1.0000000000
                  </Orientation>
                  <Position type="Vector">0, 0, 0</Position>
               </HpShield01>
            </Fixed>
            <Revolute>
               <HpTurret01>
                  <Axis type="Vector">0, 1, 0</Axis>
                  <Max type="float">1.5707964</Max>
                  <Min type="float">-1.5707964</Min>
                  <Orientation type="Matrix">
                      44.703484e-09,  -0.5591927800,   0.8290374900,
                     -29.802322e-09,   0.8290376700,   0.5591927800,
                      -0.9999998200,   0.0000000000,  59.604645e-09
                  </Orientation>
                  <Position type="Vector">-78.641914, -17.181156, 51.846184</Position>
               </HpTurret01>
               <HpTurret02>
                  <Axis type="Vector">0, 1, 0</Axis>
                  <Max type="float">1.5707964</Max>
                  <Min type="float">-1.5707964</Min>
                  <Orientation type="Matrix">
                      44.703484e-09,   0.5591927800,  -0.8290374900,
                      29.802322e-09,   0.8290376700,   0.5591927800,
                       0.9999998200,   0.0000000000,  59.604645e-09
                  </Orientation>
                  <Position type="Vector">78.593903, -17.147436, 51.594437</Position>
               </HpTurret02>
               <HpTurret03>
                  <Axis type="Vector">0, 1, 0</Axis>
                  <Max type="float">1.5707964</Max>
                  <Min type="float">-1.5707964</Min>
                  <Orientation type="Matrix">
                      178.81393e-09,  -0.5735764500,   0.8191518800,
                     -29.802322e-09,  -0.8191518200,  -0.5735763900,
                       0.9999998800,   0.0000000000,  14.901161e-09
                  </Orientation>
                  <Position type="Vector">-78.540085, 15.919478, 51.636669</Position>
               </HpTurret03>
               <HpTurret04>
                  <Axis type="Vector">0, 1, 0</Axis>
                  <Max type="float">1.5707964</Max>
                  <Min type="float">-1.5707964</Min>
                  <Orientation type="Matrix">
                      178.81393e-09,   0.5735764500,  -0.8191518800,
                      29.802322e-09,  -0.8191518200,  -0.5735763900,
                      -0.9999998800,   0.0000000000,  14.901161e-09
                  </Orientation>
                  <Position type="Vector">78.5522, 15.92683, 51.406044</Position>
               </HpTurret04>
               <HpTurret05>
                  <Axis type="Vector">0, 1, 0</Axis>
                  <Max type="float">1.5707964</Max>
                  <Min type="float">-1.5707964</Min>
                  <Orientation type="Matrix">
                      178.81393e-09,   0.5735764500,   0.8191518800,
                      29.802322e-09,  -0.8191518200,   0.5735763900,
                       0.9999998800,   0.0000000000,  14.901161e-09
                  </Orientation>
                  <Position type="Vector">-77.626892, -17.644968, 51.508675</Position>
               </HpTurret05>
               <HpTurret06>
                  <Axis type="Vector">0, 1, 0</Axis>
                  <Max type="float">1.5707964</Max>
                  <Min type="float">-1.5707964</Min>
                  <Orientation type="Matrix">
                      178.81393e-09,  -0.5735764500,  -0.8191518800,
                     -29.802322e-09,  -0.8191518200,   0.5735763900,
                      -0.9999998800,   0.0000000000,  14.901161e-09
                  </Orientation>
                  <Position type="Vector">77.003357, -17.249857, 51.574574</Position>
               </HpTurret06>
               <HpTurret07>
                  <Axis type="Vector">0, 1, 0</Axis>
                  <Max type="float">1.5707964</Max>
                  <Min type="float">-1.5707964</Min>
                  <Orientation type="Matrix">
                      44.703484e-09,   0.5591927800,   0.8290374900,
                      29.802322e-09,   0.8290376700,  -0.5591927800,
                      -0.9999998200,   0.0000000000,  59.604645e-09
                  </Orientation>
                  <Position type="Vector">-77.939896, 16.650063, 51.599777</Position>
               </HpTurret07>
               <HpTurret08>
                  <Axis type="Vector">0, 1, 0</Axis>
                  <Max type="float">1.5707964</Max>
                  <Min type="float">-1.5707964</Min>
                  <Orientation type="Matrix">
                      44.703484e-09,  -0.5591927800,  -0.8290374900,
                     -29.802322e-09,   0.8290376700,  -0.5591927800,
                       0.9999998200,   0.0000000000,  59.604645e-09
                  </Orientation>
                  <Position type="Vector">77.926903, 16.640987, 51.631931</Position>
               </HpTurret08>
               <HpTurret09>
                  <Axis type="Vector">0, 1, 0</Axis>
                  <Max type="float">1.5707964</Max>
                  <Min type="float">-1.5707964</Min>
                  <Orientation type="Matrix">
                      59.604645e-09,  -0.9999998800,  -0.0000000000,
                       0.9999998800,  59.604645e-09,   0.0000000000,
                       0.0000000000,  -0.0000000000,   1.0000000000
                  </Orientation>
                  <Position type="Vector">-50.711758, -3.7882481, -73.485184</Position>
               </HpTurret09>
               <HpTurret10>
                  <Axis type="Vector">0, 1, 0</Axis>
                  <Max type="float">1.5707964</Max>
                  <Min type="float">-1.5707964</Min>
                  <Orientation type="Matrix">
                      59.604645e-09,   0.9999998800,   0.0000000000,
                      -0.9999998800,  59.604645e-09,   0.0000000000,
                       0.0000000000,   0.0000000000,   1.0000000000
                  </Orientation>
                  <Position type="Vector">50.714363, -3.9329009, -73.46344</Position>
               </HpTurret10>
               <HpTurret11>
                  <Axis type="Vector">0, 1, 0</Axis>
                  <Max type="float">1.5707964</Max>
                  <Min type="float">-0.78539819</Min>
                  <Orientation type="Matrix">
                       1.0000000000,   0.0000000000,   0.0000000000,
                       0.0000000000,   0.9975640800,   0.0697564710,
                       0.0000000000,  -0.0697564710,   0.9975640800
                  </Orientation>
                  <Position type="Vector">-38.381004, 3.3079481, -67.830666</Position>
               </HpTurret11>
               <HpTurret12>
                  <Axis type="Vector">0, 1, 0</Axis>
                  <Max type="float">0.78539819</Max>
                  <Min type="float">-1.5707964</Min>
                  <Orientation type="Matrix">
                       1.0000000000,   0.0000000000,   0.0000000000,
                       0.0000000000,   0.9975640800,   0.0697564710,
                       0.0000000000,  -0.0697564710,   0.9975640800
                  </Orientation>
                  <Position type="Vector">38.459824, 3.2988839, -67.952232</Position>
               </HpTurret12>
               <HpTurret13>
                  <Axis type="Vector">0, 1, 0</Axis>
                  <Max type="float">1.5707964</Max>
                  <Min type="float">-1.5707964</Min>
                  <Orientation type="Matrix">
                       1.0000000000,   0.0000000000,   0.0000000000,
                       0.0000000000,   0.9848077300,   0.1736481800,
                       0.0000000000,  -0.1736481800,   0.9848077300
                  </Orientation>
                  <Position type="Vector">0, 11.081236, -58.859535</Position>
               </HpTurret13>
               <HpTurret14>
                  <Axis type="Vector">0, 1, 0</Axis>
                  <Max type="float">3.1415927</Max>
                  <Min type="float">-3.1415927</Min>
                  <Orientation type="Matrix">
                      -0.9999998800, -87.109747e-09, -7.3913702e-09,
                      87.422769e-09,  -0.9964193100,  -0.0845474150,
                     -222.04460e-18,  -0.0845474150,   0.9964194300
                  </Orientation>
                  <Position type="Vector">0, -25.636679, -74.560791</Position>
               </HpTurret14>
               <HpTurret15>
                  <Axis type="Vector">0, 1, 0</Axis>
                  <Max type="float">3.1415927</Max>
                  <Min type="float">-3.1415927</Min>
                  <Orientation type="Matrix">
                      -0.9999998800, -87.109747e-09, -7.3913702e-09,
                      87.422769e-09,  -0.9964193100,  -0.0845474150,
                     -222.04460e-18,  -0.0845474150,   0.9964194300
                  </Orientation>
                  <Position type="Vector">-3.004715, -26.274675, -67.009529</Position>
               </HpTurret15>
               <HpTurret16>
                  <Axis type="Vector">0, 1, 0</Axis>
                  <Max type="float">3.1415927</Max>
                  <Min type="float">-3.1415927</Min>
                  <Orientation type="Matrix">
                      -0.9999998800, -87.109747e-09, -7.3913702e-09,
                      87.422769e-09,  -0.9964193100,  -0.0845474150,
                     -222.04460e-18,  -0.0845474150,   0.9964194300
                  </Orientation>
                  <Position type="Vector">3.0015249, -26.270969, -67.053368</Position>
               </HpTurret16>
               <HpTurret17>
                  <Axis type="Vector">0, 1, 0</Axis>
                  <Max type="float">1.5707964</Max>
                  <Min type="float">-0.78539819</Min>
                  <Orientation type="Matrix">
                       1.0000000000,   0.0000000000,   0.0000000000,
                       0.0000000000,   1.0000000000,   0.0000000000,
                       0.0000000000,   0.0000000000,   1.0000000000
                  </Orientation>
                  <Position type="Vector">-43.145058, 5.5998621, -37.319435</Position>
               </HpTurret17>
               <HpTurret18>
                  <Axis type="Vector">0, 1, 0</Axis>
                  <Max type="float">0.78539819</Max>
                  <Min type="float">-1.5707964</Min>
                  <Orientation type="Matrix">
                       1.0000000000,   0.0000000000,   0.0000000000,
                       0.0000000000,   1.0000000000,   0.0000000000,
                       0.0000000000,   0.0000000000,   1.0000000000
                  </Orientation>
                  <Position type="Vector">43.159954, 5.6001348, -37.315804</Position>
               </HpTurret18>
               <HpTurret19>
                  <Axis type="Vector">0, 1, 0</Axis>
                  <Max type="float">1.5707964</Max>
                  <Min type="float">-1.5707964</Min>
                  <Orientation type="Matrix">
                      -1.0000000000, -444.08921e-18,  87.422784e-09,
                      7.6193967e-09,   0.9961947200,   0.0871557440,
                     -87.090108e-09,   0.0871557440,  -0.9961947200
                  </Orientation>
                  <Position type="Vector">-16.989082, 11.159534, 91.093521</Position>
               </HpTurret19>
               <HpTurret20>
                  <Axis type="Vector">0, 1, 0</Axis>
                  <Max type="float">1.5707964</Max>
                  <Min type="float">-1.5707964</Min>
                  <Orientation type="Matrix">
                      -1.0000000000, -444.08921e-18,  87.422784e-09,
                      7.6193967e-09,   0.9961947200,   0.0871557440,
                     -87.090108e-09,   0.0871557440,  -0.9961947200
                  </Orientation>
                  <Position type="Vector">17.020727, 11.126644, 91.412605</Position>
               </HpTurret20>
               <HpTurret21>
                  <Axis type="Vector">0, 1, 0</Axis>
                  <Max type="float">1.5707964</Max>
                  <Min type="float">-1.5707964</Min>
                  <Orientation type="Matrix">
                       1.0000000000, -87.090108e-09, -95.042175e-09,
                     -95.042175e-09,  -0.9961947200,  -0.0871557440,
                     -87.090108e-09,   0.0871557440,  -0.9961947200
                  </Orientation>
                  <Position type="Vector">-17.106083, -12.337098, 91.232979</Position>
               </HpTurret21>
               <HpTurret22>
                  <Axis type="Vector">0, 1, 0</Axis>
                  <Max type="float">1.5707964</Max>
                  <Min type="float">-1.5707964</Min>
                  <Orientation type="Matrix">
                       1.0000000000, -87.090108e-09, -95.042175e-09,
                     -95.042175e-09,  -0.9961947200,  -0.0871557440,
                     -87.090108e-09,   0.0871557440,  -0.9961947200
                  </Orientation>
                  <Position type="Vector">17.022371, -12.335943, 91.244202</Position>
               </HpTurret22>
               <HpTurret23>
                  <Axis type="Vector">0, 1, 0</Axis>
                  <Max type="float">1.5707964</Max>
                  <Min type="float">-1.5707964</Min>
                  <Orientation type="Matrix">
                      178.81393e-09,  -0.9999998800, -7.1054274e-15,
                      -0.9999998800,  59.604641e-09,  87.422769e-09,
                     -87.422769e-09,   0.0000000000,  -0.9999997600
                  </Orientation>
                  <Position type="Vector">-25.204315, 6.953702, 78.299591</Position>
               </HpTurret23>
               <HpTurret24>
                  <Axis type="Vector">0, 1, 0</Axis>
                  <Max type="float">1.5707964</Max>
                  <Min type="float">-1.5707964</Min>
                  <Orientation type="Matrix">
                      178.81393e-09,   0.9999998800, -7.1054274e-15,
                       0.9999998800,  59.604641e-09, -87.422769e-09,
                     -87.422769e-09,   0.0000000000,  -0.9999997600
                  </Orientation>
                  <Position type="Vector">25.205658, 7.1761961, 78.345284</Position>
               </HpTurret24>
               <HpTurret25>
                  <Axis type="Vector">0, 1, 0</Axis>
                  <Max type="float">1.5707964</Max>
                  <Min type="float">-1.5707964</Min>
                  <Orientation type="Matrix">
                      178.81393e-09,  -0.9999998800, -7.1054274e-15,
                      -0.9999998800,  59.604641e-09,  87.422769e-09,
                     -87.422769e-09,   0.0000000000,  -0.9999997600
                  </Orientation>
                  <Position type="Vector">-25.204315, -8.193243, 78.288452</Position>
               </HpTurret25>
               <HpTurret26>
                  <Axis type="Vector">0, 1, 0</Axis>
                  <Max type="float">1.5707964</Max>
                  <Min type="float">-1.5707964</Min>
                  <Orientation type="Matrix">
                      178.81393e-09,   0.9999998800, -7.1054274e-15,
                       0.9999998800,  59.604641e-09, -87.422769e-09,
                     -87.422769e-09,   0.0000000000,  -0.9999997600
                  </Orientation>
                  <Position type="Vector">25.205658, -8.1669092, 78.293694</Position>
               </HpTurret26>
               <HpTurret27>
                  <Axis type="Vector">0, 1, 0</Axis>
                  <Max type="float">0.52359879</Max>
                  <Min type="float">-0.52359879</Min>
                  <Orientation type="Matrix">
                      238.41858e-09,  -0.9999997600, -59.604645e-09,
                     -59.604645e-09,  178.81393e-09,   0.9999997600,
                      -0.9999997600,   0.0000000000,  178.81393e-09
                  </Orientation>
                  <Position type="Vector">-48.265858, -13.940088, -43.220352</Position>
               </HpTurret27>
               <HpTurret28>
                  <Axis type="Vector">0, 1, 0</Axis>
                  <Max type="float">0.52359879</Max>
                  <Min type="float">-0.52359879</Min>
                  <Orientation type="Matrix">
                      238.41858e-09,   0.9999997600,  59.604645e-09,
                      59.604645e-09,  178.81393e-09,   0.9999997600,
                       0.9999997600,   0.0000000000,  178.81393e-09
                  </Orientation>
                  <Position type="Vector">48.267235, -15.17328, -51.880619</Position>
               </HpTurret28>
               <HpTorpedo01>
                  <Axis type="Vector">0, 1, 0</Axis>
                  <Max type="float">0.78539819</Max>
                  <Min type="float">-0.78539819</Min>
                  <Orientation type="Matrix">
                      -1.0000000000, -87.422777e-09,   0.0000000000,
                      87.422777e-09,  -1.0000000000,  -0.0000000000,
                       0.0000000000,   0.0000000000,   1.0000000000
                  </Orientation>
                  <Position type="Vector">0, -27.181799, -53.246414</Position>
               </HpTorpedo01>
               <HpGun01>
                  <Axis type="Vector">0, 1, 0</Axis>
                  <Max type="float">0</Max>
                  <Min type="float">0</Min>
                  <Orientation type="Matrix">
                       1.0000000000,   0.0000000000,   0.0000000000,
                       0.0000000000,   1.0000000000,   0.0000000000,
                       0.0000000000,   0.0000000000,   1.0000000000
                  </Orientation>
                  <Position type="Vector">-0.025029, 17.881296, 26.958868</Position>
               </HpGun01>
               <HpGun02>
                  <Axis type="Vector">0, 1, 0</Axis>
                  <Max type="float">0</Max>
                  <Min type="float">0</Min>
                  <Orientation type="Matrix">
                       1.0000000000,   0.0000000000,   0.0000000000,
                       0.0000000000,   1.0000000000,   0.0000000000,
                       0.0000000000,   0.0000000000,   1.0000000000
                  </Orientation>
                  <Position type="Vector">-32.8, 8.9425135, -27.5</Position>
               </HpGun02>
               <HpGun03>
                  <Axis type="Vector">0, 1, 0</Axis>
                  <Max type="float">0</Max>
                  <Min type="float">0</Min>
                  <Orientation type="Matrix">
                       1.0000000000,   0.0000000000,   0.0000000000,
                       0.0000000000,   1.0000000000,   0.0000000000,
                       0.0000000000,   0.0000000000,   1.0000000000
                  </Orientation>
                  <Position type="Vector">32.8, 9.043644, -27.5</Position>
               </HpGun03>
               <HpGun04>
                  <Axis type="Vector">0, 1, 0</Axis>
                  <Max type="float">0</Max>
                  <Min type="float">0</Min>
                  <Orientation type="Matrix">
                       1.0000000000,   0.0000000000,   0.0000000000,
                       0.0000000000,   1.0000000000,   0.0000000000,
                       0.0000000000,   0.0000000000,   1.0000000000
                  </Orientation>
                  <Position type="Vector">-0.015415, 15.434464, -43.544079</Position>
               </HpGun04>
            </Revolute>
         </Hardpoints>
         <MultiLevel>
            <Level0>
               <VMeshPart>
                  <VMeshRef type="VMeshRef">
                     <!-- header size  --> 60,
                     <!-- vmesh lib    --> Armadillo.lod0.vms,
                     <!-- start vert   --> 0,
                     <!-- num verts    --> 23502,
                     <!-- start index  --> 0,
                     <!-- num indices  --> 49026,
                     <!-- start mesh   --> 0,
                     <!-- num meshes   --> 9,
                     <!-- bounding box -->  83.31469,     20.00045,   96.696457,
                                           -83.313339,   -27.181801, -87.961258,
                     <!-- center       --> 675.20142e-6,  -3.590673,   4.367599,
                     <!-- radius       --> 130
                  </VMeshRef>
               </VMeshPart>
            </Level0>
         </MultiLevel>
      </Armadillo.3db>
   </UTF_ROOT>
</UTFXML>
