<?xml version="1.0" encoding="ISO-8859-1"?>
<!-- XML generated by UTFXML Version 2.2 built 19-Aug-2010 -->
<UTFXML filename="death_wing.cmp" path="SHIPS\new\Scifi">
   <UTF_ROOT>
      <VMeshLibrary>
         <death_wing.lod0-112.vms include="death_wing_cmp\lod0-112.vms.xml"/>
      </VMeshLibrary>
      <Exporter_Version name="Exporter Version" type="text">Export</Exporter_Version>
      <Cmpnd>
         <Root>
            <Object_name name="Object name" type="text">Root</Object_name>
            <Index type="int">0</Index>
            <File_name name="File name" type="text">death_wing210807175704.3db</File_name>
         </Root>
      </Cmpnd>
      <death_wing210807175704.3db>
         <VMeshPart>
            <VMeshRef type="VMeshRef">
               <!-- header size  --> 60,
               <!-- vmesh lib    --> death_wing.lod0-112.vms,
               <!-- start vert   --> 0,
               <!-- num verts    --> 6737,
               <!-- start index  --> 0,
               <!-- num indices  --> 26754,
               <!-- start mesh   --> 0,
               <!-- num meshes   --> 1,
               <!-- bounding box -->  27.837568,    11.015248,    47.461948,
                                     -27.747667,    -9.590641,   -66.407204,
               <!-- center       -->   0.044950489,  0.71230358,  -9.4726276,
               <!-- radius       --> 57.225094
            </VMeshRef>
         </VMeshPart>
         <VMeshWire include="death_wing_cmp\death_wing.vwd.xml"/>
         <Hardpoints>
            <Fixed>
               <HpMount>
                  <Position type="Vector">0, -13, -15</Position>
                  <Orientation type="Matrix">
                       1.0000000000,   0.0000000000,   0.0000000000,
                       0.0000000000,   1.0000000000,   0.0000000000,
                       0.0000000000,   0.0000000000,   1.0000000000
                  </Orientation>
               </HpMount>
               <HpTractor_Source>
                  <Position type="Vector">0, -4.137001, -66.343628</Position>
                  <Orientation type="Matrix">
                       1.0000000000,   0.0000000000,   0.0000000000,
                       0.0000000000,   1.0000000000,   0.0000000000,
                       0.0000000000,   0.0000000000,   1.0000000000
                  </Orientation>
               </HpTractor_Source>
               <HpEngine01>
                  <Position type="Vector">-11.402197, 0.53939003, 41.008282</Position>
                  <Orientation type="Matrix">
                       1.0000000000,   0.0000000000,   0.0000000000,
                       0.0000000000,   1.0000000000,   0.0000000000,
                       0.0000000000,   0.0000000000,   1.0000000000
                  </Orientation>
               </HpEngine01>
               <HpEngine02>
                  <Position type="Vector">11.414239, 0.56044799, 41.007542</Position>
                  <Orientation type="Matrix">
                       1.0000000000,   0.0000000000,   0.0000000000,
                       0.0000000000,   1.0000000000,   0.0000000000,
                       0.0000000000,   0.0000000000,   1.0000000000
                  </Orientation>
               </HpEngine02>
               <HpEngine03>
                  <Position type="Vector">-11.345947, -4.720705, 39.816978</Position>
                  <Orientation type="Matrix">
                       1.0000000000,   0.0000000000,   0.0000000000,
                       0.0000000000,   1.0000000000,   0.0000000000,
                       0.0000000000,   0.0000000000,   1.0000000000
                  </Orientation>
               </HpEngine03>
               <HpEngine04>
                  <Position type="Vector">11.354827, -4.719954, 39.814529</Position>
                  <Orientation type="Matrix">
                       1.0000000000,   0.0000000000,   0.0000000000,
                       0.0000000000,   1.0000000000,   0.0000000000,
                       0.0000000000,   0.0000000000,   1.0000000000
                  </Orientation>
               </HpEngine04>
               <HpDocklight01>
                  <Position type="Vector">-27.510033, -0.145787, 3.299623</Position>
                  <Orientation type="Matrix">
                       1.0000000000,   0.0000000000,   0.0000000000,
                       0.0000000000,   1.0000000000,   0.0000000000,
                       0.0000000000,   0.0000000000,   1.0000000000
                  </Orientation>
               </HpDocklight01>
               <HpDocklight02>
                  <Position type="Vector">27.498705, -0.133972, 3.301044</Position>
                  <Orientation type="Matrix">
                       1.0000000000,   0.0000000000,   0.0000000000,
                       0.0000000000,   1.0000000000,   0.0000000000,
                       0.0000000000,   0.0000000000,   1.0000000000
                  </Orientation>
               </HpDocklight02>
               <HpRunningLight01>
                  <Position type="Vector">-3.0669279, -4.1307058, -66.395859</Position>
                  <Orientation type="Matrix">
                       1.0000000000,   0.0000000000,   0.0000000000,
                       0.0000000000,   1.0000000000,   0.0000000000,
                       0.0000000000,   0.0000000000,   1.0000000000
                  </Orientation>
               </HpRunningLight01>
               <HpRunningLight02>
                  <Position type="Vector">3.1552341, -4.1336088, -66.403557</Position>
                  <Orientation type="Matrix">
                       1.0000000000,   0.0000000000,   0.0000000000,
                       0.0000000000,   1.0000000000,   0.0000000000,
                       0.0000000000,   0.0000000000,   1.0000000000
                  </Orientation>
               </HpRunningLight02>
               <HpRunningLight03>
                  <Position type="Vector">-11.538247, -9.2053213, -23.027225</Position>
                  <Orientation type="Matrix">
                       1.0000000000,   0.0000000000,   0.0000000000,
                       0.0000000000,   1.0000000000,   0.0000000000,
                       0.0000000000,   0.0000000000,   1.0000000000
                  </Orientation>
               </HpRunningLight03>
               <HpRunningLight04>
                  <Position type="Vector">11.648594, -9.2022266, -23.0259</Position>
                  <Orientation type="Matrix">
                       1.0000000000,   0.0000000000,   0.0000000000,
                       0.0000000000,   1.0000000000,   0.0000000000,
                       0.0000000000,   0.0000000000,   1.0000000000
                  </Orientation>
               </HpRunningLight04>
               <HpRunningLight05>
                  <Position type="Vector">36.000001e-6, 10.466443, 5.3137951</Position>
                  <Orientation type="Matrix">
                       1.0000000000,   0.0000000000,   0.0000000000,
                       0.0000000000,   1.0000000000,   0.0000000000,
                       0.0000000000,   0.0000000000,   1.0000000000
                  </Orientation>
               </HpRunningLight05>
               <HpRunningLight06>
                  <Position type="Vector">-25.089567, -1.1663949, -9.9502821</Position>
                  <Orientation type="Matrix">
                       1.0000000000,   0.0000000000,   0.0000000000,
                       0.0000000000,   1.0000000000,   0.0000000000,
                       0.0000000000,   0.0000000000,   1.0000000000
                  </Orientation>
               </HpRunningLight06>
               <HpRunningLight07>
                  <Position type="Vector">25.09095, -1.167715, -9.9505157</Position>
                  <Orientation type="Matrix">
                       1.0000000000,   0.0000000000,   0.0000000000,
                       0.0000000000,   1.0000000000,   0.0000000000,
                       0.0000000000,   0.0000000000,   1.0000000000
                  </Orientation>
               </HpRunningLight07>
               <HpBayDoor01>
                  <Position type="Vector">0, -18, 0</Position>
                  <Orientation type="Matrix">
                       1.0000000000,   0.0000000000,   0.0000000000,
                       0.0000000000,   1.0000000000,   0.0000000000,
                       0.0000000000,   0.0000000000,   1.0000000000
                  </Orientation>
               </HpBayDoor01>
               <HpBayDoor02>
                  <Position type="Vector">0, -23, 0</Position>
                  <Orientation type="Matrix">
                       1.0000000000,   0.0000000000,   0.0000000000,
                       0.0000000000,   1.0000000000,   0.0000000000,
                       0.0000000000,   0.0000000000,   1.0000000000
                  </Orientation>
               </HpBayDoor02>
               <HpFX01>
                  <Position type="Vector">0, 0, 0</Position>
                  <Orientation type="Matrix">
                       1.0000000000,   0.0000000000,   0.0000000000,
                       0.0000000000,   1.0000000000,   0.0000000000,
                       0.0000000000,   0.0000000000,   1.0000000000
                  </Orientation>
               </HpFX01>
               <HpFX02>
                  <Position type="Vector">0, 0, 0</Position>
                  <Orientation type="Matrix">
                      313.91644e-09,   0.9999998800,   0.0000000000,
                      -0.9999998800,  313.91644e-09,   0.0000000000,
                       0.0000000000,   0.0000000000,   1.0000000000
                  </Orientation>
               </HpFX02>
               <HpFX03>
                  <Position type="Vector">0, 0, 0</Position>
                  <Orientation type="Matrix">
                       1.0000000000,   0.0000000000,   0.0000000000,
                       0.0000000000,  313.91644e-09,   0.9999998800,
                       0.0000000000,  -0.9999998800,  313.91644e-09
                  </Orientation>
               </HpFX03>
               <HpFX04>
                  <Position type="Vector">0, 0, 0</Position>
                  <Orientation type="Matrix">
                       1.0000000000,   0.0000000000,   0.0000000000,
                       0.0000000000,   1.0000000000,   0.0000000000,
                       0.0000000000,   0.0000000000,   1.0000000000
                  </Orientation>
               </HpFX04>
               <HpFX05>
                  <Position type="Vector">0, 0, 0</Position>
                  <Orientation type="Matrix">
                       1.0000000000,   0.0000000000,   0.0000000000,
                       0.0000000000,   1.0000000000,   0.0000000000,
                       0.0000000000,   0.0000000000,   1.0000000000
                  </Orientation>
               </HpFX05>
               <HpFX06>
                  <Position type="Vector">0, 0, 0</Position>
                  <Orientation type="Matrix">
                       1.0000000000,   0.0000000000,   0.0000000000,
                       0.0000000000,   1.0000000000,   0.0000000000,
                       0.0000000000,   0.0000000000,   1.0000000000
                  </Orientation>
               </HpFX06>
               <HpFX07>
                  <Position type="Vector">0, 0, 0</Position>
                  <Orientation type="Matrix">
                       1.0000000000,   0.0000000000,   0.0000000000,
                       0.0000000000,   1.0000000000,   0.0000000000,
                       0.0000000000,   0.0000000000,   1.0000000000
                  </Orientation>
               </HpFX07>
               <HpThruster01>
                  <Position type="Vector">-0.006403, -5.7048521, 44.823662</Position>
                  <Orientation type="Matrix">
                      -1.0000000000,  106.17260e-15, -325.84137e-09,
                       0.0000000000,  -1.0000000000, -325.84137e-09,
                     -325.84137e-09, -325.84137e-09,   1.0000000000
                  </Orientation>
               </HpThruster01>
               <HpCloak01>
                  <Position type="Vector">0, 1, 0</Position>
                  <Orientation type="Matrix">
                       1.0000000000,   0.0000000000,   0.0000000000,
                       0.0000000000,   1.0000000000,   0.0000000000,
                       0.0000000000,   0.0000000000,   1.0000000000
                  </Orientation>
               </HpCloak01>
               <HpNew01>
                  <Position type="Vector">0, 0, 0</Position>
                  <Orientation type="Matrix">
                       1.0000000000,   0.0000000000,   0.0000000000,
                       0.0000000000,   1.0000000000,   0.0000000000,
                       0.0000000000,   0.0000000000,   1.0000000000
                  </Orientation>
               </HpNew01>
               <HpNew02>
                  <Position type="Vector">0, 0, 0</Position>
                  <Orientation type="Matrix">
                       1.0000000000,   0.0000000000,   0.0000000000,
                       0.0000000000,   1.0000000000,   0.0000000000,
                       0.0000000000,   0.0000000000,   1.0000000000
                  </Orientation>
               </HpNew02>
               <HpNew03>
                  <Position type="Vector">0, 0, 0</Position>
                  <Orientation type="Matrix">
                       1.0000000000,   0.0000000000,   0.0000000000,
                       0.0000000000,   1.0000000000,   0.0000000000,
                       0.0000000000,   0.0000000000,   1.0000000000
                  </Orientation>
               </HpNew03>
               <HpShield01>
                  <Position type="Vector">0, 0, 0</Position>
                  <Orientation type="Matrix">
                       1.0000000000,   0.0000000000,   0.0000000000,
                       0.0000000000,   1.0000000000,   0.0000000000,
                       0.0000000000,   0.0000000000,   1.0000000000
                  </Orientation>
               </HpShield01>
               <HpCM01>
                  <Position type="Vector">-0.02092, -6.030817, 41.48164</Position>
                  <Orientation type="Matrix">
                      -0.9999998800,  230.40458e-09, -230.40469e-09,
                       0.0000000000,  -0.7071069500,  -0.7071065900,
                     -325.84134e-09,  -0.7071065900,   0.7071069500
                  </Orientation>
               </HpCM01>
            </Fixed>
            <Revolute>
               <HpTorpedo01>
                  <Position type="Vector">-3.0148151, -3.7651291, -59.545395</Position>
                  <Orientation type="Matrix">
                      313.91644e-09,   0.9999998800,   0.0000000000,
                      -0.9999998800,  313.91644e-09,   0.0000000000,
                       0.0000000000,   0.0000000000,   1.0000000000
                  </Orientation>
                  <Axis type="Vector">0, 1, 0</Axis>
                  <Min type="float">-0.78539819</Min>
                  <Max type="float">0.78539819</Max>
               </HpTorpedo01>
               <HpTorpedo02>
                  <Position type="Vector">3.10447, -3.6983049, -59.534641</Position>
                  <Orientation type="Matrix">
                      313.91644e-09,  -0.9999998800,   0.0000000000,
                       0.9999998800,  313.91644e-09,   0.0000000000,
                       0.0000000000,   0.0000000000,   1.0000000000
                  </Orientation>
                  <Axis type="Vector">0, 1, 0</Axis>
                  <Min type="float">-0.78539819</Min>
                  <Max type="float">0.78539819</Max>
               </HpTorpedo02>
               <HpTurret01>
                  <Position type="Vector">-0.020074001, 11.011353, 23.87952</Position>
                  <Orientation type="Matrix">
                       1.0000000000,   0.0000000000,   0.0000000000,
                       0.0000000000,   1.0000000000,   0.0000000000,
                       0.0000000000,   0.0000000000,   1.0000000000
                  </Orientation>
                  <Axis type="Vector">0, 1, 0</Axis>
                  <Min type="float">-3.1415927</Min>
                  <Max type="float">3.1415927</Max>
               </HpTurret01>
               <HpTurret02>
                  <Position type="Vector">-27.36894, 0.24688201, 14.951935</Position>
                  <Orientation type="Matrix">
                       0.3255680500,  -0.9419205800,   0.0824074000,
                       0.9455186700,   0.3243291100,  -0.0283751340,
                     -389.26373e-12,   0.0871557440,   0.9961948400
                  </Orientation>
                  <Axis type="Vector">0, 1, 0</Axis>
                  <Min type="float">-3.1415927</Min>
                  <Max type="float">3.1415927</Max>
               </HpTurret02>
               <HpTurret03>
                  <Position type="Vector">27.451935, 0.266983, 14.954834</Position>
                  <Orientation type="Matrix">
                       0.3255681400,   0.9419205800,  -0.0824073400,
                      -0.9455185500,   0.3243292300,  -0.0283751510,
                     -18.626451e-09,   0.0871557070,   0.9961948400
                  </Orientation>
                  <Axis type="Vector">0, 1, 0</Axis>
                  <Min type="float">-3.1415927</Min>
                  <Max type="float">3.1415927</Max>
               </HpTurret03>
               <HpTurret04>
                  <Position type="Vector">-10.952125, -7.7137799, -20.645761</Position>
                  <Orientation type="Matrix">
                      -0.0171873100,   0.9846577000,   0.1736486100,
                       0.0030307723,  -0.1736221600,   0.9848076700,
                       0.9998477100,   0.0174524840, -175.55431e-09
                  </Orientation>
                  <Axis type="Vector">0, 1, 0</Axis>
                  <Min type="float">-1.0471976</Min>
                  <Max type="float">1.5707964</Max>
               </HpTurret04>
               <HpTurret05>
                  <Position type="Vector">11.054433, -7.7042971, -20.771605</Position>
                  <Orientation type="Matrix">
                      -0.0171871970,  -0.9846578200,  -0.1736486100,
                      -0.0030306103,  -0.1736222100,   0.9848077300,
                      -0.9998478900,   0.0174523420, -43.539330e-09
                  </Orientation>
                  <Axis type="Vector">0, 1, 0</Axis>
                  <Min type="float">-1.5707964</Min>
                  <Max type="float">1.0471976</Max>
               </HpTurret05>
               <HpTurret06>
                  <Position type="Vector">-23.268841, -2.8623271, 20.964161</Position>
                  <Orientation type="Matrix">
                      -0.0027391622,  -0.0522643550,   0.9986295100,
                      -0.0522642470,  -0.9972607500,  -0.0523360820,
                       0.9986296900,  -0.0523359630,  144.93708e-09
                  </Orientation>
                  <Axis type="Vector">0, 1, 0</Axis>
                  <Min type="float">-1.5707964</Min>
                  <Max type="float">1.5707964</Max>
               </HpTurret06>
               <HpTurret07>
                  <Position type="Vector">23.42835, -2.8548789, 20.991688</Position>
                  <Orientation type="Matrix">
                      -0.0027387603,   0.0522643700,  -0.9986296300,
                       0.0522642360,  -0.9972606900,  -0.0523360890,
                      -0.9986294500,  -0.0523359250, -153.08615e-09
                  </Orientation>
                  <Axis type="Vector">0, 1, 0</Axis>
                  <Min type="float">-1.5707964</Min>
                  <Max type="float">1.5707964</Max>
               </HpTurret07>
               <HpTurret08>
                  <Position type="Vector">-17.484934, 7.0173178, 12.944393</Position>
                  <Orientation type="Matrix">
                       0.8660254500,  -0.5000000000,   0.0000000000,
                       0.5000000000,   0.8660254500,   0.0000000000,
                       0.0000000000,   0.0000000000,   1.0000000000
                  </Orientation>
                  <Axis type="Vector">0, 1, 0</Axis>
                  <Min type="float">-3.1415927</Min>
                  <Max type="float">3.1415927</Max>
               </HpTurret08>
               <HpTurret09>
                  <Position type="Vector">17.492943, 7.0603352, 12.955578</Position>
                  <Orientation type="Matrix">
                       0.8660253900,   0.5000000000,   0.0000000000,
                      -0.5000000000,   0.8660253900,   0.0000000000,
                       0.0000000000,   0.0000000000,   1.0000000000
                  </Orientation>
                  <Axis type="Vector">0, 1, 0</Axis>
                  <Min type="float">-3.1415927</Min>
                  <Max type="float">3.1415927</Max>
               </HpTurret09>
               <HpTurret10>
                  <Position type="Vector">-7.8757882, -8.7336655, 15.645383</Position>
                  <Orientation type="Matrix">
                      -0.0285042990,  -0.5438925600,  -0.8386705500,
                      -0.0438927260,  -0.8375209600,   0.5446388100,
                      -0.9986295700,   0.0523361270,  238.41858e-09
                  </Orientation>
                  <Axis type="Vector">0, 1, 0</Axis>
                  <Min type="float">-1.5707964</Min>
                  <Max type="float">1.5707964</Max>
               </HpTurret10>
               <HpTurret11>
                  <Position type="Vector">7.871191, -8.7376156, 15.627274</Position>
                  <Orientation type="Matrix">
                      -0.0285040740,   0.5438926200,   0.8386704900,
                       0.0438926070,  -0.8375209600,   0.5446386900,
                       0.9986295100,   0.0523360370,  149.01161e-09
                  </Orientation>
                  <Axis type="Vector">0, 1, 0</Axis>
                  <Min type="float">-1.5707964</Min>
                  <Max type="float">1.5707964</Max>
               </HpTurret11>
               <HpTurret12>
                  <Position type="Vector">-0.013272, -9.2967548, 12.146418</Position>
                  <Orientation type="Matrix">
                       1.0000000000, -86.094630e-09, -72.241995e-09,
                     -72.241974e-09,  -0.9848079100,   0.1736480700,
                     -86.094637e-09,  -0.1736480700,  -0.9848079100
                  </Orientation>
                  <Axis type="Vector">0, 1, 0</Axis>
                  <Min type="float">-1.5707964</Min>
                  <Max type="float">1.5707964</Max>
               </HpTurret12>
            </Revolute>
         </Hardpoints>
      </death_wing210807175704.3db>
   </UTF_ROOT>
</UTFXML>
