<?xml version="1.0" encoding="ISO-8859-1"?>
<!-- XML generated by UTFXML Version 2.2 built 19-Aug-2010 -->
<UTFXML filename="Dreadnought_2e.cmp" path="SHIPS\new\Scifi">
   <UTF_ROOT>
      <VMeshLibrary>
         <dreadnought_2e.lod0-112.vms include="Dreadnought_2e_cmp\lod0-112.vms.xml"/>
      </VMeshLibrary>
      <Animation>
         <Script>
            <Sc_rotate_centrifuge_et_d name="Sc_rotate centrifuge_et_d">
               <Joint_map_0 name="Joint map 0">
                  <Parent_name name="Parent name" type="text">Root</Parent_name>
                  <Child_name name="Child name" type="text">Dreadnought_2e_anim_lod1</Child_name>
                  <Channel>
                     <Header type="Header">
                        <!-- count    --> 4,
                        <!-- interval --> Explicit,
                        <!-- flags    --> 0x1
                     </Header>
                     <Frames type="Frames" count="4">
                          0.0000000000:   0.0000000000
                         10.0000000000:   3.1372459000
                         10.1666670000:  -3.1328700000
                         20.0000000000:   0.0000000000
                     </Frames>
                  </Channel>
               </Joint_map_0>
            </Sc_rotate_centrifuge_et_d>
         </Script>
      </Animation>
      <Exporter_Version name="Exporter Version" type="text">Export</Exporter_Version>
      <Cmpnd>
         <Cons>
            <Rev type="Rev" count="1">
               <part>
                  <!-- parent      --> "Root",
                  <!-- child       --> "Dreadnought_2e_anim_lod1",
                  <!-- position    --> 0, -9.663, 86.875999,
                  <!-- offset      --> 0, 0, 0,
                  <!-- orientation -->   1.0000000000,   0.0000000000,   0.0000000000,
                                         0.0000000000,   1.0000000000,   0.0000000000,
                                         0.0000000000,   0.0000000000,   1.0000000000,
                  <!-- axis        -->   0.0000000000,   0.0000000000,   1.0000000000,
                  <!-- min, max    --> -6.2831855, 6.2831855
               </part>
            </Rev>
         </Cons>
         <Part_Dreadnought_2e_anim_lod1>
            <Object_name name="Object name" type="text">Dreadnought_2e_anim_lod1</Object_name>
            <Index type="int">0</Index>
            <File_name name="File name" type="text">Dreadnought_2e_anim_lod1210506144226.3db</File_name>
         </Part_Dreadnought_2e_anim_lod1>
         <Root>
            <Object_name name="Object name" type="text">Root</Object_name>
            <Index type="int">0</Index>
            <File_name name="File name" type="text">Dreadnought_2e210506144226.3db</File_name>
         </Root>
      </Cmpnd>
      <Dreadnought_2e210506144226.3db>
         <VMeshPart>
            <VMeshRef type="VMeshRef">
               <!-- header size  --> 60,
               <!-- vmesh lib    --> dreadnought_2e.lod0-112.vms,
               <!-- start vert   --> 0,
               <!-- num verts    --> 8148,
               <!-- start index  --> 0,
               <!-- num indices  --> 25491,
               <!-- start mesh   --> 0,
               <!-- num meshes   --> 1,
               <!-- bounding box -->  80.21685,     51.611359,   394.91913,
                                     -80.216148,   -96.85601,   -394.92114,
               <!-- center       --> 442.50491e-6,  -4.1132278,   -0.00100708,
               <!-- radius       --> 403.5957
            </VMeshRef>
         </VMeshPart>
         <VMeshWire include="Dreadnought_2e_cmp\Dreadnought_2e.vwd.xml"/>
         <Hardpoints>
            <Fixed>
               <HpMount>
                  <Position type="Vector">0, -110, -300</Position>
                  <Orientation type="Matrix">
                       1.0000000000,   0.0000000000,   0.0000000000,
                       0.0000000000,   1.0000000000,   0.0000000000,
                       0.0000000000,   0.0000000000,   1.0000000000
                  </Orientation>
               </HpMount>
               <HpEngine02>
                  <Position type="Vector">43.434311, 14.716753, 377.87704</Position>
                  <Orientation type="Matrix">
                       1.0000000000,   0.0000000000,   0.0000000000,
                       0.0000000000,   1.0000000000,   0.0000000000,
                       0.0000000000,   0.0000000000,   1.0000000000
                  </Orientation>
               </HpEngine02>
               <HpEngine03>
                  <Position type="Vector">0, -60.750961, 377.87704</Position>
                  <Orientation type="Matrix">
                       1.0000000000,   0.0000000000,   0.0000000000,
                       0.0000000000,   1.0000000000,   0.0000000000,
                       0.0000000000,   0.0000000000,   1.0000000000
                  </Orientation>
               </HpEngine03>
               <HpCM01>
                  <Position type="Vector">12.955803, -83.650131, 374.76941</Position>
                  <Orientation type="Matrix">
                      -0.8191520600,   0.4055802200,   0.4055792700,
                      -0.5735764500,  -0.5792279200,  -0.5792277500,
                     -305.47380e-09,  -0.7071062900,   0.7071068300
                  </Orientation>
               </HpCM01>
               <HpCM02>
                  <Position type="Vector">-0.870588, -87.171432, 374.8671</Position>
                  <Orientation type="Matrix">
                      -0.8191542000,  -0.4055779900,  -0.4055770300,
                       0.5735732300,  -0.5792291800,  -0.5792291800,
                      640.74993e-09,  -0.7071059300,   0.7071071900
                  </Orientation>
               </HpCM02>
               <HpShield01>
                  <Position type="Vector">0, 0, 0</Position>
                  <Orientation type="Matrix">
                       1.0000000000,   0.0000000000,   0.0000000000,
                       0.0000000000,   1.0000000000,   0.0000000000,
                       0.0000000000,   0.0000000000,   1.0000000000
                  </Orientation>
               </HpShield01>
               <HpShield02>
                  <Position type="Vector">0, 0, 0</Position>
                  <Orientation type="Matrix">
                       1.0000000000,   0.0000000000,   0.0000000000,
                       0.0000000000,   1.0000000000,   0.0000000000,
                       0.0000000000,   0.0000000000,   1.0000000000
                  </Orientation>
               </HpShield02>
               <HpTractor_Source>
                  <Position type="Vector">0, -89.748863, -380.66931</Position>
                  <Orientation type="Matrix">
                       1.0000000000,   0.0000000000,   0.0000000000,
                       0.0000000000,   1.0000000000,   0.0000000000,
                       0.0000000000,   0.0000000000,   1.0000000000
                  </Orientation>
               </HpTractor_Source>
               <HpRunningLight09>
                  <Position type="Vector">-59.041077, 26.992624, -388.4606</Position>
                  <Orientation type="Matrix">
                       1.0000000000,   0.0000000000,   0.0000000000,
                       0.0000000000,   1.0000000000,   0.0000000000,
                       0.0000000000,   0.0000000000,   1.0000000000
                  </Orientation>
               </HpRunningLight09>
               <HpRunningLight10>
                  <Position type="Vector">58.99194, 26.949734, -388.41885</Position>
                  <Orientation type="Matrix">
                       1.0000000000,   0.0000000000,   0.0000000000,
                       0.0000000000,   1.0000000000,   0.0000000000,
                       0.0000000000,   0.0000000000,   1.0000000000
                  </Orientation>
               </HpRunningLight10>
               <HpRunningLight11>
                  <Position type="Vector">0, -74.304649, -388.43796</Position>
                  <Orientation type="Matrix">
                       1.0000000000,   0.0000000000,   0.0000000000,
                       0.0000000000,   1.0000000000,   0.0000000000,
                       0.0000000000,   0.0000000000,   1.0000000000
                  </Orientation>
               </HpRunningLight11>
               <HpBayDoor01>
                  <Position type="Vector">0, -130, 290</Position>
                  <Orientation type="Matrix">
                       1.0000000000,   0.0000000000,   0.0000000000,
                       0.0000000000,   1.0000000000,   0.0000000000,
                       0.0000000000,   0.0000000000,   1.0000000000
                  </Orientation>
               </HpBayDoor01>
               <HpBayDoor02>
                  <Position type="Vector">0, -140, 290</Position>
                  <Orientation type="Matrix">
                       1.0000000000,   0.0000000000,   0.0000000000,
                       0.0000000000,   1.0000000000,   0.0000000000,
                       0.0000000000,   0.0000000000,   1.0000000000
                  </Orientation>
               </HpBayDoor02>
               <HpFX01>
                  <Position type="Vector">0, 0, 0</Position>
                  <Orientation type="Matrix">
                       1.0000000000,   0.0000000000,   0.0000000000,
                       0.0000000000,   1.0000000000,   0.0000000000,
                       0.0000000000,   0.0000000000,   1.0000000000
                  </Orientation>
               </HpFX01>
               <HpFX02>
                  <Position type="Vector">0, 0, 0</Position>
                  <Orientation type="Matrix">
                      313.91644e-09,   0.9999998800,   0.0000000000,
                      -0.9999998800,  313.91644e-09,   0.0000000000,
                       0.0000000000,   0.0000000000,   1.0000000000
                  </Orientation>
               </HpFX02>
               <HpFX03>
                  <Position type="Vector">0, 0, 0</Position>
                  <Orientation type="Matrix">
                       1.0000000000,   0.0000000000,   0.0000000000,
                       0.0000000000,  313.91644e-09,   0.9999998800,
                       0.0000000000,  -0.9999998800,  313.91644e-09
                  </Orientation>
               </HpFX03>
               <HpFX04>
                  <Position type="Vector">0, 0, 0</Position>
                  <Orientation type="Matrix">
                       1.0000000000,   0.0000000000,   0.0000000000,
                       0.0000000000,   1.0000000000,   0.0000000000,
                       0.0000000000,   0.0000000000,   1.0000000000
                  </Orientation>
               </HpFX04>
               <HpFX05>
                  <Position type="Vector">0, 0, 0</Position>
                  <Orientation type="Matrix">
                       1.0000000000,   0.0000000000,   0.0000000000,
                       0.0000000000,   1.0000000000,   0.0000000000,
                       0.0000000000,   0.0000000000,   1.0000000000
                  </Orientation>
               </HpFX05>
               <HpFX06>
                  <Position type="Vector">0, 0, 0</Position>
                  <Orientation type="Matrix">
                       1.0000000000,   0.0000000000,   0.0000000000,
                       0.0000000000,   1.0000000000,   0.0000000000,
                       0.0000000000,   0.0000000000,   1.0000000000
                  </Orientation>
               </HpFX06>
               <HpFX07>
                  <Position type="Vector">0, 0, 0</Position>
                  <Orientation type="Matrix">
                       1.0000000000,   0.0000000000,   0.0000000000,
                       0.0000000000,   1.0000000000,   0.0000000000,
                       0.0000000000,   0.0000000000,   1.0000000000
                  </Orientation>
               </HpFX07>
               <HpFX08>
                  <Position type="Vector">0, 0, 0</Position>
                  <Orientation type="Matrix">
                       1.0000000000,   0.0000000000,   0.0000000000,
                       0.0000000000,   1.0000000000,   0.0000000000,
                       0.0000000000,   0.0000000000,   1.0000000000
                  </Orientation>
               </HpFX08>
               <HpFX09>
                  <Position type="Vector">0, 0, 0</Position>
                  <Orientation type="Matrix">
                       1.0000000000,   0.0000000000,   0.0000000000,
                       0.0000000000,   1.0000000000,   0.0000000000,
                       0.0000000000,   0.0000000000,   1.0000000000
                  </Orientation>
               </HpFX09>
               <HpFX10>
                  <Position type="Vector">0, 0, 0</Position>
                  <Orientation type="Matrix">
                       1.0000000000,   0.0000000000,   0.0000000000,
                       0.0000000000,   1.0000000000,   0.0000000000,
                       0.0000000000,   0.0000000000,   1.0000000000
                  </Orientation>
               </HpFX10>
               <HpCloak01>
                  <Position type="Vector">0, -9, 0</Position>
                  <Orientation type="Matrix">
                       1.0000000000,   0.0000000000,   0.0000000000,
                       0.0000000000,   1.0000000000,   0.0000000000,
                       0.0000000000,   0.0000000000,   1.0000000000
                  </Orientation>
               </HpCloak01>
               <HpEngine01>
                  <Position type="Vector">-43.115452, 14.913015, 377.87704</Position>
                  <Orientation type="Matrix">
                       1.0000000000,   0.0000000000,   0.0000000000,
                       0.0000000000,   1.0000000000,   0.0000000000,
                       0.0000000000,   0.0000000000,   1.0000000000
                  </Orientation>
               </HpEngine01>
            </Fixed>
            <Revolute>
               <HpTorpedo01>
                  <Position type="Vector">0, -55.099087, -371.6727</Position>
                  <Orientation type="Matrix">
                       1.0000000000,   0.0000000000,   0.0000000000,
                       0.0000000000,   1.0000000000,   0.0000000000,
                       0.0000000000,   0.0000000000,   1.0000000000
                  </Orientation>
                  <Axis type="Vector">0, 1, 0</Axis>
                  <Min type="float">-0.78539819</Min>
                  <Max type="float">0.78539819</Max>
               </HpTorpedo01>
               <HpTorpedo02>
                  <Position type="Vector">-42.327938, 17.510534, -371.48212</Position>
                  <Orientation type="Matrix">
                      -0.5000004200,   0.8595704400,   0.1055417900,
                      -0.8660252700,  -0.4962739900,  -0.0609346590,
                     -13.038516e-09,  -0.1218692100,   0.9925466800
                  </Orientation>
                  <Axis type="Vector">0, 1, 0</Axis>
                  <Min type="float">-0.78539819</Min>
                  <Max type="float">0.78539819</Max>
               </HpTorpedo02>
               <HpTorpedo03>
                  <Position type="Vector">42.440544, 17.434752, -371.85315</Position>
                  <Orientation type="Matrix">
                      -0.5000028000,  -0.8595689500,  -0.1055415700,
                       0.8660236600,  -0.4962762600,  -0.0609349310,
                      2.0954758e-09,  -0.1218691600,   0.9925460200
                  </Orientation>
                  <Axis type="Vector">0, 1, 0</Axis>
                  <Min type="float">-0.78539819</Min>
                  <Max type="float">0.78539819</Max>
               </HpTorpedo03>
               <HpGun01>
                  <Position type="Vector">-72.840302, 35.100605, -276.25192</Position>
                  <Orientation type="Matrix">
                       0.4999997600,  -0.8660255700,   0.0000000000,
                       0.8660255700,   0.4999997600,   0.0000000000,
                       0.0000000000,   0.0000000000,   1.0000000000
                  </Orientation>
                  <Axis type="Vector">0, 1, 0</Axis>
                  <Min type="float">-0.78539819</Min>
                  <Max type="float">0.78539819</Max>
               </HpGun01>
               <HpGun02>
                  <Position type="Vector">72.956604, 34.900387, -275.90002</Position>
                  <Orientation type="Matrix">
                       0.5000000000,   0.8660254500,   0.0000000000,
                      -0.8660254500,   0.5000000000,   0.0000000000,
                       0.0000000000,   0.0000000000,   1.0000000000
                  </Orientation>
                  <Axis type="Vector">0, 1, 0</Axis>
                  <Min type="float">-0.78539819</Min>
                  <Max type="float">0.78539819</Max>
               </HpGun02>
               <HpTurret11>
                  <Position type="Vector">-34.386955, -57.428104, -101.22445</Position>
                  <Orientation type="Matrix">
                     -238.41858e-09,  -0.9999998800, -357.62787e-09,
                     -223.51742e-09,  89.406967e-09,   0.9999998800,
                      -0.9999997600,  312.92439e-09, -178.81393e-09
                  </Orientation>
                  <Axis type="Vector">0, 1, 0</Axis>
                  <Min type="float">-1.5707964</Min>
                  <Max type="float">0.78539819</Max>
               </HpTurret11>
               <HpTurret12>
                  <Position type="Vector">34.391754, -57.458611, -101.0344</Position>
                  <Orientation type="Matrix">
                     -29.802322e-09,   0.9999997600,  268.22090e-09,
                      119.20929e-09,  59.604645e-09,   0.9999998800,
                       0.9999997000,  223.51742e-09,  208.61626e-09
                  </Orientation>
                  <Axis type="Vector">0, 1, 0</Axis>
                  <Min type="float">-0.78539819</Min>
                  <Max type="float">1.5707964</Max>
               </HpTurret12>
               <HpTurret13>
                  <Position type="Vector">-61.596416, -11.263264, -101.17068</Position>
                  <Orientation type="Matrix">
                      41.909516e-09,  -0.4999998500,   0.8660254500,
                     -156.46219e-09,  -0.8660255700,  -0.5000000000,
                       1.0000000000, -283.12206e-09,  294.29793e-09
                  </Orientation>
                  <Axis type="Vector">0, 1, 0</Axis>
                  <Min type="float">-0.08726646</Min>
                  <Max type="float">1.5707964</Max>
               </HpTurret13>
               <HpTurret14>
                  <Position type="Vector">61.775307, -11.160889, -101.14098</Position>
                  <Orientation type="Matrix">
                     -163.91277e-09,   0.5000000000,  -0.8660249700,
                       0.0000000000,  -0.8660250900,  -0.4999998200,
                      -1.0000000000, -149.01161e-09,  371.13205e-09
                  </Orientation>
                  <Axis type="Vector">0, 1, 0</Axis>
                  <Min type="float">-1.5707964</Min>
                  <Max type="float">0.08726646</Max>
               </HpTurret14>
               <HpTurret15>
                  <Position type="Vector">-27.29673, 48.349827, -101.20953</Position>
                  <Orientation type="Matrix">
                     -277.53413e-09,   0.5000001200,   0.8660252700,
                      35.390258e-09,   0.8660252100,  -0.5000000000,
                      -0.9999995200, -152.73690e-09, -244.00651e-09
                  </Orientation>
                  <Axis type="Vector">0, 1, 0</Axis>
                  <Min type="float">-1.5707964</Min>
                  <Max type="float">0.08726646</Max>
               </HpTurret15>
               <HpTurret16>
                  <Position type="Vector">27.255245, 48.326664, -101.28571</Position>
                  <Orientation type="Matrix">
                     -145.28632e-09,  -0.5000001800,  -0.8660254500,
                     -119.20929e-09,   0.8660256300,  -0.5000000000,
                       1.0000000000, -44.703484e-09, -187.66150e-09
                  </Orientation>
                  <Axis type="Vector">0, 1, 0</Axis>
                  <Min type="float">-0.08726646</Min>
                  <Max type="float">1.5707964</Max>
               </HpTurret16>
               <HpTurret17>
                  <Position type="Vector">-55.589306, 0.90260202, 183.1235</Position>
                  <Orientation type="Matrix">
                      74.505806e-09,  -0.7660443800,   0.6427881100,
                     -59.604645e-09,  -0.6427872200,  -0.7660445000,
                       0.9999998200, -327.82555e-09,  253.31974e-09
                  </Orientation>
                  <Axis type="Vector">0, 1, 0</Axis>
                  <Min type="float">-0.78539819</Min>
                  <Max type="float">0.78539819</Max>
               </HpTurret17>
               <HpTurret18>
                  <Position type="Vector">55.66407, 1.00082, 183.07031</Position>
                  <Orientation type="Matrix">
                      162.98145e-09,   0.7660445600,  -0.6427876900,
                      156.46219e-09,  -0.6427871600,  -0.7660446200,
                      -0.9999997600, -439.58426e-09,  562.51884e-09
                  </Orientation>
                  <Axis type="Vector">0, 1, 0</Axis>
                  <Min type="float">-0.78539819</Min>
                  <Max type="float">0.78539819</Max>
               </HpTurret18>
               <HpTurret19>
                  <Position type="Vector">-18.215996, -63.898544, 183.35097</Position>
                  <Orientation type="Matrix">
                     -162.99964e-09,  -0.9396926200,   0.3420200900,
                     -59.332706e-09,  -0.3420200300,  -0.9396928500,
                       0.9999998800, -173.52795e-09, -561.61298e-12
                  </Orientation>
                  <Axis type="Vector">0, 1, 0</Axis>
                  <Min type="float">-0.78539819</Min>
                  <Max type="float">0.78539819</Max>
               </HpTurret19>
               <HpTurret20>
                  <Position type="Vector">18.283567, -63.720966, 183.29115</Position>
                  <Orientation type="Matrix">
                     -159.25616e-09,   0.9396928500,   0.3420201800,
                     -180.21092e-09,  -0.3420203600,   0.9396925600,
                       1.0000000000,  94.994903e-09,  223.16817e-09
                  </Orientation>
                  <Axis type="Vector">0, 1, 0</Axis>
                  <Min type="float">-0.78539819</Min>
                  <Max type="float">0.78539819</Max>
               </HpTurret20>
               <HpTurret21>
                  <Position type="Vector">-23.932764, -67.955757, -199.86874</Position>
                  <Orientation type="Matrix">
                     -372.52903e-09,  -0.9876883000,  -0.1564347600,
                     -189.98981e-09,  -0.1564346600,   0.9876882400,
                      -0.9999995800,  454.48542e-09, -93.132257e-09
                  </Orientation>
                  <Axis type="Vector">0, 1, 0</Axis>
                  <Min type="float">-1.5707964</Min>
                  <Max type="float">0.78539819</Max>
               </HpTurret21>
               <HpTurret22>
                  <Position type="Vector">23.973736, -67.719788, -199.32573</Position>
                  <Orientation type="Matrix">
                       0.0000000000,   0.9876882400,   0.1564348000,
                      59.604645e-09,  -0.1564344900,   0.9876878300,
                       1.0000000000,  149.01161e-09,  74.505806e-09
                  </Orientation>
                  <Axis type="Vector">0, 1, 0</Axis>
                  <Min type="float">-0.78539819</Min>
                  <Max type="float">1.5707964</Max>
               </HpTurret22>
               <HpTurret23>
                  <Position type="Vector">-55.602299, 0.91801202, -9.7316685</Position>
                  <Orientation type="Matrix">
                      74.505806e-09,  -0.7660443800,   0.6427881100,
                     -59.604645e-09,  -0.6427872200,  -0.7660445000,
                       0.9999998200, -327.82555e-09,  253.31974e-09
                  </Orientation>
                  <Axis type="Vector">0, 1, 0</Axis>
                  <Min type="float">-0.78539819</Min>
                  <Max type="float">0.78539819</Max>
               </HpTurret23>
               <HpTurret24>
                  <Position type="Vector">55.647285, 0.97841799, -9.4583607</Position>
                  <Orientation type="Matrix">
                      162.98145e-09,   0.7660445600,  -0.6427876900,
                      156.46219e-09,  -0.6427871600,  -0.7660446200,
                      -0.9999997600, -439.58426e-09,  562.51884e-09
                  </Orientation>
                  <Axis type="Vector">0, 1, 0</Axis>
                  <Min type="float">-0.78539819</Min>
                  <Max type="float">0.78539819</Max>
               </HpTurret24>
               <HpTurret25>
                  <Position type="Vector">-37.335342, 32.590862, -9.6672287</Position>
                  <Orientation type="Matrix">
                     -43.599499e-09,   0.1736483000,   0.9848071900,
                     -7.4672926e-09,   0.9848077300,  -0.1736481900,
                      -0.9999997600, -14.927309e-09, -41.798046e-09
                  </Orientation>
                  <Axis type="Vector">0, 1, 0</Axis>
                  <Min type="float">-0.78539819</Min>
                  <Max type="float">0.78539819</Max>
               </HpTurret25>
               <HpTurret26>
                  <Position type="Vector">37.214848, 32.571739, -9.6918707</Position>
                  <Orientation type="Matrix">
                     -166.06646e-09,  -0.1736483300,  -0.9848073700,
                      1.1641532e-09,   0.9848073100,  -0.1736482100,
                       0.9999997600, -27.939677e-09, -160.30390e-09
                  </Orientation>
                  <Axis type="Vector">0, 1, 0</Axis>
                  <Min type="float">-0.78539819</Min>
                  <Max type="float">0.78539819</Max>
               </HpTurret26>
               <HpTurret27>
                  <Position type="Vector">-61.671982, -11.220068, -81.606056</Position>
                  <Orientation type="Matrix">
                      41.909516e-09,  -0.4999998500,   0.8660254500,
                     -156.46219e-09,  -0.8660255700,  -0.5000000000,
                       1.0000000000, -283.12206e-09,  294.29793e-09
                  </Orientation>
                  <Axis type="Vector">0, 1, 0</Axis>
                  <Min type="float">-0.78539819</Min>
                  <Max type="float">1.5707964</Max>
               </HpTurret27>
               <HpTurret28>
                  <Position type="Vector">61.714474, -11.195647, -81.62532</Position>
                  <Orientation type="Matrix">
                     -163.91277e-09,   0.5000000000,  -0.8660249700,
                       0.0000000000,  -0.8660250900,  -0.4999998200,
                      -1.0000000000, -149.01161e-09,  371.13205e-09
                  </Orientation>
                  <Axis type="Vector">0, 1, 0</Axis>
                  <Min type="float">-1.5707964</Min>
                  <Max type="float">0.78539819</Max>
               </HpTurret28>
               <HpTurret29>
                  <Position type="Vector">-34.386864, -57.415886, -120.61609</Position>
                  <Orientation type="Matrix">
                     -238.41858e-09,  -0.9999998800, -357.62787e-09,
                     -223.51742e-09,  89.406967e-09,   0.9999998800,
                      -0.9999997600,  312.92439e-09, -178.81393e-09
                  </Orientation>
                  <Axis type="Vector">0, 1, 0</Axis>
                  <Min type="float">-1.5707964</Min>
                  <Max type="float">0.78539819</Max>
               </HpTurret29>
               <HpTurret30>
                  <Position type="Vector">34.391785, -57.479191, -120.69988</Position>
                  <Orientation type="Matrix">
                     -29.802322e-09,   0.9999997600,  268.22090e-09,
                      119.20929e-09,  59.604645e-09,   0.9999998800,
                       0.9999997000,  223.51742e-09,  208.61626e-09
                  </Orientation>
                  <Axis type="Vector">0, 1, 0</Axis>
                  <Min type="float">-0.78539819</Min>
                  <Max type="float">1.5707964</Max>
               </HpTurret30>
               <HpTurret31>
                  <Position type="Vector">-34.386955, -57.431274, -81.609192</Position>
                  <Orientation type="Matrix">
                     -238.41858e-09,  -0.9999998800, -357.62787e-09,
                     -223.51742e-09,  89.406967e-09,   0.9999998800,
                      -0.9999997600,  312.92439e-09, -178.81393e-09
                  </Orientation>
                  <Axis type="Vector">0, 1, 0</Axis>
                  <Min type="float">-1.5707964</Min>
                  <Max type="float">0.78539819</Max>
               </HpTurret31>
               <HpTurret32>
                  <Position type="Vector">34.391968, -57.533478, -81.687721</Position>
                  <Orientation type="Matrix">
                     -29.802322e-09,   0.9999997600,  268.22090e-09,
                      119.20929e-09,  59.604645e-09,   0.9999998800,
                       0.9999997000,  223.51742e-09,  208.61626e-09
                  </Orientation>
                  <Axis type="Vector">0, 1, 0</Axis>
                  <Min type="float">-0.78539819</Min>
                  <Max type="float">1.5707964</Max>
               </HpTurret32>
               <HpTurret33>
                  <Position type="Vector">-27.341444, 48.375866, -120.84475</Position>
                  <Orientation type="Matrix">
                     -277.53413e-09,   0.5000001200,   0.8660252700,
                      35.390258e-09,   0.8660252100,  -0.5000000000,
                      -0.9999995200, -152.73690e-09, -244.00651e-09
                  </Orientation>
                  <Axis type="Vector">0, 1, 0</Axis>
                  <Min type="float">-0.78539819</Min>
                  <Max type="float">0.78539819</Max>
               </HpTurret33>
               <HpTurret34>
                  <Position type="Vector">27.155689, 48.268745, -120.72054</Position>
                  <Orientation type="Matrix">
                     -145.28632e-09,  -0.5000001800,  -0.8660254500,
                     -119.20929e-09,   0.8660256300,  -0.5000000000,
                       1.0000000000, -44.703484e-09, -187.66150e-09
                  </Orientation>
                  <Axis type="Vector">0, 1, 0</Axis>
                  <Min type="float">-0.78539819</Min>
                  <Max type="float">0.78539819</Max>
               </HpTurret34>
               <HpTurret35>
                  <Position type="Vector">-27.472708, 48.452419, -81.695396</Position>
                  <Orientation type="Matrix">
                     -277.53413e-09,   0.5000001200,   0.8660252700,
                      35.390258e-09,   0.8660252100,  -0.5000000000,
                      -0.9999995200, -152.73690e-09, -244.00651e-09
                  </Orientation>
                  <Axis type="Vector">0, 1, 0</Axis>
                  <Min type="float">-0.78539819</Min>
                  <Max type="float">0.78539819</Max>
               </HpTurret35>
               <HpTurret36>
                  <Position type="Vector">27.195347, 48.291859, -81.53434</Position>
                  <Orientation type="Matrix">
                     -145.28632e-09,  -0.5000001800,  -0.8660254500,
                     -119.20929e-09,   0.8660256300,  -0.5000000000,
                       1.0000000000, -44.703484e-09, -187.66150e-09
                  </Orientation>
                  <Axis type="Vector">0, 1, 0</Axis>
                  <Min type="float">-0.78539819</Min>
                  <Max type="float">0.78539819</Max>
               </HpTurret36>
               <HpTurret37>
                  <Position type="Vector">-61.635738, -11.240786, -120.74242</Position>
                  <Orientation type="Matrix">
                      41.909516e-09,  -0.4999998500,   0.8660254500,
                     -156.46219e-09,  -0.8660255700,  -0.5000000000,
                       1.0000000000, -283.12206e-09,  294.29793e-09
                  </Orientation>
                  <Axis type="Vector">0, 1, 0</Axis>
                  <Min type="float">-0.78539819</Min>
                  <Max type="float">1.5707964</Max>
               </HpTurret37>
               <HpTurret38>
                  <Position type="Vector">61.635876, -11.240557, -120.82545</Position>
                  <Orientation type="Matrix">
                     -163.91277e-09,   0.5000000000,  -0.8660249700,
                       0.0000000000,  -0.8660250900,  -0.4999998200,
                      -1.0000000000, -149.01161e-09,  371.13205e-09
                  </Orientation>
                  <Axis type="Vector">0, 1, 0</Axis>
                  <Min type="float">-1.5707964</Min>
                  <Max type="float">0.78539819</Max>
               </HpTurret38>
               <HpTurret39>
                  <Position type="Vector">-68.524323, 40.93536, 270.69897</Position>
                  <Orientation type="Matrix">
                      -0.6691305600,  -0.7431448700,  150.99580e-09,
                      -0.7431448700,   0.6691305600,   0.0000000000,
                     -101.03591e-09, -112.21176e-09,  -1.0000000000
                  </Orientation>
                  <Axis type="Vector">0, 1, 0</Axis>
                  <Min type="float">-1.5707964</Min>
                  <Max type="float">1.5707964</Max>
               </HpTurret39>
               <HpTurret40>
                  <Position type="Vector">68.441422, 41.036312, 270.83685</Position>
                  <Orientation type="Matrix">
                      -0.6691305600,   0.7431448700,  78.841758e-09,
                       0.7431448700,   0.6691305600, -64.967786e-09,
                     -101.03591e-09,  15.118921e-09,  -1.0000000000
                  </Orientation>
                  <Axis type="Vector">0, 1, 0</Axis>
                  <Min type="float">-1.5707964</Min>
                  <Max type="float">1.5707964</Max>
               </HpTurret40>
               <HpGun03>
                  <Position type="Vector">0, -90.290573, -276.05508</Position>
                  <Orientation type="Matrix">
                      -1.0000000000,  151.64355e-15, -389.41437e-09,
                       0.0000000000,  -1.0000000000, -389.41437e-09,
                     -389.41437e-09, -389.41437e-09,   1.0000000000
                  </Orientation>
                  <Axis type="Vector">0, 1, 0</Axis>
                  <Min type="float">-0.78539819</Min>
                  <Max type="float">0.78539819</Max>
               </HpGun03>
            </Revolute>
         </Hardpoints>
      </Dreadnought_2e210506144226.3db>
      <Dreadnought_2e_anim_lod1210506144226.3db>
         <VMeshPart>
            <VMeshRef type="VMeshRef">
               <!-- header size  --> 60,
               <!-- vmesh lib    --> dreadnought_2e.lod0-112.vms,
               <!-- start vert   --> 8148,
               <!-- num verts    --> 6304,
               <!-- start index  --> 25491,
               <!-- num indices  --> 18696,
               <!-- start mesh   --> 1,
               <!-- num meshes   --> 1,
               <!-- bounding box -->  104.34378,     216.94482,     55.57328,
                                     -104.3429,     -216.94409,    -55.5728,
               <!-- center       -->  442.50491e-6,  371.93298e-6, 244.14063e-6,
               <!-- radius       --> 223.71245
            </VMeshRef>
         </VMeshPart>
         <VMeshWire include="Dreadnought_2e_cmp\Dreadnought_2e_anim_lod1.vwd.xml"/>
         <Hardpoints>
            <Fixed>
               <HpDocklight05>
                  <Position type="Vector">-35.300056, -216.94409, 8.4804535</Position>
                  <Orientation type="Matrix">
                       1.0000000000,   0.0000000000,   0.0000000000,
                       0.0000000000,   1.0000000000,   0.0000000000,
                       0.0000000000,   0.0000000000,   1.0000000000
                  </Orientation>
               </HpDocklight05>
               <HpDocklight01>
                  <Position type="Vector">-35.450642, 216.94482, -7.2735443</Position>
                  <Orientation type="Matrix">
                       1.0000000000,   0.0000000000,   0.0000000000,
                       0.0000000000,   1.0000000000,   0.0000000000,
                       0.0000000000,   0.0000000000,   1.0000000000
                  </Orientation>
               </HpDocklight01>
               <HpDocklight02>
                  <Position type="Vector">-35.477287, 216.94482, 8.5329285</Position>
                  <Orientation type="Matrix">
                       1.0000000000,   0.0000000000,   0.0000000000,
                       0.0000000000,   1.0000000000,   0.0000000000,
                       0.0000000000,   0.0000000000,   1.0000000000
                  </Orientation>
               </HpDocklight02>
               <HpRunningLight01>
                  <Position type="Vector">-35.57851, 216.94482, -7.2802124</Position>
                  <Orientation type="Matrix">
                       1.0000000000,   0.0000000000,   0.0000000000,
                       0.0000000000,   1.0000000000,   0.0000000000,
                       0.0000000000,   0.0000000000,   1.0000000000
                  </Orientation>
               </HpRunningLight01>
               <HpRunningLight02>
                  <Position type="Vector">-35.349804, 216.94482, 8.5401611</Position>
                  <Orientation type="Matrix">
                       1.0000000000,   0.0000000000,   0.0000000000,
                       0.0000000000,   1.0000000000,   0.0000000000,
                       0.0000000000,   0.0000000000,   1.0000000000
                  </Orientation>
               </HpRunningLight02>
               <HpDocklight03>
                  <Position type="Vector">35.35836, 216.94482, -7.2396851</Position>
                  <Orientation type="Matrix">
                       1.0000000000,   0.0000000000,   0.0000000000,
                       0.0000000000,   1.0000000000,   0.0000000000,
                       0.0000000000,   0.0000000000,   1.0000000000
                  </Orientation>
               </HpDocklight03>
               <HpDocklight04>
                  <Position type="Vector">35.316822, 216.94482, 8.5167389</Position>
                  <Orientation type="Matrix">
                       1.0000000000,   0.0000000000,   0.0000000000,
                       0.0000000000,   1.0000000000,   0.0000000000,
                       0.0000000000,   0.0000000000,   1.0000000000
                  </Orientation>
               </HpDocklight04>
               <HpRunningLight03>
                  <Position type="Vector">35.316769, 216.94482, -7.2763672</Position>
                  <Orientation type="Matrix">
                       1.0000000000,   0.0000000000,   0.0000000000,
                       0.0000000000,   1.0000000000,   0.0000000000,
                       0.0000000000,   0.0000000000,   1.0000000000
                  </Orientation>
               </HpRunningLight03>
               <HpRunningLight04>
                  <Position type="Vector">35.316769, 216.94482, 8.5174255</Position>
                  <Orientation type="Matrix">
                       1.0000000000,   0.0000000000,   0.0000000000,
                       0.0000000000,   1.0000000000,   0.0000000000,
                       0.0000000000,   0.0000000000,   1.0000000000
