<?xml version="1.0" encoding="ISO-8859-1"?>
<!-- XML generated by UTFXML Version 2.2 built 19-Aug-2010 -->
<UTFXML filename="Drone_V2_scifi.cmp" path="SHIPS\new\Scifi">
   <UTF_ROOT>
      <VMeshLibrary>
         <drone_v2_scifi.lod0-112.vms include="Drone_V2_scifi_cmp\lod0-112.vms.xml"/>
      </VMeshLibrary>
      <Exporter_Version name="Exporter Version" type="text">Export</Exporter_Version>
      <Cmpnd>
         <Root>
            <Object_name name="Object name" type="text">Root</Object_name>
            <Index type="int">0</Index>
            <File_name name="File name" type="text">Drone_V2_scifi211112164801.3db</File_name>
         </Root>
      </Cmpnd>
      <Drone_V2_scifi211112164801.3db>
         <VMeshPart>
            <VMeshRef type="VMeshRef">
               <!-- header size  --> 60,
               <!-- vmesh lib    --> drone_v2_scifi.lod0-112.vms,
               <!-- start vert   --> 0,
               <!-- num verts    --> 9147,
               <!-- start index  --> 0,
               <!-- num indices  --> 28728,
               <!-- start mesh   --> 0,
               <!-- num meshes   --> 1,
               <!-- bounding box -->  140.19276,       49.495007,     203.77779,
                                     -140.18996,      -49.499241,    -221.20044,
               <!-- center       -->    0.0014038086,  -0.002117157,   -8.7113266,
               <!-- radius       --> 224.23793
            </VMeshRef>
         </VMeshPart>
         <VMeshWire include="Drone_V2_scifi_cmp\Drone_V2_scifi.vwd.xml"/>
         <Hardpoints>
            <Fixed>
               <HpMount>
                  <Position type="Vector">0, -60, -120</Position>
                  <Orientation type="Matrix">
                       1.0000000000,   0.0000000000,   0.0000000000,
                       0.0000000000,   1.0000000000,   0.0000000000,
                       0.0000000000,   0.0000000000,   1.0000000000
                  </Orientation>
               </HpMount>
               <HpBayDoor01>
                  <Position type="Vector">0, -65, 0</Position>
                  <Orientation type="Matrix">
                       1.0000000000,   0.0000000000,   0.0000000000,
                       0.0000000000,   1.0000000000,   0.0000000000,
                       0.0000000000,   0.0000000000,   1.0000000000
                  </Orientation>
               </HpBayDoor01>
               <HpBayDoor02>
                  <Position type="Vector">0, -70, 0</Position>
                  <Orientation type="Matrix">
                       1.0000000000,   0.0000000000,   0.0000000000,
                       0.0000000000,   1.0000000000,   0.0000000000,
                       0.0000000000,   0.0000000000,   1.0000000000
                  </Orientation>
               </HpBayDoor02>
               <HpFX01>
                  <Position type="Vector">0, 0, 0</Position>
                  <Orientation type="Matrix">
                       1.0000000000,   0.0000000000,   0.0000000000,
                       0.0000000000,   1.0000000000,   0.0000000000,
                       0.0000000000,   0.0000000000,   1.0000000000
                  </Orientation>
               </HpFX01>
               <HpFX02>
                  <Position type="Vector">0, 0, 0</Position>
                  <Orientation type="Matrix">
                      313.91644e-09,   0.9999998800,   0.0000000000,
                      -0.9999998800,  313.91644e-09,   0.0000000000,
                       0.0000000000,   0.0000000000,   1.0000000000
                  </Orientation>
               </HpFX02>
               <HpFX03>
                  <Position type="Vector">0, 0, 0</Position>
                  <Orientation type="Matrix">
                       1.0000000000,   0.0000000000,   0.0000000000,
                       0.0000000000,  313.91644e-09,   0.9999998800,
                       0.0000000000,  -0.9999998800,  313.91644e-09
                  </Orientation>
               </HpFX03>
               <HpFX04>
                  <Position type="Vector">0, 0, 0</Position>
                  <Orientation type="Matrix">
                       1.0000000000,   0.0000000000,   0.0000000000,
                       0.0000000000,   1.0000000000,   0.0000000000,
                       0.0000000000,   0.0000000000,   1.0000000000
                  </Orientation>
               </HpFX04>
               <HpFX05>
                  <Position type="Vector">0, 0, 0</Position>
                  <Orientation type="Matrix">
                       1.0000000000,   0.0000000000,   0.0000000000,
                       0.0000000000,   1.0000000000,   0.0000000000,
                       0.0000000000,   0.0000000000,   1.0000000000
                  </Orientation>
               </HpFX05>
               <HpFX06>
                  <Position type="Vector">0, 0, 0</Position>
                  <Orientation type="Matrix">
                       1.0000000000,   0.0000000000,   0.0000000000,
                       0.0000000000,   1.0000000000,   0.0000000000,
                       0.0000000000,   0.0000000000,   1.0000000000
                  </Orientation>
               </HpFX06>
               <HpFX07>
                  <Position type="Vector">0, 0, 0</Position>
                  <Orientation type="Matrix">
                       1.0000000000,   0.0000000000,   0.0000000000,
                       0.0000000000,   1.0000000000,   0.0000000000,
                       0.0000000000,   0.0000000000,   1.0000000000
                  </Orientation>
               </HpFX07>
               <HpCloak01>
                  <Position type="Vector">0, 5, -15</Position>
                  <Orientation type="Matrix">
                       1.0000000000,   0.0000000000,   0.0000000000,
                       0.0000000000,   1.0000000000,   0.0000000000,
                       0.0000000000,   0.0000000000,   1.0000000000
                  </Orientation>
               </HpCloak01>
               <HpEngine01>
                  <Position type="Vector">-29.691835, 14.133306, 153.53787</Position>
                  <Orientation type="Matrix">
                       1.0000000000,   0.0000000000,   0.0000000000,
                       0.0000000000,   1.0000000000,   0.0000000000,
                       0.0000000000,   0.0000000000,   1.0000000000
                  </Orientation>
               </HpEngine01>
               <HpEngine02>
                  <Position type="Vector">29.720362, 14.139712, 153.53712</Position>
                  <Orientation type="Matrix">
                       1.0000000000,   0.0000000000,   0.0000000000,
                       0.0000000000,   1.0000000000,   0.0000000000,
                       0.0000000000,   0.0000000000,   1.0000000000
                  </Orientation>
               </HpEngine02>
               <HpShield01>
                  <Position type="Vector">0, 0, 0</Position>
                  <Orientation type="Matrix">
                       1.0000000000,   0.0000000000,   0.0000000000,
                       0.0000000000,   1.0000000000,   0.0000000000,
                       0.0000000000,   0.0000000000,   1.0000000000
                  </Orientation>
               </HpShield01>
               <HpShield02>
                  <Position type="Vector">0, 0, 0</Position>
                  <Orientation type="Matrix">
                       1.0000000000,   0.0000000000,   0.0000000000,
                       0.0000000000,   1.0000000000,   0.0000000000,
                       0.0000000000,   0.0000000000,   1.0000000000
                  </Orientation>
               </HpShield02>
               <HpShield03>
                  <Position type="Vector">0, 0, 0</Position>
                  <Orientation type="Matrix">
                       1.0000000000,   0.0000000000,   0.0000000000,
                       0.0000000000,   1.0000000000,   0.0000000000,
                       0.0000000000,   0.0000000000,   1.0000000000
                  </Orientation>
               </HpShield03>
               <HpShield04>
                  <Position type="Vector">0, 0, 0</Position>
                  <Orientation type="Matrix">
                       1.0000000000,   0.0000000000,   0.0000000000,
                       0.0000000000,   1.0000000000,   0.0000000000,
                       0.0000000000,   0.0000000000,   1.0000000000
                  </Orientation>
               </HpShield04>
               <HpTractor_Source>
                  <Position type="Vector">-0.37385401, -8.3142214, -221.17697</Position>
                  <Orientation type="Matrix">
                       1.0000000000,   0.0000000000,   0.0000000000,
                       0.0000000000,   1.0000000000,   0.0000000000,
                       0.0000000000,   0.0000000000,   1.0000000000
                  </Orientation>
               </HpTractor_Source>
               <HpDocklight01>
                  <Position type="Vector">-140.16791, -47.209747, 72.471008</Position>
                  <Orientation type="Matrix">
                       1.0000000000,   0.0000000000,   0.0000000000,
                       0.0000000000,   1.0000000000,   0.0000000000,
                       0.0000000000,   0.0000000000,   1.0000000000
                  </Orientation>
               </HpDocklight01>
               <HpDocklight02>
                  <Position type="Vector">140.16356, -47.204636, 72.489532</Position>
                  <Orientation type="Matrix">
                       1.0000000000,   0.0000000000,   0.0000000000,
                       0.0000000000,   1.0000000000,   0.0000000000,
                       0.0000000000,   0.0000000000,   1.0000000000
                  </Orientation>
               </HpDocklight02>
               <HpRunningLight01>
                  <Position type="Vector">-34.541313, 23.894129, 203.75929</Position>
                  <Orientation type="Matrix">
                       1.0000000000,   0.0000000000,   0.0000000000,
                       0.0000000000,   1.0000000000,   0.0000000000,
                       0.0000000000,   0.0000000000,   1.0000000000
                  </Orientation>
               </HpRunningLight01>
               <HpRunningLight02>
                  <Position type="Vector">34.594265, 23.870344, 203.76065</Position>
                  <Orientation type="Matrix">
                       1.0000000000,   0.0000000000,   0.0000000000,
                       0.0000000000,   1.0000000000,   0.0000000000,
                       0.0000000000,   0.0000000000,   1.0000000000
                  </Orientation>
               </HpRunningLight02>
               <HpRunningLight03>
                  <Position type="Vector">-134.53731, -43.315647, 57.316635</Position>
                  <Orientation type="Matrix">
                       1.0000000000,   0.0000000000,   0.0000000000,
                       0.0000000000,   1.0000000000,   0.0000000000,
                       0.0000000000,   0.0000000000,   1.0000000000
                  </Orientation>
               </HpRunningLight03>
               <HpRunningLight04>
                  <Position type="Vector">134.55769, -43.32793, 57.326263</Position>
                  <Orientation type="Matrix">
                       1.0000000000,   0.0000000000,   0.0000000000,
                       0.0000000000,   1.0000000000,   0.0000000000,
                       0.0000000000,   0.0000000000,   1.0000000000
                  </Orientation>
               </HpRunningLight04>
               <HpRunningLight05>
                  <Position type="Vector">-86.893906, -16.759266, 197.16032</Position>
                  <Orientation type="Matrix">
                       1.0000000000,   0.0000000000,   0.0000000000,
                       0.0000000000,   1.0000000000,   0.0000000000,
                       0.0000000000,   0.0000000000,   1.0000000000
                  </Orientation>
               </HpRunningLight05>
               <HpRunningLight06>
                  <Position type="Vector">87.218834, -16.750633, 197.15565</Position>
                  <Orientation type="Matrix">
                       1.0000000000,   0.0000000000,   0.0000000000,
                       0.0000000000,   1.0000000000,   0.0000000000,
                       0.0000000000,   0.0000000000,   1.0000000000
                  </Orientation>
               </HpRunningLight06>
               <HpRunningLight07>
                  <Position type="Vector">-0.36963099, -7.782372, -221.18105</Position>
                  <Orientation type="Matrix">
                       1.0000000000,   0.0000000000,   0.0000000000,
                       0.0000000000,   1.0000000000,   0.0000000000,
                       0.0000000000,   0.0000000000,   1.0000000000
                  </Orientation>
               </HpRunningLight07>
               <HpCM01>
                  <Position type="Vector">24.619452, -46.626781, 50.896591</Position>
                  <Orientation type="Matrix">
                      -0.9999998800,  230.40458e-09, -230.40469e-09,
                       0.0000000000,  -0.7071069500,  -0.7071065900,
                     -325.84134e-09,  -0.7071065900,   0.7071069500
                  </Orientation>
               </HpCM01>
               <HpThruster01>
                  <Position type="Vector">-29.744022, 13.694908, 152</Position>
                  <Orientation type="Matrix">
                       1.0000000000,   0.0000000000,   0.0000000000,
                       0.0000000000,   1.0000000000,   0.0000000000,
                       0.0000000000,   0.0000000000,   1.0000000000
                  </Orientation>
               </HpThruster01>
               <HpThruster02>
                  <Position type="Vector">29.777977, 13.694294, 152</Position>
                  <Orientation type="Matrix">
                       1.0000000000,   0.0000000000,   0.0000000000,
                       0.0000000000,   1.0000000000,   0.0000000000,
                       0.0000000000,   0.0000000000,   1.0000000000
                  </Orientation>
               </HpThruster02>
               <HpCM02>
                  <Position type="Vector">-23.882282, -46.621819, 50.879814</Position>
                  <Orientation type="Matrix">
                      -0.9999998800,  230.40458e-09, -230.40469e-09,
                       0.0000000000,  -0.7071069500,  -0.7071065900,
                     -325.84134e-09,  -0.7071065900,   0.7071069500
                  </Orientation>
               </HpCM02>
            </Fixed>
            <Revolute>
               <HpCD01>
                  <Position type="Vector">2.1952829, 49.420193, -23.897961</Position>
                  <Orientation type="Matrix">
                       1.0000000000,   0.0000000000,   0.0000000000,
                       0.0000000000,   1.0000000000,   0.0000000000,
                       0.0000000000,   0.0000000000,   1.0000000000
                  </Orientation>
                  <Axis type="Vector">0, 1, 0</Axis>
                  <Min type="float">-2.2689281</Min>
                  <Max type="float">2.2689281</Max>
               </HpCD01>
               <HpWeapon01>
                  <Position type="Vector">0.91361499, 31.035622, -98.06942</Position>
                  <Orientation type="Matrix">
                     -149.01161e-09,  29.802322e-09,  -1.0000000000,
                       0.3420200300,   0.9396925000, -29.802322e-09,
                       0.9396924400,  -0.3420200300, -156.46219e-09
                  </Orientation>
                  <Axis type="Vector">0, 1, 0</Axis>
                  <Min type="float">0</Min>
                  <Max type="float">0</Max>
               </HpWeapon01>
               <HpWeapon02>
                  <Position type="Vector">0.91646302, 34.537365, -86.790726</Position>
                  <Orientation type="Matrix">
                     -149.01161e-09,  29.802322e-09,  -1.0000000000,
                       0.3420200300,   0.9396925000, -29.802322e-09,
                       0.9396924400,  -0.3420200300, -156.46219e-09
                  </Orientation>
                  <Axis type="Vector">0, 1, 0</Axis>
                  <Min type="float">0</Min>
                  <Max type="float">0</Max>
               </HpWeapon02>
               <HpWeapon03>
                  <Position type="Vector">0.97820199, 37.6227, -76.252899</Position>
                  <Orientation type="Matrix">
                     -149.01161e-09,  29.802322e-09,  -1.0000000000,
                       0.3420200300,   0.9396925000, -29.802322e-09,
                       0.9396924400,  -0.3420200300, -156.46219e-09
                  </Orientation>
                  <Axis type="Vector">0, 1, 0</Axis>
                  <Min type="float">0</Min>
                  <Max type="float">0</Max>
               </HpWeapon03>
               <HpWeapon04>
                  <Position type="Vector">1.000212, 40.623959, -65.765106</Position>
                  <Orientation type="Matrix">
                     -149.01161e-09,  29.802322e-09,  -1.0000000000,
                       0.3420200300,   0.9396925000, -29.802322e-09,
                       0.9396924400,  -0.3420200300, -156.46219e-09
                  </Orientation>
                  <Axis type="Vector">0, 1, 0</Axis>
                  <Min type="float">0</Min>
                  <Max type="float">0</Max>
               </HpWeapon04>
               <HpAGun01>
                  <Position type="Vector">7.3436131, -13.725243, -155.00867</Position>
                  <Orientation type="Matrix">
                      -1.0000000000,  106.17260e-15, -325.84137e-09,
                       0.0000000000,  -1.0000000000, -325.84137e-09,
                     -325.84137e-09, -325.84137e-09,   1.0000000000
                  </Orientation>
                  <Axis type="Vector">0, 1, 0</Axis>
                  <Min type="float">0</Min>
                  <Max type="float">0</Max>
               </HpAGun01>
               <HpAGun02>
                  <Position type="Vector">-7.2430291, -13.711256, -155.07149</Position>
                  <Orientation type="Matrix">
                      -1.0000000000,  106.17260e-15, -325.84137e-09,
                       0.0000000000,  -1.0000000000, -325.84137e-09,
                     -325.84137e-09, -325.84137e-09,   1.0000000000
                  </Orientation>
                  <Axis type="Vector">0, 1, 0</Axis>
                  <Min type="float">0</Min>
                  <Max type="float">0</Max>
               </HpAGun02>
               <HpBGun01>
                  <Position type="Vector">-49.362114, -25.971046, -58.486389</Position>
                  <Orientation type="Matrix">
                       1.0000000000,   0.0000000000,   0.0000000000,
                       0.0000000000,   1.0000000000,   0.0000000000,
                       0.0000000000,   0.0000000000,   1.0000000000
                  </Orientation>
                  <Axis type="Vector">0, 1, 0</Axis>
                  <Min type="float">0</Min>
                  <Max type="float">0</Max>
               </HpBGun01>
               <HpBGun02>
                  <Position type="Vector">49.318958, -25.915771, -58.483391</Position>
                  <Orientation type="Matrix">
                       1.0000000000,   0.0000000000,   0.0000000000,
                       0.0000000000,   1.0000000000,   0.0000000000,
                       0.0000000000,   0.0000000000,   1.0000000000
                  </Orientation>
                  <Axis type="Vector">0, 1, 0</Axis>
                  <Min type="float">0</Min>
                  <Max type="float">0</Max>
               </HpBGun02>
               <HpT01>
                  <Position type="Vector">0.017264999, 10.912671, 167.01591</Position>
                  <Orientation type="Matrix">
                      -1.0000000000, -26.220150e-09,  148.70183e-09,
                      3.5527137e-15,   0.9848077300,   0.1736481500,
                     -150.99582e-09,   0.1736481600,  -0.9848078500
                  </Orientation>
                  <Axis type="Vector">0, 1, 0</Axis>
                  <Min type="float">-0.43633232</Min>
                  <Max type="float">0.43633232</Max>
               </HpT01>
               <HpT02>
                  <Position type="Vector">0.040670998, 0.532516, 173.39291</Position>
                  <Orientation type="Matrix">
                       1.0000000000, -86.094630e-09, -72.241995e-09,
                     -72.241974e-09,  -0.9848079100,   0.1736480700,
                     -86.094637e-09,  -0.1736480700,  -0.9848079100
                  </Orientation>
                  <Axis type="Vector">0, 1, 0</Axis>
                  <Min type="float">-0.43633232</Min>
                  <Max type="float">0.43633232</Max>
               </HpT02>
               <HpTurret01>
                  <Position type="Vector">-128.55038, -39.094589, 62.900784</Position>
                  <Orientation type="Matrix">
                       0.8191521200,  -0.5735763300,   0.0000000000,
                       0.5735763300,   0.8191521200,   0.0000000000,
                       0.0000000000,   0.0000000000,   1.0000000000
                  </Orientation>
                  <Axis type="Vector">0, 1, 0</Axis>
                  <Min type="float">-3.1415927</Min>
                  <Max type="float">3.1415927</Max>
               </HpTurret01>
               <HpTurret02>
                  <Position type="Vector">128.66383, -39.170052, 63.323883</Position>
                  <Orientation type="Matrix">
                       0.8191520600,   0.5735763900,   0.0000000000,
                      -0.5735763900,   0.8191520600,   0.0000000000,
                       0.0000000000,   0.0000000000,   1.0000000000
                  </Orientation>
                  <Axis type="Vector">0, 1, 0</Axis>
                  <Min type="float">-3.1415927</Min>
                  <Max type="float">3.1415927</Max>
               </HpTurret02>
               <HpTurret03>
                  <Position type="Vector">-126.2939, -41.182877, 62.962868</Position>
                  <Orientation type="Matrix">
                     -89.406967e-09,   0.5735762700,   0.8191520600,
                      44.703484e-09,  -0.8191520600,   0.5735762100,
                       0.9999998200,  59.604645e-09,  178.81393e-09
                  </Orientation>
                  <Axis type="Vector">0, 1, 0</Axis>
                  <Min type="float">-1.5707964</Min>
                  <Max type="float">1.5707964</Max>
               </HpTurret03>
               <HpTurret04>
                  <Position type="Vector">126.32879, -41.204105, 63.178608</Position>
                  <Orientation type="Matrix">
                      186.26451e-09,  -0.5735764500,  -0.8191521800,
                     -59.604645e-09,  -0.8191518800,   0.5735763900,
                      -1.0000000000,  89.406967e-09, -22.351742e-09
                  </Orientation>
                  <Axis type="Vector">0, 1, 0</Axis>
                  <Min type="float">-1.5707964</Min>
                  <Max type="float">1.5707964</Max>
               </HpTurret04>
               <HpTurret05>
                  <Position type="Vector">-113.47224, -28.441391, 78.838646</Position>
                  <Orientation type="Matrix">
                       0.8191521200,  -0.5735763300,   0.0000000000,
                       0.5735763300,   0.8191521200,   0.0000000000,
                       0.0000000000,   0.0000000000,   1.0000000000
                  </Orientation>
                  <Axis type="Vector">0, 1, 0</Axis>
                  <Min type="float">-3.1415927</Min>
                  <Max type="float">3.1415927</Max>
               </HpTurret05>
               <HpTurret06>
                  <Position type="Vector">113.62687, -28.548683, 78.702896</Position>
                  <Orientation type="Matrix">
                       0.8191520600,   0.5735763900,   0.0000000000,
                      -0.5735763900,   0.8191520600,   0.0000000000,
                       0.0000000000,   0.0000000000,   1.0000000000
                  </Orientation>
                  <Axis type="Vector">0, 1, 0</Axis>
                  <Min type="float">-3.1415927</Min>
                  <Max type="float">3.1415927</Max>
               </HpTurret06>
               <HpTurret07>
                  <Position type="Vector">-112.50835, -31.810617, 75.197662</Position>
                  <Orientation type="Matrix">
                     -89.406967e-09,   0.5735762700,   0.8191520600,
                      44.703484e-09,  -0.8191520600,   0.5735762100,
                       0.9999998200,  59.604645e-09,  178.81393e-09
                  </Orientation>
                  <Axis type="Vector">0, 1, 0</Axis>
                  <Min type="float">-1.5707964</Min>
                  <Max type="float">1.5707964</Max>
               </HpTurret07>
               <HpTurret08>
                  <Position type="Vector">112.07112, -31.510298, 76.013512</Position>
                  <Orientation type="Matrix">
                      186.26451e-09,  -0.5735764500,  -0.8191521800,
                     -59.604645e-09,  -0.8191518800,   0.5735763900,
                      -1.0000000000,  89.406967e-09, -22.351742e-09
                  </Orientation>
                  <Axis type="Vector">0, 1, 0</Axis>
                  <Min type="float">-1.5707964</Min>
                  <Max type="float">1.5707964</Max>
               </HpTurret08>
               <HpTurret09>
                  <Position type="Vector">0.962457, 46.388035, -2.0840909</Position>
                  <Orientation type="Matrix">
                       1.0000000000,   0.0000000000,   0.0000000000,
                       0.0000000000,   0.9993908400,   0.0348992980,
                       0.0000000000,  -0.0348992980,   0.9993908400
                  </Orientation>
                  <Axis type="Vector">0, 1, 0</Axis>
                  <Min type="float">-3.1415927</Min>
                  <Max type="float">3.1415927</Max>
               </HpTurret09>
               <HpTurret10>
                  <Position type="Vector">0.37924299, -45.888508, 51.082706</Position>
                  <Orientation type="Matrix">
                      -1.0000000000,  106.17260e-15, -325.84137e-09,
                       0.0000000000,  -1.0000000000, -325.84137e-09,
                     -325.84137e-09, -325.84137e-09,   1.0000000000
                  </Orientation>
                  <Axis type="Vector">0, 1, 0</Axis>
                  <Min type="float">-3.1415927</Min>
                  <Max type="float">3.1415927</Max>
               </HpTurret10>
               <HpTurret11>
                  <Position type="Vector">0.92084599, 10.933627, -157.99455</Position>
                  <Orientation type="Matrix">
                       1.0000000000,   0.0000000000,   0.0000000000,
                       0.0000000000,   0.9659258100,   0.2588190700,
                       0.0000000000,  -0.2588190700,   0.9659258100
                  </Orientation>
                  <Axis type="Vector">0, 1, 0</Axis>
                  <Min type="float">-1.5707964</Min>
                  <Max type="float">1.5707964</Max>
               </HpTurret11>
               <HpTurret12>
                  <Position type="Vector">51.178524, -29.572174, 53.745907</Position>
                  <Orientation type="Matrix">
                      59.604645e-09,   0.9396925600,   0.3420200900,
                      119.20929e-09,  -0.3420200900,   0.9396926200,
                       1.0000000000,  29.802322e-09, -89.406967e-09
                  </Orientation>
                  <Axis type="Vector">0, 1, 0</Axis>
                  <Min type="float">-1.5707964</Min>
                  <Max type="float">0</Max>
               </HpTurret12>
               <HpTurret13>
                  <Position type="Vector">-51.074162, -29.803583, 53.528919</Position>
                  <Orientation type="Matrix">
                      59.604645e-09,  -0.9396925600,  -0.3420200900,
                     -119.20929e-09,  -0.3420200900,   0.9396926200,
                      -1.0000000000,  29.802322e-09, -89.406967e-09
                  </Orientation>
                  <Axis type="Vector">0, 1, 0</Axis>
                  <Min type="float">0</Min>
                  <Max type="float">1.5707964</Max>
               </HpTurret13>
               <HpTurret14>
                  <Position type="Vector">1.031065, 47.258263, 27.462194</Position>
                  <Orientation type="Matrix">
                      -1.0000000000,   0.0000000000,  87.422784e-09,
                      6.0983045e-09,   0.9975640800,   0.0697564710,
                     -87.209820e-09,   0.0697564710,  -0.9975640800
                  </Orientation>
                  <Axis type="Vector">0, 1, 0</Axis>
                  <Min type="float">-1.5707964</Min>
                  <Max type="float">1.5707964</Max>
               </HpTurret14>
               <HpTurret15>
                  <Position type="Vector">-33.418812, 36.477436, -3.3089299</Position>
                  <Orientation type="Matrix">
                      238.41858e-09,  -0.9999997600,  59.604645e-09,
                     -59.604645e-09,  178.81393e-09,  -0.9999997600,
                       0.9999997600,   0.0000000000,  178.81393e-09
                  </Orientation>
                  <Axis type="Vector">0, 1, 0</Axis>
                  <Min type="float">-0.69813168</Min>
                  <Max type="float">0.69813168</Max>
               </HpTurret15>
               <HpTurret16>
                  <Position type="Vector">35.331257, 36.48304, -3.400825</Position>
                  <Orientation type="Matrix">
                      238.41858e-09,   0.9999997600, -59.604645e-09,
                      59.604645e-09,  178.81393e-09,  -0.9999997600,
                      -0.9999997600,   0.0000000000,  178.81393e-09
                  </Orientation>
                  <Axis type="Vector">0, 1, 0</Axis>
                  <Min type="float">-0.69813168</Min>
                  <Max type="float">0.69813168</Max>
               </HpTurret16>
               <HpTurret17>
                  <Position type="Vector">-16.802071, -47.660748, 51.106304</Position>
                  <Orientation type="Matrix">
                      178.81393e-09, -87.422769e-09,   0.9999998800,
                     -7.1054274e-15,  -0.9999997600, -87.422769e-09,
                       0.9999998800,   0.0000000000,  59.604641e-09
                  </Orientation>
                  <Axis type="Vector">0, 1, 0</Axis>
                  <Min type="float">-0.78539819</Min>
                  <Max type="float">0.78539819</Max>
               </HpTurret17>
               <HpTurret18>
                  <Position type="Vector">17.545122, -47.661125, 51.112862</Position>
                  <Orientation type="Matrix">
                      178.81393e-09, -87.422769e-09,  -0.9999998800,
                     -7.1054274e-15,  -0.9999997600,  87.422769e-09,
                      -0.9999998800,   0.0000000000,  59.604641e-09
                  </Orientation>
                  <Axis type="Vector">0, 1, 0</Axis>
                  <Min type="float">-0.78539819</Min>
                  <Max type="float">0.78539819</Max>
               </HpTurret18>
            </Revolute>
         </Hardpoints>
      </Drone_V2_scifi211112164801.3db>
   </UTF_ROOT>
</UTFXML>
