<?xml version="1.0" encoding="ISO-8859-1"?>
<!-- XML generated by UTFXML Version 2.2 built 19-Aug-2010 -->
<UTFXML filename="markab_des.cmp" path="SHIPS\new\Scifi">
   <UTF_ROOT>
      <VMeshLibrary>
         <markab_des.lod0.vms include="markab_des_cmp\lod0.vms.xml"/>
      </VMeshLibrary>
      <Cmpnd>
         <Root>
            <File_name name="File name" type="text">markab_des.3db</File_name>
            <Index type="int">0</Index>
            <Object_name name="Object name" type="text">Root</Object_name>
         </Root>
      </Cmpnd>
      <markab_des.3db>
         <MultiLevel>
            <Level0>
               <VMeshPart>
                  <VMeshRef type="VMeshRef">
                     <!-- header size  --> 60,
                     <!-- vmesh lib    --> markab_des.lod0.vms,
                     <!-- start vert   --> 0,
                     <!-- num verts    --> 6482,
                     <!-- start index  --> 0,
                     <!-- num indices  --> 19620,
                     <!-- start mesh   --> 0,
                     <!-- num meshes   --> 1,
                     <!-- bounding box -->  38.132236,     30.007839,   127.66304,
                                           -38.132072,    -41.197483,  -169.02196,
                     <!-- center       -->  82.015991e-6,  -5.5948219,  -20.679459,
                     <!-- radius       --> 222.6254
                  </VMeshRef>
               </VMeshPart>
            </Level0>
         </MultiLevel>
         <Hardpoints>
            <Fixed>
               <HpMount>
                  <Position type="Vector">0, -40, -75</Position>
                  <Orientation type="Matrix">
                       1.0000000000,   0.0000000000,   0.0000000000,
                       0.0000000000,   1.0000000000,   0.0000000000,
                       0.0000000000,   0.0000000000,   1.0000000000
                  </Orientation>
               </HpMount>
               <HpTractor_Source>
                  <Position type="Vector">0, 5.767611, -102.67169</Position>
                  <Orientation type="Matrix">
                       1.0000000000,   0.0000000000,   0.0000000000,
                       0.0000000000,   1.0000000000,   0.0000000000,
                       0.0000000000,   0.0000000000,   1.0000000000
                  </Orientation>
               </HpTractor_Source>
               <HpEngine01>
                  <Position type="Vector">-28.822964, 18.546085, 115.73841</Position>
                  <Orientation type="Matrix">
                       1.0000000000,   0.0000000000,   0.0000000000,
                       0.0000000000,   1.0000000000,   0.0000000000,
                       0.0000000000,   0.0000000000,   1.0000000000
                  </Orientation>
               </HpEngine01>
               <HpEngine02>
                  <Position type="Vector">28.292532, 18.164474, 115.73841</Position>
                  <Orientation type="Matrix">
                       1.0000000000,   0.0000000000,   0.0000000000,
                       0.0000000000,   1.0000000000,   0.0000000000,
                       0.0000000000,   0.0000000000,   1.0000000000
                  </Orientation>
               </HpEngine02>
               <HpEngine03>
                  <Position type="Vector">-0.045366, -30.849712, 115.73841</Position>
                  <Orientation type="Matrix">
                       1.0000000000,   0.0000000000,   0.0000000000,
                       0.0000000000,   1.0000000000,   0.0000000000,
                       0.0000000000,   0.0000000000,   1.0000000000
                  </Orientation>
               </HpEngine03>
               <HpFX01>
                  <Position type="Vector">0, 0, -0</Position>
                  <Orientation type="Matrix">
                       1.0000000000,   0.0000000000,  -0.0000000000,
                       0.0000000000,   1.0000000000,  -0.0000000000,
                      -0.0000000000,  -0.0000000000,   1.0000000000
                  </Orientation>
               </HpFX01>
               <HpFX02>
                  <Position type="Vector">0, 0, -0</Position>
                  <Orientation type="Matrix">
                      313.91644e-09,   0.9999998800,  -0.0000000000,
                      -0.9999998800,  313.91644e-09,  -0.0000000000,
                      -0.0000000000,  -0.0000000000,   1.0000000000
                  </Orientation>
               </HpFX02>
               <HpFX03>
                  <Position type="Vector">0, 0, -0</Position>
                  <Orientation type="Matrix">
                       1.0000000000,   0.0000000000,  -0.0000000000,
                       0.0000000000,  313.91644e-09,   0.9999998800,
                      -0.0000000000,  -0.9999998800,  313.91644e-09
                  </Orientation>
               </HpFX03>
               <HpFX04>
                  <Position type="Vector">0, 0, -0</Position>
                  <Orientation type="Matrix">
                       1.0000000000,   0.0000000000,  -0.0000000000,
                       0.0000000000,   1.0000000000,  -0.0000000000,
                      -0.0000000000,  -0.0000000000,   1.0000000000
                  </Orientation>
               </HpFX04>
               <HpFX05>
                  <Position type="Vector">0, 0, -0</Position>
                  <Orientation type="Matrix">
                       1.0000000000,   0.0000000000,  -0.0000000000,
                       0.0000000000,   1.0000000000,  -0.0000000000,
                      -0.0000000000,  -0.0000000000,   1.0000000000
                  </Orientation>
               </HpFX05>
               <HpFX06>
                  <Position type="Vector">0, 0, -0</Position>
                  <Orientation type="Matrix">
                       1.0000000000,   0.0000000000,  -0.0000000000,
                       0.0000000000,   1.0000000000,  -0.0000000000,
                      -0.0000000000,  -0.0000000000,   1.0000000000
                  </Orientation>
               </HpFX06>
               <HpFX07>
                  <Position type="Vector">0, 0, -0</Position>
                  <Orientation type="Matrix">
                       1.0000000000,   0.0000000000,  -0.0000000000,
                       0.0000000000,   1.0000000000,  -0.0000000000,
                      -0.0000000000,  -0.0000000000,   1.0000000000
                  </Orientation>
               </HpFX07>
               <HpShield01>
                  <Position type="Vector">0, 0, -0</Position>
                  <Orientation type="Matrix">
                       1.0000000000,   0.0000000000,  -0.0000000000,
                       0.0000000000,   1.0000000000,  -0.0000000000,
                      -0.0000000000,  -0.0000000000,   1.0000000000
                  </Orientation>
               </HpShield01>
               <HpShield02>
                  <Position type="Vector">0, 0, -0</Position>
                  <Orientation type="Matrix">
                       1.0000000000,   0.0000000000,  -0.0000000000,
                       0.0000000000,   1.0000000000,  -0.0000000000,
                      -0.0000000000,  -0.0000000000,   1.0000000000
                  </Orientation>
               </HpShield02>
               <HpNew01>
                  <Position type="Vector">0, 0, -0</Position>
                  <Orientation type="Matrix">
                       1.0000000000,   0.0000000000,  -0.0000000000,
                       0.0000000000,   1.0000000000,  -0.0000000000,
                      -0.0000000000,  -0.0000000000,   1.0000000000
                  </Orientation>
               </HpNew01>
               <HpNew02>
                  <Position type="Vector">0, 0, -0</Position>
                  <Orientation type="Matrix">
                       1.0000000000,   0.0000000000,  -0.0000000000,
                       0.0000000000,   1.0000000000,  -0.0000000000,
                      -0.0000000000,  -0.0000000000,   1.0000000000
                  </Orientation>
               </HpNew02>
               <HpNew03>
                  <Position type="Vector">0, 0, -0</Position>
                  <Orientation type="Matrix">
                       1.0000000000,   0.0000000000,  -0.0000000000,
                       0.0000000000,   1.0000000000,  -0.0000000000,
                      -0.0000000000,  -0.0000000000,   1.0000000000
                  </Orientation>
               </HpNew03>
               <HpNew04>
                  <Position type="Vector">0, 0, -0</Position>
                  <Orientation type="Matrix">
                       1.0000000000,   0.0000000000,  -0.0000000000,
                       0.0000000000,   1.0000000000,  -0.0000000000,
                      -0.0000000000,  -0.0000000000,   1.0000000000
                  </Orientation>
               </HpNew04>
               <HpCM01>
                  <Position type="Vector">-29.551182, 3.4294369, 123.63593</Position>
                  <Orientation type="Matrix">
                      -0.8191519400, -89.406967e-09,  -0.5735763900,
                       0.3289899500,  -0.8191519400,  -0.4698462200,
                      -0.4698462200,  -0.5735763900,   0.6710101400
                  </Orientation>
               </HpCM01>
               <HpCM02>
                  <Position type="Vector">29.445185, 3.4189191, 123.61994</Position>
                  <Orientation type="Matrix">
                      -0.8191519400, -44.703484e-09,   0.5735763300,
                      -0.3289898000,  -0.8191519400,  -0.4698462500,
                       0.4698462500,  -0.5735763300,   0.6710101400
                  </Orientation>
               </HpCM02>
               <HpDocklight01>
                  <Position type="Vector">-37.166233, 23.233387, 127.54805</Position>
                  <Orientation type="Matrix">
                       1.0000000000,   0.0000000000,   0.0000000000,
                       0.0000000000,   1.0000000000,   0.0000000000,
                       0.0000000000,   0.0000000000,   1.0000000000
                  </Orientation>
               </HpDocklight01>
               <HpDocklight02>
                  <Position type="Vector">37.156925, 23.245098, 127.62266</Position>
                  <Orientation type="Matrix">
                       1.0000000000,   0.0000000000,   0.0000000000,
                       0.0000000000,   1.0000000000,   0.0000000000,
                       0.0000000000,   0.0000000000,   1.0000000000
                  </Orientation>
               </HpDocklight02>
               <HpRunningLight01>
                  <Position type="Vector">-19.806036, -9.7330484, -54.474953</Position>
                  <Orientation type="Matrix">
                       1.0000000000,   0.0000000000,   0.0000000000,
                       0.0000000000,   1.0000000000,   0.0000000000,
                       0.0000000000,   0.0000000000,   1.0000000000
                  </Orientation>
               </HpRunningLight01>
               <HpRunningLight02>
                  <Position type="Vector">19.818577, -9.7239428, -54.474953</Position>
                  <Orientation type="Matrix">
                       1.0000000000,   0.0000000000,   0.0000000000,
                       0.0000000000,   1.0000000000,   0.0000000000,
                       0.0000000000,   0.0000000000,   1.0000000000
                  </Orientation>
               </HpRunningLight02>
               <HpRunningLight03>
                  <Position type="Vector">-10.089591, 22.076204, -169.02196</Position>
                  <Orientation type="Matrix">
                       1.0000000000,   0.0000000000,   0.0000000000,
                       0.0000000000,   1.0000000000,   0.0000000000,
                       0.0000000000,   0.0000000000,   1.0000000000
                  </Orientation>
               </HpRunningLight03>
               <HpRunningLight04>
                  <Position type="Vector">10.112656, 22.050278, -169.02196</Position>
                  <Orientation type="Matrix">
                       1.0000000000,   0.0000000000,   0.0000000000,
                       0.0000000000,   1.0000000000,   0.0000000000,
                       0.0000000000,   0.0000000000,   1.0000000000
                  </Orientation>
               </HpRunningLight04>
               <HpCloak01>
                  <Position type="Vector">0, 2, 0</Position>
                  <Orientation type="Matrix">
                       1.0000000000,   0.0000000000,   0.0000000000,
                       0.0000000000,   1.0000000000,   0.0000000000,
                       0.0000000000,   0.0000000000,   1.0000000000
                  </Orientation>
               </HpCloak01>
               <HpBayDoor01>
                  <Position type="Vector">0, 45, 0</Position>
                  <Orientation type="Matrix">
                       1.0000000000,   0.0000000000,   0.0000000000,
                       0.0000000000,   1.0000000000,   0.0000000000,
                       0.0000000000,   0.0000000000,   1.0000000000
                  </Orientation>
               </HpBayDoor01>
               <HpBayDoor02>
                  <Position type="Vector">0, 50, 0</Position>
                  <Orientation type="Matrix">
                       1.0000000000,   0.0000000000,   0.0000000000,
                       0.0000000000,   1.0000000000,   0.0000000000,
                       0.0000000000,   0.0000000000,   1.0000000000
                  </Orientation>
               </HpBayDoor02>
            </Fixed>
            <Revolute>
               <HpCD01>
                  <Position type="Vector">-0.007617, 25.111998, 31.509005</Position>
                  <Orientation type="Matrix">
                       1.0000000000,   0.0000000000,   0.0000000000,
                       0.0000000000,   1.0000000000,   0.0000000000,
                       0.0000000000,   0.0000000000,   1.0000000000
                  </Orientation>
                  <Axis type="Vector">0, 1, 0</Axis>
                  <Min type="float">-2.2689281</Min>
                  <Max type="float">2.2689281</Max>
               </HpCD01>
               <HpFlak01>
                  <Position type="Vector">-37.15559, 23.246555, 111.46082</Position>
                  <Orientation type="Matrix">
                       0.6293203800,  -0.7771459200,  -0.0000000000,
                       0.7771459200,   0.6293203800,   0.0000000000,
                       0.0000000000,  -0.0000000000,   1.0000000000
                  </Orientation>
                  <Axis type="Vector">0, 1, 0</Axis>
                  <Min type="float">-3.1415927</Min>
                  <Max type="float">3.1415927</Max>
               </HpFlak01>
               <HpFlak02>
                  <Position type="Vector">37.138039, 23.268457, 111.44368</Position>
                  <Orientation type="Matrix">
                       0.6293203800,   0.7771459200,   0.0000000000,
                      -0.7771459200,   0.6293203800,   0.0000000000,
                       0.0000000000,   0.0000000000,   1.0000000000
                  </Orientation>
                  <Axis type="Vector">0, 1, 0</Axis>
                  <Min type="float">-3.1415927</Min>
                  <Max type="float">3.1415927</Max>
               </HpFlak02>
               <HpTorpedo01>
                  <Position type="Vector">-21.23834, -10.361531, 2.2943189</Position>
                  <Orientation type="Matrix">
                      111.75871e-09,  -0.5000000000,   0.8660252700,
                     -29.802322e-09,   0.8660254500,   0.5000000000,
                      -0.9999998200,   0.0000000000,  119.20929e-09
                  </Orientation>
                  <Axis type="Vector">0, 1, 0</Axis>
                  <Min type="float">0</Min>
                  <Max type="float">0</Max>
               </HpTorpedo01>
               <HpTorpedo02>
                  <Position type="Vector">21.2589, -10.32617, 2.245692</Position>
                  <Orientation type="Matrix">
                      111.75871e-09,   0.5000000000,  -0.8660252700,
                      29.802322e-09,   0.8660254500,   0.5000000000,
                       0.9999998200,   0.0000000000,  119.20929e-09
                  </Orientation>
                  <Axis type="Vector">0, 1, 0</Axis>
                  <Min type="float">0</Min>
                  <Max type="float">0</Max>
               </HpTorpedo02>
               <HpTorpedo03>
                  <Position type="Vector">0.020003, 21.643658, -34.81517</Position>
                  <Orientation type="Matrix">
                       1.0000000000,   0.0000000000,  -0.0000000000,
                      -0.0000000000,  59.604645e-09,  -0.9999998800,
                       0.0000000000,   0.9999998800,  59.604645e-09
                  </Orientation>
                  <Axis type="Vector">0, 1, 0</Axis>
                  <Min type="float">0</Min>
                  <Max type="float">0</Max>
               </HpTorpedo03>
               <HpTorpedo04>
                  <Position type="Vector">0, -4.783164, -52.996956</Position>
                  <Orientation type="Matrix">
                       1.0000000000,   0.0000000000,   0.0000000000,
                       0.0000000000,  59.604645e-09,   0.9999998800,
                       0.0000000000,  -0.9999998800,  59.604645e-09
                  </Orientation>
                  <Axis type="Vector">0, 1, 0</Axis>
                  <Min type="float">0</Min>
                  <Max type="float">0</Max>
               </HpTorpedo04>
               <HpTorpedo05>
                  <Position type="Vector">-32.350468, 20.280233, 74.518349</Position>
                  <Orientation type="Matrix">
                     -7.4505806e-09,   0.4226182100,   0.9063077000,
                      44.703484e-09,   0.9063078200,  -0.4226182400,
                      -0.9999998800,   0.0000000000,   0.0000000000
                  </Orientation>
                  <Axis type="Vector">0, 1, 0</Axis>
                  <Min type="float">0</Min>
                  <Max type="float">0</Max>
               </HpTorpedo05>
               <HpTorpedo06>
                  <Position type="Vector">32.33744, 20.325094, 74.374779</Position>
                  <Orientation type="Matrix">
                     -7.4505806e-09,  -0.4226182100,  -0.9063077000,
                     -44.703484e-09,   0.9063078200,  -0.4226182400,
                       0.9999998800,   0.0000000000,   0.0000000000
                  </Orientation>
                  <Axis type="Vector">0, 1, 0</Axis>
                  <Min type="float">0</Min>
                  <Max type="float">0</Max>
               </HpTorpedo06>
               <HpTorpedo07>
                  <Position type="Vector">-9.4056501, 13.616064, -10.22056</Position>
                  <Orientation type="Matrix">
                     -47.031790e-09,   0.1736481600,   0.9848076700,
                      14.901161e-09,   0.9848077300,  -0.1736481600,
                      -1.0000000000,   0.0000000000, -59.604645e-09
                  </Orientation>
                  <Axis type="Vector">0, 1, 0</Axis>
                  <Min type="float">0</Min>
                  <Max type="float">0</Max>
               </HpTorpedo07>
               <HpTorpedo08>
                  <Position type="Vector">9.4049625, 13.621202, -10.231123</Position>
                  <Orientation type="Matrix">
                     -47.031790e-09,  -0.1736481600,  -0.9848076700,
                     -14.901161e-09,   0.9848077300,  -0.1736481600,
                       1.0000000000,   0.0000000000, -59.604645e-09
                  </Orientation>
                  <Axis type="Vector">0, 1, 0</Axis>
                  <Min type="float">0</Min>
                  <Max type="float">0</Max>
               </HpTorpedo08>
            </Revolute>
         </Hardpoints>
      </markab_des.3db>
   </UTF_ROOT>
</UTFXML>
