<?xml version="1.0" encoding="ISO-8859-1"?>
<!-- XML generated by UTFXML Version 2.2 built 19-Aug-2010 -->
<UTFXML filename="Molnia.cmp" path="SHIPS\new\Scifi">
   <UTF_ROOT>
      <VMeshLibrary>
         <molnia.lod0-112.vms include="Molnia_cmp\lod0-112.vms.xml"/>
      </VMeshLibrary>
      <Exporter_Version name="Exporter Version" type="text">Export</Exporter_Version>
      <Cmpnd>
         <Root>
            <Object_name name="Object name" type="text">Root</Object_name>
            <Index type="int">0</Index>
            <File_name name="File name" type="text">Molnia210927111614.3db</File_name>
         </Root>
      </Cmpnd>
      <Molnia210927111614.3db>
         <VMeshPart>
            <VMeshRef type="VMeshRef">
               <!-- header size  --> 60,
               <!-- vmesh lib    --> molnia.lod0-112.vms,
               <!-- start vert   --> 0,
               <!-- num verts    --> 16063,
               <!-- start index  --> 0,
               <!-- num indices  --> 54990,
               <!-- start mesh   --> 0,
               <!-- num meshes   --> 2,
               <!-- bounding box -->  22.594395,    9.5512466,  63.762207,
                                     -22.593035,   -6.9180236, -62.878246,
               <!-- center       --> 679.96979e-6,  1.3166115,   0.44198036,
               <!-- radius       --> 63.375282
            </VMeshRef>
         </VMeshPart>
         <VMeshWire include="Molnia_cmp\Molnia.vwd.xml"/>
         <Hardpoints>
            <Fixed>
               <HpMount>
                  <Position type="Vector">0, -10, -25</Position>
                  <Orientation type="Matrix">
                       1.0000000000,   0.0000000000,  -0.0000000000,
                       0.0000000000,   1.0000000000,  -0.0000000000,
                      -0.0000000000,  -0.0000000000,   1.0000000000
                  </Orientation>
               </HpMount>
               <HpBayDoor01>
                  <Position type="Vector">0, -15, -0</Position>
                  <Orientation type="Matrix">
                       1.0000000000,   0.0000000000,  -0.0000000000,
                       0.0000000000,   1.0000000000,  -0.0000000000,
                      -0.0000000000,  -0.0000000000,   1.0000000000
                  </Orientation>
               </HpBayDoor01>
               <HpBayDoor02>
                  <Position type="Vector">0, -20, -0</Position>
                  <Orientation type="Matrix">
                       1.0000000000,   0.0000000000,  -0.0000000000,
                       0.0000000000,   1.0000000000,  -0.0000000000,
                      -0.0000000000,  -0.0000000000,   1.0000000000
                  </Orientation>
               </HpBayDoor02>
               <HpFX01>
                  <Position type="Vector">0, 0, -0</Position>
                  <Orientation type="Matrix">
                       1.0000000000,   0.0000000000,  -0.0000000000,
                       0.0000000000,   1.0000000000,  -0.0000000000,
                      -0.0000000000,  -0.0000000000,   1.0000000000
                  </Orientation>
               </HpFX01>
               <HpFX02>
                  <Position type="Vector">0, 0, -0</Position>
                  <Orientation type="Matrix">
                      313.91644e-09,   0.9999998800,  -0.0000000000,
                      -0.9999998800,  313.91644e-09,  -0.0000000000,
                      -0.0000000000,  -0.0000000000,   1.0000000000
                  </Orientation>
               </HpFX02>
               <HpFX03>
                  <Position type="Vector">0, 0, -0</Position>
                  <Orientation type="Matrix">
                       1.0000000000,   0.0000000000,  -0.0000000000,
                       0.0000000000,  313.91644e-09,   0.9999998800,
                      -0.0000000000,  -0.9999998800,  313.91644e-09
                  </Orientation>
               </HpFX03>
               <HpFX04>
                  <Position type="Vector">0, 0, -0</Position>
                  <Orientation type="Matrix">
                       1.0000000000,   0.0000000000,  -0.0000000000,
                       0.0000000000,   1.0000000000,  -0.0000000000,
                      -0.0000000000,  -0.0000000000,   1.0000000000
                  </Orientation>
               </HpFX04>
               <HpFX05>
                  <Position type="Vector">0, 0, -0</Position>
                  <Orientation type="Matrix">
                       1.0000000000,   0.0000000000,  -0.0000000000,
                       0.0000000000,   1.0000000000,  -0.0000000000,
                      -0.0000000000,  -0.0000000000,   1.0000000000
                  </Orientation>
               </HpFX05>
               <HpFX06>
                  <Position type="Vector">0, 0, -0</Position>
                  <Orientation type="Matrix">
                       1.0000000000,   0.0000000000,  -0.0000000000,
                       0.0000000000,   1.0000000000,  -0.0000000000,
                      -0.0000000000,  -0.0000000000,   1.0000000000
                  </Orientation>
               </HpFX06>
               <HpFX07>
                  <Position type="Vector">0, 0, -0</Position>
                  <Orientation type="Matrix">
                       1.0000000000,   0.0000000000,  -0.0000000000,
                       0.0000000000,   1.0000000000,  -0.0000000000,
                      -0.0000000000,  -0.0000000000,   1.0000000000
                  </Orientation>
               </HpFX07>
               <HpCloak01>
                  <Position type="Vector">0, 0, 5</Position>
                  <Orientation type="Matrix">
                       1.0000000000,   0.0000000000,  -0.0000000000,
                       0.0000000000,   1.0000000000,  -0.0000000000,
                      -0.0000000000,  -0.0000000000,   1.0000000000
                  </Orientation>
               </HpCloak01>
               <HpEngine01>
                  <Position type="Vector">0, 0.91870803, 60.620731</Position>
                  <Orientation type="Matrix">
                       1.0000000000,   0.0000000000,  -0.0000000000,
                       0.0000000000,   1.0000000000,  -0.0000000000,
                      -0.0000000000,  -0.0000000000,   1.0000000000
                  </Orientation>
               </HpEngine01>
               <HpThruster01>
                  <Position type="Vector">0, 0.690198, 59.8</Position>
                  <Orientation type="Matrix">
                       1.0000000000,   0.0000000000,  -0.0000000000,
                       0.0000000000,   1.0000000000,  -0.0000000000,
                      -0.0000000000,  -0.0000000000,   1.0000000000
                  </Orientation>
               </HpThruster01>
               <HpShield01>
                  <Position type="Vector">0, 0, -0</Position>
                  <Orientation type="Matrix">
                       1.0000000000,   0.0000000000,  -0.0000000000,
                       0.0000000000,   1.0000000000,  -0.0000000000,
                      -0.0000000000,  -0.0000000000,   1.0000000000
                  </Orientation>
               </HpShield01>
               <HpShield02>
                  <Position type="Vector">0, 0, -0</Position>
                  <Orientation type="Matrix">
                       1.0000000000,   0.0000000000,  -0.0000000000,
                       0.0000000000,   1.0000000000,  -0.0000000000,
                      -0.0000000000,  -0.0000000000,   1.0000000000
                  </Orientation>
               </HpShield02>
               <HpShield03>
                  <Position type="Vector">0, 0, -0</Position>
                  <Orientation type="Matrix">
                       1.0000000000,   0.0000000000,  -0.0000000000,
                       0.0000000000,   1.0000000000,  -0.0000000000,
                      -0.0000000000,  -0.0000000000,   1.0000000000
                  </Orientation>
               </HpShield03>
               <HpShield04>
                  <Position type="Vector">0, 0, -0</Position>
                  <Orientation type="Matrix">
                       1.0000000000,   0.0000000000,  -0.0000000000,
                       0.0000000000,   1.0000000000,  -0.0000000000,
                      -0.0000000000,  -0.0000000000,   1.0000000000
                  </Orientation>
               </HpShield04>
               <HpNew01>
                  <Position type="Vector">0, 0, -0</Position>
                  <Orientation type="Matrix">
                       1.0000000000,   0.0000000000,  -0.0000000000,
                       0.0000000000,   1.0000000000,  -0.0000000000,
                      -0.0000000000,  -0.0000000000,   1.0000000000
                  </Orientation>
               </HpNew01>
               <HpNew02>
                  <Position type="Vector">0, 0, -0</Position>
                  <Orientation type="Matrix">
                       1.0000000000,   0.0000000000,  -0.0000000000,
                       0.0000000000,   1.0000000000,  -0.0000000000,
                      -0.0000000000,  -0.0000000000,   1.0000000000
                  </Orientation>
               </HpNew02>
               <HpNew03>
                  <Position type="Vector">0, 0, -0</Position>
                  <Orientation type="Matrix">
                       1.0000000000,   0.0000000000,  -0.0000000000,
                       0.0000000000,   1.0000000000,  -0.0000000000,
                      -0.0000000000,  -0.0000000000,   1.0000000000
                  </Orientation>
               </HpNew03>
               <HpTractor_Source>
                  <Position type="Vector">0, -1.315957, -62.873081</Position>
                  <Orientation type="Matrix">
                       1.0000000000,   0.0000000000,  -0.0000000000,
                       0.0000000000,   1.0000000000,  -0.0000000000,
                      -0.0000000000,  -0.0000000000,   1.0000000000
                  </Orientation>
               </HpTractor_Source>
               <HpDocklight01>
                  <Position type="Vector">-22.592781, -0.47470701, 31.408262</Position>
                  <Orientation type="Matrix">
                       1.0000000000,   0.0000000000,  -0.0000000000,
                       0.0000000000,   1.0000000000,  -0.0000000000,
                      -0.0000000000,  -0.0000000000,   1.0000000000
                  </Orientation>
               </HpDocklight01>
               <HpDocklight02>
                  <Position type="Vector">22.593002, -0.479821, 31.426003</Position>
                  <Orientation type="Matrix">
                       1.0000000000,   0.0000000000,  -0.0000000000,
                       0.0000000000,   1.0000000000,  -0.0000000000,
                      -0.0000000000,  -0.0000000000,   1.0000000000
                  </Orientation>
               </HpDocklight02>
               <HpRunningLight01>
                  <Position type="Vector">-5.4362988, -3.1050861, -56.304501</Position>
                  <Orientation type="Matrix">
                       1.0000000000,   0.0000000000,  -0.0000000000,
                       0.0000000000,   1.0000000000,  -0.0000000000,
                      -0.0000000000,  -0.0000000000,   1.0000000000
                  </Orientation>
               </HpRunningLight01>
               <HpRunningLight02>
                  <Position type="Vector">5.4388299, -3.104939, -56.30442</Position>
                  <Orientation type="Matrix">
                       1.0000000000,   0.0000000000,  -0.0000000000,
                       0.0000000000,   1.0000000000,  -0.0000000000,
                      -0.0000000000,  -0.0000000000,   1.0000000000
                  </Orientation>
               </HpRunningLight02>
               <HpRunningLight03>
                  <Position type="Vector">-8.2058592, -4.2649069, -24.237082</Position>
                  <Orientation type="Matrix">
                       1.0000000000,   0.0000000000,  -0.0000000000,
                       0.0000000000,   1.0000000000,  -0.0000000000,
                      -0.0000000000,  -0.0000000000,   1.0000000000
                  </Orientation>
               </HpRunningLight03>
               <HpRunningLight04>
                  <Position type="Vector">8.2068052, -4.2652588, -24.235889</Position>
                  <Orientation type="Matrix">
                       1.0000000000,   0.0000000000,  -0.0000000000,
                       0.0000000000,   1.0000000000,  -0.0000000000,
                      -0.0000000000,  -0.0000000000,   1.0000000000
                  </Orientation>
               </HpRunningLight04>
               <HpRunningLight05>
                  <Position type="Vector">816.99999e-6, -1.324455, -62.876263</Position>
                  <Orientation type="Matrix">
                       1.0000000000,   0.0000000000,  -0.0000000000,
                       0.0000000000,   1.0000000000,  -0.0000000000,
                      -0.0000000000,  -0.0000000000,   1.0000000000
                  </Orientation>
               </HpRunningLight05>
               <HpCM01>
                  <Position type="Vector">648.99999e-6, -4.1115088, 57.654091</Position>
                  <Orientation type="Matrix">
                      -1.0000000000,  186.89494e-09, -266.91362e-09,
                     -1.7763568e-15,  -0.8191520600,  -0.5735764500,
                     -325.84134e-09,  -0.5735764500,   0.8191520600
                  </Orientation>
               </HpCM01>
               <HpNew04>
                  <Position type="Vector">0, 0, -0</Position>
                  <Orientation type="Matrix">
                       1.0000000000,   0.0000000000,  -0.0000000000,
                       0.0000000000,   1.0000000000,  -0.0000000000,
                      -0.0000000000,  -0.0000000000,   1.0000000000
                  </Orientation>
               </HpNew04>
               <HpNew05>
                  <Position type="Vector">0, 0, -0</Position>
                  <Orientation type="Matrix">
                       1.0000000000,   0.0000000000,  -0.0000000000,
                       0.0000000000,   1.0000000000,  -0.0000000000,
                      -0.0000000000,  -0.0000000000,   1.0000000000
                  </Orientation>
               </HpNew05>
            </Fixed>
            <Revolute>
               <HpTorpedo01>
                  <Position type="Vector">-447e-6, -6.812726, 23.529388</Position>
                  <Orientation type="Matrix">
                      -1.0000000000,  11.371685e-09, -325.64287e-09,
                     -222.04460e-18,  -0.9993908400,  -0.0348994510,
                     -325.84137e-09,  -0.0348994510,   0.9993908400
                  </Orientation>
                  <Axis type="Vector">0, 1, -0</Axis>
                  <Min type="float">-3.1415927</Min>
                  <Max type="float">3.1415927</Max>
               </HpTorpedo01>
               <HpTurret01>
                  <Position type="Vector">-22.407305, -1.014171, 33.223198</Position>
                  <Orientation type="Matrix">
                      -0.0871568550,  -0.9924039200,   0.0868243500,
                       0.9961947800,  -0.0868251920,   0.0075962190,
                      20.972948e-09,   0.0871559380,   0.9961949600
                  </Orientation>
                  <Axis type="Vector">0, 1, -0</Axis>
                  <Min type="float">-3.1415927</Min>
                  <Max type="float">3.1415927</Max>
               </HpTurret01>
               <HpTurret02>
                  <Position type="Vector">22.384375, -1.0123, 33.463627</Position>
                  <Orientation type="Matrix">
                      -0.0871561240,   0.9924038600,  -0.0868245590,
                      -0.9961947200,  -0.0868244920,   0.0075961566,
                     -39.115548e-09,   0.0871561910,   0.9961948400
                  </Orientation>
                  <Axis type="Vector">0, 1, -0</Axis>
                  <Min type="float">-3.1415927</Min>
                  <Max type="float">3.1415927</Max>
               </HpTurret02>
               <HpTurret03>
                  <Position type="Vector">-14.200414, -6.5516882, 35.13129</Position>
                  <Orientation type="Matrix">
                      -0.9993909600,  -0.0348506720,   0.0018264528,
                       0.0348985010,  -0.9980213000,   0.0523042640,
                      -0.0000000000,   0.0523361450,   0.9986296300
                  </Orientation>
                  <Axis type="Vector">0, 1, -0</Axis>
                  <Min type="float">-3.1415927</Min>
                  <Max type="float">3.1415927</Max>
               </HpTurret03>
               <HpTurret04>
                  <Position type="Vector">14.199914, -6.5507069, 35.148884</Position>
                  <Orientation type="Matrix">
                      -0.9993909600,   0.0348516260,  -0.0018265024,
                      -0.0348994550,  -0.9980213000,   0.0523042680,
                     -709.63324e-12,   0.0523361340,   0.9986294500
                  </Orientation>
                  <Axis type="Vector">0, 1, -0</Axis>
                  <Min type="float">-3.1415927</Min>
                  <Max type="float">3.1415927</Max>
               </HpTurret04>
               <HpTurret05>
                  <Position type="Vector">-17.054356, 5.251718, 31.415964</Position>
                  <Orientation type="Matrix">
                       0.9848077300,  -0.1736481500,  -0.0000000000,
                       0.1736481500,   0.9848077300,  -0.0000000000,
                      -0.0000000000,  -0.0000000000,   1.0000000000
                  </Orientation>
                  <Axis type="Vector">0, 1, -0</Axis>
                  <Min type="float">-3.1415927</Min>
                  <Max type="float">3.1415927</Max>
               </HpTurret05>
               <HpTurret06>
                  <Position type="Vector">17.022785, 5.2556262, 31.421515</Position>
                  <Orientation type="Matrix">
                       0.9848077300,   0.1736482200,  -0.0000000000,
                      -0.1736482200,   0.9848077300,  -0.0000000000,
                      -0.0000000000,  -0.0000000000,   1.0000000000
                  </Orientation>
                  <Axis type="Vector">0, 1, -0</Axis>
                  <Min type="float">-3.1415927</Min>
                  <Max type="float">3.1415927</Max>
               </HpTurret06>
               <HpTurret07>
                  <Position type="Vector">-3.6927099, -6.8898821, 28.354101</Position>
                  <Orientation type="Matrix">
                      -1.0000000000, -5.6867329e-09, -325.79172e-09,
                       0.0000000000,  -0.9998475900,   0.0174524600,
                     -325.84131e-09,   0.0174524560,   0.9998476500
                  </Orientation>
                  <Axis type="Vector">0, 1, -0</Axis>
                  <Min type="float">-3.1415927</Min>
                  <Max type="float">3.1415927</Max>
               </HpTurret07>
               <HpTurret08>
                  <Position type="Vector">3.66995, -6.8898668, 28.355024</Position>
                  <Orientation type="Matrix">
                      -1.0000000000, -5.6867329e-09, -325.79172e-09,
                       0.0000000000,  -0.9998475900,   0.0174524600,
                     -325.84131e-09,   0.0174524560,   0.9998476500
                  </Orientation>
                  <Axis type="Vector">0, 1, -0</Axis>
                  <Min type="float">-3.1415927</Min>
                  <Max type="float">3.1415927</Max>
               </HpTurret08>
               <HpTurret09>
                  <Position type="Vector">-14.447795, 5.3597541, 35.153656</Position>
                  <Orientation type="Matrix">
                       0.9925462000,  -0.1214053900,   0.0106215920,
                       0.1218691300,   0.9887694100,  -0.0865060690,
                     -698.49193e-12,   0.0871557070,   0.9961948400
                  </Orientation>
                  <Axis type="Vector">0, 1, -0</Axis>
                  <Min type="float">-3.1415927</Min>
                  <Max type="float">3.1415927</Max>
               </HpTurret09>
               <HpTurret10>
                  <Position type="Vector">14.42269, 5.364821, 35.131783</Position>
                  <Orientation type="Matrix">
                       0.9925461400,   0.1214056000,  -0.0106216100,
                      -0.1218693600,   0.9887691700,  -0.0865060840,
                     -2.3821585e-09,   0.0871556920,   0.9961949000
                  </Orientation>
                  <Axis type="Vector">0, 1, -0</Axis>
                  <Min type="float">-3.1415927</Min>
                  <Max type="float">3.1415927</Max>
               </HpTurret10>
               <HpTurret11>
                  <Position type="Vector">-3.8788159, -6.5751262, 35.142914</Position>
                  <Orientation type="Matrix">
                      -1.0000000000, -22.729550e-09, -325.04772e-09,
                       0.0000000000,  -0.9975643200,   0.0697564860,
                     -325.84137e-09,   0.0697564860,   0.9975643200
                  </Orientation>
                  <Axis type="Vector">0, 1, -0</Axis>
                  <Min type="float">-3.1415927</Min>
                  <Max type="float">3.1415927</Max>
               </HpTurret11>
               <HpTurret12>
                  <Position type="Vector">3.86902, -6.574894, 35.147053</Position>
                  <Orientation type="Matrix">
                      -1.0000000000, -22.729550e-09, -325.04772e-09,
                       0.0000000000,  -0.9975643200,   0.0697564860,
                     -325.84137e-09,   0.0697564860,   0.9975643200
                  </Orientation>
                  <Axis type="Vector">0, 1, -0</Axis>
                  <Min type="float">-3.1415927</Min>
                  <Max type="float">3.1415927</Max>
               </HpTurret12>
            </Revolute>
         </Hardpoints>
      </Molnia210927111614.3db>
   </UTF_ROOT>
</UTFXML>
