<?xml version="1.0" encoding="ISO-8859-1"?>
<!-- XML generated by UTFXML Version 2.2 built 19-Aug-2010 -->
<UTFXML filename="point_blank_prowler.cmp" path="SHIPS\new\Scifi">
   <UTF_ROOT>
      <VMeshLibrary>
         <point_blank_prowler.lod0.vms include="point_blank_prowler_cmp\lod0.vms.xml"/>
      </VMeshLibrary>
      <Cmpnd>
         <Root>
            <File_name name="File name" type="text">point_blank_prowler.3db</File_name>
            <Index type="int">0</Index>
            <Object_name name="Object name" type="text">Root</Object_name>
         </Root>
      </Cmpnd>
      <point_blank_prowler.3db>
         <Hardpoints>
            <Fixed>
               <HpMount>
                  <Orientation type="Matrix">
                       1.0000000000,   0.0000000000,   0.0000000000,
                       0.0000000000,   1.0000000000,   0.0000000000,
                       0.0000000000,   0.0000000000,   1.0000000000
                  </Orientation>
                  <Position type="Vector">0, -65, -220</Position>
               </HpMount>
               <HpBayDoor01>
                  <Orientation type="Matrix">
                       1.0000000000,   0.0000000000,   0.0000000000,
                       0.0000000000,   1.0000000000,   0.0000000000,
                       0.0000000000,   0.0000000000,   1.0000000000
                  </Orientation>
                  <Position type="Vector">0, 85, 0</Position>
               </HpBayDoor01>
               <HpBayDoor02>
                  <Orientation type="Matrix">
                       1.0000000000,   0.0000000000,   0.0000000000,
                       0.0000000000,   1.0000000000,   0.0000000000,
                       0.0000000000,   0.0000000000,   1.0000000000
                  </Orientation>
                  <Position type="Vector">0, 90, 0</Position>
               </HpBayDoor02>
               <HpTractor_Source>
                  <Orientation type="Matrix">
                       1.0000000000,   0.0000000000,   0.0000000000,
                       0.0000000000,   1.0000000000,   0.0000000000,
                       0.0000000000,   0.0000000000,   1.0000000000
                  </Orientation>
                  <Position type="Vector">-0.001712, -9.798152, -279.76141</Position>
               </HpTractor_Source>
               <HpRunningLight01>
                  <Orientation type="Matrix">
                       1.0000000000,   0.0000000000,   0.0000000000,
                       0.0000000000,   1.0000000000,   0.0000000000,
                       0.0000000000,   0.0000000000,   1.0000000000
                  </Orientation>
                  <Position type="Vector">0.004779, -9.7786293, -279.76141</Position>
               </HpRunningLight01>
               <HpRunningLight02>
                  <Orientation type="Matrix">
                       1.0000000000,   0.0000000000,   0.0000000000,
                       0.0000000000,   1.0000000000,   0.0000000000,
                       0.0000000000,   0.0000000000,   1.0000000000
                  </Orientation>
                  <Position type="Vector">171.00001e-6, 2.6283829, -262.49881</Position>
               </HpRunningLight02>
               <HpRunningLight03>
                  <Orientation type="Matrix">
                       1.0000000000,   0.0000000000,   0.0000000000,
                       0.0000000000,   1.0000000000,   0.0000000000,
                       0.0000000000,   0.0000000000,   1.0000000000
                  </Orientation>
                  <Position type="Vector">0.004543, 10.422348, -249.32291</Position>
               </HpRunningLight03>
               <HpRunningLight04>
                  <Orientation type="Matrix">
                       1.0000000000,   0.0000000000,   0.0000000000,
                       0.0000000000,   1.0000000000,   0.0000000000,
                       0.0000000000,   0.0000000000,   1.0000000000
                  </Orientation>
                  <Position type="Vector">-130e-6, 65.097763, -2.548779</Position>
               </HpRunningLight04>
               <HpDocklight01>
                  <Orientation type="Matrix">
                       1.0000000000,   0.0000000000,   0.0000000000,
                       0.0000000000,   1.0000000000,   0.0000000000,
                       0.0000000000,   0.0000000000,   1.0000000000
                  </Orientation>
                  <Position type="Vector">-62.555603, -6.3614869, 176.13049</Position>
               </HpDocklight01>
               <HpDocklight02>
                  <Orientation type="Matrix">
                       1.0000000000,   0.0000000000,   0.0000000000,
                       0.0000000000,   1.0000000000,   0.0000000000,
                       0.0000000000,   0.0000000000,   1.0000000000
                  </Orientation>
                  <Position type="Vector">62.557537, -6.3630228, 176.12361</Position>
               </HpDocklight02>
               <HpDocklight03>
                  <Orientation type="Matrix">
                       1.0000000000,   0.0000000000,   0.0000000000,
                       0.0000000000,   1.0000000000,   0.0000000000,
                       0.0000000000,   0.0000000000,   1.0000000000
                  </Orientation>
                  <Position type="Vector">-3.10203, -59.140415, 69.265854</Position>
               </HpDocklight03>
               <HpDocklight04>
                  <Orientation type="Matrix">
                       1.0000000000,   0.0000000000,   0.0000000000,
                       0.0000000000,   1.0000000000,   0.0000000000,
                       0.0000000000,   0.0000000000,   1.0000000000
                  </Orientation>
                  <Position type="Vector">3.0839951, -59.14035, 69.260643</Position>
               </HpDocklight04>
               <HpCM01>
                  <Orientation type="Matrix">
                      -1.0000000000, -71.612547e-09, -50.143644e-09,
                      87.422777e-09,  -0.8191520000,  -0.5735763900,
                       0.0000000000,  -0.5735763900,   0.8191520600
                  </Orientation>
                  <Position type="Vector">-28.320198, -37.421906, 250.28148</Position>
               </HpCM01>
               <HpCM02>
                  <Orientation type="Matrix">
                      -1.0000000000, -71.612547e-09, -50.143644e-09,
                      87.422777e-09,  -0.8191520000,  -0.5735763900,
                       0.0000000000,  -0.5735763900,   0.8191520600
                  </Orientation>
                  <Position type="Vector">28.629988, -37.476021, 249.78415</Position>
               </HpCM02>
               <HpCloak01>
                  <Orientation type="Matrix">
                       1.0000000000,   0.0000000000,   0.0000000000,
                       0.0000000000,   1.0000000000,   0.0000000000,
                       0.0000000000,   0.0000000000,   1.0000000000
                  </Orientation>
                  <Position type="Vector">0, 0, 0</Position>
               </HpCloak01>
               <HpShield01>
                  <Orientation type="Matrix">
                       1.0000000000,   0.0000000000,   0.0000000000,
                       0.0000000000,   1.0000000000,   0.0000000000,
                       0.0000000000,   0.0000000000,   1.0000000000
                  </Orientation>
                  <Position type="Vector">0, 0, 0</Position>
               </HpShield01>
               <HpShield02>
                  <Orientation type="Matrix">
                       1.0000000000,   0.0000000000,   0.0000000000,
                       0.0000000000,   1.0000000000,   0.0000000000,
                       0.0000000000,   0.0000000000,   1.0000000000
                  </Orientation>
                  <Position type="Vector">0, 0, 0</Position>
               </HpShield02>
               <HpShield03>
                  <Orientation type="Matrix">
                       1.0000000000,   0.0000000000,   0.0000000000,
                       0.0000000000,   1.0000000000,   0.0000000000,
                       0.0000000000,   0.0000000000,   1.0000000000
                  </Orientation>
                  <Position type="Vector">0, 0, 0</Position>
               </HpShield03>
               <HpShield04>
                  <Orientation type="Matrix">
                       1.0000000000,   0.0000000000,   0.0000000000,
                       0.0000000000,   1.0000000000,   0.0000000000,
                       0.0000000000,   0.0000000000,   1.0000000000
                  </Orientation>
                  <Position type="Vector">0, 0, 0</Position>
               </HpShield04>
               <HpFX01>
                  <Orientation type="Matrix">
                       1.0000000000,   0.0000000000,   0.0000000000,
                       0.0000000000,   1.0000000000,   0.0000000000,
                       0.0000000000,   0.0000000000,   1.0000000000
                  </Orientation>
                  <Position type="Vector">0, 0, 0</Position>
               </HpFX01>
               <HpFX02>
                  <Orientation type="Matrix">
                      59.604645e-09,   0.9999998800,   0.0000000000,
                      -0.9999998800,  59.604645e-09,   0.0000000000,
                       0.0000000000,   0.0000000000,   1.0000000000
                  </Orientation>
                  <Position type="Vector">0, 0, 0</Position>
               </HpFX02>
               <HpFX03>
                  <Orientation type="Matrix">
                       1.0000000000,   0.0000000000,   0.0000000000,
                       0.0000000000,  59.604645e-09,   0.9999998800,
                       0.0000000000,  -0.9999998800,  59.604645e-09
                  </Orientation>
                  <Position type="Vector">0, 0, 0</Position>
               </HpFX03>
               <HpFX04>
                  <Orientation type="Matrix">
                       1.0000000000,   0.0000000000,   0.0000000000,
                       0.0000000000,   1.0000000000,   0.0000000000,
                       0.0000000000,   0.0000000000,   1.0000000000
                  </Orientation>
                  <Position type="Vector">0, 0, 0</Position>
               </HpFX04>
               <HpFX05>
                  <Orientation type="Matrix">
                       1.0000000000,   0.0000000000,   0.0000000000,
                       0.0000000000,   1.0000000000,   0.0000000000,
                       0.0000000000,   0.0000000000,   1.0000000000
                  </Orientation>
                  <Position type="Vector">0, 0, 0</Position>
               </HpFX05>
               <HpFX06>
                  <Orientation type="Matrix">
                       1.0000000000,   0.0000000000,   0.0000000000,
                       0.0000000000,   1.0000000000,   0.0000000000,
                       0.0000000000,   0.0000000000,   1.0000000000
                  </Orientation>
                  <Position type="Vector">0, 0, 0</Position>
               </HpFX06>
               <HpFX07>
                  <Orientation type="Matrix">
                       1.0000000000,   0.0000000000,   0.0000000000,
                       0.0000000000,   1.0000000000,   0.0000000000,
                       0.0000000000,   0.0000000000,   1.0000000000
                  </Orientation>
                  <Position type="Vector">0, 0, 0</Position>
               </HpFX07>
               <HpCockpit>
                  <Orientation type="Matrix">
                       1.0000000000,   0.0000000000,   0.0000000000,
                       0.0000000000,   1.0000000000,   0.0000000000,
                       0.0000000000,   0.0000000000,   1.0000000000
                  </Orientation>
                  <Position type="Vector">-0.01955, -16.479378, -205</Position>
               </HpCockpit>
               <HpEngine01>
                  <Orientation type="Matrix">
                       1.0000000000,   0.0000000000,   0.0000000000,
                       0.0000000000,   1.0000000000,   0.0000000000,
                       0.0000000000,   0.0000000000,   1.0000000000
                  </Orientation>
                  <Position type="Vector">-0.004793, 27.088131, 235.42619</Position>
               </HpEngine01>
               <HpEngine02>
                  <Orientation type="Matrix">
                       1.0000000000,   0.0000000000,   0.0000000000,
                       0.0000000000,   1.0000000000,   0.0000000000,
                       0.0000000000,   0.0000000000,   1.0000000000
                  </Orientation>
                  <Position type="Vector">-7.594739, 9.2080975, 239.698</Position>
               </HpEngine02>
               <HpEngine03>
                  <Orientation type="Matrix">
                       1.0000000000,   0.0000000000,   0.0000000000,
                       0.0000000000,   1.0000000000,   0.0000000000,
                       0.0000000000,   0.0000000000,   1.0000000000
                  </Orientation>
                  <Position type="Vector">7.5799141, 9.207737, 239.698</Position>
               </HpEngine03>
               <HpEngine04>
                  <Orientation type="Matrix">
                       1.0000000000,   0.0000000000,   0.0000000000,
                       0.0000000000,   1.0000000000,   0.0000000000,
                       0.0000000000,   0.0000000000,   1.0000000000
                  </Orientation>
                  <Position type="Vector">0.01177, -8.7716484, 235.42619</Position>
               </HpEngine04>
               <HpEngine05>
                  <Orientation type="Matrix">
                       1.0000000000,   0.0000000000,   0.0000000000,
                       0.0000000000,   1.0000000000,   0.0000000000,
                       0.0000000000,   0.0000000000,   1.0000000000
                  </Orientation>
                  <Position type="Vector">-34.055809, -15.210808, 250.15089</Position>
               </HpEngine05>
               <HpEngine06>
                  <Orientation type="Matrix">
                       1.0000000000,   0.0000000000,   0.0000000000,
                       0.0000000000,   1.0000000000,   0.0000000000,
                       0.0000000000,   0.0000000000,   1.0000000000
                  </Orientation>
                  <Position type="Vector">-30.371935, -27.414028, 250.15089</Position>
               </HpEngine06>
               <HpEngine07>
                  <Orientation type="Matrix">
                       1.0000000000,   0.0000000000,   0.0000000000,
                       0.0000000000,   1.0000000000,   0.0000000000,
                       0.0000000000,   0.0000000000,   1.0000000000
                  </Orientation>
                  <Position type="Vector">34.079967, -15.220917, 250.15089</Position>
               </HpEngine07>
               <HpEngine08>
                  <Orientation type="Matrix">
                       1.0000000000,   0.0000000000,   0.0000000000,
                       0.0000000000,   1.0000000000,   0.0000000000,
                       0.0000000000,   0.0000000000,   1.0000000000
                  </Orientation>
                  <Position type="Vector">30.413586, -27.387558, 250.15089</Position>
               </HpEngine08>
               <HpThruster01>
                  <Orientation type="Matrix">
                       1.0000000000,   0.0000000000,   0.0000000000,
                       0.0000000000,   1.0000000000,   0.0000000000,
                       0.0000000000,   0.0000000000,   1.0000000000
                  </Orientation>
                  <Position type="Vector">-22.816679, 9.6817694, 233</Position>
               </HpThruster01>
               <HpThruster02>
                  <Orientation type="Matrix">
                       1.0000000000,   0.0000000000,   0.0000000000,
                       0.0000000000,   1.0000000000,   0.0000000000,
                       0.0000000000,   0.0000000000,   1.0000000000
                  </Orientation>
                  <Position type="Vector">22.776752, 9.7294922, 233</Position>
               </HpThruster02>
            </Fixed>
            <Revolute>
               <HpTorpedo01>
                  <Axis type="Vector">0, 1, 0</Axis>
                  <Max type="float">2.2689281</Max>
                  <Min type="float">-2.2689281</Min>
                  <Orientation type="Matrix">
                      -1.0000000000, -87.090108e-09,  7.6193967e-09,
                      87.422784e-09,  -0.9961947200,   0.0871557440,
                     -444.08921e-18,   0.0871557440,   0.9961947200
                  </Orientation>
                  <Position type="Vector">0, -58.998604, 15.106434</Position>
               </HpTorpedo01>
               <HpT01>
                  <Axis type="Vector">0, 1, 0</Axis>
                  <Max type="float">0.43633232</Max>
                  <Min type="float">-0.43633232</Min>
                  <Orientation type="Matrix">
                      -1.0000000000,   0.0000000000,  87.422777e-09,
                       0.0000000000,   1.0000000000,  -0.0000000000,
                     -87.422777e-09,   0.0000000000,  -1.0000000000
                  </Orientation>
                  <Position type="Vector">-0.039581999, 47.139568, 229.77028</Position>
               </HpT01>
               <HpT02>
                  <Axis type="Vector">0, 1, 0</Axis>
                  <Max type="float">0.43633232</Max>
                  <Min type="float">-0.43633232</Min>
                  <Orientation type="Matrix">
                       1.0000000000, -87.422777e-09, -87.422777e-09,
                     -87.422777e-09,  -1.0000000000,  7.6427419e-15,
                     -87.422777e-09,   0.0000000000,  -1.0000000000
                  </Orientation>
                  <Position type="Vector">0, -34.522274, 213.91177</Position>
               </HpT02>
               <HpWeapon01>
                  <Axis type="Vector">0, 1, 0</Axis>
                  <Max type="float">0</Max>
                  <Min type="float">0</Min>
                  <Orientation type="Matrix">
                      59.604645e-09,   0.0000000000,  -0.9999998800,
                       0.0000000000,   1.0000000000,   0.0000000000,
                       0.9999998800,   0.0000000000,  59.604645e-09
                  </Orientation>
                  <Position type="Vector">-0.002221, 42.940308, -109.96539</Position>
               </HpWeapon01>
               <HpWeapon02>
                  <Axis type="Vector">0, 1, 0</Axis>
                  <Max type="float">0</Max>
                  <Min type="float">0</Min>
                  <Orientation type="Matrix">
                      59.604645e-09,   0.0000000000,  -0.9999998800,
                       0.0000000000,   1.0000000000,   0.0000000000,
                       0.9999998800,   0.0000000000,  59.604645e-09
                  </Orientation>
                  <Position type="Vector">0.056979001, 42.298302, -119.08763</Position>
               </HpWeapon02>
               <HpWeapon03>
                  <Axis type="Vector">0, 1, 0</Axis>
                  <Max type="float">0</Max>
                  <Min type="float">0</Min>
                  <Orientation type="Matrix">
                      59.604645e-09,   0.0000000000,  -0.9999998800,
                       0.0000000000,   1.0000000000,   0.0000000000,
                       0.9999998800,   0.0000000000,  59.604645e-09
                  </Orientation>
                  <Position type="Vector">0.001699, 41.575981, -129.35103</Position>
               </HpWeapon03>
               <HpWeapon04>
                  <Axis type="Vector">0, 1, 0</Axis>
                  <Max type="float">0</Max>
                  <Min type="float">0</Min>
                  <Orientation type="Matrix">
                      59.604645e-09,   0.0000000000,  -0.9999998800,
                       0.0000000000,   1.0000000000,   0.0000000000,
                       0.9999998800,   0.0000000000,  59.604645e-09
                  </Orientation>
                  <Position type="Vector">-0.052992001, 40.850281, -139.66251</Position>
               </HpWeapon04>
               <HpAGun01>
                  <Axis type="Vector">0, 1, 0</Axis>
                  <Max type="float">0</Max>
                  <Min type="float">0</Min>
                  <Orientation type="Matrix">
                       1.0000000000,   0.0000000000,   0.0000000000,
                       0.0000000000,   1.0000000000,   0.0000000000,
                       0.0000000000,   0.0000000000,   1.0000000000
                  </Orientation>
                  <Position type="Vector">-113e-6, -16.440512, -213.19359</Position>
               </HpAGun01>
               <HpAGun02>
                  <Axis type="Vector">0, 1, 0</Axis>
                  <Max type="float">0</Max>
                  <Min type="float">0</Min>
                  <Orientation type="Matrix">
                       1.0000000000,   0.0000000000,   0.0000000000,
                       0.0000000000,   1.0000000000,   0.0000000000,
                       0.0000000000,   0.0000000000,   1.0000000000
                  </Orientation>
                  <Position type="Vector">-0.058334999, -16.479401, -213.19359</Position>
               </HpAGun02>
               <HpBGun01>
                  <Axis type="Vector">0, 1, 0</Axis>
                  <Max type="float">0</Max>
                  <Min type="float">0</Min>
                  <Orientation type="Matrix">
                       1.0000000000,   0.0000000000,   0.0000000000,
                       0.0000000000,   1.0000000000,   0.0000000000,
                       0.0000000000,   0.0000000000,   1.0000000000
                  </Orientation>
                  <Position type="Vector">-0.038942002, -16.46, -213.19359</Position>
               </HpBGun01>
               <HpBGun02>
                  <Axis type="Vector">0, 1, 0</Axis>
                  <Max type="float">0</Max>
                  <Min type="float">0</Min>
                  <Orientation type="Matrix">
                       1.0000000000,   0.0000000000,   0.0000000000,
                       0.0000000000,   1.0000000000,   0.0000000000,
                       0.0000000000,   0.0000000000,   1.0000000000
                  </Orientation>
                  <Position type="Vector">-0.01955, -16.46, -213.19359</Position>
               </HpBGun02>
               <HpTurret01>
                  <Axis type="Vector">0, 1, 0</Axis>
                  <Max type="float">3.1415927</Max>
                  <Min type="float">-3.1415927</Min>
                  <Orientation type="Matrix">
                       0.5299192100,  -0.8448210400,  -0.0739122630,
                       0.8480481500,   0.5279027200,   0.0461855080,
                     -3.7252903e-09,  -0.0871557440,   0.9961946600
                  </Orientation>
                  <Position type="Vector">-40.416313, 22.325329, 25.144638</Position>
               </HpTurret01>
               <HpTurret02>
                  <Axis type="Vector">0, 1, 0</Axis>
                  <Max type="float">3.1415927</Max>
                  <Min type="float">-3.1415927</Min>
                  <Orientation type="Matrix">
                       0.5299192100,   0.8448210400,   0.0739122630,
                      -0.8480481500,   0.5279027200,   0.0461855080,
                      3.7252903e-09,  -0.0871557440,   0.9961946600
                  </Orientation>
                  <Position type="Vector">40.092224, 22.765774, 24.574791</Position>
               </HpTurret02>
               <HpTurret03>
                  <Axis type="Vector">0, 1, 0</Axis>
                  <Max type="float">3.1415927</Max>
                  <Min type="float">-3.1415927</Min>
                  <Orientation type="Matrix">
                       0.5150380700,  -0.8571673600,  -0.0000000000,
                       0.8571673600,   0.5150380700,   0.0000000000,
                       0.0000000000,  -0.0000000000,   1.0000000000
                  </Orientation>
                  <Position type="Vector">-52.229279, 10.408526, 176.19955</Position>
               </HpTurret03>
               <HpTurret04>
                  <Axis type="Vector">0, 1, 0</Axis>
                  <Max type="float">3.1415927</Max>
                  <Min type="float">-3.1415927</Min>
                  <Orientation type="Matrix">
                       0.5150380100,   0.8539055600,   0.0747070540,
                      -0.8571673600,   0.5130781500,   0.0448885260,
                       0.0000000000,  -0.0871557440,   0.9961946600
                  </Orientation>
                  <Position type="Vector">52.266266, 10.352135, 176.18327</Position>
               </HpTurret04>
               <HpTurret05>
                  <Axis type="Vector">0, 1, 0</Axis>
                  <Max type="float">3.1415927</Max>
                  <Min type="float">-3.1415927</Min>
                  <Orientation type="Matrix">
                       1.0000000000,   0.0000000000,  -0.0000000000,
                      -0.0000000000,   0.9986295100,  -0.0523359590,
                       0.0000000000,   0.0523359590,   0.9986295100
                  </Orientation>
                  <Position type="Vector">-0.021253999, 58.709106, 41.141235</Position>
               </HpTurret05>
               <HpTurret06>
                  <Axis type="Vector">0, 1, 0</Axis>
                  <Max type="float">3.1415927</Max>
                  <Min type="float">-3.1415927</Min>
                  <Orientation type="Matrix">
                      -1.0000000000, -87.090108e-09,  7.6193967e-09,
                      87.422784e-09,  -0.9961947200,   0.0871557440,
                     -444.08921e-18,   0.0871557440,   0.9961947200
                  </Orientation>
                  <Position type="Vector">0.091251999, -58.740475, 18.382294</Position>
               </HpTurret06>
               <HpTurret07>
                  <Axis type="Vector">0, 1, 0</Axis>
                  <Max type="float">1.5707964</Max>
                  <Min type="float">-1.5707964</Min>
                  <Orientation type="Matrix">
                       1.0000000000,   0.0000000000,   0.0000000000,
                       0.0000000000,   1.0000000000,   0.0000000000,
                       0.0000000000,   0.0000000000,   1.0000000000
                  </Orientation>
                  <Position type="Vector">-11.455561, 43.747787, -16.996363</Position>
               </HpTurret07>
               <HpTurret08>
                  <Axis type="Vector">0, 1, 0</Axis>
                  <Max type="float">1.5707964</Max>
                  <Min type="float">-1.5707964</Min>
                  <Orientation type="Matrix">
                       1.0000000000,   0.0000000000,   0.0000000000,
                       0.0000000000,   1.0000000000,   0.0000000000,
                       0.0000000000,   0.0000000000,   1.0000000000
                  </Orientation>
                  <Position type="Vector">11.422929, 43.747787, -16.996038</Position>
               </HpTurret08>
               <HpTurret09>
                  <Axis type="Vector">0, 1, 0</Axis>
                  <Max type="float">1.5707964</Max>
                  <Min type="float">-1.5707964</Min>
                  <Orientation type="Matrix">
                       0.5150380100,  -0.8550793500,  -0.0597929690,
                       0.8571674200,   0.5137834500,   0.0359272440,
                       0.0000000000,  -0.0697564780,   0.9975640200
                  </Orientation>
                  <Position type="Vector">-43.778168, 4.0254459, -61.936283</Position>
               </HpTurret09>
               <HpTurret10>
                  <Axis type="Vector">0, 1, 0</Axis>
                  <Max type="float">1.5707964</Max>
                  <Min type="float">-1.5707964</Min>
                  <Orientation type="Matrix">
                       0.5150380100,   0.8550793500,   0.0597929690,
                      -0.8571674200,   0.5137834500,   0.0359272440,
                       0.0000000000,  -0.0697564780,   0.9975640200
                  </Orientation>
                  <Position type="Vector">43.795002, 4.010325, -61.852955</Position>
               </HpTurret10>
               <HpTurret11>
                  <Axis type="Vector">0, 1, 0</Axis>
                  <Max type="float">1.5707964</Max>
                  <Min type="float">-1.5707964</Min>
                  <Orientation type="Matrix">
                      -1.0000000000, -87.302965e-09, -4.5753548e-09,
                      87.422777e-09,  -0.9986295700,  -0.0523359590,
                       0.0000000000,  -0.0523359590,   0.9986295100
                  </Orientation>
                  <Position type="Vector">-0.169101, -35.523846, -39.061295</Position>
               </HpTurret11>
               <HpTurret12>
                  <Axis type="Vector">0, 1, 0</Axis>
                  <Max type="float">1.5707964</Max>
                  <Min type="float">-1.5707964</Min>
                  <Orientation type="Matrix">
                      -1.0000000000,   0.0000000000,  87.422784e-09,
                      6.0983045e-09,   0.9975640800,   0.0697564710,
                     -87.209820e-09,   0.0697564710,  -0.9975640800
                  </Orientation>
                  <Position type="Vector">6.2524338, 47.934639, 214.99419</Position>
               </HpTurret12>
               <HpTurret13>
                  <Axis type="Vector">0, 1, 0</Axis>
                  <Max type="float">1.5707964</Max>
                  <Min type="float">-1.5707964</Min>
                  <Orientation type="Matrix">
                      -1.0000000000,   0.0000000000,  87.422784e-09,
                      6.0983045e-09,   0.9975640800,   0.0697564710,
                     -87.209820e-09,   0.0697564710,  -0.9975640800
                  </Orientation>
                  <Position type="Vector">0.023577999, 47.941006, 214.92593</Position>
               </HpTurret13>
               <HpTurret14>
                  <Axis type="Vector">0, 1, 0</Axis>
                  <Max type="float">1.5707964</Max>
                  <Min type="float">-1.5707964</Min>
                  <Orientation type="Matrix">
                       0.2588192200,  -0.9587258700,  -0.1177167600,
                      -0.9659257500,  -0.2568898200,  -0.0315420260,
                     -89.406967e-09,   0.1218693300,  -0.9925459600
                  </Orientation>
                  <Position type="Vector">-49.999367, -27.91868, 197.6483</Position>
               </HpTurret14>
               <HpTurret15>
                  <Axis type="Vector">0, 1, 0</Axis>
                  <Max type="float">1.5707964</Max>
                  <Min type="float">-1.5707964</Min>
                  <Orientation type="Matrix">
                       0.2588192200,   0.9587258700,   0.1177167100,
                       0.9659257500,  -0.2568898200,  -0.0315421890,
                     -78.231096e-09,   0.1218693300,  -0.9925459600
                  </Orientation>
                  <Position type="Vector">50.029659, -27.85471, 197.57712</Position>
               </HpTurret15>
               <HpTurret16>
                  <Axis type="Vector">0, 1, 0</Axis>
                  <Max type="float">1.5707964</Max>
                  <Min type="float">-1.5707964</Min>
                  <Orientation type="Matrix">
                      -1.0000000000,   0.0000000000,  87.422784e-09,
                      6.0983045e-09,   0.9975640800,   0.0697564710,
                     -87.209820e-09,   0.0697564710,  -0.9975640800
                  </Orientation>
                  <Position type="Vector">-0.038160998, 48.755581, 199.83807</Position>
               </HpTurret16>
               <HpTurret17>
                  <Axis type="Vector">0, 1, 0</Axis>
                  <Max type="float">1.5707964</Max>
                  <Min type="float">-1.5707964</Min>
                  <Orientation type="Matrix">
                      -1.0000000000,   0.0000000000,  87.422784e-09,
                      6.0983045e-09,   0.9975640800,   0.0697564710,
                     -87.209820e-09,   0.0697564710,  -0.9975640800
                  </Orientation>
                  <Position type="Vector">-0.029657001, 46.772007, 236.57841</Position>
               </HpTurret17>
               <HpTurret18>
                  <Axis type="Vector">0, 1, 0</Axis>
                  <Max type="float">1.5707964</Max>
                  <Min type="float">-1.5707964</Min>
                  <Orientation type="Matrix">
                      -0.9999997600,   0.0000000000,  87.422769e-09,
                      87.422769e-09,  59.604645e-09,   0.9999998800,
                      7.1054274e-15,   0.9999998800,  178.81393e-09
                  </Orientation>
                  <Position type="Vector">-0.019938, -48.19381, 122.74395</Position>
               </HpTurret18>
            </Revolute>
         </Hardpoints>
         <MultiLevel>
            <Level0>
               <VMeshPart>
                  <VMeshRef type="VMeshRef">
                     <!-- header size  --> 60,
                     <!-- vmesh lib    --> point_blank_prowler.lod0.vms,
                     <!-- start vert   --> 0,
                     <!-- num verts    --> 11000,
                     <!-- start index  --> 0,
                     <!-- num indices  --> 29880,
                     <!-- start mesh   --> 0,
                     <!-- num meshes   --> 1,
                     <!-- bounding box -->  62.561146,  68.840179,   257.11676,
                                           -62.561146, -62.256691,  -279.76141,
                     <!-- center       -->   0,          3.2917442,  -11.322327,
                     <!-- radius       --> 368.52603
                  </VMeshRef>
               </VMeshPart>
            </Level0>
         </MultiLevel>
      </point_blank_prowler.3db>
   </UTF_ROOT>
</UTFXML>
