<?xml version="1.0" encoding="ISO-8859-1"?>
<!-- XML generated by UTFXML Version 2.2 built 19-Aug-2010 -->
<UTFXML filename="Praetor2.cmp" path="SHIPS\new\Scifi">
   <UTF_ROOT>
      <VMeshLibrary>
         <praetor2.lod0-112.vms include="Praetor2_cmp\lod0-112.vms.xml"/>
      </VMeshLibrary>
      <Cmpnd>
         <Cons>
            <Fix type="Fix" count="6">
               <part>
                  <!-- parent      --> "Root",
                  <!-- child       --> "Praetor2_p1_lod1",
                  <!-- position    --> 0, 0, 0,
                  <!-- orientation -->   1.0000000000,   0.0000000000,   0.0000000000,
                                         0.0000000000,   1.0000000000,   0.0000000000,
                                         0.0000000000,   0.0000000000,   1.0000000000
               </part>
               <part>
                  <!-- parent      --> "Root",
                  <!-- child       --> "Praetor2_p2_lod1",
                  <!-- position    --> 0, 0, 0,
                  <!-- orientation -->   1.0000000000,   0.0000000000,   0.0000000000,
                                         0.0000000000,   1.0000000000,   0.0000000000,
                                         0.0000000000,   0.0000000000,   1.0000000000
               </part>
               <part>
                  <!-- parent      --> "Root",
                  <!-- child       --> "Praetor2_p3_lod1",
                  <!-- position    --> 0, 0, 0,
                  <!-- orientation -->   1.0000000000,   0.0000000000,   0.0000000000,
                                         0.0000000000,   1.0000000000,   0.0000000000,
                                         0.0000000000,   0.0000000000,   1.0000000000
               </part>
               <part>
                  <!-- parent      --> "Root",
                  <!-- child       --> "Praetor2_p4_lod1",
                  <!-- position    --> 0, 0, 0,
                  <!-- orientation -->   1.0000000000,   0.0000000000,   0.0000000000,
                                         0.0000000000,   1.0000000000,   0.0000000000,
                                         0.0000000000,   0.0000000000,   1.0000000000
               </part>
               <part>
                  <!-- parent      --> "Root",
                  <!-- child       --> "Praetor2_p5_lod1",
                  <!-- position    --> 0, 0, 0,
                  <!-- orientation -->   1.0000000000,   0.0000000000,   0.0000000000,
                                         0.0000000000,   1.0000000000,   0.0000000000,
                                         0.0000000000,   0.0000000000,   1.0000000000
               </part>
               <part>
                  <!-- parent      --> "Root",
                  <!-- child       --> "Praetor2_p6_lod1",
                  <!-- position    --> 0, 0, 0,
                  <!-- orientation -->   1.0000000000,   0.0000000000,   0.0000000000,
                                         0.0000000000,   1.0000000000,   0.0000000000,
                                         0.0000000000,   0.0000000000,   1.0000000000
               </part>
            </Fix>
         </Cons>
         <Part_Praetor2_p1_lod1>
            <Object_name name="Object name" type="text">Praetor2_p1_lod1</Object_name>
            <Index type="int">0</Index>
            <File_name name="File name" type="text">Praetor2_p1_lod1.3db</File_name>
         </Part_Praetor2_p1_lod1>
         <Part_Praetor2_p2_lod1>
            <Object_name name="Object name" type="text">Praetor2_p2_lod1</Object_name>
            <Index type="int">0</Index>
            <File_name name="File name" type="text">Praetor2_p2_lod1.3db</File_name>
         </Part_Praetor2_p2_lod1>
         <Part_Praetor2_p3_lod1>
            <Object_name name="Object name" type="text">Praetor2_p3_lod1</Object_name>
            <Index type="int">0</Index>
            <File_name name="File name" type="text">Praetor2_p3_lod1.3db</File_name>
         </Part_Praetor2_p3_lod1>
         <Part_Praetor2_p4_lod1>
            <Object_name name="Object name" type="text">Praetor2_p4_lod1</Object_name>
            <Index type="int">0</Index>
            <File_name name="File name" type="text">Praetor2_p4_lod1.3db</File_name>
         </Part_Praetor2_p4_lod1>
         <Part_Praetor2_p5_lod1>
            <Object_name name="Object name" type="text">Praetor2_p5_lod1</Object_name>
            <Index type="int">0</Index>
            <File_name name="File name" type="text">Praetor2_p5_lod1.3db</File_name>
         </Part_Praetor2_p5_lod1>
         <Part_Praetor2_p6_lod1>
            <Object_name name="Object name" type="text">Praetor2_p6_lod1</Object_name>
            <Index type="int">0</Index>
            <File_name name="File name" type="text">Praetor2_p6_lod1.3db</File_name>
         </Part_Praetor2_p6_lod1>
         <Root>
            <Object_name name="Object name" type="text">Root</Object_name>
            <Index type="int">0</Index>
            <File_name name="File name" type="text">Praetor2.3db</File_name>
         </Root>
      </Cmpnd>
      <Praetor2.3db>
         <VMeshPart>
            <VMeshRef type="VMeshRef">
               <!-- header size  --> 60,
               <!-- vmesh lib    --> praetor2.lod0-112.vms,
               <!-- start vert   --> 0,
               <!-- num verts    --> 20,
               <!-- start index  --> 0,
               <!-- num indices  --> 36,
               <!-- start mesh   --> 0,
               <!-- num meshes   --> 1,
               <!-- bounding box -->   0.0025935653, -6.572269,  0.47807476,
                                      -0.0026238263, -6.577487,  0.47285742,
               <!-- center       --> -15.258789e-6,  13.108328, -4.4652252,
               <!-- radius       --> 20.296982
            </VMeshRef>
         </VMeshPart>
         <Hardpoints>
            <Fixed>
               <HpMount>
                  <Position type="Vector">0, -55, -145</Position>
                  <Orientation type="Matrix">
                       1.0000000000,   0.0000000000,   0.0000000000,
                       0.0000000000,   1.0000000000,   0.0000000000,
                       0.0000000000,   0.0000000000,   1.0000000000
                  </Orientation>
               </HpMount>
               <HpFX01>
                  <Position type="Vector">0, 0, 0</Position>
                  <Orientation type="Matrix">
                       1.0000000000,   0.0000000000,   0.0000000000,
                       0.0000000000,   1.0000000000,   0.0000000000,
                       0.0000000000,   0.0000000000,   1.0000000000
                  </Orientation>
               </HpFX01>
               <HpFX02>
                  <Position type="Vector">0, 0, 0</Position>
                  <Orientation type="Matrix">
                      313.91644e-09,   0.9999998800,   0.0000000000,
                      -0.9999998800,  313.91644e-09,   0.0000000000,
                       0.0000000000,   0.0000000000,   1.0000000000
                  </Orientation>
               </HpFX02>
               <HpFX03>
                  <Position type="Vector">0, 0, 0</Position>
                  <Orientation type="Matrix">
                       1.0000000000,   0.0000000000,   0.0000000000,
                       0.0000000000,  313.91644e-09,   0.9999998800,
                       0.0000000000,  -0.9999998800,  313.91644e-09
                  </Orientation>
               </HpFX03>
               <HpFX04>
                  <Position type="Vector">0, 0, 0</Position>
                  <Orientation type="Matrix">
                       1.0000000000,   0.0000000000,   0.0000000000,
                       0.0000000000,   1.0000000000,   0.0000000000,
                       0.0000000000,   0.0000000000,   1.0000000000
                  </Orientation>
               </HpFX04>
               <HpFX05>
                  <Position type="Vector">0, 0, 0</Position>
                  <Orientation type="Matrix">
                       1.0000000000,   0.0000000000,   0.0000000000,
                       0.0000000000,   1.0000000000,   0.0000000000,
                       0.0000000000,   0.0000000000,   1.0000000000
                  </Orientation>
               </HpFX05>
               <HpFX06>
                  <Position type="Vector">0, 0, 0</Position>
                  <Orientation type="Matrix">
                       1.0000000000,   0.0000000000,   0.0000000000,
                       0.0000000000,   1.0000000000,   0.0000000000,
                       0.0000000000,   0.0000000000,   1.0000000000
                  </Orientation>
               </HpFX06>
               <HpFX07>
                  <Position type="Vector">0, 0, 0</Position>
                  <Orientation type="Matrix">
                       1.0000000000,   0.0000000000,   0.0000000000,
                       0.0000000000,   1.0000000000,   0.0000000000,
                       0.0000000000,   0.0000000000,   1.0000000000
                  </Orientation>
               </HpFX07>
               <HpShield01>
                  <Position type="Vector">0, 0, 0</Position>
                  <Orientation type="Matrix">
                       1.0000000000,   0.0000000000,   0.0000000000,
                       0.0000000000,   1.0000000000,   0.0000000000,
                       0.0000000000,   0.0000000000,   1.0000000000
                  </Orientation>
               </HpShield01>
               <HpShield02>
                  <Position type="Vector">0, 0, 0</Position>
                  <Orientation type="Matrix">
                       1.0000000000,   0.0000000000,   0.0000000000,
                       0.0000000000,   1.0000000000,   0.0000000000,
                       0.0000000000,   0.0000000000,   1.0000000000
                  </Orientation>
               </HpShield02>
               <HpDockMountA>
                  <Position type="Vector">0, 150, 0</Position>
                  <Orientation type="Matrix">
                       1.0000000000,   0.0000000000,   0.0000000000,
                       0.0000000000,   1.0000000000,   0.0000000000,
                       0.0000000000,   0.0000000000,   1.0000000000
                  </Orientation>
               </HpDockMountA>
               <HpDockPointA01>
                  <Position type="Vector">0, 150, 300</Position>
                  <Orientation type="Matrix">
                       1.0000000000,   0.0000000000,   0.0000000000,
                       0.0000000000,   1.0000000000,   0.0000000000,
                       0.0000000000,   0.0000000000,   1.0000000000
                  </Orientation>
               </HpDockPointA01>
               <HpDockPointA02>
                  <Position type="Vector">0, 150, 600</Position>
                  <Orientation type="Matrix">
                       1.0000000000,   0.0000000000,   0.0000000000,
                       0.0000000000,   1.0000000000,   0.0000000000,
                       0.0000000000,   0.0000000000,   1.0000000000
                  </Orientation>
               </HpDockPointA02>
               <HpLaunchCamA>
                  <Position type="Vector">150, 150, -600</Position>
                  <Orientation type="Matrix">
                       1.0000000000,   0.0000000000,   0.0000000000,
                       0.0000000000,   1.0000000000,   0.0000000000,
                       0.0000000000,   0.0000000000,   1.0000000000
                  </Orientation>
               </HpLaunchCamA>
               <HpDockCamA>
                  <Position type="Vector">-150, 150, -600</Position>
                  <Orientation type="Matrix">
                       1.0000000000,   0.0000000000,   0.0000000000,
                       0.0000000000,   1.0000000000,   0.0000000000,
                       0.0000000000,   0.0000000000,   1.0000000000
                  </Orientation>
               </HpDockCamA>
            </Fixed>
         </Hardpoints>
      </Praetor2.3db>
      <Praetor2_p1_lod1.3db>
         <VMeshPart>
            <VMeshRef type="VMeshRef">
               <!-- header size  --> 60,
               <!-- vmesh lib    --> praetor2.lod0-112.vms,
               <!-- start vert   --> 20,
               <!-- num verts    --> 1291,
               <!-- start index  --> 36,
               <!-- num indices  --> 5193,
               <!-- start mesh   --> 1,
               <!-- num meshes   --> 1,
               <!-- bounding box -->  116.57287,      18.133955, 201.20258,
                                     -116.57278,     -23.195229, 180.27464,
               <!-- center       -->  -15.258789e-6,  13.108328,  -4.4652252,
               <!-- radius       --> 237.02948
            </VMeshRef>
         </VMeshPart>
         <Hardpoints>
            <Fixed>
               <HpEngine02>
                  <Position type="Vector">-95.909668, -2.532414, 188.42043</Position>
                  <Orientation type="Matrix">
                       1.0000000000,   0.0000000000,   0.0000000000,
                       0.0000000000,   1.0000000000,   0.0000000000,
                       0.0000000000,   0.0000000000,   1.0000000000
                  </Orientation>
               </HpEngine02>
               <HpEngine03>
                  <Position type="Vector">95.904839, -2.534368, 188.42043</Position>
                  <Orientation type="Matrix">
                       1.0000000000,   0.0000000000,   0.0000000000,
                       0.0000000000,   1.0000000000,   0.0000000000,
                       0.0000000000,   0.0000000000,   1.0000000000
                  </Orientation>
               </HpEngine03>
               <HpCloak01>
                  <Position type="Vector">0, 0, 15</Position>
                  <Orientation type="Matrix">
                       1.0000000000,   0.0000000000,   0.0000000000,
                       0.0000000000,   1.0000000000,   0.0000000000,
                       0.0000000000,   0.0000000000,   1.0000000000
                  </Orientation>
               </HpCloak01>
            </Fixed>
         </Hardpoints>
      </Praetor2_p1_lod1.3db>
      <Praetor2_p2_lod1.3db>
         <VMeshPart>
            <VMeshRef type="VMeshRef">
               <!-- header size  --> 60,
               <!-- vmesh lib    --> praetor2.lod0-112.vms,
               <!-- start vert   --> 1311,
               <!-- num verts    --> 648,
               <!-- start index  --> 5229,
               <!-- num indices  --> 2598,
               <!-- start mesh   --> 2,
               <!-- num meshes   --> 1,
               <!-- bounding box -->  32.911953,     30.381334, 213.94672,
                                     -32.911983,    -35.442623, 180.61531,
               <!-- center       --> -15.258789e-6,  13.108328,  -4.4652252,
               <!-- radius       --> 223.74309
            </VMeshRef>
         </VMeshPart>
         <Hardpoints>
            <Fixed>
               <HpEngine01>
                  <Position type="Vector">-329e-6, -2.5292921, 193.58891</Position>
                  <Orientation type="Matrix">
                       1.0000000000,   0.0000000000,   0.0000000000,
                       0.0000000000,   1.0000000000,   0.0000000000,
                       0.0000000000,   0.0000000000,   1.0000000000
                  </Orientation>
               </HpEngine01>
            </Fixed>
         </Hardpoints>
      </Praetor2_p2_lod1.3db>
      <Praetor2_p3_lod1.3db>
         <VMeshPart>
            <VMeshRef type="VMeshRef">
               <!-- header size  --> 60,
               <!-- vmesh lib    --> praetor2.lod0-112.vms,
               <!-- start vert   --> 1959,
               <!-- num verts    --> 298,
               <!-- start index  --> 7827,
               <!-- num indices  --> 1776,
               <!-- start mesh   --> 3,
               <!-- num meshes   --> 1,
               <!-- bounding box -->  19.475737,    -28.77746,  58.332375,
                                     -19.475758,    -42.389317, 19.380882,
               <!-- center       --> -15.258789e-6,  13.108328, -4.4652252,
               <!-- radius       --> 77.314056
            </VMeshRef>
         </VMeshPart>
         <Hardpoints>
            <Revolute>
               <HpTurret21>
                  <Position type="Vector">-0.026101001, -41.77879, 34.470226</Position>
                  <Orientation type="Matrix">
                      -1.0000000000,  45.348401e-09, -322.67033e-09,
                      10.658141e-15,  -0.9902684700,  -0.1391732100,
                     -325.84148e-09,  -0.1391732200,   0.9902682300
                  </Orientation>
                  <Axis type="Vector">0, 1, 0</Axis>
                  <Min type="float">-3.1415927</Min>
                  <Max type="float">3.1415927</Max>
               </HpTurret21>
               <HpGun03>
                  <Position type="Vector">0.003004, -42.388508, 38.851788</Position>
                  <Orientation type="Matrix">
                      -1.0000000000,  106.17260e-15, -325.84137e-09,
                       0.0000000000,  -1.0000000000, -325.84137e-09,
                     -325.84137e-09, -325.84137e-09,   1.0000000000
                  </Orientation>
                  <Axis type="Vector">0, 1, 0</Axis>
                  <Min type="float">-0.52359879</Min>
                  <Max type="float">0.52359879</Max>
               </HpGun03>
            </Revolute>
         </Hardpoints>
      </Praetor2_p3_lod1.3db>
      <Praetor2_p4_lod1.3db>
         <VMeshPart>
            <VMeshRef type="VMeshRef">
               <!-- header size  --> 60,
               <!-- vmesh lib    --> praetor2.lod0-112.vms,
               <!-- start vert   --> 2257,
               <!-- num verts    --> 1010,
               <!-- start index  --> 9603,
               <!-- num indices  --> 2580,
               <!-- start mesh   --> 4,
               <!-- num meshes   --> 1,
               <!-- bounding box -->   8.6591492,   58.918915, 91.590218,
                                      -8.6591949,   51.111984, 86.059341,
               <!-- center       --> -15.258789e-6, 13.108328, -4.4652252,
               <!-- radius       --> 105.64404
            </VMeshRef>
         </VMeshPart>
         <Hardpoints>
            <Fixed>
               <HpRunningLight03>
                  <Position type="Vector">0, 55.639496, 87.314636</Position>
                  <Orientation type="Matrix">
                       1.0000000000,   0.0000000000,   0.0000000000,
                       0.0000000000,   1.0000000000,   0.0000000000,
                       0.0000000000,   0.0000000000,   1.0000000000
                  </Orientation>
               </HpRunningLight03>
            </Fixed>
         </Hardpoints>
      </Praetor2_p4_lod1.3db>
      <Praetor2_p5_lod1.3db>
         <VMeshPart>
            <VMeshRef type="VMeshRef">
               <!-- header size  --> 60,
               <!-- vmesh lib    --> praetor2.lod0-112.vms,
               <!-- start vert   --> 3267,
               <!-- num verts    --> 4572,
               <!-- start index  --> 12183,
               <!-- num indices  --> 15216,
               <!-- start mesh   --> 5,
               <!-- num meshes   --> 1,
               <!-- bounding box -->  72.764099,    78.037102, 240.73927,
                                     -72.764137,    11.502644,  -0.65443569,
               <!-- center       --> -15.258789e-6, 13.108328,  -4.4652252,
               <!-- radius       --> 248.20482
            </VMeshRef>
         </VMeshPart>
         <Hardpoints>
            <Revolute>
               <HpTurret22>
                  <Position type="Vector">0, 43.708183, 29.853432</Position>
                  <Orientation type="Matrix">
                       1.0000000000,   0.0000000000,   0.0000000000,
                       0.0000000000,   1.0000000000,   0.0000000000,
                       0.0000000000,   0.0000000000,   1.0000000000
                  </Orientation>
                  <Axis type="Vector">0, 1, 0</Axis>
                  <Min type="float">-1.5707964</Min>
                  <Max type="float">1.5707964</Max>
               </HpTurret22>
               <HpTurret23>
                  <Position type="Vector">0, 66.213364, 144.48909</Position>
                  <Orientation type="Matrix">
                       1.0000000000,   0.0000000000,   0.0000000000,
                       0.0000000000,   1.0000000000,   0.0000000000,
                       0.0000000000,   0.0000000000,   1.0000000000
                  </Orientation>
                  <Axis type="Vector">0, 1, 0</Axis>
                  <Min type="float">-1.5707964</Min>
                  <Max type="float">1.5707964</Max>
               </HpTurret23>
               <HpTurret24>
                  <Position type="Vector">-17.551289, 30.948242, 47.632584</Position>
                  <Orientation type="Matrix">
                      75.497894e-09,   0.0000000000,   0.9999998800,
                       0.0000000000,   1.0000000000,   0.0000000000,
                      -0.9999998800,   0.0000000000,  75.497894e-09
                  </Orientation>
                  <Axis type="Vector">0, 1, 0</Axis>
                  <Min type="float">-1.5707964</Min>
                  <Max type="float">0.78539819</Max>
               </HpTurret24>
               <HpTurret25>
                  <Position type="Vector">17.624453, 30.949219, 47.626026</Position>
                  <Orientation type="Matrix">
                     -162.92067e-09,   0.0000000000,  -0.9999998800,
                       0.0000000000,   1.0000000000,   0.0000000000,
                       0.9999998800,   0.0000000000, -162.92067e-09
                  </Orientation>
                  <Axis type="Vector">0, 1, 0</Axis>
                  <Min type="float">-0.78539819</Min>
                  <Max type="float">1.5707964</Max>
               </HpTurret25>
               <HpTurret26>
                  <Position type="Vector">-17.521214, 30.949219, 12.562924</Position>
                  <Orientation type="Matrix">
                      75.497894e-09,   0.0000000000,   0.9999998800,
                       0.0000000000,   1.0000000000,   0.0000000000,
                      -0.9999998800,   0.0000000000,  75.497894e-09
                  </Orientation>
                  <Axis type="Vector">0, 1, 0</Axis>
                  <Min type="float">-1.5707964</Min>
                  <Max type="float">0.78539819</Max>
               </HpTurret26>
               <HpTurret27>
                  <Position type="Vector">17.6971, 30.948242, 12.512659</Position>
                  <Orientation type="Matrix">
                     -162.92067e-09,   0.0000000000,  -0.9999998800,
                       0.0000000000,   1.0000000000,   0.0000000000,
                       0.9999998800,   0.0000000000, -162.92067e-09
                  </Orientation>
                  <Axis type="Vector">0, 1, 0</Axis>
                  <Min type="float">-0.78539819</Min>
                  <Max type="float">1.5707964</Max>
               </HpTurret27>
               <HpGun02>
                  <Position type="Vector">0, 43.708187, 37.091988</Position>
                  <Orientation type="Matrix">
                       1.0000000000,   0.0000000000,   0.0000000000,
                       0.0000000000,   1.0000000000,   0.0000000000,
                       0.0000000000,   0.0000000000,   1.0000000000
                  </Orientation>
                  <Axis type="Vector">0, 1, 0</Axis>
                  <Min type="float">-0.52359879</Min>
                  <Max type="float">0.52359879</Max>
               </HpGun02>
            </Revolute>
         </Hardpoints>
      </Praetor2_p5_lod1.3db>
      <Praetor2_p6_lod1.3db>
         <VMeshPart>
            <VMeshRef type="VMeshRef">
               <!-- header size  --> 60,
               <!-- vmesh lib    --> praetor2.lod0-112.vms,
               <!-- start vert   --> 7839,
               <!-- num verts    --> 2678,
               <!-- start index  --> 27399,
               <!-- num indices  --> 7812,
               <!-- start mesh   --> 6,
               <!-- num meshes   --> 1,
               <!-- bounding box -->  203.19322,      44.352608,  202.6823,
                                     -203.19325,     -51.820446, -249.66972,
               <!-- center       -->  -15.258789e-6,  13.108328,   -4.4652252,
               <!-- radius       --> 288.58389
            </VMeshRef>
         </VMeshPart>
         <Hardpoints>
            <Fixed>
               <HpTractor_Source>
                  <Position type="Vector">0, -2.4734631, -248.81056</Position>
                  <Orientation type="Matrix">
                       1.0000000000,   0.0000000000,   0.0000000000,
                       0.0000000000,   1.0000000000,   0.0000000000,
                       0.0000000000,   0.0000000000,   1.0000000000
                  </Orientation>
               </HpTractor_Source>
               <HpRunningLight01>
                  <Position type="Vector">-202.34018, -2.487262, 199.50021</Position>
                  <Orientation type="Matrix">
                       1.0000000000,   0.0000000000,   0.0000000000,
                       0.0000000000,   1.0000000000,   0.0000000000,
                       0.0000000000,   0.0000000000,   1.0000000000
                  </Orientation>
               </HpRunningLight01>
               <HpRunningLight02>
                  <Position type="Vector">202.3416, -2.5044291, 199.50352</Position>
                  <Orientation type="Matrix">
                       1.0000000000,   0.0000000000,   0.0000000000,
                       0.0000000000,   1.0000000000,   0.0000000000,
                       0.0000000000,   0.0000000000,   1.0000000000
                  </Orientation>
               </HpRunningLight02>
               <HpDocklight01>
                  <Position type="Vector">-203.19316, 1.734368, 199.56042</Position>
                  <Orientation type="Matrix">
                       1.0000000000,   0.0000000000,   0.0000000000,
                       0.0000000000,   1.0000000000,   0.0000000000,
                       0.0000000000,   0.0000000000,   1.0000000000
                  </Orientation>
               </HpDocklight01>
               <HpDocklight02>
                  <Position type="Vector">203.19315, 1.734458, 199.56064</Position>
                  <Orientation type="Matrix">
                       1.0000000000,   0.0000000000,   0.0000000000,
                       0.0000000000,   1.0000000000,   0.0000000000,
                       0.0000000000,   0.0000000000,   1.0000000000
                  </Orientation>
               </HpDocklight02>
               <HpCM01>
                  <Position type="Vector">0, -51.634949, 197.69719</Position>
                  <Orientation type="Matrix">
                      -1.0000000000,  186.89494e-09, -266.91362e-09,
                     -1.7763568e-15,  -0.8191520600,  -0.5735764500,
                     -325.84134e-09,  -0.5735764500,   0.8191520600
                  </Orientation>
               </HpCM01>
               <HpCM02>
                  <Position type="Vector">96.589455, -26.83733, 179.92271</Position>
                  <Orientation type="Matrix">
                      -0.9848079100,   0.1422445600,   0.0996002780,
                      -0.1736483400,  -0.8067073200,  -0.5648625500,
                     -306.87079e-09,  -0.5735764500,   0.8191521200
                  </Orientation>
               </HpCM02>
               <HpCM03>
                  <Position type="Vector">-100.40832, -26.012383, 179.81134</Position>
                  <Orientation type="Matrix">
                      -0.9848078500,  -0.1422440600,  -0.0996007470,
                       0.1736481500,  -0.8067072600,  -0.5648626700,
                     -320.37497e-09,  -0.5735765700,   0.8191521800
                  </Orientation>
               </HpCM03>
            </Fixed>
            <Revolute>
               <HpTorpedo01>
                  <Position type="Vector">-9.9477682, -7.6562529, -211.98358</Position>
                  <Orientation type="Matrix">
                      -0.9781478000,  -0.2076257300,  -0.0108812410,
                       0.2079106700,  -0.9768071800,  -0.0511924810,
                      52.494897e-12,  -0.0523361340,   0.9986295700
                  </Orientation>
                  <Axis type="Vector">0, 1, 0</Axis>
                  <Min type="float">-0.78539819</Min>
                  <Max type="float">0.78539819</Max>
               </HpTorpedo01>
               <HpTorpedo02>
                  <Position type="Vector">9.9944782, -7.6442308, -212.00809</Position>
                  <Orientation type="Matrix">
                      -0.9781475700,   0.2076266700,   0.0108812900,
                      -0.2079116100,  -0.9768070600,  -0.0511924740,
                      1.1518426e-09,  -0.0523361380,   0.9986296300
                  </Orientation>
                  <Axis type="Vector">0, 1, 0</Axis>
                  <Min type="float">-0.78539819</Min>
                  <Max type="float">0.78539819</Max>
               </HpTorpedo02>
               <HpGun01>
                  <Position type="Vector">0, -6.386333, -245.36264</Position>
                  <Orientation type="Matrix">
                      -1.0000000000,  106.17260e-15, -325.84137e-09,
                       0.0000000000,  -1.0000000000, -325.84137e-09,
                     -325.84137e-09, -325.84137e-09,   1.0000000000
                  </Orientation>
                  <Axis type="Vector">0, 1, 0</Axis>
                  <Min type="float">0</Min>
                  <Max type="float">0</Max>
               </HpGun01>
               <HpTurret17>
                  <Position type="Vector">-42.320313, 3.2763672, -141.59436</Position>
                  <Orientation type="Matrix">
                       0.0151343920,  -0.1729874800,   0.9848077900,
                      -0.0858316570,   0.9810603900,   0.1736482700,
                      -0.9961946600,  -0.0871557590, -56.190402e-09
                  </Orientation>
                  <Axis type="Vector">0, 1, 0</Axis>
                  <Min type="float">-0.78539819</Min>
                  <Max type="float">0.78539819</Max>
               </HpTurret17>
               <HpTurret13>
                  <Position type="Vector">-61.739014, 3.125, -100.10657</Position>
                  <Orientation type="Matrix">
                       0.0151343920,  -0.1729874800,   0.9848077900,
                      -0.0858316570,   0.9810603900,   0.1736482700,
                      -0.9961946600,  -0.0871557590, -56.190402e-09
                  </Orientation>
                  <Axis type="Vector">0, 1, 0</Axis>
                  <Min type="float">-3.1415927</Min>
                  <Max type="float">1.5707964</Max>
               </HpTurret13>
               <HpTurret09>
                  <Position type="Vector">-109.13818, 3.5019531, 9.0023193</Position>
                  <Orientation type="Matrix">
                       0.0151343920,  -0.1729874800,   0.9848077900,
                      -0.0858316570,   0.9810603900,   0.1736482700,
                      -0.9961946600,  -0.0871557590, -56.190402e-09
                  </Orientation>
                  <Axis type="Vector">0, 1, 0</Axis>
                  <Min type="float">-2.0943952</Min>
                  <Max type="float">1.5707964</Max>
               </HpTurret09>
               <HpTurret05>
                  <Position type="Vector">-139.97571, 3.7578125, 80.148071</Position>
                  <Orientation type="Matrix">
                       0.0151343920,  -0.1729874800,   0.9848077900,
                      -0.0858316570,   0.9810603900,   0.1736482700,
                      -0.9961946600,  -0.0871557590, -56.190402e-09
                  </Orientation>
                  <Axis type="Vector">0, 1, 0</Axis>
                  <Min type="float">-1.5707964</Min>
                  <Max type="float">1.5707964</Max>
               </HpTurret05>
               <HpTurret01>
                  <Position type="Vector">-174.17444, 4.0239258, 158.89789</Position>
                  <Orientation type="Matrix">
                       0.0151343920,  -0.1729874800,   0.9848077900,
                      -0.0858316570,   0.9810603900,   0.1736482700,
                      -0.9961946600,  -0.0871557590, -56.190402e-09
                  </Orientation>
                  <Axis type="Vector">0, 1, 0</Axis>
                  <Min type="float">-1.5707964</Min>
                  <Max type="float">1.5707964</Max>
               </HpTurret01>
               <HpTurret03>
                  <Position type="Vector">-172.82959, -8.859375, 155.56238</Position>
                  <Orientation type="Matrix">
                      -0.0151345770,  -0.1729875700,   0.9848077900,
                      -0.0858316790,  -0.9810601500,  -0.1736484200,
                       0.9961946600,  -0.0871557890,  155.64729e-09
                  </Orientation>
                  <Axis type="Vector">0, 1, 0</Axis>
                  <Min type="float">-3.1415927</Min>
                  <Max type="float">3.1415927</Max>
               </HpTurret03>
               <HpTurret07>
                  <Position type="Vector">-138.90991, -8.6591797, 78.105713</Position>
                  <Orientation type="Matrix">
                      -0.0151345770,  -0.1729875700,   0.9848077900,
                      -0.0858316790,  -0.9810601500,  -0.1736484200,
                       0.9961946600,  -0.0871557890,  155.64729e-09
                  </Orientation>
                  <Axis type="Vector">0, 1, 0</Axis>
                  <Min type="float">-3.1415927</Min>
                  <Max type="float">3.1415927</Max>
               </HpTurret07>
               <HpTurret11>
                  <Position type="Vector">-108.43262, -8.4462891, 8.2486572</Position>
                  <Orientation type="Matrix">
                      -0.0151345770,  -0.1729875700,   0.9848077900,
                      -0.0858316790,  -0.9810601500,  -0.1736484200,
                       0.9961946600,  -0.0871557890,  155.64729e-09
                  </Orientation>
                  <Axis type="Vector">0, 1, 0</Axis>
                  <Min type="float">-3.1415927</Min>
                  <Max type="float">3.1415927</Max>
               </HpTurret11>
               <HpTurret15>
                  <Position type="Vector">-61.664917, -7.9697266, -100.54742</Position>
                  <Orientation type="Matrix">
                      -0.0151345770,  -0.1729875700,   0.9848077900,
                      -0.0858316790,  -0.9810601500,  -0.1736484200,
                       0.9961946600,  -0.0871557890,  155.64729e-09
                  </Orientation>
                  <Axis type="Vector">0, 1, 0</Axis>
                  <Min type="float">-3.1415927</Min>
                  <Max type="float">3.1415927</Max>
               </HpTurret15>
               <HpTurret19>
                  <Position type="Vector">-41.260254, -8.0527344, -144.89392</Position>
                  <Orientation type="Matrix">
                      -0.0151345770,  -0.1729875700,   0.9848077900,
                      -0.0858316790,  -0.9810601500,  -0.1736484200,
                       0.9961946600,  -0.0871557890,  155.64729e-09
                  </Orientation>
                  <Axis type="Vector">0, 1, 0</Axis>
                  <Min type="float">-0.78539819</Min>
                  <Max type="float">0.78539819</Max>
               </HpTurret19>
               <HpTurret18>
                  <Position type="Vector">42.594482, 3.2109375, -141.68805</Position>
                  <Orientation type="Matrix">
                       0.0151342710,   0.1729874900,  -0.9848077300,
                       0.0858317540,   0.9810603900,   0.1736482400,
                       0.9961947200,  -0.0871558190, -181.60790e-09
                  </Orientation>
                  <Axis type="Vector">0, 1, 0</Axis>
                  <Min type="float">-0.78539819</Min>
                  <Max type="float">0.78539819</Max>
               </HpTurret18>
               <HpTurret14>
                  <Position type="Vector">61.870483, 3.0893555, -100.1929</Position>
                  <Orientation type="Matrix">
                       0.0151342710,   0.1729874900,  -0.9848077300,
                       0.0858317540,   0.9810603900,   0.1736482400,
                       0.9961947200,  -0.0871558190, -181.60790e-09
                  </Orientation>
                  <Axis type="Vector">0, 1, 0</Axis>
                  <Min type="float">-1.5707964</Min>
                  <Max type="float">3.1415927</Max>
               </HpTurret14>
               <HpTurret10>
                  <Position type="Vector">108.84766, 3.5605469, 8.9723511</Position>
                  <Orientation type="Matrix">
                       0.0151342710,   0.1729874900,  -0.9848077300,
                       0.0858317540,   0.9810603900,   0.1736482400,
                       0.9961947200,  -0.0871558190, -181.60790e-09
                  </Orientation>
                  <Axis type="Vector">0, 1, 0</Axis>
                  <Min type="float">-1.5707964</Min>
                  <Max type="float">2.0943952</Max>
               </HpTurret10>
               <HpTurret06>
                  <Position type="Vector">139.89673, 3.7753906, 80.153992</Position>
                  <Orientation type="Matrix">
                       0.0151342710,   0.1729874900,  -0.9848077300,
                       0.0858317540,   0.9810603900,   0.1736482400,
                       0.9961947200,  -0.0871558190, -181.60790e-09
                  </Orientation>
                  <Axis type="Vector">0, 1, 0</Axis>
                  <Min type="float">-1.5707964</Min>
                  <Max type="float">1.5707964</Max>
               </HpTurret06>
               <HpTurret02>
                  <Position type="Vector">174.19653, 4.0087891, 158.78931</Position>
                  <Orientation type="Matrix">
                       0.0151342710,   0.1729874900,  -0.9848077300,
                       0.0858317540,   0.9810603900,   0.1736482400,
                       0.9961947200,  -0.0871558190, -181.60790e-09
                  </Orientation>
                  <Axis type="Vector">0, 1, 0</Axis>
                  <Min type="float">-1.5707964</Min>
                  <Max type="float">1.5707964</Max>
               </HpTurret02>
               <HpTurret04>
                  <Position type="Vector">167.14087, -9.0214844, 144.58484</Position>
                  <Orientation type="Matrix">
                      -0.0151344810,   0.1729876400,  -0.9848077300,
                       0.0858317690,  -0.9810602700,  -0.1736484800,
                      -0.9961947800,  -0.0871558640, -5.5879354e-09
                  </Orientation>
                  <Axis type="Vector">0, 1, 0</Axis>
                  <Min type="float">-3.1415927</Min>
                  <Max type="float">3.1415927</Max>
               </HpTurret04>
               <HpTurret08>
                  <Position type="Vector">138.83936, -8.6601563, 77.95166</Position>
                  <Orientation type="Matrix">
                      -0.0151344810,   0.1729876400,  -0.9848077300,
                       0.0858317690,  -0.9810602700,  -0.1736484800,
                      -0.9961947800,  -0.0871558640, -5.5879354e-09
                  </Orientation>
                  <Axis type="Vector">0, 1, 0</Axis>
                  <Min type="float">-3.1415927</Min>
                  <Max type="float">3.1415927</Max>
               </HpTurret08>
               <HpTurret12>
                  <Position type="Vector">108.14014, -8.4960938, 8.0987549</Position>
                  <Orientation type="Matrix">
                      -0.0151344810,   0.1729876400,  -0.9848077300,
                       0.0858317690,  -0.9810602700,  -0.1736484800,
