<?xml version="1.0" encoding="ISO-8859-1"?>
<!-- XML generated by UTFXML Version 2.2 built 19-Aug-2010 -->
<UTFXML filename="republic_victorry.cmp" path="SHIPS\new\Scifi">
   <UTF_ROOT>
      <VMeshLibrary>
         <republic_victorry_root.lod0.vms include="republic_victorry_cmp\lod0.vms.xml"/>
      </VMeshLibrary>
      <Cmpnd>
         <Cons>
            <Fix type="Fix" count="6">
               <part>
                  <!-- parent      --> "Root",
                  <!-- child       --> "republic_victorry_p1_lod1",
                  <!-- position    --> 0, 0, 0,
                  <!-- orientation -->   1.0000000000,   0.0000000000,   0.0000000000,
                                         0.0000000000,   1.0000000000,   0.0000000000,
                                         0.0000000000,   0.0000000000,   1.0000000000
               </part>
               <part>
                  <!-- parent      --> "Root",
                  <!-- child       --> "republic_victorry_p2_lod1",
                  <!-- position    --> 0, 0, 0,
                  <!-- orientation -->   1.0000000000,   0.0000000000,   0.0000000000,
                                         0.0000000000,   1.0000000000,   0.0000000000,
                                         0.0000000000,   0.0000000000,   1.0000000000
               </part>
               <part>
                  <!-- parent      --> "Root",
                  <!-- child       --> "republic_victorry_p3_lod1",
                  <!-- position    --> 0, 0, 0,
                  <!-- orientation -->   1.0000000000,   0.0000000000,   0.0000000000,
                                         0.0000000000,   1.0000000000,   0.0000000000,
                                         0.0000000000,   0.0000000000,   1.0000000000
               </part>
               <part>
                  <!-- parent      --> "Root",
                  <!-- child       --> "republic_victorry_p4_lod1",
                  <!-- position    --> 0, 0, 0,
                  <!-- orientation -->   1.0000000000,   0.0000000000,   0.0000000000,
                                         0.0000000000,   1.0000000000,   0.0000000000,
                                         0.0000000000,   0.0000000000,   1.0000000000
               </part>
               <part>
                  <!-- parent      --> "Root",
                  <!-- child       --> "republic_victorry_p5_lod1",
                  <!-- position    --> 0, 0, 0,
                  <!-- orientation -->   1.0000000000,   0.0000000000,   0.0000000000,
                                         0.0000000000,   1.0000000000,   0.0000000000,
                                         0.0000000000,   0.0000000000,   1.0000000000
               </part>
               <part>
                  <!-- parent      --> "Root",
                  <!-- child       --> "republic_victorry_p6_lod1",
                  <!-- position    --> 0, 0, 0,
                  <!-- orientation -->   1.0000000000,   0.0000000000,   0.0000000000,
                                         0.0000000000,   1.0000000000,   0.0000000000,
                                         0.0000000000,   0.0000000000,   1.0000000000
               </part>
            </Fix>
         </Cons>
         <Root>
            <File_name name="File name" type="text">republic_victorry_root_lod1.3db</File_name>
            <Index type="int">0</Index>
            <Object_name name="Object name" type="text">Root</Object_name>
         </Root>
         <Part_republic_victorry_p1_lod1>
            <File_name name="File name" type="text">republic_victorry_p1_lod1.3db</File_name>
            <Index type="int">1</Index>
            <Object_name name="Object name" type="text">republic_victorry_p1_lod1</Object_name>
         </Part_republic_victorry_p1_lod1>
         <Part_republic_victorry_p2_lod1>
            <File_name name="File name" type="text">republic_victorry_p2_lod1.3db</File_name>
            <Index type="int">2</Index>
            <Object_name name="Object name" type="text">republic_victorry_p2_lod1</Object_name>
         </Part_republic_victorry_p2_lod1>
         <Part_republic_victorry_p3_lod1>
            <File_name name="File name" type="text">republic_victorry_p3_lod1.3db</File_name>
            <Index type="int">3</Index>
            <Object_name name="Object name" type="text">republic_victorry_p3_lod1</Object_name>
         </Part_republic_victorry_p3_lod1>
         <Part_republic_victorry_p4_lod1>
            <File_name name="File name" type="text">republic_victorry_p4_lod1.3db</File_name>
            <Index type="int">4</Index>
            <Object_name name="Object name" type="text">republic_victorry_p4_lod1</Object_name>
         </Part_republic_victorry_p4_lod1>
         <Part_republic_victorry_p5_lod1>
            <File_name name="File name" type="text">republic_victorry_p5_lod1.3db</File_name>
            <Index type="int">5</Index>
            <Object_name name="Object name" type="text">republic_victorry_p5_lod1</Object_name>
         </Part_republic_victorry_p5_lod1>
         <Part_republic_victorry_p6_lod1>
            <File_name name="File name" type="text">republic_victorry_p6_lod1.3db</File_name>
            <Index type="int">6</Index>
            <Object_name name="Object name" type="text">republic_victorry_p6_lod1</Object_name>
         </Part_republic_victorry_p6_lod1>
      </Cmpnd>
      <republic_victorry_root_lod1.3db>
         <MultiLevel>
            <Level0>
               <VMeshPart>
                  <VMeshRef type="VMeshRef">
                     <!-- header size  --> 60,
                     <!-- vmesh lib    --> republic_victorry_root.lod0.vms,
                     <!-- start vert   --> 0,
                     <!-- num verts    --> 20,
                     <!-- start index  --> 0,
                     <!-- num indices  --> 36,
                     <!-- start mesh   --> 0,
                     <!-- num meshes   --> 1,
                     <!-- bounding box -->  91.718002,     70.842964,  133.37,
                                           -91.619133,    -37.808372, -196.53777,
                     <!-- center       -->   0.049434662,  16.517296,  -31.583885,
                     <!-- radius       --> 285.20282
                  </VMeshRef>
               </VMeshPart>
            </Level0>
         </MultiLevel>
         <Hardpoints>
            <Fixed>
               <HpMount>
                  <Orientation type="Matrix">
                       1.0000000000,   0.0000000000,   0.0000000000,
                       0.0000000000,   1.0000000000,   0.0000000000,
                       0.0000000000,   0.0000000000,   1.0000000000
                  </Orientation>
                  <Position type="Vector">0, -55, -135</Position>
               </HpMount>
               <HpBayDoor01>
                  <Orientation type="Matrix">
                       1.0000000000,   0.0000000000,   0.0000000000,
                       0.0000000000,   1.0000000000,   0.0000000000,
                       0.0000000000,   0.0000000000,   1.0000000000
                  </Orientation>
                  <Position type="Vector">0, -55, 0</Position>
               </HpBayDoor01>
               <HpBayDoor02>
                  <Orientation type="Matrix">
                       1.0000000000,   0.0000000000,   0.0000000000,
                       0.0000000000,   1.0000000000,   0.0000000000,
                       0.0000000000,   0.0000000000,   1.0000000000
                  </Orientation>
                  <Position type="Vector">0, -60, 0</Position>
               </HpBayDoor02>
               <HpFX01>
                  <Orientation type="Matrix">
                       1.0000000000,   0.0000000000,   0.0000000000,
                       0.0000000000,   1.0000000000,   0.0000000000,
                       0.0000000000,   0.0000000000,   1.0000000000
                  </Orientation>
                  <Position type="Vector">0, 0, 0</Position>
               </HpFX01>
               <HpFX02>
                  <Orientation type="Matrix">
                      59.604645e-09,   0.9999998800,   0.0000000000,
                      -0.9999998800,  59.604645e-09,   0.0000000000,
                       0.0000000000,   0.0000000000,   1.0000000000
                  </Orientation>
                  <Position type="Vector">0, 0, 0</Position>
               </HpFX02>
               <HpFX03>
                  <Orientation type="Matrix">
                       1.0000000000,   0.0000000000,   0.0000000000,
                       0.0000000000,  59.604645e-09,   0.9999998800,
                       0.0000000000,  -0.9999998800,  59.604645e-09
                  </Orientation>
                  <Position type="Vector">0, 0, 0</Position>
               </HpFX03>
               <HpFX04>
                  <Orientation type="Matrix">
                       1.0000000000,   0.0000000000,   0.0000000000,
                       0.0000000000,   1.0000000000,   0.0000000000,
                       0.0000000000,   0.0000000000,   1.0000000000
                  </Orientation>
                  <Position type="Vector">0, 0, 0</Position>
               </HpFX04>
               <HpFX05>
                  <Orientation type="Matrix">
                       1.0000000000,   0.0000000000,   0.0000000000,
                       0.0000000000,   1.0000000000,   0.0000000000,
                       0.0000000000,   0.0000000000,   1.0000000000
                  </Orientation>
                  <Position type="Vector">0, 0, 0</Position>
               </HpFX05>
               <HpFX06>
                  <Orientation type="Matrix">
                       1.0000000000,   0.0000000000,   0.0000000000,
                       0.0000000000,   1.0000000000,   0.0000000000,
                       0.0000000000,   0.0000000000,   1.0000000000
                  </Orientation>
                  <Position type="Vector">0, 0, 0</Position>
               </HpFX06>
               <HpFX07>
                  <Orientation type="Matrix">
                       1.0000000000,   0.0000000000,   0.0000000000,
                       0.0000000000,   1.0000000000,   0.0000000000,
                       0.0000000000,   0.0000000000,   1.0000000000
                  </Orientation>
                  <Position type="Vector">0, 0, 0</Position>
               </HpFX07>
               <HpShield01>
                  <Orientation type="Matrix">
                       1.0000000000,   0.0000000000,   0.0000000000,
                       0.0000000000,   1.0000000000,   0.0000000000,
                       0.0000000000,   0.0000000000,   1.0000000000
                  </Orientation>
                  <Position type="Vector">0, 0, 0</Position>
               </HpShield01>
               <HpShield02>
                  <Orientation type="Matrix">
                       1.0000000000,   0.0000000000,   0.0000000000,
                       0.0000000000,   1.0000000000,   0.0000000000,
                       0.0000000000,   0.0000000000,   1.0000000000
                  </Orientation>
                  <Position type="Vector">0, 0, 0</Position>
               </HpShield02>
               <HpCloak01>
                  <Orientation type="Matrix">
                       1.0000000000,   0.0000000000,   0.0000000000,
                       0.0000000000,   1.0000000000,   0.0000000000,
                       0.0000000000,   0.0000000000,   1.0000000000
                  </Orientation>
                  <Position type="Vector">0, 0, 0</Position>
               </HpCloak01>
            </Fixed>
         </Hardpoints>
      </republic_victorry_root_lod1.3db>
      <republic_victorry_p1_lod1.3db>
         <MultiLevel>
            <Level0>
               <VMeshPart>
                  <VMeshRef type="VMeshRef">
                     <!-- header size  --> 60,
                     <!-- vmesh lib    --> republic_victorry_root.lod0.vms,
                     <!-- start vert   --> 20,
                     <!-- num verts    --> 406,
                     <!-- start index  --> 36,
                     <!-- num indices  --> 624,
                     <!-- start mesh   --> 1,
                     <!-- num meshes   --> 1,
                     <!-- bounding box -->  91.718002,     70.842964,  133.37,
                                           -91.619133,    -37.808372, -196.53777,
                     <!-- center       -->   0.049434662,  16.517296,  -31.583885,
                     <!-- radius       --> 285.20282
                  </VMeshRef>
               </VMeshPart>
            </Level0>
         </MultiLevel>
      </republic_victorry_p1_lod1.3db>
      <republic_victorry_p2_lod1.3db>
         <MultiLevel>
            <Level0>
               <VMeshPart>
                  <VMeshRef type="VMeshRef">
                     <!-- header size  --> 60,
                     <!-- vmesh lib    --> republic_victorry_root.lod0.vms,
                     <!-- start vert   --> 426,
                     <!-- num verts    --> 1200,
                     <!-- start index  --> 660,
                     <!-- num indices  --> 2700,
                     <!-- start mesh   --> 2,
                     <!-- num meshes   --> 1,
                     <!-- bounding box -->  91.718002,     70.842964,  133.37,
                                           -91.619133,    -37.808372, -196.53777,
                     <!-- center       -->   0.049434662,  16.517296,  -31.583885,
                     <!-- radius       --> 285.20282
                  </VMeshRef>
               </VMeshPart>
            </Level0>
         </MultiLevel>
         <Hardpoints>
            <Revolute>
               <HpTurret02>
                  <Axis type="Vector">0, 1, 0</Axis>
                  <Max type="float">1.5707964</Max>
                  <Min type="float">-1.5707964</Min>
                  <Orientation type="Matrix">
                       0.0168756970,  -0.2413325600,   0.9702956100,
                      -0.0676844120,   0.9679321100,   0.2419218600,
                      -0.9975639000,  -0.0697564630,  59.604645e-09
                  </Orientation>
                  <Position type="Vector">-76.62838, -0.91987503, 76.408859</Position>
               </HpTurret02>
               <HpTurret03>
                  <Axis type="Vector">0, 1, 0</Axis>
                  <Max type="float">1.5707964</Max>
                  <Min type="float">-1.5707964</Min>
                  <Orientation type="Matrix">
                       0.0168756970,   0.2413325600,  -0.9702956100,
                       0.0676844120,   0.9679321100,   0.2419218600,
                       0.9975639000,  -0.0697564630,  59.604645e-09
                  </Orientation>
                  <Position type="Vector">76.720352, -0.94817102, 76.03006</Position>
               </HpTurret03>
               <HpTurret04>
                  <Axis type="Vector">0, 1, 0</Axis>
                  <Max type="float">1.5707964</Max>
                  <Min type="float">-1.5707964</Min>
                  <Orientation type="Matrix">
                       0.0168756970,  -0.2413325600,   0.9702956100,
                      -0.0676844120,   0.9679321100,   0.2419218600,
                      -0.9975639000,  -0.0697564630,  59.604645e-09
                  </Orientation>
                  <Position type="Vector">-71.537682, -0.86287701, 60.726471</Position>
               </HpTurret04>
               <HpTurret05>
                  <Axis type="Vector">0, 1, 0</Axis>
                  <Max type="float">1.5707964</Max>
                  <Min type="float">-1.5707964</Min>
                  <Orientation type="Matrix">
                       0.0168756970,   0.2413325600,  -0.9702956100,
                       0.0676844120,   0.9679321100,   0.2419218600,
                       0.9975639000,  -0.0697564630,  59.604645e-09
                  </Orientation>
                  <Position type="Vector">71.698776, -0.86760598, 60.866219</Position>
               </HpTurret05>
               <HpTurret06>
                  <Axis type="Vector">0, 1, 0</Axis>
                  <Max type="float">1.5707964</Max>
                  <Min type="float">-1.5707964</Min>
                  <Orientation type="Matrix">
                       0.0168756970,  -0.2413325600,   0.9702956100,
                      -0.0676844120,   0.9679321100,   0.2419218600,
                      -0.9975639000,  -0.0697564630,  59.604645e-09
                  </Orientation>
                  <Position type="Vector">-66.252449, -0.70253402, 45.729378</Position>
               </HpTurret06>
               <HpTurret07>
                  <Axis type="Vector">0, 1, 0</Axis>
                  <Max type="float">1.5707964</Max>
                  <Min type="float">-1.5707964</Min>
                  <Orientation type="Matrix">
                       0.0168756970,   0.2413325600,  -0.9702956100,
                       0.0676844120,   0.9679321100,   0.2419218600,
                       0.9975639000,  -0.0697564630,  59.604645e-09
                  </Orientation>
                  <Position type="Vector">66.382401, -0.72324902, 45.565964</Position>
               </HpTurret07>
               <HpTurret08>
                  <Axis type="Vector">0, 1, 0</Axis>
                  <Max type="float">1.5707964</Max>
                  <Min type="float">-1.5707964</Min>
                  <Orientation type="Matrix">
                       0.0168756970,  -0.2413325600,   0.9702956100,
                      -0.0676844120,   0.9679321100,   0.2419218600,
                      -0.9975639000,  -0.0697564630,  59.604645e-09
                  </Orientation>
                  <Position type="Vector">-62.029942, -0.85853302, 30.15514</Position>
               </HpTurret08>
               <HpTurret09>
                  <Axis type="Vector">0, 1, 0</Axis>
                  <Max type="float">1.5707964</Max>
                  <Min type="float">-1.5707964</Min>
                  <Orientation type="Matrix">
                       0.0168756970,   0.2413325600,  -0.9702956100,
                       0.0676844120,   0.9679321100,   0.2419218600,
                       0.9975639000,  -0.0697564630,  59.604645e-09
                  </Orientation>
                  <Position type="Vector">62.10479, -0.86653697, 29.973942</Position>
               </HpTurret09>
               <HpTurret10>
                  <Axis type="Vector">0, 1, 0</Axis>
                  <Max type="float">1.5707964</Max>
                  <Min type="float">-1.5707964</Min>
                  <Orientation type="Matrix">
                       0.0168756970,  -0.2413325600,   0.9702956100,
                      -0.0676844120,   0.9679321100,   0.2419218600,
                      -0.9975639000,  -0.0697564630,  59.604645e-09
                  </Orientation>
                  <Position type="Vector">-56.661354, -0.682998, 15.123177</Position>
               </HpTurret10>
               <HpTurret11>
                  <Axis type="Vector">0, 1, 0</Axis>
                  <Max type="float">1.5707964</Max>
                  <Min type="float">-1.5707964</Min>
                  <Orientation type="Matrix">
                       0.0168756970,   0.2413325600,  -0.9702956100,
                       0.0676844120,   0.9679321100,   0.2419218600,
                       0.9975639000,  -0.0697564630,  59.604645e-09
                  </Orientation>
                  <Position type="Vector">56.774395, -0.71517801, 14.762799</Position>
               </HpTurret11>
               <HpTurret12>
                  <Axis type="Vector">0, 1, 0</Axis>
                  <Max type="float">1.5707964</Max>
                  <Min type="float">-1.5707964</Min>
                  <Orientation type="Matrix">
                      -0.0168755050,  -0.2413325000,   0.9702956100,
                      -0.0676844050,  -0.9679319300,  -0.2419218100,
                       0.9975639000,  -0.0697564710,  87.544322e-09
                  </Orientation>
                  <Position type="Vector">-74.916328, -12.181969, 76.829163</Position>
               </HpTurret12>
               <HpTurret13>
                  <Axis type="Vector">0, 1, 0</Axis>
                  <Max type="float">1.5707964</Max>
                  <Min type="float">-1.5707964</Min>
                  <Orientation type="Matrix">
                      -0.0168755050,   0.2413325000,  -0.9702956100,
                       0.0676844050,  -0.9679319300,  -0.2419218100,
                      -0.9975639000,  -0.0697564710,  87.544322e-09
                  </Orientation>
                  <Position type="Vector">75.04361, -12.151443, 76.536377</Position>
               </HpTurret13>
               <HpTurret14>
                  <Axis type="Vector">0, 1, 0</Axis>
                  <Max type="float">1.5707964</Max>
                  <Min type="float">-1.5707964</Min>
                  <Orientation type="Matrix">
                      -0.0168755050,  -0.2413325000,   0.9702956100,
                      -0.0676844050,  -0.9679319300,  -0.2419218100,
                       0.9975639000,  -0.0697564710,  87.544322e-09
                  </Orientation>
                  <Position type="Vector">-69.910599, -12.250521, 61.56551</Position>
               </HpTurret14>
               <HpTurret15>
                  <Axis type="Vector">0, 1, 0</Axis>
                  <Max type="float">1.5707964</Max>
                  <Min type="float">-1.5707964</Min>
                  <Orientation type="Matrix">
                      -0.0168755050,   0.2413325000,  -0.9702956100,
                       0.0676844050,  -0.9679319300,  -0.2419218100,
                      -0.9975639000,  -0.0697564710,  87.544322e-09
                  </Orientation>
                  <Position type="Vector">70.152916, -12.190203, 61.26931</Position>
               </HpTurret15>
               <HpTurret16>
                  <Axis type="Vector">0, 1, 0</Axis>
                  <Max type="float">1.5707964</Max>
                  <Min type="float">-1.5707964</Min>
                  <Orientation type="Matrix">
                      -0.0168755050,  -0.2413325000,   0.9702956100,
                      -0.0676844050,  -0.9679319300,  -0.2419218100,
                       0.9975639000,  -0.0697564710,  87.544322e-09
                  </Orientation>
                  <Position type="Vector">-65.766853, -12.060772, 45.87085</Position>
               </HpTurret16>
               <HpTurret17>
                  <Axis type="Vector">0, 1, 0</Axis>
                  <Max type="float">1.5707964</Max>
                  <Min type="float">-1.5707964</Min>
                  <Orientation type="Matrix">
                      -0.0168755050,   0.2413325000,  -0.9702956100,
                       0.0676844050,  -0.9679319300,  -0.2419218100,
                      -0.9975639000,  -0.0697564710,  87.544322e-09
                  </Orientation>
                  <Position type="Vector">65.976852, -12.028095, 45.812218</Position>
               </HpTurret17>
               <HpTurret18>
                  <Axis type="Vector">0, 1, 0</Axis>
                  <Max type="float">1.5707964</Max>
                  <Min type="float">-1.5707964</Min>
                  <Orientation type="Matrix">
                      -0.0168755050,  -0.2413325000,   0.9702956100,
                      -0.0676844050,  -0.9679319300,  -0.2419218100,
                       0.9975639000,  -0.0697564710,  87.544322e-09
                  </Orientation>
                  <Position type="Vector">-61.18298, -12.007196, 30.390533</Position>
               </HpTurret18>
               <HpTurret19>
                  <Axis type="Vector">0, 1, 0</Axis>
                  <Max type="float">1.5707964</Max>
                  <Min type="float">-1.5707964</Min>
                  <Orientation type="Matrix">
                      -0.0168755050,   0.2413325000,  -0.9702956100,
                       0.0676844050,  -0.9679319300,  -0.2419218100,
                      -0.9975639000,  -0.0697564710,  87.544322e-09
                  </Orientation>
                  <Position type="Vector">61.325054, -11.998858, 30.424053</Position>
               </HpTurret19>
               <HpTurret20>
                  <Axis type="Vector">0, 1, 0</Axis>
                  <Max type="float">1.5707964</Max>
                  <Min type="float">-1.5707964</Min>
                  <Orientation type="Matrix">
                      -0.0168755050,  -0.2413325000,   0.9702956100,
                      -0.0676844050,  -0.9679319300,  -0.2419218100,
                       0.9975639000,  -0.0697564710,  87.544322e-09
                  </Orientation>
                  <Position type="Vector">-56.149895, -12.07195, 15.056812</Position>
               </HpTurret20>
               <HpTurret21>
                  <Axis type="Vector">0, 1, 0</Axis>
                  <Max type="float">1.5707964</Max>
                  <Min type="float">-1.5707964</Min>
                  <Orientation type="Matrix">
                      -0.0168755050,   0.2413325000,  -0.9702956100,
                       0.0676844050,  -0.9679319300,  -0.2419218100,
                      -0.9975639000,  -0.0697564710,  87.544322e-09
                  </Orientation>
                  <Position type="Vector">56.12133, -12.1017, 15.018734</Position>
               </HpTurret21>
            </Revolute>
         </Hardpoints>
      </republic_victorry_p2_lod1.3db>
      <republic_victorry_p3_lod1.3db>
         <MultiLevel>
            <Level0>
               <VMeshPart>
                  <VMeshRef type="VMeshRef">
                     <!-- header size  --> 60,
                     <!-- vmesh lib    --> republic_victorry_root.lod0.vms,
                     <!-- start vert   --> 1626,
                     <!-- num verts    --> 2679,
                     <!-- start index  --> 3360,
                     <!-- num indices  --> 3294,
                     <!-- start mesh   --> 3,
                     <!-- num meshes   --> 1,
                     <!-- bounding box -->  91.718002,     70.842964,  133.37,
                                           -91.619133,    -37.808372, -196.53777,
                     <!-- center       -->   0.049434662,  16.517296,  -31.583885,
                     <!-- radius       --> 285.20282
                  </VMeshRef>
               </VMeshPart>
            </Level0>
         </MultiLevel>
         <Hardpoints>
            <Fixed>
               <HpRunningLight01>
                  <Orientation type="Matrix">
                       1.0000000000,   0.0000000000,   0.0000000000,
                       0.0000000000,   1.0000000000,   0.0000000000,
                       0.0000000000,   0.0000000000,   1.0000000000
                  </Orientation>
                  <Position type="Vector">-9.1866055, 67.642494, 77.79924</Position>
               </HpRunningLight01>
               <HpRunningLight04>
                  <Orientation type="Matrix">
                       1.0000000000,   0.0000000000,   0.0000000000,
                       0.0000000000,   1.0000000000,   0.0000000000,
                       0.0000000000,   0.0000000000,   1.0000000000
                  </Orientation>
                  <Position type="Vector">5.0395122, 70.842964, 77.783607</Position>
               </HpRunningLight04>
               <HpDocklight03>
                  <Orientation type="Matrix">
                       1.0000000000,   0.0000000000,   0.0000000000,
                       0.0000000000,   1.0000000000,   0.0000000000,
                       0.0000000000,   0.0000000000,   1.0000000000
                  </Orientation>
                  <Position type="Vector">0.050305001, 60.00338, 106.15283</Position>
               </HpDocklight03>
            </Fixed>
            <Revolute>
               <HpTurret26>
                  <Axis type="Vector">0, 1, 0</Axis>
                  <Max type="float">0.78539819</Max>
                  <Min type="float">-0.78539819</Min>
                  <Orientation type="Matrix">
                      238.41858e-09,  -0.9999997600,  59.604645e-09,
                     -59.604645e-09,  178.81393e-09,  -0.9999997600,
                       0.9999997600,   0.0000000000,  178.81393e-09
                  </Orientation>
                  <Position type="Vector">-28.227018, 46.057056, 74.410141</Position>
               </HpTurret26>
               <HpTurret27>
                  <Axis type="Vector">0, 1, 0</Axis>
                  <Max type="float">0.78539819</Max>
                  <Min type="float">-0.78539819</Min>
                  <Orientation type="Matrix">
                      238.41858e-09,   0.9999997600, -59.604645e-09,
                      59.604645e-09,  178.81393e-09,  -0.9999997600,
                      -0.9999997600,   0.0000000000,  178.81393e-09
                  </Orientation>
                  <Position type="Vector">28.327002, 46.164242, 74.396278</Position>
               </HpTurret27>
            </Revolute>
         </Hardpoints>
      </republic_victorry_p3_lod1.3db>
      <republic_victorry_p4_lod1.3db>
         <MultiLevel>
            <Level0>
               <VMeshPart>
                  <VMeshRef type="VMeshRef">
                     <!-- header size  --> 60,
                     <!-- vmesh lib    --> republic_victorry_root.lod0.vms,
                     <!-- start vert   --> 4305,
                     <!-- num verts    --> 6521,
                     <!-- start index  --> 6654,
                     <!-- num indices  --> 11850,
                     <!-- start mesh   --> 4,
                     <!-- num meshes   --> 1,
                     <!-- bounding box -->  91.718002,     70.842964,  133.37,
                                           -91.619133,    -37.808372, -196.53777,
                     <!-- center       -->   0.049434662,  16.517296,  -31.583885,
                     <!-- radius       --> 285.20282
                  </VMeshRef>
               </VMeshPart>
            </Level0>
         </MultiLevel>
         <Hardpoints>
            <Fixed>
               <HpDocklight01>
                  <Orientation type="Matrix">
                       1.0000000000,   0.0000000000,   0.0000000000,
                       0.0000000000,   1.0000000000,   0.0000000000,
                       0.0000000000,   0.0000000000,   1.0000000000
                  </Orientation>
                  <Position type="Vector">-20.224184, 63.309704, 80.639046</Position>
               </HpDocklight01>
               <HpDocklight02>
                  <Orientation type="Matrix">
                       1.0000000000,   0.0000000000,   0.0000000000,
                       0.0000000000,   1.0000000000,   0.0000000000,
                       0.0000000000,   0.0000000000,   1.0000000000
                  </Orientation>
                  <Position type="Vector">20.323614, 63.309792, 80.636124</Position>
               </HpDocklight02>
               <HpRunningLight02>
                  <Orientation type="Matrix">
                       1.0000000000,   0.0000000000,   0.0000000000,
                       0.0000000000,   1.0000000000,   0.0000000000,
                       0.0000000000,   0.0000000000,   1.0000000000
                  </Orientation>
                  <Position type="Vector">9.2851486, 67.642494, 77.776985</Position>
               </HpRunningLight02>
               <HpRunningLight03>
                  <Orientation type="Matrix">
                       1.0000000000,   0.0000000000,   0.0000000000,
                       0.0000000000,   1.0000000000,   0.0000000000,
                       0.0000000000,   0.0000000000,   1.0000000000
                  </Orientation>
                  <Position type="Vector">-4.9296479, 70.842964, 77.779152</Position>
               </HpRunningLight03>
            </Fixed>
         </Hardpoints>
      </republic_victorry_p4_lod1.3db>
      <republic_victorry_p5_lod1.3db>
         <MultiLevel>
            <Level0>
               <VMeshPart>
                  <VMeshRef type="VMeshRef">
                     <!-- header size  --> 60,
                     <!-- vmesh lib    --> republic_victorry_root.lod0.vms,
                     <!-- start vert   --> 10826,
                     <!-- num verts    --> 4601,
                     <!-- start index  --> 18504,
                     <!-- num indices  --> 9990,
                     <!-- start mesh   --> 5,
                     <!-- num meshes   --> 1,
                     <!-- bounding box -->  91.718002,     70.842964,  133.37,
                                           -91.619133,    -37.808372, -196.53777,
                     <!-- center       -->   0.049434662,  16.517296,  -31.583885,
                     <!-- radius       --> 285.20282
                  </VMeshRef>
               </VMeshPart>
            </Level0>
         </MultiLevel>
         <Hardpoints>
            <Fixed>
               <HpEngine01>
                  <Orientation type="Matrix">
                       1.0000000000,   0.0000000000,   0.0000000000,
                       0.0000000000,   1.0000000000,   0.0000000000,
                       0.0000000000,   0.0000000000,   1.0000000000
                  </Orientation>
                  <Position type="Vector">-21.985371, -6.2694831, 114.17117</Position>
               </HpEngine01>
               <HpEngine02>
                  <Orientation type="Matrix">
                       1.0000000000,   0.0000000000,   0.0000000000,
                       0.0000000000,   1.0000000000,   0.0000000000,
                       0.0000000000,   0.0000000000,   1.0000000000
                  </Orientation>
                  <Position type="Vector">22.087456, -6.336659, 114.17117</Position>
               </HpEngine02>
               <HpTractor_Source>
                  <Orientation type="Matrix">
                       1.0000000000,   0.0000000000,   0.0000000000,
                       0.0000000000,   1.0000000000,   0.0000000000,
                       0.0000000000,   0.0000000000,   1.0000000000
                  </Orientation>
                  <Position type="Vector">0.049734, -7.837472, -196.50568</Position>
               </HpTractor_Source>
               <HpCM01>
                  <Orientation type="Matrix">
                      -1.0000000000, -71.612547e-09, -50.143644e-09,
                      87.422777e-09,  -0.8191520000,  -0.5735763900,
                       0.0000000000,  -0.5735763900,   0.8191520600
                  </Orientation>
                  <Position type="Vector">0.056766, -35.683376, 124.7674</Position>
               </HpCM01>
            </Fixed>
            <Revolute>
               <HpTorpedo01>
                  <Axis type="Vector">0, 1, 0</Axis>
                  <Max type="float">0.78539819</Max>
                  <Min type="float">-0.78539819</Min>
                  <Orientation type="Matrix">
                      -1.0000000000, -87.422777e-09,   0.0000000000,
                      87.422777e-09,  -1.0000000000,  -0.0000000000,
                       0.0000000000,   0.0000000000,   1.0000000000
                  </Orientation>
                  <Position type="Vector">0.036685001, -8.9992037, -191.88663</Position>
               </HpTorpedo01>
               <HpTurret01>
                  <Axis type="Vector">0, 1, 0</Axis>
                  <Max type="float">3.1415927</Max>
                  <Min type="float">-3.1415927</Min>
                  <Orientation type="Matrix">
                      -1.0000000000, -87.409454e-09, -1.5257378e-09,
                      87.422769e-09,  -0.9998476500,  -0.0174524060,
                     -55.511151e-18,  -0.0174524060,   0.9998477100
                  </Orientation>
                  <Position type="Vector">0.050818998, -37.808224, 53.814762</Position>
               </HpTurret01>
               <HpTurret22>
                  <Axis type="Vector">0, 1, 0</Axis>
                  <Max type="float">1.5707964</Max>
                  <Min type="float">-1.5707964</Min>
                  <Orientation type="Matrix">
                       0.9659258100,  -0.2581885800,  -0.0180543050,
                       0.2588190700,   0.9635728600,   0.0673795710,
                       0.0000000000,  -0.0697564710,   0.9975640800
                  </Orientation>
                  <Position type="Vector">-23.054998, 4.8193879, -32.325325</Position>
               </HpTurret22>
               <HpTurret23>
                  <Axis type="Vector">0, 1, 0</Axis>
                  <Max type="float">1.5707964</Max>
                  <Min type="float">-1.5707964</Min>
                  <Orientation type="Matrix">
                       0.9659258100,   0.2581885800,   0.0180543050,
                      -0.2588190700,   0.9635728600,   0.0673795710,
                       0.0000000000,  -0.0697564710,   0.9975640800
                  </Orientation>
                  <Position type="Vector">23.20219, 4.7852712, -32.576492</Position>
               </HpTurret23>
               <HpTurret24>
                  <Axis type="Vector">0, 1, 0</Axis>
                  <Max type="float">0.78539819</Max>
                  <Min type="float">-0.78539819</Min>
                  <Orientation type="Matrix">
                      -0.0168755050,  -0.2413325000,   0.9702956100,
                      -0.0676844050,  -0.9679319300,  -0.2419218100,
                       0.9975639000,  -0.0697564710,  87.544322e-09
                  </Orientation>
                  <Position type="Vector">-38.072392, -20.489254, 65.545448</Position>
               </HpTurret24>
               <HpTurret25>
                  <Axis type="Vector">0, 1, 0</Axis>
                  <Max type="float">0.78539819</Max>
                  <Min type="float">-0.78539819</Min>
                  <Orientation type="Matrix">
                      -0.0168755050,   0.2413325000,  -0.9702956100,
                       0.0676844050,  -0.9679319300,  -0.2419218100,
                      -0.9975639000,  -0.0697564710,  87.544322e-09
                  </Orientation>
                  <Position type="Vector">38.496155, -20.386486, 65.364456</Position>
               </HpTurret25>
               <HpGun01>
                  <Axis type="Vector">0, 1, 0</Axis>
                  <Max type="float">0</Max>
                  <Min type="float">0</Min>
                  <Orientation type="Matrix">
                      -1.0000000000, -87.422777e-09,   0.0000000000,
                      87.422777e-09,  -1.0000000000,  -0.0000000000,
                       0.0000000000,   0.0000000000,   1.0000000000
                  </Orientation>
                  <Position type="Vector">-0.047031999, -17.50453, -106.71994</Position>
               </HpGun01>
               <HpGun02>
                  <Axis type="Vector">0, 1, 0</Axis>
                  <Max type="float">0</Max>
                  <Min type="float">0</Min>
                  <Orientation type="Matrix">
                       1.0000000000,   0.0000000000,   0.0000000000,
                       0.0000000000,   1.0000000000,   0.0000000000,
                       0.0000000000,   0.0000000000,   1.0000000000
                  </Orientation>
                  <Position type="Vector">0.067033, 6.3808589, -88.593231</Position>
               </HpGun02>
            </Revolute>
         </Hardpoints>
      </republic_victorry_p5_lod1.3db>
      <republic_victorry_p6_lod1.3db>
         <MultiLevel>
            <Level0>
               <VMeshPart>
                  <VMeshRef type="VMeshRef">
                     <!-- header size  --> 60,
                     <!-- vmesh lib    --> republic_victorry_root.lod0.vms,
                     <!-- start vert   --> 15427,
                     <!-- num verts    --> 3758,
                     <!-- start index  --> 28494,
                     <!-- num indices  --> 6960,
                     <!-- start mesh   --> 6,
                     <!-- num meshes   --> 1,
