<?xml version="1.0" encoding="ISO-8859-1"?>
<!-- XML generated by UTFXML Version 2.2 built 19-Aug-2010 -->
<UTFXML filename="Sadalbari.cmp" path="SHIPS\new\Scifi">
   <UTF_ROOT>
      <VMeshLibrary>
         <sadalbari.lod0-112.vms include="Sadalbari_cmp\lod0-112.vms.xml"/>
      </VMeshLibrary>
      <Exporter_Version name="Exporter Version" type="text">Export</Exporter_Version>
      <Cmpnd>
         <Root>
            <Object_name name="Object name" type="text">Root</Object_name>
            <Index type="int">0</Index>
            <File_name name="File name" type="text">Sadalbari220216133918.3db</File_name>
         </Root>
      </Cmpnd>
      <Sadalbari220216133918.3db>
         <VMeshPart>
            <VMeshRef type="VMeshRef">
               <!-- header size  --> 60,
               <!-- vmesh lib    --> sadalbari.lod0-112.vms,
               <!-- start vert   --> 0,
               <!-- num verts    --> 17440,
               <!-- start index  --> 0,
               <!-- num indices  --> 48906,
               <!-- start mesh   --> 0,
               <!-- num meshes   --> 2,
               <!-- bounding box -->  84.870689,     56.524281,    266.49747,
                                     -84.870811,    -54.937511,   -287.18594,
               <!-- center       --> -61.035156e-6,   0.79338455,  -10.344238,
               <!-- radius       --> 278.98065
            </VMeshRef>
         </VMeshPart>
         <VMeshWire include="Sadalbari_cmp\Sadalbari.vwd.xml"/>
         <Hardpoints>
            <Fixed>
               <HpMount>
                  <Position type="Vector">0, -65, -125</Position>
                  <Orientation type="Matrix">
                       1.0000000000,   0.0000000000,   0.0000000000,
                       0.0000000000,   1.0000000000,   0.0000000000,
                       0.0000000000,   0.0000000000,   1.0000000000
                  </Orientation>
               </HpMount>
               <HpBayDoor01>
                  <Position type="Vector">0, -70, 0</Position>
                  <Orientation type="Matrix">
                       1.0000000000,   0.0000000000,   0.0000000000,
                       0.0000000000,   1.0000000000,   0.0000000000,
                       0.0000000000,   0.0000000000,   1.0000000000
                  </Orientation>
               </HpBayDoor01>
               <HpBayDoor02>
                  <Position type="Vector">0, -80, 0</Position>
                  <Orientation type="Matrix">
                       1.0000000000,   0.0000000000,   0.0000000000,
                       0.0000000000,   1.0000000000,   0.0000000000,
                       0.0000000000,   0.0000000000,   1.0000000000
                  </Orientation>
               </HpBayDoor02>
               <HpTractor_Source>
                  <Position type="Vector">0, -24.338978, -277.26709</Position>
                  <Orientation type="Matrix">
                       1.0000000000,   0.0000000000,   0.0000000000,
                       0.0000000000,   1.0000000000,   0.0000000000,
                       0.0000000000,   0.0000000000,   1.0000000000
                  </Orientation>
               </HpTractor_Source>
               <HpCloak01>
                  <Position type="Vector">0, 0, 0</Position>
                  <Orientation type="Matrix">
                       1.0000000000,   0.0000000000,   0.0000000000,
                       0.0000000000,   1.0000000000,   0.0000000000,
                       0.0000000000,   0.0000000000,   1.0000000000
                  </Orientation>
               </HpCloak01>
               <HpFX01>
                  <Position type="Vector">0, 0, 0</Position>
                  <Orientation type="Matrix">
                       1.0000000000,   0.0000000000,   0.0000000000,
                       0.0000000000,   1.0000000000,   0.0000000000,
                       0.0000000000,   0.0000000000,   1.0000000000
                  </Orientation>
               </HpFX01>
               <HpFX02>
                  <Position type="Vector">0, 0, 0</Position>
                  <Orientation type="Matrix">
                      313.91644e-09,   0.9999998800,   0.0000000000,
                      -0.9999998800,  313.91644e-09,   0.0000000000,
                       0.0000000000,   0.0000000000,   1.0000000000
                  </Orientation>
               </HpFX02>
               <HpFX03>
                  <Position type="Vector">0, 0, 0</Position>
                  <Orientation type="Matrix">
                       1.0000000000,   0.0000000000,   0.0000000000,
                       0.0000000000,  313.91644e-09,   0.9999998800,
                       0.0000000000,  -0.9999998800,  313.91644e-09
                  </Orientation>
               </HpFX03>
               <HpFX04>
                  <Position type="Vector">0, 0, 0</Position>
                  <Orientation type="Matrix">
                       1.0000000000,   0.0000000000,   0.0000000000,
                       0.0000000000,   1.0000000000,   0.0000000000,
                       0.0000000000,   0.0000000000,   1.0000000000
                  </Orientation>
               </HpFX04>
               <HpFX05>
                  <Position type="Vector">0, 0, 0</Position>
                  <Orientation type="Matrix">
                       1.0000000000,   0.0000000000,   0.0000000000,
                       0.0000000000,   1.0000000000,   0.0000000000,
                       0.0000000000,   0.0000000000,   1.0000000000
                  </Orientation>
               </HpFX05>
               <HpFX06>
                  <Position type="Vector">0, 0, 0</Position>
                  <Orientation type="Matrix">
                       1.0000000000,   0.0000000000,   0.0000000000,
                       0.0000000000,   1.0000000000,   0.0000000000,
                       0.0000000000,   0.0000000000,   1.0000000000
                  </Orientation>
               </HpFX06>
               <HpFX07>
                  <Position type="Vector">0, 0, 0</Position>
                  <Orientation type="Matrix">
                       1.0000000000,   0.0000000000,   0.0000000000,
                       0.0000000000,   1.0000000000,   0.0000000000,
                       0.0000000000,   0.0000000000,   1.0000000000
                  </Orientation>
               </HpFX07>
               <HpEngine01>
                  <Position type="Vector">-64.164612, 20.939116, 185.62553</Position>
                  <Orientation type="Matrix">
                       1.0000000000,   0.0000000000,   0.0000000000,
                       0.0000000000,   1.0000000000,   0.0000000000,
                       0.0000000000,   0.0000000000,   1.0000000000
                  </Orientation>
               </HpEngine01>
               <HpEngine02>
                  <Position type="Vector">-64.159981, -0.048824999, 202.60764</Position>
                  <Orientation type="Matrix">
                       1.0000000000,   0.0000000000,   0.0000000000,
                       0.0000000000,   1.0000000000,   0.0000000000,
                       0.0000000000,   0.0000000000,   1.0000000000
                  </Orientation>
               </HpEngine02>
               <HpEngine03>
                  <Position type="Vector">64.15155, 20.939568, 185.62553</Position>
                  <Orientation type="Matrix">
                       1.0000000000,   0.0000000000,   0.0000000000,
                       0.0000000000,   1.0000000000,   0.0000000000,
                       0.0000000000,   0.0000000000,   1.0000000000
                  </Orientation>
               </HpEngine03>
               <HpEngine04>
                  <Position type="Vector">64.15358, -0.067478999, 202.60764</Position>
                  <Orientation type="Matrix">
                       1.0000000000,   0.0000000000,   0.0000000000,
                       0.0000000000,   1.0000000000,   0.0000000000,
                       0.0000000000,   0.0000000000,   1.0000000000
                  </Orientation>
               </HpEngine04>
               <HpShield01>
                  <Position type="Vector">0, 0, 0</Position>
                  <Orientation type="Matrix">
                       1.0000000000,   0.0000000000,   0.0000000000,
                       0.0000000000,   1.0000000000,   0.0000000000,
                       0.0000000000,   0.0000000000,   1.0000000000
                  </Orientation>
               </HpShield01>
               <HpShieldGenerator01>
                  <Position type="Vector">0, 0, 0</Position>
                  <Orientation type="Matrix">
                       1.0000000000,   0.0000000000,   0.0000000000,
                       0.0000000000,   1.0000000000,   0.0000000000,
                       0.0000000000,   0.0000000000,   1.0000000000
                  </Orientation>
               </HpShieldGenerator01>
               <HpShieldGenerator02>
                  <Position type="Vector">0, 0, 0</Position>
                  <Orientation type="Matrix">
                       1.0000000000,   0.0000000000,   0.0000000000,
                       0.0000000000,   1.0000000000,   0.0000000000,
                       0.0000000000,   0.0000000000,   1.0000000000
                  </Orientation>
               </HpShieldGenerator02>
               <HpShieldGenerator03>
                  <Position type="Vector">0, 0, 0</Position>
                  <Orientation type="Matrix">
                       1.0000000000,   0.0000000000,   0.0000000000,
                       0.0000000000,   1.0000000000,   0.0000000000,
                       0.0000000000,   0.0000000000,   1.0000000000
                  </Orientation>
               </HpShieldGenerator03>
               <HpShieldGenerator04>
                  <Position type="Vector">0, 0, 0</Position>
                  <Orientation type="Matrix">
                       1.0000000000,   0.0000000000,   0.0000000000,
                       0.0000000000,   1.0000000000,   0.0000000000,
                       0.0000000000,   0.0000000000,   1.0000000000
                  </Orientation>
               </HpShieldGenerator04>
               <HpShieldCapacity01>
                  <Position type="Vector">0, 0, 0</Position>
                  <Orientation type="Matrix">
                       1.0000000000,   0.0000000000,   0.0000000000,
                       0.0000000000,   1.0000000000,   0.0000000000,
                       0.0000000000,   0.0000000000,   1.0000000000
                  </Orientation>
               </HpShieldCapacity01>
               <HpShieldCapacity02>
                  <Position type="Vector">0, 0, 0</Position>
                  <Orientation type="Matrix">
                       1.0000000000,   0.0000000000,   0.0000000000,
                       0.0000000000,   1.0000000000,   0.0000000000,
                       0.0000000000,   0.0000000000,   1.0000000000
                  </Orientation>
               </HpShieldCapacity02>
               <HpShieldCapacity03>
                  <Position type="Vector">0, 0, 0</Position>
                  <Orientation type="Matrix">
                       1.0000000000,   0.0000000000,   0.0000000000,
                       0.0000000000,   1.0000000000,   0.0000000000,
                       0.0000000000,   0.0000000000,   1.0000000000
                  </Orientation>
               </HpShieldCapacity03>
               <HpMine01>
                  <Position type="Vector">0, 5.6219888, 250.58066</Position>
                  <Orientation type="Matrix">
                      -1.0000000000,  106.17260e-15, -325.84137e-09,
                       0.0000000000,  -1.0000000000, -325.84137e-09,
                     -325.84137e-09, -325.84137e-09,   1.0000000000
                  </Orientation>
               </HpMine01>
               <HpRunningLight01>
                  <Position type="Vector">-28.731798, 51.802795, 9.4348507</Position>
                  <Orientation type="Matrix">
                       1.0000000000,   0.0000000000,   0.0000000000,
                       0.0000000000,   1.0000000000,   0.0000000000,
                       0.0000000000,   0.0000000000,   1.0000000000
                  </Orientation>
               </HpRunningLight01>
               <HpRunningLight02>
                  <Position type="Vector">28.731901, 51.802807, 9.4346552</Position>
                  <Orientation type="Matrix">
                       1.0000000000,   0.0000000000,   0.0000000000,
                       0.0000000000,   1.0000000000,   0.0000000000,
                       0.0000000000,   0.0000000000,   1.0000000000
                  </Orientation>
               </HpRunningLight02>
               <HpRunningLight03>
                  <Position type="Vector">-77.631676, 7.7950549, -72.248596</Position>
                  <Orientation type="Matrix">
                       1.0000000000,   0.0000000000,   0.0000000000,
                       0.0000000000,   1.0000000000,   0.0000000000,
                       0.0000000000,   0.0000000000,   1.0000000000
                  </Orientation>
               </HpRunningLight03>
               <HpRunningLight04>
                  <Position type="Vector">77.634636, 7.7822981, -72.248596</Position>
                  <Orientation type="Matrix">
                       1.0000000000,   0.0000000000,   0.0000000000,
                       0.0000000000,   1.0000000000,   0.0000000000,
                       0.0000000000,   0.0000000000,   1.0000000000
                  </Orientation>
               </HpRunningLight04>
               <HpRunningLight05>
                  <Position type="Vector">-6.5071211, -45.979786, -89.720718</Position>
                  <Orientation type="Matrix">
                       1.0000000000,   0.0000000000,   0.0000000000,
                       0.0000000000,   1.0000000000,   0.0000000000,
                       0.0000000000,   0.0000000000,   1.0000000000
                  </Orientation>
               </HpRunningLight05>
               <HpRunningLight06>
                  <Position type="Vector">6.5127158, -45.9743, -89.720718</Position>
                  <Orientation type="Matrix">
                       1.0000000000,   0.0000000000,   0.0000000000,
                       0.0000000000,   1.0000000000,   0.0000000000,
                       0.0000000000,   0.0000000000,   1.0000000000
                  </Orientation>
               </HpRunningLight06>
               <HpRunningLight07>
                  <Position type="Vector">-37.547993, 11.985517, -281.79562</Position>
                  <Orientation type="Matrix">
                       1.0000000000,   0.0000000000,   0.0000000000,
                       0.0000000000,   1.0000000000,   0.0000000000,
                       0.0000000000,   0.0000000000,   1.0000000000
                  </Orientation>
               </HpRunningLight07>
               <HpRunningLight08>
                  <Position type="Vector">-35.519516, 7.7837381, -281.79562</Position>
                  <Orientation type="Matrix">
                       1.0000000000,   0.0000000000,   0.0000000000,
                       0.0000000000,   1.0000000000,   0.0000000000,
                       0.0000000000,   0.0000000000,   1.0000000000
                  </Orientation>
               </HpRunningLight08>
               <HpRunningLight09>
                  <Position type="Vector">37.550373, 11.969937, -281.79562</Position>
                  <Orientation type="Matrix">
                       1.0000000000,   0.0000000000,   0.0000000000,
                       0.0000000000,   1.0000000000,   0.0000000000,
                       0.0000000000,   0.0000000000,   1.0000000000
                  </Orientation>
               </HpRunningLight09>
               <HpRunningLight10>
                  <Position type="Vector">35.517769, 7.7689972, -281.79562</Position>
                  <Orientation type="Matrix">
                       1.0000000000,   0.0000000000,   0.0000000000,
                       0.0000000000,   1.0000000000,   0.0000000000,
                       0.0000000000,   0.0000000000,   1.0000000000
                  </Orientation>
               </HpRunningLight10>
               <HpDocklight01>
                  <Position type="Vector">-28.72934, 51.8, 15.654373</Position>
                  <Orientation type="Matrix">
                       1.0000000000,   0.0000000000,   0.0000000000,
                       0.0000000000,   1.0000000000,   0.0000000000,
                       0.0000000000,   0.0000000000,   1.0000000000
                  </Orientation>
               </HpDocklight01>
               <HpDocklight02>
                  <Position type="Vector">28.732235, 51.802044, 15.649097</Position>
                  <Orientation type="Matrix">
                       1.0000000000,   0.0000000000,   0.0000000000,
                       0.0000000000,   1.0000000000,   0.0000000000,
                       0.0000000000,   0.0000000000,   1.0000000000
                  </Orientation>
               </HpDocklight02>
               <HpCM01>
                  <Position type="Vector">-64.109734, -24.986031, 179.77744</Position>
                  <Orientation type="Matrix">
                      -0.9999998800,  249.60897e-09, -209.44684e-09,
                     -7.1054274e-15,  -0.6427876400,  -0.7660445000,
                     -325.84137e-09,  -0.7660445000,   0.6427876900
                  </Orientation>
               </HpCM01>
               <HpCM02>
                  <Position type="Vector">64.1092, -24.986012, 179.7766</Position>
                  <Orientation type="Matrix">
                      -0.9999998800,  249.60897e-09, -209.44684e-09,
                     -7.1054274e-15,  -0.6427876400,  -0.7660445000,
                     -325.84137e-09,  -0.7660445000,   0.6427876900
                  </Orientation>
               </HpCM02>
            </Fixed>
            <Revolute>
               <HpTorpedo01>
                  <Position type="Vector">0, -24.45529, -275.19</Position>
                  <Orientation type="Matrix">
                      -1.0000000000,  106.17260e-15, -325.84137e-09,
                       0.0000000000,  -1.0000000000, -325.84137e-09,
                     -325.84137e-09, -325.84137e-09,   1.0000000000
                  </Orientation>
                  <Axis type="Vector">0, 1, 0</Axis>
                  <Min type="float">-0.78539819</Min>
                  <Max type="float">0.78539819</Max>
               </HpTorpedo01>
               <HpLTurret01>
                  <Position type="Vector">0, 56.524265, 62.756443</Position>
                  <Orientation type="Matrix">
                       1.0000000000,   0.0000000000,   0.0000000000,
                       0.0000000000,   1.0000000000,   0.0000000000,
                       0.0000000000,   0.0000000000,   1.0000000000
                  </Orientation>
                  <Axis type="Vector">0, 1, 0</Axis>
                  <Min type="float">-3.1415927</Min>
                  <Max type="float">3.1415927</Max>
               </HpLTurret01>
               <HpLTurret02>
                  <Position type="Vector">0, -54.523617, 40.705902</Position>
                  <Orientation type="Matrix">
                      -1.0000000000,  17.053258e-09, -325.39478e-09,
                     -1.7763568e-15,  -0.9986296300,  -0.0523360480,
                     -325.84137e-09,  -0.0523360520,   0.9986295100
                  </Orientation>
                  <Axis type="Vector">0, 1, 0</Axis>
                  <Min type="float">-3.1415927</Min>
                  <Max type="float">3.1415927</Max>
               </HpLTurret02>
               <HpLTurret03>
                  <Position type="Vector">-84.870811, 6.370152, 19.132626</Position>
                  <Orientation type="Matrix">
                      313.91644e-09,  -0.9999998800,   0.0000000000,
                       0.9999998800,  313.91644e-09,   0.0000000000,
                       0.0000000000,   0.0000000000,   1.0000000000
                  </Orientation>
                  <Axis type="Vector">0, 1, 0</Axis>
                  <Min type="float">-3.1415927</Min>
                  <Max type="float">3.1415927</Max>
               </HpLTurret03>
               <HpLTurret04>
                  <Position type="Vector">84.870689, 6.3567901, 19.133141</Position>
                  <Orientation type="Matrix">
                      313.91644e-09,   0.9999998800,   0.0000000000,
                      -0.9999998800,  313.91644e-09,   0.0000000000,
                       0.0000000000,   0.0000000000,   1.0000000000
                  </Orientation>
                  <Axis type="Vector">0, 1, 0</Axis>
                  <Min type="float">-3.1415927</Min>
                  <Max type="float">3.1415927</Max>
               </HpLTurret04>
               <HpLTurret05>
                  <Position type="Vector">-58.511848, -25.894142, 54.913639</Position>
                  <Orientation type="Matrix">
                      64.261258e-09,  -0.3420202400,   0.9396926800,
                     -14.901161e-09,  -0.9396923800,  -0.3420201200,
                       0.9999997600, -119.20929e-09,  324.10026e-09
                  </Orientation>
                  <Axis type="Vector">0, 1, 0</Axis>
                  <Min type="float">-1.5707964</Min>
                  <Max type="float">1.5707964</Max>
               </HpLTurret05>
               <HpLTurret06>
                  <Position type="Vector">58.522911, -25.890051, 54.922585</Position>
                  <Orientation type="Matrix">
                      238.41858e-09,   0.3420202400,  -0.9396927400,
                       0.0000000000,  -0.9396923800,  -0.3420201500,
                      -0.9999998200,  29.802322e-09,  83.819032e-09
                  </Orientation>
                  <Axis type="Vector">0, 1, 0</Axis>
                  <Min type="float">-1.5707964</Min>
                  <Max type="float">1.5707964</Max>
               </HpLTurret06>
               <HpLTurret07>
                  <Position type="Vector">-42.236874, -32.116707, 54.903606</Position>
                  <Orientation type="Matrix">
                      64.261258e-09,  -0.3420202400,   0.9396926800,
                     -14.901161e-09,  -0.9396923800,  -0.3420201200,
                       0.9999997600, -119.20929e-09,  324.10026e-09
                  </Orientation>
                  <Axis type="Vector">0, 1, 0</Axis>
                  <Min type="float">-1.5707964</Min>
                  <Max type="float">1.5707964</Max>
               </HpLTurret07>
               <HpLTurret08>
                  <Position type="Vector">42.252953, -32.110748, 54.908581</Position>
                  <Orientation type="Matrix">
                      238.41858e-09,   0.3420202400,  -0.9396927400,
                       0.0000000000,  -0.9396923800,  -0.3420201500,
                      -0.9999998200,  29.802322e-09,  83.819032e-09
                  </Orientation>
                  <Axis type="Vector">0, 1, 0</Axis>
                  <Min type="float">-1.5707964</Min>
                  <Max type="float">1.5707964</Max>
               </HpLTurret08>
               <HpLTurret09>
                  <Position type="Vector">0, 56.524277, 10.345445</Position>
                  <Orientation type="Matrix">
                       1.0000000000,   0.0000000000,   0.0000000000,
                       0.0000000000,   1.0000000000,   0.0000000000,
                       0.0000000000,   0.0000000000,   1.0000000000
                  </Orientation>
                  <Axis type="Vector">0, 1, 0</Axis>
                  <Min type="float">-3.1415927</Min>
                  <Max type="float">3.1415927</Max>
               </HpLTurret09>
               <HpLTurret10>
                  <Position type="Vector">-20.031109, 52.00679, 14.180683</Position>
                  <Orientation type="Matrix">
                      75.497894e-09,   0.0000000000,   0.9999998800,
                       0.0000000000,   1.0000000000,   0.0000000000,
                      -0.9999998800,   0.0000000000,  75.497894e-09
                  </Orientation>
                  <Axis type="Vector">0, 1, 0</Axis>
                  <Min type="float">-0.78539819</Min>
                  <Max type="float">0.78539819</Max>
               </HpLTurret10>
               <HpLTurret11>
                  <Position type="Vector">20.037266, 52.00679, 14.183784</Position>
                  <Orientation type="Matrix">
                     -162.92067e-09,   0.0000000000,  -0.9999998800,
                       0.0000000000,   1.0000000000,   0.0000000000,
                       0.9999998800,   0.0000000000, -162.92067e-09
                  </Orientation>
                  <Axis type="Vector">0, 1, 0</Axis>
                  <Min type="float">-0.78539819</Min>
                  <Max type="float">0.78539819</Max>
               </HpLTurret11>
               <HpLTurret12>
                  <Position type="Vector">-21.982439, -33.664066, 27.197088</Position>
                  <Orientation type="Matrix">
                     -208.61626e-09,  -0.9961946000,  -0.0871558490,
                     -7.4505806e-09,  -0.0871558260,   0.9961944800,
                      -0.9999998800,  208.61626e-09,  14.901161e-09
                  </Orientation>
                  <Axis type="Vector">0, 1, 0</Axis>
                  <Min type="float">-0.78539819</Min>
                  <Max type="float">0.78539819</Max>
               </HpLTurret12>
               <HpLTurret13>
                  <Position type="Vector">21.985722, -33.634171, 27.166742</Position>
                  <Orientation type="Matrix">
                     -163.91277e-09,   0.9961945400,   0.0871558860,
                     -2.7939677e-09,  -0.0871558930,   0.9961945400,
                       0.9999998200,  149.01161e-09,  18.626451e-09
                  </Orientation>
                  <Axis type="Vector">0, 1, 0</Axis>
                  <Min type="float">-0.78539819</Min>
                  <Max type="float">0.78539819</Max>
               </HpLTurret13>
               <HpSTurret01>
                  <Position type="Vector">-84.10218, 6.5750222, 99.859886</Position>
                  <Orientation type="Matrix">
                      313.91644e-09,  -0.9999998800,   0.0000000000,
                       0.9999998800,  313.91644e-09,   0.0000000000,
                       0.0000000000,   0.0000000000,   1.0000000000
                  </Orientation>
                  <Axis type="Vector">0, 1, 0</Axis>
                  <Min type="float">-3.1415927</Min>
                  <Max type="float">3.1415927</Max>
               </HpSTurret01>
               <HpSTurret02>
                  <Position type="Vector">84.102356, 6.5812221, 99.868431</Position>
                  <Orientation type="Matrix">
                      313.91644e-09,   0.9999998800,   0.0000000000,
                      -0.9999998800,  313.91644e-09,   0.0000000000,
                       0.0000000000,   0.0000000000,   1.0000000000
                  </Orientation>
                  <Axis type="Vector">0, 1, 0</Axis>
                  <Min type="float">-3.1415927</Min>
                  <Max type="float">3.1415927</Max>
               </HpSTurret02>
               <HpSTurret03>
                  <Position type="Vector">-41.257881, 33.854015, 53.218987</Position>
                  <Orientation type="Matrix">
                     -43.510227e-09,  -0.0871557220,   0.9961946000,
                      465.66129e-12,   0.9961946600,   0.0871557150,
                      -0.9999998800,  4.4237822e-09, -52.458120e-09
                  </Orientation>
                  <Axis type="Vector">0, 1, 0</Axis>
                  <Min type="float">-1.5707964</Min>
                  <Max type="float">1.5707964</Max>
               </HpSTurret03>
               <HpSTurret04>
                  <Position type="Vector">41.266666, 33.853275, 53.232452</Position>
                  <Orientation type="Matrix">
                     -155.00700e-09,   0.0871557150,  -0.9961945400,
                      465.66129e-12,   0.9961946600,   0.0871557220,
                       0.9999998800,  14.435500e-09, -169.93727e-09
                  </Orientation>
                  <Axis type="Vector">0, 1, 0</Axis>
                  <Min type="float">-1.5707964</Min>
                  <Max type="float">1.5707964</Max>
               </HpSTurret04>
               <HpSTurret05>
                  <Position type="Vector">-41.25642, 33.854141, 41.792809</Position>
                  <Orientation type="Matrix">
                     -43.510227e-09,  -0.0871557220,   0.9961946000,
                      465.66129e-12,   0.9961946600,   0.0871557150,
                      -0.9999998800,  4.4237822e-09, -52.458120e-09
                  </Orientation>
                  <Axis type="Vector">0, 1, 0</Axis>
                  <Min type="float">-1.5707964</Min>
                  <Max type="float">1.5707964</Max>
               </HpSTurret05>
               <HpSTurret06>
                  <Position type="Vector">41.262665, 33.85363, 41.795353</Position>
                  <Orientation type="Matrix">
                     -155.00700e-09,   0.0871557150,  -0.9961945400,
                      465.66129e-12,   0.9961946600,   0.0871557220,
                       0.9999998800,  14.435500e-09, -169.93727e-09
                  </Orientation>
                  <Axis type="Vector">0, 1, 0</Axis>
                  <Min type="float">-1.5707964</Min>
                  <Max type="float">1.5707964</Max>
               </HpSTurret06>
               <HpSTurret07>
                  <Position type="Vector">-41.265297, 33.853363, 64.663422</Position>
                  <Orientation type="Matrix">
                     -43.510227e-09,  -0.0871557220,   0.9961946000,
                      465.66129e-12,   0.9961946600,   0.0871557150,
                      -0.9999998800,  4.4237822e-09, -52.458120e-09
                  </Orientation>
                  <Axis type="Vector">0, 1, 0</Axis>
                  <Min type="float">-1.5707964</Min>
                  <Max type="float">1.5707964</Max>
               </HpSTurret07>
               <HpSTurret08>
                  <Position type="Vector">41.254723, 33.854309, 64.664658</Position>
                  <Orientation type="Matrix">
                     -155.00700e-09,   0.0871557150,  -0.9961945400,
                      465.66129e-12,   0.9961946600,   0.0871557220,
                       0.9999998800,  14.435500e-09, -169.93727e-09
                  </Orientation>
                  <Axis type="Vector">0, 1, 0</Axis>
                  <Min type="float">-1.5707964</Min>
                  <Max type="float">1.5707964</Max>
               </HpSTurret08>
               <HpSTurret09>
                  <Position type="Vector">0, -54.937504, 57.326324</Position>
                  <Orientation type="Matrix">
                      -1.0000000000,  106.17260e-15, -325.84137e-09,
                       0.0000000000,  -1.0000000000, -325.84137e-09,
                     -325.84137e-09, -325.84137e-09,   1.0000000000
                  </Orientation>
                  <Axis type="Vector">0, 1, 0</Axis>
                  <Min type="float">-3.1415927</Min>
                  <Max type="float">3.1415927</Max>
               </HpSTurret09>
               <HpSTurret10>
                  <Position type="Vector">-3.794991, 56.524273, 23.23563</Position>
                  <Orientation type="Matrix">
                      75.497894e-09,   0.0000000000,   0.9999998800,
                       0.0000000000,   1.0000000000,   0.0000000000,
                      -0.9999998800,   0.0000000000,  75.497894e-09
                  </Orientation>
                  <Axis type="Vector">0, 1, 0</Axis>
                  <Min type="float">-0.78539819</Min>
                  <Max type="float">0.78539819</Max>
               </HpSTurret10>
               <HpSTurret11>
                  <Position type="Vector">3.808342, 56.524273, 23.207779</Position>
                  <Orientation type="Matrix">
                     -162.92067e-09,   0.0000000000,  -0.9999998800,
                       0.0000000000,   1.0000000000,   0.0000000000,
                       0.9999998800,   0.0000000000, -162.92067e-09
                  </Orientation>
                  <Axis type="Vector">0, 1, 0</Axis>
                  <Min type="float">-0.78539819</Min>
                  <Max type="float">0.78539819</Max>
               </HpSTurret11>
               <HpSTurret12>
                  <Position type="Vector">-66.304962, -20.433125, 177.06415</Position>
                  <Orientation type="Matrix">
                     -162.92068e-09,  -0.9848077300,  -0.1736483000,
                     -89.406967e-09,  -0.1736483000,   0.9848077300,
                      -1.0000000000,  175.97092e-09, -59.757774e-09
                  </Orientation>
                  <Axis type="Vector">0, 1, 0</Axis>
                  <Min type="float">-0.78539819</Min>
                  <Max type="float">0.78539819</Max>
               </HpSTurret12>
               <HpSTurret13>
                  <Position type="Vector">66.306236, -20.425673, 177.05721</Position>
                  <Orientation type="Matrix">
                     -162.92068e-09,   0.9848077300,   0.1736483000,
                       0.0000000000,  -0.1736483000,   0.9848077300,
                       1.0000000000,  160.44555e-09,  28.290900e-09
                  </Orientation>
                  <Axis type="Vector">0, 1, 0</Axis>
                  <Min type="float">-0.78539819</Min>
                  <Max type="float">0.78539819</Max>
               </HpSTurret13>
            </Revolute>
         </Hardpoints>
      </Sadalbari220216133918.3db>
   </UTF_ROOT>
</UTFXML>
