<?xml version="1.0" encoding="ISO-8859-1"?>
<!-- XML generated by UTFXML Version 2.2 built 19-Aug-2010 -->
<UTFXML filename="Sith_Starship.cmp" path="SHIPS\new\Scifi">
   <UTF_ROOT>
      <VMeshLibrary>
         <sith_starship.lod0-112.vms include="Sith_Starship_cmp\lod0-112.vms.xml"/>
      </VMeshLibrary>
      <Exporter_Version name="Exporter Version" type="text">Export</Exporter_Version>
      <Cmpnd>
         <Root>
            <Object_name name="Object name" type="text">Root</Object_name>
            <Index type="int">0</Index>
            <File_name name="File name" type="text">Sith_Starship220219162853.3db</File_name>
         </Root>
      </Cmpnd>
      <Sith_Starship220219162853.3db>
         <VMeshPart>
            <VMeshRef type="VMeshRef">
               <!-- header size  --> 60,
               <!-- vmesh lib    --> sith_starship.lod0-112.vms,
               <!-- start vert   --> 0,
               <!-- num verts    --> 14284,
               <!-- start index  --> 0,
               <!-- num indices  --> 43449,
               <!-- start mesh   --> 0,
               <!-- num meshes   --> 5,
               <!-- bounding box -->  10.385798,     3.8147237,   8.5134792,
                                     -10.385886,    -4.8767176,  -9.9771347,
               <!-- center       --> -44.345856e-6, -0.53099692, -0.73182774,
               <!-- radius       --> 11.674548
            </VMeshRef>
         </VMeshPart>
         <VMeshWire include="Sith_Starship_cmp\Sith_Starship.vwd.xml"/>
         <Hardpoints>
            <Fixed>
               <HpMount>
                  <Position type="Vector">0, -5, -0</Position>
                  <Orientation type="Matrix">
                       1.0000000000,   0.0000000000,  -0.0000000000,
                       0.0000000000,   1.0000000000,  -0.0000000000,
                      -0.0000000000,  -0.0000000000,   1.0000000000
                  </Orientation>
               </HpMount>
               <HpBayDoor01>
                  <Position type="Vector">0, -6, -0</Position>
                  <Orientation type="Matrix">
                       1.0000000000,   0.0000000000,  -0.0000000000,
                       0.0000000000,   1.0000000000,  -0.0000000000,
                      -0.0000000000,  -0.0000000000,   1.0000000000
                  </Orientation>
               </HpBayDoor01>
               <HpBayDoor02>
                  <Position type="Vector">0, -9, -0</Position>
                  <Orientation type="Matrix">
                       1.0000000000,   0.0000000000,  -0.0000000000,
                       0.0000000000,   1.0000000000,  -0.0000000000,
                      -0.0000000000,  -0.0000000000,   1.0000000000
                  </Orientation>
               </HpBayDoor02>
               <HpCloak01>
                  <Position type="Vector">0, 0.5, -0</Position>
                  <Orientation type="Matrix">
                       1.0000000000,   0.0000000000,  -0.0000000000,
                       0.0000000000,   1.0000000000,  -0.0000000000,
                      -0.0000000000,  -0.0000000000,   1.0000000000
                  </Orientation>
               </HpCloak01>
               <HpFX01>
                  <Position type="Vector">0, 0, -0</Position>
                  <Orientation type="Matrix">
                       1.0000000000,   0.0000000000,  -0.0000000000,
                       0.0000000000,   1.0000000000,  -0.0000000000,
                      -0.0000000000,  -0.0000000000,   1.0000000000
                  </Orientation>
               </HpFX01>
               <HpFX02>
                  <Position type="Vector">0, 0, -0</Position>
                  <Orientation type="Matrix">
                      313.91644e-09,   0.9999998800,  -0.0000000000,
                      -0.9999998800,  313.91644e-09,  -0.0000000000,
                      -0.0000000000,  -0.0000000000,   1.0000000000
                  </Orientation>
               </HpFX02>
               <HpFX03>
                  <Position type="Vector">0, 0, -0</Position>
                  <Orientation type="Matrix">
                       1.0000000000,   0.0000000000,  -0.0000000000,
                       0.0000000000,  313.91644e-09,   0.9999998800,
                      -0.0000000000,  -0.9999998800,  313.91644e-09
                  </Orientation>
               </HpFX03>
               <HpFX04>
                  <Position type="Vector">0, 0, -0</Position>
                  <Orientation type="Matrix">
                       1.0000000000,   0.0000000000,  -0.0000000000,
                       0.0000000000,   1.0000000000,  -0.0000000000,
                      -0.0000000000,  -0.0000000000,   1.0000000000
                  </Orientation>
               </HpFX04>
               <HpFX05>
                  <Position type="Vector">0, 0, -0</Position>
                  <Orientation type="Matrix">
                       1.0000000000,   0.0000000000,  -0.0000000000,
                       0.0000000000,   1.0000000000,  -0.0000000000,
                      -0.0000000000,  -0.0000000000,   1.0000000000
                  </Orientation>
               </HpFX05>
               <HpFX06>
                  <Position type="Vector">0, 0, -0</Position>
                  <Orientation type="Matrix">
                       1.0000000000,   0.0000000000,  -0.0000000000,
                       0.0000000000,   1.0000000000,  -0.0000000000,
                      -0.0000000000,  -0.0000000000,   1.0000000000
                  </Orientation>
               </HpFX06>
               <HpFX07>
                  <Position type="Vector">0, 0, -0</Position>
                  <Orientation type="Matrix">
                       1.0000000000,   0.0000000000,  -0.0000000000,
                       0.0000000000,   1.0000000000,  -0.0000000000,
                      -0.0000000000,  -0.0000000000,   1.0000000000
                  </Orientation>
               </HpFX07>
               <HpTractor_Source>
                  <Position type="Vector">0, -0.010627, -5.6916752</Position>
                  <Orientation type="Matrix">
                       1.0000000000,   0.0000000000,  -0.0000000000,
                       0.0000000000,   1.0000000000,  -0.0000000000,
                      -0.0000000000,  -0.0000000000,   1.0000000000
                  </Orientation>
               </HpTractor_Source>
               <HpRunningLight01>
                  <Position type="Vector">-1.579179, 3.8145139, 8.3707533</Position>
                  <Orientation type="Matrix">
                       1.0000000000,   0.0000000000,  -0.0000000000,
                       0.0000000000,   1.0000000000,  -0.0000000000,
                      -0.0000000000,  -0.0000000000,   1.0000000000
                  </Orientation>
               </HpRunningLight01>
               <HpRunningLight02>
                  <Position type="Vector">1.608692, 3.8141179, 8.3697138</Position>
                  <Orientation type="Matrix">
                       1.0000000000,   0.0000000000,  -0.0000000000,
                       0.0000000000,   1.0000000000,  -0.0000000000,
                      -0.0000000000,  -0.0000000000,   1.0000000000
                  </Orientation>
               </HpRunningLight02>
               <HpRunningLight03>
                  <Position type="Vector">-1.270564, -4.874372, 5.366879</Position>
                  <Orientation type="Matrix">
                       1.0000000000,   0.0000000000,  -0.0000000000,
                       0.0000000000,   1.0000000000,  -0.0000000000,
                      -0.0000000000,  -0.0000000000,   1.0000000000
                  </Orientation>
               </HpRunningLight03>
               <HpRunningLight04>
                  <Position type="Vector">1.30066, -4.871429, 5.3667092</Position>
                  <Orientation type="Matrix">
                       1.0000000000,   0.0000000000,  -0.0000000000,
                       0.0000000000,   1.0000000000,  -0.0000000000,
                      -0.0000000000,  -0.0000000000,   1.0000000000
                  </Orientation>
               </HpRunningLight04>
               <HpRunningLight05>
                  <Position type="Vector">-3.139621, 0.78062099, -9.9762402</Position>
                  <Orientation type="Matrix">
                       1.0000000000,   0.0000000000,  -0.0000000000,
                       0.0000000000,   1.0000000000,  -0.0000000000,
                      -0.0000000000,  -0.0000000000,   1.0000000000
                  </Orientation>
               </HpRunningLight05>
               <HpRunningLight06>
                  <Position type="Vector">3.1400189, 0.77956802, -9.9766083</Position>
                  <Orientation type="Matrix">
                       1.0000000000,   0.0000000000,  -0.0000000000,
                       0.0000000000,   1.0000000000,  -0.0000000000,
                      -0.0000000000,  -0.0000000000,   1.0000000000
                  </Orientation>
               </HpRunningLight06>
               <HpRunningLight07>
                  <Position type="Vector">-3.1382811, 0.274021, -9.9750452</Position>
                  <Orientation type="Matrix">
                       1.0000000000,   0.0000000000,  -0.0000000000,
                       0.0000000000,   1.0000000000,  -0.0000000000,
                      -0.0000000000,  -0.0000000000,   1.0000000000
                  </Orientation>
               </HpRunningLight07>
               <HpRunningLight08>
                  <Position type="Vector">3.1399679, 0.27620199, -9.9765615</Position>
                  <Orientation type="Matrix">
                       1.0000000000,   0.0000000000,  -0.0000000000,
                       0.0000000000,   1.0000000000,  -0.0000000000,
                      -0.0000000000,  -0.0000000000,   1.0000000000
                  </Orientation>
               </HpRunningLight08>
               <HpRunningLight09>
                  <Position type="Vector">-9.7580261, 0.81164998, 0.68703198</Position>
                  <Orientation type="Matrix">
                       1.0000000000,   0.0000000000,  -0.0000000000,
                       0.0000000000,   1.0000000000,  -0.0000000000,
                      -0.0000000000,  -0.0000000000,   1.0000000000
                  </Orientation>
               </HpRunningLight09>
               <HpRunningLight10>
                  <Position type="Vector">9.760149, 0.81112498, 0.686647</Position>
                  <Orientation type="Matrix">
                       1.0000000000,   0.0000000000,  -0.0000000000,
                       0.0000000000,   1.0000000000,  -0.0000000000,
                      -0.0000000000,  -0.0000000000,   1.0000000000
                  </Orientation>
               </HpRunningLight10>
               <HpDocklight01>
                  <Position type="Vector">-9.7596302, 0.81097001, 5.5318809</Position>
                  <Orientation type="Matrix">
                       1.0000000000,   0.0000000000,  -0.0000000000,
                       0.0000000000,   1.0000000000,  -0.0000000000,
                      -0.0000000000,  -0.0000000000,   1.0000000000
                  </Orientation>
               </HpDocklight01>
               <HpDocklight02>
                  <Position type="Vector">9.7590075, 0.81098902, 5.5321159</Position>
                  <Orientation type="Matrix">
                       1.0000000000,   0.0000000000,  -0.0000000000,
                       0.0000000000,   1.0000000000,  -0.0000000000,
                      -0.0000000000,  -0.0000000000,   1.0000000000
                  </Orientation>
               </HpDocklight02>
               <HpShield01>
                  <Position type="Vector">0, 0, -0</Position>
                  <Orientation type="Matrix">
                       1.0000000000,   0.0000000000,  -0.0000000000,
                       0.0000000000,   1.0000000000,  -0.0000000000,
                      -0.0000000000,  -0.0000000000,   1.0000000000
                  </Orientation>
               </HpShield01>
               <HpShield02>
                  <Position type="Vector">0, 0, -0</Position>
                  <Orientation type="Matrix">
                       1.0000000000,   0.0000000000,  -0.0000000000,
                       0.0000000000,   1.0000000000,  -0.0000000000,
                      -0.0000000000,  -0.0000000000,   1.0000000000
                  </Orientation>
               </HpShield02>
               <HpShield03>
                  <Position type="Vector">0, 0, -0</Position>
                  <Orientation type="Matrix">
                       1.0000000000,   0.0000000000,  -0.0000000000,
                       0.0000000000,   1.0000000000,  -0.0000000000,
                      -0.0000000000,  -0.0000000000,   1.0000000000
                  </Orientation>
               </HpShield03>
               <HpShield04>
                  <Position type="Vector">0, 0, -0</Position>
                  <Orientation type="Matrix">
                       1.0000000000,   0.0000000000,  -0.0000000000,
                       0.0000000000,   1.0000000000,  -0.0000000000,
                      -0.0000000000,  -0.0000000000,   1.0000000000
                  </Orientation>
               </HpShield04>
               <HpNew02>
                  <Position type="Vector">0, 0, -0</Position>
                  <Orientation type="Matrix">
                       1.0000000000,   0.0000000000,  -0.0000000000,
                       0.0000000000,   1.0000000000,  -0.0000000000,
                      -0.0000000000,  -0.0000000000,   1.0000000000
                  </Orientation>
               </HpNew02>
               <HpNew03>
                  <Position type="Vector">0, 0, -0</Position>
                  <Orientation type="Matrix">
                       1.0000000000,   0.0000000000,  -0.0000000000,
                       0.0000000000,   1.0000000000,  -0.0000000000,
                      -0.0000000000,  -0.0000000000,   1.0000000000
                  </Orientation>
               </HpNew03>
               <HpNew04>
                  <Position type="Vector">0, 0, -0</Position>
                  <Orientation type="Matrix">
                       1.0000000000,   0.0000000000,  -0.0000000000,
                       0.0000000000,   1.0000000000,  -0.0000000000,
                      -0.0000000000,  -0.0000000000,   1.0000000000
                  </Orientation>
               </HpNew04>
               <HpNew05>
                  <Position type="Vector">0, 0, -0</Position>
                  <Orientation type="Matrix">
                       1.0000000000,   0.0000000000,  -0.0000000000,
                       0.0000000000,   1.0000000000,  -0.0000000000,
                      -0.0000000000,  -0.0000000000,   1.0000000000
                  </Orientation>
               </HpNew05>
               <HpNew06>
                  <Position type="Vector">0, 0, -0</Position>
                  <Orientation type="Matrix">
                       1.0000000000,   0.0000000000,  -0.0000000000,
                       0.0000000000,   1.0000000000,  -0.0000000000,
                      -0.0000000000,  -0.0000000000,   1.0000000000
                  </Orientation>
               </HpNew06>
               <HpNew07>
                  <Position type="Vector">0, 0, -0</Position>
                  <Orientation type="Matrix">
                       1.0000000000,   0.0000000000,  -0.0000000000,
                       0.0000000000,   1.0000000000,  -0.0000000000,
                      -0.0000000000,  -0.0000000000,   1.0000000000
                  </Orientation>
               </HpNew07>
               <HpNew08>
                  <Position type="Vector">0, 0, -0</Position>
                  <Orientation type="Matrix">
                       1.0000000000,   0.0000000000,  -0.0000000000,
                       0.0000000000,   1.0000000000,  -0.0000000000,
                      -0.0000000000,  -0.0000000000,   1.0000000000
                  </Orientation>
               </HpNew08>
               <HpNew09>
                  <Position type="Vector">0, 0, -0</Position>
                  <Orientation type="Matrix">
                       1.0000000000,   0.0000000000,  -0.0000000000,
                       0.0000000000,   1.0000000000,  -0.0000000000,
                      -0.0000000000,  -0.0000000000,   1.0000000000
                  </Orientation>
               </HpNew09>
               <HpThruster01>
                  <Position type="Vector">923.99999e-6, 0.37639901, 6.9</Position>
                  <Orientation type="Matrix">
                       1.0000000000,   0.0000000000,  -0.0000000000,
                       0.0000000000,   1.0000000000,  -0.0000000000,
                      -0.0000000000,  -0.0000000000,   1.0000000000
                  </Orientation>
               </HpThruster01>
               <HpEngine01>
                  <Position type="Vector">-0.647838, 1.725348, 8.0484476</Position>
                  <Orientation type="Matrix">
                       1.0000000000,   0.0000000000,  -0.0000000000,
                       0.0000000000,   1.0000000000,  -0.0000000000,
                      -0.0000000000,  -0.0000000000,   1.0000000000
                  </Orientation>
               </HpEngine01>
               <HpEngine02>
                  <Position type="Vector">0.69329399, 1.724939, 8.0484447</Position>
                  <Orientation type="Matrix">
                       1.0000000000,   0.0000000000,  -0.0000000000,
                       0.0000000000,   1.0000000000,  -0.0000000000,
                      -0.0000000000,  -0.0000000000,   1.0000000000
                  </Orientation>
               </HpEngine02>
               <HpCM01>
                  <Position type="Vector">8.9258499, -0.25, 4.5</Position>
                  <Orientation type="Matrix">
                       1.0000000000,   0.0000000000,   0.0000000000,
                       0.0000000000,   1.0000000000,   0.0000000000,
                       0.0000000000,   0.0000000000,   1.0000000000
                  </Orientation>
               </HpCM01>
               <HpMine01>
                  <Position type="Vector">-8.9148989, -0.25, 4.5</Position>
                  <Orientation type="Matrix">
                       1.0000000000,   0.0000000000,   0.0000000000,
                       0.0000000000,   1.0000000000,   0.0000000000,
                       0.0000000000,   0.0000000000,   1.0000000000
                  </Orientation>
               </HpMine01>
               <HpEngine03>
                  <Position type="Vector">-103e-6, 0.60326999, 7.714591</Position>
                  <Orientation type="Matrix">
                       1.0000000000,   0.0000000000,  -0.0000000000,
                       0.0000000000,   1.0000000000,  -0.0000000000,
                      -0.0000000000,  -0.0000000000,   1.0000000000
                  </Orientation>
               </HpEngine03>
               <HpEngine04>
                  <Position type="Vector">-4.0445838, 0.469257, 6.3999348</Position>
                  <Orientation type="Matrix">
                       1.0000000000,   0.0000000000,  -0.0000000000,
                       0.0000000000,   1.0000000000,  -0.0000000000,
                      -0.0000000000,  -0.0000000000,   1.0000000000
                  </Orientation>
               </HpEngine04>
               <HpEngine05>
                  <Position type="Vector">4.0409899, 0.46866399, 6.3999019</Position>
                  <Orientation type="Matrix">
                       1.0000000000,   0.0000000000,  -0.0000000000,
                       0.0000000000,   1.0000000000,  -0.0000000000,
                      -0.0000000000,  -0.0000000000,   1.0000000000
                  </Orientation>
               </HpEngine05>
            </Fixed>
            <Revolute>
               <HpNew01>
                  <Position type="Vector">0, 0, -0</Position>
                  <Orientation type="Matrix">
                       1.0000000000,   0.0000000000,  -0.0000000000,
                       0.0000000000,   1.0000000000,  -0.0000000000,
                      -0.0000000000,  -0.0000000000,   1.0000000000
                  </Orientation>
                  <Axis type="Vector">0, 1, -0</Axis>
                  <Min type="float">-0.78539819</Min>
                  <Max type="float">0.78539819</Max>
               </HpNew01>
               <HpTorpedo01>
                  <Position type="Vector">-1.383306, -0.48965001, -3.451714</Position>
                  <Orientation type="Matrix">
                      -0.1736492500,  -0.9848076700,  -0.0000000000,
                       0.9848076700,  -0.1736492500,  -0.0000000000,
                      -0.0000000000,  -0.0000000000,   1.0000000000
                  </Orientation>
                  <Axis type="Vector">0, 1, -0</Axis>
                  <Min type="float">-0.78539819</Min>
                  <Max type="float">0.78539819</Max>
               </HpTorpedo01>
               <HpTorpedo02>
                  <Position type="Vector">1.410157, -0.50226998, -3.462924</Position>
                  <Orientation type="Matrix">
                      -0.1736485500,   0.9848077900,  -0.0000000000,
                      -0.9848077900,  -0.1736485500,  -0.0000000000,
                      -0.0000000000,  -0.0000000000,   1.0000000000
                  </Orientation>
                  <Axis type="Vector">0, 1, -0</Axis>
                  <Min type="float">-0.78539819</Min>
                  <Max type="float">0.78539819</Max>
               </HpTorpedo02>
               <HpTorpedo03>
                  <Position type="Vector">-2.5305669, 1.347779, -0.408133</Position>
                  <Orientation type="Matrix">
                       0.9975640800,  -0.0697564710,  -0.0000000000,
                       0.0697564710,   0.9975640800,   0.0000000000,
                       0.0000000000,  -0.0000000000,   1.0000000000
                  </Orientation>
                  <Axis type="Vector">0, 1, 0</Axis>
                  <Min type="float">-0.61086524</Min>
                  <Max type="float">0.78539819</Max>
               </HpTorpedo03>
               <HpTorpedo04>
                  <Position type="Vector">2.5301139, 1.347802, -0.40900701</Position>
                  <Orientation type="Matrix">
                       0.9975640800,   0.0697564710,   0.0000000000,
                      -0.0697564710,   0.9975640800,   0.0000000000,
                       0.0000000000,   0.0000000000,   1.0000000000
                  </Orientation>
                  <Axis type="Vector">0, 1, 0</Axis>
                  <Min type="float">-0.78539819</Min>
                  <Max type="float">0.61086524</Max>
               </HpTorpedo04>
               <HpTorpedo05>
                  <Position type="Vector">-2.603251, -0.34716699, -0.62790197</Position>
                  <Orientation type="Matrix">
                      -0.9961949000,  -0.0871549320,  -0.0000000000,
                       0.0871549320,  -0.9961949000,  -0.0000000000,
                      -0.0000000000,  -0.0000000000,   1.0000000000
                  </Orientation>
                  <Axis type="Vector">0, 1, -0</Axis>
                  <Min type="float">-0.78539819</Min>
                  <Max type="float">0.78539819</Max>
               </HpTorpedo05>
               <HpTorpedo06>
                  <Position type="Vector">2.591306, -0.34835401, -0.62185699</Position>
                  <Orientation type="Matrix">
                      -0.9961947800,   0.0871558860,  -0.0000000000,
                      -0.0871558860,  -0.9961947800,  -0.0000000000,
                      -0.0000000000,  -0.0000000000,   1.0000000000
                  </Orientation>
                  <Axis type="Vector">0, 1, -0</Axis>
                  <Min type="float">-0.78539819</Min>
                  <Max type="float">0.78539819</Max>
               </HpTorpedo06>
               <HpWeapon01>
                  <Position type="Vector">-10.385885, 0.192027, 0.91376197</Position>
                  <Orientation type="Matrix">
                      313.91644e-09,  -0.9999998800,  -0.0000000000,
                       0.9999998800,  313.91644e-09,  -0.0000000000,
                      -0.0000000000,  -0.0000000000,   1.0000000000
                  </Orientation>
                  <Axis type="Vector">0, 1, -0</Axis>
                  <Min type="float">-0.78539819</Min>
                  <Max type="float">0.78539819</Max>
               </HpWeapon01>
               <HpWeapon02>
                  <Position type="Vector">10.385797, 0.190392, 0.90503103</Position>
                  <Orientation type="Matrix">
                      313.91644e-09,   0.9999998800,  -0.0000000000,
                      -0.9999998800,  313.91644e-09,  -0.0000000000,
                      -0.0000000000,  -0.0000000000,   1.0000000000
                  </Orientation>
                  <Axis type="Vector">0, 1, -0</Axis>
                  <Min type="float">-0.78539819</Min>
                  <Max type="float">0.78539819</Max>
               </HpWeapon02>
               <HpWeapon03>
                  <Position type="Vector">-0.74646097, 2.219476, 0.53214198</Position>
                  <Orientation type="Matrix">
                       1.0000000000,   0.0000000000,  -0.0000000000,
                       0.0000000000,   1.0000000000,  -0.0000000000,
                      -0.0000000000,  -0.0000000000,   1.0000000000
                  </Orientation>
                  <Axis type="Vector">0, 1, -0</Axis>
                  <Min type="float">-0.78539819</Min>
                  <Max type="float">0.78539819</Max>
               </HpWeapon03>
               <HpWeapon04>
                  <Position type="Vector">0.75309902, 2.2194691, 0.53235</Position>
                  <Orientation type="Matrix">
                       1.0000000000,   0.0000000000,  -0.0000000000,
                       0.0000000000,   1.0000000000,  -0.0000000000,
                      -0.0000000000,  -0.0000000000,   1.0000000000
                  </Orientation>
                  <Axis type="Vector">0, 1, -0</Axis>
                  <Min type="float">-0.78539819</Min>
                  <Max type="float">0.78539819</Max>
               </HpWeapon04>
               <HpWeapon05>
                  <Position type="Vector">-0.693883, -1.083041, -0.92734897</Position>
                  <Orientation type="Matrix">
                      -1.0000000000,  106.17260e-15, -325.84137e-09,
                       0.0000000000,  -1.0000000000, -325.84137e-09,
                     -325.84137e-09, -325.84137e-09,   1.0000000000
                  </Orientation>
                  <Axis type="Vector">0, 1, -0</Axis>
                  <Min type="float">-0.78539819</Min>
                  <Max type="float">0.78539819</Max>
               </HpWeapon05>
               <HpWeapon06>
                  <Position type="Vector">0.69570601, -1.083048, -0.93229502</Position>
                  <Orientation type="Matrix">
                      -1.0000000000,  106.17260e-15, -325.84137e-09,
                       0.0000000000,  -1.0000000000, -325.84137e-09,
                     -325.84137e-09, -325.84137e-09,   1.0000000000
                  </Orientation>
                  <Axis type="Vector">0, 1, -0</Axis>
                  <Min type="float">-0.78539819</Min>
                  <Max type="float">0.78539819</Max>
               </HpWeapon06>
               <HpWeapon07>
                  <Position type="Vector">0.025503, -0.816553, -4.6645041</Position>
                  <Orientation type="Matrix">
                      -1.0000000000, -17.053225e-09, -325.39481e-09,
                     -14.210855e-15,  -0.9986296300,   0.0523360480,
                     -325.84137e-09,   0.0523360480,   0.9986295100
                  </Orientation>
                  <Axis type="Vector">0, 1, -0</Axis>
                  <Min type="float">-0.78539819</Min>
                  <Max type="float">0.78539819</Max>
               </HpWeapon07>
               <HpWeapon08>
                  <Position type="Vector">0.015703, 1.81405, -2.248529</Position>
                  <Orientation type="Matrix">
                       1.0000000000,   0.0000000000,   0.0000000000,
                       0.0000000000,   1.0000000000,   0.0000000000,
                       0.0000000000,   0.0000000000,   1.0000000000
                  </Orientation>
                  <Axis type="Vector">0, 1, 0</Axis>
                  <Min type="float">-0.78539819</Min>
                  <Max type="float">0.78539819</Max>
               </HpWeapon08>
               <HpWeapon09>
                  <Position type="Vector">-4.7848539, 2.2067699, 3.09094</Position>
                  <Orientation type="Matrix">
                       0.9563048500,  -0.2923714500,  -0.0000000000,
                       0.2923714500,   0.9563048500,  -0.0000000000,
                      -0.0000000000,  -0.0000000000,   1.0000000000
                  </Orientation>
                  <Axis type="Vector">0, 1, -0</Axis>
                  <Min type="float">-0.78539819</Min>
                  <Max type="float">0.78539819</Max>
               </HpWeapon09>
               <HpWeapon10>
                  <Position type="Vector">4.7827258, 2.2069969, 3.093426</Position>
                  <Orientation type="Matrix">
                       0.9563047900,   0.2923716900,  -0.0000000000,
                      -0.2923716900,   0.9563047900,  -0.0000000000,
                      -0.0000000000,  -0.0000000000,   1.0000000000
                  </Orientation>
                  <Axis type="Vector">0, 1, -0</Axis>
                  <Min type="float">-0.78539819</Min>
                  <Max type="float">0.78539819</Max>
               </HpWeapon10>
               <HpWeapon11>
                  <Position type="Vector">-4.6684041, -1.36388, 3.0902779</Position>
                  <Orientation type="Matrix">
                      -0.9848080300,  -0.1736473700,  -0.0000000000,
                       0.1736473700,  -0.9848080300,  -0.0000000000,
                      -0.0000000000,  -0.0000000000,   1.0000000000
                  </Orientation>
                  <Axis type="Vector">0, 1, -0</Axis>
                  <Min type="float">-0.78539819</Min>
                  <Max type="float">0.78539819</Max>
               </HpWeapon11>
               <HpWeapon12>
                  <Position type="Vector">4.6628909, -1.364684, 3.08834</Position>
                  <Orientation type="Matrix">
                      -0.9848078500,   0.1736483100,  -0.0000000000,
                      -0.1736483100,  -0.9848078500,  -0.0000000000,
                      -0.0000000000,  -0.0000000000,   1.0000000000
                  </Orientation>
                  <Axis type="Vector">0, 1, -0</Axis>
                  <Min type="float">-0.78539819</Min>
                  <Max type="float">0.78539819</Max>
               </HpWeapon12>
               <HpWeapon13>
                  <Position type="Vector">-6.5546699, 1.691871, 3.0857351</Position>
                  <Orientation type="Matrix">
                       0.9563048500,  -0.2923714500,  -0.0000000000,
                       0.2923714500,   0.9563048500,  -0.0000000000,
                      -0.0000000000,  -0.0000000000,   1.0000000000
                  </Orientation>
                  <Axis type="Vector">0, 1, -0</Axis>
                  <Min type="float">-0.78539819</Min>
                  <Max type="float">0.78539819</Max>
               </HpWeapon13>
               <HpWeapon14>
                  <Position type="Vector">6.557786, 1.690623, 3.0829861</Position>
                  <Orientation type="Matrix">
                       0.9563047900,   0.2923716900,  -0.0000000000,
                      -0.2923716900,   0.9563047900,  -0.0000000000,
                      -0.0000000000,  -0.0000000000,   1.0000000000
                  </Orientation>
                  <Axis type="Vector">0, 1, -0</Axis>
                  <Min type="float">-0.78539819</Min>
                  <Max type="float">0.78539819</Max>
               </HpWeapon14>
               <HpWeapon15>
                  <Position type="Vector">-6.491046, -1.073961, 3.0860691</Position>
                  <Orientation type="Matrix">
                      -0.9848080300,  -0.1736473700,  -0.0000000000,
                       0.1736473700,  -0.9848080300,  -0.0000000000,
                      -0.0000000000,  -0.0000000000,   1.0000000000
                  </Orientation>
                  <Axis type="Vector">0, 1, -0</Axis>
                  <Min type="float">-0.78539819</Min>
                  <Max type="float">0.78539819</Max>
               </HpWeapon15>
               <HpWeapon16>
                  <Position type="Vector">6.4985571, -1.072741, 3.0863831</Position>
                  <Orientation type="Matrix">
                      -0.9848078500,   0.1736483100,  -0.0000000000,
                      -0.1736483100,  -0.9848078500,  -0.0000000000,
                      -0.0000000000,  -0.0000000000,   1.0000000000
                  </Orientation>
                  <Axis type="Vector">0, 1, -0</Axis>
                  <Min type="float">-0.78539819</Min>
                  <Max type="float">0.78539819</Max>
               </HpWeapon16>
               <HpWeapon17>
                  <Position type="Vector">-7.2316098, 1.2530299, -0.52816999</Position>
                  <Orientation type="Matrix">
                       0.9563048500,  -0.2923714500,  -0.0000000000,
                       0.2923714500,   0.9563048500,  -0.0000000000,
                      -0.0000000000,  -0.0000000000,   1.0000000000
                  </Orientation>
                  <Axis type="Vector">0, 1, -0</Axis>
                  <Min type="float">-0.78539819</Min>
                  <Max type="float">0.78539819</Max>
               </HpWeapon17>
               <HpWeapon18>
                  <Position type="Vector">7.2321329, 1.253652, -0.52275997</Position>
                  <Orientation type="Matrix">
                       0.9563047900,   0.2923716900,  -0.0000000000,
                      -0.2923716900,   0.9563047900,  -0.0000000000,
                      -0.0000000000,  -0.0000000000,   1.0000000000
                  </Orientation>
                  <Axis type="Vector">0, 1, -0</Axis>
                  <Min type="float">-0.78539819</Min>
                  <Max type="float">0.78539819</Max>
               </HpWeapon18>
               <HpWeapon19>
                  <Position type="Vector">-7.1883478, -0.64800602, -0.51651597</Position>
                  <Orientation type="Matrix">
                      -0.9848080300,  -0.1736473700,  -0.0000000000,
                       0.1736473700,  -0.9848080300,  -0.0000000000,
                      -0.0000000000,  -0.0000000000,   1.0000000000
                  </Orientation>
                  <Axis type="Vector">0, 1, -0</Axis>
                  <Min type="float">-0.78539819</Min>
                  <Max type="float">0.78539819</Max>
               </HpWeapon19>
               <HpWeapon20>
                  <Position type="Vector">7.199295, -0.64576602, -0.52135402</Position>
                  <Orientation type="Matrix">
                      -0.9848078500,   0.1736483100,  -0.0000000000,
                      -0.1736483100,  -0.9848078500,  -0.0000000000,
                      -0.0000000000,  -0.0000000000,   1.0000000000
                  </Orientation>
                  <Axis type="Vector">0, 1, -0</Axis>
                  <Min type="float">-0.78539819</Min>
                  <Max type="float">0.78539819</Max>
               </HpWeapon20>
               <HpWeapon21>
                  <Position type="Vector">-1.616582, -3.2159691, 5.6147742</Position>
                  <Orientation type="Matrix">
                      313.91644e-09,  -0.9999998800,  -0.0000000000,
                       0.9999998800,  313.91644e-09,  -0.0000000000,
                      -0.0000000000,  -0.0000000000,   1.0000000000
                  </Orientation>
                  <Axis type="Vector">0, 1, -0</Axis>
                  <Min type="float">-0.78539819</Min>
                  <Max type="float">0.78539819</Max>
               </HpWeapon21>
               <HpWeapon22>
                  <Position type="Vector">1.648883, -3.2193921, 5.6226349</Position>
                  <Orientation type="Matrix">
                      313.91644e-09,   0.9999998800,  -0.0000000000,
                      -0.9999998800,  313.91644e-09,  -0.0000000000,
                      -0.0000000000,  -0.0000000000,   1.0000000000
                  </Orientation>
                  <Axis type="Vector">0, 1, -0</Axis>
                  <Min type="float">-0.78539819</Min>
                  <Max type="float">0.78539819</Max>
               </HpWeapon22>
               <HpWeapon23>
                  <Position type="Vector">-0.45022899, 3.096158, 4.4229231</Position>
                  <Orientation type="Matrix">
                       1.0000000000,   0.0000000000,  -0.0000000000,
                       0.0000000000,   1.0000000000,  -0.0000000000,
                      -0.0000000000,  -0.0000000000,   1.0000000000
                  </Orientation>
                  <Axis type="Vector">0, 1, -0</Axis>
                  <Min type="float">-0.61086524</Min>
                  <Max type="float">0.78539819</Max>
               </HpWeapon23>
               <HpWeapon24>
                  <Position type="Vector">0.48292899, 3.096153, 4.4274311</Position>
                  <Orientation type="Matrix">
                       1.0000000000,   0.0000000000,  -0.0000000000,
                       0.0000000000,   1.0000000000,  -0.0000000000,
                      -0.0000000000,  -0.0000000000,   1.0000000000
                  </Orientation>
                  <Axis type="Vector">0, 1, -0</Axis>
                  <Min type="float">-0.78539819</Min>
                  <Max type="float">0.61086524</Max>
               </HpWeapon24>
            </Revolute>
         </Hardpoints>
      </Sith_Starship220219162853.3db>
   </UTF_ROOT>
</UTFXML>
