<?xml version="1.0" encoding="ISO-8859-1"?>
<!-- XML generated by UTFXML Version 2.2 built 19-Aug-2010 -->
<UTFXML filename="Terminus.cmp" path="SHIPS\new\Scifi">
   <UTF_ROOT>
      <VMeshLibrary>
         <terminus.lod0-112.vms include="Terminus_cmp\lod0-112.vms.xml"/>
      </VMeshLibrary>
      <Exporter_Version name="Exporter Version" type="text">Export</Exporter_Version>
      <Cmpnd>
         <Root>
            <Object_name name="Object name" type="text">Root</Object_name>
            <Index type="int">0</Index>
            <File_name name="File name" type="text">Terminus220223191755.3db</File_name>
         </Root>
      </Cmpnd>
      <Terminus220223191755.3db>
         <VMeshPart>
            <VMeshRef type="VMeshRef">
               <!-- header size  --> 60,
               <!-- vmesh lib    --> terminus.lod0-112.vms,
               <!-- start vert   --> 0,
               <!-- num verts    --> 14829,
               <!-- start index  --> 0,
               <!-- num indices  --> 35196,
               <!-- start mesh   --> 0,
               <!-- num meshes   --> 7,
               <!-- bounding box -->   20.944134,    8.9325371,   45.045914,
                                      -20.944538,   -9.8950233,  -37.856937,
               <!-- center       --> -202.17896e-6, -0.48124313,   3.5944881,
               <!-- radius       --> 46.586685
            </VMeshRef>
         </VMeshPart>
         <VMeshWire include="Terminus_cmp\Terminus.vwd.xml"/>
         <Hardpoints>
            <Fixed>
               <HpMount>
                  <Position type="Vector">0, -11, -15</Position>
                  <Orientation type="Matrix">
                       1.0000000000,   0.0000000000,   0.0000000000,
                       0.0000000000,   1.0000000000,   0.0000000000,
                       0.0000000000,   0.0000000000,   1.0000000000
                  </Orientation>
               </HpMount>
               <HpBayDoor01>
                  <Position type="Vector">0, -13, 0</Position>
                  <Orientation type="Matrix">
                       1.0000000000,   0.0000000000,   0.0000000000,
                       0.0000000000,   1.0000000000,   0.0000000000,
                       0.0000000000,   0.0000000000,   1.0000000000
                  </Orientation>
               </HpBayDoor01>
               <HpBayDoor02>
                  <Position type="Vector">0, -18, 0</Position>
                  <Orientation type="Matrix">
                       1.0000000000,   0.0000000000,   0.0000000000,
                       0.0000000000,   1.0000000000,   0.0000000000,
                       0.0000000000,   0.0000000000,   1.0000000000
                  </Orientation>
               </HpBayDoor02>
               <HpEngine01>
                  <Position type="Vector">-3.2688861, -3.7594521, 28.781584</Position>
                  <Orientation type="Matrix">
                       1.0000000000,   0.0000000000,   0.0000000000,
                       0.0000000000,   1.0000000000,   0.0000000000,
                       0.0000000000,   0.0000000000,   1.0000000000
                  </Orientation>
               </HpEngine01>
               <HpEngine02>
                  <Position type="Vector">3.302665, -3.7709939, 28.781584</Position>
                  <Orientation type="Matrix">
                       1.0000000000,   0.0000000000,   0.0000000000,
                       0.0000000000,   1.0000000000,   0.0000000000,
                       0.0000000000,   0.0000000000,   1.0000000000
                  </Orientation>
               </HpEngine02>
               <HpEngine03>
                  <Position type="Vector">4.421401, 1.705302, 28.310911</Position>
                  <Orientation type="Matrix">
                       1.0000000000,   0.0000000000,   0.0000000000,
                       0.0000000000,   1.0000000000,   0.0000000000,
                       0.0000000000,   0.0000000000,   1.0000000000
                  </Orientation>
               </HpEngine03>
               <HpEngine04>
                  <Position type="Vector">1.631425, 3.21574, 28.387657</Position>
                  <Orientation type="Matrix">
                       1.0000000000,   0.0000000000,   0.0000000000,
                       0.0000000000,   1.0000000000,   0.0000000000,
                       0.0000000000,   0.0000000000,   1.0000000000
                  </Orientation>
               </HpEngine04>
               <HpEngine05>
                  <Position type="Vector">-1.61376, 3.205373, 28.387657</Position>
                  <Orientation type="Matrix">
                       1.0000000000,   0.0000000000,   0.0000000000,
                       0.0000000000,   1.0000000000,   0.0000000000,
                       0.0000000000,   0.0000000000,   1.0000000000
                  </Orientation>
               </HpEngine05>
               <HpEngine06>
                  <Position type="Vector">-4.438076, 1.723045, 28.310911</Position>
                  <Orientation type="Matrix">
                       1.0000000000,   0.0000000000,   0.0000000000,
                       0.0000000000,   1.0000000000,   0.0000000000,
                       0.0000000000,   0.0000000000,   1.0000000000
                  </Orientation>
               </HpEngine06>
               <HpThruster01>
                  <Position type="Vector">-0.030564999, -1.738387, 29.055399</Position>
                  <Orientation type="Matrix">
                       1.0000000000,   0.0000000000,   0.0000000000,
                       0.0000000000,   1.0000000000,   0.0000000000,
                       0.0000000000,   0.0000000000,   1.0000000000
                  </Orientation>
               </HpThruster01>
               <HpCM01>
                  <Position type="Vector">-0.001112, -9, 17.078764</Position>
                  <Orientation type="Matrix">
                      -1.0000000000,  186.89494e-09, -266.91362e-09,
                     -1.7763568e-15,  -0.8191520600,  -0.5735764500,
                     -325.84134e-09,  -0.5735764500,   0.8191520600
                  </Orientation>
               </HpCM01>
               <HpCloak01>
                  <Position type="Vector">0, -3, 0</Position>
                  <Orientation type="Matrix">
                       1.0000000000,   0.0000000000,   0.0000000000,
                       0.0000000000,   1.0000000000,   0.0000000000,
                       0.0000000000,   0.0000000000,   1.0000000000
                  </Orientation>
               </HpCloak01>
               <HpFX01>
                  <Position type="Vector">0, -3, 0</Position>
                  <Orientation type="Matrix">
                       1.0000000000,   0.0000000000,   0.0000000000,
                       0.0000000000,   1.0000000000,   0.0000000000,
                       0.0000000000,   0.0000000000,   1.0000000000
                  </Orientation>
               </HpFX01>
               <HpFX02>
                  <Position type="Vector">0, -3, 0</Position>
                  <Orientation type="Matrix">
                      313.91644e-09,   0.9999998800,   0.0000000000,
                      -0.9999998800,  313.91644e-09,   0.0000000000,
                       0.0000000000,   0.0000000000,   1.0000000000
                  </Orientation>
               </HpFX02>
               <HpFX03>
                  <Position type="Vector">0, -3, 0</Position>
                  <Orientation type="Matrix">
                       1.0000000000,   0.0000000000,   0.0000000000,
                       0.0000000000,  313.91644e-09,   0.9999998800,
                       0.0000000000,  -0.9999998800,  313.91644e-09
                  </Orientation>
               </HpFX03>
               <HpFX04>
                  <Position type="Vector">0, -3, 0</Position>
                  <Orientation type="Matrix">
                       1.0000000000,   0.0000000000,   0.0000000000,
                       0.0000000000,   1.0000000000,   0.0000000000,
                       0.0000000000,   0.0000000000,   1.0000000000
                  </Orientation>
               </HpFX04>
               <HpFX05>
                  <Position type="Vector">0, -3, 0</Position>
                  <Orientation type="Matrix">
                       1.0000000000,   0.0000000000,   0.0000000000,
                       0.0000000000,   1.0000000000,   0.0000000000,
                       0.0000000000,   0.0000000000,   1.0000000000
                  </Orientation>
               </HpFX05>
               <HpFX06>
                  <Position type="Vector">0, -3, 0</Position>
                  <Orientation type="Matrix">
                       1.0000000000,   0.0000000000,   0.0000000000,
                       0.0000000000,   1.0000000000,   0.0000000000,
                       0.0000000000,   0.0000000000,   1.0000000000
                  </Orientation>
               </HpFX06>
               <HpFX07>
                  <Position type="Vector">0, -3, 0</Position>
                  <Orientation type="Matrix">
                       1.0000000000,   0.0000000000,   0.0000000000,
                       0.0000000000,   1.0000000000,   0.0000000000,
                       0.0000000000,   0.0000000000,   1.0000000000
                  </Orientation>
               </HpFX07>
               <HpTractor_Source>
                  <Position type="Vector">-0.022921, -2.026047, -37.856937</Position>
                  <Orientation type="Matrix">
                       1.0000000000,   0.0000000000,   0.0000000000,
                       0.0000000000,   1.0000000000,   0.0000000000,
                       0.0000000000,   0.0000000000,   1.0000000000
                  </Orientation>
               </HpTractor_Source>
               <HpRunningLight01>
                  <Position type="Vector">-20.934673, -5.1632848, 44.937332</Position>
                  <Orientation type="Matrix">
                       1.0000000000,   0.0000000000,   0.0000000000,
                       0.0000000000,   1.0000000000,   0.0000000000,
                       0.0000000000,   0.0000000000,   1.0000000000
                  </Orientation>
               </HpRunningLight01>
               <HpRunningLight02>
                  <Position type="Vector">20.942371, -5.1657848, 44.940933</Position>
                  <Orientation type="Matrix">
                       1.0000000000,   0.0000000000,   0.0000000000,
                       0.0000000000,   1.0000000000,   0.0000000000,
                       0.0000000000,   0.0000000000,   1.0000000000
                  </Orientation>
               </HpRunningLight02>
               <HpRunningLight03>
                  <Position type="Vector">-8.9360638, 7.8470058, 23.89031</Position>
                  <Orientation type="Matrix">
                       1.0000000000,   0.0000000000,   0.0000000000,
                       0.0000000000,   1.0000000000,   0.0000000000,
                       0.0000000000,   0.0000000000,   1.0000000000
                  </Orientation>
               </HpRunningLight03>
               <HpRunningLight04>
                  <Position type="Vector">8.9382935, 7.838192, 23.892389</Position>
                  <Orientation type="Matrix">
                       1.0000000000,   0.0000000000,   0.0000000000,
                       0.0000000000,   1.0000000000,   0.0000000000,
                       0.0000000000,   0.0000000000,   1.0000000000
                  </Orientation>
               </HpRunningLight04>
               <HpDocklight01>
                  <Position type="Vector">-20.636885, -6.236341, 44.868351</Position>
                  <Orientation type="Matrix">
                       1.0000000000,   0.0000000000,   0.0000000000,
                       0.0000000000,   1.0000000000,   0.0000000000,
                       0.0000000000,   0.0000000000,   1.0000000000
                  </Orientation>
               </HpDocklight01>
               <HpDocklight02>
                  <Position type="Vector">20.646187, -6.2336559, 44.868568</Position>
                  <Orientation type="Matrix">
                       1.0000000000,   0.0000000000,   0.0000000000,
                       0.0000000000,   1.0000000000,   0.0000000000,
                       0.0000000000,   0.0000000000,   1.0000000000
                  </Orientation>
               </HpDocklight02>
               <HpDocklight03>
                  <Position type="Vector">-9.9580975, 8.5400763, 28.470402</Position>
                  <Orientation type="Matrix">
                       1.0000000000,   0.0000000000,   0.0000000000,
                       0.0000000000,   1.0000000000,   0.0000000000,
                       0.0000000000,   0.0000000000,   1.0000000000
                  </Orientation>
               </HpDocklight03>
               <HpDocklight04>
                  <Position type="Vector">9.9544678, 8.5369825, 28.47398</Position>
                  <Orientation type="Matrix">
                       1.0000000000,   0.0000000000,   0.0000000000,
                       0.0000000000,   1.0000000000,   0.0000000000,
                       0.0000000000,   0.0000000000,   1.0000000000
                  </Orientation>
               </HpDocklight04>
               <HpShield01>
                  <Position type="Vector">0, -3, 0</Position>
                  <Orientation type="Matrix">
                       1.0000000000,   0.0000000000,   0.0000000000,
                       0.0000000000,   1.0000000000,   0.0000000000,
                       0.0000000000,   0.0000000000,   1.0000000000
                  </Orientation>
               </HpShield01>
               <HpNew01>
                  <Position type="Vector">0, -3, 0</Position>
                  <Orientation type="Matrix">
                       1.0000000000,   0.0000000000,   0.0000000000,
                       0.0000000000,   1.0000000000,   0.0000000000,
                       0.0000000000,   0.0000000000,   1.0000000000
                  </Orientation>
               </HpNew01>
               <HpNew02>
                  <Position type="Vector">0, -3, 0</Position>
                  <Orientation type="Matrix">
                       1.0000000000,   0.0000000000,   0.0000000000,
                       0.0000000000,   1.0000000000,   0.0000000000,
                       0.0000000000,   0.0000000000,   1.0000000000
                  </Orientation>
               </HpNew02>
               <HpNew03>
                  <Position type="Vector">0, -3, 0</Position>
                  <Orientation type="Matrix">
                       1.0000000000,   0.0000000000,   0.0000000000,
                       0.0000000000,   1.0000000000,   0.0000000000,
                       0.0000000000,   0.0000000000,   1.0000000000
                  </Orientation>
               </HpNew03>
               <HpNew04>
                  <Position type="Vector">0, -3, 0</Position>
                  <Orientation type="Matrix">
                       1.0000000000,   0.0000000000,   0.0000000000,
                       0.0000000000,   1.0000000000,   0.0000000000,
                       0.0000000000,   0.0000000000,   1.0000000000
                  </Orientation>
               </HpNew04>
               <HpNew05>
                  <Position type="Vector">0, -3, 0</Position>
                  <Orientation type="Matrix">
                       1.0000000000,   0.0000000000,   0.0000000000,
                       0.0000000000,   1.0000000000,   0.0000000000,
                       0.0000000000,   0.0000000000,   1.0000000000
                  </Orientation>
               </HpNew05>
               <HpShield02>
                  <Orientation type="Matrix">
                       1.0000000000,   0.0000000000,   0.0000000000,
                       0.0000000000,   1.0000000000,   0.0000000000,
                       0.0000000000,   0.0000000000,   1.0000000000
                  </Orientation>
                  <Position type="Vector">0, 0, 0</Position>
               </HpShield02>
               <HpShield03>
                  <Orientation type="Matrix">
                       1.0000000000,   0.0000000000,   0.0000000000,
                       0.0000000000,   1.0000000000,   0.0000000000,
                       0.0000000000,   0.0000000000,   1.0000000000
                  </Orientation>
                  <Position type="Vector">0, 0, 0</Position>
               </HpShield03>
               <HpNew06>
                  <Orientation type="Matrix">
                       1.0000000000,   0.0000000000,   0.0000000000,
                       0.0000000000,   1.0000000000,   0.0000000000,
                       0.0000000000,   0.0000000000,   1.0000000000
                  </Orientation>
                  <Position type="Vector">0, 0, 0</Position>
               </HpNew06>
               <HpNew07>
                  <Orientation type="Matrix">
                       1.0000000000,   0.0000000000,   0.0000000000,
                       0.0000000000,   1.0000000000,   0.0000000000,
                       0.0000000000,   0.0000000000,   1.0000000000
                  </Orientation>
                  <Position type="Vector">0, 0, 0</Position>
               </HpNew07>
               <HpNew08>
                  <Orientation type="Matrix">
                       1.0000000000,   0.0000000000,   0.0000000000,
                       0.0000000000,   1.0000000000,   0.0000000000,
                       0.0000000000,   0.0000000000,   1.0000000000
                  </Orientation>
                  <Position type="Vector">0, 0, 0</Position>
               </HpNew08>
               <HpNew09>
                  <Orientation type="Matrix">
                       1.0000000000,   0.0000000000,   0.0000000000,
                       0.0000000000,   1.0000000000,   0.0000000000,
                       0.0000000000,   0.0000000000,   1.0000000000
                  </Orientation>
                  <Position type="Vector">0, 0, 0</Position>
               </HpNew09>
               <HpNew10>
                  <Orientation type="Matrix">
                       1.0000000000,   0.0000000000,   0.0000000000,
                       0.0000000000,   1.0000000000,   0.0000000000,
                       0.0000000000,   0.0000000000,   1.0000000000
                  </Orientation>
                  <Position type="Vector">0, 0, 0</Position>
               </HpNew10>
            </Fixed>
            <Revolute>
               <HpTorpedo01>
                  <Position type="Vector">0.007301, -0.60072201, -36.427311</Position>
                  <Orientation type="Matrix">
                      -1.0000000000,  106.17260e-15, -325.84137e-09,
                       0.0000000000,  -1.0000000000, -325.84137e-09,
                     -325.84137e-09, -325.84137e-09,   1.0000000000
                  </Orientation>
                  <Axis type="Vector">0, 1, 0</Axis>
                  <Min type="float">-0.78539819</Min>
                  <Max type="float">0.78539819</Max>
               </HpTorpedo01>
               <HpTorpedo02>
                  <Position type="Vector">-0.47816899, -2.515461, -33.037663</Position>
                  <Orientation type="Matrix">
                      -0.9396928500,  -0.3420192900,   0.0000000000,
                       0.3420192900,  -0.9396928500,   0.0000000000,
                       0.0000000000,   0.0000000000,   1.0000000000
                  </Orientation>
                  <Axis type="Vector">0, 1, 0</Axis>
                  <Min type="float">-0.78539819</Min>
                  <Max type="float">0.78539819</Max>
               </HpTorpedo02>
               <HpTorpedo03>
                  <Position type="Vector">0.48124799, -2.5132909, -33.032089</Position>
                  <Orientation type="Matrix">
                      -0.9396925600,   0.3420201800,   0.0000000000,
                      -0.3420201800,  -0.9396925600,   0.0000000000,
                       0.0000000000,   0.0000000000,   1.0000000000
                  </Orientation>
                  <Axis type="Vector">0, 1, 0</Axis>
                  <Min type="float">-0.78539819</Min>
                  <Max type="float">0.78539819</Max>
               </HpTorpedo03>
               <HpTorpedo04>
                  <Position type="Vector">-3.418855, -2.0053141, -33.116329</Position>
                  <Orientation type="Matrix">
                      313.91644e-09,  -0.9999998800,   0.0000000000,
                       0.9999998800,  313.91644e-09,   0.0000000000,
                       0.0000000000,   0.0000000000,   1.0000000000
                  </Orientation>
                  <Axis type="Vector">0, 1, 0</Axis>
                  <Min type="float">-0.78539819</Min>
                  <Max type="float">0.78539819</Max>
               </HpTorpedo04>
               <HpTorpedo05>
                  <Position type="Vector">3.419956, -2.0034029, -33.10508</Position>
                  <Orientation type="Matrix">
                      313.91644e-09,   0.9999998800,   0.0000000000,
                      -0.9999998800,  313.91644e-09,   0.0000000000,
                       0.0000000000,   0.0000000000,   1.0000000000
                  </Orientation>
                  <Axis type="Vector">0, 1, 0</Axis>
                  <Min type="float">-0.78539819</Min>
                  <Max type="float">0.78539819</Max>
               </HpTorpedo05>
               <HpLaser01b>
                  <Position type="Vector">-0.79913098, 0.826074, -33.402477</Position>
                  <Orientation type="Matrix">
                       1.0000000000,   0.0000000000,   0.0000000000,
                       0.0000000000,   1.0000000000,   0.0000000000,
                       0.0000000000,   0.0000000000,   1.0000000000
                  </Orientation>
                  <Axis type="Vector">0, 1, 0</Axis>
                  <Min type="float">-0.78539819</Min>
                  <Max type="float">0.78539819</Max>
               </HpLaser01b>
               <HpLaser02b>
                  <Position type="Vector">0.76561803, 0.82832497, -33.402477</Position>
                  <Orientation type="Matrix">
                       1.0000000000,   0.0000000000,   0.0000000000,
                       0.0000000000,   1.0000000000,   0.0000000000,
                       0.0000000000,   0.0000000000,   1.0000000000
                  </Orientation>
                  <Axis type="Vector">0, 1, 0</Axis>
                  <Min type="float">-0.78539819</Min>
                  <Max type="float">0.78539819</Max>
               </HpLaser02b>
               <HpTurret01>
                  <Position type="Vector">-16.774452, -3.8880489, 40.949245</Position>
                  <Orientation type="Matrix">
                      -0.0135456920,  -0.2584645200,   0.9659258100,
                       0.0505527520,   0.9646022300,   0.2588192500,
                      -0.9986298100,   0.0523360890, -91.004949e-09
                  </Orientation>
                  <Axis type="Vector">0, 1, 0</Axis>
                  <Min type="float">-1.5707964</Min>
                  <Max type="float">3.1415927</Max>
               </HpTurret01>
               <HpTurret02>
                  <Position type="Vector">16.767651, -3.888732, 40.981274</Position>
                  <Orientation type="Matrix">
                      -0.0135455690,   0.2584645700,  -0.9659258100,
                      -0.0505526180,   0.9646021700,   0.2588191900,
                       0.9986298100,   0.0523359400, -11.641532e-09
                  </Orientation>
                  <Axis type="Vector">0, 1, 0</Axis>
                  <Min type="float">-3.1415927</Min>
                  <Max type="float">1.5707964</Max>
               </HpTurret02>
               <HpTurret03>
                  <Position type="Vector">-16.54635, -4.6974211, 40.928848</Position>
                  <Orientation type="Matrix">
                       0.0135457330,   0.2584643400,   0.9659256900,
                      -0.0505526360,  -0.9646019900,   0.2588191000,
                       0.9986294500,  -0.0523359890, -162.16654e-09
                  </Orientation>
                  <Axis type="Vector">0, 1, 0</Axis>
                  <Min type="float">-3.1415927</Min>
                  <Max type="float">1.5707964</Max>
               </HpTurret03>
               <HpTurret04>
                  <Position type="Vector">16.566669, -4.7028651, 40.922794</Position>
                  <Orientation type="Matrix">
                       0.0135455910,  -0.2584643100,  -0.9659257500,
                       0.0505527560,  -0.9646019300,   0.2588189800,
                      -0.9986296300,  -0.0523360560, -22.351742e-09
                  </Orientation>
                  <Axis type="Vector">0, 1, 0</Axis>
                  <Min type="float">-1.5707964</Min>
                  <Max type="float">3.1415927</Max>
               </HpTurret04>
               <HpTurret05>
                  <Position type="Vector">-5.62217, -3.7983191, 11.243525</Position>
                  <Orientation type="Matrix">
                       0.0861749350,  -0.7018356300,  -0.7071066500,
                       0.0861747260,  -0.7018356300,   0.7071064700,
                      -0.9925458400,  -0.1218693300,  70.780516e-09
                  </Orientation>
                  <Axis type="Vector">0, 1, 0</Axis>
                  <Min type="float">-1.5707964</Min>
                  <Max type="float">1.5707964</Max>
               </HpTurret05>
               <HpTurret06>
                  <Position type="Vector">5.6029768, -3.8155501, 11.25189</Position>
                  <Orientation type="Matrix">
                       0.0861750540,   0.7018356900,   0.7071065900,
                      -0.0861747260,  -0.7018356900,   0.7071064700,
                       0.9925457800,  -0.1218694300, -124.79722e-09
                  </Orientation>
                  <Axis type="Vector">0, 1, 0</Axis>
                  <Min type="float">-1.5707964</Min>
                  <Max type="float">1.5707964</Max>
               </HpTurret06>
               <HpTurret07>
                  <Position type="Vector">-2.2992189, -6.735106, 11.169549</Position>
                  <Orientation type="Matrix">
                       0.0861749350,  -0.7018356300,  -0.7071066500,
                       0.0861747260,  -0.7018356300,   0.7071064700,
                      -0.9925458400,  -0.1218693300,  70.780516e-09
                  </Orientation>
                  <Axis type="Vector">0, 1, 0</Axis>
                  <Min type="float">-1.5707964</Min>
                  <Max type="float">1.5707964</Max>
               </HpTurret07>
               <HpTurret08>
                  <Position type="Vector">2.291126, -6.7409039, 11.165244</Position>
                  <Orientation type="Matrix">
                       0.0861750540,   0.7018356900,   0.7071065900,
                      -0.0861747260,  -0.7018356900,   0.7071064700,
                       0.9925457800,  -0.1218694300, -124.79722e-09
                  </Orientation>
                  <Axis type="Vector">0, 1, 0</Axis>
                  <Min type="float">-1.5707964</Min>
                  <Max type="float">1.5707964</Max>
               </HpTurret08>
               <HpTurret09>
                  <Position type="Vector">-9.9064703, 8.5974264, 27.666712</Position>
                  <Orientation type="Matrix">
                       0.7660445000,  -0.6403415200,  -0.0560226890,
                       0.6427875800,   0.7631295900,   0.0667651300,
                     -29.802322e-09,  -0.0871556400,   0.9961947200
                  </Orientation>
                  <Axis type="Vector">0, 1, 0</Axis>
                  <Min type="float">-3.1415927</Min>
                  <Max type="float">3.1415927</Max>
               </HpTurret09>
               <HpTurret10>
                  <Position type="Vector">9.9121304, 8.5935583, 27.678761</Position>
                  <Orientation type="Matrix">
                       0.7660445600,   0.6403414600,   0.0560226440,
                      -0.6427873400,   0.7631295900,   0.0667651670,
                     -29.802322e-09,  -0.0871557370,   0.9961947800
                  </Orientation>
                  <Axis type="Vector">0, 1, 0</Axis>
                  <Min type="float">-3.1415927</Min>
                  <Max type="float">3.1415927</Max>
               </HpTurret10>
               <HpTurret11>
                  <Position type="Vector">-3.563257, -4.8765602, 6.6267071</Position>
                  <Orientation type="Matrix">
                       0.0949160460,  -0.6753610400,  -0.7313538800,
                       0.1017845900,  -0.7242363700,   0.6819981300,
                      -0.9902682300,  -0.1391729100, -216.06684e-09
                  </Orientation>
                  <Axis type="Vector">0, 1, 0</Axis>
                  <Min type="float">-1.5707964</Min>
                  <Max type="float">1.5707964</Max>
               </HpTurret11>
               <HpTurret12>
                  <Position type="Vector">3.5423839, -4.893826, 6.6234579</Position>
                  <Orientation type="Matrix">
                       0.0949162170,   0.6753610400,   0.7313537600,
                      -0.1017846200,  -0.7242363100,   0.6819983100,
                       0.9902679900,  -0.1391732200, -363.21580e-09
                  </Orientation>
                  <Axis type="Vector">0, 1, 0</Axis>
                  <Min type="float">-1.5707964</Min>
                  <Max type="float">1.5707964</Max>
               </HpTurret12>
               <HpTurret13>
                  <Position type="Vector">-7.492146, 1.349697, 15.691205</Position>
                  <Orientation type="Matrix">
                       0.0560227480,  -0.6403416400,   0.7660440200,
                      -0.0667651590,   0.7631292300,   0.6427875800,
                      -0.9961946000,  -0.0871558110,  74.505806e-09
                  </Orientation>
                  <Axis type="Vector">0, 1, 0</Axis>
                  <Min type="float">-3.1415927</Min>
                  <Max type="float">1.5707964</Max>
               </HpTurret13>
               <HpTurret14>
                  <Position type="Vector">7.4906511, 1.3507251, 15.695082</Position>
                  <Orientation type="Matrix">
                       0.0560226370,   0.6403416400,  -0.7660440800,
                       0.0667651970,   0.7631292900,   0.6427876400,
                       0.9961946000,  -0.0871557590, -25.145710e-09
                  </Orientation>
                  <Axis type="Vector">0, 1, 0</Axis>
                  <Min type="float">-1.5707964</Min>
                  <Max type="float">3.1415927</Max>
               </HpTurret14>
               <HpTurret15>
                  <Position type="Vector">-7.3429122, 0.27358201, 5.0313978</Position>
                  <Orientation type="Matrix">
                       0.0560227480,  -0.6403416400,   0.7660440200,
                      -0.0667651590,   0.7631292300,   0.6427875800,
                      -0.9961946000,  -0.0871558110,  74.505806e-09
                  </Orientation>
                  <Axis type="Vector">0, 1, 0</Axis>
                  <Min type="float">-3.1415927</Min>
                  <Max type="float">1.5707964</Max>
               </HpTurret15>
               <HpTurret16>
                  <Position type="Vector">7.3425012, 0.273343, 5.0312099</Position>
                  <Orientation type="Matrix">
                       0.0560226370,   0.6403416400,  -0.7660440800,
                       0.0667651970,   0.7631292900,   0.6427876400,
                       0.9961946000,  -0.0871557590, -25.145710e-09
                  </Orientation>
                  <Axis type="Vector">0, 1, 0</Axis>
                  <Min type="float">-1.5707964</Min>
                  <Max type="float">3.1415927</Max>
               </HpTurret16>
               <HpTurret17>
                  <Position type="Vector">-6.2779398, 1.1809601, 5.0321598</Position>
                  <Orientation type="Matrix">
                      -0.0560224350,  -0.6403414000,  -0.7660445000,
                       0.0667651740,   0.7631294700,  -0.6427875200,
                       0.9961946000,  -0.0871556400,  134.11045e-09
                  </Orientation>
                  <Axis type="Vector">0, 1, 0</Axis>
                  <Min type="float">-0.61086524</Min>
                  <Max type="float">1.5707964</Max>
               </HpTurret17>
               <HpTurret18>
                  <Position type="Vector">6.2709031, 1.1863, 5.0325899</Position>
                  <Orientation type="Matrix">
                      -0.0560225840,   0.6403414600,   0.7660444400,
                      -0.0667651890,   0.7631293500,  -0.6427875200,
                      -0.9961945400,  -0.0871557890,  52.154064e-09
                  </Orientation>
                  <Axis type="Vector">0, 1, 0</Axis>
                  <Min type="float">-1.5707964</Min>
                  <Max type="float">0.61086524</Max>
               </HpTurret18>
               <HpTorpedo06>
                  <Axis type="Vector">0, 1, 0</Axis>
                  <Max type="float">0.78539819</Max>
                  <Min type="float">-0.78539819</Min>
                  <Orientation type="Matrix">
                       0.9396926200,  -0.3420200900,  -0.0000000000,
                       0.3420200900,   0.9396926200,   0.0000000000,
                       0.0000000000,  -0.0000000000,   1.0000000000
                  </Orientation>
                  <Position type="Vector">-0.90633398, 1.168457, -32.713116</Position>
               </HpTorpedo06>
               <HpTorpedo07>
                  <Axis type="Vector">0, 1, 0</Axis>
                  <Max type="float">0.78539819</Max>
                  <Min type="float">-0.78539819</Min>
                  <Orientation type="Matrix">
                       0.9396926200,   0.3420200900,   0.0000000000,
                      -0.3420200900,   0.9396926200,   0.0000000000,
                       0.0000000000,   0.0000000000,   1.0000000000
                  </Orientation>
                  <Position type="Vector">0.88843799, 1.174391, -32.721642</Position>
               </HpTorpedo07>
               <HpTurret19>
                  <Axis type="Vector">0, 1, 0</Axis>
                  <Max type="float">2.1816616</Max>
                  <Min type="float">-2.1816616</Min>
                  <Orientation type="Matrix">
                       0.7660445000,  -0.6419066200,  -0.0336409060,
                       0.6427875800,   0.7649946200,   0.0400916750,
                     -1.8626451e-09,  -0.0523359590,   0.9986295100
                  </Orientation>
                  <Position type="Vector">-5.5900989, 0.55145401, -5.7979989</Position>
               </HpTurret19>
               <HpTurret20>
                  <Axis type="Vector">0, 1, 0</Axis>
                  <Max type="float">2.1816616</Max>
                  <Min type="float">-2.1816616</Min>
                  <Orientation type="Matrix">
                       0.7660445000,   0.6419066200,   0.0336409060,
                      -0.6427875800,   0.7649946200,   0.0400916750,
                      1.8626451e-09,  -0.0523359590,   0.9986295100
                  </Orientation>
                  <Position type="Vector">5.5982008, 0.54356599, -5.806479</Position>
               </HpTurret20>
            </Revolute>
         </Hardpoints>
      </Terminus220223191755.3db>
   </UTF_ROOT>
</UTFXML>
