<?xml version="1.0" encoding="ISO-8859-1"?>
<!-- XML generated by UTFXML Version 2.2 built 19-Aug-2010 -->
<UTFXML filename="Victory_Destroyer.cmp" path="SHIPS\new\Scifi">
   <UTF_ROOT>
      <VMeshLibrary>
         <victory_destroyer.lod0-112.vms include="Victory_Destroyer_cmp\lod0-112.vms.xml"/>
      </VMeshLibrary>
      <Exporter_Version name="Exporter Version" type="text">Export</Exporter_Version>
      <Cmpnd>
         <Root>
            <Object_name name="Object name" type="text">Root</Object_name>
            <Index type="int">0</Index>
            <File_name name="File name" type="text">Victory_Destroyer220218145307.3db</File_name>
         </Root>
      </Cmpnd>
      <Victory_Destroyer220218145307.3db>
         <VMeshPart>
            <VMeshRef type="VMeshRef">
               <!-- header size  --> 60,
               <!-- vmesh lib    --> victory_destroyer.lod0-112.vms,
               <!-- start vert   --> 0,
               <!-- num verts    --> 14119,
               <!-- start index  --> 0,
               <!-- num indices  --> 52530,
               <!-- start mesh   --> 0,
               <!-- num meshes   --> 2,
               <!-- bounding box -->  96.455437,    69.672447,  158.78111,
                                     -96.826927,   -31.519783, -145.21387,
               <!-- center       -->  -0.18574524,  19.076332,    6.7836227,
               <!-- radius       --> 158.99109
            </VMeshRef>
         </VMeshPart>
         <VMeshWire include="Victory_Destroyer_cmp\Victory_Destroyer.vwd.xml"/>
         <Hardpoints>
            <Fixed>
               <HpMount>
                  <Position type="Vector">0, -35, -95</Position>
                  <Orientation type="Matrix">
                       1.0000000000,   0.0000000000,   0.0000000000,
                       0.0000000000,   1.0000000000,   0.0000000000,
                       0.0000000000,   0.0000000000,   1.0000000000
                  </Orientation>
               </HpMount>
               <HpBayDoor01>
                  <Position type="Vector">0, -40, 0</Position>
                  <Orientation type="Matrix">
                       1.0000000000,   0.0000000000,   0.0000000000,
                       0.0000000000,   1.0000000000,   0.0000000000,
                       0.0000000000,   0.0000000000,   1.0000000000
                  </Orientation>
               </HpBayDoor01>
               <HpBayDoor02>
                  <Position type="Vector">0, -50, 0</Position>
                  <Orientation type="Matrix">
                       1.0000000000,   0.0000000000,   0.0000000000,
                       0.0000000000,   1.0000000000,   0.0000000000,
                       0.0000000000,   0.0000000000,   1.0000000000
                  </Orientation>
               </HpBayDoor02>
               <HpCloak01>
                  <Position type="Vector">0, 0, 15</Position>
                  <Orientation type="Matrix">
                       1.0000000000,   0.0000000000,   0.0000000000,
                       0.0000000000,   1.0000000000,   0.0000000000,
                       0.0000000000,   0.0000000000,   1.0000000000
                  </Orientation>
               </HpCloak01>
               <HpFX01>
                  <Position type="Vector">0, 0, 0</Position>
                  <Orientation type="Matrix">
                       1.0000000000,   0.0000000000,   0.0000000000,
                       0.0000000000,   1.0000000000,   0.0000000000,
                       0.0000000000,   0.0000000000,   1.0000000000
                  </Orientation>
               </HpFX01>
               <HpFX02>
                  <Position type="Vector">0, 0, 0</Position>
                  <Orientation type="Matrix">
                      313.91644e-09,   0.9999998800,   0.0000000000,
                      -0.9999998800,  313.91644e-09,   0.0000000000,
                       0.0000000000,   0.0000000000,   1.0000000000
                  </Orientation>
               </HpFX02>
               <HpFX03>
                  <Position type="Vector">0, 0, 0</Position>
                  <Orientation type="Matrix">
                       1.0000000000,   0.0000000000,   0.0000000000,
                       0.0000000000,  313.91644e-09,   0.9999998800,
                       0.0000000000,  -0.9999998800,  313.91644e-09
                  </Orientation>
               </HpFX03>
               <HpFX04>
                  <Position type="Vector">0, 0, 0</Position>
                  <Orientation type="Matrix">
                       1.0000000000,   0.0000000000,   0.0000000000,
                       0.0000000000,   1.0000000000,   0.0000000000,
                       0.0000000000,   0.0000000000,   1.0000000000
                  </Orientation>
               </HpFX04>
               <HpFX05>
                  <Position type="Vector">0, 0, 0</Position>
                  <Orientation type="Matrix">
                       1.0000000000,   0.0000000000,   0.0000000000,
                       0.0000000000,   1.0000000000,   0.0000000000,
                       0.0000000000,   0.0000000000,   1.0000000000
                  </Orientation>
               </HpFX05>
               <HpFX06>
                  <Position type="Vector">0, 0, 0</Position>
                  <Orientation type="Matrix">
                       1.0000000000,   0.0000000000,   0.0000000000,
                       0.0000000000,   1.0000000000,   0.0000000000,
                       0.0000000000,   0.0000000000,   1.0000000000
                  </Orientation>
               </HpFX06>
               <HpFX07>
                  <Position type="Vector">0, 0, 0</Position>
                  <Orientation type="Matrix">
                       1.0000000000,   0.0000000000,   0.0000000000,
                       0.0000000000,   1.0000000000,   0.0000000000,
                       0.0000000000,   0.0000000000,   1.0000000000
                  </Orientation>
               </HpFX07>
               <HpShield01>
                  <Position type="Vector">0, 0, 0</Position>
                  <Orientation type="Matrix">
                       1.0000000000,   0.0000000000,   0.0000000000,
                       0.0000000000,   1.0000000000,   0.0000000000,
                       0.0000000000,   0.0000000000,   1.0000000000
                  </Orientation>
               </HpShield01>
               <HpShield02>
                  <Position type="Vector">0, 0, 0</Position>
                  <Orientation type="Matrix">
                       1.0000000000,   0.0000000000,   0.0000000000,
                       0.0000000000,   1.0000000000,   0.0000000000,
                       0.0000000000,   0.0000000000,   1.0000000000
                  </Orientation>
               </HpShield02>
               <HpShield03>
                  <Position type="Vector">0, 0, 0</Position>
                  <Orientation type="Matrix">
                       1.0000000000,   0.0000000000,   0.0000000000,
                       0.0000000000,   1.0000000000,   0.0000000000,
                       0.0000000000,   0.0000000000,   1.0000000000
                  </Orientation>
               </HpShield03>
               <HpTractor_Source>
                  <Position type="Vector">-0.415198, 1.640491, -145.2095</Position>
                  <Orientation type="Matrix">
                       1.0000000000,   0.0000000000,   0.0000000000,
                       0.0000000000,   1.0000000000,   0.0000000000,
                       0.0000000000,   0.0000000000,   1.0000000000
                  </Orientation>
               </HpTractor_Source>
               <HpEngine01>
                  <Position type="Vector">-21.838465, -0.92832798, 132.31047</Position>
                  <Orientation type="Matrix">
                       1.0000000000,   0.0000000000,   0.0000000000,
                       0.0000000000,   1.0000000000,   0.0000000000,
                       0.0000000000,   0.0000000000,   1.0000000000
                  </Orientation>
               </HpEngine01>
               <HpEngine02>
                  <Position type="Vector">21.20191, -0.91535801, 131.93896</Position>
                  <Orientation type="Matrix">
                       1.0000000000,   0.0000000000,   0.0000000000,
                       0.0000000000,   1.0000000000,   0.0000000000,
                       0.0000000000,   0.0000000000,   1.0000000000
                  </Orientation>
               </HpEngine02>
               <HpCM01>
                  <Position type="Vector">-0.41999099, -31.494614, 146.07401</Position>
                  <Orientation type="Matrix">
                      -1.0000000000,  186.89494e-09, -266.91362e-09,
                     -1.7763568e-15,  -0.8191520600,  -0.5735764500,
                     -325.84134e-09,  -0.5735764500,   0.8191520600
                  </Orientation>
               </HpCM01>
               <HpRunningLight01>
                  <Position type="Vector">-9.7340488, 69.672447, 102.48428</Position>
                  <Orientation type="Matrix">
                       1.0000000000,   0.0000000000,   0.0000000000,
                       0.0000000000,   1.0000000000,   0.0000000000,
                       0.0000000000,   0.0000000000,   1.0000000000
                  </Orientation>
               </HpRunningLight01>
               <HpRunningLight02>
                  <Position type="Vector">8.8490076, 69.579613, 102.48551</Position>
                  <Orientation type="Matrix">
                       1.0000000000,   0.0000000000,   0.0000000000,
                       0.0000000000,   1.0000000000,   0.0000000000,
                       0.0000000000,   0.0000000000,   1.0000000000
                  </Orientation>
               </HpRunningLight02>
               <HpRunningLight03>
                  <Position type="Vector">-13.639672, 46.068405, 73.355057</Position>
                  <Orientation type="Matrix">
                       1.0000000000,   0.0000000000,   0.0000000000,
                       0.0000000000,   1.0000000000,   0.0000000000,
                       0.0000000000,   0.0000000000,   1.0000000000
                  </Orientation>
               </HpRunningLight03>
               <HpRunningLight04>
                  <Position type="Vector">12.809573, 46.077744, 73.355057</Position>
                  <Orientation type="Matrix">
                       1.0000000000,   0.0000000000,   0.0000000000,
                       0.0000000000,   1.0000000000,   0.0000000000,
                       0.0000000000,   0.0000000000,   1.0000000000
                  </Orientation>
               </HpRunningLight04>
               <HpDocklight01>
                  <Position type="Vector">-95.889175, 2.8351581, 101.23423</Position>
                  <Orientation type="Matrix">
                       1.0000000000,   0.0000000000,   0.0000000000,
                       0.0000000000,   1.0000000000,   0.0000000000,
                       0.0000000000,   0.0000000000,   1.0000000000
                  </Orientation>
               </HpDocklight01>
               <HpDocklight02>
                  <Position type="Vector">95.427994, 2.788501, 101.23936</Position>
                  <Orientation type="Matrix">
                       1.0000000000,   0.0000000000,   0.0000000000,
                       0.0000000000,   1.0000000000,   0.0000000000,
                       0.0000000000,   0.0000000000,   1.0000000000
                  </Orientation>
               </HpDocklight02>
               <HpDocklight03>
                  <Position type="Vector">-0.36475301, 62.37907, 128.04109</Position>
                  <Orientation type="Matrix">
                       1.0000000000,   0.0000000000,   0.0000000000,
                       0.0000000000,   1.0000000000,   0.0000000000,
                       0.0000000000,   0.0000000000,   1.0000000000
                  </Orientation>
               </HpDocklight03>
            </Fixed>
            <Revolute>
               <HpTorpedo01>
                  <Position type="Vector">-0.41161701, -4.4949861, -138.00348</Position>
                  <Orientation type="Matrix">
                      -1.0000000000,  106.17260e-15, -325.84137e-09,
                       0.0000000000,  -1.0000000000, -325.84137e-09,
                     -325.84137e-09, -325.84137e-09,   1.0000000000
                  </Orientation>
                  <Axis type="Vector">0, 1, 0</Axis>
                  <Min type="float">-0.78539819</Min>
                  <Max type="float">0.78539819</Max>
               </HpTorpedo01>
               <HpTurret01>
                  <Position type="Vector">-63.713428, 7.2169781, 66.26384</Position>
                  <Orientation type="Matrix">
                       0.0121129420,  -0.1732252800,   0.9848076100,
                      -0.0686966850,   0.9824085800,   0.1736482800,
                      -0.9975640800,  -0.0697564480, -175.84534e-09
                  </Orientation>
                  <Axis type="Vector">0, 1, 0</Axis>
                  <Min type="float">-1.5707964</Min>
                  <Max type="float">1.5707964</Max>
               </HpTurret01>
               <HpTurret02>
                  <Position type="Vector">63.21, 7.1773801, 66.336784</Position>
                  <Orientation type="Matrix">
                       0.0121130500,   0.1732252800,  -0.9848076100,
                       0.0686967070,   0.9824086400,   0.1736483000,
                       0.9975639600,  -0.0697564480, -36.729034e-09
                  </Orientation>
                  <Axis type="Vector">0, 1, 0</Axis>
                  <Min type="float">-1.5707964</Min>
                  <Max type="float">1.5707964</Max>
               </HpTurret02>
               <HpTurret03>
                  <Position type="Vector">-63.707924, -8.5170641, 66.278534</Position>
                  <Orientation type="Matrix">
                      -0.0121129830,  -0.1732251600,   0.9848077300,
                      -0.0686967520,  -0.9824087000,  -0.1736481600,
                       0.9975642000,  -0.0697564630, -201.16568e-09
                  </Orientation>
                  <Axis type="Vector">0, 1, 0</Axis>
                  <Min type="float">-1.5707964</Min>
                  <Max type="float">1.5707964</Max>
               </HpTurret03>
               <HpTurret04>
                  <Position type="Vector">63.262177, -8.5703802, 66.350296</Position>
                  <Orientation type="Matrix">
                      -0.0121131400,   0.1732252100,  -0.9848077300,
                       0.0686967070,  -0.9824086400,  -0.1736482400,
                      -0.9975640800,  -0.0697564710,  22.351742e-09
                  </Orientation>
                  <Axis type="Vector">0, 1, 0</Axis>
                  <Min type="float">-1.5707964</Min>
                  <Max type="float">1.5707964</Max>
               </HpTurret04>
               <HpTurret05>
                  <Position type="Vector">-28.500671, 50.613308, 103.34742</Position>
                  <Orientation type="Matrix">
                     -29.802322e-09,  -0.9999997600,  238.41858e-09,
                     -29.802322e-09,  89.406967e-09,  -0.9999997000,
                       0.9999998800, -357.62787e-09,  163.91277e-09
                  </Orientation>
                  <Axis type="Vector">0, 1, 0</Axis>
                  <Min type="float">-1.5707964</Min>
                  <Max type="float">1.5707964</Max>
               </HpTurret05>
               <HpTurret06>
                  <Position type="Vector">27.678152, 50.570538, 103.41235</Position>
                  <Orientation type="Matrix">
                      29.802322e-09,   0.9999997600, -268.22090e-09,
                       0.0000000000, -89.406967e-09,  -0.9999997600,
                      -0.9999995800, -119.20929e-09,  208.61626e-09
                  </Orientation>
                  <Axis type="Vector">0, 1, 0</Axis>
                  <Min type="float">-1.5707964</Min>
                  <Max type="float">1.5707964</Max>
               </HpTurret06>
               <HpTurret07>
                  <Position type="Vector">-28.978476, 51.819889, 113.68676</Position>
                  <Orientation type="Matrix">
                     -29.802322e-09,  -0.9999997600,  238.41858e-09,
                     -29.802322e-09,  89.406967e-09,  -0.9999997000,
                       0.9999998800, -357.62787e-09,  163.91277e-09
                  </Orientation>
                  <Axis type="Vector">0, 1, 0</Axis>
                  <Min type="float">-1.5707964</Min>
                  <Max type="float">1.5707964</Max>
               </HpTurret07>
               <HpTurret08>
                  <Position type="Vector">28.147427, 51.7812, 113.7326</Position>
                  <Orientation type="Matrix">
                      29.802322e-09,   0.9999997600, -268.22090e-09,
                       0.0000000000, -89.406967e-09,  -0.9999997600,
                      -0.9999995800, -119.20929e-09,  208.61626e-09
                  </Orientation>
                  <Axis type="Vector">0, 1, 0</Axis>
                  <Min type="float">-1.5707964</Min>
                  <Max type="float">1.5707964</Max>
               </HpTurret08>
               <HpTurret09>
                  <Position type="Vector">-73.414307, 7.252872, 94.539482</Position>
                  <Orientation type="Matrix">
                       0.0121129420,  -0.1732252800,   0.9848076100,
                      -0.0686966850,   0.9824085800,   0.1736482800,
                      -0.9975640800,  -0.0697564480, -175.84534e-09
                  </Orientation>
                  <Axis type="Vector">0, 1, 0</Axis>
                  <Min type="float">-1.5707964</Min>
                  <Max type="float">1.5707964</Max>
               </HpTurret09>
               <HpTurret10>
                  <Position type="Vector">73.024529, 7.1928682, 94.55986</Position>
                  <Orientation type="Matrix">
                       0.0121130500,   0.1732252800,  -0.9848076100,
                       0.0686967070,   0.9824086400,   0.1736483000,
                       0.9975639600,  -0.0697564480, -36.729034e-09
                  </Orientation>
                  <Axis type="Vector">0, 1, 0</Axis>
                  <Min type="float">-1.5707964</Min>
                  <Max type="float">1.5707964</Max>
               </HpTurret10>
               <HpTurret11>
                  <Position type="Vector">-73.447426, -8.55725, 94.565269</Position>
                  <Orientation type="Matrix">
                      -0.0121129830,  -0.1732251600,   0.9848077300,
                      -0.0686967520,  -0.9824087000,  -0.1736481600,
                       0.9975642000,  -0.0697564630, -201.16568e-09
                  </Orientation>
                  <Axis type="Vector">0, 1, 0</Axis>
                  <Min type="float">-1.5707964</Min>
                  <Max type="float">1.5707964</Max>
               </HpTurret11>
               <HpTurret12>
                  <Position type="Vector">73.012238, -8.5999699, 94.59063</Position>
                  <Orientation type="Matrix">
                      -0.0121131400,   0.1732252100,  -0.9848077300,
                       0.0686967070,  -0.9824086400,  -0.1736482400,
                      -0.9975640800,  -0.0697564710,  22.351742e-09
                  </Orientation>
                  <Axis type="Vector">0, 1, 0</Axis>
                  <Min type="float">-1.5707964</Min>
                  <Max type="float">1.5707964</Max>
               </HpTurret12>
               <HpTurret13>
                  <Position type="Vector">-54.141396, 7.163713, 38.215355</Position>
                  <Orientation type="Matrix">
                       0.0121129420,  -0.1732252800,   0.9848076100,
                      -0.0686966850,   0.9824085800,   0.1736482800,
                      -0.9975640800,  -0.0697564480, -175.84534e-09
                  </Orientation>
                  <Axis type="Vector">0, 1, 0</Axis>
                  <Min type="float">-1.5707964</Min>
                  <Max type="float">1.5707964</Max>
               </HpTurret13>
               <HpTurret14>
                  <Position type="Vector">53.623352, 7.129941, 38.254704</Position>
                  <Orientation type="Matrix">
                       0.0121130500,   0.1732252800,  -0.9848076100,
                       0.0686967070,   0.9824086400,   0.1736483000,
                       0.9975639600,  -0.0697564480, -36.729034e-09
                  </Orientation>
                  <Axis type="Vector">0, 1, 0</Axis>
                  <Min type="float">-1.5707964</Min>
                  <Max type="float">1.5707964</Max>
               </HpTurret14>
               <HpTurret15>
                  <Position type="Vector">-54.111732, -8.4749832, 38.248226</Position>
                  <Orientation type="Matrix">
                      -0.0121129830,  -0.1732251600,   0.9848077300,
                      -0.0686967520,  -0.9824087000,  -0.1736481600,
                       0.9975642000,  -0.0697564630, -201.16568e-09
                  </Orientation>
                  <Axis type="Vector">0, 1, 0</Axis>
                  <Min type="float">-1.5707964</Min>
                  <Max type="float">1.5707964</Max>
               </HpTurret15>
               <HpTurret16>
                  <Position type="Vector">53.644253, -8.5274153, 38.234066</Position>
                  <Orientation type="Matrix">
                      -0.0121131400,   0.1732252100,  -0.9848077300,
                       0.0686967070,  -0.9824086400,  -0.1736482400,
                      -0.9975640800,  -0.0697564710,  22.351742e-09
                  </Orientation>
                  <Axis type="Vector">0, 1, 0</Axis>
                  <Min type="float">-1.5707964</Min>
                  <Max type="float">1.5707964</Max>
               </HpTurret16>
               <HpTurret17>
                  <Position type="Vector">-0.454339, -27.10512, 68.257454</Position>
                  <Orientation type="Matrix">
                      -1.0000000000,  45.348401e-09, -322.67033e-09,
                      10.658141e-15,  -0.9902684700,  -0.1391732100,
                     -325.84148e-09,  -0.1391732200,   0.9902682300
                  </Orientation>
                  <Axis type="Vector">0, 1, 0</Axis>
                  <Min type="float">-3.1415927</Min>
                  <Max type="float">3.1415927</Max>
               </HpTurret17>
               <HpTurret18>
                  <Position type="Vector">-0.181611, 35.143448, 54.144905</Position>
                  <Orientation type="Matrix">
                       1.0000000000,   0.0000000000,   0.0000000000,
                       0.0000000000,   0.9961947200,   0.0871557220,
                       0.0000000000,  -0.0871557220,   0.9961947200
                  </Orientation>
                  <Axis type="Vector">0, 1, 0</Axis>
                  <Min type="float">-1.5707964</Min>
                  <Max type="float">1.5707964</Max>
               </HpTurret18>
               <HpGun01>
                  <Axis type="Vector">0, 1, 0</Axis>
                  <Max type="float">0</Max>
                  <Min type="float">0</Min>
                  <Orientation type="Matrix">
                       1.0000000000,   0.0000000000,   0.0000000000,
                       0.0000000000,   1.0000000000,   0.0000000000,
                       0.0000000000,   0.0000000000,   1.0000000000
                  </Orientation>
                  <Position type="Vector">-0.425634, 7.0520768, -100.92703</Position>
               </HpGun01>
               <HpGun02>
                  <Axis type="Vector">0, 1, 0</Axis>
                  <Max type="float">0</Max>
                  <Min type="float">0</Min>
                  <Orientation type="Matrix">
                      -1.0000000000, -87.422777e-09,   0.0000000000,
                      87.422777e-09,  -1.0000000000,  -0.0000000000,
                       0.0000000000,   0.0000000000,   1.0000000000
                  </Orientation>
                  <Position type="Vector">-0.41286999, -8.4573135, -104.44478</Position>
               </HpGun02>
            </Revolute>
         </Hardpoints>
      </Victory_Destroyer220218145307.3db>
   </UTF_ROOT>
</UTFXML>
