<?xml version="1.0" encoding="ISO-8859-1"?>
<!-- XML generated by UTFXML Version 2.2 built 19-Aug-2010 -->
<UTFXML filename="Alies_battleship.cmp" path="SHIPS\Alies">
   <UTF_ROOT>
      <VMeshLibrary>
         <Tiamat01.lod0.vms include="Alies_battleship_cmp\lod0.vms.xml"/>
      </VMeshLibrary>
      <Cmpnd>
         <Root>
            <File_name name="File name" type="text">Tiamat01.3db</File_name>
            <Index type="int">0</Index>
            <Object_name name="Object name" type="text">Root</Object_name>
         </Root>
      </Cmpnd>
      <Tiamat01.3db>
         <Hardpoints>
            <Fixed>
               <HpEngine01>
                  <Orientation type="Matrix">
                       1.0000000000,   0.0000000000,   0.0000000000,
                       0.0000000000,   1.0000000000,   0.0000000000,
                       0.0000000000,   0.0000000000,   1.0000000000
                  </Orientation>
                  <Position type="Vector">0, 0, 91</Position>
               </HpEngine01>
               <HpMount>
                  <Orientation type="Matrix">
                       1.0000000000,   0.0000000000,   0.0000000000,
                       0.0000000000,   1.0000000000,   0.0000000000,
                       0.0000000000,   0.0000000000,   1.0000000000
                  </Orientation>
                  <Position type="Vector">0, -55, 0</Position>
               </HpMount>
               <HpShield01>
                  <Orientation type="Matrix">
                       1.0000000000,   0.0000000000,   0.0000000000,
                       0.0000000000,   1.0000000000,   0.0000000000,
                       0.0000000000,   0.0000000000,   1.0000000000
                  </Orientation>
                  <Position type="Vector">0, 0, 0</Position>
               </HpShield01>
               <HpCM01>
                  <Orientation type="Matrix">
                      -0.9659259900,  -0.2588190100,   0.0000000000,
                       0.2588190100,  -0.9659259900,   0.0000000000,
                       0.0000000000,   0.0000000000,   1.0000000000
                  </Orientation>
                  <Position type="Vector">5, -22.6, 70</Position>
               </HpCM01>
               <HpMine01>
                  <Orientation type="Matrix">
                      -0.9659259900,   0.2588190100,   0.0000000000,
                      -0.2588190100,  -0.9659259900,   0.0000000000,
                       0.0000000000,   0.0000000000,   1.0000000000
                  </Orientation>
                  <Position type="Vector">-5, -22.6, 70</Position>
               </HpMine01>
               <Hpxx01>
                  <Orientation type="Matrix">
                       1.0000000000,   0.0000000000,   0.0000000000,
                       0.0000000000,   1.0000000000,   0.0000000000,
                       0.0000000000,   0.0000000000,   1.0000000000
                  </Orientation>
                  <Position type="Vector">0, 0, 0</Position>
               </Hpxx01>
               <Hpxx02>
                  <Orientation type="Matrix">
                       1.0000000000,   0.0000000000,   0.0000000000,
                       0.0000000000,   1.0000000000,   0.0000000000,
                       0.0000000000,   0.0000000000,   1.0000000000
                  </Orientation>
                  <Position type="Vector">0, 0, 0</Position>
               </Hpxx02>
               <Hpxx03>
                  <Orientation type="Matrix">
                       1.0000000000,   0.0000000000,   0.0000000000,
                       0.0000000000,   1.0000000000,   0.0000000000,
                       0.0000000000,   0.0000000000,   1.0000000000
                  </Orientation>
                  <Position type="Vector">0, 0, 0</Position>
               </Hpxx03>
               <Hpxx04>
                  <Orientation type="Matrix">
                       1.0000000000,   0.0000000000,   0.0000000000,
                       0.0000000000,   1.0000000000,   0.0000000000,
                       0.0000000000,   0.0000000000,   1.0000000000
                  </Orientation>
                  <Position type="Vector">0, 0, 0</Position>
               </Hpxx04>
               <HpTractor_source>
                  <Orientation type="Matrix">
                      -0.9132823900,   0.4066747100,  -0.0230410170,
                      -0.4069529500,  -0.9134062500,   0.0088426042,
                      -0.0174497480,   0.0174524060,   0.9996954200
                  </Orientation>
                  <Position type="Vector">-0.071309, -0.34159601, -61.249916</Position>
               </HpTractor_source>
               <HpShield02>
                  <Orientation type="Matrix">
                       1.0000000000,   0.0000000000,   0.0000000000,
                       0.0000000000,   1.0000000000,   0.0000000000,
                       0.0000000000,   0.0000000000,   1.0000000000
                  </Orientation>
                  <Position type="Vector">0, 0, 0</Position>
               </HpShield02>
               <HpBayDoor01>
                  <Orientation type="Matrix">
                       1.0000000000,   0.0000000000,   0.0000000000,
                       0.0000000000,   1.0000000000,   0.0000000000,
                       0.0000000000,   0.0000000000,   1.0000000000
                  </Orientation>
                  <Position type="Vector">0, -40.8, 66</Position>
               </HpBayDoor01>
               <HpBayDoor02>
                  <Orientation type="Matrix">
                       1.0000000000,   0.0000000000,   0.0000000000,
                       0.0000000000,   1.0000000000,   0.0000000000,
                       0.0000000000,   0.0000000000,   1.0000000000
                  </Orientation>
                  <Position type="Vector">0, -53.8, 66</Position>
               </HpBayDoor02>
               <Hpxx05>
                  <Orientation type="Matrix">
                       1.0000000000,   0.0000000000,   0.0000000000,
                       0.0000000000,   1.0000000000,   0.0000000000,
                       0.0000000000,   0.0000000000,   1.0000000000
                  </Orientation>
                  <Position type="Vector">0, 0, 0</Position>
               </Hpxx05>
               <Hpxx06>
                  <Orientation type="Matrix">
                       1.0000000000,   0.0000000000,   0.0000000000,
                       0.0000000000,   1.0000000000,   0.0000000000,
                       0.0000000000,   0.0000000000,   1.0000000000
                  </Orientation>
                  <Position type="Vector">0, 0, 0</Position>
               </Hpxx06>
               <Hpxx07>
                  <Orientation type="Matrix">
                       1.0000000000,   0.0000000000,   0.0000000000,
                       0.0000000000,   1.0000000000,   0.0000000000,
                       0.0000000000,   0.0000000000,   1.0000000000
                  </Orientation>
                  <Position type="Vector">0, 0, 0</Position>
               </Hpxx07>
               <HpContrail01>
                  <Orientation type="Matrix">
                       1.0000000000,   0.0000000000,   0.0000000000,
                       0.0000000000,   1.0000000000,   0.0000000000,
                       0.0000000000,   0.0000000000,   1.0000000000
                  </Orientation>
                  <Position type="Vector">-0.03499, 29.2, 92.318169</Position>
               </HpContrail01>
               <HpContrail02>
                  <Orientation type="Matrix">
                       1.0000000000,   0.0000000000,   0.0000000000,
                       0.0000000000,   1.0000000000,   0.0000000000,
                       0.0000000000,   0.0000000000,   1.0000000000
                  </Orientation>
                  <Position type="Vector">23.750744, 17.800549, 92.303406</Position>
               </HpContrail02>
               <HpContrail03>
                  <Orientation type="Matrix">
                       1.0000000000,   0.0000000000,   0.0000000000,
                       0.0000000000,   1.0000000000,   0.0000000000,
                       0.0000000000,   0.0000000000,   1.0000000000
                  </Orientation>
                  <Position type="Vector">29.564301, -7.9456382, 92.211304</Position>
               </HpContrail03>
               <HpContrail04>
                  <Orientation type="Matrix">
                       1.0000000000,   0.0000000000,   0.0000000000,
                       0.0000000000,   1.0000000000,   0.0000000000,
                       0.0000000000,   0.0000000000,   1.0000000000
                  </Orientation>
                  <Position type="Vector">13.161193, -28.545145, 92.100929</Position>
               </HpContrail04>
               <HpContrail05>
                  <Orientation type="Matrix">
                       1.0000000000,   0.0000000000,   0.0000000000,
                       0.0000000000,   1.0000000000,   0.0000000000,
                       0.0000000000,   0.0000000000,   1.0000000000
                  </Orientation>
                  <Position type="Vector">-13.164882, -28.636564, 92.070618</Position>
               </HpContrail05>
               <HpContrail06>
                  <Orientation type="Matrix">
                       1.0000000000,   0.0000000000,   0.0000000000,
                       0.0000000000,   1.0000000000,   0.0000000000,
                       0.0000000000,   0.0000000000,   1.0000000000
                  </Orientation>
                  <Position type="Vector">-29.537935, -8.0035849, 92.118126</Position>
               </HpContrail06>
               <HpContrail07>
                  <Orientation type="Matrix">
                       1.0000000000,   0.0000000000,   0.0000000000,
                       0.0000000000,   1.0000000000,   0.0000000000,
                       0.0000000000,   0.0000000000,   1.0000000000
                  </Orientation>
                  <Position type="Vector">-23.836298, 17.830467, 92.379601</Position>
               </HpContrail07>
               <HpRunningLight01>
                  <Orientation type="Matrix">
                       1.0000000000,   0.0000000000,   0.0000000000,
                       0.0000000000,   1.0000000000,   0.0000000000,
                       0.0000000000,   0.0000000000,   1.0000000000
                  </Orientation>
                  <Position type="Vector">-0.019216999, 56.145878, -4.9954128</Position>
               </HpRunningLight01>
               <HpRunningLight02>
                  <Orientation type="Matrix">
                       1.0000000000,   0.0000000000,   0.0000000000,
                       0.0000000000,   1.0000000000,   0.0000000000,
                       0.0000000000,   0.0000000000,   1.0000000000
                  </Orientation>
                  <Position type="Vector">-44.321198, 34.664749, -5.0719409</Position>
               </HpRunningLight02>
               <HpRunningLight03>
                  <Orientation type="Matrix">
                       1.0000000000,   0.0000000000,   0.0000000000,
                       0.0000000000,   1.0000000000,   0.0000000000,
                       0.0000000000,   0.0000000000,   1.0000000000
                  </Orientation>
                  <Position type="Vector">44.374245, 34.7556, -5.2509651</Position>
               </HpRunningLight03>
               <HpRunningLight04>
                  <Orientation type="Matrix">
                       1.0000000000,   0.0000000000,   0.0000000000,
                       0.0000000000,   1.0000000000,   0.0000000000,
                       0.0000000000,   0.0000000000,   1.0000000000
                  </Orientation>
                  <Position type="Vector">-55.341148, -13.303656, -5.3640618</Position>
               </HpRunningLight04>
               <HpRunningLight05>
                  <Orientation type="Matrix">
                       1.0000000000,   0.0000000000,   0.0000000000,
                       0.0000000000,   1.0000000000,   0.0000000000,
                       0.0000000000,   0.0000000000,   1.0000000000
                  </Orientation>
                  <Position type="Vector">55.214432, -13.228558, -5.4461222</Position>
               </HpRunningLight05>
               <HpRunningLight06>
                  <Orientation type="Matrix">
                       1.0000000000,   0.0000000000,   0.0000000000,
                       0.0000000000,   1.0000000000,   0.0000000000,
                       0.0000000000,   0.0000000000,   1.0000000000
                  </Orientation>
                  <Position type="Vector">-24.620924, -51.701939, -5.6805129</Position>
               </HpRunningLight06>
               <HpRunningLight07>
                  <Orientation type="Matrix">
                       1.0000000000,   0.0000000000,   0.0000000000,
                       0.0000000000,   1.0000000000,   0.0000000000,
                       0.0000000000,   0.0000000000,   1.0000000000
                  </Orientation>
                  <Position type="Vector">24.611845, -51.677151, -5.6728988</Position>
               </HpRunningLight07>
               <HpCloak01>
                  <Orientation type="Matrix">
                       1.0000000000,   0.0000000000,   0.0000000000,
                       0.0000000000,   1.0000000000,   0.0000000000,
                       0.0000000000,   0.0000000000,   1.0000000000
                  </Orientation>
                  <Position type="Vector">0, 0, 0</Position>
               </HpCloak01>
               <HpFX01>
                  <Orientation type="Matrix">
                       1.0000000000,   0.0000000000,   0.0000000000,
                       0.0000000000,   1.0000000000,   0.0000000000,
                       0.0000000000,   0.0000000000,   1.0000000000
                  </Orientation>
                  <Position type="Vector">0, 0, 0</Position>
               </HpFX01>
               <HpFX02>
                  <Orientation type="Matrix">
                      59.604645e-09,   0.9999998800,   0.0000000000,
                      -0.9999998800,  59.604645e-09,   0.0000000000,
                       0.0000000000,   0.0000000000,   1.0000000000
                  </Orientation>
                  <Position type="Vector">0, 0, 0</Position>
               </HpFX02>
               <HpFX03>
                  <Orientation type="Matrix">
                       1.0000000000,   0.0000000000,   0.0000000000,
                       0.0000000000,  59.604645e-09,   0.9999998800,
                       0.0000000000,  -0.9999998800,  59.604645e-09
                  </Orientation>
                  <Position type="Vector">0, 0, 0</Position>
               </HpFX03>
               <HpFX04>
                  <Orientation type="Matrix">
                       1.0000000000,   0.0000000000,   0.0000000000,
                       0.0000000000,   1.0000000000,   0.0000000000,
                       0.0000000000,   0.0000000000,   1.0000000000
                  </Orientation>
                  <Position type="Vector">0, 0, 0</Position>
               </HpFX04>
               <HpFX05>
                  <Orientation type="Matrix">
                       1.0000000000,   0.0000000000,   0.0000000000,
                       0.0000000000,   1.0000000000,   0.0000000000,
                       0.0000000000,   0.0000000000,   1.0000000000
                  </Orientation>
                  <Position type="Vector">0, 0, 0</Position>
               </HpFX05>
               <HpFX06>
                  <Orientation type="Matrix">
                       1.0000000000,   0.0000000000,   0.0000000000,
                       0.0000000000,   1.0000000000,   0.0000000000,
                       0.0000000000,   0.0000000000,   1.0000000000
                  </Orientation>
                  <Position type="Vector">0, 0, 0</Position>
               </HpFX06>
               <HpFX07>
                  <Orientation type="Matrix">
                       1.0000000000,   0.0000000000,   0.0000000000,
                       0.0000000000,   1.0000000000,   0.0000000000,
                       0.0000000000,   0.0000000000,   1.0000000000
                  </Orientation>
                  <Position type="Vector">0, 0, 0</Position>
               </HpFX07>
            </Fixed>
            <Revolute>
               <HpWeapon03>
                  <Axis type="Vector">0, 1, 0</Axis>
                  <Max type="float">2.0943952</Max>
                  <Min type="float">-2.0943952</Min>
                  <Orientation type="Matrix">
                      -1.0000000000, -87.308102e-09, -4.5756199e-09,
                      87.427900e-09,  -0.9986299900,  -0.0523360000,
                       0.0000000000,  -0.0523360000,   0.9986299900
                  </Orientation>
                  <Position type="Vector">0, 43.6, -157</Position>
               </HpWeapon03>
               <HpTorpedo01>
                  <Axis type="Vector">0, 1, 0</Axis>
                  <Max type="float">6.2657323</Max>
                  <Min type="float">-6.2657323</Min>
                  <Orientation type="Matrix">
                       0.8386710300,   0.5446389900,   0.0000000000,
                      -0.5446389900,   0.8386710300,   0.0000000000,
                       0.0000000000,   0.0000000000,   1.0000000000
                  </Orientation>
                  <Position type="Vector">50, -9.45, -18</Position>
               </HpTorpedo01>
               <HpTorpedo02>
                  <Axis type="Vector">0, 1, 0</Axis>
                  <Max type="float">6.2657323</Max>
                  <Min type="float">-6.2657323</Min>
                  <Orientation type="Matrix">
                       0.8386710300,  -0.5446389900,   0.0000000000,
                       0.5446389900,   0.8386710300,   0.0000000000,
                       0.0000000000,   0.0000000000,   1.0000000000
                  </Orientation>
                  <Position type="Vector">-50, -9.45, -18</Position>
               </HpTorpedo02>
               <HpWeapon01>
                  <Axis type="Vector">0, 1, 0</Axis>
                  <Max type="float">2.0943952</Max>
                  <Min type="float">-2.0943952</Min>
                  <Orientation type="Matrix">
                       0.2079120000,   0.9781479800,   0.0000000000,
                      -0.9781479800,   0.2079120000,   0.0000000000,
                       0.0000000000,   0.0000000000,   1.0000000000
                  </Orientation>
                  <Position type="Vector">-42.1, -10, -130</Position>
               </HpWeapon01>
               <HpWeapon02>
                  <Axis type="Vector">0, 1, 0</Axis>
                  <Max type="float">2.0943952</Max>
                  <Min type="float">-2.0943952</Min>
                  <Orientation type="Matrix">
                       0.2079120000,  -0.9781479800,   0.0000000000,
                       0.9781479800,   0.2079120000,   0.0000000000,
                       0.0000000000,   0.0000000000,   1.0000000000
                  </Orientation>
                  <Position type="Vector">42.1, -10, -130</Position>
               </HpWeapon02>
               <HpWeapon04>
                  <Axis type="Vector">0, 1, 0</Axis>
                  <Max type="float">2.0943952</Max>
                  <Min type="float">-2.0943952</Min>
                  <Orientation type="Matrix">
                       0.8910070100,   0.4525910000,  -0.0356196980,
                      -0.4539910000,   0.8882600100,  -0.0699075980,
                     -1.8626500e-09,   0.0784590990,   0.9969170100
                  </Orientation>
                  <Position type="Vector">-18.62, -39.05, -94</Position>
               </HpWeapon04>
               <HpWeapon05>
                  <Axis type="Vector">0, 1, 0</Axis>
                  <Max type="float">2.0943952</Max>
                  <Min type="float">-2.0943952</Min>
                  <Orientation type="Matrix">
                       0.8910070100,  -0.4525910000,   0.0356196980,
                       0.4539910000,   0.8882600100,  -0.0699075980,
                      1.8626500e-09,   0.0784590990,   0.9969170100
                  </Orientation>
                  <Position type="Vector">18.62, -39.05, -94</Position>
               </HpWeapon05>
               <HpTurret01>
                  <Axis type="Vector">0, 1, 0</Axis>
                  <Max type="float">1.5707964</Max>
                  <Min type="float">-1.5707964</Min>
                  <Orientation type="Matrix">
                      -1.0000000000,   0.0000000000,  87.422777e-09,
                       0.0000000000,   1.0000000000,  -0.0000000000,
                     -87.422777e-09,   0.0000000000,  -1.0000000000
                  </Orientation>
                  <Position type="Vector">-0.054554, 31.117859, 27.667625</Position>
               </HpTurret01>
               <HpTurret02>
                  <Axis type="Vector">0, 1, 0</Axis>
                  <Max type="float">1.5707964</Max>
                  <Min type="float">-1.5707964</Min>
                  <Orientation type="Matrix">
                      -0.4383710900,   0.8938703500,   0.0939496010,
                       0.8987940500,   0.4359696800,   0.0458221880,
                     -85.681677e-09,   0.1045284700,  -0.9945218600
                  </Orientation>
                  <Position type="Vector">24.576036, 19.16387, 27.674183</Position>
               </HpTurret02>
               <HpTurret03>
                  <Axis type="Vector">0, 1, 0</Axis>
                  <Max type="float">1.5707964</Max>
                  <Min type="float">-1.5707964</Min>
                  <Orientation type="Matrix">
                      -0.4226182100,  -0.8925390200,  -0.1573786700,
                      -0.9063078200,   0.4161976600,   0.0733869520,
                     -89.406967e-09,   0.1736481800,  -0.9848077900
                  </Orientation>
                  <Position type="Vector">-24.94948, 19.197521, 27.627344</Position>
               </HpTurret03>
               <HpWeapon06>
                  <Axis type="Vector">0, 1, 0</Axis>
                  <Max type="float">2.0943952</Max>
                  <Min type="float">-2.0943952</Min>
                  <Orientation type="Matrix">
                      -0.6427879900,   0.7649949800,   0.0400917010,
                      -0.7660440200,  -0.6419069800,  -0.0336408990,
                      1.8626500e-09,  -0.0523360000,   0.9986299900
                  </Orientation>
                  <Position type="Vector">-34, 26.95, -116</Position>
               </HpWeapon06>
               <HpWeapon07>
                  <Axis type="Vector">0, 1, 0</Axis>
                  <Max type="float">2.0943952</Max>
                  <Min type="float">-2.0943952</Min>
                  <Orientation type="Matrix">
                      -0.6427879900,  -0.7649949800,  -0.0400917010,
                       0.7660440200,  -0.6419069800,  -0.0336408990,
                     -1.8626500e-09,  -0.0523360000,   0.9986299900
                  </Orientation>
                  <Position type="Vector">34, 26.95, -116</Position>
               </HpWeapon07>
               <HpTurret04>
                  <Axis type="Vector">0, 1, 0</Axis>
                  <Max type="float">1.5707964</Max>
                  <Min type="float">-1.5707964</Min>
                  <Orientation type="Matrix">
                      178.81393e-09,   0.9999998800, -7.1054274e-15,
                       0.9999998800,  59.604641e-09, -87.422769e-09,
                     -87.422769e-09,   0.0000000000,  -0.9999997600
                  </Orientation>
                  <Position type="Vector">31.222225, -7.9443779, 27.470589</Position>
               </HpTurret04>
               <HpTurret05>
                  <Axis type="Vector">0, 1, 0</Axis>
                  <Max type="float">1.5707964</Max>
                  <Min type="float">-1.5707964</Min>
                  <Orientation type="Matrix">
                      178.81393e-09,  -0.9999998800, -7.1054274e-15,
                      -0.9999998800,  59.604641e-09,  87.422769e-09,
                     -87.422769e-09,   0.0000000000,  -0.9999997600
                  </Orientation>
                  <Position type="Vector">-31.215364, -7.8707352, 27.65535</Position>
               </HpTurret05>
               <HpTurret06>
                  <Axis type="Vector">0, 1, 0</Axis>
                  <Max type="float">1.5707964</Max>
                  <Min type="float">-1.5707964</Min>
                  <Orientation type="Matrix">
                       0.7547096000,   0.6392443200,  -0.1475812300,
                       0.6560590300,  -0.7353666400,   0.1697726800,
                     -89.406967e-09,  -0.2249510600,  -0.9743703000
                  </Orientation>
                  <Position type="Vector">13.944101, -29.575314, 27.499344</Position>
               </HpTurret06>
               <HpTurret07>
                  <Axis type="Vector">0, 1, 0</Axis>
                  <Max type="float">1.5707964</Max>
                  <Min type="float">-1.5707964</Min>
                  <Orientation type="Matrix">
                       0.7547096000,  -0.6392443200,   0.1475811000,
                      -0.6560590300,  -0.7353666400,   0.1697727900,
                     -81.956387e-09,  -0.2249510700,  -0.9743703000
                  </Orientation>
                  <Position type="Vector">-13.969582, -29.663534, 27.343189</Position>
               </HpTurret07>
               <HpTorpedo03>
                  <Axis type="Vector">0, 1, 0</Axis>
                  <Max type="float">6.2657323</Max>
                  <Min type="float">-6.2657323</Min>
                  <Orientation type="Matrix">
                       0.9563050300,   0.2923719900,   0.0000000000,
                      -0.2923719900,   0.9563050300,   0.0000000000,
                       0.0000000000,   0.0000000000,   1.0000000000
                  </Orientation>
                  <Position type="Vector">-37, 32.65, -18</Position>
               </HpTorpedo03>
               <HpTorpedo04>
                  <Axis type="Vector">0, 1, 0</Axis>
                  <Max type="float">6.2657323</Max>
                  <Min type="float">-6.2657323</Min>
                  <Orientation type="Matrix">
                       0.9563050300,  -0.2923719900,   0.0000000000,
                       0.2923719900,   0.9563050300,   0.0000000000,
                       0.0000000000,   0.0000000000,   1.0000000000
                  </Orientation>
                  <Position type="Vector">37, 32.65, -18</Position>
               </HpTorpedo04>
               <HpTorpedo05>
                  <Axis type="Vector">0, 1, 0</Axis>
                  <Max type="float">6.2657323</Max>
                  <Min type="float">-6.2657323</Min>
                  <Orientation type="Matrix">
                       0.1736480000,   0.9848080300,   0.0000000000,
                      -0.9848080300,   0.1736480000,   0.0000000000,
                       0.0000000000,   0.0000000000,   1.0000000000
                  </Orientation>
                  <Position type="Vector">23.55, -44.5, -18</Position>
               </HpTorpedo05>
               <HpTorpedo06>
                  <Axis type="Vector">0, 1, 0</Axis>
                  <Max type="float">6.2657323</Max>
                  <Min type="float">-6.2657323</Min>
                  <Orientation type="Matrix">
                       0.1736480000,  -0.9848080300,   0.0000000000,
                       0.9848080300,   0.1736480000,   0.0000000000,
                       0.0000000000,   0.0000000000,   1.0000000000
                  </Orientation>
                  <Position type="Vector">-23.55, -44.5, -18</Position>
               </HpTorpedo06>
               <HpTorpedo07>
                  <Axis type="Vector">0, 1, 0</Axis>
                  <Max type="float">6.2657323</Max>
                  <Min type="float">-6.2657323</Min>
                  <Orientation type="Matrix">
                       0.3907310100,  -0.9205049900,   0.0000000000,
                       0.9205049900,   0.3907310100,   0.0000000000,
                       0.0000000000,   0.0000000000,   1.0000000000
                  </Orientation>
                  <Position type="Vector">-2.55, 50, -18</Position>
               </HpTorpedo07>
               <HpTurret08>
                  <Axis type="Vector">0, 1, 0</Axis>
                  <Max type="float">0.78539819</Max>
                  <Min type="float">-3.1415927</Min>
                  <Orientation type="Matrix">
                       0.9543312200,  -0.2923271400,  -0.0616182870,
                       0.2904952500,   0.9561591100,  -0.0370439810,
                       0.0697458460,   0.0174524040,   0.9974121500
                  </Orientation>
                  <Position type="Vector">38.06002, 32.99, -22.334723</Position>
               </HpTurret08>
               <HpTurret09>
                  <Axis type="Vector">0, 1, 0</Axis>
                  <Max type="float">3.1415927</Max>
                  <Min type="float">-0.78539819</Min>
                  <Orientation type="Matrix">
                      -0.5000001200,   0.8660253300,   0.0000000000,
                      -0.8660253300,  -0.5000001200,   0.0000000000,
                       0.0000000000,   0.0000000000,   1.0000000000
                  </Orientation>
                  <Position type="Vector">40.885677, 28.50312, -21.013531</Position>
               </HpTurret09>
               <HpTurret10>
                  <Axis type="Vector">0, 1, 0</Axis>
                  <Max type="float">0.78539819</Max>
                  <Min type="float">-3.1415927</Min>
                  <Orientation type="Matrix">
                       0.3907311600,  -0.9205048700,  -0.0000000000,
                       0.9205048700,   0.3907311600,   0.0000000000,
                       0.0000000000,  -0.0000000000,   1.0000000000
                  </Orientation>
                  <Position type="Vector">-2.69, 49.668468, -23.141941</Position>
               </HpTurret10>
               <HpTurret11>
                  <Axis type="Vector">0, 1, 0</Axis>
                  <Max type="float">3.1415927</Max>
                  <Min type="float">-0.78539819</Min>
                  <Orientation type="Matrix">
                       0.3907311600,   0.9205048700,   0.0000000000,
                      -0.9205048700,   0.3907311600,   0.0000000000,
                       0.0000000000,   0.0000000000,   1.0000000000
                  </Orientation>
                  <Position type="Vector">2.69, 49.668468, -23.141941</Position>
               </HpTurret11>
               <HpTurret12>
                  <Axis type="Vector">0, 1, 0</Axis>
                  <Max type="float">3.1415927</Max>
                  <Min type="float">-0.78539819</Min>
                  <Orientation type="Matrix">
                       0.9612616900,   0.2756373600,   0.0000000000,
                      -0.2756373600,   0.9612616900,   0.0000000000,
                       0.0000000000,   0.0000000000,   1.0000000000
                  </Orientation>
                  <Position type="Vector">-37.6, 32.83, -20.645857</Position>
               </HpTurret12>
               <HpTurret13>
                  <Axis type="Vector">0, 1, 0</Axis>
                  <Max type="float">0.78539819</Max>
                  <Min type="float">-3.1415927</Min>
                  <Orientation type="Matrix">
                      -0.4694715700,  -0.8829475600,  -0.0000000000,
                       0.8829475600,  -0.4694715700,   0.0000000000,
                       0.0000000000,  -0.0000000000,   1.0000000000
                  </Orientation>
                  <Position type="Vector">-40.819565, 28.213236, -22.587769</Position>
               </HpTurret13>
               <HpTurret14>
                  <Axis type="Vector">0, 1, 0</Axis>
                  <Max type="float">3.1415927</Max>
                  <Min type="float">-0.78539819</Min>
                  <Orientation type="Matrix">
                       0.8290376100,  -0.5591929000,  -0.0000000000,
                       0.5591929000,   0.8290376100,   0.0000000000,
                       0.0000000000,  -0.0000000000,   1.0000000000
                  </Orientation>
                  <Position type="Vector">-50.227291, -9.5382347, -23.150171</Position>
               </HpTurret14>
               <HpTurret15>
                  <Axis type="Vector">0, 1, 0</Axis>
                  <Max type="float">0.78539819</Max>
                  <Min type="float">-3.1415927</Min>
                  <Orientation type="Matrix">
                      -0.9816272300,  -0.1908090100,  -0.0000000000,
                       0.1908090100,  -0.9816272300,   0.0000000000,
                       0.0000000000,  -0.0000000000,   1.0000000000
                  </Orientation>
                  <Position type="Vector">-48.3, -14.424272, -22.147869</Position>
               </HpTurret15>
               <HpTurret16>
                  <Axis type="Vector">0, 1, 0</Axis>
                  <Max type="float">0.78539819</Max>
                  <Min type="float">-3.1415927</Min>
                  <Orientation type="Matrix">
                       0.8290376100,   0.5591929000,   0.0000000000,
                      -0.5591929000,   0.8290376100,   0.0000000000,
                       0.0000000000,   0.0000000000,   1.0000000000
                  </Orientation>
                  <Position type="Vector">50.123844, -9.4625359, -23.766083</Position>
               </HpTurret16>
               <HpTurret17>
                  <Axis type="Vector">0, 1, 0</Axis>
                  <Max type="float">3.1415927</Max>
                  <Min type="float">-0.78539819</Min>
                  <Orientation type="Matrix">
                      -0.9848078500,   0.1736483000,   0.0000000000,
                      -0.1736483000,  -0.9848078500,   0.0000000000,
                       0.0000000000,   0.0000000000,   1.0000000000
                  </Orientation>
                  <Position type="Vector">48.548035, -14.377541, -22.586231</Position>
               </HpTurret17>
               <HpTurret18>
                  <Axis type="Vector">0, 1, 0</Axis>
                  <Max type="float">0.78539819</Max>
                  <Min type="float">-3.1415927</Min>
                  <Orientation type="Matrix">
                       0.1908089500,   0.9816271700,   0.0000000000,
                      -0.9816271700,   0.1908089500,   0.0000000000,
                       0.0000000000,   0.0000000000,   1.0000000000
                  </Orientation>
                  <Position type="Vector">23.79974, -45.721478, -22.420374</Position>
               </HpTurret18>
               <HpTurret19>
                  <Axis type="Vector">0, 1, 0</Axis>
                  <Max type="float">3.1415927</Max>
                  <Min type="float">-0.78539819</Min>
                  <Orientation type="Matrix">
                      -0.6691306800,  -0.7431448700,  -0.0000000000,
                       0.7431448700,  -0.6691306800,   0.0000000000,
                       0.0000000000,  -0.0000000000,   1.0000000000
                  </Orientation>
                  <Position type="Vector">20.466021, -47.358429, -21.506834</Position>
               </HpTurret19>
               <HpTurret20>
                  <Axis type="Vector">0, 1, 0</Axis>
                  <Max type="float">3.1415927</Max>
                  <Min type="float">-0.78539819</Min>
                  <Orientation type="Matrix">
                       0.2079117300,  -0.9781476300,  -0.0000000000,
                       0.9781476300,   0.2079117300,   0.0000000000,
                       0.0000000000,  -0.0000000000,   1.0000000000
                  </Orientation>
                  <Position type="Vector">-23.782656, -45.610069, -21.254137</Position>
               </HpTurret20>
               <HpTurret21>
                  <Axis type="Vector">0, 1, 0</Axis>
                  <Max type="float">0.78539819</Max>
                  <Min type="float">-3.1415927</Min>
                  <Orientation type="Matrix">
                      -0.6427874600,   0.7660444400,   0.0000000000,
                      -0.7660444400,  -0.6427874600,   0.0000000000,
                       0.0000000000,   0.0000000000,   1.0000000000
                  </Orientation>
                  <Position type="Vector">-20.113169, -47.051529, -21.510628</Position>
               </HpTurret21>
               <HpTorpedo08>
                  <Axis type="Vector">0, 1, 0</Axis>
                  <Max type="float">0.52359879</Max>
                  <Min type="float">-0.52359879</Min>
                  <Orientation type="Matrix">
                       1.0000000000,   0.0000000000,   0.0000000000,
                       0.0000000000,   1.0000000000,   0.0000000000,
                       0.0000000000,   0.0000000000,   1.0000000000
                  </Orientation>
                  <Position type="Vector">-0.061113998, -0.476181, -61</Position>
               </HpTorpedo08>
            </Revolute>
         </Hardpoints>
         <MultiLevel>
            <Level0>
               <VMeshPart>
                  <VMeshRef type="VMeshRef">
                     <!-- header size  --> 60,
                     <!-- vmesh lib    --> Tiamat01.lod0.vms,
                     <!-- start vert   --> 0,
                     <!-- num verts    --> 2628,
                     <!-- start index  --> 0,
                     <!-- num indices  --> 3636,
                     <!-- start mesh   --> 0,
                     <!-- num meshes   --> 28,
                     <!-- bounding box -->  60.334698,  61.577763,    92.548157,
                                           -60.334698, -55.688507,  -170.32748,
                     <!-- center       -->   0,          2.9446278,  -38.889664,
                     <!-- radius       --> 238.62741
                  </VMeshRef>
               </VMeshPart>
            </Level0>
         </MultiLevel>
      </Tiamat01.3db>
   </UTF_ROOT>
</UTFXML>
