<?xml version="1.0" encoding="ISO-8859-1"?>
<!-- XML generated by UTFXML Version 2.2 built 19-Aug-2010 -->
<UTFXML filename="ku_dragon.cmp" path="SHIPS\KUSARI\KU_BLOOD_DRAGON">
   <UTF_ROOT>
      <VMeshLibrary>
         <data.ships.kusari.ku_blood_dragon.ku_dragon.lod0-112.vms include="ku_dragon_cmp\lod0-112.vms.xml"/>
         <data.ships.kusari.ku_blood_dragon.ku_dragon.lod1-112.vms include="ku_dragon_cmp\lod1-112.vms.xml"/>
         <data.ships.kusari.ku_blood_dragon.ku_dragon.lod2-112.vms include="ku_dragon_cmp\lod2-112.vms.xml"/>
         <data.ships.kusari.ku_blood_dragon.ku_dragon.lod3-112.vms include="ku_dragon_cmp\lod3-112.vms.xml"/>
      </VMeshLibrary>
      <Exporter_Version name="Exporter Version" type="text">Nov  5 2002 11:41:55</Exporter_Version>
      <Cmpnd>
         <Root>
            <Object_name name="Object name" type="text">Root</Object_name>
            <File_name name="File name" type="text">ku_dragon_lod1030102190349.3db</File_name>
            <Index type="int">0</Index>
         </Root>
         <Part_starboard_wing_lod1>
            <Object_name name="Object name" type="text">starboard_wing_lod1</Object_name>
            <File_name name="File name" type="text">starboard_wing_lod1030102190349.3db</File_name>
            <Index type="int">1</Index>
         </Part_starboard_wing_lod1>
         <Part_port_wing_lod1>
            <Object_name name="Object name" type="text">port_wing_lod1</Object_name>
            <File_name name="File name" type="text">port_wing_lod1030102190349.3db</File_name>
            <Index type="int">2</Index>
         </Part_port_wing_lod1>
         <Part_tail_lod1>
            <Object_name name="Object name" type="text">tail_lod1</Object_name>
            <File_name name="File name" type="text">tail_lod1030102190349.3db</File_name>
            <Index type="int">3</Index>
         </Part_tail_lod1>
         <Part_BayDoor01_lod1>
            <Object_name name="Object name" type="text">BayDoor01_lod1</Object_name>
            <File_name name="File name" type="text">BayDoor01_lod1030102190349.3db</File_name>
            <Index type="int">4</Index>
         </Part_BayDoor01_lod1>
         <Part_BayDoor02_lod1>
            <Object_name name="Object name" type="text">BayDoor02_lod1</Object_name>
            <File_name name="File name" type="text">BayDoor02_lod1030102190349.3db</File_name>
            <Index type="int">5</Index>
         </Part_BayDoor02_lod1>
         <Part_glass_lod1>
            <Object_name name="Object name" type="text">glass_lod1</Object_name>
            <File_name name="File name" type="text">glass_lod1030102190349.3db</File_name>
            <Index type="int">6</Index>
         </Part_glass_lod1>
         <Cons>
            <Fix type="Fix" count="4">
               <part>
                  <!-- parent      --> "Root",
                  <!-- child       --> "starboard_wing_lod1",
                  <!-- position    --> 2.423373, -1.7623379, 3.2736626,
                  <!-- orientation -->   1.0000000000, -105.87912e-24, -26.469780e-24,
                                        105.87912e-24,   1.0000000000,  158.81868e-24,
                                        26.469780e-24, -158.81868e-24,   1.0000000000
               </part>
               <part>
                  <!-- parent      --> "Root",
                  <!-- child       --> "port_wing_lod1",
                  <!-- position    --> -2.4314554, -1.7623376, 3.2736621,
                  <!-- orientation -->   1.0000000000, -105.87912e-24, -26.469780e-24,
                                        105.87912e-24,   1.0000000000,  158.81868e-24,
                                        26.469780e-24, -158.81868e-24,   1.0000000000
               </part>
               <part>
                  <!-- parent      --> "Root",
                  <!-- child       --> "tail_lod1",
                  <!-- position    --> -0.002876417, -0.60730404, 3.6767049,
                  <!-- orientation -->   1.0000000000, -105.87912e-24, -26.469780e-24,
                                        105.87912e-24,   1.0000000000,  158.81868e-24,
                                        26.469780e-24, -158.81868e-24,   1.0000000000
               </part>
               <part>
                  <!-- parent      --> "Root",
                  <!-- child       --> "glass_lod1",
                  <!-- position    --> 336.69806e-9, -0.16041009, -4.1461158,
                  <!-- orientation -->   1.0000000000, -105.87912e-24, -26.469780e-24,
                                        105.87912e-24,   1.0000000000,  158.81868e-24,
                                        26.469780e-24, -158.81868e-24,   1.0000000000
               </part>
            </Fix>
            <Rev type="Rev" count="2">
               <part>
                  <!-- parent      --> "Root",
                  <!-- child       --> "BayDoor01_lod1",
                  <!-- position    --> 0.73911148, 1.3857341, 60.818458e-9,
                  <!-- offset      --> 0, 0, 0,
                  <!-- orientation -->   1.0000000000, -10.973053e-09, -3.4394176e-09,
                                        10.973053e-09,   1.0000000000,  94.217711e-09,
                                        3.4394165e-09, -94.217711e-09,   1.0000000000,
                  <!-- axis        -->  29.339942e-09, -87.750095e-09,  -1.0000000000,
                  <!-- min, max    --> 0, 1.7802299
               </part>
               <part>
                  <!-- parent      --> "Root",
                  <!-- child       --> "BayDoor02_lod1",
                  <!-- position    --> -0.74693763, 1.3857342, -206.15514e-9,
                  <!-- offset      --> 0, 0, 0,
                  <!-- orientation -->   1.0000000000, -10.973053e-09, -3.4394176e-09,
                                        10.973053e-09,   1.0000000000,  94.217711e-09,
                                        3.4394165e-09, -94.217711e-09,   1.0000000000,
                  <!-- axis        --> -28.041963e-09,  90.416044e-09,   1.0000000000,
                  <!-- min, max    --> 0, 1.7802299
               </part>
            </Rev>
         </Cons>
      </Cmpnd>
      <Animation>
         <Script>
            <Sc_open_baydoor name="Sc_open baydoor">
               <Joint_map_0 name="Joint map 0">
                  <Parent_name name="Parent name" type="text">Root</Parent_name>
                  <Child_name name="Child name" type="text">BayDoor01_lod1</Child_name>
                  <Channel>
                     <Header type="Header">
                        <!-- count    --> 2,
                        <!-- interval --> Explicit,
                        <!-- flags    --> 0x1
                     </Header>
                     <Frames type="Frames" count="2">
                          0.0000000000:   0.0000000000
                          2.1333334000:   1.7802299000
                     </Frames>
                  </Channel>
               </Joint_map_0>
               <Joint_map_1 name="Joint map 1">
                  <Parent_name name="Parent name" type="text">Root</Parent_name>
                  <Child_name name="Child name" type="text">BayDoor02_lod1</Child_name>
                  <Channel>
                     <Header type="Header">
                        <!-- count    --> 2,
                        <!-- interval --> Explicit,
                        <!-- flags    --> 0x1
                     </Header>
                     <Frames type="Frames" count="2">
                          0.0000000000:   0.0000000000
                          2.1333334000:   1.7802299000
                     </Frames>
                  </Channel>
               </Joint_map_1>
            </Sc_open_baydoor>
            <Sc_end_anim name="Sc_end anim">
               <Joint_map_0 name="Joint map 0">
                  <Parent_name name="Parent name" type="text">Root</Parent_name>
                  <Child_name name="Child name" type="text">BayDoor01_lod1</Child_name>
                  <Channel>
                     <Header type="Header">
                        <!-- count    --> 1,
                        <!-- interval --> 0.033333335,
                        <!-- flags    --> 0x1
                     </Header>
                     <Frames type="Frames" count="2">
                          1.7802299000
                          0.0000000000
                     </Frames>
                  </Channel>
               </Joint_map_0>
               <Joint_map_1 name="Joint map 1">
                  <Parent_name name="Parent name" type="text">Root</Parent_name>
                  <Child_name name="Child name" type="text">BayDoor02_lod1</Child_name>
                  <Channel>
                     <Header type="Header">
                        <!-- count    --> 1,
                        <!-- interval --> 0.033333335,
                        <!-- flags    --> 0x1
                     </Header>
                     <Frames type="Frames" count="2">
                          1.7802299000
                          0.0000000000
                     </Frames>
                  </Channel>
               </Joint_map_1>
            </Sc_end_anim>
         </Script>
      </Animation>
      <ku_dragon_lod1030102190349.3db>
         <VMeshWire include="ku_dragon_cmp\ku_dragon_lod1.vwd.xml"/>
         <MultiLevel>
            <Switch2 type="float array" count="5">
               0,
               100,
               1000,
               10000,
               1000000
            </Switch2>
            <Level0>
               <VMeshPart>
                  <VMeshRef type="VMeshRef">
                     <!-- header size  --> 60,
                     <!-- vmesh lib    --> data.ships.kusari.ku_blood_dragon.ku_dragon.lod0-112.vms,
                     <!-- start vert   --> 948,
                     <!-- num verts    --> 2621,
                     <!-- start index  --> 1218,
                     <!-- num indices  --> 3138,
                     <!-- start mesh   --> 8,
                     <!-- num meshes   --> 4,
                     <!-- bounding box -->  2.387409,     2.3047259,   2.3554337,
                                           -2.392911,    -1.7740906,  -6.6858077,
                     <!-- center       --> -0.070456728,  0.18333896, -2.0739222,
                     <!-- radius       --> 4.9637427
                  </VMeshRef>
               </VMeshPart>
            </Level0>
            <Level1>
               <VMeshPart>
                  <VMeshRef type="VMeshRef">
                     <!-- header size  --> 60,
                     <!-- vmesh lib    --> data.ships.kusari.ku_blood_dragon.ku_dragon.lod1-112.vms,
                     <!-- start vert   --> 556,
                     <!-- num verts    --> 1446,
                     <!-- start index  --> 690,
                     <!-- num indices  --> 1713,
                     <!-- start mesh   --> 8,
                     <!-- num meshes   --> 5,
                     <!-- bounding box -->  2.387409,     2.3047259,   2.3554337,
                                           -2.392911,    -1.7740906,  -6.6858077,
                     <!-- center       --> -0.070456728,  0.18333896, -2.0739222,
                     <!-- radius       --> 4.9637427
                  </VMeshRef>
               </VMeshPart>
            </Level1>
            <Level2>
               <VMeshPart>
                  <VMeshRef type="VMeshRef">
                     <!-- header size  --> 60,
                     <!-- vmesh lib    --> data.ships.kusari.ku_blood_dragon.ku_dragon.lod2-112.vms,
                     <!-- start vert   --> 422,
                     <!-- num verts    --> 752,
                     <!-- start index  --> 489,
                     <!-- num indices  --> 936,
                     <!-- start mesh   --> 9,
                     <!-- num meshes   --> 4,
                     <!-- bounding box -->  2.387409,     2.3047259,   2.3554337,
                                           -2.392911,    -1.7740906,  -6.6858077,
                     <!-- center       --> -0.070456728,  0.18333896, -2.0739222,
                     <!-- radius       --> 4.9637427
                  </VMeshRef>
               </VMeshPart>
            </Level2>
            <Level3>
               <VMeshPart>
                  <VMeshRef type="VMeshRef">
                     <!-- header size  --> 60,
                     <!-- vmesh lib    --> data.ships.kusari.ku_blood_dragon.ku_dragon.lod3-112.vms,
                     <!-- start vert   --> 188,
                     <!-- num verts    --> 253,
                     <!-- start index  --> 210,
                     <!-- num indices  --> 354,
                     <!-- start mesh   --> 9,
                     <!-- num meshes   --> 3,
                     <!-- bounding box -->  2.387409,     2.3047259,   2.3554337,
                                           -2.392911,    -1.7740906,  -6.6858077,
                     <!-- center       --> -0.070456728,  0.18333896, -2.0739222,
                     <!-- radius       --> 4.9637427
                  </VMeshRef>
               </VMeshPart>
            </Level3>
         </MultiLevel>
         <Hardpoints>
            <Fixed>
               <HpBayDoor02>
                  <Position type="Vector">-42.68712e-9, 2.2847722, -0.15995391</Position>
                  <Orientation type="Matrix">
                       1.0000000000, -14.901167e-09, -163.91277e-09,
                      14.901167e-09,   1.0000000000, -132.34890e-24,
                      163.91277e-09, -2.4424915e-15,   1.0000000000
                  </Orientation>
               </HpBayDoor02>
               <HpBayDoor01>
                  <Position type="Vector">-3.4857865e-9, 1.3879499, -0.15995388</Position>
                  <Orientation type="Matrix">
                       1.0000000000, -14.901167e-09, -163.91277e-09,
                      14.901167e-09,   1.0000000000, -132.34890e-24,
                      163.91277e-09, -2.4424915e-15,   1.0000000000
                  </Orientation>
               </HpBayDoor01>
               <HpHeadLight>
                  <Position type="Vector">1.2584549e-6, -1.7930717, -6.5100951</Position>
                  <Orientation type="Matrix">
                       1.0000000000, -14.901167e-09, -163.91277e-09,
                      14.901167e-09,   1.0000000000, -132.34890e-24,
                      163.91277e-09, -2.4424915e-15,   1.0000000000
                  </Orientation>
               </HpHeadLight>
               <HpMount>
                  <Position type="Vector">248.22972e-9, -4.7035894, -0.077647641</Position>
                  <Orientation type="Matrix">
                       1.0000000000, -14.901167e-09, -163.91277e-09,
                      14.901167e-09,   1.0000000000, -132.34890e-24,
                      163.91277e-09, -2.4424915e-15,   1.0000000000
                  </Orientation>
               </HpMount>
               <HpRunningLight08>
                  <Position type="Vector">1.2022096, 2.1434562, 1.4289904</Position>
                  <Orientation type="Matrix">
                      -1.0000000000, -2.6645353e-15,  178.81393e-09,
                     -7.9936058e-15,   1.0000000000, -29.802322e-09,
                     -178.81393e-09, -29.802322e-09,  -1.0000000000
                  </Orientation>
               </HpRunningLight08>
               <HpRunningLight07>
                  <Position type="Vector">-1.2067425, 2.1434557, 1.4289902</Position>
                  <Orientation type="Matrix">
                      -1.0000000000, -2.6645353e-15,  178.81393e-09,
                     -7.9936058e-15,   1.0000000000, -29.802322e-09,
                     -178.81393e-09, -29.802322e-09,  -1.0000000000
                  </Orientation>
               </HpRunningLight07>
               <HpPilot>
                  <Position type="Vector">-0.0080756107, -0.93212247, -3.7956135</Position>
                  <Orientation type="Matrix">
                       1.0000000000,  3.9968020e-15, -89.406967e-09,
                      3.9968037e-15,   1.0000000000,  89.406967e-09,
                      89.406967e-09, -89.406967e-09,   1.0000000000
                  </Orientation>
               </HpPilot>
               <HpCockpit>
                  <Position type="Vector">337.42188e-9, 0.20912819, -3.774</Position>
                  <Orientation type="Matrix">
                       1.0000000000, -105.87912e-24, -26.469780e-24,
                      105.87912e-24,   1.0000000000,  158.81868e-24,
                      26.469780e-24, -158.81868e-24,   1.0000000000
                  </Orientation>
               </HpCockpit>
               <DpTail>
                  <Position type="Vector">-585.54076e-9, 0.80039227, 2.3618927</Position>
                  <Orientation type="Matrix">
                       1.0000000000, -22.351736e-09, -126.65986e-09,
                      22.351744e-09,   1.0000000000,  59.604638e-09,
                      126.65986e-09, -59.604641e-09,   1.0000000000
                  </Orientation>
               </DpTail>
               <DpStarboard_wing>
                  <Position type="Vector">0.24962641, -0.61808562, 1.1784647</Position>
                  <Orientation type="Matrix">
                       1.0000000000, -22.351733e-09, -126.65986e-09,
                      22.351740e-09,   1.0000000000,  59.604634e-09,
                      126.65986e-09, -59.604638e-09,   1.0000000000
                  </Orientation>
               </DpStarboard_wing>
               <DpPort_wing>
                  <Position type="Vector">-0.24899882, -0.61808568, 1.1784648</Position>
                  <Orientation type="Matrix">
                       1.0000000000, -22.351731e-09, -126.65986e-09,
                      22.351738e-09,   1.0000000000,  59.604631e-09,
                      126.65986e-09, -59.604634e-09,   1.0000000000
                  </Orientation>
               </DpPort_wing>
               <HpTractor_Source>
                  <Position type="Vector">1.2584549e-6, -1.7930717, -6.5100951</Position>
                  <Orientation type="Matrix">
                       1.0000000000, -14.901167e-09, -163.91277e-09,
                      14.901167e-09,   1.0000000000, -132.34890e-24,
                      163.91277e-09, -2.4424915e-15,   1.0000000000
                  </Orientation>
               </HpTractor_Source>
               <HpEngineGlow>
                  <Position type="Vector">-1.3290256e-6, 0.55109274, 7.4934173</Position>
                  <Orientation type="Matrix">
                       1.0000000000, -14.901165e-09, -163.91277e-09,
                      14.901165e-09,   1.0000000000, -132.34890e-24,
                      163.91277e-09, -2.4424911e-15,   1.0000000000
                  </Orientation>
               </HpEngineGlow>
               <HpCloak01>
                  <Position type="Vector">-0.043617856, 0.20912836, 0.226</Position>
                  <Orientation type="Matrix">
                     -89.406967e-09,   1.0000000000,   0.0000000000,
                      59.604645e-09,  5.3290705e-15,   1.0000000000,
                       1.0000000000,  89.406967e-09, -59.604645e-09
                  </Orientation>
               </HpCloak01>
               <HpEngine01>
                  <Position type="Vector">-1.9802556, -0.21551767, 1.9900842</Position>
                  <Orientation type="Matrix">
                       1.0000000000, -14.901167e-09, -163.91276e-09,
                      14.901167e-09,   1.0000000000, -132.34887e-24,
                      163.91276e-09, -2.4424911e-15,   1.0000000000
                  </Orientation>
               </HpEngine01>
               <HpEngine02>
                  <Position type="Vector">1.9720418, -0.21551785, 1.9900845</Position>
                  <Orientation type="Matrix">
                       1.0000000000,  18.677765e-09, -110.59824e-09,
                     -18.677765e-09,   1.0000000000,  1.5850059e-09,
                      110.59824e-09, -1.5850038e-09,   1.0000000000
                  </Orientation>
               </HpEngine02>
               <HpShield01>
                  <Position type="Vector">-194.69584e-6, -0.14361635, -0.64317054</Position>
                  <Orientation type="Matrix">
                      -1.0000000000, -21.480600e-09, -101.05833e-09,
                     -32.430615e-15,  -0.9781475700,   0.2079118900,
                     -103.31603e-09,   0.2079118900,   0.9781475700
                  </Orientation>
               </HpShield01>
            </Fixed>
            <Revolute>
               <HpWeapon02>
                  <Position type="Vector">1.0160326, -1.6173254, -3.4722493</Position>
                  <Orientation type="Matrix">
                      -0.9205048100,   0.3907312500, -232.67349e-09,
                      -0.3907312500,  -0.9205048100, -77.141770e-09,
                     -244.31876e-09,  19.903430e-09,   1.0000000000
                  </Orientation>
                  <Axis type="Vector">0, 1, 0</Axis>
                  <Min type="float">-0.17454</Min>
                  <Max type="float">0.78538001</Max>
               </HpWeapon02>
               <HpWeapon01>
                  <Position type="Vector">-1.010398, -1.6145, -3.4722497</Position>
                  <Orientation type="Matrix">
                      -0.9205048700,  -0.3907311000, -228.20207e-09,
                       0.3907311000,  -0.9205048700,  29.693211e-09,
                     -221.66317e-09, -61.832900e-09,   1.0000000000
                  </Orientation>
                  <Axis type="Vector">0, 1, 0</Axis>
                  <Min type="float">-0.7854</Min>
                  <Max type="float">0.17452</Max>
               </HpWeapon01>
               <HpTorpedo01>
                  <Position type="Vector">-0.023162887, -1.700417, -3.4731457</Position>
                  <Orientation type="Matrix">
                       1.0000000000,  37.252903e-09, -67.055225e-09,
                     -37.252899e-09,   1.0000000000,  59.604645e-09,
                      67.055225e-09, -59.604641e-09,   1.0000000000
                  </Orientation>
                  <Axis type="Vector">0, 1, 0</Axis>
                  <Min type="float">-0.17454</Min>
                  <Max type="float">0.17452</Max>
               </HpTorpedo01>
               <HpWeapon03>
                  <Position type="Vector">-1.7456527, 1.1104461, -0.48380718</Position>
                  <Orientation type="Matrix">
                     -320.89036e-09,  -1.0000000000,  65.547141e-09,
                       1.0000000000, -320.89036e-09,  148.90634e-09,
                     -148.90632e-09,  65.547191e-09,   1.0000000000
                  </Orientation>
                  <Axis type="Vector">0, 1, 0</Axis>
                  <Min type="float">-0.7854</Min>
                  <Max type="float">0.78538001</Max>
               </HpWeapon03>
               <HpWeapon04>
                  <Position type="Vector">1.7359806, 1.1104465, -0.48380643</Position>
                  <Orientation type="Matrix">
                     -223.65451e-09,   1.0000000000,  386.54457e-09,
                      -1.0000000000, -223.65451e-09,  10.351204e-09,
                      10.351290e-09, -386.54457e-09,   1.0000000000
                  </Orientation>
                  <Axis type="Vector">0, 1, 0</Axis>
                  <Min type="float">-0.7854</Min>
                  <Max type="float">0.78538001</Max>
               </HpWeapon04>
               <HpWeapon05>
                  <Position type="Vector">-2.228, 0.0061282585, 1.4676633</Position>
                  <Orientation type="Matrix">
                       0.5877854800,  -0.8090168200, -63.890440e-09,
                       0.8090168200,   0.5877854800,  71.675338e-09,
                     -20.432681e-09, -93.818166e-09,   1.0000000000
                  </Orientation>
                  <Axis type="Vector">0, 1, 0</Axis>
                  <Min type="float">-0.17454</Min>
                  <Max type="float">0.78538001</Max>
               </HpWeapon05>
               <HpWeapon06>
                  <Position type="Vector">2.228, 0.0061282585, 1.4676635</Position>
                  <Orientation type="Matrix">
                       0.5877852400,   0.8090170000,  37.844416e-09,
                      -0.8090170000,   0.5877852400, -122.62498e-09,
                     -121.45009e-09,  41.460378e-09,   1.0000000000
                  </Orientation>
                  <Axis type="Vector">0, 1, 0</Axis>
                  <Min type="float">-0.7854</Min>
                  <Max type="float">0.17452</Max>
               </HpWeapon06>
            </Revolute>
         </Hardpoints>
      </ku_dragon_lod1030102190349.3db>
      <starboard_wing_lod1030102190349.3db>
         <VMeshWire include="ku_dragon_cmp\starboard_wing_lod1.vwd.xml"/>
         <MultiLevel>
            <Switch2 type="float array" count="5">
               0,
               100,
               1000,
               10000,
               1000000
            </Switch2>
            <Level0>
               <VMeshPart>
                  <VMeshRef type="VMeshRef">
                     <!-- header size  --> 60,
                     <!-- vmesh lib    --> data.ships.kusari.ku_blood_dragon.ku_dragon.lod0-112.vms,
                     <!-- start vert   --> 0,
                     <!-- num verts    --> 333,
                     <!-- start index  --> 0,
                     <!-- num indices  --> 381,
                     <!-- start mesh   --> 0,
                     <!-- num meshes   --> 2,
                     <!-- bounding box -->  2.4274144,     1.3949182,       5.0140214,
                                           -2.4274139,    -1.3949181,      -5.0140209,
                     <!-- center       --> -0.0090728486, -0.0032235305, -213.18391e-6,
                     <!-- radius       --> 5.0755329
                  </VMeshRef>
               </VMeshPart>
            </Level0>
            <Level1>
               <VMeshPart>
                  <VMeshRef type="VMeshRef">
                     <!-- header size  --> 60,
                     <!-- vmesh lib    --> data.ships.kusari.ku_blood_dragon.ku_dragon.lod1-112.vms,
                     <!-- start vert   --> 0,
                     <!-- num verts    --> 159,
                     <!-- start index  --> 0,
                     <!-- num indices  --> 159,
                     <!-- start mesh   --> 0,
                     <!-- num meshes   --> 2,
                     <!-- bounding box -->  2.4274144,     1.3949182,       5.0140214,
                                           -2.4274139,    -1.3949181,      -5.0140209,
                     <!-- center       --> -0.0090728486, -0.0032235305, -213.18391e-6,
                     <!-- radius       --> 5.0755329
                  </VMeshRef>
               </VMeshPart>
            </Level1>
            <Level2>
               <VMeshPart>
                  <VMeshRef type="VMeshRef">
                     <!-- header size  --> 60,
                     <!-- vmesh lib    --> data.ships.kusari.ku_blood_dragon.ku_dragon.lod2-112.vms,
                     <!-- start vert   --> 0,
                     <!-- num verts    --> 126,
                     <!-- start index  --> 0,
                     <!-- num indices  --> 126,
                     <!-- start mesh   --> 0,
                     <!-- num meshes   --> 2,
                     <!-- bounding box -->  2.4274144,     1.3949182,       5.0140214,
                                           -2.4274139,    -1.3949181,      -5.0140209,
                     <!-- center       --> -0.0090728486, -0.0032235305, -213.18391e-6,
                     <!-- radius       --> 5.0755329
                  </VMeshRef>
               </VMeshPart>
            </Level2>
            <Level3>
               <VMeshPart>
                  <VMeshRef type="VMeshRef">
                     <!-- header size  --> 60,
                     <!-- vmesh lib    --> data.ships.kusari.ku_blood_dragon.ku_dragon.lod3-112.vms,
                     <!-- start vert   --> 0,
                     <!-- num verts    --> 42,
                     <!-- start index  --> 0,
                     <!-- num indices  --> 42,
                     <!-- start mesh   --> 0,
                     <!-- num meshes   --> 2,
                     <!-- bounding box -->  2.4274144,     1.3949182,       5.0140214,
                                           -2.4274139,    -1.3949181,      -5.0140209,
                     <!-- center       --> -0.0090728486, -0.0032235305, -213.18391e-6,
                     <!-- radius       --> 5.0755329
                  </VMeshRef>
               </VMeshPart>
            </Level3>
         </MultiLevel>
         <Hardpoints>
            <Fixed>
               <HpRunningLight06>
                  <Position type="Vector">-0.74055785, -0.2754963, -5.1105871</Position>
                  <Orientation type="Matrix">
                       0.9238795600, -14.169641e-09,  -0.3826833400,
                      20.463670e-09,   1.0000000000,  12.376618e-09,
                       0.3826833400, -19.265610e-09,   0.9238795600
                  </Orientation>
               </HpRunningLight06>
               <HpRunningLight03>
                  <Position type="Vector">-0.72943163, -0.31278801, 5.0998979</Position>
                  <Orientation type="Matrix">
                      -1.0000000000, -2.6645353e-15,  178.81393e-09,
                     -7.9936058e-15,   1.0000000000, -29.802322e-09,
                     -178.81393e-09, -29.802322e-09,  -1.0000000000
                  </Orientation>
               </HpRunningLight03>
               <HpContrail01>
                  <Position type="Vector">2.3950629, -1.3584148, -0.10636324</Position>
                  <Orientation type="Matrix">
                       1.0000000000, -59.133488e-18, -91.391158e-09,
                      2.7828022e-15,   1.0000000000,  29.802322e-09,
                      91.391158e-09, -29.802322e-09,   1.0000000000
                  </Orientation>
               </HpContrail01>
               <HpDocklight01>
                  <Position type="Vector">1.4313507, -0.96821982, 2.7079289</Position>
                  <Orientation type="Matrix">
                       1.0000000000, -59.133488e-18, -91.391158e-09,
                      2.7828022e-15,   1.0000000000,  29.802322e-09,
                      91.391158e-09, -29.802322e-09,   1.0000000000
                  </Orientation>
               </HpDocklight01>
            </Fixed>
         </Hardpoints>
      </starboard_wing_lod1030102190349.3db>
      <port_wing_lod1030102190349.3db>
         <VMeshWire include="ku_dragon_cmp\port_wing_lod1.vwd.xml"/>
         <MultiLevel>
            <Switch2 type="float array" count="5">
               0,
               100,
               1000,
               10000,
               1000000
            </Switch2>
            <Level0>
               <VMeshPart>
                  <VMeshRef type="VMeshRef">
                     <!-- header size  --> 60,
                     <!-- vmesh lib    --> data.ships.kusari.ku_blood_dragon.ku_dragon.lod0-112.vms,
                     <!-- start vert   --> 559,
                     <!-- num verts    --> 333,
                     <!-- start index  --> 687,
                     <!-- num indices  --> 381,
                     <!-- start mesh   --> 5,
                     <!-- num meshes   --> 2,
                     <!-- bounding box -->  2.4274142,     1.3949182,       5.0140219,
                                           -2.4274144,    -1.3949181,      -5.0140209,
                     <!-- center       -->  0.0090401666, -0.0032228262, -200.07051e-6,
                     <!-- radius       --> 5.0755248
                  </VMeshRef>
               </VMeshPart>
            </Level0>
            <Level1>
               <VMeshPart>
                  <VMeshRef type="VMeshRef">
                     <!-- header size  --> 60,
                     <!-- vmesh lib    --> data.ships.kusari.ku_blood_dragon.ku_dragon.lod1-112.vms,
                     <!-- start vert   --> 357,
                     <!-- num verts    --> 159,
                     <!-- start index  --> 441,
                     <!-- num indices  --> 159,
                     <!-- start mesh   --> 5,
                     <!-- num meshes   --> 2,
                     <!-- bounding box -->  2.4274142,     1.3949182,       5.0140219,
                                           -2.4274144,    -1.3949181,      -5.0140209,
                     <!-- center       -->  0.0090401666, -0.0032228262, -200.07051e-6,
                     <!-- radius       --> 5.0755248
                  </VMeshRef>
               </VMeshPart>
            </Level1>
            <Level2>
               <VMeshPart>
                  <VMeshRef type="VMeshRef">
                     <!-- header size  --> 60,
                     <!-- vmesh lib    --> data.ships.kusari.ku_blood_dragon.ku_dragon.lod2-112.vms,
                     <!-- start vert   --> 262,
                     <!-- num verts    --> 126,
                     <!-- start index  --> 306,
                     <!-- num indices  --> 126,
                     <!-- start mesh   --> 6,
                     <!-- num meshes   --> 2,
                     <!-- bounding box -->  2.4274142,     1.3949182,       5.0140219,
                                           -2.4274144,    -1.3949181,      -5.0140209,
                     <!-- center       -->  0.0090401666, -0.0032228262, -200.07051e-6,
                     <!-- radius       --> 5.0755248
                  </VMeshRef>
               </VMeshPart>
            </Level2>
            <Level3>
               <VMeshPart>
                  <VMeshRef type="VMeshRef">
                     <!-- header size  --> 60,
                     <!-- vmesh lib    --> data.ships.kusari.ku_blood_dragon.ku_dragon.lod3-112.vms,
                     <!-- start vert   --> 135,
                     <!-- num verts    --> 42,
                     <!-- start index  --> 144,
                     <!-- num indices  --> 42,
                     <!-- start mesh   --> 6,
                     <!-- num meshes   --> 2,
                     <!-- bounding box -->  2.4274142,     1.3949182,       5.0140219,
                                           -2.4274144,    -1.3949181,      -5.0140209,
                     <!-- center       -->  0.0090401666, -0.0032228262, -200.07051e-6,
                     <!-- radius       --> 5.0755248
                  </VMeshRef>
               </VMeshPart>
            </Level3>
         </MultiLevel>
         <Hardpoints>
            <Fixed>
               <HpRunningLight04>
                  <Position type="Vector">0.73945665, -0.31278837, 5.0998979</Position>
                  <Orientation type="Matrix">
                      -1.0000000000, -2.6645353e-15,  178.81393e-09,
                     -7.9936058e-15,   1.0000000000, -29.802322e-09,
                     -178.81393e-09, -29.802322e-09,  -1.0000000000
                  </Orientation>
               </HpRunningLight04>
               <HpRunningLight05>
                  <Position type="Vector">0.70551604, -0.27549666, -5.1105866</Position>
                  <Orientation type="Matrix">
                       0.3826834300,  12.054606e-09,  -0.9238795600,
                      31.154407e-09,   1.0000000000,  25.952389e-09,
                       0.9238795600, -38.714468e-09,   0.3826834300
                  </Orientation>
               </HpRunningLight05>
               <HpContrail02>
                  <Position type="Vector">-2.3554554, -1.3580782, -0.10628709</Position>
                  <Orientation type="Matrix">
                       1.0000000000, -59.133488e-18, -91.391158e-09,
                      2.7828022e-15,   1.0000000000,  29.802322e-09,
                      91.391158e-09, -29.802322e-09,   1.0000000000
                  </Orientation>
               </HpContrail02>
               <HpDocklight02>
                  <Position type="Vector">-1.4474816, -0.96788329, 2.708005</Position>
                  <Orientation type="Matrix">
                       1.0000000000, -59.133488e-18, -91.391158e-09,
                      2.7828022e-15,   1.0000000000,  29.802322e-09,
                      91.391158e-09, -29.802322e-09,   1.0000000000
                  </Orientation>
               </HpDocklight02>
            </Fixed>
         </Hardpoints>
      </port_wing_lod1030102190349.3db>
      <tail_lod1030102190349.3db>
         <VMeshWire include="ku_dragon_cmp\tail_lod1.vwd.xml"/>
         <MultiLevel>
            <Switch2 type="float array" count="5">
               0,
               100,
               1000,
               10000,
               1000000
            </Switch2>
            <Level0>
               <VMeshPart>
                  <VMeshRef type="VMeshRef">
                     <!-- header size  --> 60,
                     <!-- vmesh lib    --> data.ships.kusari.ku_blood_dragon.ku_dragon.lod0-112.vms,
                     <!-- start vert   --> 381,
                     <!-- num verts    --> 178,
                     <!-- start index  --> 501,
                     <!-- num indices  --> 186,
                     <!-- start mesh   --> 4,
                     <!-- num meshes   --> 1,
                     <!-- bounding box -->   1.150058,    3.7401023,    2.0778348,
                                            -1.1498058,  -3.7401025,   -2.0778346,
                     <!-- center       --> 117.30722e-6,  0.040225953, -0.024902986,
                     <!-- radius       --> 4.0328331
                  </VMeshRef>
               </VMeshPart>
            </Level0>
            <Level1>
               <VMeshPart>
                  <VMeshRef type="VMeshRef">
                     <!-- header size  --> 60,
                     <!-- vmesh lib    --> data.ships.kusari.ku_blood_dragon.ku_dragon.lod1-112.vms,
                     <!-- start vert   --> 207,
                     <!-- num verts    --> 150,
                     <!-- start index  --> 279,
                     <!-- num indices  --> 162,
                     <!-- start mesh   --> 4,
                     <!-- num meshes   --> 1,
                     <!-- bounding box -->   1.150058,    3.7401023,    2.0778348,
                                            -1.1498058,  -3.7401025,   -2.0778346,
                     <!-- center       --> 117.30722e-6,  0.040225953, -0.024902986,
                     <!-- radius       --> 4.0328331
                  </VMeshRef>
               </VMeshPart>
            </Level1>
            <Level2>
               <VMeshPart>
                  <VMeshRef type="VMeshRef">
                     <!-- header size  --> 60,
                     <!-- vmesh lib    --> data.ships.kusari.ku_blood_dragon.ku_dragon.lod2-112.vms,
                     <!-- start vert   --> 166,
                     <!-- num verts    --> 96,
                     <!-- start index  --> 198,
                     <!-- num indices  --> 108,
                     <!-- start mesh   --> 4,
                     <!-- num meshes   --> 2,
                     <!-- bounding box -->   1.150058,    3.7401023,    2.0778348,
                                            -1.1498058,  -3.7401025,   -2.0778346,
                     <!-- center       --> 117.30722e-6,  0.040225953, -0.024902986,
                     <!-- radius       --> 4.0328331
                  </VMeshRef>
               </VMeshPart>
            </Level2>
            <Level3>
               <VMeshPart>
                  <VMeshRef type="VMeshRef">
                     <!-- header size  --> 60,
                     <!-- vmesh lib    --> data.ships.kusari.ku_blood_dragon.ku_dragon.lod3-112.vms,
                     <!-- start vert   --> 58,
                     <!-- num verts    --> 77,
                     <!-- start index  --> 66,
